Date                :       11-22-2010
Time                :       14:15:40
Voltage on Bank     :       
Capacitance         :       
Crowbar             :       
Pretrigger Points   :        250
Sampling period     :        .0000001
Coil Surface        :       50
Type of measurement :       
Sample name         :       
Temperature         :       
                    :       
 -.0000249	 1.960784E-02	 0	
 -.0000248	 3.921569E-03	 0	
 -.0000247	 3.921569E-03	 0	
 -.0000246	 1.176471E-02	 0	
 -.0000245	 1.176471E-02	 0	
 -.0000244	 1.960784E-02	 0	
 -.0000243	 1.960784E-02	 0	
 -.0000242	 3.921569E-03	 0	
 -.0000241	 1.176471E-02	 0	
 -.000024	 1.176471E-02	 0	
 -.0000239	 1.176471E-02	 0	
 -.0000238	 3.921569E-03	 0	
 -.0000237	 3.921569E-03	 0	
 -.0000236	 3.921569E-03	 0	
 -.0000235	 1.176471E-02	 0	
 -.0000234	 3.921569E-03	 0	
 -.0000233	 1.176471E-02	 0	
 -.0000232	 1.176471E-02	 0	
 -.0000231	 1.176471E-02	 0	
 -.000023	 3.921569E-03	 0	
 -.0000229	 3.921569E-03	 0	
 -.0000228	 3.921569E-03	 0	
 -.0000227	 1.176471E-02	 0	
 -.0000226	 3.921569E-03	 0	
 -.0000225	 1.176471E-02	 0	
 -.0000224	 3.921569E-03	 0	
 -.0000223	 3.921569E-03	 0	
 -.0000222	 1.960784E-02	 0	
 -.0000221	 1.960784E-02	 0	
 -.000022	 1.960784E-02	 0	
 -.0000219	 3.921569E-03	 0	
 -.0000218	 1.176471E-02	 0	
 -.0000217	 1.176471E-02	 0	
 -.0000216	 3.921569E-03	 0	
 -.0000215	 1.176471E-02	 0	
 -.0000214	 1.176471E-02	 0	
 -.0000213	-3.921569E-03	 0	
 -.0000212	 3.921569E-03	 0	
 -.0000211	 3.921569E-03	 0	
 -.000021	 1.960784E-02	 0	
 -.0000209	 3.921569E-03	 0	
 -.0000208	 1.176471E-02	 0	
 -.0000207	 1.176471E-02	 0	
 -.0000206	 3.921569E-03	 0	
 -.0000205	 3.921569E-03	 0	
 -.0000204	 1.176471E-02	 0	
 -.0000203	 1.176471E-02	 0	
 -.0000202	 3.921569E-03	 0	
 -.0000201	 1.176471E-02	 0	
 -.00002	 1.176471E-02	 0	
 -.0000199	-3.921569E-03	 0	
 -.0000198	-3.921569E-03	 0	
 -.0000197	 1.176471E-02	 0	
 -.0000196	 3.921569E-03	 0	
 -.0000195	 1.176471E-02	 0	
 -.0000194	 1.960784E-02	 0	
 -.0000193	-3.921569E-03	 0	
 -.0000192	 3.921569E-03	 0	
 -.0000191	 3.921569E-03	 0	
 -.000019	 3.921569E-03	 0	
 -.0000189	 1.176471E-02	 0	
 -.0000188	 3.921569E-03	 0	
 -.0000187	 1.176471E-02	 0	
 -.0000186	 1.176471E-02	 0	
 -.0000185	 3.921569E-03	 0	
 -.0000184	 1.960784E-02	 0	
 -.0000183	 1.960784E-02	 0	
 -.0000182	 1.176471E-02	 0	
 -.0000181	 3.921569E-03	 0	
 -.000018	 3.921569E-03	 0	
 -.0000179	 1.176471E-02	 0	
 -.0000178	 1.960784E-02	 0	
 -.0000177	 1.176471E-02	 0	
 -.0000176	 1.176471E-02	 0	
 -.0000175	 1.960784E-02	 0	
 -.0000174	 3.921569E-03	 0	
 -.0000173	 1.176471E-02	 0	
 -.0000172	 3.921569E-03	 0	
 -.0000171	 1.176471E-02	 0	
 -.000017	 1.960784E-02	 0	
 -.0000169	 1.176471E-02	 0	
 -.0000168	 3.921569E-03	 0	
 -.0000167	 1.176471E-02	 0	
 -.0000166	 1.176471E-02	 0	
 -.0000165	 1.176471E-02	 0	
 -.0000164	 1.176471E-02	 0	
 -.0000163	 3.921569E-03	 0	
 -.0000162	 1.176471E-02	 0	
 -.0000161	 3.921569E-03	 0	
 -.000016	 3.921569E-03	 0	
 -.0000159	 1.176471E-02	 0	
 -.0000158	 1.176471E-02	 0	
 -.0000157	 3.921569E-03	 0	
 -.0000156	 3.921569E-03	 0	
 -.0000155	 3.921569E-03	 0	
 -.0000154	 3.921569E-03	 0	
 -.0000153	 1.176471E-02	 0	
 -.0000152	-3.921569E-03	 0	
 -.0000151	 3.921569E-03	 0	
 -.000015	 1.960784E-02	 0	
 -.0000149	 1.960784E-02	 0	
 -.0000148	 1.176471E-02	 0	
 -.0000147	 1.176471E-02	 0	
 -.0000146	 1.176471E-02	 0	
 -.0000145	 1.176471E-02	 0	
 -.0000144	 3.921569E-03	 0	
 -.0000143	 3.921569E-03	 0	
 -.0000142	 3.921569E-03	 0	
 -.0000141	 3.921569E-03	 0	
 -.000014	 3.921569E-03	 0	
 -.0000139	 1.176471E-02	 0	
 -.0000138	 1.176471E-02	 0	
 -.0000137	 1.176471E-02	 0	
 -.0000136	 1.176471E-02	 0	
 -.0000135	 3.921569E-03	 0	
 -.0000134	 3.921569E-03	 0	
 -.0000133	 1.176471E-02	 0	
 -.0000132	 3.921569E-03	 0	
 -.0000131	 1.176471E-02	 0	
 -.000013	-3.921569E-03	 0	
 -.0000129	 3.921569E-03	 0	
 -.0000128	 1.176471E-02	 0	
 -.0000127	 1.176471E-02	 0	
 -.0000126	 3.921569E-03	 0	
 -.0000125	-3.921569E-03	 0	
 -.0000124	 3.921569E-03	 0	
 -.0000123	 1.960784E-02	 0	
 -.0000122	 3.921569E-03	 0	
 -.0000121	 1.176471E-02	 0	
 -.000012	 1.960784E-02	 0	
 -.0000119	 1.176471E-02	 0	
 -.0000118	 3.921569E-03	 0	
 -.0000117	 1.176471E-02	 0	
 -.0000116	 1.960784E-02	 0	
 -.0000115	 3.921569E-03	 0	
 -.0000114	 1.176471E-02	 0	
 -.0000113	 3.921569E-03	 0	
 -.0000112	 1.176471E-02	 0	
 -.0000111	 1.960784E-02	 0	
 -.000011	 3.921569E-03	 0	
 -.0000109	 1.960784E-02	 0	
 -.0000108	 1.176471E-02	 0	
 -.0000107	 1.176471E-02	 0	
 -.0000106	-3.921569E-03	 0	
 -.0000105	 1.176471E-02	 0	
 -.0000104	 1.176471E-02	 0	
 -.0000103	 3.921569E-03	 0	
 -.0000102	 1.960784E-02	 0	
 -.0000101	 1.176471E-02	 0	
 -.00001	 3.921569E-03	 0	
 -.0000099	 1.176471E-02	 0	
 -.0000098	 1.176471E-02	 0	
 -.0000097	 3.921569E-03	 0	
 -.0000096	 1.176471E-02	 0	
 -.0000095	 1.176471E-02	 0	
 -.0000094	 1.176471E-02	 0	
 -.0000093	 1.176471E-02	 0	
 -.0000092	 1.176471E-02	 0	
 -.0000091	-3.921569E-03	 0	
 -.000009	 3.921569E-03	 0	
 -.0000089	 3.921569E-03	 0	
 -.0000088	 3.921569E-03	 0	
 -.0000087	 1.960784E-02	 0	
 -.0000086	 1.176471E-02	 0	
 -.0000085	 1.176471E-02	 0	
 -.0000084	 1.960784E-02	 0	
 -.0000083	 1.960784E-02	 0	
 -.0000082	 1.176471E-02	 0	
 -.0000081	 3.921569E-03	 0	
 -.000008	 1.176471E-02	 0	
 -.0000079	 3.921569E-03	 0	
 -.0000078	 1.960784E-02	 0	
 -.0000077	 1.176471E-02	 0	
 -.0000076	 1.176471E-02	 0	
 -.0000075	 1.960784E-02	 0	
 -.0000074	 1.176471E-02	 0	
 -.0000073	-3.921569E-03	 0	
 -.0000072	 1.960784E-02	 0	
 -.0000071	 1.176471E-02	 0	
 -.000007	 1.960784E-02	 0	
 -.0000069	 1.960784E-02	 0	
 -.0000068	 1.960784E-02	 0	
 -.0000067	 1.176471E-02	 0	
 -.0000066	 1.176471E-02	 0	
 -.0000065	 1.176471E-02	 0	
 -.0000064	 3.921569E-03	 0	
 -.0000063	 3.921569E-03	 0	
 -.0000062	 3.921569E-03	 0	
 -.0000061	 1.176471E-02	 0	
 -.000006	 1.176471E-02	 0	
 -.0000059	 1.176471E-02	 0	
 -.0000058	 3.921569E-03	 0	
 -.0000057	 1.176471E-02	 0	
 -.0000056	 3.921569E-03	 0	
 -.0000055	 1.176471E-02	 0	
 -.0000054	 1.176471E-02	 0	
 -.0000053	 3.921569E-03	 0	
 -.0000052	 3.921569E-03	 0	
 -.0000051	 1.960784E-02	 0	
 -.000005	 1.176471E-02	 0	
 -.0000049	 3.921569E-03	 0	
 -.0000048	 1.176471E-02	 0	
 -.0000047	 3.921569E-03	 0	
 -.0000046	 1.176471E-02	 0	
 -.0000045	 1.176471E-02	 0	
 -.0000044	 3.921569E-03	 0	
 -.0000043	 1.176471E-02	 0	
 -.0000042	-3.921569E-03	 0	
 -.0000041	 1.176471E-02	 0	
 -.000004	 1.176471E-02	 0	
 -.0000039	 3.921569E-03	 0	
 -.0000038	 1.176471E-02	 0	
 -.0000037	 1.176471E-02	 0	
 -.0000036	 3.921569E-03	 0	
 -.0000035	 2.745098E-02	 0	
 -.0000034	 1.176471E-02	 0	
 -.0000033	 3.921569E-03	 0	
 -.0000032	 3.921569E-03	 0	
 -.0000031	-3.921569E-03	 0	
 -.000003	 1.176471E-02	 0	
 -.0000029	 2.745098E-02	 0	
 -.0000028	 1.176471E-02	 0	
 -.0000027	 1.176471E-02	 0	
 -.0000026	 1.176471E-02	 0	
 -.0000025	 1.176471E-02	 0	
 -.0000024	 1.176471E-02	 0	
 -.0000023	 3.921569E-03	 0	
 -.0000022	 1.960784E-02	 0	
 -.0000021	 1.960784E-02	 0	
 -.000002	 1.176471E-02	 0	
 -.0000019	 3.921569E-03	 0	
 -.0000018	 1.960784E-02	 0	
 -.0000017	 1.960784E-02	 0	
 -.0000016	 1.176471E-02	 0	
 -.0000015	 3.921569E-03	 0	
 -.0000014	 1.176471E-02	 0	
 -.0000013	 3.921569E-03	 0	
 -.0000012	 1.960784E-02	 0	
 -.0000011	 3.921569E-03	 0	
 -.000001	 1.176471E-02	 0	
 -.0000009	 1.176471E-02	 0	
 -.0000008	 3.921569E-03	 0	
 -.0000007	 3.921569E-03	 0	
 -.0000006	 1.960784E-02	 0	
 -.0000005	 1.176471E-02	 0	
 -.0000004	 3.921569E-03	 0	
 -.0000003	 1.176471E-02	 0	
 -.0000002	 1.176471E-02	 0	
 -.0000001	 1.176471E-02	 0	
  0	 1.176471E-02	 0	
  .0000001	 1.176471E-02	 0	
  .0000002	 .827451	 0	
  .0000003	 .4431373	 0	
  .0000004	 .5450981	 0	
  .0000005	 .5294118	 0	
  .0000006	 .5215687	 0	
  .0000007	 .5372549	 0	
  .0000008	 .5215687	 0	
  .0000009	 .5450981	 0	
  .000001	 .5529412	 0	
  .0000011	 .5450981	 0	
  .0000012	 .5529412	 0	
  .0000013	 .5607843	 0	
  .0000014	 .5764706	 0	
  .0000015	 .5607843	 0	
  .0000016	 .5450981	 0	
  .0000017	 .5372549	 0	
  .0000018	 .5372549	 0	
  .0000019	 .5450981	 0	
  .000002	 .5450981	 0	
  .0000021	 .5529412	 0	
  .0000022	 .5529412	 0	
  .0000023	 .5450981	 0	
  .0000024	 .5372549	 0	
  .0000025	 .5294118	 0	
  .0000026	 .5294118	 0	
  .0000027	 .5372549	 0	
  .0000028	 .5372549	 0	
  .0000029	 .5372549	 0	
  .000003	 .5294118	 0	
  .0000031	 .5294118	 0	
  .0000032	 .5137255	 0	
  .0000033	 .5215687	 0	
  .0000034	 .5294118	 0	
  .0000035	 .5137255	 0	
  .0000036	 .5137255	 0	
  .0000037	 .5058824	 0	
  .0000038	 .5215687	 0	
  .0000039	 .5215687	 0	
  .000004	 .5058824	 0	
  .0000041	 .5058824	 0	
  .0000042	 .5058824	 0	
  .0000043	 .4901961	 0	
  .0000044	 .4980392	 0	
  .0000045	 .4901961	 0	
  .0000046	 .4901961	 0	
  .0000047	 .4901961	 0	
  .0000048	 .4901961	 0	
  .0000049	 .4823529	 0	
  .000005	 .4666667	 0	
  .0000051	 .4745098	 0	
  .0000052	 .4666667	 0	
  .0000053	 .4823529	 0	
  .0000054	 .4666667	 0	
  .0000055	 .4588235	 0	
  .0000056	 .4588235	 0	
  .0000057	 .4588235	 0	
  .0000058	 .4431373	 0	
  .0000059	 .4431373	 0	
  .000006	 .4352941	 0	
  .0000061	 .4431373	 0	
  .0000062	 .4431373	 0	
  .0000063	 .427451	 0	
  .0000064	 .427451	 0	
  .0000065	 .4196078	 0	
  .0000066	 .4117647	 0	
  .0000067	 .4117647	 0	
  .0000068	 .4039216	 0	
  .0000069	 .3960784	 0	
  .000007	 .4117647	 0	
  .0000071	 .4039216	 0	
  .0000072	 .3960784	 0	
  .0000073	 .3882353	 0	
  .0000074	 .3882353	 0	
  .0000075	 .3803922	 0	
  .0000076	 .372549	 0	
  .0000077	 .3882353	 0	
  .0000078	 .3647059	 0	
  .0000079	 .3647059	 0	
  .000008	 .372549	 0	
  .0000081	 .3490196	 0	
  .0000082	 .3490196	 0	
  .0000083	 .3490196	 0	
  .0000084	 .3333333	 0	
  .0000085	 .3176471	 0	
  .0000086	 .3333333	 0	
  .0000087	 .3254902	 0	
  .0000088	 .3098039	 0	
  .0000089	 .3098039	 0	
  .000009	 .2862745	 0	
  .0000091	 .2941177	 0	
  .0000092	 .2862745	 0	
  .0000093	 .2705882	 0	
  .0000094	 .2705882	 0	
  .0000095	 .2705882	 0	
  .0000096	 .2627451	 0	
  .0000097	 .2705882	 0	
  .0000098	 .254902	 0	
  .0000099	 .2392157	 0	
  .00001	 .2313726	 0	
  .0000101	 .2313726	 0	
  .0000102	 .2313726	 0	
  .0000103	 .2470588	 0	
  .0000104	 .2156863	 0	
  .0000105	 .2235294	 0	
  .0000106	 .2235294	 0	
  .0000107	 .2156863	 0	
  .0000108	 .1921569	 0	
  .0000109	 .1843137	 0	
  .000011	 .1921569	 0	
  .0000111	 .1843137	 0	
  .0000112	 .1764706	 0	
  .0000113	 .1921569	 0	
  .0000114	 .1686275	 0	
  .0000115	 .1607843	 0	
  .0000116	 .1607843	 0	
  .0000117	 .1529412	 0	
  .0000118	 .1607843	 0	
  .0000119	 .2156863	 0	
  .000012	 .1921569	 0	
  .0000121	 .2078431	 0	
  .0000122	 .1921569	 0	
  .0000123	 .1843137	 0	
  .0000124	 .1843137	 0	
  .0000125	 .1686275	 0	
  .0000126	 .1686275	 0	
  .0000127	 .1607843	 0	
  .0000128	 .145098	 0	
  .0000129	 .1372549	 0	
  .000013	 .1372549	 0	
  .0000131	 .1294118	 0	
  .0000132	 .1215686	 0	
  .0000133	 .1215686	 0	
  .0000134	 .1058824	 0	
  .0000135	 9.803922E-02	 0	
  .0000136	 8.235294E-02	 0	
  .0000137	 8.235294E-02	 0	
  .0000138	 9.803922E-02	 0	
  .0000139	 6.666667E-02	 0	
  .000014	 7.450981E-02	 0	
  .0000141	 5.882353E-02	 0	
  .0000142	 4.313726E-02	 0	
  .0000143	 4.313726E-02	 0	
  .0000144	 4.313726E-02	 0	
  .0000145	 3.529412E-02	 0	
  .0000146	 3.529412E-02	 0	
  .0000147	 2.745098E-02	 0	
  .0000148	 2.745098E-02	 0	
  .0000149	 1.176471E-02	 0	
  .000015	 1.176471E-02	 0	
  .0000151	-3.921569E-03	 0	
  .0000152	 1.176471E-02	 0	
  .0000153	-1.176471E-02	 0	
  .0000154	-1.960784E-02	 0	
  .0000155	-1.176471E-02	 0	
  .0000156	-2.745098E-02	 0	
  .0000157	-2.745098E-02	 0	
  .0000158	-3.529412E-02	 0	
  .0000159	-5.098039E-02	 0	
  .000016	-5.098039E-02	 0	
  .0000161	-5.882353E-02	 0	
  .0000162	-6.666667E-02	 0	
  .0000163	-7.450981E-02	 0	
  .0000164	-6.666667E-02	 0	
  .0000165	-7.450981E-02	 0	
  .0000166	-8.235294E-02	 0	
  .0000167	-8.235294E-02	 0	
  .0000168	-9.803922E-02	 0	
  .0000169	-9.019608E-02	 0	
  .000017	-.1058824	 0	
  .0000171	-.1215686	 0	
  .0000172	-.1215686	 0	
  .0000173	-.1215686	 0	
  .0000174	-.1294118	 0	
  .0000175	-.1372549	 0	
  .0000176	-.1294118	 0	
  .0000177	-.1372549	 0	
  .0000178	-.145098	 0	
  .0000179	-.1607843	 0	
  .000018	-.1764706	 0	
  .0000181	-.1607843	 0	
  .0000182	-.1764706	 0	
  .0000183	-.1764706	 0	
  .0000184	-.1921569	 0	
  .0000185	-.2	 0	
  .0000186	-.2	 0	
  .0000187	-.2	 0	
  .0000188	-.2078431	 0	
  .0000189	-.2156863	 0	
  .000019	-.2235294	 0	
  .0000191	-.2235294	 0	
  .0000192	-.2235294	 0	
  .0000193	-.2392157	 0	
  .0000194	-.2470588	 0	
  .0000195	-.2470588	 0	
  .0000196	-.2627451	 0	
  .0000197	-.254902	 0	
  .0000198	-.2627451	 0	
  .0000199	-.2784314	 0	
  .00002	-.2784314	 0	
  .0000201	-.2705882	 0	
  .0000202	-.2705882	 0	
  .0000203	-.2862745	 0	
  .0000204	-.2941177	 0	
  .0000205	-.3019608	 0	
  .0000206	-.3019608	 0	
  .0000207	-.3098039	 0	
  .0000208	-.3098039	 0	
  .0000209	-.3176471	 0	
  .000021	-.3176471	 0	
  .0000211	-.3254902	 0	
  .0000212	-.3254902	 0	
  .0000213	-.3254902	 0	
  .0000214	-.3333333	 0	
  .0000215	-.3333333	 0	
  .0000216	-.3411765	 0	
  .0000217	-.3411765	 0	
  .0000218	-.3490196	 0	
  .0000219	-.3490196	 0	
  .000022	-.3568628	 0	
  .0000221	-.3490196	 0	
  .0000222	-.3647059	 0	
  .0000223	-.3568628	 0	
  .0000224	-.3647059	 0	
  .0000225	-.372549	 0	
  .0000226	-.372549	 0	
  .0000227	-.3803922	 0	
  .0000228	-.3803922	 0	
  .0000229	-.3882353	 0	
  .000023	-.3882353	 0	
  .0000231	-.3803922	 0	
  .0000232	-.4039216	 0	
  .0000233	-.3960784	 0	
  .0000234	-.3960784	 0	
  .0000235	-.4117647	 0	
  .0000236	-.4039216	 0	
  .0000237	-.4117647	 0	
  .0000238	-.4039216	 0	
  .0000239	-.4039216	 0	
  .000024	-.4196078	 0	
  .0000241	-.4196078	 0	
  .0000242	-.4196078	 0	
  .0000243	-.4196078	 0	
  .0000244	-.4196078	 0	
  .0000245	-.4196078	 0	
  .0000246	-.4196078	 0	
  .0000247	-.427451	 0	
  .0000248	-.4352941	 0	
  .0000249	-.4352941	 0	
  .000025	-.427451	 0	
  .0000251	-.427451	 0	
  .0000252	-.4431373	 0	
  .0000253	-.4509804	 0	
  .0000254	-.4352941	 0	
  .0000255	-.4431373	 0	
  .0000256	-.4431373	 0	
  .0000257	-.4431373	 0	
  .0000258	-.4509804	 0	
  .0000259	-.4431373	 0	
  .000026	-.4509804	 0	
  .0000261	-.4509804	 0	
  .0000262	-.4509804	 0	
  .0000263	-.4509804	 0	
  .0000264	-.4509804	 0	
  .0000265	-.4509804	 0	
  .0000266	-.4588235	 0	
  .0000267	-.4588235	 0	
  .0000268	-.4588235	 0	
  .0000269	-.4509804	 0	
  .000027	-.4666667	 0	
  .0000271	-.4666667	 0	
  .0000272	-.4666667	 0	
  .0000273	-.4588235	 0	
  .0000274	-.4666667	 0	
  .0000275	-.4588235	 0	
  .0000276	-.4509804	 0	
  .0000277	-.4509804	 0	
  .0000278	-.4666667	 0	
  .0000279	-.4509804	 0	
  .000028	-.4588235	 0	
  .0000281	-.4509804	 0	
  .0000282	-.4509804	 0	
  .0000283	-.4588235	 0	
  .0000284	-.4666667	 0	
  .0000285	-.4509804	 0	
  .0000286	-.4588235	 0	
  .0000287	-.4666667	 0	
  .0000288	-.4509804	 0	
  .0000289	-.4588235	 0	
  .000029	-.4588235	 0	
  .0000291	-.4509804	 0	
  .0000292	-.4588235	 0	
  .0000293	-.4431373	 0	
  .0000294	-.4588235	 0	
  .0000295	-.4666667	 0	
  .0000296	-.4431373	 0	
  .0000297	-.4588235	 0	
  .0000298	-.4509804	 0	
  .0000299	-.4509804	 0	
  .00003	-.4431373	 0	
  .0000301	-.4352941	 0	
  .0000302	-.4509804	 0	
  .0000303	-.4509804	 0	
  .0000304	-.4431373	 0	
  .0000305	-.4431373	 0	
  .0000306	-.4352941	 0	
  .0000307	-.4352941	 0	
  .0000308	-.427451	 0	
  .0000309	-.4196078	 0	
  .000031	-.3568628	 0	
  .0000311	-.3411765	 0	
  .0000312	-.3333333	 0	
  .0000313	-.3411765	 0	
  .0000314	-.3490196	 0	
  .0000315	-.3333333	 0	
  .0000316	-.3254902	 0	
  .0000317	-.3411765	 0	
  .0000318	-.3254902	 0	
  .0000319	-.3411765	 0	
  .000032	-.3333333	 0	
  .0000321	-.3254902	 0	
  .0000322	-.3333333	 0	
  .0000323	-.3254902	 0	
  .0000324	-.3254902	 0	
  .0000325	-.3254902	 0	
  .0000326	-.3176471	 0	
  .0000327	-.3254902	 0	
  .0000328	-.3176471	 0	
  .0000329	-.3176471	 0	
  .000033	-.3098039	 0	
  .0000331	-.3176471	 0	
  .0000332	-.3098039	 0	
  .0000333	-.3176471	 0	
  .0000334	-.3254902	 0	
  .0000335	-.3019608	 0	
  .0000336	-.3176471	 0	
  .0000337	-.3098039	 0	
  .0000338	-.3019608	 0	
  .0000339	-.3019608	 0	
  .000034	-.3019608	 0	
  .0000341	-.2941177	 0	
  .0000342	-.2941177	 0	
  .0000343	-.2862745	 0	
  .0000344	-.2941177	 0	
  .0000345	-.2784314	 0	
  .0000346	-.2862745	 0	
  .0000347	-.2705882	 0	
  .0000348	-.2784314	 0	
  .0000349	-.2862745	 0	
  .000035	-.254902	 0	
  .0000351	-.2705882	 0	
  .0000352	-.2705882	 0	
  .0000353	-.2705882	 0	
  .0000354	-.254902	 0	
  .0000355	-.254902	 0	
  .0000356	-.2627451	 0	
  .0000357	-.254902	 0	
  .0000358	-.2470588	 0	
  .0000359	-.2470588	 0	
  .000036	-.2627451	 0	
  .0000361	-.2470588	 0	
  .0000362	-.2392157	 0	
  .0000363	-.2470588	 0	
  .0000364	-.2392157	 0	
  .0000365	-.2470588	 0	
  .0000366	-.2235294	 0	
  .0000367	-.2156863	 0	
  .0000368	-.2235294	 0	
  .0000369	-.2313726	 0	
  .000037	-.2156863	 0	
  .0000371	-.2156863	 0	
  .0000372	-.2078431	 0	
  .0000373	-.2	 0	
  .0000374	-.2078431	 0	
  .0000375	-.1921569	 0	
  .0000376	-.1921569	 0	
  .0000377	-.1921569	 0	
  .0000378	-.1843137	 0	
  .0000379	-.1843137	 0	
  .000038	-.1843137	 0	
  .0000381	-.1843137	 0	
  .0000382	-.1764706	 0	
  .0000383	-.1764706	 0	
  .0000384	-.1686275	 0	
  .0000385	-.1686275	 0	
  .0000386	-.1607843	 0	
  .0000387	-.1607843	 0	
  .0000388	-.1607843	 0	
  .0000389	-.1607843	 0	
  .000039	-.1529412	 0	
  .0000391	-.145098	 0	
  .0000392	-.145098	 0	
  .0000393	-.145098	 0	
  .0000394	-.1215686	 0	
  .0000395	-.1372549	 0	
  .0000396	-.1294118	 0	
  .0000397	-.1137255	 0	
  .0000398	-.1215686	 0	
  .0000399	-.1137255	 0	
  .00004	-9.019608E-02	 0	
  .0000401	-.1058824	 0	
  .0000402	-9.803922E-02	 0	
  .0000403	-8.235294E-02	 0	
  .0000404	-9.019608E-02	 0	
  .0000405	-9.019608E-02	 0	
  .0000406	-8.235294E-02	 0	
  .0000407	-8.235294E-02	 0	
  .0000408	-7.450981E-02	 0	
  .0000409	-7.450981E-02	 0	
  .000041	-7.450981E-02	 0	
  .0000411	-8.235294E-02	 0	
  .0000412	-7.450981E-02	 0	
  .0000413	-6.666667E-02	 0	
  .0000414	-6.666667E-02	 0	
  .0000415	-5.882353E-02	 0	
  .0000416	-5.882353E-02	 0	
  .0000417	-4.313726E-02	 0	
  .0000418	-5.882353E-02	 0	
  .0000419	-4.313726E-02	 0	
  .000042	-5.882353E-02	 0	
  .0000421	-4.313726E-02	 0	
  .0000422	-4.313726E-02	 0	
  .0000423	-3.529412E-02	 0	
  .0000424	-2.745098E-02	 0	
  .0000425	-2.745098E-02	 0	
  .0000426	-2.745098E-02	 0	
  .0000427	-1.176471E-02	 0	
  .0000428	-1.176471E-02	 0	
  .0000429	-1.176471E-02	 0	
  .000043	-3.921569E-03	 0	
  .0000431	-3.921569E-03	 0	
  .0000432	-3.921569E-03	 0	
  .0000433	 1.176471E-02	 0	
  .0000434	 3.921569E-03	 0	
  .0000435	 1.960784E-02	 0	
  .0000436	 1.960784E-02	 0	
  .0000437	 2.745098E-02	 0	
  .0000438	 1.176471E-02	 0	
  .0000439	 3.921569E-03	 0	
  .000044	 1.176471E-02	 0	
  .0000441	 1.176471E-02	 0	
  .0000442	 2.745098E-02	 0	
  .0000443	 4.313726E-02	 0	
  .0000444	 5.098039E-02	 0	
  .0000445	 4.313726E-02	 0	
  .0000446	 3.529412E-02	 0	
  .0000447	 6.666667E-02	 0	
  .0000448	 5.098039E-02	 0	
  .0000449	 5.098039E-02	 0	
  .000045	 5.882353E-02	 0	
  .0000451	 5.882353E-02	 0	
  .0000452	 5.882353E-02	 0	
  .0000453	 5.882353E-02	 0	
  .0000454	 5.882353E-02	 0	
  .0000455	 6.666667E-02	 0	
  .0000456	 7.450981E-02	 0	
  .0000457	 5.882353E-02	 0	
  .0000458	 8.235294E-02	 0	
  .0000459	 8.235294E-02	 0	
  .000046	 9.803922E-02	 0	
  .0000461	 7.450981E-02	 0	
  .0000462	 8.235294E-02	 0	
  .0000463	 9.019608E-02	 0	
  .0000464	 8.235294E-02	 0	
  .0000465	 9.019608E-02	 0	
  .0000466	 .1137255	 0	
  .0000467	 .1137255	 0	
  .0000468	 .1137255	 0	
  .0000469	 .1137255	 0	
  .000047	 .1215686	 0	
  .0000471	 .1215686	 0	
  .0000472	 .1058824	 0	
  .0000473	 .1372549	 0	
  .0000474	 .1215686	 0	
  .0000475	 .1215686	 0	
  .0000476	 .1215686	 0	
  .0000477	 .145098	 0	
  .0000478	 .145098	 0	
  .0000479	 .145098	 0	
  .000048	 .1215686	 0	
  .0000481	 .1294118	 0	
  .0000482	 .1294118	 0	
  .0000483	 .145098	 0	
  .0000484	 .145098	 0	
  .0000485	 .1529412	 0	
  .0000486	 .1372549	 0	
  .0000487	 .145098	 0	
  .0000488	 .145098	 0	
  .0000489	 .145098	 0	
  .000049	 .145098	 0	
  .0000491	 .145098	 0	
  .0000492	 .1529412	 0	
  .0000493	 .1529412	 0	
  .0000494	 .145098	 0	
  .0000495	 8.235294E-02	 0	
  .0000496	 9.803922E-02	 0	
  .0000497	 .1058824	 0	
  .0000498	 .1058824	 0	
  .0000499	 .1137255	 0	
  .00005	 .1058824	 0	
  .0000501	 .1137255	 0	
  .0000502	 .1294118	 0	
  .0000503	 .1294118	 0	
  .0000504	 .1215686	 0	
  .0000505	 .1215686	 0	
  .0000506	 .1294118	 0	
  .0000507	 .1372549	 0	
  .0000508	 .1372549	 0	
  .0000509	 .1372549	 0	
  .000051	 .1372549	 0	
  .0000511	 .1607843	 0	
  .0000512	 .145098	 0	
  .0000513	 .1529412	 0	
  .0000514	 .1529412	 0	
  .0000515	 .1607843	 0	
  .0000516	 .1607843	 0	
  .0000517	 .1686275	 0	
  .0000518	 .1686275	 0	
  .0000519	 .1686275	 0	
  .000052	 .1607843	 0	
  .0000521	 .1686275	 0	
  .0000522	 .1843137	 0	
  .0000523	 .1843137	 0	
  .0000524	 .1843137	 0	
  .0000525	 .1764706	 0	
  .0000526	 .1921569	 0	
  .0000527	 .1843137	 0	
  .0000528	 .1843137	 0	
  .0000529	 .2	 0	
  .000053	 .1921569	 0	
  .0000531	 .1843137	 0	
  .0000532	 .1843137	 0	
  .0000533	 .1843137	 0	
  .0000534	 .1921569	 0	
  .0000535	 .1921569	 0	
  .0000536	 .2	 0	
  .0000537	 .1843137	 0	
  .0000538	 .2	 0	
  .0000539	 .2078431	 0	
  .000054	 .2078431	 0	
  .0000541	 .2	 0	
  .0000542	 .2156863	 0	
  .0000543	 .2156863	 0	
  .0000544	 .2156863	 0	
  .0000545	 .2078431	 0	
  .0000546	 .2156863	 0	
  .0000547	 .2078431	 0	
  .0000548	 .2313726	 0	
  .0000549	 .2235294	 0	
  .000055	 .2156863	 0	
  .0000551	 .2235294	 0	
  .0000552	 .2313726	 0	
  .0000553	 .2313726	 0	
  .0000554	 .2235294	 0	
  .0000555	 .2313726	 0	
  .0000556	 .2235294	 0	
  .0000557	 .2313726	 0	
  .0000558	 .2392157	 0	
  .0000559	 .2313726	 0	
  .000056	 .2392157	 0	
  .0000561	 .2313726	 0	
  .0000562	 .2392157	 0	
  .0000563	 .2392157	 0	
  .0000564	 .2392157	 0	
  .0000565	 .254902	 0	
  .0000566	 .2470588	 0	
  .0000567	 .2392157	 0	
  .0000568	 .2470588	 0	
  .0000569	 .2392157	 0	
  .000057	 .254902	 0	
  .0000571	 .2392157	 0	
  .0000572	 .2470588	 0	
  .0000573	 .254902	 0	
  .0000574	 .2470588	 0	
  .0000575	 .2470588	 0	
  .0000576	 .2470588	 0	
  .0000577	 .2470588	 0	
  .0000578	 .254902	 0	
  .0000579	 .2392157	 0	
  .000058	 .2470588	 0	
  .0000581	 .2470588	 0	
  .0000582	 .254902	 0	
  .0000583	 .2470588	 0	
  .0000584	 .2627451	 0	
  .0000585	 .254902	 0	
  .0000586	 .2470588	 0	
  .0000587	 .254902	 0	
  .0000588	 .2627451	 0	
  .0000589	 .254902	 0	
  .000059	 .254902	 0	
  .0000591	 .254902	 0	
  .0000592	 .2627451	 0	
  .0000593	 .2470588	 0	
  .0000594	 .2470588	 0	
  .0000595	 .2470588	 0	
  .0000596	 .2470588	 0	
  .0000597	 .2470588	 0	
  .0000598	 .2470588	 0	
  .0000599	 .2470588	 0	
  .00006	 .254902	 0	
  .0000601	 .254902	 0	
  .0000602	 .2470588	 0	
  .0000603	 .2470588	 0	
  .0000604	 .2470588	 0	
  .0000605	 .254902	 0	
  .0000606	 .254902	 0	
  .0000607	 .2470588	 0	
  .0000608	 .254902	 0	
  .0000609	 .254902	 0	
  .000061	 .254902	 0	
  .0000611	 .2392157	 0	
  .0000612	 .2470588	 0	
  .0000613	 .2470588	 0	
  .0000614	 .254902	 0	
  .0000615	 .254902	 0	
  .0000616	 .2470588	 0	
  .0000617	 .254902	 0	
  .0000618	 .2392157	 0	
  .0000619	 .2470588	 0	
  .000062	 .2470588	 0	
  .0000621	 .2392157	 0	
  .0000622	 .2470588	 0	
  .0000623	 .2392157	 0	
  .0000624	 .2392157	 0	
  .0000625	 .2392157	 0	
  .0000626	 .2313726	 0	
  .0000627	 .2392157	 0	
  .0000628	 .2392157	 0	
  .0000629	 .2392157	 0	
  .000063	 .2313726	 0	
  .0000631	 .2313726	 0	
  .0000632	 .2313726	 0	
  .0000633	 .2313726	 0	
  .0000634	 .2313726	 0	
  .0000635	 .2313726	 0	
  .0000636	 .2078431	 0	
  .0000637	 .2156863	 0	
  .0000638	 .2156863	 0	
  .0000639	 .2235294	 0	
  .000064	 .2235294	 0	
  .0000641	 .2235294	 0	
  .0000642	 .2235294	 0	
  .0000643	 .2235294	 0	
  .0000644	 .2235294	 0	
  .0000645	 .2078431	 0	
  .0000646	 .2156863	 0	
  .0000647	 .2235294	 0	
  .0000648	 .2156863	 0	
  .0000649	 .2078431	 0	
  .000065	 .2078431	 0	
  .0000651	 .2	 0	
  .0000652	 .2078431	 0	
  .0000653	 .2	 0	
  .0000654	 .1921569	 0	
  .0000655	 .1921569	 0	
  .0000656	 .2078431	 0	
  .0000657	 .2	 0	
  .0000658	 .2	 0	
  .0000659	 .1921569	 0	
  .000066	 .1843137	 0	
  .0000661	 .2	 0	
  .0000662	 .1921569	 0	
  .0000663	 .1921569	 0	
  .0000664	 .2	 0	
  .0000665	 .1843137	 0	
  .0000666	 .1921569	 0	
  .0000667	 .1843137	 0	
  .0000668	 .1764706	 0	
  .0000669	 .1921569	 0	
  .000067	 .1843137	 0	
  .0000671	 .1843137	 0	
  .0000672	 .1843137	 0	
  .0000673	 .1764706	 0	
  .0000674	 .1686275	 0	
  .0000675	 .1764706	 0	
  .0000676	 .1607843	 0	
  .0000677	 .1686275	 0	
  .0000678	 .1607843	 0	
  .0000679	 .1529412	 0	
  .000068	 .1607843	 0	
  .0000681	 .1686275	 0	
  .0000682	 .1529412	 0	
  .0000683	 .1686275	 0	
  .0000684	 .145098	 0	
  .0000685	 .1529412	 0	
  .0000686	 .1372549	 0	
  .0000687	 .145098	 0	
  .0000688	 .145098	 0	
  .0000689	 .1372549	 0	
  .000069	 .145098	 0	
  .0000691	 .145098	 0	
  .0000692	 .1294118	 0	
  .0000693	 .1294118	 0	
  .0000694	 .1372549	 0	
  .0000695	 .1294118	 0	
  .0000696	 .1215686	 0	
  .0000697	 .1372549	 0	
  .0000698	 .1215686	 0	
  .0000699	 .1137255	 0	
  .00007	 .1215686	 0	
  .0000701	 .1215686	 0	
  .0000702	 .1058824	 0	
  .0000703	 .1058824	 0	
  .0000704	 .1137255	 0	
  .0000705	 .1137255	 0	
  .0000706	 .1137255	 0	
  .0000707	 .1058824	 0	
  .0000708	 .1058824	 0	
  .0000709	 .1137255	 0	
  .000071	 .1058824	 0	
  .0000711	 8.235294E-02	 0	
  .0000712	 9.803922E-02	 0	
  .0000713	 .1058824	 0	
  .0000714	 .1137255	 0	
  .0000715	 9.803922E-02	 0	
  .0000716	 9.019608E-02	 0	
  .0000717	 8.235294E-02	 0	
  .0000718	 9.019608E-02	 0	
  .0000719	 7.450981E-02	 0	
  .000072	 7.450981E-02	 0	
  .0000721	 9.019608E-02	 0	
  .0000722	 8.235294E-02	 0	
  .0000723	 6.666667E-02	 0	
  .0000724	 8.235294E-02	 0	
  .0000725	 5.882353E-02	 0	
  .0000726	 6.666667E-02	 0	
  .0000727	 6.666667E-02	 0	
  .0000728	 5.882353E-02	 0	
  .0000729	 5.098039E-02	 0	
  .000073	 4.313726E-02	 0	
  .0000731	 5.098039E-02	 0	
  .0000732	 5.882353E-02	 0	
  .0000733	 4.313726E-02	 0	
  .0000734	 5.098039E-02	 0	
  .0000735	 3.529412E-02	 0	
  .0000736	 4.313726E-02	 0	
  .0000737	 4.313726E-02	 0	
  .0000738	 3.529412E-02	 0	
  .0000739	 2.745098E-02	 0	
  .000074	 3.529412E-02	 0	
  .0000741	 4.313726E-02	 0	
  .0000742	 2.745098E-02	 0	
  .0000743	 1.960784E-02	 0	
  .0000744	 1.960784E-02	 0	
  .0000745	 1.176471E-02	 0	
  .0000746	 2.745098E-02	 0	
  .0000747	 1.960784E-02	 0	
  .0000748	 1.176471E-02	 0	
  .0000749	 1.176471E-02	 0	
  .000075	 3.921569E-03	 0	
  .0000751	 1.176471E-02	 0	
  .0000752	 3.921569E-03	 0	
  .0000753	 3.921569E-03	 0	
  .0000754	 3.921569E-03	 0	
  .0000755	 3.921569E-03	 0	
  .0000756	-1.176471E-02	 0	
  .0000757	-3.921569E-03	 0	
  .0000758	-3.921569E-03	 0	
  .0000759	-1.176471E-02	 0	
  .000076	-1.176471E-02	 0	
  .0000761	-2.745098E-02	 0	
  .0000762	-2.745098E-02	 0	
  .0000763	 3.921569E-03	 0	
  .0000764	-1.960784E-02	 0	
  .0000765	-1.960784E-02	 0	
  .0000766	-2.745098E-02	 0	
  .0000767	-2.745098E-02	 0	
  .0000768	-1.960784E-02	 0	
  .0000769	-3.529412E-02	 0	
  .000077	-2.745098E-02	 0	
  .0000771	-3.529412E-02	 0	
  .0000772	-4.313726E-02	 0	
  .0000773	-5.098039E-02	 0	
  .0000774	-4.313726E-02	 0	
  .0000775	-4.313726E-02	 0	
  .0000776	-4.313726E-02	 0	
  .0000777	-5.098039E-02	 0	
  .0000778	-5.098039E-02	 0	
  .0000779	-5.882353E-02	 0	
  .000078	-5.098039E-02	 0	
  .0000781	-5.882353E-02	 0	
  .0000782	-5.098039E-02	 0	
  .0000783	-5.098039E-02	 0	
  .0000784	-5.882353E-02	 0	
  .0000785	-5.882353E-02	 0	
  .0000786	-5.882353E-02	 0	
  .0000787	-5.882353E-02	 0	
  .0000788	-6.666667E-02	 0	
  .0000789	-6.666667E-02	 0	
  .000079	-6.666667E-02	 0	
  .0000791	-8.235294E-02	 0	
  .0000792	-8.235294E-02	 0	
  .0000793	-9.019608E-02	 0	
  .0000794	-7.450981E-02	 0	
  .0000795	-9.019608E-02	 0	
  .0000796	-7.450981E-02	 0	
  .0000797	-9.019608E-02	 0	
  .0000798	-9.803922E-02	 0	
  .0000799	-8.235294E-02	 0	
  .00008	-9.803922E-02	 0	
  .0000801	-8.235294E-02	 0	
  .0000802	-9.019608E-02	 0	
  .0000803	-9.803922E-02	 0	
  .0000804	-9.803922E-02	 0	
  .0000805	-9.803922E-02	 0	
  .0000806	-9.803922E-02	 0	
  .0000807	-9.803922E-02	 0	
  .0000808	-9.803922E-02	 0	
  .0000809	-.1058824	 0	
  .000081	-.1058824	 0	
  .0000811	-9.803922E-02	 0	
  .0000812	-9.803922E-02	 0	
  .0000813	-.1058824	 0	
  .0000814	-.1058824	 0	
  .0000815	-.1215686	 0	
  .0000816	-.1137255	 0	
  .0000817	-.1137255	 0	
  .0000818	-.1137255	 0	
  .0000819	-.1215686	 0	
  .000082	-.1137255	 0	
  .0000821	-.1137255	 0	
  .0000822	-.1215686	 0	
  .0000823	-.1294118	 0	
  .0000824	-.1137255	 0	
  .0000825	-.1137255	 0	
  .0000826	-.1215686	 0	
  .0000827	-.1215686	 0	
  .0000828	-.1294118	 0	
  .0000829	-.1294118	 0	
  .000083	-.1294118	 0	
  .0000831	-.1294118	 0	
  .0000832	-.1372549	 0	
  .0000833	-.1372549	 0	
  .0000834	-.1372549	 0	
  .0000835	-.145098	 0	
  .0000836	-.1372549	 0	
  .0000837	-.1372549	 0	
  .0000838	-.1372549	 0	
  .0000839	-.1372549	 0	
  .000084	-.1294118	 0	
  .0000841	-.145098	 0	
  .0000842	-.145098	 0	
  .0000843	-.1372549	 0	
  .0000844	-.1529412	 0	
  .0000845	-.1372549	 0	
  .0000846	-.1529412	 0	
  .0000847	-.1529412	 0	
  .0000848	-.145098	 0	
  .0000849	-.1529412	 0	
  .000085	-.1372549	 0	
  .0000851	-.1529412	 0	
  .0000852	-.1529412	 0	
  .0000853	-.1529412	 0	
  .0000854	-.145098	 0	
  .0000855	-.1529412	 0	
  .0000856	-.1529412	 0	
  .0000857	-.1529412	 0	
  .0000858	-.1529412	 0	
  .0000859	-.1529412	 0	
  .000086	-.1529412	 0	
  .0000861	-.1607843	 0	
  .0000862	-.1372549	 0	
  .0000863	-.1529412	 0	
  .0000864	-.145098	 0	
  .0000865	-.1529412	 0	
  .0000866	-.1529412	 0	
  .0000867	-.1607843	 0	
  .0000868	-.1529412	 0	
  .0000869	-.1529412	 0	
  .000087	-.1529412	 0	
  .0000871	-.1529412	 0	
  .0000872	-.1607843	 0	
  .0000873	-.1529412	 0	
  .0000874	-.1529412	 0	
  .0000875	-.1529412	 0	
  .0000876	-.1607843	 0	
  .0000877	-.1607843	 0	
  .0000878	-.1607843	 0	
  .0000879	-.1529412	 0	
  .000088	-.1686275	 0	
  .0000881	-.1529412	 0	
  .0000882	-.1607843	 0	
  .0000883	-.1607843	 0	
  .0000884	-.1607843	 0	
  .0000885	-.1529412	 0	
  .0000886	-.1529412	 0	
  .0000887	-.1607843	 0	
  .0000888	-.145098	 0	
  .0000889	-.1764706	 0	
  .000089	-.1607843	 0	
  .0000891	-.1607843	 0	
  .0000892	-.1607843	 0	
  .0000893	-.1607843	 0	
  .0000894	-.1607843	 0	
  .0000895	-.145098	 0	
  .0000896	-.1529412	 0	
  .0000897	-.1607843	 0	
  .0000898	-.1529412	 0	
  .0000899	-.1529412	 0	
  .00009	-.1529412	 0	
  .0000901	-.1686275	 0	
  .0000902	-.1686275	 0	
  .0000903	-.145098	 0	
  .0000904	-.1529412	 0	
  .0000905	-.1529412	 0	
  .0000906	-.1529412	 0	
  .0000907	-.145098	 0	
  .0000908	-.1607843	 0	
  .0000909	-.1529412	 0	
  .000091	-.145098	 0	
  .0000911	-.1529412	 0	
  .0000912	-.145098	 0	
  .0000913	-.1529412	 0	
  .0000914	-.1372549	 0	
  .0000915	-.145098	 0	
  .0000916	-.1529412	 0	
  .0000917	-.145098	 0	
  .0000918	-.145098	 0	
  .0000919	-.145098	 0	
  .000092	-.145098	 0	
  .0000921	-.145098	 0	
  .0000922	-.145098	 0	
  .0000923	-.1372549	 0	
  .0000924	-.1372549	 0	
  .0000925	-.1372549	 0	
  .0000926	-.1372549	 0	
  .0000927	-.1372549	 0	
  .0000928	-.145098	 0	
  .0000929	-.1372549	 0	
  .000093	-.1372549	 0	
  .0000931	-.1372549	 0	
  .0000932	-.1372549	 0	
  .0000933	-.145098	 0	
  .0000934	-.145098	 0	
  .0000935	-.145098	 0	
  .0000936	-.1294118	 0	
  .0000937	-.1294118	 0	
  .0000938	-.1294118	 0	
  .0000939	-.1294118	 0	
  .000094	-.1294118	 0	
  .0000941	-.1215686	 0	
  .0000942	-.1294118	 0	
  .0000943	-.1294118	 0	
  .0000944	-.1215686	 0	
  .0000945	-.1372549	 0	
  .0000946	-.1294118	 0	
  .0000947	-.1215686	 0	
  .0000948	-.1215686	 0	
  .0000949	-.1137255	 0	
  .000095	-.1215686	 0	
  .0000951	-.1137255	 0	
  .0000952	-.1215686	 0	
  .0000953	-.1137255	 0	
  .0000954	-.1058824	 0	
  .0000955	-.1137255	 0	
  .0000956	-.1137255	 0	
  .0000957	-.1137255	 0	
  .0000958	-.1137255	 0	
  .0000959	-.1137255	 0	
  .000096	-.1137255	 0	
  .0000961	-.1058824	 0	
  .0000962	-.1058824	 0	
  .0000963	-.1058824	 0	
  .0000964	-.1058824	 0	
  .0000965	-9.803922E-02	 0	
  .0000966	-9.803922E-02	 0	
  .0000967	-9.803922E-02	 0	
  .0000968	-9.803922E-02	 0	
  .0000969	-9.019608E-02	 0	
  .000097	-9.803922E-02	 0	
  .0000971	-9.019608E-02	 0	
  .0000972	-9.803922E-02	 0	
  .0000973	-9.019608E-02	 0	
  .0000974	-9.019608E-02	 0	
  .0000975	-9.019608E-02	 0	
  .0000976	-9.019608E-02	 0	
  .0000977	-9.019608E-02	 0	
  .0000978	-8.235294E-02	 0	
  .0000979	-9.019608E-02	 0	
  .000098	-7.450981E-02	 0	
  .0000981	-9.019608E-02	 0	
  .0000982	-7.450981E-02	 0	
  .0000983	-7.450981E-02	 0	
  .0000984	-7.450981E-02	 0	
  .0000985	-6.666667E-02	 0	
  .0000986	-7.450981E-02	 0	
  .0000987	-7.450981E-02	 0	
  .0000988	-5.882353E-02	 0	
  .0000989	-6.666667E-02	 0	
  .000099	-6.666667E-02	 0	
  .0000991	-7.450981E-02	 0	
  .0000992	-7.450981E-02	 0	
  .0000993	-6.666667E-02	 0	
  .0000994	-5.098039E-02	 0	
  .0000995	-7.450981E-02	 0	
  .0000996	-6.666667E-02	 0	
  .0000997	-5.882353E-02	 0	
  .0000998	-6.666667E-02	 0	
  .0000999	-5.098039E-02	 0	
  .0001	-6.666667E-02	 0	
  .0001001	-5.882353E-02	 0	
  .0001002	-4.313726E-02	 0	
  .0001003	-4.313726E-02	 0	
  .0001004	-4.313726E-02	 0	
  .0001005	-3.529412E-02	 0	
  .0001006	-3.529412E-02	 0	
  .0001007	-4.313726E-02	 0	
  .0001008	-4.313726E-02	 0	
  .0001009	-3.529412E-02	 0	
  .000101	-3.529412E-02	 0	
  .0001011	-2.745098E-02	 0	
  .0001012	-3.529412E-02	 0	
  .0001013	-3.529412E-02	 0	
  .0001014	-3.529412E-02	 0	
  .0001015	-1.960784E-02	 0	
  .0001016	-1.960784E-02	 0	
  .0001017	-1.960784E-02	 0	
  .0001018	-1.176471E-02	 0	
  .0001019	-1.960784E-02	 0	
  .000102	-1.960784E-02	 0	
  .0001021	-1.960784E-02	 0	
  .0001022	-1.176471E-02	 0	
  .0001023	-1.960784E-02	 0	
  .0001024	-3.921569E-03	 0	
  .0001025	-3.921569E-03	 0	
  .0001026	-1.176471E-02	 0	
  .0001027	-1.960784E-02	 0	
  .0001028	-1.176471E-02	 0	
  .0001029	-3.921569E-03	 0	
  .000103	-3.921569E-03	 0	
  .0001031	 3.921569E-03	 0	
  .0001032	-3.921569E-03	 0	
  .0001033	-2.745098E-02	 0	
  .0001034	-3.921569E-03	 0	
  .0001035	 3.921569E-03	 0	
  .0001036	-3.921569E-03	 0	
  .0001037	 3.921569E-03	 0	
  .0001038	 1.176471E-02	 0	
  .0001039	 1.960784E-02	 0	
  .000104	 1.176471E-02	 0	
  .0001041	 1.176471E-02	 0	
  .0001042	 3.921569E-03	 0	
  .0001043	 1.960784E-02	 0	
  .0001044	 1.176471E-02	 0	
  .0001045	 1.960784E-02	 0	
  .0001046	 1.176471E-02	 0	
  .0001047	 1.176471E-02	 0	
  .0001048	 2.745098E-02	 0	
  .0001049	 1.960784E-02	 0	
  .000105	 1.176471E-02	 0	
  .0001051	 3.529412E-02	 0	
  .0001052	 2.745098E-02	 0	
  .0001053	 2.745098E-02	 0	
  .0001054	 3.529412E-02	 0	
  .0001055	 2.745098E-02	 0	
  .0001056	 2.745098E-02	 0	
  .0001057	 3.529412E-02	 0	
  .0001058	 4.313726E-02	 0	
  .0001059	 3.529412E-02	 0	
  .000106	 5.098039E-02	 0	
  .0001061	 5.098039E-02	 0	
  .0001062	 5.098039E-02	 0	
  .0001063	 4.313726E-02	 0	
  .0001064	 5.098039E-02	 0	
  .0001065	 5.098039E-02	 0	
  .0001066	 4.313726E-02	 0	
  .0001067	 5.098039E-02	 0	
  .0001068	 4.313726E-02	 0	
  .0001069	 5.098039E-02	 0	
  .000107	 5.882353E-02	 0	
  .0001071	 5.882353E-02	 0	
  .0001072	 6.666667E-02	 0	
  .0001073	 5.098039E-02	 0	
  .0001074	 5.882353E-02	 0	
  .0001075	 5.882353E-02	 0	
  .0001076	 6.666667E-02	 0	
  .0001077	 8.235294E-02	 0	
  .0001078	 6.666667E-02	 0	
  .0001079	 6.666667E-02	 0	
  .000108	 7.450981E-02	 0	
  .0001081	 7.450981E-02	 0	
  .0001082	 6.666667E-02	 0	
  .0001083	 7.450981E-02	 0	
  .0001084	 5.882353E-02	 0	
  .0001085	 6.666667E-02	 0	
  .0001086	 8.235294E-02	 0	
  .0001087	 7.450981E-02	 0	
  .0001088	 7.450981E-02	 0	
  .0001089	 8.235294E-02	 0	
  .000109	 8.235294E-02	 0	
  .0001091	 7.450981E-02	 0	
  .0001092	 8.235294E-02	 0	
  .0001093	 9.803922E-02	 0	
  .0001094	 8.235294E-02	 0	
  .0001095	 7.450981E-02	 0	
  .0001096	 9.019608E-02	 0	
  .0001097	 8.235294E-02	 0	
  .0001098	 9.803922E-02	 0	
  .0001099	 8.235294E-02	 0	
  .00011	 9.803922E-02	 0	
  .0001101	 9.803922E-02	 0	
  .0001102	 9.803922E-02	 0	
  .0001103	 9.803922E-02	 0	
  .0001104	 9.803922E-02	 0	
  .0001105	 9.803922E-02	 0	
  .0001106	 9.803922E-02	 0	
  .0001107	 9.019608E-02	 0	
  .0001108	 .1058824	 0	
  .0001109	 .1058824	 0	
  .000111	 .1137255	 0	
  .0001111	 .1137255	 0	
  .0001112	 .1137255	 0	
  .0001113	 .1058824	 0	
  .0001114	 .1215686	 0	
  .0001115	 9.803922E-02	 0	
  .0001116	 .1137255	 0	
  .0001117	 .1215686	 0	
  .0001118	 .1215686	 0	
  .0001119	 .1137255	 0	
  .000112	 .1137255	 0	
  .0001121	 .1137255	 0	
  .0001122	 .1215686	 0	
  .0001123	 .1215686	 0	
  .0001124	 .1215686	 0	
  .0001125	 .1215686	 0	
  .0001126	 .1137255	 0	
  .0001127	 .1215686	 0	
  .0001128	 .1215686	 0	
  .0001129	 .1058824	 0	
  .000113	 .1137255	 0	
  .0001131	 .1137255	 0	
  .0001132	 .1137255	 0	
  .0001133	 .1215686	 0	
  .0001134	 .1294118	 0	
  .0001135	 .1215686	 0	
  .0001136	 .1294118	 0	
  .0001137	 .1372549	 0	
  .0001138	 .1294118	 0	
  .0001139	 .1294118	 0	
  .000114	 .1294118	 0	
  .0001141	 .1137255	 0	
  .0001142	 .1372549	 0	
  .0001143	 .1294118	 0	
  .0001144	 .1294118	 0	
  .0001145	 .1215686	 0	
  .0001146	 .1294118	 0	
  .0001147	 .1294118	 0	
  .0001148	 .1294118	 0	
  .0001149	 .1215686	 0	
  .000115	 .1294118	 0	
  .0001151	 .1294118	 0	
  .0001152	 .1294118	 0	
  .0001153	 .1294118	 0	
  .0001154	 .1372549	 0	
  .0001155	 .1372549	 0	
  .0001156	 .1294118	 0	
  .0001157	 .1294118	 0	
  .0001158	 .1294118	 0	
  .0001159	 .1372549	 0	
  .000116	 .1294118	 0	
  .0001161	 .1294118	 0	
  .0001162	 .1294118	 0	
  .0001163	 .1372549	 0	
  .0001164	 .1372549	 0	
  .0001165	 .1294118	 0	
  .0001166	 .1294118	 0	
  .0001167	 .145098	 0	
  .0001168	 .1215686	 0	
  .0001169	 .1372549	 0	
  .000117	 .1372549	 0	
  .0001171	 .1294118	 0	
  .0001172	 .1372549	 0	
  .0001173	 .1294118	 0	
  .0001174	 .1294118	 0	
  .0001175	 .1294118	 0	
  .0001176	 .145098	 0	
  .0001177	 .1294118	 0	
  .0001178	 .145098	 0	
  .0001179	 .1372549	 0	
  .000118	 .1294118	 0	
  .0001181	 .1294118	 0	
  .0001182	 .1294118	 0	
  .0001183	 .1294118	 0	
  .0001184	 .1294118	 0	
  .0001185	 .1372549	 0	
  .0001186	 .1372549	 0	
  .0001187	 .1294118	 0	
  .0001188	 .1215686	 0	
  .0001189	 .1294118	 0	
  .000119	 .1294118	 0	
  .0001191	 .1294118	 0	
  .0001192	 .1372549	 0	
  .0001193	 .1215686	 0	
  .0001194	 .1215686	 0	
  .0001195	 .1294118	 0	
  .0001196	 .1137255	 0	
  .0001197	 .1137255	 0	
  .0001198	 .1137255	 0	
  .0001199	 .1215686	 0	
  .00012	 .1215686	 0	
  .0001201	 .1294118	 0	
  .0001202	 .1215686	 0	
  .0001203	 .1294118	 0	
  .0001204	 .1294118	 0	
  .0001205	 .1215686	 0	
  .0001206	 .1215686	 0	
  .0001207	 .1294118	 0	
  .0001208	 .1215686	 0	
  .0001209	 .1294118	 0	
  .000121	 .1215686	 0	
  .0001211	 .1294118	 0	
  .0001212	 .1137255	 0	
  .0001213	 .1294118	 0	
  .0001214	 .1058824	 0	
  .0001215	 .1215686	 0	
  .0001216	 .1294118	 0	
  .0001217	 .1215686	 0	
  .0001218	 .1294118	 0	
  .0001219	 .1215686	 0	
  .000122	 .1215686	 0	
  .0001221	 .1215686	 0	
  .0001222	 .1215686	 0	
  .0001223	 .1058824	 0	
  .0001224	 .1137255	 0	
  .0001225	 .1058824	 0	
  .0001226	 .1058824	 0	
  .0001227	 .1215686	 0	
  .0001228	 .1137255	 0	
  .0001229	 .1058824	 0	
  .000123	 .1058824	 0	
  .0001231	 9.803922E-02	 0	
  .0001232	 .1058824	 0	
  .0001233	 9.803922E-02	 0	
  .0001234	 .1058824	 0	
  .0001235	 .1058824	 0	
  .0001236	 .1137255	 0	
  .0001237	 .1058824	 0	
  .0001238	 .1058824	 0	
  .0001239	 9.803922E-02	 0	
  .000124	 9.019608E-02	 0	
  .0001241	 .1058824	 0	
  .0001242	 .1058824	 0	
  .0001243	 9.019608E-02	 0	
  .0001244	 9.803922E-02	 0	
  .0001245	 9.803922E-02	 0	
  .0001246	 9.803922E-02	 0	
  .0001247	 9.019608E-02	 0	
  .0001248	 9.019608E-02	 0	
  .0001249	 9.019608E-02	 0	
  .000125	 9.803922E-02	 0	
  .0001251	 9.803922E-02	 0	
  .0001252	 9.803922E-02	 0	
  .0001253	 9.019608E-02	 0	
  .0001254	 8.235294E-02	 0	
  .0001255	 8.235294E-02	 0	
  .0001256	 9.019608E-02	 0	
  .0001257	 8.235294E-02	 0	
  .0001258	 9.803922E-02	 0	
  .0001259	 9.019608E-02	 0	
  .000126	 9.019608E-02	 0	
  .0001261	 8.235294E-02	 0	
  .0001262	 8.235294E-02	 0	
  .0001263	 9.019608E-02	 0	
  .0001264	 8.235294E-02	 0	
  .0001265	 8.235294E-02	 0	
  .0001266	 8.235294E-02	 0	
  .0001267	 7.450981E-02	 0	
  .0001268	 6.666667E-02	 0	
  .0001269	 6.666667E-02	 0	
  .000127	 7.450981E-02	 0	
  .0001271	 6.666667E-02	 0	
  .0001272	 6.666667E-02	 0	
  .0001273	 7.450981E-02	 0	
  .0001274	 7.450981E-02	 0	
  .0001275	 7.450981E-02	 0	
  .0001276	 5.882353E-02	 0	
  .0001277	 7.450981E-02	 0	
  .0001278	 6.666667E-02	 0	
  .0001279	 6.666667E-02	 0	
  .000128	 5.098039E-02	 0	
  .0001281	 5.882353E-02	 0	
  .0001282	 5.098039E-02	 0	
  .0001283	 5.882353E-02	 0	
  .0001284	 5.098039E-02	 0	
  .0001285	 6.666667E-02	 0	
  .0001286	 5.098039E-02	 0	
  .0001287	 5.098039E-02	 0	
  .0001288	 5.098039E-02	 0	
  .0001289	 5.098039E-02	 0	
  .000129	 5.098039E-02	 0	
  .0001291	 5.098039E-02	 0	
  .0001292	 3.529412E-02	 0	
  .0001293	 4.313726E-02	 0	
  .0001294	 4.313726E-02	 0	
  .0001295	 3.529412E-02	 0	
  .0001296	 4.313726E-02	 0	
  .0001297	 3.529412E-02	 0	
  .0001298	 3.529412E-02	 0	
  .0001299	 4.313726E-02	 0	
  .00013	 3.529412E-02	 0	
  .0001301	 3.529412E-02	 0	
  .0001302	 4.313726E-02	 0	
  .0001303	 3.529412E-02	 0	
  .0001304	 3.529412E-02	 0	
  .0001305	 2.745098E-02	 0	
  .0001306	 4.313726E-02	 0	
  .0001307	 2.745098E-02	 0	
  .0001308	 4.313726E-02	 0	
  .0001309	 2.745098E-02	 0	
  .000131	 2.745098E-02	 0	
  .0001311	 2.745098E-02	 0	
  .0001312	 3.529412E-02	 0	
  .0001313	 3.529412E-02	 0	
  .0001314	 3.529412E-02	 0	
  .0001315	 4.313726E-02	 0	
  .0001316	 2.745098E-02	 0	
  .0001317	 1.960784E-02	 0	
  .0001318	 3.529412E-02	 0	
  .0001319	 1.960784E-02	 0	
  .000132	 2.745098E-02	 0	
  .0001321	 1.960784E-02	 0	
  .0001322	 1.960784E-02	 0	
  .0001323	 1.960784E-02	 0	
  .0001324	 1.960784E-02	 0	
  .0001325	 1.176471E-02	 0	
  .0001326	 1.176471E-02	 0	
  .0001327	 3.921569E-03	 0	
  .0001328	 1.176471E-02	 0	
  .0001329	-3.921569E-03	 0	
  .000133	-3.921569E-03	 0	
  .0001331	-3.921569E-03	 0	
  .0001332	 3.921569E-03	 0	
  .0001333	 1.176471E-02	 0	
  .0001334	 3.921569E-03	 0	
  .0001335	-3.921569E-03	 0	
  .0001336	-3.921569E-03	 0	
  .0001337	-3.921569E-03	 0	
  .0001338	-3.921569E-03	 0	
  .0001339	-3.921569E-03	 0	
  .000134	 3.921569E-03	 0	
  .0001341	-3.921569E-03	 0	
  .0001342	-1.960784E-02	 0	
  .0001343	-1.960784E-02	 0	
  .0001344	-1.176471E-02	 0	
  .0001345	-3.921569E-03	 0	
  .0001346	-1.176471E-02	 0	
  .0001347	-1.960784E-02	 0	
  .0001348	-1.960784E-02	 0	
  .0001349	-1.176471E-02	 0	
  .000135	-1.960784E-02	 0	
  .0001351	-1.960784E-02	 0	
  .0001352	-1.176471E-02	 0	
  .0001353	-2.745098E-02	 0	
  .0001354	-1.960784E-02	 0	
  .0001355	-2.745098E-02	 0	
  .0001356	-2.745098E-02	 0	
  .0001357	-1.176471E-02	 0	
  .0001358	-1.960784E-02	 0	
  .0001359	-2.745098E-02	 0	
  .000136	-2.745098E-02	 0	
  .0001361	-2.745098E-02	 0	
  .0001362	-2.745098E-02	 0	
  .0001363	-2.745098E-02	 0	
  .0001364	-3.529412E-02	 0	
  .0001365	-1.960784E-02	 0	
  .0001366	-3.529412E-02	 0	
  .0001367	-3.529412E-02	 0	
  .0001368	-3.529412E-02	 0	
  .0001369	-4.313726E-02	 0	
  .000137	-4.313726E-02	 0	
  .0001371	-5.098039E-02	 0	
  .0001372	-4.313726E-02	 0	
  .0001373	-4.313726E-02	 0	
  .0001374	-3.529412E-02	 0	
  .0001375	-4.313726E-02	 0	
  .0001376	-3.529412E-02	 0	
  .0001377	-3.529412E-02	 0	
  .0001378	-3.529412E-02	 0	
  .0001379	-5.098039E-02	 0	
  .000138	-3.529412E-02	 0	
  .0001381	-4.313726E-02	 0	
  .0001382	-5.098039E-02	 0	
  .0001383	-5.098039E-02	 0	
  .0001384	-3.529412E-02	 0	
  .0001385	-5.098039E-02	 0	
  .0001386	-5.098039E-02	 0	
  .0001387	-5.098039E-02	 0	
  .0001388	-5.098039E-02	 0	
  .0001389	-4.313726E-02	 0	
  .000139	-3.529412E-02	 0	
  .0001391	-5.882353E-02	 0	
  .0001392	-5.098039E-02	 0	
  .0001393	-5.882353E-02	 0	
  .0001394	-5.098039E-02	 0	
  .0001395	-5.882353E-02	 0	
  .0001396	-5.882353E-02	 0	
  .0001397	-6.666667E-02	 0	
  .0001398	-5.882353E-02	 0	
  .0001399	-5.882353E-02	 0	
  .00014	-4.313726E-02	 0	
  .0001401	-5.098039E-02	 0	
  .0001402	-5.882353E-02	 0	
  .0001403	-6.666667E-02	 0	
  .0001404	-6.666667E-02	 0	
  .0001405	-5.098039E-02	 0	
  .0001406	-5.098039E-02	 0	
  .0001407	-5.882353E-02	 0	
  .0001408	-5.882353E-02	 0	
  .0001409	-5.882353E-02	 0	
  .000141	-5.882353E-02	 0	
  .0001411	-6.666667E-02	 0	
  .0001412	-5.882353E-02	 0	
  .0001413	-5.098039E-02	 0	
  .0001414	-5.882353E-02	 0	
  .0001415	-6.666667E-02	 0	
  .0001416	-6.666667E-02	 0	
  .0001417	-5.882353E-02	 0	
  .0001418	-6.666667E-02	 0	
  .0001419	-6.666667E-02	 0	
  .000142	-6.666667E-02	 0	
  .0001421	-6.666667E-02	 0	
  .0001422	-6.666667E-02	 0	
  .0001423	-7.450981E-02	 0	
  .0001424	-7.450981E-02	 0	
  .0001425	-6.666667E-02	 0	
  .0001426	-7.450981E-02	 0	
  .0001427	-7.450981E-02	 0	
  .0001428	-7.450981E-02	 0	
  .0001429	-8.235294E-02	 0	
  .000143	-7.450981E-02	 0	
  .0001431	-7.450981E-02	 0	
  .0001432	-5.882353E-02	 0	
  .0001433	-6.666667E-02	 0	
  .0001434	-6.666667E-02	 0	
  .0001435	-7.450981E-02	 0	
  .0001436	-7.450981E-02	 0	
  .0001437	-7.450981E-02	 0	
  .0001438	-7.450981E-02	 0	
  .0001439	-5.882353E-02	 0	
  .000144	-6.666667E-02	 0	
  .0001441	-6.666667E-02	 0	
  .0001442	-7.450981E-02	 0	
  .0001443	-8.235294E-02	 0	
  .0001444	-7.450981E-02	 0	
  .0001445	-8.235294E-02	 0	
  .0001446	-7.450981E-02	 0	
  .0001447	-7.450981E-02	 0	
  .0001448	-7.450981E-02	 0	
  .0001449	-7.450981E-02	 0	
  .000145	-7.450981E-02	 0	
  .0001451	-6.666667E-02	 0	
  .0001452	-8.235294E-02	 0	
  .0001453	-8.235294E-02	 0	
  .0001454	-8.235294E-02	 0	
  .0001455	-8.235294E-02	 0	
  .0001456	-6.666667E-02	 0	
  .0001457	-6.666667E-02	 0	
  .0001458	-7.450981E-02	 0	
  .0001459	-7.450981E-02	 0	
  .000146	-6.666667E-02	 0	
  .0001461	-7.450981E-02	 0	
  .0001462	-8.235294E-02	 0	
  .0001463	-6.666667E-02	 0	
  .0001464	-8.235294E-02	 0	
  .0001465	-8.235294E-02	 0	
  .0001466	-7.450981E-02	 0	
  .0001467	-7.450981E-02	 0	
  .0001468	-7.450981E-02	 0	
  .0001469	-7.450981E-02	 0	
  .000147	-7.450981E-02	 0	
  .0001471	-8.235294E-02	 0	
  .0001472	-7.450981E-02	 0	
  .0001473	-7.450981E-02	 0	
  .0001474	-8.235294E-02	 0	
  .0001475	-6.666667E-02	 0	
  .0001476	-6.666667E-02	 0	
  .0001477	-7.450981E-02	 0	
  .0001478	-7.450981E-02	 0	
  .0001479	-6.666667E-02	 0	
  .000148	-6.666667E-02	 0	
  .0001481	-8.235294E-02	 0	
  .0001482	-6.666667E-02	 0	
  .0001483	-6.666667E-02	 0	
  .0001484	-6.666667E-02	 0	
  .0001485	-7.450981E-02	 0	
  .0001486	-7.450981E-02	 0	
  .0001487	-6.666667E-02	 0	
  .0001488	-6.666667E-02	 0	
  .0001489	-5.882353E-02	 0	
  .000149	-7.450981E-02	 0	
  .0001491	-8.235294E-02	 0	
  .0001492	-6.666667E-02	 0	
  .0001493	-7.450981E-02	 0	
  .0001494	-7.450981E-02	 0	
  .0001495	-7.450981E-02	 0	
  .0001496	-5.882353E-02	 0	
  .0001497	-5.882353E-02	 0	
  .0001498	-7.450981E-02	 0	
  .0001499	-5.882353E-02	 0	
  .00015	-5.882353E-02	 0	
  .0001501	-5.882353E-02	 0	
  .0001502	-6.666667E-02	 0	
  .0001503	-7.450981E-02	 0	
  .0001504	-5.882353E-02	 0	
  .0001505	-5.882353E-02	 0	
  .0001506	-5.098039E-02	 0	
  .0001507	-6.666667E-02	 0	
  .0001508	-5.098039E-02	 0	
  .0001509	-5.882353E-02	 0	
  .000151	-6.666667E-02	 0	
  .0001511	-5.882353E-02	 0	
  .0001512	-5.882353E-02	 0	
  .0001513	-6.666667E-02	 0	
  .0001514	-5.098039E-02	 0	
  .0001515	-5.098039E-02	 0	
  .0001516	-5.098039E-02	 0	
  .0001517	-5.098039E-02	 0	
  .0001518	-5.882353E-02	 0	
  .0001519	-5.882353E-02	 0	
  .000152	-5.098039E-02	 0	
  .0001521	-5.882353E-02	 0	
  .0001522	-5.882353E-02	 0	
  .0001523	-5.882353E-02	 0	
  .0001524	-5.882353E-02	 0	
  .0001525	-6.666667E-02	 0	
  .0001526	-5.098039E-02	 0	
  .0001527	-6.666667E-02	 0	
  .0001528	-5.882353E-02	 0	
  .0001529	-5.098039E-02	 0	
  .000153	-5.882353E-02	 0	
  .0001531	-4.313726E-02	 0	
  .0001532	-5.882353E-02	 0	
  .0001533	-4.313726E-02	 0	
  .0001534	-5.098039E-02	 0	
  .0001535	-5.882353E-02	 0	
  .0001536	-5.098039E-02	 0	
  .0001537	-5.098039E-02	 0	
  .0001538	-3.529412E-02	 0	
  .0001539	-4.313726E-02	 0	
  .000154	-5.882353E-02	 0	
  .0001541	-5.882353E-02	 0	
  .0001542	-5.098039E-02	 0	
  .0001543	-4.313726E-02	 0	
  .0001544	-4.313726E-02	 0	
  .0001545	-4.313726E-02	 0	
  .0001546	-4.313726E-02	 0	
  .0001547	-3.529412E-02	 0	
  .0001548	-4.313726E-02	 0	
  .0001549	-3.529412E-02	 0	
  .000155	-2.745098E-02	 0	
  .0001551	-4.313726E-02	 0	
  .0001552	-4.313726E-02	 0	
  .0001553	-3.529412E-02	 0	
  .0001554	-3.529412E-02	 0	
  .0001555	-2.745098E-02	 0	
  .0001556	-3.529412E-02	 0	
  .0001557	-4.313726E-02	 0	
  .0001558	-4.313726E-02	 0	
  .0001559	-3.529412E-02	 0	
  .000156	-2.745098E-02	 0	
  .0001561	-2.745098E-02	 0	
  .0001562	-3.529412E-02	 0	
  .0001563	-2.745098E-02	 0	
  .0001564	-3.529412E-02	 0	
  .0001565	-4.313726E-02	 0	
  .0001566	-2.745098E-02	 0	
  .0001567	-2.745098E-02	 0	
  .0001568	-2.745098E-02	 0	
  .0001569	-4.313726E-02	 0	
  .000157	-3.529412E-02	 0	
  .0001571	-4.313726E-02	 0	
  .0001572	-1.960784E-02	 0	
  .0001573	-2.745098E-02	 0	
  .0001574	-1.960784E-02	 0	
  .0001575	-2.745098E-02	 0	
  .0001576	-1.176471E-02	 0	
  .0001577	-2.745098E-02	 0	
  .0001578	-1.176471E-02	 0	
  .0001579	-1.960784E-02	 0	
  .000158	-1.960784E-02	 0	
  .0001581	-1.960784E-02	 0	
  .0001582	-1.960784E-02	 0	
  .0001583	-1.960784E-02	 0	
  .0001584	-1.960784E-02	 0	
  .0001585	-1.960784E-02	 0	
  .0001586	-1.960784E-02	 0	
  .0001587	-1.176471E-02	 0	
  .0001588	-1.176471E-02	 0	
  .0001589	-2.745098E-02	 0	
  .000159	-1.176471E-02	 0	
  .0001591	-1.176471E-02	 0	
  .0001592	-1.176471E-02	 0	
  .0001593	-1.960784E-02	 0	
  .0001594	-1.176471E-02	 0	
  .0001595	-1.176471E-02	 0	
  .0001596	 3.921569E-03	 0	
  .0001597	-1.176471E-02	 0	
  .0001598	-3.921569E-03	 0	
  .0001599	 3.921569E-03	 0	
  .00016	 3.921569E-03	 0	
  .0001601	-1.176471E-02	 0	
  .0001602	-3.921569E-03	 0	
  .0001603	 3.921569E-03	 0	
  .0001604	-3.921569E-03	 0	
  .0001605	 1.960784E-02	 0	
  .0001606	-3.921569E-03	 0	
  .0001607	 1.176471E-02	 0	
  .0001608	 3.921569E-03	 0	
  .0001609	 1.176471E-02	 0	
  .000161	 3.921569E-03	 0	
  .0001611	 1.176471E-02	 0	
  .0001612	 1.960784E-02	 0	
  .0001613	 3.921569E-03	 0	
  .0001614	 1.176471E-02	 0	
  .0001615	 1.176471E-02	 0	
  .0001616	 1.176471E-02	 0	
  .0001617	 3.921569E-03	 0	
  .0001618	 1.960784E-02	 0	
  .0001619	 1.176471E-02	 0	
  .000162	 1.176471E-02	 0	
  .0001621	 1.176471E-02	 0	
  .0001622	 1.176471E-02	 0	
  .0001623	 1.176471E-02	 0	
  .0001624	 1.960784E-02	 0	
  .0001625	 1.960784E-02	 0	
  .0001626	 1.176471E-02	 0	
  .0001627	 1.176471E-02	 0	
  .0001628	 1.960784E-02	 0	
  .0001629	 1.176471E-02	 0	
  .000163	 1.960784E-02	 0	
  .0001631	 1.960784E-02	 0	
  .0001632	 2.745098E-02	 0	
  .0001633	 2.745098E-02	 0	
  .0001634	 1.176471E-02	 0	
  .0001635	 2.745098E-02	 0	
  .0001636	 1.960784E-02	 0	
  .0001637	 2.745098E-02	 0	
  .0001638	 2.745098E-02	 0	
  .0001639	 1.960784E-02	 0	
  .000164	 2.745098E-02	 0	
  .0001641	 2.745098E-02	 0	
  .0001642	 2.745098E-02	 0	
  .0001643	 2.745098E-02	 0	
  .0001644	 1.960784E-02	 0	
  .0001645	 4.313726E-02	 0	
  .0001646	 3.529412E-02	 0	
  .0001647	 4.313726E-02	 0	
  .0001648	 4.313726E-02	 0	
  .0001649	 2.745098E-02	 0	
  .000165	 3.529412E-02	 0	
  .0001651	 3.529412E-02	 0	
  .0001652	 2.745098E-02	 0	
  .0001653	 2.745098E-02	 0	
  .0001654	 5.098039E-02	 0	
  .0001655	 3.529412E-02	 0	
  .0001656	 4.313726E-02	 0	
  .0001657	 2.745098E-02	 0	
  .0001658	 4.313726E-02	 0	
  .0001659	 4.313726E-02	 0	
  .000166	 4.313726E-02	 0	
  .0001661	 5.098039E-02	 0	
  .0001662	 5.098039E-02	 0	
  .0001663	 3.529412E-02	 0	
  .0001664	 4.313726E-02	 0	
  .0001665	 4.313726E-02	 0	
  .0001666	 4.313726E-02	 0	
  .0001667	 4.313726E-02	 0	
  .0001668	 3.529412E-02	 0	
  .0001669	 4.313726E-02	 0	
  .000167	 3.529412E-02	 0	
  .0001671	 5.098039E-02	 0	
  .0001672	 4.313726E-02	 0	
  .0001673	 4.313726E-02	 0	
  .0001674	 5.098039E-02	 0	
  .0001675	 4.313726E-02	 0	
  .0001676	 5.098039E-02	 0	
  .0001677	 5.098039E-02	 0	
  .0001678	 5.882353E-02	 0	
  .0001679	 4.313726E-02	 0	
  .000168	 5.098039E-02	 0	
  .0001681	 5.882353E-02	 0	
  .0001682	 5.098039E-02	 0	
  .0001683	 5.098039E-02	 0	
  .0001684	 5.098039E-02	 0	
  .0001685	 5.098039E-02	 0	
  .0001686	 5.098039E-02	 0	
  .0001687	 6.666667E-02	 0	
  .0001688	 5.098039E-02	 0	
  .0001689	 5.882353E-02	 0	
  .000169	 5.882353E-02	 0	
  .0001691	 4.313726E-02	 0	
  .0001692	 5.098039E-02	 0	
  .0001693	 4.313726E-02	 0	
  .0001694	 5.098039E-02	 0	
  .0001695	 5.882353E-02	 0	
  .0001696	 5.882353E-02	 0	
  .0001697	 6.666667E-02	 0	
  .0001698	 6.666667E-02	 0	
  .0001699	 5.882353E-02	 0	
  .00017	 6.666667E-02	 0	
  .0001701	 5.882353E-02	 0	
  .0001702	 6.666667E-02	 0	
  .0001703	 5.882353E-02	 0	
  .0001704	 7.450981E-02	 0	
  .0001705	 6.666667E-02	 0	
  .0001706	 6.666667E-02	 0	
  .0001707	 5.882353E-02	 0	
  .0001708	 5.882353E-02	 0	
  .0001709	 5.882353E-02	 0	
  .000171	 7.450981E-02	 0	
  .0001711	 6.666667E-02	 0	
  .0001712	 7.450981E-02	 0	
  .0001713	 6.666667E-02	 0	
  .0001714	 7.450981E-02	 0	
  .0001715	 6.666667E-02	 0	
  .0001716	 6.666667E-02	 0	
  .0001717	 8.235294E-02	 0	
  .0001718	 6.666667E-02	 0	
  .0001719	 6.666667E-02	 0	
  .000172	 6.666667E-02	 0	
  .0001721	 6.666667E-02	 0	
  .0001722	 6.666667E-02	 0	
  .0001723	 6.666667E-02	 0	
  .0001724	 6.666667E-02	 0	
  .0001725	 5.882353E-02	 0	
  .0001726	 5.882353E-02	 0	
  .0001727	 5.882353E-02	 0	
  .0001728	 6.666667E-02	 0	
  .0001729	 5.882353E-02	 0	
  .000173	 7.450981E-02	 0	
  .0001731	 8.235294E-02	 0	
  .0001732	 7.450981E-02	 0	
  .0001733	 6.666667E-02	 0	
  .0001734	 7.450981E-02	 0	
  .0001735	 5.882353E-02	 0	
  .0001736	 8.235294E-02	 0	
  .0001737	 6.666667E-02	 0	
  .0001738	 5.882353E-02	 0	
  .0001739	 6.666667E-02	 0	
  .000174	 6.666667E-02	 0	
  .0001741	 7.450981E-02	 0	
  .0001742	 7.450981E-02	 0	
  .0001743	 8.235294E-02	 0	
  .0001744	 7.450981E-02	 0	
  .0001745	 7.450981E-02	 0	
  .0001746	 7.450981E-02	 0	
  .0001747	 6.666667E-02	 0	
  .0001748	 7.450981E-02	 0	
  .0001749	 5.882353E-02	 0	
  .000175	 5.882353E-02	 0	
  .0001751	 5.882353E-02	 0	
  .0001752	 6.666667E-02	 0	
  .0001753	 7.450981E-02	 0	
  .0001754	 7.450981E-02	 0	
  .0001755	 5.882353E-02	 0	
  .0001756	 6.666667E-02	 0	
  .0001757	 7.450981E-02	 0	
  .0001758	 8.235294E-02	 0	
  .0001759	 6.666667E-02	 0	
  .000176	 6.666667E-02	 0	
  .0001761	 6.666667E-02	 0	
  .0001762	 5.882353E-02	 0	
  .0001763	 6.666667E-02	 0	
  .0001764	 7.450981E-02	 0	
  .0001765	 7.450981E-02	 0	
  .0001766	 8.235294E-02	 0	
  .0001767	 5.882353E-02	 0	
  .0001768	 5.882353E-02	 0	
  .0001769	 7.450981E-02	 0	
  .000177	 7.450981E-02	 0	
  .0001771	 6.666667E-02	 0	
  .0001772	 6.666667E-02	 0	
  .0001773	 7.450981E-02	 0	
  .0001774	 6.666667E-02	 0	
  .0001775	 6.666667E-02	 0	
  .0001776	 6.666667E-02	 0	
  .0001777	 6.666667E-02	 0	
  .0001778	 6.666667E-02	 0	
  .0001779	 6.666667E-02	 0	
  .000178	 6.666667E-02	 0	
  .0001781	 5.882353E-02	 0	
  .0001782	 6.666667E-02	 0	
  .0001783	 6.666667E-02	 0	
  .0001784	 5.882353E-02	 0	
  .0001785	 7.450981E-02	 0	
  .0001786	 7.450981E-02	 0	
  .0001787	 5.882353E-02	 0	
  .0001788	 5.098039E-02	 0	
  .0001789	 6.666667E-02	 0	
  .000179	 5.882353E-02	 0	
  .0001791	 5.882353E-02	 0	
  .0001792	 5.098039E-02	 0	
  .0001793	 6.666667E-02	 0	
  .0001794	 7.450981E-02	 0	
  .0001795	 5.098039E-02	 0	
  .0001796	 5.882353E-02	 0	
  .0001797	 7.450981E-02	 0	
  .0001798	 5.882353E-02	 0	
  .0001799	 5.098039E-02	 0	
  .00018	 5.882353E-02	 0	
  .0001801	 6.666667E-02	 0	
  .0001802	 6.666667E-02	 0	
  .0001803	 5.882353E-02	 0	
  .0001804	 5.882353E-02	 0	
  .0001805	 5.882353E-02	 0	
  .0001806	 7.450981E-02	 0	
  .0001807	 6.666667E-02	 0	
  .0001808	 5.098039E-02	 0	
  .0001809	 6.666667E-02	 0	
  .000181	 6.666667E-02	 0	
  .0001811	 5.882353E-02	 0	
  .0001812	 5.882353E-02	 0	
  .0001813	 6.666667E-02	 0	
  .0001814	 5.882353E-02	 0	
  .0001815	 6.666667E-02	 0	
  .0001816	 5.882353E-02	 0	
  .0001817	 5.098039E-02	 0	
  .0001818	 5.098039E-02	 0	
  .0001819	 5.098039E-02	 0	
  .000182	 5.882353E-02	 0	
  .0001821	 5.098039E-02	 0	
  .0001822	 5.098039E-02	 0	
  .0001823	 5.098039E-02	 0	
  .0001824	 4.313726E-02	 0	
  .0001825	 4.313726E-02	 0	
  .0001826	 5.882353E-02	 0	
  .0001827	 4.313726E-02	 0	
  .0001828	 4.313726E-02	 0	
  .0001829	 5.098039E-02	 0	
  .000183	 5.098039E-02	 0	
  .0001831	 5.098039E-02	 0	
  .0001832	 5.098039E-02	 0	
  .0001833	 5.098039E-02	 0	
  .0001834	 4.313726E-02	 0	
  .0001835	 6.666667E-02	 0	
  .0001836	 5.882353E-02	 0	
  .0001837	 4.313726E-02	 0	
  .0001838	 3.529412E-02	 0	
  .0001839	 4.313726E-02	 0	
  .000184	 5.098039E-02	 0	
  .0001841	 4.313726E-02	 0	
  .0001842	 4.313726E-02	 0	
  .0001843	 4.313726E-02	 0	
  .0001844	 5.098039E-02	 0	
  .0001845	 5.098039E-02	 0	
  .0001846	 4.313726E-02	 0	
  .0001847	 4.313726E-02	 0	
  .0001848	 3.529412E-02	 0	
  .0001849	 4.313726E-02	 0	
  .000185	 2.745098E-02	 0	
  .0001851	 3.529412E-02	 0	
  .0001852	 4.313726E-02	 0	
  .0001853	 3.529412E-02	 0	
  .0001854	 3.529412E-02	 0	
  .0001855	 2.745098E-02	 0	
  .0001856	 3.529412E-02	 0	
  .0001857	 4.313726E-02	 0	
  .0001858	 3.529412E-02	 0	
  .0001859	 3.529412E-02	 0	
  .000186	 4.313726E-02	 0	
  .0001861	 2.745098E-02	 0	
  .0001862	 3.529412E-02	 0	
  .0001863	 3.529412E-02	 0	
  .0001864	 3.529412E-02	 0	
  .0001865	 2.745098E-02	 0	
  .0001866	 3.529412E-02	 0	
  .0001867	 1.960784E-02	 0	
  .0001868	 2.745098E-02	 0	
  .0001869	 4.313726E-02	 0	
  .000187	 2.745098E-02	 0	
  .0001871	 3.529412E-02	 0	
  .0001872	 2.745098E-02	 0	
  .0001873	 2.745098E-02	 0	
  .0001874	 1.960784E-02	 0	
  .0001875	 1.960784E-02	 0	
  .0001876	 1.960784E-02	 0	
  .0001877	 2.745098E-02	 0	
  .0001878	 2.745098E-02	 0	
  .0001879	 2.745098E-02	 0	
  .000188	 1.960784E-02	 0	
  .0001881	 1.176471E-02	 0	
  .0001882	 2.745098E-02	 0	
  .0001883	 1.176471E-02	 0	
  .0001884	 2.745098E-02	 0	
  .0001885	 2.745098E-02	 0	
  .0001886	 1.176471E-02	 0	
  .0001887	 1.960784E-02	 0	
  .0001888	 2.745098E-02	 0	
  .0001889	 1.176471E-02	 0	
  .000189	 1.176471E-02	 0	
  .0001891	 1.176471E-02	 0	
  .0001892	 1.176471E-02	 0	
  .0001893	 1.960784E-02	 0	
  .0001894	 1.960784E-02	 0	
  .0001895	 1.176471E-02	 0	
  .0001896	 1.960784E-02	 0	
  .0001897	 1.960784E-02	 0	
  .0001898	 1.960784E-02	 0	
  .0001899	 1.176471E-02	 0	
  .00019	 1.176471E-02	 0	
  .0001901	 2.745098E-02	 0	
  .0001902	 1.960784E-02	 0	
  .0001903	 1.960784E-02	 0	
  .0001904	 1.960784E-02	 0	
  .0001905	 1.176471E-02	 0	
  .0001906	 1.176471E-02	 0	
  .0001907	 1.176471E-02	 0	
  .0001908	 1.176471E-02	 0	
  .0001909	 1.176471E-02	 0	
  .000191	 1.176471E-02	 0	
  .0001911	 3.921569E-03	 0	
  .0001912	 1.176471E-02	 0	
  .0001913	 1.176471E-02	 0	
  .0001914	 3.921569E-03	 0	
  .0001915	 1.176471E-02	 0	
  .0001916	 3.921569E-03	 0	
  .0001917	-3.921569E-03	 0	
  .0001918	-3.921569E-03	 0	
  .0001919	-3.921569E-03	 0	
  .000192	 3.921569E-03	 0	
  .0001921	-1.176471E-02	 0	
  .0001922	 3.921569E-03	 0	
  .0001923	-1.176471E-02	 0	
  .0001924	-3.921569E-03	 0	
  .0001925	 3.921569E-03	 0	
  .0001926	-1.176471E-02	 0	
  .0001927	 3.921569E-03	 0	
  .0001928	-3.921569E-03	 0	
  .0001929	 3.921569E-03	 0	
  .000193	-3.921569E-03	 0	
  .0001931	-3.921569E-03	 0	
  .0001932	 3.921569E-03	 0	
  .0001933	-1.176471E-02	 0	
  .0001934	 1.176471E-02	 0	
  .0001935	-3.921569E-03	 0	
  .0001936	-1.176471E-02	 0	
  .0001937	-1.176471E-02	 0	
  .0001938	-1.176471E-02	 0	
  .0001939	 1.176471E-02	 0	
  .000194	-1.176471E-02	 0	
  .0001941	-1.176471E-02	 0	
  .0001942	-1.176471E-02	 0	
  .0001943	-3.921569E-03	 0	
  .0001944	-3.921569E-03	 0	
  .0001945	-3.921569E-03	 0	
  .0001946	-1.176471E-02	 0	
  .0001947	-1.960784E-02	 0	
  .0001948	-1.176471E-02	 0	
  .0001949	-1.176471E-02	 0	
  .000195	-1.176471E-02	 0	
  .0001951	-1.176471E-02	 0	
  .0001952	-1.960784E-02	 0	
  .0001953	-1.176471E-02	 0	
  .0001954	-1.960784E-02	 0	
  .0001955	-1.176471E-02	 0	
  .0001956	-1.176471E-02	 0	
  .0001957	-1.176471E-02	 0	
  .0001958	-1.176471E-02	 0	
  .0001959	-1.176471E-02	 0	
  .000196	-1.960784E-02	 0	
  .0001961	-2.745098E-02	 0	
  .0001962	-1.960784E-02	 0	
  .0001963	-1.960784E-02	 0	
  .0001964	-1.176471E-02	 0	
  .0001965	-1.960784E-02	 0	
  .0001966	-2.745098E-02	 0	
  .0001967	-1.960784E-02	 0	
  .0001968	-1.960784E-02	 0	
  .0001969	-2.745098E-02	 0	
  .000197	-2.745098E-02	 0	
  .0001971	-1.960784E-02	 0	
  .0001972	-2.745098E-02	 0	
  .0001973	-2.745098E-02	 0	
  .0001974	-1.960784E-02	 0	
  .0001975	-1.960784E-02	 0	
  .0001976	-2.745098E-02	 0	
  .0001977	-1.960784E-02	 0	
  .0001978	-3.529412E-02	 0	
  .0001979	-2.745098E-02	 0	
  .000198	-2.745098E-02	 0	
  .0001981	-3.529412E-02	 0	
  .0001982	-2.745098E-02	 0	
  .0001983	-2.745098E-02	 0	
  .0001984	-1.960784E-02	 0	
  .0001985	-3.529412E-02	 0	
  .0001986	-2.745098E-02	 0	
  .0001987	-1.960784E-02	 0	
  .0001988	-2.745098E-02	 0	
  .0001989	-3.529412E-02	 0	
  .000199	-3.529412E-02	 0	
  .0001991	-3.529412E-02	 0	
  .0001992	-1.960784E-02	 0	
  .0001993	-1.960784E-02	 0	
  .0001994	-2.745098E-02	 0	
  .0001995	-1.960784E-02	 0	
  .0001996	-2.745098E-02	 0	
  .0001997	-3.529412E-02	 0	
  .0001998	-2.745098E-02	 0	
  .0001999	-2.745098E-02	 0	
  .0002	-1.960784E-02	 0	
  .0002001	-1.960784E-02	 0	
  .0002002	-2.745098E-02	 0	
  .0002003	-3.529412E-02	 0	
  .0002004	-3.529412E-02	 0	
  .0002005	-2.745098E-02	 0	
  .0002006	-3.529412E-02	 0	
  .0002007	-3.529412E-02	 0	
  .0002008	-1.960784E-02	 0	
  .0002009	-3.529412E-02	 0	
  .000201	-3.529412E-02	 0	
  .0002011	-2.745098E-02	 0	
  .0002012	-3.529412E-02	 0	
  .0002013	-2.745098E-02	 0	
  .0002014	-1.960784E-02	 0	
  .0002015	-2.745098E-02	 0	
  .0002016	-3.529412E-02	 0	
  .0002017	-4.313726E-02	 0	
  .0002018	-2.745098E-02	 0	
  .0002019	-2.745098E-02	 0	
  .000202	-4.313726E-02	 0	
  .0002021	-3.529412E-02	 0	
  .0002022	-3.529412E-02	 0	
  .0002023	-3.529412E-02	 0	
  .0002024	-2.745098E-02	 0	
  .0002025	-3.529412E-02	 0	
  .0002026	-3.529412E-02	 0	
  .0002027	-2.745098E-02	 0	
  .0002028	-2.745098E-02	 0	
  .0002029	-2.745098E-02	 0	
  .000203	-4.313726E-02	 0	
  .0002031	-4.313726E-02	 0	
  .0002032	-3.529412E-02	 0	
  .0002033	-1.960784E-02	 0	
  .0002034	-2.745098E-02	 0	
  .0002035	-3.529412E-02	 0	
  .0002036	-3.529412E-02	 0	
  .0002037	-2.745098E-02	 0	
  .0002038	-4.313726E-02	 0	
  .0002039	-3.529412E-02	 0	
  .000204	-3.529412E-02	 0	
  .0002041	-3.529412E-02	 0	
  .0002042	-1.960784E-02	 0	
  .0002043	-3.529412E-02	 0	
  .0002044	-4.313726E-02	 0	
  .0002045	-2.745098E-02	 0	
  .0002046	-5.098039E-02	 0	
  .0002047	-3.529412E-02	 0	
  .0002048	-3.529412E-02	 0	
  .0002049	-2.745098E-02	 0	
  .000205	-2.745098E-02	 0	
  .0002051	-2.745098E-02	 0	
  .0002052	-3.529412E-02	 0	
  .0002053	-3.529412E-02	 0	
  .0002054	-2.745098E-02	 0	
  .0002055	-2.745098E-02	 0	
  .0002056	-3.529412E-02	 0	
  .0002057	-2.745098E-02	 0	
  .0002058	-2.745098E-02	 0	
  .0002059	-3.529412E-02	 0	
  .000206	-2.745098E-02	 0	
  .0002061	-2.745098E-02	 0	
  .0002062	-3.529412E-02	 0	
  .0002063	-2.745098E-02	 0	
  .0002064	-4.313726E-02	 0	
  .0002065	-2.745098E-02	 0	
  .0002066	-3.529412E-02	 0	
  .0002067	-3.529412E-02	 0	
  .0002068	-3.529412E-02	 0	
  .0002069	-3.529412E-02	 0	
  .000207	-2.745098E-02	 0	
  .0002071	-4.313726E-02	 0	
  .0002072	-3.529412E-02	 0	
  .0002073	-2.745098E-02	 0	
  .0002074	-3.529412E-02	 0	
  .0002075	-2.745098E-02	 0	
  .0002076	-2.745098E-02	 0	
  .0002077	-2.745098E-02	 0	
  .0002078	-3.529412E-02	 0	
  .0002079	-1.960784E-02	 0	
  .000208	-2.745098E-02	 0	
  .0002081	-2.745098E-02	 0	
  .0002082	-3.529412E-02	 0	
  .0002083	-2.745098E-02	 0	
  .0002084	-3.529412E-02	 0	
  .0002085	-2.745098E-02	 0	
  .0002086	-2.745098E-02	 0	
  .0002087	-2.745098E-02	 0	
  .0002088	-2.745098E-02	 0	
  .0002089	-2.745098E-02	 0	
  .000209	-3.529412E-02	 0	
  .0002091	-2.745098E-02	 0	
  .0002092	-1.960784E-02	 0	
  .0002093	-2.745098E-02	 0	
  .0002094	-1.960784E-02	 0	
  .0002095	-1.176471E-02	 0	
  .0002096	-1.960784E-02	 0	
  .0002097	-2.745098E-02	 0	
  .0002098	-1.176471E-02	 0	
  .0002099	-1.960784E-02	 0	
  .00021	-1.960784E-02	 0	
  .0002101	-2.745098E-02	 0	
  .0002102	-1.960784E-02	 0	
  .0002103	-1.960784E-02	 0	
  .0002104	-2.745098E-02	 0	
  .0002105	-2.745098E-02	 0	
  .0002106	-1.176471E-02	 0	
  .0002107	-1.176471E-02	 0	
  .0002108	-1.960784E-02	 0	
  .0002109	-1.176471E-02	 0	
  .000211	-1.960784E-02	 0	
  .0002111	-2.745098E-02	 0	
  .0002112	-1.960784E-02	 0	
  .0002113	-1.960784E-02	 0	
  .0002114	-1.960784E-02	 0	
  .0002115	-2.745098E-02	 0	
  .0002116	-1.960784E-02	 0	
  .0002117	-2.745098E-02	 0	
  .0002118	-1.960784E-02	 0	
  .0002119	-1.176471E-02	 0	
  .000212	-1.960784E-02	 0	
  .0002121	-1.960784E-02	 0	
  .0002122	-2.745098E-02	 0	
  .0002123	-1.960784E-02	 0	
  .0002124	-1.176471E-02	 0	
  .0002125	-1.960784E-02	 0	
  .0002126	-1.176471E-02	 0	
  .0002127	-3.921569E-03	 0	
  .0002128	-1.176471E-02	 0	
  .0002129	-1.176471E-02	 0	
  .000213	-1.176471E-02	 0	
  .0002131	-1.960784E-02	 0	
  .0002132	-3.921569E-03	 0	
  .0002133	-1.176471E-02	 0	
  .0002134	-1.960784E-02	 0	
  .0002135	-1.960784E-02	 0	
  .0002136	-1.176471E-02	 0	
  .0002137	-3.921569E-03	 0	
  .0002138	-3.921569E-03	 0	
  .0002139	-1.176471E-02	 0	
  .000214	-3.921569E-03	 0	
  .0002141	-1.176471E-02	 0	
  .0002142	-1.176471E-02	 0	
  .0002143	-3.921569E-03	 0	
  .0002144	-3.921569E-03	 0	
  .0002145	-1.176471E-02	 0	
  .0002146	-1.176471E-02	 0	
  .0002147	-1.960784E-02	 0	
  .0002148	-3.921569E-03	 0	
  .0002149	 3.921569E-03	 0	
  .000215	-1.176471E-02	 0	
  .0002151	-3.921569E-03	 0	
  .0002152	-3.921569E-03	 0	
  .0002153	-3.921569E-03	 0	
  .0002154	-3.921569E-03	 0	
  .0002155	-3.921569E-03	 0	
  .0002156	 3.921569E-03	 0	
  .0002157	-3.921569E-03	 0	
  .0002158	-3.921569E-03	 0	
  .0002159	-1.176471E-02	 0	
  .000216	-1.176471E-02	 0	
  .0002161	 3.921569E-03	 0	
  .0002162	 3.921569E-03	 0	
  .0002163	-1.176471E-02	 0	
  .0002164	-3.921569E-03	 0	
  .0002165	-1.176471E-02	 0	
  .0002166	 3.921569E-03	 0	
  .0002167	 3.921569E-03	 0	
  .0002168	 3.921569E-03	 0	
  .0002169	 3.921569E-03	 0	
  .000217	 3.921569E-03	 0	
  .0002171	 3.921569E-03	 0	
  .0002172	 3.921569E-03	 0	
  .0002173	 3.921569E-03	 0	
  .0002174	-1.176471E-02	 0	
  .0002175	-3.921569E-03	 0	
  .0002176	 3.921569E-03	 0	
  .0002177	 3.921569E-03	 0	
  .0002178	-3.921569E-03	 0	
  .0002179	 3.921569E-03	 0	
  .000218	 3.921569E-03	 0	
  .0002181	 3.921569E-03	 0	
  .0002182	 2.745098E-02	 0	
  .0002183	 3.921569E-03	 0	
  .0002184	 3.921569E-03	 0	
  .0002185	 3.921569E-03	 0	
  .0002186	-3.921569E-03	 0	
  .0002187	 3.921569E-03	 0	
  .0002188	 3.921569E-03	 0	
  .0002189	 3.921569E-03	 0	
  .000219	 3.921569E-03	 0	
  .0002191	 3.921569E-03	 0	
  .0002192	 1.176471E-02	 0	
  .0002193	 1.176471E-02	 0	
  .0002194	 1.176471E-02	 0	
  .0002195	 1.960784E-02	 0	
  .0002196	 1.176471E-02	 0	
  .0002197	 1.960784E-02	 0	
  .0002198	 1.960784E-02	 0	
  .0002199	 2.745098E-02	 0	
  .00022	 1.176471E-02	 0	
  .0002201	 1.176471E-02	 0	
  .0002202	 1.176471E-02	 0	
  .0002203	 1.176471E-02	 0	
  .0002204	 1.176471E-02	 0	
  .0002205	 1.176471E-02	 0	
  .0002206	 2.745098E-02	 0	
  .0002207	 1.960784E-02	 0	
  .0002208	 1.176471E-02	 0	
  .0002209	 1.960784E-02	 0	
  .000221	 1.960784E-02	 0	
  .0002211	 1.960784E-02	 0	
  .0002212	 1.960784E-02	 0	
  .0002213	 1.960784E-02	 0	
  .0002214	 1.176471E-02	 0	
  .0002215	 1.176471E-02	 0	
  .0002216	 1.960784E-02	 0	
  .0002217	 1.960784E-02	 0	
  .0002218	 2.745098E-02	 0	
  .0002219	 1.960784E-02	 0	
  .000222	 1.176471E-02	 0	
  .0002221	 1.176471E-02	 0	
  .0002222	 1.176471E-02	 0	
  .0002223	 1.176471E-02	 0	
  .0002224	 2.745098E-02	 0	
  .0002225	 2.745098E-02	 0	
  .0002226	 3.529412E-02	 0	
  .0002227	 2.745098E-02	 0	
  .0002228	 1.960784E-02	 0	
  .0002229	 1.960784E-02	 0	
  .000223	 1.960784E-02	 0	
  .0002231	 2.745098E-02	 0	
  .0002232	 1.960784E-02	 0	
  .0002233	 2.745098E-02	 0	
  .0002234	 1.960784E-02	 0	
  .0002235	 2.745098E-02	 0	
  .0002236	 3.529412E-02	 0	
  .0002237	 2.745098E-02	 0	
  .0002238	 1.176471E-02	 0	
  .0002239	 2.745098E-02	 0	
  .000224	 2.745098E-02	 0	
  .0002241	 1.176471E-02	 0	
  .0002242	 2.745098E-02	 0	
  .0002243	 3.529412E-02	 0	
  .0002244	 2.745098E-02	 0	
  .0002245	 3.529412E-02	 0	
  .0002246	 1.960784E-02	 0	
  .0002247	 1.960784E-02	 0	
  .0002248	 2.745098E-02	 0	
  .0002249	 3.529412E-02	 0	
  .000225	 1.960784E-02	 0	
