 -.0000249	 1.176471E-02	 0	
 -.0000248	 3.921569E-03	 0	
 -.0000247	 1.960784E-02	 0	
 -.0000246	 1.176471E-02	 0	
 -.0000245	 1.176471E-02	 0	
 -.0000244	 1.176471E-02	 0	
 -.0000243	 1.176471E-02	 0	
 -.0000242	 1.176471E-02	 0	
 -.0000241	 1.960784E-02	 0	
 -.000024	 1.960784E-02	 0	
 -.0000239	 3.921569E-03	 0	
 -.0000238	 1.960784E-02	 0	
 -.0000237	 1.176471E-02	 0	
 -.0000236	 1.176471E-02	 0	
 -.0000235	-3.921569E-03	 0	
 -.0000234	 1.176471E-02	 0	
 -.0000233	 1.176471E-02	 0	
 -.0000232	 3.921569E-03	 0	
 -.0000231	 1.176471E-02	 0	
 -.000023	 3.921569E-03	 0	
 -.0000229	 3.921569E-03	 0	
 -.0000228	 1.176471E-02	 0	
 -.0000227	 1.960784E-02	 0	
 -.0000226	 1.960784E-02	 0	
 -.0000225	 1.176471E-02	 0	
 -.0000224	 1.176471E-02	 0	
 -.0000223	 3.921569E-03	 0	
 -.0000222	 1.960784E-02	 0	
 -.0000221	 3.921569E-03	 0	
 -.000022	 3.921569E-03	 0	
 -.0000219	 1.176471E-02	 0	
 -.0000218	 3.921569E-03	 0	
 -.0000217	 1.960784E-02	 0	
 -.0000216	 1.176471E-02	 0	
 -.0000215	 1.176471E-02	 0	
 -.0000214	 1.176471E-02	 0	
 -.0000213	 1.176471E-02	 0	
 -.0000212	 1.176471E-02	 0	
 -.0000211	 1.176471E-02	 0	
 -.000021	 1.960784E-02	 0	
 -.0000209	 1.960784E-02	 0	
 -.0000208	 1.176471E-02	 0	
 -.0000207	 3.921569E-03	 0	
 -.0000206	 3.921569E-03	 0	
 -.0000205	 1.960784E-02	 0	
 -.0000204	 1.176471E-02	 0	
 -.0000203	 1.176471E-02	 0	
 -.0000202	 1.176471E-02	 0	
 -.0000201	 1.960784E-02	 0	
 -.00002	 1.176471E-02	 0	
 -.0000199	 1.176471E-02	 0	
 -.0000198	 1.960784E-02	 0	
 -.0000197	 1.960784E-02	 0	
 -.0000196	 3.921569E-03	 0	
 -.0000195	 1.176471E-02	 0	
 -.0000194	 1.960784E-02	 0	
 -.0000193	 1.176471E-02	 0	
 -.0000192	 1.176471E-02	 0	
 -.0000191	 3.921569E-03	 0	
 -.000019	 3.921569E-03	 0	
 -.0000189	 1.176471E-02	 0	
 -.0000188	 1.960784E-02	 0	
 -.0000187	 3.921569E-03	 0	
 -.0000186	 1.176471E-02	 0	
 -.0000185	 1.176471E-02	 0	
 -.0000184	 3.921569E-03	 0	
 -.0000183	 1.176471E-02	 0	
 -.0000182	 1.176471E-02	 0	
 -.0000181	 3.921569E-03	 0	
 -.000018	 1.176471E-02	 0	
 -.0000179	 1.176471E-02	 0	
 -.0000178	 1.176471E-02	 0	
 -.0000177	 3.921569E-03	 0	
 -.0000176	 1.176471E-02	 0	
 -.0000175	 1.176471E-02	 0	
 -.0000174	 3.921569E-03	 0	
 -.0000173	 1.176471E-02	 0	
 -.0000172	 1.176471E-02	 0	
 -.0000171	 3.921569E-03	 0	
 -.000017	 3.921569E-03	 0	
 -.0000169	 1.176471E-02	 0	
 -.0000168	 1.176471E-02	 0	
 -.0000167	 1.176471E-02	 0	
 -.0000166	 1.176471E-02	 0	
 -.0000165	 3.921569E-03	 0	
 -.0000164	 1.176471E-02	 0	
 -.0000163	 1.176471E-02	 0	
 -.0000162	 1.176471E-02	 0	
 -.0000161	 1.176471E-02	 0	
 -.000016	 1.176471E-02	 0	
 -.0000159	 3.921569E-03	 0	
 -.0000158	 1.176471E-02	 0	
 -.0000157	 1.176471E-02	 0	
 -.0000156	 1.176471E-02	 0	
 -.0000155	 1.960784E-02	 0	
 -.0000154	 1.176471E-02	 0	
 -.0000153	 1.176471E-02	 0	
 -.0000152	 3.921569E-03	 0	
 -.0000151	 1.176471E-02	 0	
 -.000015	 1.176471E-02	 0	
 -.0000149	 1.960784E-02	 0	
 -.0000148	 1.960784E-02	 0	
 -.0000147	 1.176471E-02	 0	
 -.0000146	 1.176471E-02	 0	
 -.0000145	 1.176471E-02	 0	
 -.0000144	 1.176471E-02	 0	
 -.0000143	 1.176471E-02	 0	
 -.0000142	 1.960784E-02	 0	
 -.0000141	 1.960784E-02	 0	
 -.000014	 3.921569E-03	 0	
 -.0000139	 1.176471E-02	 0	
 -.0000138	 1.176471E-02	 0	
 -.0000137	 1.960784E-02	 0	
 -.0000136	 1.176471E-02	 0	
 -.0000135	-3.921569E-03	 0	
 -.0000134	 3.921569E-03	 0	
 -.0000133	 3.921569E-03	 0	
 -.0000132	 3.921569E-03	 0	
 -.0000131	 3.921569E-03	 0	
 -.000013	 3.921569E-03	 0	
 -.0000129	 3.921569E-03	 0	
 -.0000128	 1.960784E-02	 0	
 -.0000127	 1.176471E-02	 0	
 -.0000126	 1.176471E-02	 0	
 -.0000125	 1.176471E-02	 0	
 -.0000124	 1.176471E-02	 0	
 -.0000123	 1.960784E-02	 0	
 -.0000122	 1.176471E-02	 0	
 -.0000121	 3.921569E-03	 0	
 -.000012	 3.921569E-03	 0	
 -.0000119	 3.921569E-03	 0	
 -.0000118	 1.176471E-02	 0	
 -.0000117	 1.176471E-02	 0	
 -.0000116	 1.176471E-02	 0	
 -.0000115	 3.921569E-03	 0	
 -.0000114	 1.960784E-02	 0	
 -.0000113	 3.921569E-03	 0	
 -.0000112	 1.176471E-02	 0	
 -.0000111	 1.176471E-02	 0	
 -.000011	 1.176471E-02	 0	
 -.0000109	 3.921569E-03	 0	
 -.0000108	 3.921569E-03	 0	
 -.0000107	 1.176471E-02	 0	
 -.0000106	 1.176471E-02	 0	
 -.0000105	 1.176471E-02	 0	
 -.0000104	 1.176471E-02	 0	
 -.0000103	 3.921569E-03	 0	
 -.0000102	 3.921569E-03	 0	
 -.0000101	 1.960784E-02	 0	
 -.00001	 3.921569E-03	 0	
 -.0000099	 1.960784E-02	 0	
 -.0000098	 1.176471E-02	 0	
 -.0000097	 1.176471E-02	 0	
 -.0000096	 1.176471E-02	 0	
 -.0000095	 3.921569E-03	 0	
 -.0000094	 1.960784E-02	 0	
 -.0000093	 1.176471E-02	 0	
 -.0000092	 3.921569E-03	 0	
 -.0000091	 1.176471E-02	 0	
 -.000009	 1.960784E-02	 0	
 -.0000089	 1.176471E-02	 0	
 -.0000088	 1.176471E-02	 0	
 -.0000087	 1.176471E-02	 0	
 -.0000086	 1.176471E-02	 0	
 -.0000085	 1.176471E-02	 0	
 -.0000084	 1.176471E-02	 0	
 -.0000083	 1.176471E-02	 0	
 -.0000082	 1.176471E-02	 0	
 -.0000081	 1.176471E-02	 0	
 -.000008	 3.921569E-03	 0	
 -.0000079	 1.176471E-02	 0	
 -.0000078	 3.921569E-03	 0	
 -.0000077	 1.960784E-02	 0	
 -.0000076	 1.176471E-02	 0	
 -.0000075	 3.921569E-03	 0	
 -.0000074	 1.176471E-02	 0	
 -.0000073	 1.176471E-02	 0	
 -.0000072	 1.176471E-02	 0	
 -.0000071	 1.960784E-02	 0	
 -.000007	 1.176471E-02	 0	
 -.0000069	 1.960784E-02	 0	
 -.0000068	 1.176471E-02	 0	
 -.0000067	 1.176471E-02	 0	
 -.0000066	 1.176471E-02	 0	
 -.0000065	 1.176471E-02	 0	
 -.0000064	 1.176471E-02	 0	
 -.0000063	 1.176471E-02	 0	
 -.0000062	 1.176471E-02	 0	
 -.0000061	 1.176471E-02	 0	
 -.000006	 3.921569E-03	 0	
 -.0000059	 1.176471E-02	 0	
 -.0000058	 1.960784E-02	 0	
 -.0000057	 1.960784E-02	 0	
 -.0000056	 1.960784E-02	 0	
 -.0000055	 1.960784E-02	 0	
 -.0000054	 1.960784E-02	 0	
 -.0000053	 1.176471E-02	 0	
 -.0000052	 1.176471E-02	 0	
 -.0000051	 3.921569E-03	 0	
 -.000005	 1.960784E-02	 0	
 -.0000049	 1.176471E-02	 0	
 -.0000048	 1.176471E-02	 0	
 -.0000047	 1.960784E-02	 0	
 -.0000046	 1.176471E-02	 0	
 -.0000045	 1.176471E-02	 0	
 -.0000044	 3.921569E-03	 0	
 -.0000043	 1.960784E-02	 0	
 -.0000042	 1.176471E-02	 0	
 -.0000041	 3.921569E-03	 0	
 -.000004	 1.176471E-02	 0	
 -.0000039	 1.176471E-02	 0	
 -.0000038	 1.960784E-02	 0	
 -.0000037	 1.176471E-02	 0	
 -.0000036	 1.176471E-02	 0	
 -.0000035	 1.176471E-02	 0	
 -.0000034	 3.921569E-03	 0	
 -.0000033	 1.176471E-02	 0	
 -.0000032	 1.176471E-02	 0	
 -.0000031	 1.176471E-02	 0	
 -.000003	 1.176471E-02	 0	
 -.0000029	 1.960784E-02	 0	
 -.0000028	 1.176471E-02	 0	
 -.0000027	 1.176471E-02	 0	
 -.0000026	 1.176471E-02	 0	
 -.0000025	 1.176471E-02	 0	
 -.0000024	 1.960784E-02	 0	
 -.0000023	 1.176471E-02	 0	
 -.0000022	 3.921569E-03	 0	
 -.0000021	-3.921569E-03	 0	
 -.000002	 3.921569E-03	 0	
 -.0000019	 1.960784E-02	 0	
 -.0000018	 1.176471E-02	 0	
 -.0000017	 1.960784E-02	 0	
 -.0000016	 1.176471E-02	 0	
 -.0000015	 1.176471E-02	 0	
 -.0000014	 1.176471E-02	 0	
 -.0000013	 1.176471E-02	 0	
 -.0000012	 1.176471E-02	 0	
 -.0000011	 1.176471E-02	 0	
 -.000001	 1.176471E-02	 0	
 -.0000009	 3.921569E-03	 0	
 -.0000008	 1.176471E-02	 0	
 -.0000007	 2.745098E-02	 0	
 -.0000006	 1.176471E-02	 0	
 -.0000005	 1.176471E-02	 0	
 -.0000004	 1.176471E-02	 0	
 -.0000003	 1.176471E-02	 0	
 -.0000002	 1.960784E-02	 0	
 -.0000001	 1.176471E-02	 0	
  0	 1.960784E-02	 0	
  .0000001	 1.960784E-02	 0	
  .0000002	 .4980392	 0	
  .0000003	 1	 0	
  .0000004	 .8352941	 0	
  .0000005	 .9294118	 0	
  .0000006	 .8980392	 0	
  .0000007	 .8823529	 0	
  .0000008	 .8823529	 0	
  .0000009	 .8823529	 0	
  .000001	 .8745098	 0	
  .0000011	 .8745098	 0	
  .0000012	 .8666667	 0	
  .0000013	 .8666667	 0	
  .0000014	 .8666667	 0	
  .0000015	 .8588235	 0	
  .0000016	 .8509804	 0	
  .0000017	 .8431373	 0	
  .0000018	 .8352941	 0	
  .0000019	 .827451	 0	
  .000002	 .8196079	 0	
  .0000021	 .8196079	 0	
  .0000022	 .8196079	 0	
  .0000023	 .8196079	 0	
  .0000024	 .8039216	 0	
  .0000025	 .8039216	 0	
  .0000026	 .8039216	 0	
  .0000027	 .7882353	 0	
  .0000028	 .7882353	 0	
  .0000029	 .7803922	 0	
  .000003	 .7803922	 0	
  .0000031	 .7647059	 0	
  .0000032	 .7647059	 0	
  .0000033	 .7568628	 0	
  .0000034	 .7490196	 0	
  .0000035	 .7490196	 0	
  .0000036	 .7411765	 0	
  .0000037	 .7254902	 0	
  .0000038	 .7254902	 0	
  .0000039	 .7254902	 0	
  .000004	 .7098039	 0	
  .0000041	 .7098039	 0	
  .0000042	 .7098039	 0	
  .0000043	 .7019608	 0	
  .0000044	 .6941177	 0	
  .0000045	 .6941177	 0	
  .0000046	 .6784314	 0	
  .0000047	 .6705883	 0	
  .0000048	 .6705883	 0	
  .0000049	 .6627451	 0	
  .000005	 .6627451	 0	
  .0000051	 .654902	 0	
  .0000052	 .6470588	 0	
  .0000053	 .6392157	 0	
  .0000054	 .6392157	 0	
  .0000055	 .6470588	 0	
  .0000056	 .6392157	 0	
  .0000057	 .6235294	 0	
  .0000058	 .6156863	 0	
  .0000059	 .6078432	 0	
  .000006	 .6078432	 0	
  .0000061	 .6	 0	
  .0000062	 .5843138	 0	
  .0000063	 .5843138	 0	
  .0000064	 .5686275	 0	
  .0000065	 .5686275	 0	
  .0000066	 .5607843	 0	
  .0000067	 .5529412	 0	
  .0000068	 .5529412	 0	
  .0000069	 .5529412	 0	
  .000007	 .5450981	 0	
  .0000071	 .5294118	 0	
  .0000072	 .5215687	 0	
  .0000073	 .5137255	 0	
  .0000074	 .5058824	 0	
  .0000075	 .5058824	 0	
  .0000076	 .4980392	 0	
  .0000077	 .4901961	 0	
  .0000078	 .4823529	 0	
  .0000079	 .4666667	 0	
  .000008	 .4666667	 0	
  .0000081	 .4666667	 0	
  .0000082	 .4509804	 0	
  .0000083	 .4352941	 0	
  .0000084	 .4352941	 0	
  .0000085	 .427451	 0	
  .0000086	 .4196078	 0	
  .0000087	 .4039216	 0	
  .0000088	 .4117647	 0	
  .0000089	 .3882353	 0	
  .000009	 .3803922	 0	
  .0000091	 .3803922	 0	
  .0000092	 .3803922	 0	
  .0000093	 .3568628	 0	
  .0000094	 .3490196	 0	
  .0000095	 .3411765	 0	
  .0000096	 .3254902	 0	
  .0000097	 .3254902	 0	
  .0000098	 .3019608	 0	
  .0000099	 .3019608	 0	
  .00001	 .2941177	 0	
  .0000101	 .2784314	 0	
  .0000102	 .2784314	 0	
  .0000103	 .254902	 0	
  .0000104	 .2470588	 0	
  .0000105	 .2392157	 0	
  .0000106	 .2313726	 0	
  .0000107	 .2313726	 0	
  .0000108	 .2235294	 0	
  .0000109	 .2078431	 0	
  .000011	 .2	 0	
  .0000111	 .1921569	 0	
  .0000112	 .1843137	 0	
  .0000113	 .1686275	 0	
  .0000114	 .1607843	 0	
  .0000115	 .1607843	 0	
  .0000116	 .1529412	 0	
  .0000117	 .1372549	 0	
  .0000118	 .1294118	 0	
  .0000119	 .1215686	 0	
  .000012	 9.019608E-02	 0	
  .0000121	 .1058824	 0	
  .0000122	 9.019608E-02	 0	
  .0000123	 7.450981E-02	 0	
  .0000124	 7.450981E-02	 0	
  .0000125	 6.666667E-02	 0	
  .0000126	 5.098039E-02	 0	
  .0000127	 3.529412E-02	 0	
  .0000128	 2.745098E-02	 0	
  .0000129	 1.960784E-02	 0	
  .000013	 1.176471E-02	 0	
  .0000131	 3.921569E-03	 0	
  .0000132	 3.921569E-03	 0	
  .0000133	-3.921569E-03	 0	
  .0000134	-1.960784E-02	 0	
  .0000135	-1.960784E-02	 0	
  .0000136	-2.745098E-02	 0	
  .0000137	-3.529412E-02	 0	
  .0000138	-5.098039E-02	 0	
  .0000139	-5.882353E-02	 0	
  .000014	-5.882353E-02	 0	
  .0000141	-6.666667E-02	 0	
  .0000142	-7.450981E-02	 0	
  .0000143	-8.235294E-02	 0	
  .0000144	-9.803922E-02	 0	
  .0000145	-.1058824	 0	
  .0000146	-.1137255	 0	
  .0000147	-.1215686	 0	
  .0000148	-.1215686	 0	
  .0000149	-.1294118	 0	
  .000015	-.1372549	 0	
  .0000151	-.145098	 0	
  .0000152	-.1607843	 0	
  .0000153	-.1607843	 0	
  .0000154	-.1764706	 0	
  .0000155	-.1686275	 0	
  .0000156	-.1843137	 0	
  .0000157	-.1921569	 0	
  .0000158	-.2	 0	
  .0000159	-.2078431	 0	
  .000016	-.2156863	 0	
  .0000161	-.2156863	 0	
  .0000162	-.2313726	 0	
  .0000163	-.2313726	 0	
  .0000164	-.2470588	 0	
  .0000165	-.2470588	 0	
  .0000166	-.254902	 0	
  .0000167	-.2627451	 0	
  .0000168	-.2705882	 0	
  .0000169	-.2627451	 0	
  .000017	-.2784314	 0	
  .0000171	-.2941177	 0	
  .0000172	-.3019608	 0	
  .0000173	-.3098039	 0	
  .0000174	-.3098039	 0	
  .0000175	-.3176471	 0	
  .0000176	-.3254902	 0	
  .0000177	-.3333333	 0	
  .0000178	-.3411765	 0	
  .0000179	-.3411765	 0	
  .000018	-.3568628	 0	
  .0000181	-.3568628	 0	
  .0000182	-.3647059	 0	
  .0000183	-.3647059	 0	
  .0000184	-.3803922	 0	
  .0000185	-.3882353	 0	
  .0000186	-.3882353	 0	
  .0000187	-.3882353	 0	
  .0000188	-.3960784	 0	
  .0000189	-.4039216	 0	
  .000019	-.4196078	 0	
  .0000191	-.427451	 0	
  .0000192	-.427451	 0	
  .0000193	-.4352941	 0	
  .0000194	-.4431373	 0	
  .0000195	-.4431373	 0	
  .0000196	-.4431373	 0	
  .0000197	-.4588235	 0	
  .0000198	-.4588235	 0	
  .0000199	-.4666667	 0	
  .00002	-.4823529	 0	
  .0000201	-.4823529	 0	
  .0000202	-.4823529	 0	
  .0000203	-.4901961	 0	
  .0000204	-.4901961	 0	
  .0000205	-.5058824	 0	
  .0000206	-.5058824	 0	
  .0000207	-.5137255	 0	
  .0000208	-.5137255	 0	
  .0000209	-.5137255	 0	
  .000021	-.5294118	 0	
  .0000211	-.5215687	 0	
  .0000212	-.5294118	 0	
  .0000213	-.5294118	 0	
  .0000214	-.5215687	 0	
  .0000215	-.5294118	 0	
  .0000216	-.5372549	 0	
  .0000217	-.5450981	 0	
  .0000218	-.5607843	 0	
  .0000219	-.5450981	 0	
  .000022	-.5529412	 0	
  .0000221	-.5450981	 0	
  .0000222	-.5529412	 0	
  .0000223	-.5686275	 0	
  .0000224	-.5529412	 0	
  .0000225	-.5686275	 0	
  .0000226	-.5686275	 0	
  .0000227	-.5686275	 0	
  .0000228	-.5764706	 0	
  .0000229	-.5764706	 0	
  .000023	-.5764706	 0	
  .0000231	-.5843138	 0	
  .0000232	-.5764706	 0	
  .0000233	-.5764706	 0	
  .0000234	-.5764706	 0	
  .0000235	-.5843138	 0	
  .0000236	-.5843138	 0	
  .0000237	-.5843138	 0	
  .0000238	-.5843138	 0	
  .0000239	-.5843138	 0	
  .000024	-.5921569	 0	
  .0000241	-.5843138	 0	
  .0000242	-.5921569	 0	
  .0000243	-.6	 0	
  .0000244	-.5921569	 0	
  .0000245	-.5921569	 0	
  .0000246	-.5764706	 0	
  .0000247	-.5921569	 0	
  .0000248	-.5921569	 0	
  .0000249	-.5921569	 0	
  .000025	-.6	 0	
  .0000251	-.6	 0	
  .0000252	-.5843138	 0	
  .0000253	-.5921569	 0	
  .0000254	-.5686275	 0	
  .0000255	-.5529412	 0	
  .0000256	-.5686275	 0	
  .0000257	-.5607843	 0	
  .0000258	-.5686275	 0	
  .0000259	-.5686275	 0	
  .000026	-.5686275	 0	
  .0000261	-.5686275	 0	
  .0000262	-.5686275	 0	
  .0000263	-.5764706	 0	
  .0000264	-.5764706	 0	
  .0000265	-.5607843	 0	
  .0000266	-.5607843	 0	
  .0000267	-.5686275	 0	
  .0000268	-.5607843	 0	
  .0000269	-.5607843	 0	
  .000027	-.5607843	 0	
  .0000271	-.5607843	 0	
  .0000272	-.5686275	 0	
  .0000273	-.5607843	 0	
  .0000274	-.5764706	 0	
  .0000275	-.5686275	 0	
  .0000276	-.5764706	 0	
  .0000277	-.5686275	 0	
  .0000278	-.5529412	 0	
  .0000279	-.5607843	 0	
  .000028	-.5686275	 0	
  .0000281	-.5686275	 0	
  .0000282	-.5607843	 0	
  .0000283	-.5686275	 0	
  .0000284	-.5764706	 0	
  .0000285	-.5686275	 0	
  .0000286	-.5686275	 0	
  .0000287	-.5529412	 0	
  .0000288	-.5607843	 0	
  .0000289	-.5607843	 0	
  .000029	-.5529412	 0	
  .0000291	-.5450981	 0	
  .0000292	-.5607843	 0	
  .0000293	-.5529412	 0	
  .0000294	-.5529412	 0	
  .0000295	-.5529412	 0	
  .0000296	-.5450981	 0	
  .0000297	-.5529412	 0	
  .0000298	-.5450981	 0	
  .0000299	-.5529412	 0	
  .00003	-.5529412	 0	
  .0000301	-.5450981	 0	
  .0000302	-.5450981	 0	
  .0000303	-.5372549	 0	
  .0000304	-.5372549	 0	
  .0000305	-.5372549	 0	
  .0000306	-.5294118	 0	
  .0000307	-.5215687	 0	
  .0000308	-.5294118	 0	
  .0000309	-.5137255	 0	
  .000031	-.5215687	 0	
  .0000311	-.5215687	 0	
  .0000312	-.5137255	 0	
  .0000313	-.4980392	 0	
  .0000314	-.5058824	 0	
  .0000315	-.4980392	 0	
  .0000316	-.5058824	 0	
  .0000317	-.4980392	 0	
  .0000318	-.4980392	 0	
  .0000319	-.4901961	 0	
  .000032	-.4823529	 0	
  .0000321	-.4823529	 0	
  .0000322	-.4745098	 0	
  .0000323	-.4666667	 0	
  .0000324	-.4823529	 0	
  .0000325	-.4666667	 0	
  .0000326	-.4666667	 0	
  .0000327	-.4509804	 0	
  .0000328	-.4588235	 0	
  .0000329	-.4588235	 0	
  .000033	-.4588235	 0	
  .0000331	-.4509804	 0	
  .0000332	-.4352941	 0	
  .0000333	-.4431373	 0	
  .0000334	-.4352941	 0	
  .0000335	-.4352941	 0	
  .0000336	-.427451	 0	
  .0000337	-.4196078	 0	
  .0000338	-.4196078	 0	
  .0000339	-.4039216	 0	
  .000034	-.4117647	 0	
  .0000341	-.4117647	 0	
  .0000342	-.4039216	 0	
  .0000343	-.3960784	 0	
  .0000344	-.3882353	 0	
  .0000345	-.3882353	 0	
  .0000346	-.3803922	 0	
  .0000347	-.3803922	 0	
  .0000348	-.3803922	 0	
  .0000349	-.3647059	 0	
  .000035	-.3647059	 0	
  .0000351	-.3568628	 0	
  .0000352	-.3490196	 0	
  .0000353	-.3490196	 0	
  .0000354	-.3411765	 0	
  .0000355	-.3490196	 0	
  .0000356	-.3333333	 0	
  .0000357	-.3333333	 0	
  .0000358	-.3254902	 0	
  .0000359	-.3254902	 0	
  .000036	-.3176471	 0	
  .0000361	-.3176471	 0	
  .0000362	-.3098039	 0	
  .0000363	-.3019608	 0	
  .0000364	-.3019608	 0	
  .0000365	-.2862745	 0	
  .0000366	-.2941177	 0	
  .0000367	-.2705882	 0	
  .0000368	-.2784314	 0	
  .0000369	-.2705882	 0	
  .000037	-.2705882	 0	
  .0000371	-.2627451	 0	
  .0000372	-.254902	 0	
  .0000373	-.2470588	 0	
  .0000374	-.254902	 0	
  .0000375	-.2392157	 0	
  .0000376	-.2313726	 0	
  .0000377	-.2235294	 0	
  .0000378	-.2156863	 0	
  .0000379	-.2156863	 0	
  .000038	-.2078431	 0	
  .0000381	-.2	 0	
  .0000382	-.2	 0	
  .0000383	-.1921569	 0	
  .0000384	-.1921569	 0	
  .0000385	-.1764706	 0	
  .0000386	-.1843137	 0	
  .0000387	-.1607843	 0	
  .0000388	-.1607843	 0	
  .0000389	-.1607843	 0	
  .000039	-.1529412	 0	
  .0000391	-.145098	 0	
  .0000392	-.145098	 0	
  .0000393	-.1372549	 0	
  .0000394	-.1372549	 0	
  .0000395	-.1215686	 0	
  .0000396	-.1137255	 0	
  .0000397	-.1137255	 0	
  .0000398	-.1137255	 0	
  .0000399	-.1058824	 0	
  .00004	-9.803922E-02	 0	
  .0000401	-8.235294E-02	 0	
  .0000402	-7.450981E-02	 0	
  .0000403	-9.019608E-02	 0	
  .0000404	-7.450981E-02	 0	
  .0000405	-5.882353E-02	 0	
  .0000406	-5.098039E-02	 0	
  .0000407	-5.098039E-02	 0	
  .0000408	-4.313726E-02	 0	
  .0000409	-4.313726E-02	 0	
  .000041	-4.313726E-02	 0	
  .0000411	-3.529412E-02	 0	
  .0000412	-1.960784E-02	 0	
  .0000413	-1.960784E-02	 0	
  .0000414	-1.176471E-02	 0	
  .0000415	-3.921569E-03	 0	
  .0000416	-1.176471E-02	 0	
  .0000417	-3.921569E-03	 0	
  .0000418	 1.176471E-02	 0	
  .0000419	 1.960784E-02	 0	
  .000042	 1.960784E-02	 0	
  .0000421	 2.745098E-02	 0	
  .0000422	 3.529412E-02	 0	
  .0000423	 3.529412E-02	 0	
  .0000424	 4.313726E-02	 0	
  .0000425	 5.882353E-02	 0	
  .0000426	 5.882353E-02	 0	
  .0000427	 6.666667E-02	 0	
  .0000428	 6.666667E-02	 0	
  .0000429	 6.666667E-02	 0	
  .000043	 8.235294E-02	 0	
  .0000431	 8.235294E-02	 0	
  .0000432	 9.803922E-02	 0	
  .0000433	 .1058824	 0	
  .0000434	 .1058824	 0	
  .0000435	 .1058824	 0	
  .0000436	 .1058824	 0	
  .0000437	 .1137255	 0	
  .0000438	 .1294118	 0	
  .0000439	 .1294118	 0	
  .000044	 .1372549	 0	
  .0000441	 .145098	 0	
  .0000442	 .1372549	 0	
  .0000443	 .1372549	 0	
  .0000444	 .1529412	 0	
  .0000445	 .1529412	 0	
  .0000446	 .1686275	 0	
  .0000447	 .1686275	 0	
  .0000448	 .1686275	 0	
  .0000449	 .1843137	 0	
  .000045	 .1843137	 0	
  .0000451	 .1843137	 0	
  .0000452	 .1843137	 0	
  .0000453	 .1921569	 0	
  .0000454	 .2	 0	
  .0000455	 .1921569	 0	
  .0000456	 .2078431	 0	
  .0000457	 .2235294	 0	
  .0000458	 .2156863	 0	
  .0000459	 .2156863	 0	
  .000046	 .2156863	 0	
  .0000461	 .2235294	 0	
  .0000462	 .2235294	 0	
  .0000463	 .2313726	 0	
  .0000464	 .2313726	 0	
  .0000465	 .2470588	 0	
  .0000466	 .254902	 0	
  .0000467	 .254902	 0	
  .0000468	 .2627451	 0	
  .0000469	 .2627451	 0	
  .000047	 .2627451	 0	
  .0000471	 .2705882	 0	
  .0000472	 .2784314	 0	
  .0000473	 .2705882	 0	
  .0000474	 .2784314	 0	
  .0000475	 .2862745	 0	
  .0000476	 .2862745	 0	
  .0000477	 .2941177	 0	
  .0000478	 .2941177	 0	
  .0000479	 .3019608	 0	
  .000048	 .3098039	 0	
  .0000481	 .3098039	 0	
  .0000482	 .3098039	 0	
  .0000483	 .3176471	 0	
  .0000484	 .3176471	 0	
  .0000485	 .3254902	 0	
  .0000486	 .3254902	 0	
  .0000487	 .3333333	 0	
  .0000488	 .3490196	 0	
  .0000489	 .3333333	 0	
  .000049	 .3411765	 0	
  .0000491	 .3333333	 0	
  .0000492	 .3411765	 0	
  .0000493	 .3490196	 0	
  .0000494	 .3490196	 0	
  .0000495	 .3647059	 0	
  .0000496	 .3647059	 0	
  .0000497	 .3647059	 0	
  .0000498	 .372549	 0	
  .0000499	 .372549	 0	
  .00005	 .3803922	 0	
  .0000501	 .372549	 0	
  .0000502	 .372549	 0	
  .0000503	 .3803922	 0	
  .0000504	 .3882353	 0	
  .0000505	 .3960784	 0	
  .0000506	 .3882353	 0	
  .0000507	 .4039216	 0	
  .0000508	 .3882353	 0	
  .0000509	 .3882353	 0	
  .000051	 .3960784	 0	
  .0000511	 .3882353	 0	
  .0000512	 .4039216	 0	
  .0000513	 .4039216	 0	
  .0000514	 .4117647	 0	
  .0000515	 .4117647	 0	
  .0000516	 .4039216	 0	
  .0000517	 .4117647	 0	
  .0000518	 .4117647	 0	
  .0000519	 .4117647	 0	
  .000052	 .4117647	 0	
  .0000521	 .4117647	 0	
  .0000522	 .4117647	 0	
  .0000523	 .427451	 0	
  .0000524	 .4196078	 0	
  .0000525	 .4196078	 0	
  .0000526	 .4117647	 0	
  .0000527	 .4196078	 0	
  .0000528	 .4196078	 0	
  .0000529	 .4352941	 0	
  .000053	 .427451	 0	
  .0000531	 .4352941	 0	
  .0000532	 .4352941	 0	
  .0000533	 .4196078	 0	
  .0000534	 .4117647	 0	
  .0000535	 .4196078	 0	
  .0000536	 .427451	 0	
  .0000537	 .427451	 0	
  .0000538	 .427451	 0	
  .0000539	 .427451	 0	
  .000054	 .427451	 0	
  .0000541	 .427451	 0	
  .0000542	 .4196078	 0	
  .0000543	 .4117647	 0	
  .0000544	 .427451	 0	
  .0000545	 .427451	 0	
  .0000546	 .427451	 0	
  .0000547	 .4352941	 0	
  .0000548	 .4352941	 0	
  .0000549	 .427451	 0	
  .000055	 .427451	 0	
  .0000551	 .427451	 0	
  .0000552	 .427451	 0	
  .0000553	 .4196078	 0	
  .0000554	 .427451	 0	
  .0000555	 .4196078	 0	
  .0000556	 .427451	 0	
  .0000557	 .4117647	 0	
  .0000558	 .4196078	 0	
  .0000559	 .4196078	 0	
  .000056	 .4117647	 0	
  .0000561	 .4117647	 0	
  .0000562	 .4196078	 0	
  .0000563	 .4117647	 0	
  .0000564	 .4196078	 0	
  .0000565	 .427451	 0	
  .0000566	 .4117647	 0	
  .0000567	 .4117647	 0	
  .0000568	 .4039216	 0	
  .0000569	 .4117647	 0	
  .000057	 .4196078	 0	
  .0000571	 .4117647	 0	
  .0000572	 .4039216	 0	
  .0000573	 .4117647	 0	
  .0000574	 .3960784	 0	
  .0000575	 .4117647	 0	
  .0000576	 .4039216	 0	
  .0000577	 .4039216	 0	
  .0000578	 .4039216	 0	
  .0000579	 .4039216	 0	
  .000058	 .4039216	 0	
  .0000581	 .3960784	 0	
  .0000582	 .3882353	 0	
  .0000583	 .3960784	 0	
  .0000584	 .3960784	 0	
  .0000585	 .3882353	 0	
  .0000586	 .3882353	 0	
  .0000587	 .4039216	 0	
  .0000588	 .3882353	 0	
  .0000589	 .3882353	 0	
  .000059	 .3803922	 0	
  .0000591	 .3803922	 0	
  .0000592	 .3960784	 0	
  .0000593	 .372549	 0	
  .0000594	 .3882353	 0	
  .0000595	 .3803922	 0	
  .0000596	 .3882353	 0	
  .0000597	 .3803922	 0	
  .0000598	 .3647059	 0	
  .0000599	 .3647059	 0	
  .00006	 .3568628	 0	
  .0000601	 .3568628	 0	
  .0000602	 .3568628	 0	
  .0000603	 .3568628	 0	
  .0000604	 .3647059	 0	
  .0000605	 .3490196	 0	
  .0000606	 .3568628	 0	
  .0000607	 .3490196	 0	
  .0000608	 .3411765	 0	
  .0000609	 .3333333	 0	
  .000061	 .3411765	 0	
  .0000611	 .3333333	 0	
  .0000612	 .3411765	 0	
  .0000613	 .3411765	 0	
  .0000614	 .3333333	 0	
  .0000615	 .3254902	 0	
  .0000616	 .3176471	 0	
  .0000617	 .3254902	 0	
  .0000618	 .3176471	 0	
  .0000619	 .3176471	 0	
  .000062	 .3176471	 0	
  .0000621	 .3098039	 0	
  .0000622	 .3176471	 0	
  .0000623	 .3098039	 0	
  .0000624	 .2941177	 0	
  .0000625	 .2941177	 0	
  .0000626	 .3019608	 0	
  .0000627	 .2862745	 0	
  .0000628	 .2862745	 0	
  .0000629	 .2862745	 0	
  .000063	 .2862745	 0	
  .0000631	 .2941177	 0	
  .0000632	 .2784314	 0	
  .0000633	 .2627451	 0	
  .0000634	 .2705882	 0	
  .0000635	 .2705882	 0	
  .0000636	 .2705882	 0	
  .0000637	 .2705882	 0	
  .0000638	 .2627451	 0	
  .0000639	 .254902	 0	
  .000064	 .2392157	 0	
  .0000641	 .2470588	 0	
  .0000642	 .2392157	 0	
  .0000643	 .2392157	 0	
  .0000644	 .2392157	 0	
  .0000645	 .2313726	 0	
  .0000646	 .2235294	 0	
  .0000647	 .2235294	 0	
  .0000648	 .2078431	 0	
  .0000649	 .2078431	 0	
  .000065	 .1764706	 0	
  .0000651	 .1607843	 0	
  .0000652	 .1607843	 0	
  .0000653	 .1529412	 0	
  .0000654	 .1607843	 0	
  .0000655	 .1607843	 0	
  .0000656	 .1529412	 0	
  .0000657	 .145098	 0	
  .0000658	 .145098	 0	
  .0000659	 .1215686	 0	
  .000066	 .1294118	 0	
  .0000661	 .1372549	 0	
  .0000662	 .1372549	 0	
  .0000663	 .1372549	 0	
  .0000664	 .1372549	 0	
  .0000665	 .1294118	 0	
  .0000666	 .1215686	 0	
  .0000667	 .1215686	 0	
  .0000668	 .1137255	 0	
  .0000669	 .1215686	 0	
  .000067	 .1058824	 0	
  .0000671	 .1058824	 0	
  .0000672	 .1058824	 0	
  .0000673	 9.803922E-02	 0	
  .0000674	 8.235294E-02	 0	
  .0000675	 9.019608E-02	 0	
  .0000676	 7.450981E-02	 0	
  .0000677	 6.666667E-02	 0	
  .0000678	 9.019608E-02	 0	
  .0000679	 6.666667E-02	 0	
  .000068	 6.666667E-02	 0	
  .0000681	 5.882353E-02	 0	
  .0000682	 5.882353E-02	 0	
  .0000683	 5.882353E-02	 0	
  .0000684	 4.313726E-02	 0	
  .0000685	 5.098039E-02	 0	
  .0000686	 5.882353E-02	 0	
  .0000687	 4.313726E-02	 0	
  .0000688	 3.529412E-02	 0	
  .0000689	 2.745098E-02	 0	
  .000069	 3.529412E-02	 0	
  .0000691	 2.745098E-02	 0	
  .0000692	 1.960784E-02	 0	
  .0000693	 2.745098E-02	 0	
  .0000694	 1.176471E-02	 0	
  .0000695	 1.176471E-02	 0	
  .0000696	 3.921569E-03	 0	
  .0000697	 3.921569E-03	 0	
  .0000698	-3.921569E-03	 0	
  .0000699	-3.921569E-03	 0	
  .00007	-1.960784E-02	 0	
  .0000701	-1.176471E-02	 0	
  .0000702	-1.960784E-02	 0	
  .0000703	-1.176471E-02	 0	
  .0000704	-1.960784E-02	 0	
  .0000705	-1.960784E-02	 0	
  .0000706	-2.745098E-02	 0	
  .0000707	-4.313726E-02	 0	
  .0000708	-4.313726E-02	 0	
  .0000709	-4.313726E-02	 0	
  .000071	-3.529412E-02	 0	
  .0000711	-4.313726E-02	 0	
  .0000712	-5.098039E-02	 0	
  .0000713	-5.882353E-02	 0	
  .0000714	-5.882353E-02	 0	
  .0000715	-6.666667E-02	 0	
  .0000716	-6.666667E-02	 0	
  .0000717	-7.450981E-02	 0	
  .0000718	-7.450981E-02	 0	
  .0000719	-6.666667E-02	 0	
  .000072	-7.450981E-02	 0	
  .0000721	-7.450981E-02	 0	
  .0000722	-8.235294E-02	 0	
  .0000723	-8.235294E-02	 0	
  .0000724	-9.019608E-02	 0	
  .0000725	-9.803922E-02	 0	
  .0000726	-9.803922E-02	 0	
  .0000727	-9.803922E-02	 0	
  .0000728	-9.803922E-02	 0	
  .0000729	-9.019608E-02	 0	
  .000073	-.1058824	 0	
  .0000731	-.1058824	 0	
  .0000732	-.1137255	 0	
  .0000733	-.1137255	 0	
  .0000734	-.1058824	 0	
  .0000735	-.1215686	 0	
  .0000736	-.1215686	 0	
  .0000737	-.1215686	 0	
  .0000738	-.1294118	 0	
  .0000739	-.1294118	 0	
  .000074	-.1294118	 0	
  .0000741	-.1372549	 0	
  .0000742	-.1372549	 0	
  .0000743	-.1372549	 0	
  .0000744	-.145098	 0	
  .0000745	-.145098	 0	
  .0000746	-.1529412	 0	
  .0000747	-.1529412	 0	
  .0000748	-.1529412	 0	
  .0000749	-.1372549	 0	
  .000075	-.1529412	 0	
  .0000751	-.1686275	 0	
  .0000752	-.1529412	 0	
  .0000753	-.1686275	 0	
  .0000754	-.1686275	 0	
  .0000755	-.1764706	 0	
  .0000756	-.1607843	 0	
  .0000757	-.1843137	 0	
  .0000758	-.1764706	 0	
  .0000759	-.1764706	 0	
  .000076	-.1921569	 0	
  .0000761	-.1764706	 0	
  .0000762	-.1764706	 0	
  .0000763	-.1921569	 0	
  .0000764	-.1843137	 0	
  .0000765	-.1843137	 0	
  .0000766	-.1921569	 0	
  .0000767	-.1921569	 0	
  .0000768	-.1921569	 0	
  .0000769	-.2078431	 0	
  .000077	-.2	 0	
  .0000771	-.2	 0	
  .0000772	-.2	 0	
  .0000773	-.2	 0	
  .0000774	-.2078431	 0	
  .0000775	-.2078431	 0	
  .0000776	-.2156863	 0	
  .0000777	-.2078431	 0	
  .0000778	-.2078431	 0	
  .0000779	-.2078431	 0	
  .000078	-.2156863	 0	
  .0000781	-.2078431	 0	
  .0000782	-.2156863	 0	
  .0000783	-.2235294	 0	
  .0000784	-.2156863	 0	
  .0000785	-.2156863	 0	
  .0000786	-.2235294	 0	
  .0000787	-.2156863	 0	
  .0000788	-.2235294	 0	
  .0000789	-.2235294	 0	
  .000079	-.2235294	 0	
  .0000791	-.2313726	 0	
  .0000792	-.2313726	 0	
  .0000793	-.2235294	 0	
  .0000794	-.2313726	 0	
  .0000795	-.2392157	 0	
  .0000796	-.2392157	 0	
  .0000797	-.2235294	 0	
  .0000798	-.2313726	 0	
  .0000799	-.2313726	 0	
  .00008	-.2392157	 0	
  .0000801	-.2392157	 0	
  .0000802	-.2313726	 0	
  .0000803	-.2392157	 0	
  .0000804	-.2392157	 0	
  .0000805	-.2392157	 0	
  .0000806	-.2392157	 0	
  .0000807	-.2392157	 0	
  .0000808	-.2392157	 0	
  .0000809	-.2392157	 0	
  .000081	-.2470588	 0	
  .0000811	-.2470588	 0	
  .0000812	-.2470588	 0	
  .0000813	-.2470588	 0	
  .0000814	-.2392157	 0	
  .0000815	-.2470588	 0	
  .0000816	-.2470588	 0	
  .0000817	-.2392157	 0	
  .0000818	-.2313726	 0	
  .0000819	-.2470588	 0	
  .000082	-.2392157	 0	
  .0000821	-.2470588	 0	
  .0000822	-.2392157	 0	
  .0000823	-.2392157	 0	
  .0000824	-.2392157	 0	
  .0000825	-.2313726	 0	
  .0000826	-.2235294	 0	
  .0000827	-.1921569	 0	
  .0000828	-.2078431	 0	
  .0000829	-.2078431	 0	
  .000083	-.2078431	 0	
  .0000831	-.2078431	 0	
  .0000832	-.2078431	 0	
  .0000833	-.2078431	 0	
  .0000834	-.2156863	 0	
  .0000835	-.2078431	 0	
  .0000836	-.2078431	 0	
  .0000837	-.2	 0	
  .0000838	-.2156863	 0	
  .0000839	-.2078431	 0	
  .000084	-.2156863	 0	
  .0000841	-.2078431	 0	
  .0000842	-.2078431	 0	
  .0000843	-.2078431	 0	
  .0000844	-.2078431	 0	
  .0000845	-.2156863	 0	
  .0000846	-.2078431	 0	
  .0000847	-.2078431	 0	
  .0000848	-.2078431	 0	
  .0000849	-.2078431	 0	
  .000085	-.2156863	 0	
  .0000851	-.2078431	 0	
  .0000852	-.2078431	 0	
  .0000853	-.2078431	 0	
  .0000854	-.2078431	 0	
  .0000855	-.2078431	 0	
  .0000856	-.2078431	 0	
  .0000857	-.2156863	 0	
  .0000858	-.2078431	 0	
  .0000859	-.2078431	 0	
  .000086	-.2078431	 0	
  .0000861	-.2	 0	
  .0000862	-.1921569	 0	
  .0000863	-.2078431	 0	
  .0000864	-.2	 0	
  .0000865	-.2	 0	
  .0000866	-.2078431	 0	
  .0000867	-.2	 0	
  .0000868	-.2	 0	
  .0000869	-.2078431	 0	
  .000087	-.2	 0	
  .0000871	-.2078431	 0	
  .0000872	-.1921569	 0	
  .0000873	-.2	 0	
  .0000874	-.1921569	 0	
  .0000875	-.2	 0	
  .0000876	-.1921569	 0	
  .0000877	-.1921569	 0	
  .0000878	-.1921569	 0	
  .0000879	-.1921569	 0	
  .000088	-.1921569	 0	
  .0000881	-.1921569	 0	
  .0000882	-.1921569	 0	
  .0000883	-.1921569	 0	
  .0000884	-.1764706	 0	
  .0000885	-.1921569	 0	
  .0000886	-.1921569	 0	
  .0000887	-.1921569	 0	
  .0000888	-.1921569	 0	
  .0000889	-.1764706	 0	
  .000089	-.1764706	 0	
  .0000891	-.1764706	 0	
  .0000892	-.1764706	 0	
  .0000893	-.1843137	 0	
  .0000894	-.1764706	 0	
  .0000895	-.1686275	 0	
  .0000896	-.1764706	 0	
  .0000897	-.1686275	 0	
  .0000898	-.1764706	 0	
  .0000899	-.1607843	 0	
  .00009	-.1686275	 0	
  .0000901	-.1607843	 0	
  .0000902	-.1607843	 0	
  .0000903	-.1607843	 0	
  .0000904	-.1607843	 0	
  .0000905	-.1607843	 0	
  .0000906	-.1607843	 0	
  .0000907	-.1529412	 0	
  .0000908	-.1607843	 0	
  .0000909	-.145098	 0	
  .000091	-.145098	 0	
  .0000911	-.1529412	 0	
  .0000912	-.145098	 0	
  .0000913	-.145098	 0	
  .0000914	-.1372549	 0	
  .0000915	-.145098	 0	
  .0000916	-.1372549	 0	
  .0000917	-.1372549	 0	
  .0000918	-.145098	 0	
  .0000919	-.1372549	 0	
  .000092	-.1294118	 0	
  .0000921	-.1294118	 0	
  .0000922	-.1294118	 0	
  .0000923	-.1294118	 0	
  .0000924	-.1215686	 0	
  .0000925	-.1215686	 0	
  .0000926	-.1215686	 0	
  .0000927	-.1215686	 0	
  .0000928	-.1215686	 0	
  .0000929	-.1137255	 0	
  .000093	-.1215686	 0	
  .0000931	-.1137255	 0	
  .0000932	-.1058824	 0	
  .0000933	-.1058824	 0	
  .0000934	-9.803922E-02	 0	
  .0000935	-9.803922E-02	 0	
  .0000936	-9.803922E-02	 0	
  .0000937	-9.803922E-02	 0	
  .0000938	-9.803922E-02	 0	
  .0000939	-9.803922E-02	 0	
  .000094	-9.019608E-02	 0	
  .0000941	-9.019608E-02	 0	
  .0000942	-9.019608E-02	 0	
  .0000943	-8.235294E-02	 0	
  .0000944	-9.019608E-02	 0	
  .0000945	-8.235294E-02	 0	
  .0000946	-9.019608E-02	 0	
  .0000947	-8.235294E-02	 0	
  .0000948	-7.450981E-02	 0	
  .0000949	-8.235294E-02	 0	
  .000095	-7.450981E-02	 0	
  .0000951	-8.235294E-02	 0	
  .0000952	-7.450981E-02	 0	
  .0000953	-7.450981E-02	 0	
  .0000954	-6.666667E-02	 0	
  .0000955	-7.450981E-02	 0	
  .0000956	-6.666667E-02	 0	
  .0000957	-5.882353E-02	 0	
  .0000958	-5.882353E-02	 0	
  .0000959	-5.882353E-02	 0	
  .000096	-5.882353E-02	 0	
  .0000961	-5.098039E-02	 0	
  .0000962	-5.098039E-02	 0	
  .0000963	-4.313726E-02	 0	
  .0000964	-5.098039E-02	 0	
  .0000965	-5.098039E-02	 0	
  .0000966	-3.529412E-02	 0	
  .0000967	-3.529412E-02	 0	
  .0000968	-3.529412E-02	 0	
  .0000969	-3.529412E-02	 0	
  .000097	-2.745098E-02	 0	
  .0000971	-3.529412E-02	 0	
  .0000972	-2.745098E-02	 0	
  .0000973	-2.745098E-02	 0	
  .0000974	-2.745098E-02	 0	
  .0000975	-1.960784E-02	 0	
  .0000976	-2.745098E-02	 0	
  .0000977	-1.960784E-02	 0	
  .0000978	-1.176471E-02	 0	
  .0000979	-1.960784E-02	 0	
  .000098	-1.960784E-02	 0	
  .0000981	-1.960784E-02	 0	
  .0000982	-3.921569E-03	 0	
  .0000983	 1.176471E-02	 0	
  .0000984	-3.921569E-03	 0	
  .0000985	-3.921569E-03	 0	
  .0000986	-3.921569E-03	 0	
  .0000987	 3.921569E-03	 0	
  .0000988	 1.176471E-02	 0	
  .0000989	 1.176471E-02	 0	
  .000099	 3.921569E-03	 0	
  .0000991	 1.176471E-02	 0	
  .0000992	 1.176471E-02	 0	
  .0000993	 1.960784E-02	 0	
  .0000994	 1.960784E-02	 0	
  .0000995	 2.745098E-02	 0	
  .0000996	 1.960784E-02	 0	
  .0000997	 1.176471E-02	 0	
  .0000998	 2.745098E-02	 0	
  .0000999	 3.529412E-02	 0	
  .0001	 4.313726E-02	 0	
  .0001001	 3.529412E-02	 0	
  .0001002	 4.313726E-02	 0	
  .0001003	 4.313726E-02	 0	
  .0001004	 2.745098E-02	 0	
  .0001005	 2.745098E-02	 0	
  .0001006	 4.313726E-02	 0	
  .0001007	 5.098039E-02	 0	
  .0001008	 5.098039E-02	 0	
  .0001009	 4.313726E-02	 0	
  .000101	 5.098039E-02	 0	
  .0001011	 5.098039E-02	 0	
  .0001012	 5.882353E-02	 0	
  .0001013	 5.882353E-02	 0	
  .0001014	 5.882353E-02	 0	
  .0001015	 6.666667E-02	 0	
  .0001016	 7.450981E-02	 0	
  .0001017	 5.882353E-02	 0	
  .0001018	 6.666667E-02	 0	
  .0001019	 7.450981E-02	 0	
  .000102	 7.450981E-02	 0	
  .0001021	 7.450981E-02	 0	
  .0001022	 6.666667E-02	 0	
  .0001023	 7.450981E-02	 0	
  .0001024	 9.019608E-02	 0	
  .0001025	 8.235294E-02	 0	
  .0001026	 8.235294E-02	 0	
  .0001027	 9.019608E-02	 0	
  .0001028	 8.235294E-02	 0	
  .0001029	 8.235294E-02	 0	
  .000103	 9.019608E-02	 0	
  .0001031	 9.803922E-02	 0	
  .0001032	 9.803922E-02	 0	
  .0001033	 .1058824	 0	
  .0001034	 9.803922E-02	 0	
  .0001035	 9.803922E-02	 0	
  .0001036	 9.803922E-02	 0	
  .0001037	 .1058824	 0	
  .0001038	 .1058824	 0	
  .0001039	 .1137255	 0	
  .000104	 .1058824	 0	
  .0001041	 .1058824	 0	
  .0001042	 .1058824	 0	
  .0001043	 .1215686	 0	
  .0001044	 .1137255	 0	
  .0001045	 .1215686	 0	
  .0001046	 .1215686	 0	
  .0001047	 .1215686	 0	
  .0001048	 .1137255	 0	
  .0001049	 .1294118	 0	
  .000105	 .1294118	 0	
  .0001051	 .1215686	 0	
  .0001052	 .1215686	 0	
  .0001053	 .1215686	 0	
  .0001054	 .1215686	 0	
  .0001055	 .1215686	 0	
  .0001056	 .1215686	 0	
  .0001057	 .1294118	 0	
  .0001058	 .1294118	 0	
  .0001059	 .1294118	 0	
  .000106	 .145098	 0	
  .0001061	 .1294118	 0	
  .0001062	 .145098	 0	
  .0001063	 .145098	 0	
  .0001064	 .1372549	 0	
  .0001065	 .145098	 0	
  .0001066	 .145098	 0	
  .0001067	 .145098	 0	
  .0001068	 .1372549	 0	
  .0001069	 .1372549	 0	
  .000107	 .145098	 0	
  .0001071	 .145098	 0	
  .0001072	 .145098	 0	
  .0001073	 .1372549	 0	
  .0001074	 .1529412	 0	
  .0001075	 .1529412	 0	
  .0001076	 .1686275	 0	
  .0001077	 .1529412	 0	
  .0001078	 .1529412	 0	
  .0001079	 .1529412	 0	
  .000108	 .1607843	 0	
  .0001081	 .1529412	 0	
  .0001082	 .1686275	 0	
  .0001083	 .1607843	 0	
  .0001084	 .1529412	 0	
  .0001085	 .1529412	 0	
  .0001086	 .1686275	 0	
  .0001087	 .1607843	 0	
  .0001088	 .1529412	 0	
  .0001089	 .1686275	 0	
  .000109	 .1607843	 0	
  .0001091	 .1764706	 0	
  .0001092	 .1686275	 0	
  .0001093	 .1686275	 0	
  .0001094	 .1607843	 0	
  .0001095	 .1686275	 0	
  .0001096	 .1607843	 0	
  .0001097	 .1607843	 0	
  .0001098	 .1686275	 0	
  .0001099	 .1686275	 0	
  .00011	 .1686275	 0	
  .0001101	 .1686275	 0	
  .0001102	 .1607843	 0	
  .0001103	 .1607843	 0	
  .0001104	 .1607843	 0	
  .0001105	 .1764706	 0	
  .0001106	 .1686275	 0	
  .0001107	 .1686275	 0	
  .0001108	 .1764706	 0	
  .0001109	 .1686275	 0	
  .000111	 .1686275	 0	
  .0001111	 .1686275	 0	
  .0001112	 .1686275	 0	
  .0001113	 .1764706	 0	
  .0001114	 .1686275	 0	
  .0001115	 .1764706	 0	
  .0001116	 .1686275	 0	
  .0001117	 .1686275	 0	
  .0001118	 .1686275	 0	
  .0001119	 .1686275	 0	
  .000112	 .1686275	 0	
  .0001121	 .1686275	 0	
  .0001122	 .1686275	 0	
  .0001123	 .1686275	 0	
  .0001124	 .1686275	 0	
  .0001125	 .1764706	 0	
  .0001126	 .1686275	 0	
  .0001127	 .1764706	 0	
  .0001128	 .1764706	 0	
  .0001129	 .1686275	 0	
  .000113	 .1764706	 0	
  .0001131	 .1686275	 0	
  .0001132	 .1686275	 0	
  .0001133	 .1764706	 0	
  .0001134	 .1686275	 0	
  .0001135	 .1686275	 0	
  .0001136	 .1607843	 0	
  .0001137	 .1764706	 0	
  .0001138	 .1686275	 0	
  .0001139	 .1764706	 0	
  .000114	 .1764706	 0	
  .0001141	 .1686275	 0	
  .0001142	 .1686275	 0	
  .0001143	 .1607843	 0	
  .0001144	 .1607843	 0	
  .0001145	 .1686275	 0	
  .0001146	 .1686275	 0	
  .0001147	 .1607843	 0	
  .0001148	 .1607843	 0	
  .0001149	 .1607843	 0	
  .000115	 .1607843	 0	
  .0001151	 .1529412	 0	
  .0001152	 .1529412	 0	
  .0001153	 .1529412	 0	
  .0001154	 .1529412	 0	
  .0001155	 .145098	 0	
  .0001156	 .1529412	 0	
  .0001157	 .1529412	 0	
  .0001158	 .1607843	 0	
  .0001159	 .1686275	 0	
  .000116	 .1607843	 0	
  .0001161	 .1529412	 0	
  .0001162	 .1529412	 0	
  .0001163	 .1529412	 0	
  .0001164	 .1607843	 0	
  .0001165	 .1529412	 0	
  .0001166	 .145098	 0	
  .0001167	 .145098	 0	
  .0001168	 .145098	 0	
  .0001169	 .1529412	 0	
  .000117	 .145098	 0	
  .0001171	 .145098	 0	
  .0001172	 .1529412	 0	
  .0001173	 .145098	 0	
  .0001174	 .145098	 0	
  .0001175	 .145098	 0	
  .0001176	 .145098	 0	
  .0001177	 .1372549	 0	
  .0001178	 .1372549	 0	
  .0001179	 .145098	 0	
  .000118	 .145098	 0	
  .0001181	 .1529412	 0	
  .0001182	 .1372549	 0	
  .0001183	 .1294118	 0	
  .0001184	 .1372549	 0	
  .0001185	 .1294118	 0	
  .0001186	 .1372549	 0	
  .0001187	 .1294118	 0	
  .0001188	 .1372549	 0	
  .0001189	 .1294118	 0	
  .000119	 .1294118	 0	
  .0001191	 .1372549	 0	
  .0001192	 .1215686	 0	
  .0001193	 .1372549	 0	
  .0001194	 .1215686	 0	
  .0001195	 .1215686	 0	
  .0001196	 .1137255	 0	
  .0001197	 .1294118	 0	
  .0001198	 .1294118	 0	
  .0001199	 .1137255	 0	
  .00012	 .1215686	 0	
  .0001201	 .1137255	 0	
  .0001202	 .1058824	 0	
  .0001203	 .1137255	 0	
  .0001204	 .1215686	 0	
  .0001205	 .1137255	 0	
  .0001206	 .1137255	 0	
  .0001207	 .1137255	 0	
  .0001208	 .1137255	 0	
  .0001209	 .1058824	 0	
  .000121	 .1058824	 0	
  .0001211	 9.803922E-02	 0	
  .0001212	 .1058824	 0	
  .0001213	 .1058824	 0	
  .0001214	 .1058824	 0	
  .0001215	 9.803922E-02	 0	
  .0001216	 9.803922E-02	 0	
  .0001217	 9.803922E-02	 0	
  .0001218	 9.019608E-02	 0	
  .0001219	 8.235294E-02	 0	
  .000122	 8.235294E-02	 0	
  .0001221	 9.803922E-02	 0	
  .0001222	 9.019608E-02	 0	
  .0001223	 9.019608E-02	 0	
  .0001224	 9.019608E-02	 0	
  .0001225	 9.019608E-02	 0	
  .0001226	 9.019608E-02	 0	
  .0001227	 8.235294E-02	 0	
  .0001228	 8.235294E-02	 0	
  .0001229	 8.235294E-02	 0	
  .000123	 8.235294E-02	 0	
  .0001231	 9.019608E-02	 0	
  .0001232	 8.235294E-02	 0	
  .0001233	 8.235294E-02	 0	
  .0001234	 7.450981E-02	 0	
  .0001235	 8.235294E-02	 0	
  .0001236	 6.666667E-02	 0	
  .0001237	 7.450981E-02	 0	
  .0001238	 7.450981E-02	 0	
  .0001239	 5.882353E-02	 0	
  .000124	 6.666667E-02	 0	
  .0001241	 6.666667E-02	 0	
  .0001242	 5.882353E-02	 0	
  .0001243	 5.882353E-02	 0	
  .0001244	 6.666667E-02	 0	
  .0001245	 5.882353E-02	 0	
  .0001246	 5.098039E-02	 0	
  .0001247	 5.882353E-02	 0	
  .0001248	 5.098039E-02	 0	
  .0001249	 5.882353E-02	 0	
  .000125	 5.098039E-02	 0	
  .0001251	 4.313726E-02	 0	
  .0001252	 3.529412E-02	 0	
  .0001253	 3.529412E-02	 0	
  .0001254	 3.529412E-02	 0	
  .0001255	 3.529412E-02	 0	
  .0001256	 4.313726E-02	 0	
  .0001257	 4.313726E-02	 0	
  .0001258	 5.098039E-02	 0	
  .0001259	 3.529412E-02	 0	
  .000126	 4.313726E-02	 0	
  .0001261	 3.529412E-02	 0	
  .0001262	 2.745098E-02	 0	
  .0001263	 2.745098E-02	 0	
  .0001264	 1.960784E-02	 0	
  .0001265	 2.745098E-02	 0	
  .0001266	 1.960784E-02	 0	
  .0001267	 1.960784E-02	 0	
  .0001268	 2.745098E-02	 0	
  .0001269	 1.960784E-02	 0	
  .000127	 2.745098E-02	 0	
  .0001271	 1.960784E-02	 0	
  .0001272	 1.960784E-02	 0	
  .0001273	 1.176471E-02	 0	
  .0001274	 1.176471E-02	 0	
  .0001275	 1.176471E-02	 0	
  .0001276	 1.960784E-02	 0	
  .0001277	 1.960784E-02	 0	
  .0001278	 3.921569E-03	 0	
  .0001279	 3.921569E-03	 0	
  .000128	 1.960784E-02	 0	
  .0001281	 1.176471E-02	 0	
  .0001282	 3.921569E-03	 0	
  .0001283	-3.921569E-03	 0	
  .0001284	-3.921569E-03	 0	
  .0001285	-3.921569E-03	 0	
  .0001286	-1.176471E-02	 0	
  .0001287	-3.921569E-03	 0	
  .0001288	-3.921569E-03	 0	
  .0001289	-3.921569E-03	 0	
  .000129	-1.176471E-02	 0	
  .0001291	-1.176471E-02	 0	
  .0001292	-1.176471E-02	 0	
  .0001293	-1.960784E-02	 0	
  .0001294	-1.960784E-02	 0	
  .0001295	-1.960784E-02	 0	
  .0001296	-1.176471E-02	 0	
  .0001297	-3.921569E-03	 0	
  .0001298	-3.529412E-02	 0	
  .0001299	-1.960784E-02	 0	
  .00013	-2.745098E-02	 0	
  .0001301	-2.745098E-02	 0	
  .0001302	-2.745098E-02	 0	
  .0001303	-1.960784E-02	 0	
  .0001304	-2.745098E-02	 0	
  .0001305	-2.745098E-02	 0	
  .0001306	-2.745098E-02	 0	
  .0001307	-2.745098E-02	 0	
  .0001308	-3.529412E-02	 0	
  .0001309	-3.529412E-02	 0	
  .000131	-2.745098E-02	 0	
  .0001311	-4.313726E-02	 0	
  .0001312	-4.313726E-02	 0	
  .0001313	-2.745098E-02	 0	
  .0001314	-3.529412E-02	 0	
  .0001315	-4.313726E-02	 0	
  .0001316	-3.529412E-02	 0	
  .0001317	-3.529412E-02	 0	
  .0001318	-4.313726E-02	 0	
  .0001319	-5.098039E-02	 0	
  .000132	-4.313726E-02	 0	
  .0001321	-5.882353E-02	 0	
  .0001322	-5.098039E-02	 0	
  .0001323	-5.098039E-02	 0	
  .0001324	-5.098039E-02	 0	
  .0001325	-4.313726E-02	 0	
  .0001326	-5.098039E-02	 0	
  .0001327	-5.882353E-02	 0	
  .0001328	-5.098039E-02	 0	
  .0001329	-5.098039E-02	 0	
  .000133	-5.098039E-02	 0	
  .0001331	-5.098039E-02	 0	
  .0001332	-5.098039E-02	 0	
  .0001333	-5.882353E-02	 0	
  .0001334	-5.098039E-02	 0	
  .0001335	-5.882353E-02	 0	
  .0001336	-6.666667E-02	 0	
  .0001337	-5.882353E-02	 0	
  .0001338	-6.666667E-02	 0	
  .0001339	-6.666667E-02	 0	
  .000134	-6.666667E-02	 0	
  .0001341	-7.450981E-02	 0	
  .0001342	-6.666667E-02	 0	
  .0001343	-6.666667E-02	 0	
  .0001344	-6.666667E-02	 0	
  .0001345	-6.666667E-02	 0	
  .0001346	-7.450981E-02	 0	
  .0001347	-7.450981E-02	 0	
  .0001348	-7.450981E-02	 0	
  .0001349	-8.235294E-02	 0	
  .000135	-8.235294E-02	 0	
  .0001351	-8.235294E-02	 0	
  .0001352	-8.235294E-02	 0	
  .0001353	-7.450981E-02	 0	
  .0001354	-8.235294E-02	 0	
  .0001355	-8.235294E-02	 0	
  .0001356	-8.235294E-02	 0	
  .0001357	-7.450981E-02	 0	
  .0001358	-8.235294E-02	 0	
  .0001359	-9.019608E-02	 0	
  .000136	-9.019608E-02	 0	
  .0001361	-8.235294E-02	 0	
  .0001362	-7.450981E-02	 0	
  .0001363	-9.019608E-02	 0	
  .0001364	-9.019608E-02	 0	
  .0001365	-9.803922E-02	 0	
  .0001366	-9.019608E-02	 0	
  .0001367	-9.019608E-02	 0	
  .0001368	-8.235294E-02	 0	
  .0001369	-9.019608E-02	 0	
  .000137	-8.235294E-02	 0	
  .0001371	-9.019608E-02	 0	
  .0001372	-9.803922E-02	 0	
  .0001373	-9.803922E-02	 0	
  .0001374	-9.803922E-02	 0	
  .0001375	-9.019608E-02	 0	
  .0001376	-9.019608E-02	 0	
  .0001377	-.1058824	 0	
  .0001378	-9.803922E-02	 0	
  .0001379	-7.450981E-02	 0	
  .000138	-9.803922E-02	 0	
  .0001381	-9.019608E-02	 0	
  .0001382	-9.803922E-02	 0	
  .0001383	-9.803922E-02	 0	
  .0001384	-9.803922E-02	 0	
  .0001385	-9.803922E-02	 0	
  .0001386	-9.019608E-02	 0	
  .0001387	-9.019608E-02	 0	
  .0001388	-9.803922E-02	 0	
  .0001389	-.1058824	 0	
  .000139	-9.803922E-02	 0	
  .0001391	-9.803922E-02	 0	
  .0001392	-9.803922E-02	 0	
  .0001393	-9.803922E-02	 0	
  .0001394	-.1058824	 0	
  .0001395	-9.803922E-02	 0	
  .0001396	-9.803922E-02	 0	
  .0001397	-9.803922E-02	 0	
  .0001398	-9.803922E-02	 0	
  .0001399	-9.803922E-02	 0	
  .00014	-9.803922E-02	 0	
  .0001401	-9.803922E-02	 0	
  .0001402	-9.803922E-02	 0	
  .0001403	-9.803922E-02	 0	
  .0001404	-9.019608E-02	 0	
  .0001405	-9.803922E-02	 0	
  .0001406	-9.803922E-02	 0	
  .0001407	-.1058824	 0	
  .0001408	-.1058824	 0	
  .0001409	-9.019608E-02	 0	
  .000141	-9.803922E-02	 0	
  .0001411	-.1058824	 0	
  .0001412	-9.803922E-02	 0	
  .0001413	-9.803922E-02	 0	
  .0001414	-9.803922E-02	 0	
  .0001415	-9.803922E-02	 0	
  .0001416	-9.803922E-02	 0	
  .0001417	-9.803922E-02	 0	
  .0001418	-9.803922E-02	 0	
  .0001419	-9.803922E-02	 0	
  .000142	-9.803922E-02	 0	
  .0001421	-.1058824	 0	
  .0001422	-9.019608E-02	 0	
  .0001423	-9.019608E-02	 0	
  .0001424	-9.803922E-02	 0	
  .0001425	-9.803922E-02	 0	
  .0001426	-9.803922E-02	 0	
  .0001427	-9.803922E-02	 0	
  .0001428	-9.019608E-02	 0	
  .0001429	-9.019608E-02	 0	
  .000143	-9.803922E-02	 0	
  .0001431	-9.803922E-02	 0	
  .0001432	-9.019608E-02	 0	
  .0001433	-9.019608E-02	 0	
  .0001434	-9.803922E-02	 0	
  .0001435	-9.019608E-02	 0	
  .0001436	-9.019608E-02	 0	
  .0001437	-8.235294E-02	 0	
  .0001438	-9.019608E-02	 0	
  .0001439	-9.019608E-02	 0	
  .000144	-9.019608E-02	 0	
  .0001441	-9.019608E-02	 0	
  .0001442	-8.235294E-02	 0	
  .0001443	-9.019608E-02	 0	
  .0001444	-9.803922E-02	 0	
  .0001445	-9.803922E-02	 0	
  .0001446	-9.803922E-02	 0	
  .0001447	-9.019608E-02	 0	
  .0001448	-9.019608E-02	 0	
  .0001449	-9.803922E-02	 0	
  .000145	-9.019608E-02	 0	
  .0001451	-9.803922E-02	 0	
  .0001452	-9.019608E-02	 0	
  .0001453	-9.019608E-02	 0	
  .0001454	-9.019608E-02	 0	
  .0001455	-9.019608E-02	 0	
  .0001456	-7.450981E-02	 0	
  .0001457	-8.235294E-02	 0	
  .0001458	-8.235294E-02	 0	
  .0001459	-9.019608E-02	 0	
  .000146	-8.235294E-02	 0	
  .0001461	-8.235294E-02	 0	
  .0001462	-8.235294E-02	 0	
  .0001463	-8.235294E-02	 0	
  .0001464	-9.019608E-02	 0	
  .0001465	-8.235294E-02	 0	
  .0001466	-8.235294E-02	 0	
  .0001467	-8.235294E-02	 0	
  .0001468	-8.235294E-02	 0	
  .0001469	-7.450981E-02	 0	
  .000147	-8.235294E-02	 0	
  .0001471	-7.450981E-02	 0	
  .0001472	-7.450981E-02	 0	
  .0001473	-8.235294E-02	 0	
  .0001474	-8.235294E-02	 0	
  .0001475	-6.666667E-02	 0	
  .0001476	-8.235294E-02	 0	
  .0001477	-8.235294E-02	 0	
  .0001478	-6.666667E-02	 0	
  .0001479	-6.666667E-02	 0	
  .000148	-6.666667E-02	 0	
  .0001481	-7.450981E-02	 0	
  .0001482	-7.450981E-02	 0	
  .0001483	-6.666667E-02	 0	
  .0001484	-6.666667E-02	 0	
  .0001485	-6.666667E-02	 0	
  .0001486	-6.666667E-02	 0	
  .0001487	-6.666667E-02	 0	
  .0001488	-6.666667E-02	 0	
  .0001489	-5.882353E-02	 0	
  .000149	-6.666667E-02	 0	
  .0001491	-5.882353E-02	 0	
  .0001492	-6.666667E-02	 0	
  .0001493	-6.666667E-02	 0	
  .0001494	-5.882353E-02	 0	
  .0001495	-6.666667E-02	 0	
  .0001496	-6.666667E-02	 0	
  .0001497	-5.882353E-02	 0	
  .0001498	-5.882353E-02	 0	
  .0001499	-6.666667E-02	 0	
  .00015	-5.098039E-02	 0	
  .0001501	-5.098039E-02	 0	
  .0001502	-5.098039E-02	 0	
  .0001503	-5.882353E-02	 0	
  .0001504	-5.882353E-02	 0	
  .0001505	-5.882353E-02	 0	
  .0001506	-5.882353E-02	 0	
  .0001507	-5.882353E-02	 0	
  .0001508	-5.098039E-02	 0	
  .0001509	-5.098039E-02	 0	
  .000151	-5.098039E-02	 0	
  .0001511	-4.313726E-02	 0	
  .0001512	-4.313726E-02	 0	
  .0001513	-4.313726E-02	 0	
  .0001514	-3.529412E-02	 0	
  .0001515	-3.529412E-02	 0	
  .0001516	-5.098039E-02	 0	
  .0001517	-5.098039E-02	 0	
  .0001518	-4.313726E-02	 0	
  .0001519	-3.529412E-02	 0	
  .000152	-5.098039E-02	 0	
  .0001521	-3.529412E-02	 0	
  .0001522	-3.529412E-02	 0	
  .0001523	-2.745098E-02	 0	
  .0001524	-3.529412E-02	 0	
  .0001525	-3.529412E-02	 0	
  .0001526	-2.745098E-02	 0	
  .0001527	-2.745098E-02	 0	
  .0001528	-2.745098E-02	 0	
  .0001529	-2.745098E-02	 0	
  .000153	-2.745098E-02	 0	
  .0001531	-2.745098E-02	 0	
  .0001532	-2.745098E-02	 0	
  .0001533	-2.745098E-02	 0	
  .0001534	-1.960784E-02	 0	
  .0001535	-1.960784E-02	 0	
  .0001536	-2.745098E-02	 0	
  .0001537	-1.176471E-02	 0	
  .0001538	-1.960784E-02	 0	
  .0001539	-1.960784E-02	 0	
  .000154	-1.960784E-02	 0	
  .0001541	-1.176471E-02	 0	
  .0001542	-1.176471E-02	 0	
  .0001543	-1.176471E-02	 0	
  .0001544	-1.176471E-02	 0	
  .0001545	-1.176471E-02	 0	
  .0001546	-1.960784E-02	 0	
  .0001547	-1.960784E-02	 0	
  .0001548	-3.921569E-03	 0	
  .0001549	-1.176471E-02	 0	
  .000155	-1.960784E-02	 0	
  .0001551	-1.176471E-02	 0	
  .0001552	-3.921569E-03	 0	
  .0001553	-3.921569E-03	 0	
  .0001554	 3.921569E-03	 0	
  .0001555	 3.921569E-03	 0	
  .0001556	 3.921569E-03	 0	
  .0001557	 1.176471E-02	 0	
  .0001558	-3.921569E-03	 0	
  .0001559	 3.921569E-03	 0	
  .000156	 3.921569E-03	 0	
  .0001561	 3.921569E-03	 0	
  .0001562	 3.921569E-03	 0	
  .0001563	 1.176471E-02	 0	
  .0001564	 3.921569E-03	 0	
  .0001565	 1.176471E-02	 0	
  .0001566	 3.921569E-03	 0	
  .0001567	 3.921569E-03	 0	
  .0001568	 1.176471E-02	 0	
  .0001569	 1.960784E-02	 0	
  .000157	 1.176471E-02	 0	
  .0001571	 1.176471E-02	 0	
  .0001572	 1.176471E-02	 0	
  .0001573	 1.960784E-02	 0	
  .0001574	 1.960784E-02	 0	
  .0001575	 1.176471E-02	 0	
  .0001576	 2.745098E-02	 0	
  .0001577	 3.529412E-02	 0	
  .0001578	 1.960784E-02	 0	
  .0001579	 1.960784E-02	 0	
  .000158	 1.960784E-02	 0	
  .0001581	 2.745098E-02	 0	
  .0001582	 3.529412E-02	 0	
  .0001583	 2.745098E-02	 0	
  .0001584	 2.745098E-02	 0	
  .0001585	 2.745098E-02	 0	
  .0001586	 2.745098E-02	 0	
  .0001587	 3.529412E-02	 0	
  .0001588	 3.529412E-02	 0	
  .0001589	 3.529412E-02	 0	
  .000159	 2.745098E-02	 0	
  .0001591	 2.745098E-02	 0	
  .0001592	 2.745098E-02	 0	
  .0001593	 3.529412E-02	 0	
  .0001594	 3.529412E-02	 0	
  .0001595	 3.529412E-02	 0	
  .0001596	 4.313726E-02	 0	
  .0001597	 4.313726E-02	 0	
  .0001598	 4.313726E-02	 0	
  .0001599	 3.529412E-02	 0	
  .00016	 4.313726E-02	 0	
  .0001601	 3.529412E-02	 0	
  .0001602	 4.313726E-02	 0	
  .0001603	 4.313726E-02	 0	
  .0001604	 5.098039E-02	 0	
  .0001605	 5.098039E-02	 0	
  .0001606	 4.313726E-02	 0	
  .0001607	 5.098039E-02	 0	
  .0001608	 4.313726E-02	 0	
  .0001609	 5.098039E-02	 0	
  .000161	 5.882353E-02	 0	
  .0001611	 4.313726E-02	 0	
  .0001612	 5.098039E-02	 0	
  .0001613	 5.098039E-02	 0	
  .0001614	 5.882353E-02	 0	
  .0001615	 4.313726E-02	 0	
  .0001616	 5.098039E-02	 0	
  .0001617	 5.098039E-02	 0	
  .0001618	 5.882353E-02	 0	
  .0001619	 5.882353E-02	 0	
  .000162	 5.882353E-02	 0	
  .0001621	 5.882353E-02	 0	
  .0001622	 6.666667E-02	 0	
  .0001623	 5.098039E-02	 0	
  .0001624	 5.882353E-02	 0	
  .0001625	 5.882353E-02	 0	
  .0001626	 5.882353E-02	 0	
  .0001627	 8.235294E-02	 0	
  .0001628	 6.666667E-02	 0	
  .0001629	 6.666667E-02	 0	
  .000163	 5.882353E-02	 0	
  .0001631	 7.450981E-02	 0	
  .0001632	 6.666667E-02	 0	
  .0001633	 7.450981E-02	 0	
  .0001634	 7.450981E-02	 0	
  .0001635	 7.450981E-02	 0	
  .0001636	 6.666667E-02	 0	
  .0001637	 8.235294E-02	 0	
  .0001638	 6.666667E-02	 0	
  .0001639	 6.666667E-02	 0	
  .000164	 7.450981E-02	 0	
  .0001641	 7.450981E-02	 0	
  .0001642	 6.666667E-02	 0	
  .0001643	 7.450981E-02	 0	
  .0001644	 6.666667E-02	 0	
  .0001645	 7.450981E-02	 0	
  .0001646	 7.450981E-02	 0	
  .0001647	 7.450981E-02	 0	
  .0001648	 6.666667E-02	 0	
  .0001649	 5.882353E-02	 0	
  .000165	 6.666667E-02	 0	
  .0001651	 7.450981E-02	 0	
  .0001652	 7.450981E-02	 0	
  .0001653	 8.235294E-02	 0	
  .0001654	 9.019608E-02	 0	
  .0001655	 8.235294E-02	 0	
  .0001656	 7.450981E-02	 0	
  .0001657	 8.235294E-02	 0	
  .0001658	 7.450981E-02	 0	
  .0001659	 8.235294E-02	 0	
  .000166	 7.450981E-02	 0	
  .0001661	 8.235294E-02	 0	
  .0001662	 7.450981E-02	 0	
  .0001663	 7.450981E-02	 0	
  .0001664	 9.019608E-02	 0	
  .0001665	 9.019608E-02	 0	
  .0001666	 8.235294E-02	 0	
  .0001667	 8.235294E-02	 0	
  .0001668	 9.019608E-02	 0	
  .0001669	 7.450981E-02	 0	
  .000167	 9.019608E-02	 0	
  .0001671	 8.235294E-02	 0	
  .0001672	 9.019608E-02	 0	
  .0001673	 8.235294E-02	 0	
  .0001674	 8.235294E-02	 0	
  .0001675	 8.235294E-02	 0	
  .0001676	 .1058824	 0	
  .0001677	 9.803922E-02	 0	
  .0001678	 9.019608E-02	 0	
  .0001679	 7.450981E-02	 0	
  .000168	 9.019608E-02	 0	
  .0001681	 9.803922E-02	 0	
  .0001682	 9.019608E-02	 0	
  .0001683	 9.019608E-02	 0	
  .0001684	 9.019608E-02	 0	
  .0001685	 8.235294E-02	 0	
  .0001686	 9.019608E-02	 0	
  .0001687	 9.019608E-02	 0	
  .0001688	 9.019608E-02	 0	
  .0001689	 9.019608E-02	 0	
  .000169	 9.019608E-02	 0	
  .0001691	 8.235294E-02	 0	
  .0001692	 9.803922E-02	 0	
  .0001693	 .1058824	 0	
  .0001694	 9.019608E-02	 0	
  .0001695	 9.803922E-02	 0	
  .0001696	 8.235294E-02	 0	
  .0001697	 9.019608E-02	 0	
  .0001698	 8.235294E-02	 0	
  .0001699	 9.019608E-02	 0	
  .00017	 9.019608E-02	 0	
  .0001701	 9.019608E-02	 0	
  .0001702	 9.803922E-02	 0	
  .0001703	 9.803922E-02	 0	
  .0001704	 8.235294E-02	 0	
  .0001705	 9.019608E-02	 0	
  .0001706	 9.019608E-02	 0	
  .0001707	 9.019608E-02	 0	
  .0001708	 9.803922E-02	 0	
  .0001709	 9.803922E-02	 0	
  .000171	 8.235294E-02	 0	
  .0001711	 8.235294E-02	 0	
  .0001712	 9.803922E-02	 0	
  .0001713	 9.019608E-02	 0	
  .0001714	 9.019608E-02	 0	
  .0001715	 8.235294E-02	 0	
  .0001716	 8.235294E-02	 0	
  .0001717	 9.019608E-02	 0	
  .0001718	 9.019608E-02	 0	
  .0001719	 9.019608E-02	 0	
  .000172	 9.019608E-02	 0	
  .0001721	 9.019608E-02	 0	
  .0001722	 9.019608E-02	 0	
  .0001723	 8.235294E-02	 0	
  .0001724	 9.019608E-02	 0	
  .0001725	 9.019608E-02	 0	
  .0001726	 9.803922E-02	 0	
  .0001727	 9.019608E-02	 0	
  .0001728	 9.803922E-02	 0	
  .0001729	 9.019608E-02	 0	
  .000173	 9.019608E-02	 0	
  .0001731	 8.235294E-02	 0	
  .0001732	 8.235294E-02	 0	
  .0001733	 9.019608E-02	 0	
  .0001734	 8.235294E-02	 0	
  .0001735	 9.019608E-02	 0	
  .0001736	 9.019608E-02	 0	
  .0001737	 8.235294E-02	 0	
  .0001738	 8.235294E-02	 0	
  .0001739	 8.235294E-02	 0	
  .000174	 9.019608E-02	 0	
  .0001741	 7.450981E-02	 0	
  .0001742	 9.019608E-02	 0	
  .0001743	 8.235294E-02	 0	
  .0001744	 8.235294E-02	 0	
  .0001745	 6.666667E-02	 0	
  .0001746	 6.666667E-02	 0	
  .0001747	 7.450981E-02	 0	
  .0001748	 6.666667E-02	 0	
  .0001749	 7.450981E-02	 0	
  .000175	 8.235294E-02	 0	
  .0001751	 7.450981E-02	 0	
  .0001752	 8.235294E-02	 0	
  .0001753	 8.235294E-02	 0	
  .0001754	 7.450981E-02	 0	
  .0001755	 8.235294E-02	 0	
  .0001756	 8.235294E-02	 0	
  .0001757	 6.666667E-02	 0	
  .0001758	 8.235294E-02	 0	
  .0001759	 7.450981E-02	 0	
  .000176	 7.450981E-02	 0	
  .0001761	 6.666667E-02	 0	
  .0001762	 7.450981E-02	 0	
  .0001763	 6.666667E-02	 0	
  .0001764	 6.666667E-02	 0	
  .0001765	 7.450981E-02	 0	
  .0001766	 6.666667E-02	 0	
  .0001767	 7.450981E-02	 0	
  .0001768	 6.666667E-02	 0	
  .0001769	 6.666667E-02	 0	
  .000177	 7.450981E-02	 0	
  .0001771	 6.666667E-02	 0	
  .0001772	 7.450981E-02	 0	
  .0001773	 6.666667E-02	 0	
  .0001774	 5.882353E-02	 0	
  .0001775	 7.450981E-02	 0	
  .0001776	 5.882353E-02	 0	
  .0001777	 5.882353E-02	 0	
  .0001778	 5.882353E-02	 0	
  .0001779	 6.666667E-02	 0	
  .000178	 6.666667E-02	 0	
  .0001781	 5.882353E-02	 0	
  .0001782	 6.666667E-02	 0	
  .0001783	 6.666667E-02	 0	
  .0001784	 5.882353E-02	 0	
  .0001785	 5.882353E-02	 0	
  .0001786	 5.882353E-02	 0	
  .0001787	 5.098039E-02	 0	
  .0001788	 5.882353E-02	 0	
  .0001789	 5.882353E-02	 0	
  .000179	 5.882353E-02	 0	
  .0001791	 5.882353E-02	 0	
  .0001792	 6.666667E-02	 0	
  .0001793	 5.882353E-02	 0	
  .0001794	 5.882353E-02	 0	
  .0001795	 5.882353E-02	 0	
  .0001796	 5.098039E-02	 0	
  .0001797	 5.098039E-02	 0	
  .0001798	 5.098039E-02	 0	
  .0001799	 5.098039E-02	 0	
  .00018	 4.313726E-02	 0	
  .0001801	 5.098039E-02	 0	
  .0001802	 5.098039E-02	 0	
  .0001803	 4.313726E-02	 0	
  .0001804	 3.529412E-02	 0	
  .0001805	 4.313726E-02	 0	
  .0001806	 4.313726E-02	 0	
  .0001807	 4.313726E-02	 0	
  .0001808	 5.098039E-02	 0	
  .0001809	 4.313726E-02	 0	
  .000181	 3.529412E-02	 0	
  .0001811	 4.313726E-02	 0	
  .0001812	 4.313726E-02	 0	
  .0001813	 3.529412E-02	 0	
  .0001814	 3.529412E-02	 0	
  .0001815	 3.529412E-02	 0	
  .0001816	 3.529412E-02	 0	
  .0001817	 3.529412E-02	 0	
  .0001818	 4.313726E-02	 0	
  .0001819	 4.313726E-02	 0	
  .000182	 3.529412E-02	 0	
  .0001821	 3.529412E-02	 0	
  .0001822	 3.529412E-02	 0	
  .0001823	 3.529412E-02	 0	
  .0001824	 3.529412E-02	 0	
  .0001825	 4.313726E-02	 0	
  .0001826	 2.745098E-02	 0	
  .0001827	 3.529412E-02	 0	
  .0001828	 2.745098E-02	 0	
  .0001829	 2.745098E-02	 0	
  .000183	 1.960784E-02	 0	
  .0001831	 3.529412E-02	 0	
  .0001832	 2.745098E-02	 0	
  .0001833	 2.745098E-02	 0	
  .0001834	 2.745098E-02	 0	
  .0001835	 2.745098E-02	 0	
  .0001836	 1.960784E-02	 0	
  .0001837	 1.960784E-02	 0	
  .0001838	 2.745098E-02	 0	
  .0001839	 1.960784E-02	 0	
  .000184	 1.176471E-02	 0	
  .0001841	 1.960784E-02	 0	
  .0001842	 1.960784E-02	 0	
  .0001843	 2.745098E-02	 0	
  .0001844	 1.960784E-02	 0	
  .0001845	 1.176471E-02	 0	
  .0001846	 3.921569E-03	 0	
  .0001847	 1.960784E-02	 0	
  .0001848	 1.176471E-02	 0	
  .0001849	 1.176471E-02	 0	
  .000185	 1.176471E-02	 0	
  .0001851	 1.176471E-02	 0	
  .0001852	 1.960784E-02	 0	
  .0001853	 1.176471E-02	 0	
  .0001854	 1.176471E-02	 0	
  .0001855	 1.176471E-02	 0	
  .0001856	 3.921569E-03	 0	
  .0001857	 1.176471E-02	 0	
  .0001858	 1.176471E-02	 0	
  .0001859	 3.921569E-03	 0	
  .000186	-3.921569E-03	 0	
  .0001861	 3.921569E-03	 0	
  .0001862	 3.921569E-03	 0	
  .0001863	 1.176471E-02	 0	
  .0001864	-3.921569E-03	 0	
  .0001865	 3.921569E-03	 0	
  .0001866	 3.921569E-03	 0	
  .0001867	-3.921569E-03	 0	
  .0001868	 1.176471E-02	 0	
  .0001869	-3.921569E-03	 0	
  .000187	 3.921569E-03	 0	
  .0001871	-3.921569E-03	 0	
  .0001872	-3.921569E-03	 0	
  .0001873	-3.921569E-03	 0	
  .0001874	 1.176471E-02	 0	
  .0001875	-1.176471E-02	 0	
  .0001876	 3.921569E-03	 0	
  .0001877	-1.176471E-02	 0	
  .0001878	-3.921569E-03	 0	
  .0001879	 3.921569E-03	 0	
  .000188	-1.176471E-02	 0	
  .0001881	-3.921569E-03	 0	
  .0001882	-3.921569E-03	 0	
  .0001883	-1.176471E-02	 0	
  .0001884	-1.176471E-02	 0	
  .0001885	-1.960784E-02	 0	
  .0001886	-3.921569E-03	 0	
  .0001887	-1.176471E-02	 0	
  .0001888	-1.960784E-02	 0	
  .0001889	-1.960784E-02	 0	
  .000189	-1.176471E-02	 0	
  .0001891	-1.176471E-02	 0	
  .0001892	-1.960784E-02	 0	
  .0001893	-1.176471E-02	 0	
  .0001894	-1.960784E-02	 0	
  .0001895	-1.960784E-02	 0	
  .0001896	-1.960784E-02	 0	
  .0001897	-1.176471E-02	 0	
  .0001898	-1.960784E-02	 0	
  .0001899	-1.176471E-02	 0	
  .00019	-2.745098E-02	 0	
  .0001901	-1.960784E-02	 0	
  .0001902	-1.960784E-02	 0	
  .0001903	-1.960784E-02	 0	
  .0001904	-1.960784E-02	 0	
  .0001905	-2.745098E-02	 0	
  .0001906	-2.745098E-02	 0	
  .0001907	-1.960784E-02	 0	
  .0001908	-2.745098E-02	 0	
  .0001909	-2.745098E-02	 0	
  .000191	-1.960784E-02	 0	
  .0001911	-3.529412E-02	 0	
  .0001912	-2.745098E-02	 0	
  .0001913	-2.745098E-02	 0	
  .0001914	-3.529412E-02	 0	
  .0001915	-2.745098E-02	 0	
  .0001916	-2.745098E-02	 0	
  .0001917	-2.745098E-02	 0	
  .0001918	-1.960784E-02	 0	
  .0001919	-2.745098E-02	 0	
  .000192	-2.745098E-02	 0	
  .0001921	-2.745098E-02	 0	
  .0001922	-1.960784E-02	 0	
  .0001923	-2.745098E-02	 0	
  .0001924	-2.745098E-02	 0	
  .0001925	-3.529412E-02	 0	
  .0001926	-2.745098E-02	 0	
  .0001927	-2.745098E-02	 0	
  .0001928	-2.745098E-02	 0	
  .0001929	-3.529412E-02	 0	
  .000193	-2.745098E-02	 0	
  .0001931	-1.960784E-02	 0	
  .0001932	-3.529412E-02	 0	
  .0001933	-2.745098E-02	 0	
  .0001934	-3.529412E-02	 0	
  .0001935	-3.529412E-02	 0	
  .0001936	-4.313726E-02	 0	
  .0001937	-3.529412E-02	 0	
  .0001938	-3.529412E-02	 0	
  .0001939	-4.313726E-02	 0	
  .000194	-3.529412E-02	 0	
  .0001941	-3.529412E-02	 0	
  .0001942	-3.529412E-02	 0	
  .0001943	-5.098039E-02	 0	
  .0001944	-4.313726E-02	 0	
  .0001945	-4.313726E-02	 0	
  .0001946	-4.313726E-02	 0	
  .0001947	-5.098039E-02	 0	
  .0001948	-4.313726E-02	 0	
  .0001949	-3.529412E-02	 0	
  .000195	-3.529412E-02	 0	
  .0001951	-3.529412E-02	 0	
  .0001952	-4.313726E-02	 0	
  .0001953	-4.313726E-02	 0	
  .0001954	-4.313726E-02	 0	
  .0001955	-4.313726E-02	 0	
  .0001956	-3.529412E-02	 0	
  .0001957	-3.529412E-02	 0	
  .0001958	-4.313726E-02	 0	
  .0001959	-4.313726E-02	 0	
  .000196	-4.313726E-02	 0	
  .0001961	-3.529412E-02	 0	
  .0001962	-5.098039E-02	 0	
  .0001963	-4.313726E-02	 0	
  .0001964	-4.313726E-02	 0	
  .0001965	-4.313726E-02	 0	
  .0001966	-4.313726E-02	 0	
  .0001967	-4.313726E-02	 0	
  .0001968	-4.313726E-02	 0	
  .0001969	-4.313726E-02	 0	
  .000197	-4.313726E-02	 0	
  .0001971	-4.313726E-02	 0	
  .0001972	-5.098039E-02	 0	
  .0001973	-3.529412E-02	 0	
  .0001974	-5.098039E-02	 0	
  .0001975	-3.529412E-02	 0	
  .0001976	-5.098039E-02	 0	
  .0001977	-4.313726E-02	 0	
  .0001978	-4.313726E-02	 0	
  .0001979	-4.313726E-02	 0	
  .000198	-5.098039E-02	 0	
  .0001981	-4.313726E-02	 0	
  .0001982	-4.313726E-02	 0	
  .0001983	-4.313726E-02	 0	
  .0001984	-4.313726E-02	 0	
  .0001985	-5.098039E-02	 0	
  .0001986	-4.313726E-02	 0	
  .0001987	-5.098039E-02	 0	
  .0001988	-5.098039E-02	 0	
  .0001989	-3.529412E-02	 0	
  .000199	-4.313726E-02	 0	
  .0001991	-5.098039E-02	 0	
  .0001992	-4.313726E-02	 0	
  .0001993	-4.313726E-02	 0	
  .0001994	-5.098039E-02	 0	
  .0001995	-4.313726E-02	 0	
  .0001996	-3.529412E-02	 0	
  .0001997	-4.313726E-02	 0	
  .0001998	-4.313726E-02	 0	
  .0001999	-4.313726E-02	 0	
  .0002	-4.313726E-02	 0	
  .0002001	-5.098039E-02	 0	
  .0002002	-5.098039E-02	 0	
  .0002003	-5.098039E-02	 0	
  .0002004	-4.313726E-02	 0	
  .0002005	-4.313726E-02	 0	
  .0002006	-4.313726E-02	 0	
  .0002007	-5.098039E-02	 0	
  .0002008	-4.313726E-02	 0	
  .0002009	-5.098039E-02	 0	
  .000201	-3.529412E-02	 0	
  .0002011	-5.098039E-02	 0	
  .0002012	-5.098039E-02	 0	
  .0002013	-5.098039E-02	 0	
  .0002014	-4.313726E-02	 0	
  .0002015	-4.313726E-02	 0	
  .0002016	-4.313726E-02	 0	
  .0002017	-4.313726E-02	 0	
  .0002018	-4.313726E-02	 0	
  .0002019	-5.098039E-02	 0	
  .000202	-5.098039E-02	 0	
  .0002021	-3.529412E-02	 0	
  .0002022	-3.529412E-02	 0	
  .0002023	-4.313726E-02	 0	
  .0002024	-3.529412E-02	 0	
  .0002025	-3.529412E-02	 0	
  .0002026	-4.313726E-02	 0	
  .0002027	-3.529412E-02	 0	
  .0002028	-5.098039E-02	 0	
  .0002029	-3.529412E-02	 0	
  .000203	-3.529412E-02	 0	
  .0002031	-4.313726E-02	 0	
  .0002032	-3.529412E-02	 0	
  .0002033	-3.529412E-02	 0	
  .0002034	-4.313726E-02	 0	
  .0002035	-3.529412E-02	 0	
  .0002036	-3.529412E-02	 0	
  .0002037	-4.313726E-02	 0	
  .0002038	-3.529412E-02	 0	
  .0002039	-3.529412E-02	 0	
  .000204	-3.529412E-02	 0	
  .0002041	-3.529412E-02	 0	
  .0002042	-5.098039E-02	 0	
  .0002043	-3.529412E-02	 0	
  .0002044	-4.313726E-02	 0	
  .0002045	-4.313726E-02	 0	
  .0002046	-3.529412E-02	 0	
  .0002047	-4.313726E-02	 0	
  .0002048	-2.745098E-02	 0	
  .0002049	-2.745098E-02	 0	
  .000205	-2.745098E-02	 0	
  .0002051	-2.745098E-02	 0	
  .0002052	-3.529412E-02	 0	
  .0002053	-3.529412E-02	 0	
  .0002054	-4.313726E-02	 0	
  .0002055	-2.745098E-02	 0	
  .0002056	-3.529412E-02	 0	
  .0002057	-3.529412E-02	 0	
  .0002058	-3.529412E-02	 0	
  .0002059	-3.529412E-02	 0	
  .000206	-3.529412E-02	 0	
  .0002061	-3.529412E-02	 0	
  .0002062	-3.529412E-02	 0	
  .0002063	-2.745098E-02	 0	
  .0002064	-2.745098E-02	 0	
  .0002065	-3.529412E-02	 0	
  .0002066	-2.745098E-02	 0	
  .0002067	-2.745098E-02	 0	
  .0002068	-2.745098E-02	 0	
  .0002069	-3.529412E-02	 0	
  .000207	-2.745098E-02	 0	
  .0002071	-3.529412E-02	 0	
  .0002072	-1.176471E-02	 0	
  .0002073	-1.960784E-02	 0	
  .0002074	-2.745098E-02	 0	
  .0002075	-2.745098E-02	 0	
  .0002076	-2.745098E-02	 0	
  .0002077	-2.745098E-02	 0	
  .0002078	-2.745098E-02	 0	
  .0002079	-1.960784E-02	 0	
  .000208	-1.960784E-02	 0	
  .0002081	-2.745098E-02	 0	
  .0002082	-1.960784E-02	 0	
  .0002083	-1.176471E-02	 0	
  .0002084	-1.960784E-02	 0	
  .0002085	-1.960784E-02	 0	
  .0002086	-2.745098E-02	 0	
  .0002087	-1.960784E-02	 0	
  .0002088	-1.960784E-02	 0	
  .0002089	-1.176471E-02	 0	
  .000209	-1.960784E-02	 0	
  .0002091	-1.176471E-02	 0	
  .0002092	-1.960784E-02	 0	
  .0002093	-1.960784E-02	 0	
  .0002094	-1.960784E-02	 0	
  .0002095	-1.176471E-02	 0	
  .0002096	-1.960784E-02	 0	
  .0002097	-1.960784E-02	 0	
  .0002098	-1.960784E-02	 0	
  .0002099	-1.176471E-02	 0	
  .00021	-1.176471E-02	 0	
  .0002101	-1.176471E-02	 0	
  .0002102	-1.176471E-02	 0	
  .0002103	-1.176471E-02	 0	
  .0002104	-1.960784E-02	 0	
  .0002105	-3.921569E-03	 0	
  .0002106	-1.960784E-02	 0	
  .0002107	-1.176471E-02	 0	
  .0002108	-3.921569E-03	 0	
  .0002109	-3.921569E-03	 0	
  .000211	-1.960784E-02	 0	
  .0002111	-1.176471E-02	 0	
  .0002112	-3.921569E-03	 0	
  .0002113	-3.921569E-03	 0	
  .0002114	-1.176471E-02	 0	
  .0002115	-3.921569E-03	 0	
  .0002116	 1.176471E-02	 0	
  .0002117	-3.921569E-03	 0	
  .0002118	 3.921569E-03	 0	
  .0002119	-3.921569E-03	 0	
  .000212	 3.921569E-03	 0	
  .0002121	 3.921569E-03	 0	
  .0002122	 1.176471E-02	 0	
  .0002123	 1.176471E-02	 0	
  .0002124	 1.176471E-02	 0	
  .0002125	 3.921569E-03	 0	
  .0002126	-3.921569E-03	 0	
  .0002127	-3.921569E-03	 0	
  .0002128	 3.921569E-03	 0	
  .0002129	 3.921569E-03	 0	
  .000213	 1.176471E-02	 0	
  .0002131	 1.176471E-02	 0	
  .0002132	 1.176471E-02	 0	
  .0002133	 3.921569E-03	 0	
  .0002134	 3.921569E-03	 0	
  .0002135	 1.176471E-02	 0	
  .0002136	 1.176471E-02	 0	
  .0002137	 3.921569E-03	 0	
  .0002138	 1.176471E-02	 0	
  .0002139	 3.921569E-03	 0	
  .000214	 1.176471E-02	 0	
  .0002141	 3.921569E-03	 0	
  .0002142	 3.921569E-03	 0	
  .0002143	 3.921569E-03	 0	
  .0002144	 3.921569E-03	 0	
  .0002145	 1.176471E-02	 0	
  .0002146	 3.921569E-03	 0	
  .0002147	 1.176471E-02	 0	
  .0002148	 1.960784E-02	 0	
  .0002149	 1.960784E-02	 0	
  .000215	 1.176471E-02	 0	
  .0002151	 1.176471E-02	 0	
  .0002152	 1.176471E-02	 0	
  .0002153	 1.176471E-02	 0	
  .0002154	 1.960784E-02	 0	
  .0002155	 1.960784E-02	 0	
  .0002156	 1.176471E-02	 0	
  .0002157	 3.921569E-03	 0	
  .0002158	 1.960784E-02	 0	
  .0002159	 2.745098E-02	 0	
  .000216	 1.960784E-02	 0	
  .0002161	 1.176471E-02	 0	
  .0002162	 1.960784E-02	 0	
  .0002163	 1.960784E-02	 0	
  .0002164	 1.176471E-02	 0	
  .0002165	 2.745098E-02	 0	
  .0002166	 1.960784E-02	 0	
  .0002167	 1.960784E-02	 0	
  .0002168	 1.960784E-02	 0	
  .0002169	 1.960784E-02	 0	
  .000217	 1.176471E-02	 0	
  .0002171	 3.529412E-02	 0	
  .0002172	 2.745098E-02	 0	
  .0002173	 1.960784E-02	 0	
  .0002174	 1.960784E-02	 0	
  .0002175	 2.745098E-02	 0	
  .0002176	 3.529412E-02	 0	
  .0002177	 2.745098E-02	 0	
  .0002178	 3.529412E-02	 0	
  .0002179	 3.529412E-02	 0	
  .000218	 1.960784E-02	 0	
  .0002181	 2.745098E-02	 0	
  .0002182	 2.745098E-02	 0	
  .0002183	 2.745098E-02	 0	
  .0002184	 2.745098E-02	 0	
  .0002185	 1.960784E-02	 0	
  .0002186	 2.745098E-02	 0	
  .0002187	 2.745098E-02	 0	
  .0002188	 2.745098E-02	 0	
  .0002189	 2.745098E-02	 0	
  .000219	 3.529412E-02	 0	
  .0002191	 2.745098E-02	 0	
  .0002192	 3.529412E-02	 0	
  .0002193	 1.960784E-02	 0	
  .0002194	 3.529412E-02	 0	
  .0002195	 3.529412E-02	 0	
  .0002196	 3.529412E-02	 0	
  .0002197	 2.745098E-02	 0	
  .0002198	 3.529412E-02	 0	
  .0002199	 2.745098E-02	 0	
  .00022	 2.745098E-02	 0	
  .0002201	 3.529412E-02	 0	
  .0002202	 2.745098E-02	 0	
  .0002203	 3.529412E-02	 0	
  .0002204	 3.529412E-02	 0	
  .0002205	 2.745098E-02	 0	
  .0002206	 3.529412E-02	 0	
  .0002207	 4.313726E-02	 0	
  .0002208	 3.529412E-02	 0	
  .0002209	 3.529412E-02	 0	
  .000221	 2.745098E-02	 0	
  .0002211	 3.529412E-02	 0	
  .0002212	 5.098039E-02	 0	
  .0002213	 3.529412E-02	 0	
  .0002214	 4.313726E-02	 0	
  .0002215	 4.313726E-02	 0	
  .0002216	 2.745098E-02	 0	
  .0002217	 3.529412E-02	 0	
  .0002218	 3.529412E-02	 0	
  .0002219	 5.882353E-02	 0	
  .000222	 4.313726E-02	 0	
  .0002221	 5.098039E-02	 0	
  .0002222	 4.313726E-02	 0	
  .0002223	 5.098039E-02	 0	
  .0002224	 4.313726E-02	 0	
  .0002225	 5.098039E-02	 0	
  .0002226	 3.529412E-02	 0	
  .0002227	 4.313726E-02	 0	
  .0002228	 5.882353E-02	 0	
  .0002229	 5.098039E-02	 0	
  .000223	 5.098039E-02	 0	
  .0002231	 5.098039E-02	 0	
  .0002232	 5.098039E-02	 0	
  .0002233	 3.529412E-02	 0	
  .0002234	 5.098039E-02	 0	
  .0002235	 5.098039E-02	 0	
  .0002236	 4.313726E-02	 0	
  .0002237	 5.098039E-02	 0	
  .0002238	 5.098039E-02	 0	
  .0002239	 4.313726E-02	 0	
  .000224	 4.313726E-02	 0	
  .0002241	 4.313726E-02	 0	
  .0002242	 4.313726E-02	 0	
  .0002243	 4.313726E-02	 0	
  .0002244	 4.313726E-02	 0	
  .0002245	 3.529412E-02	 0	
  .0002246	 5.098039E-02	 0	
  .0002247	 5.098039E-02	 0	
  .0002248	 6.666667E-02	 0	
  .0002249	 5.098039E-02	 0	
  .000225	 4.313726E-02	 0	
