Date                :       11-22-2010
Time                :       14:15:40
Voltage on Bank     :       
Capacitance         :       
Crowbar             :       
Pretrigger Points   :        250
Sampling period     :        .0000001
Coil Surface        :       50
Type of measurement :       
Sample name         :       
Temperature         :       
                    :       
 -.0000249	 3.921569E-03	 0	
 -.0000248	 3.921569E-03	 0	
 -.0000247	 3.921569E-03	 0	
 -.0000246	 3.921569E-03	 0	
 -.0000245	 3.921569E-03	 0	
 -.0000244	 3.921569E-03	 0	
 -.0000243	 1.960784E-02	 0	
 -.0000242	 3.921569E-03	 0	
 -.0000241	 1.176471E-02	 0	
 -.000024	 3.921569E-03	 0	
 -.0000239	 3.921569E-03	 0	
 -.0000238	 1.176471E-02	 0	
 -.0000237	 3.921569E-03	 0	
 -.0000236	 3.921569E-03	 0	
 -.0000235	 3.921569E-03	 0	
 -.0000234	 1.176471E-02	 0	
 -.0000233	 3.921569E-03	 0	
 -.0000232	 3.921569E-03	 0	
 -.0000231	 1.960784E-02	 0	
 -.000023	 3.921569E-03	 0	
 -.0000229	 1.176471E-02	 0	
 -.0000228	 3.921569E-03	 0	
 -.0000227	 1.176471E-02	 0	
 -.0000226	 1.960784E-02	 0	
 -.0000225	 3.921569E-03	 0	
 -.0000224	 3.921569E-03	 0	
 -.0000223	 1.176471E-02	 0	
 -.0000222	 3.921569E-03	 0	
 -.0000221	 3.921569E-03	 0	
 -.000022	 1.960784E-02	 0	
 -.0000219	 1.176471E-02	 0	
 -.0000218	 1.176471E-02	 0	
 -.0000217	 3.921569E-03	 0	
 -.0000216	 1.176471E-02	 0	
 -.0000215	 1.176471E-02	 0	
 -.0000214	 1.960784E-02	 0	
 -.0000213	 3.921569E-03	 0	
 -.0000212	 1.176471E-02	 0	
 -.0000211	 3.921569E-03	 0	
 -.000021	 3.921569E-03	 0	
 -.0000209	 1.176471E-02	 0	
 -.0000208	 1.176471E-02	 0	
 -.0000207	 1.176471E-02	 0	
 -.0000206	 1.176471E-02	 0	
 -.0000205	 1.176471E-02	 0	
 -.0000204	 1.176471E-02	 0	
 -.0000203	 3.921569E-03	 0	
 -.0000202	 3.921569E-03	 0	
 -.0000201	 3.921569E-03	 0	
 -.00002	 3.921569E-03	 0	
 -.0000199	 1.176471E-02	 0	
 -.0000198	 1.176471E-02	 0	
 -.0000197	 3.921569E-03	 0	
 -.0000196	 1.176471E-02	 0	
 -.0000195	 1.176471E-02	 0	
 -.0000194	 1.176471E-02	 0	
 -.0000193	 3.921569E-03	 0	
 -.0000192	 1.176471E-02	 0	
 -.0000191	 3.921569E-03	 0	
 -.000019	 1.176471E-02	 0	
 -.0000189	 1.176471E-02	 0	
 -.0000188	 1.176471E-02	 0	
 -.0000187	 3.921569E-03	 0	
 -.0000186	 3.921569E-03	 0	
 -.0000185	 1.960784E-02	 0	
 -.0000184	-3.921569E-03	 0	
 -.0000183	 1.176471E-02	 0	
 -.0000182	 1.176471E-02	 0	
 -.0000181	 1.176471E-02	 0	
 -.000018	 1.176471E-02	 0	
 -.0000179	 3.921569E-03	 0	
 -.0000178	 3.921569E-03	 0	
 -.0000177	 3.921569E-03	 0	
 -.0000176	 1.176471E-02	 0	
 -.0000175	 1.176471E-02	 0	
 -.0000174	 1.176471E-02	 0	
 -.0000173	 1.176471E-02	 0	
 -.0000172	 3.921569E-03	 0	
 -.0000171	 1.176471E-02	 0	
 -.000017	 1.176471E-02	 0	
 -.0000169	 1.960784E-02	 0	
 -.0000168	 1.960784E-02	 0	
 -.0000167	 1.176471E-02	 0	
 -.0000166	 1.176471E-02	 0	
 -.0000165	 3.921569E-03	 0	
 -.0000164	 1.176471E-02	 0	
 -.0000163	 1.176471E-02	 0	
 -.0000162	 3.921569E-03	 0	
 -.0000161	 1.176471E-02	 0	
 -.000016	 3.921569E-03	 0	
 -.0000159	-3.921569E-03	 0	
 -.0000158	 3.921569E-03	 0	
 -.0000157	 3.921569E-03	 0	
 -.0000156	-3.921569E-03	 0	
 -.0000155	 1.176471E-02	 0	
 -.0000154	 1.960784E-02	 0	
 -.0000153	 3.921569E-03	 0	
 -.0000152	 3.921569E-03	 0	
 -.0000151	 1.176471E-02	 0	
 -.000015	 1.176471E-02	 0	
 -.0000149	 1.176471E-02	 0	
 -.0000148	 3.921569E-03	 0	
 -.0000147	 1.176471E-02	 0	
 -.0000146	 3.921569E-03	 0	
 -.0000145	 3.921569E-03	 0	
 -.0000144	 3.921569E-03	 0	
 -.0000143	 1.176471E-02	 0	
 -.0000142	 1.176471E-02	 0	
 -.0000141	 1.176471E-02	 0	
 -.000014	 1.176471E-02	 0	
 -.0000139	 3.921569E-03	 0	
 -.0000138	 3.921569E-03	 0	
 -.0000137	 1.176471E-02	 0	
 -.0000136	 3.921569E-03	 0	
 -.0000135	 1.176471E-02	 0	
 -.0000134	 3.921569E-03	 0	
 -.0000133	 3.921569E-03	 0	
 -.0000132	 1.960784E-02	 0	
 -.0000131	 1.176471E-02	 0	
 -.000013	 3.921569E-03	 0	
 -.0000129	 3.921569E-03	 0	
 -.0000128	 3.921569E-03	 0	
 -.0000127	 1.960784E-02	 0	
 -.0000126	 3.921569E-03	 0	
 -.0000125	 1.176471E-02	 0	
 -.0000124	 3.921569E-03	 0	
 -.0000123	 3.921569E-03	 0	
 -.0000122	-3.921569E-03	 0	
 -.0000121	 1.960784E-02	 0	
 -.000012	 1.176471E-02	 0	
 -.0000119	 3.921569E-03	 0	
 -.0000118	 3.921569E-03	 0	
 -.0000117	 3.921569E-03	 0	
 -.0000116	 1.176471E-02	 0	
 -.0000115	 1.176471E-02	 0	
 -.0000114	 1.176471E-02	 0	
 -.0000113	 1.176471E-02	 0	
 -.0000112	 3.921569E-03	 0	
 -.0000111	 3.921569E-03	 0	
 -.000011	-3.921569E-03	 0	
 -.0000109	 1.960784E-02	 0	
 -.0000108	 1.176471E-02	 0	
 -.0000107	 3.921569E-03	 0	
 -.0000106	 1.176471E-02	 0	
 -.0000105	 3.921569E-03	 0	
 -.0000104	 3.921569E-03	 0	
 -.0000103	 3.921569E-03	 0	
 -.0000102	 3.921569E-03	 0	
 -.0000101	 1.176471E-02	 0	
 -.00001	 1.176471E-02	 0	
 -.0000099	 1.176471E-02	 0	
 -.0000098	 3.921569E-03	 0	
 -.0000097	 3.921569E-03	 0	
 -.0000096	 1.176471E-02	 0	
 -.0000095	 1.176471E-02	 0	
 -.0000094	 3.921569E-03	 0	
 -.0000093	 1.176471E-02	 0	
 -.0000092	 3.921569E-03	 0	
 -.0000091	 1.176471E-02	 0	
 -.000009	 1.176471E-02	 0	
 -.0000089	 1.960784E-02	 0	
 -.0000088	 1.960784E-02	 0	
 -.0000087	 1.176471E-02	 0	
 -.0000086	 1.176471E-02	 0	
 -.0000085	 3.921569E-03	 0	
 -.0000084	 1.176471E-02	 0	
 -.0000083	 3.921569E-03	 0	
 -.0000082	 1.176471E-02	 0	
 -.0000081	 3.921569E-03	 0	
 -.000008	 1.960784E-02	 0	
 -.0000079	 3.921569E-03	 0	
 -.0000078	 1.176471E-02	 0	
 -.0000077	 3.921569E-03	 0	
 -.0000076	 1.960784E-02	 0	
 -.0000075	 1.960784E-02	 0	
 -.0000074	 1.176471E-02	 0	
 -.0000073	 1.176471E-02	 0	
 -.0000072	 1.176471E-02	 0	
 -.0000071	 1.176471E-02	 0	
 -.000007	 1.176471E-02	 0	
 -.0000069	 2.745098E-02	 0	
 -.0000068	 1.960784E-02	 0	
 -.0000067	 3.921569E-03	 0	
 -.0000066	 3.921569E-03	 0	
 -.0000065	 3.921569E-03	 0	
 -.0000064	 1.960784E-02	 0	
 -.0000063	 3.921569E-03	 0	
 -.0000062	 1.176471E-02	 0	
 -.0000061	 3.921569E-03	 0	
 -.000006	 1.176471E-02	 0	
 -.0000059	 1.176471E-02	 0	
 -.0000058	 3.921569E-03	 0	
 -.0000057	 1.176471E-02	 0	
 -.0000056	 1.176471E-02	 0	
 -.0000055	 1.960784E-02	 0	
 -.0000054	 1.176471E-02	 0	
 -.0000053	 3.921569E-03	 0	
 -.0000052	 1.176471E-02	 0	
 -.0000051	 3.921569E-03	 0	
 -.000005	 1.176471E-02	 0	
 -.0000049	 3.921569E-03	 0	
 -.0000048	 3.921569E-03	 0	
 -.0000047	 1.176471E-02	 0	
 -.0000046	 1.176471E-02	 0	
 -.0000045	 1.960784E-02	 0	
 -.0000044	 1.176471E-02	 0	
 -.0000043	 1.176471E-02	 0	
 -.0000042	 3.921569E-03	 0	
 -.0000041	 1.176471E-02	 0	
 -.000004	 3.921569E-03	 0	
 -.0000039	 1.176471E-02	 0	
 -.0000038	 3.921569E-03	 0	
 -.0000037	 1.176471E-02	 0	
 -.0000036	 3.921569E-03	 0	
 -.0000035	 3.921569E-03	 0	
 -.0000034	 3.921569E-03	 0	
 -.0000033	 1.960784E-02	 0	
 -.0000032	 1.176471E-02	 0	
 -.0000031	 1.176471E-02	 0	
 -.000003	 3.921569E-03	 0	
 -.0000029	 3.921569E-03	 0	
 -.0000028	 1.176471E-02	 0	
 -.0000027	 1.176471E-02	 0	
 -.0000026	 1.960784E-02	 0	
 -.0000025	 1.176471E-02	 0	
 -.0000024	 3.921569E-03	 0	
 -.0000023	 3.921569E-03	 0	
 -.0000022	 1.176471E-02	 0	
 -.0000021	 1.960784E-02	 0	
 -.000002	 1.176471E-02	 0	
 -.0000019	 3.921569E-03	 0	
 -.0000018	 3.921569E-03	 0	
 -.0000017	 1.176471E-02	 0	
 -.0000016	 1.176471E-02	 0	
 -.0000015	 1.176471E-02	 0	
 -.0000014	 1.960784E-02	 0	
 -.0000013	 1.960784E-02	 0	
 -.0000012	 3.921569E-03	 0	
 -.0000011	 3.921569E-03	 0	
 -.000001	 1.960784E-02	 0	
 -.0000009	 1.176471E-02	 0	
 -.0000008	 1.176471E-02	 0	
 -.0000007	 1.176471E-02	 0	
 -.0000006	 1.176471E-02	 0	
 -.0000005	 1.176471E-02	 0	
 -.0000004	 3.921569E-03	 0	
 -.0000003	 1.960784E-02	 0	
 -.0000002	 1.176471E-02	 0	
 -.0000001	 1.176471E-02	 0	
  0	 1.960784E-02	 0	
  .0000001	 3.921569E-03	 0	
  .0000002	 1	 0	
  .0000003	 .7568628	 0	
  .0000004	 .7803922	 0	
  .0000005	 .8039216	 0	
  .0000006	 .7803922	 0	
  .0000007	 .7803922	 0	
  .0000008	 .772549	 0	
  .0000009	 .7803922	 0	
  .000001	 .7803922	 0	
  .0000011	 .772549	 0	
  .0000012	 .7647059	 0	
  .0000013	 .7647059	 0	
  .0000014	 .7490196	 0	
  .0000015	 .7490196	 0	
  .0000016	 .7490196	 0	
  .0000017	 .7411765	 0	
  .0000018	 .7333333	 0	
  .0000019	 .7176471	 0	
  .000002	 .7254902	 0	
  .0000021	 .7254902	 0	
  .0000022	 .7176471	 0	
  .0000023	 .7176471	 0	
  .0000024	 .7098039	 0	
  .0000025	 .7098039	 0	
  .0000026	 .7019608	 0	
  .0000027	 .6862745	 0	
  .0000028	 .6941177	 0	
  .0000029	 .6862745	 0	
  .000003	 .6862745	 0	
  .0000031	 .6784314	 0	
  .0000032	 .6705883	 0	
  .0000033	 .6627451	 0	
  .0000034	 .6627451	 0	
  .0000035	 .6470588	 0	
  .0000036	 .6392157	 0	
  .0000037	 .6392157	 0	
  .0000038	 .6313726	 0	
  .0000039	 .6313726	 0	
  .000004	 .6235294	 0	
  .0000041	 .6235294	 0	
  .0000042	 .6156863	 0	
  .0000043	 .6235294	 0	
  .0000044	 .6156863	 0	
  .0000045	 .6	 0	
  .0000046	 .6	 0	
  .0000047	 .6078432	 0	
  .0000048	 .5843138	 0	
  .0000049	 .5921569	 0	
  .000005	 .5843138	 0	
  .0000051	 .5686275	 0	
  .0000052	 .5686275	 0	
  .0000053	 .5607843	 0	
  .0000054	 .5607843	 0	
  .0000055	 .5529412	 0	
  .0000056	 .5450981	 0	
  .0000057	 .5372549	 0	
  .0000058	 .5450981	 0	
  .0000059	 .5372549	 0	
  .000006	 .5294118	 0	
  .0000061	 .5215687	 0	
  .0000062	 .5137255	 0	
  .0000063	 .5058824	 0	
  .0000064	 .5137255	 0	
  .0000065	 .5058824	 0	
  .0000066	 .5058824	 0	
  .0000067	 .4901961	 0	
  .0000068	 .4901961	 0	
  .0000069	 .4745098	 0	
  .000007	 .4666667	 0	
  .0000071	 .4745098	 0	
  .0000072	 .4666667	 0	
  .0000073	 .4588235	 0	
  .0000074	 .4509804	 0	
  .0000075	 .4431373	 0	
  .0000076	 .4431373	 0	
  .0000077	 .427451	 0	
  .0000078	 .4196078	 0	
  .0000079	 .4117647	 0	
  .000008	 .3960784	 0	
  .0000081	 .3882353	 0	
  .0000082	 .3803922	 0	
  .0000083	 .3882353	 0	
  .0000084	 .372549	 0	
  .0000085	 .3803922	 0	
  .0000086	 .3647059	 0	
  .0000087	 .3411765	 0	
  .0000088	 .3333333	 0	
  .0000089	 .3490196	 0	
  .000009	 .3176471	 0	
  .0000091	 .3176471	 0	
  .0000092	 .3098039	 0	
  .0000093	 .3019608	 0	
  .0000094	 .2862745	 0	
  .0000095	 .2784314	 0	
  .0000096	 .2784314	 0	
  .0000097	 .2627451	 0	
  .0000098	 .254902	 0	
  .0000099	 .254902	 0	
  .00001	 .2392157	 0	
  .0000101	 .2470588	 0	
  .0000102	 .2313726	 0	
  .0000103	 .2235294	 0	
  .0000104	 .2156863	 0	
  .0000105	 .2078431	 0	
  .0000106	 .2	 0	
  .0000107	 .1843137	 0	
  .0000108	 .1843137	 0	
  .0000109	 .1764706	 0	
  .000011	 .1764706	 0	
  .0000111	 .1607843	 0	
  .0000112	 .145098	 0	
  .0000113	 .1372549	 0	
  .0000114	 .1372549	 0	
  .0000115	 .1372549	 0	
  .0000116	 .1215686	 0	
  .0000117	 .1058824	 0	
  .0000118	 .1058824	 0	
  .0000119	 9.019608E-02	 0	
  .000012	 8.235294E-02	 0	
  .0000121	 7.450981E-02	 0	
  .0000122	 7.450981E-02	 0	
  .0000123	 7.450981E-02	 0	
  .0000124	 5.098039E-02	 0	
  .0000125	 5.098039E-02	 0	
  .0000126	 5.098039E-02	 0	
  .0000127	 2.745098E-02	 0	
  .0000128	 1.960784E-02	 0	
  .0000129	 1.960784E-02	 0	
  .000013	 1.176471E-02	 0	
  .0000131	-3.921569E-03	 0	
  .0000132	-3.921569E-03	 0	
  .0000133	-1.960784E-02	 0	
  .0000134	-2.745098E-02	 0	
  .0000135	-3.529412E-02	 0	
  .0000136	-3.529412E-02	 0	
  .0000137	-5.098039E-02	 0	
  .0000138	-5.882353E-02	 0	
  .0000139	-5.098039E-02	 0	
  .000014	-6.666667E-02	 0	
  .0000141	-7.450981E-02	 0	
  .0000142	-8.235294E-02	 0	
  .0000143	-7.450981E-02	 0	
  .0000144	-9.019608E-02	 0	
  .0000145	-9.803922E-02	 0	
  .0000146	-9.803922E-02	 0	
  .0000147	-.1137255	 0	
  .0000148	-.1137255	 0	
  .0000149	-.1137255	 0	
  .000015	-.1294118	 0	
  .0000151	-.145098	 0	
  .0000152	-.145098	 0	
  .0000153	-.1294118	 0	
  .0000154	-.145098	 0	
  .0000155	-.1529412	 0	
  .0000156	-.1529412	 0	
  .0000157	-.1607843	 0	
  .0000158	-.1686275	 0	
  .0000159	-.1686275	 0	
  .000016	-.1764706	 0	
  .0000161	-.1764706	 0	
  .0000162	-.1921569	 0	
  .0000163	-.1921569	 0	
  .0000164	-.2078431	 0	
  .0000165	-.2078431	 0	
  .0000166	-.2156863	 0	
  .0000167	-.2156863	 0	
  .0000168	-.2235294	 0	
  .0000169	-.2313726	 0	
  .000017	-.2392157	 0	
  .0000171	-.2470588	 0	
  .0000172	-.2470588	 0	
  .0000173	-.2627451	 0	
  .0000174	-.2627451	 0	
  .0000175	-.2705882	 0	
  .0000176	-.2784314	 0	
  .0000177	-.2705882	 0	
  .0000178	-.2862745	 0	
  .0000179	-.2941177	 0	
  .000018	-.3019608	 0	
  .0000181	-.3019608	 0	
  .0000182	-.3019608	 0	
  .0000183	-.3098039	 0	
  .0000184	-.3098039	 0	
  .0000185	-.3333333	 0	
  .0000186	-.3333333	 0	
  .0000187	-.3411765	 0	
  .0000188	-.3411765	 0	
  .0000189	-.3411765	 0	
  .000019	-.3568628	 0	
  .0000191	-.3568628	 0	
  .0000192	-.372549	 0	
  .0000193	-.3803922	 0	
  .0000194	-.3803922	 0	
  .0000195	-.3803922	 0	
  .0000196	-.3803922	 0	
  .0000197	-.3960784	 0	
  .0000198	-.3803922	 0	
  .0000199	-.4039216	 0	
  .00002	-.4039216	 0	
  .0000201	-.4196078	 0	
  .0000202	-.4117647	 0	
  .0000203	-.4117647	 0	
  .0000204	-.427451	 0	
  .0000205	-.4352941	 0	
  .0000206	-.4352941	 0	
  .0000207	-.4352941	 0	
  .0000208	-.427451	 0	
  .0000209	-.4431373	 0	
  .000021	-.4431373	 0	
  .0000211	-.4509804	 0	
  .0000212	-.4509804	 0	
  .0000213	-.4509804	 0	
  .0000214	-.4666667	 0	
  .0000215	-.4666667	 0	
  .0000216	-.4666667	 0	
  .0000217	-.4745098	 0	
  .0000218	-.4745098	 0	
  .0000219	-.4823529	 0	
  .000022	-.4823529	 0	
  .0000221	-.4745098	 0	
  .0000222	-.4823529	 0	
  .0000223	-.4980392	 0	
  .0000224	-.4980392	 0	
  .0000225	-.4901961	 0	
  .0000226	-.4980392	 0	
  .0000227	-.4980392	 0	
  .0000228	-.4980392	 0	
  .0000229	-.5058824	 0	
  .000023	-.5137255	 0	
  .0000231	-.5137255	 0	
  .0000232	-.5137255	 0	
  .0000233	-.5137255	 0	
  .0000234	-.5137255	 0	
  .0000235	-.5137255	 0	
  .0000236	-.5137255	 0	
  .0000237	-.5137255	 0	
  .0000238	-.5137255	 0	
  .0000239	-.5215687	 0	
  .000024	-.5215687	 0	
  .0000241	-.5137255	 0	
  .0000242	-.5215687	 0	
  .0000243	-.5137255	 0	
  .0000244	-.5215687	 0	
  .0000245	-.5215687	 0	
  .0000246	-.5294118	 0	
  .0000247	-.5294118	 0	
  .0000248	-.5294118	 0	
  .0000249	-.5294118	 0	
  .000025	-.5215687	 0	
  .0000251	-.5294118	 0	
  .0000252	-.5294118	 0	
  .0000253	-.5215687	 0	
  .0000254	-.5215687	 0	
  .0000255	-.5294118	 0	
  .0000256	-.5215687	 0	
  .0000257	-.5372549	 0	
  .0000258	-.5372549	 0	
  .0000259	-.5294118	 0	
  .000026	-.5372549	 0	
  .0000261	-.5215687	 0	
  .0000262	-.5294118	 0	
  .0000263	-.5215687	 0	
  .0000264	-.5215687	 0	
  .0000265	-.5215687	 0	
  .0000266	-.5215687	 0	
  .0000267	-.5215687	 0	
  .0000268	-.5294118	 0	
  .0000269	-.5215687	 0	
  .000027	-.5215687	 0	
  .0000271	-.5215687	 0	
  .0000272	-.5137255	 0	
  .0000273	-.5215687	 0	
  .0000274	-.5294118	 0	
  .0000275	-.5215687	 0	
  .0000276	-.5215687	 0	
  .0000277	-.5137255	 0	
  .0000278	-.5215687	 0	
  .0000279	-.5137255	 0	
  .000028	-.5215687	 0	
  .0000281	-.5137255	 0	
  .0000282	-.5215687	 0	
  .0000283	-.5137255	 0	
  .0000284	-.5058824	 0	
  .0000285	-.4980392	 0	
  .0000286	-.4980392	 0	
  .0000287	-.4823529	 0	
  .0000288	-.4901961	 0	
  .0000289	-.4980392	 0	
  .000029	-.4901961	 0	
  .0000291	-.4980392	 0	
  .0000292	-.4823529	 0	
  .0000293	-.4823529	 0	
  .0000294	-.4823529	 0	
  .0000295	-.4823529	 0	
  .0000296	-.4823529	 0	
  .0000297	-.4823529	 0	
  .0000298	-.4823529	 0	
  .0000299	-.4745098	 0	
  .00003	-.4745098	 0	
  .0000301	-.4666667	 0	
  .0000302	-.4745098	 0	
  .0000303	-.4666667	 0	
  .0000304	-.4666667	 0	
  .0000305	-.4588235	 0	
  .0000306	-.4666667	 0	
  .0000307	-.4666667	 0	
  .0000308	-.4509804	 0	
  .0000309	-.4509804	 0	
  .000031	-.4509804	 0	
  .0000311	-.4509804	 0	
  .0000312	-.4352941	 0	
  .0000313	-.4431373	 0	
  .0000314	-.4431373	 0	
  .0000315	-.4352941	 0	
  .0000316	-.4352941	 0	
  .0000317	-.427451	 0	
  .0000318	-.427451	 0	
  .0000319	-.427451	 0	
  .000032	-.4117647	 0	
  .0000321	-.427451	 0	
  .0000322	-.4117647	 0	
  .0000323	-.4117647	 0	
  .0000324	-.4117647	 0	
  .0000325	-.4039216	 0	
  .0000326	-.3960784	 0	
  .0000327	-.3960784	 0	
  .0000328	-.3882353	 0	
  .0000329	-.3960784	 0	
  .000033	-.3882353	 0	
  .0000331	-.3803922	 0	
  .0000332	-.3882353	 0	
  .0000333	-.3882353	 0	
  .0000334	-.372549	 0	
  .0000335	-.372549	 0	
  .0000336	-.3568628	 0	
  .0000337	-.3568628	 0	
  .0000338	-.3568628	 0	
  .0000339	-.3568628	 0	
  .000034	-.3490196	 0	
  .0000341	-.3411765	 0	
  .0000342	-.3333333	 0	
  .0000343	-.3411765	 0	
  .0000344	-.3333333	 0	
  .0000345	-.3333333	 0	
  .0000346	-.3254902	 0	
  .0000347	-.3333333	 0	
  .0000348	-.3176471	 0	
  .0000349	-.3254902	 0	
  .000035	-.3176471	 0	
  .0000351	-.2941177	 0	
  .0000352	-.2941177	 0	
  .0000353	-.2941177	 0	
  .0000354	-.2784314	 0	
  .0000355	-.2941177	 0	
  .0000356	-.2941177	 0	
  .0000357	-.2862745	 0	
  .0000358	-.2784314	 0	
  .0000359	-.2705882	 0	
  .000036	-.2627451	 0	
  .0000361	-.2627451	 0	
  .0000362	-.2627451	 0	
  .0000363	-.2470588	 0	
  .0000364	-.2392157	 0	
  .0000365	-.2470588	 0	
  .0000366	-.2392157	 0	
  .0000367	-.2313726	 0	
  .0000368	-.2235294	 0	
  .0000369	-.2235294	 0	
  .000037	-.1921569	 0	
  .0000371	-.1843137	 0	
  .0000372	-.1686275	 0	
  .0000373	-.1843137	 0	
  .0000374	-.1686275	 0	
  .0000375	-.1607843	 0	
  .0000376	-.1607843	 0	
  .0000377	-.1607843	 0	
  .0000378	-.1529412	 0	
  .0000379	-.145098	 0	
  .000038	-.1372549	 0	
  .0000381	-.145098	 0	
  .0000382	-.1294118	 0	
  .0000383	-.1294118	 0	
  .0000384	-.1294118	 0	
  .0000385	-.1215686	 0	
  .0000386	-.1058824	 0	
  .0000387	-.1058824	 0	
  .0000388	-.1058824	 0	
  .0000389	-9.019608E-02	 0	
  .000039	-9.803922E-02	 0	
  .0000391	-9.019608E-02	 0	
  .0000392	-9.019608E-02	 0	
  .0000393	-7.450981E-02	 0	
  .0000394	-6.666667E-02	 0	
  .0000395	-6.666667E-02	 0	
  .0000396	-6.666667E-02	 0	
  .0000397	-5.882353E-02	 0	
  .0000398	-7.450981E-02	 0	
  .0000399	-4.313726E-02	 0	
  .00004	-4.313726E-02	 0	
  .0000401	-3.529412E-02	 0	
  .0000402	-3.529412E-02	 0	
  .0000403	-3.529412E-02	 0	
  .0000404	-2.745098E-02	 0	
  .0000405	-1.960784E-02	 0	
  .0000406	-1.176471E-02	 0	
  .0000407	-3.921569E-03	 0	
  .0000408	-1.176471E-02	 0	
  .0000409	-3.921569E-03	 0	
  .000041	-3.921569E-03	 0	
  .0000411	 1.176471E-02	 0	
  .0000412	 1.960784E-02	 0	
  .0000413	 2.745098E-02	 0	
  .0000414	 2.745098E-02	 0	
  .0000415	 2.745098E-02	 0	
  .0000416	 2.745098E-02	 0	
  .0000417	 3.529412E-02	 0	
  .0000418	 4.313726E-02	 0	
  .0000419	 5.098039E-02	 0	
  .000042	 5.882353E-02	 0	
  .0000421	 5.882353E-02	 0	
  .0000422	 6.666667E-02	 0	
  .0000423	 7.450981E-02	 0	
  .0000424	 7.450981E-02	 0	
  .0000425	 8.235294E-02	 0	
  .0000426	 9.019608E-02	 0	
  .0000427	 9.019608E-02	 0	
  .0000428	 9.803922E-02	 0	
  .0000429	 9.803922E-02	 0	
  .000043	 .1058824	 0	
  .0000431	 .1137255	 0	
  .0000432	 .1058824	 0	
  .0000433	 .1058824	 0	
  .0000434	 .1137255	 0	
  .0000435	 .1137255	 0	
  .0000436	 .1215686	 0	
  .0000437	 .1294118	 0	
  .0000438	 .1294118	 0	
  .0000439	 .145098	 0	
  .000044	 .145098	 0	
  .0000441	 .1529412	 0	
  .0000442	 .145098	 0	
  .0000443	 .1529412	 0	
  .0000444	 .1607843	 0	
  .0000445	 .1764706	 0	
  .0000446	 .1686275	 0	
  .0000447	 .1686275	 0	
  .0000448	 .1843137	 0	
  .0000449	 .1764706	 0	
  .000045	 .1764706	 0	
  .0000451	 .1843137	 0	
  .0000452	 .1843137	 0	
  .0000453	 .1843137	 0	
  .0000454	 .2	 0	
  .0000455	 .2078431	 0	
  .0000456	 .2078431	 0	
  .0000457	 .2	 0	
  .0000458	 .2156863	 0	
  .0000459	 .2156863	 0	
  .000046	 .2078431	 0	
  .0000461	 .2156863	 0	
  .0000462	 .2392157	 0	
  .0000463	 .2392157	 0	
  .0000464	 .2313726	 0	
  .0000465	 .2313726	 0	
  .0000466	 .2392157	 0	
  .0000467	 .2470588	 0	
  .0000468	 .2470588	 0	
  .0000469	 .254902	 0	
  .000047	 .2470588	 0	
  .0000471	 .2627451	 0	
  .0000472	 .2627451	 0	
  .0000473	 .2627451	 0	
  .0000474	 .2627451	 0	
  .0000475	 .2705882	 0	
  .0000476	 .2705882	 0	
  .0000477	 .2705882	 0	
  .0000478	 .2784314	 0	
  .0000479	 .2862745	 0	
  .000048	 .2862745	 0	
  .0000481	 .2941177	 0	
  .0000482	 .2784314	 0	
  .0000483	 .2862745	 0	
  .0000484	 .2941177	 0	
  .0000485	 .3019608	 0	
  .0000486	 .2941177	 0	
  .0000487	 .3019608	 0	
  .0000488	 .3098039	 0	
  .0000489	 .3098039	 0	
  .000049	 .3098039	 0	
  .0000491	 .3098039	 0	
  .0000492	 .3098039	 0	
  .0000493	 .3098039	 0	
  .0000494	 .3098039	 0	
  .0000495	 .3254902	 0	
  .0000496	 .3176471	 0	
  .0000497	 .3176471	 0	
  .0000498	 .3254902	 0	
  .0000499	 .3333333	 0	
  .00005	 .3333333	 0	
  .0000501	 .3254902	 0	
  .0000502	 .3333333	 0	
  .0000503	 .3411765	 0	
  .0000504	 .3411765	 0	
  .0000505	 .3411765	 0	
  .0000506	 .3490196	 0	
  .0000507	 .3411765	 0	
  .0000508	 .3411765	 0	
  .0000509	 .3411765	 0	
  .000051	 .3490196	 0	
  .0000511	 .3490196	 0	
  .0000512	 .3568628	 0	
  .0000513	 .3568628	 0	
  .0000514	 .3647059	 0	
  .0000515	 .3568628	 0	
  .0000516	 .3490196	 0	
  .0000517	 .3490196	 0	
  .0000518	 .3490196	 0	
  .0000519	 .3568628	 0	
  .000052	 .3490196	 0	
  .0000521	 .3568628	 0	
  .0000522	 .3568628	 0	
  .0000523	 .3568628	 0	
  .0000524	 .3647059	 0	
  .0000525	 .3647059	 0	
  .0000526	 .3568628	 0	
  .0000527	 .3490196	 0	
  .0000528	 .3568628	 0	
  .0000529	 .3568628	 0	
  .000053	 .3568628	 0	
  .0000531	 .3490196	 0	
  .0000532	 .3490196	 0	
  .0000533	 .3568628	 0	
  .0000534	 .3490196	 0	
  .0000535	 .3568628	 0	
  .0000536	 .3490196	 0	
  .0000537	 .3647059	 0	
  .0000538	 .3568628	 0	
  .0000539	 .3647059	 0	
  .000054	 .3568628	 0	
  .0000541	 .3568628	 0	
  .0000542	 .3647059	 0	
  .0000543	 .3568628	 0	
  .0000544	 .3568628	 0	
  .0000545	 .3568628	 0	
  .0000546	 .3568628	 0	
  .0000547	 .3568628	 0	
  .0000548	 .3490196	 0	
  .0000549	 .3568628	 0	
  .000055	 .3568628	 0	
  .0000551	 .3568628	 0	
  .0000552	 .3490196	 0	
  .0000553	 .3411765	 0	
  .0000554	 .3568628	 0	
  .0000555	 .3490196	 0	
  .0000556	 .3333333	 0	
  .0000557	 .3411765	 0	
  .0000558	 .3333333	 0	
  .0000559	 .3411765	 0	
  .000056	 .3333333	 0	
  .0000561	 .3411765	 0	
  .0000562	 .3333333	 0	
  .0000563	 .3333333	 0	
  .0000564	 .3333333	 0	
  .0000565	 .3333333	 0	
  .0000566	 .3333333	 0	
  .0000567	 .3333333	 0	
  .0000568	 .3333333	 0	
  .0000569	 .3333333	 0	
  .000057	 .3254902	 0	
  .0000571	 .3333333	 0	
  .0000572	 .3254902	 0	
  .0000573	 .3254902	 0	
  .0000574	 .3176471	 0	
  .0000575	 .3176471	 0	
  .0000576	 .3254902	 0	
  .0000577	 .3254902	 0	
  .0000578	 .3254902	 0	
  .0000579	 .3176471	 0	
  .000058	 .3254902	 0	
  .0000581	 .3176471	 0	
  .0000582	 .3176471	 0	
  .0000583	 .3098039	 0	
  .0000584	 .3176471	 0	
  .0000585	 .3019608	 0	
  .0000586	 .3019608	 0	
  .0000587	 .3019608	 0	
  .0000588	 .3098039	 0	
  .0000589	 .3019608	 0	
  .000059	 .3098039	 0	
  .0000591	 .3019608	 0	
  .0000592	 .3019608	 0	
  .0000593	 .3019608	 0	
  .0000594	 .3098039	 0	
  .0000595	 .2862745	 0	
  .0000596	 .2941177	 0	
  .0000597	 .2941177	 0	
  .0000598	 .2941177	 0	
  .0000599	 .2862745	 0	
  .00006	 .2862745	 0	
  .0000601	 .2862745	 0	
  .0000602	 .2784314	 0	
  .0000603	 .2862745	 0	
  .0000604	 .2784314	 0	
  .0000605	 .2862745	 0	
  .0000606	 .2784314	 0	
  .0000607	 .2705882	 0	
  .0000608	 .2705882	 0	
  .0000609	 .2705882	 0	
  .000061	 .2705882	 0	
  .0000611	 .2705882	 0	
  .0000612	 .2627451	 0	
  .0000613	 .2705882	 0	
  .0000614	 .254902	 0	
  .0000615	 .2627451	 0	
  .0000616	 .2470588	 0	
  .0000617	 .2627451	 0	
  .0000618	 .254902	 0	
  .0000619	 .2470588	 0	
  .000062	 .2392157	 0	
  .0000621	 .2470588	 0	
  .0000622	 .2392157	 0	
  .0000623	 .2392157	 0	
  .0000624	 .2470588	 0	
  .0000625	 .2392157	 0	
  .0000626	 .2235294	 0	
  .0000627	 .2235294	 0	
  .0000628	 .2235294	 0	
  .0000629	 .2235294	 0	
  .000063	 .2156863	 0	
  .0000631	 .2156863	 0	
  .0000632	 .2078431	 0	
  .0000633	 .2078431	 0	
  .0000634	 .2	 0	
  .0000635	 .2078431	 0	
  .0000636	 .2	 0	
  .0000637	 .2	 0	
  .0000638	 .2078431	 0	
  .0000639	 .2	 0	
  .000064	 .1921569	 0	
  .0000641	 .1921569	 0	
  .0000642	 .1843137	 0	
  .0000643	 .1843137	 0	
  .0000644	 .1764706	 0	
  .0000645	 .1764706	 0	
  .0000646	 .1686275	 0	
  .0000647	 .1686275	 0	
  .0000648	 .1686275	 0	
  .0000649	 .1607843	 0	
  .000065	 .1686275	 0	
  .0000651	 .1529412	 0	
  .0000652	 .1607843	 0	
  .0000653	 .1529412	 0	
  .0000654	 .145098	 0	
  .0000655	 .145098	 0	
  .0000656	 .145098	 0	
  .0000657	 .1372549	 0	
  .0000658	 .145098	 0	
  .0000659	 .1294118	 0	
  .000066	 .145098	 0	
  .0000661	 .1215686	 0	
  .0000662	 .1294118	 0	
  .0000663	 .1215686	 0	
  .0000664	 .1137255	 0	
  .0000665	 .1137255	 0	
  .0000666	 .1215686	 0	
  .0000667	 .1215686	 0	
  .0000668	 .1058824	 0	
  .0000669	 9.803922E-02	 0	
  .000067	 9.803922E-02	 0	
  .0000671	 9.803922E-02	 0	
  .0000672	 9.019608E-02	 0	
  .0000673	 9.019608E-02	 0	
  .0000674	 8.235294E-02	 0	
  .0000675	 7.450981E-02	 0	
  .0000676	 8.235294E-02	 0	
  .0000677	 8.235294E-02	 0	
  .0000678	 7.450981E-02	 0	
  .0000679	 8.235294E-02	 0	
  .000068	 6.666667E-02	 0	
  .0000681	 5.882353E-02	 0	
  .0000682	 6.666667E-02	 0	
  .0000683	 6.666667E-02	 0	
  .0000684	 5.098039E-02	 0	
  .0000685	 5.882353E-02	 0	
  .0000686	 5.882353E-02	 0	
  .0000687	 4.313726E-02	 0	
  .0000688	 4.313726E-02	 0	
  .0000689	 3.529412E-02	 0	
  .000069	 4.313726E-02	 0	
  .0000691	 3.529412E-02	 0	
  .0000692	 3.529412E-02	 0	
  .0000693	 3.529412E-02	 0	
  .0000694	 2.745098E-02	 0	
  .0000695	 1.176471E-02	 0	
  .0000696	 1.176471E-02	 0	
  .0000697	 1.176471E-02	 0	
  .0000698	 3.921569E-03	 0	
  .0000699	 3.921569E-03	 0	
  .00007	 3.921569E-03	 0	
  .0000701	 3.921569E-03	 0	
  .0000702	-3.921569E-03	 0	
  .0000703	 3.921569E-03	 0	
  .0000704	-3.921569E-03	 0	
  .0000705	-1.960784E-02	 0	
  .0000706	-1.960784E-02	 0	
  .0000707	-1.960784E-02	 0	
  .0000708	-1.960784E-02	 0	
  .0000709	-1.960784E-02	 0	
  .000071	-1.960784E-02	 0	
  .0000711	-2.745098E-02	 0	
  .0000712	-2.745098E-02	 0	
  .0000713	-3.529412E-02	 0	
  .0000714	-4.313726E-02	 0	
  .0000715	-4.313726E-02	 0	
  .0000716	-4.313726E-02	 0	
  .0000717	-3.529412E-02	 0	
  .0000718	-4.313726E-02	 0	
  .0000719	-5.098039E-02	 0	
  .000072	-5.098039E-02	 0	
  .0000721	-5.882353E-02	 0	
  .0000722	-6.666667E-02	 0	
  .0000723	-5.882353E-02	 0	
  .0000724	-5.882353E-02	 0	
  .0000725	-7.450981E-02	 0	
  .0000726	-7.450981E-02	 0	
  .0000727	-8.235294E-02	 0	
  .0000728	-7.450981E-02	 0	
  .0000729	-9.019608E-02	 0	
  .000073	-9.019608E-02	 0	
  .0000731	-9.803922E-02	 0	
  .0000732	-9.803922E-02	 0	
  .0000733	-9.019608E-02	 0	
  .0000734	-9.803922E-02	 0	
  .0000735	-9.803922E-02	 0	
  .0000736	-9.019608E-02	 0	
  .0000737	-9.803922E-02	 0	
  .0000738	-.1058824	 0	
  .0000739	-9.803922E-02	 0	
  .000074	-.1137255	 0	
  .0000741	-.1137255	 0	
  .0000742	-.1058824	 0	
  .0000743	-.1058824	 0	
  .0000744	-.1215686	 0	
  .0000745	-.1294118	 0	
  .0000746	-.1215686	 0	
  .0000747	-.1215686	 0	
  .0000748	-.1294118	 0	
  .0000749	-.1294118	 0	
  .000075	-.1372549	 0	
  .0000751	-.1294118	 0	
  .0000752	-.145098	 0	
  .0000753	-.145098	 0	
  .0000754	-.1372549	 0	
  .0000755	-.145098	 0	
  .0000756	-.145098	 0	
  .0000757	-.1529412	 0	
  .0000758	-.145098	 0	
  .0000759	-.145098	 0	
  .000076	-.1529412	 0	
  .0000761	-.1607843	 0	
  .0000762	-.1529412	 0	
  .0000763	-.1686275	 0	
  .0000764	-.1607843	 0	
  .0000765	-.1607843	 0	
  .0000766	-.1607843	 0	
  .0000767	-.1686275	 0	
  .0000768	-.1686275	 0	
  .0000769	-.1686275	 0	
  .000077	-.1686275	 0	
  .0000771	-.1764706	 0	
  .0000772	-.1686275	 0	
  .0000773	-.1764706	 0	
  .0000774	-.1764706	 0	
  .0000775	-.1764706	 0	
  .0000776	-.1686275	 0	
  .0000777	-.1764706	 0	
  .0000778	-.1843137	 0	
  .0000779	-.1843137	 0	
  .000078	-.1921569	 0	
  .0000781	-.1921569	 0	
  .0000782	-.1764706	 0	
  .0000783	-.1843137	 0	
  .0000784	-.1921569	 0	
  .0000785	-.2	 0	
  .0000786	-.1921569	 0	
  .0000787	-.1921569	 0	
  .0000788	-.2	 0	
  .0000789	-.1921569	 0	
  .000079	-.2	 0	
  .0000791	-.2	 0	
  .0000792	-.1843137	 0	
  .0000793	-.2	 0	
  .0000794	-.2	 0	
  .0000795	-.2	 0	
  .0000796	-.1921569	 0	
  .0000797	-.2	 0	
  .0000798	-.2156863	 0	
  .0000799	-.2078431	 0	
  .00008	-.2078431	 0	
  .0000801	-.2	 0	
  .0000802	-.2078431	 0	
  .0000803	-.2078431	 0	
  .0000804	-.2078431	 0	
  .0000805	-.2156863	 0	
  .0000806	-.2078431	 0	
  .0000807	-.2	 0	
  .0000808	-.2078431	 0	
  .0000809	-.2	 0	
  .000081	-.2078431	 0	
  .0000811	-.2078431	 0	
  .0000812	-.2156863	 0	
  .0000813	-.2078431	 0	
  .0000814	-.2078431	 0	
  .0000815	-.2078431	 0	
  .0000816	-.2078431	 0	
  .0000817	-.2156863	 0	
  .0000818	-.2156863	 0	
  .0000819	-.2078431	 0	
  .000082	-.2156863	 0	
  .0000821	-.2078431	 0	
  .0000822	-.2078431	 0	
  .0000823	-.2078431	 0	
  .0000824	-.2078431	 0	
  .0000825	-.2078431	 0	
  .0000826	-.2156863	 0	
  .0000827	-.2156863	 0	
  .0000828	-.2156863	 0	
  .0000829	-.2156863	 0	
  .000083	-.2156863	 0	
  .0000831	-.2156863	 0	
  .0000832	-.2078431	 0	
  .0000833	-.2078431	 0	
  .0000834	-.2078431	 0	
  .0000835	-.2156863	 0	
  .0000836	-.2078431	 0	
  .0000837	-.2078431	 0	
  .0000838	-.2078431	 0	
  .0000839	-.2078431	 0	
  .000084	-.2078431	 0	
  .0000841	-.2078431	 0	
  .0000842	-.2078431	 0	
  .0000843	-.2078431	 0	
  .0000844	-.2156863	 0	
  .0000845	-.2156863	 0	
  .0000846	-.2078431	 0	
  .0000847	-.2	 0	
  .0000848	-.2078431	 0	
  .0000849	-.2078431	 0	
  .000085	-.2	 0	
  .0000851	-.2078431	 0	
  .0000852	-.2078431	 0	
  .0000853	-.2156863	 0	
  .0000854	-.2078431	 0	
  .0000855	-.2078431	 0	
  .0000856	-.2	 0	
  .0000857	-.2	 0	
  .0000858	-.2	 0	
  .0000859	-.2	 0	
  .000086	-.2	 0	
  .0000861	-.2	 0	
  .0000862	-.2	 0	
  .0000863	-.1921569	 0	
  .0000864	-.2	 0	
  .0000865	-.1921569	 0	
  .0000866	-.2	 0	
  .0000867	-.2	 0	
  .0000868	-.2	 0	
  .0000869	-.1921569	 0	
  .000087	-.2	 0	
  .0000871	-.1921569	 0	
  .0000872	-.1921569	 0	
  .0000873	-.1921569	 0	
  .0000874	-.1921569	 0	
  .0000875	-.1843137	 0	
  .0000876	-.1921569	 0	
  .0000877	-.1843137	 0	
  .0000878	-.1843137	 0	
  .0000879	-.1843137	 0	
  .000088	-.1843137	 0	
  .0000881	-.1764706	 0	
  .0000882	-.1764706	 0	
  .0000883	-.1843137	 0	
  .0000884	-.1843137	 0	
  .0000885	-.1764706	 0	
  .0000886	-.1764706	 0	
  .0000887	-.1764706	 0	
  .0000888	-.1686275	 0	
  .0000889	-.1686275	 0	
  .000089	-.1607843	 0	
  .0000891	-.1686275	 0	
  .0000892	-.1686275	 0	
  .0000893	-.1686275	 0	
  .0000894	-.1686275	 0	
  .0000895	-.1607843	 0	
  .0000896	-.1607843	 0	
  .0000897	-.1607843	 0	
  .0000898	-.1607843	 0	
  .0000899	-.1607843	 0	
  .00009	-.1607843	 0	
  .0000901	-.1529412	 0	
  .0000902	-.1529412	 0	
  .0000903	-.1529412	 0	
  .0000904	-.1607843	 0	
  .0000905	-.145098	 0	
  .0000906	-.1372549	 0	
  .0000907	-.145098	 0	
  .0000908	-.145098	 0	
  .0000909	-.145098	 0	
  .000091	-.145098	 0	
  .0000911	-.1294118	 0	
  .0000912	-.1372549	 0	
  .0000913	-.1215686	 0	
  .0000914	-.1215686	 0	
  .0000915	-.1294118	 0	
  .0000916	-.1294118	 0	
  .0000917	-.1372549	 0	
  .0000918	-.1294118	 0	
  .0000919	-.1294118	 0	
  .000092	-.1215686	 0	
  .0000921	-.1215686	 0	
  .0000922	-.1137255	 0	
  .0000923	-.1215686	 0	
  .0000924	-.1137255	 0	
  .0000925	-.1137255	 0	
  .0000926	-.1137255	 0	
  .0000927	-.1137255	 0	
  .0000928	-.1058824	 0	
  .0000929	-.1137255	 0	
  .000093	-.1058824	 0	
  .0000931	-.1058824	 0	
  .0000932	-.1058824	 0	
  .0000933	-9.803922E-02	 0	
  .0000934	-9.019608E-02	 0	
  .0000935	-8.235294E-02	 0	
  .0000936	-9.019608E-02	 0	
  .0000937	-9.019608E-02	 0	
  .0000938	-8.235294E-02	 0	
  .0000939	-9.019608E-02	 0	
  .000094	-8.235294E-02	 0	
  .0000941	-9.019608E-02	 0	
  .0000942	-8.235294E-02	 0	
  .0000943	-9.019608E-02	 0	
  .0000944	-7.450981E-02	 0	
  .0000945	-7.450981E-02	 0	
  .0000946	-7.450981E-02	 0	
  .0000947	-6.666667E-02	 0	
  .0000948	-6.666667E-02	 0	
  .0000949	-6.666667E-02	 0	
  .000095	-6.666667E-02	 0	
  .0000951	-6.666667E-02	 0	
  .0000952	-6.666667E-02	 0	
  .0000953	-5.098039E-02	 0	
  .0000954	-5.098039E-02	 0	
  .0000955	-5.882353E-02	 0	
  .0000956	-5.098039E-02	 0	
  .0000957	-3.529412E-02	 0	
  .0000958	-4.313726E-02	 0	
  .0000959	-5.098039E-02	 0	
  .000096	-5.098039E-02	 0	
  .0000961	-4.313726E-02	 0	
  .0000962	-3.529412E-02	 0	
  .0000963	-4.313726E-02	 0	
  .0000964	-2.745098E-02	 0	
  .0000965	-4.313726E-02	 0	
  .0000966	-3.529412E-02	 0	
  .0000967	-2.745098E-02	 0	
  .0000968	-2.745098E-02	 0	
  .0000969	-1.960784E-02	 0	
  .000097	-1.960784E-02	 0	
  .0000971	-2.745098E-02	 0	
  .0000972	-1.960784E-02	 0	
  .0000973	-1.176471E-02	 0	
  .0000974	-1.176471E-02	 0	
  .0000975	-1.176471E-02	 0	
  .0000976	-3.921569E-03	 0	
  .0000977	-3.921569E-03	 0	
  .0000978	-3.921569E-03	 0	
  .0000979	-3.921569E-03	 0	
  .000098	 3.921569E-03	 0	
  .0000981	 3.921569E-03	 0	
  .0000982	 3.921569E-03	 0	
  .0000983	 3.921569E-03	 0	
  .0000984	 1.176471E-02	 0	
  .0000985	 1.176471E-02	 0	
  .0000986	 1.176471E-02	 0	
  .0000987	 1.176471E-02	 0	
  .0000988	 1.960784E-02	 0	
  .0000989	 2.745098E-02	 0	
  .000099	 1.960784E-02	 0	
  .0000991	 1.176471E-02	 0	
  .0000992	 3.529412E-02	 0	
  .0000993	 2.745098E-02	 0	
  .0000994	 1.960784E-02	 0	
  .0000995	 2.745098E-02	 0	
  .0000996	 3.529412E-02	 0	
  .0000997	 3.529412E-02	 0	
  .0000998	 3.529412E-02	 0	
  .0000999	 3.529412E-02	 0	
  .0001	 4.313726E-02	 0	
  .0001001	 5.098039E-02	 0	
  .0001002	 5.098039E-02	 0	
  .0001003	 3.529412E-02	 0	
  .0001004	 5.098039E-02	 0	
  .0001005	 5.098039E-02	 0	
  .0001006	 4.313726E-02	 0	
  .0001007	 5.882353E-02	 0	
  .0001008	 5.882353E-02	 0	
  .0001009	 6.666667E-02	 0	
  .000101	 5.882353E-02	 0	
  .0001011	 6.666667E-02	 0	
  .0001012	 5.882353E-02	 0	
  .0001013	 7.450981E-02	 0	
  .0001014	 6.666667E-02	 0	
  .0001015	 6.666667E-02	 0	
  .0001016	 7.450981E-02	 0	
  .0001017	 7.450981E-02	 0	
  .0001018	 7.450981E-02	 0	
  .0001019	 7.450981E-02	 0	
  .000102	 9.019608E-02	 0	
  .0001021	 9.019608E-02	 0	
  .0001022	 7.450981E-02	 0	
  .0001023	 8.235294E-02	 0	
  .0001024	 7.450981E-02	 0	
  .0001025	 9.019608E-02	 0	
  .0001026	 8.235294E-02	 0	
  .0001027	 8.235294E-02	 0	
  .0001028	 8.235294E-02	 0	
  .0001029	 9.019608E-02	 0	
  .000103	 8.235294E-02	 0	
  .0001031	 9.019608E-02	 0	
  .0001032	 9.803922E-02	 0	
  .0001033	 9.803922E-02	 0	
  .0001034	 .1137255	 0	
  .0001035	 9.803922E-02	 0	
  .0001036	 .1137255	 0	
  .0001037	 .1058824	 0	
  .0001038	 .1058824	 0	
  .0001039	 .1137255	 0	
  .000104	 .1058824	 0	
  .0001041	 .1058824	 0	
  .0001042	 .1137255	 0	
  .0001043	 .1137255	 0	
  .0001044	 .1137255	 0	
  .0001045	 .1137255	 0	
  .0001046	 .1215686	 0	
  .0001047	 .1137255	 0	
  .0001048	 .1215686	 0	
  .0001049	 .1294118	 0	
  .000105	 .1215686	 0	
  .0001051	 .1215686	 0	
  .0001052	 .1294118	 0	
  .0001053	 .1294118	 0	
  .0001054	 .1294118	 0	
  .0001055	 .1215686	 0	
  .0001056	 .1372549	 0	
  .0001057	 .1294118	 0	
  .0001058	 .1372549	 0	
  .0001059	 .1372549	 0	
  .000106	 .1294118	 0	
  .0001061	 .1372549	 0	
  .0001062	 .1372549	 0	
  .0001063	 .145098	 0	
  .0001064	 .1372549	 0	
  .0001065	 .1372549	 0	
  .0001066	 .145098	 0	
  .0001067	 .145098	 0	
  .0001068	 .1372549	 0	
  .0001069	 .145098	 0	
  .000107	 .145098	 0	
  .0001071	 .1529412	 0	
  .0001072	 .1529412	 0	
  .0001073	 .1607843	 0	
  .0001074	 .145098	 0	
  .0001075	 .1529412	 0	
  .0001076	 .145098	 0	
  .0001077	 .145098	 0	
  .0001078	 .145098	 0	
  .0001079	 .1607843	 0	
  .000108	 .1529412	 0	
  .0001081	 .1529412	 0	
  .0001082	 .1607843	 0	
  .0001083	 .1529412	 0	
  .0001084	 .1529412	 0	
  .0001085	 .1607843	 0	
  .0001086	 .1607843	 0	
  .0001087	 .1529412	 0	
  .0001088	 .1529412	 0	
  .0001089	 .1607843	 0	
  .000109	 .1529412	 0	
  .0001091	 .1529412	 0	
  .0001092	 .1607843	 0	
  .0001093	 .1607843	 0	
  .0001094	 .1607843	 0	
  .0001095	 .1529412	 0	
  .0001096	 .1607843	 0	
  .0001097	 .1607843	 0	
  .0001098	 .1607843	 0	
  .0001099	 .1686275	 0	
  .00011	 .1686275	 0	
  .0001101	 .1686275	 0	
  .0001102	 .1686275	 0	
  .0001103	 .1529412	 0	
  .0001104	 .1686275	 0	
  .0001105	 .1686275	 0	
  .0001106	 .1607843	 0	
  .0001107	 .1843137	 0	
  .0001108	 .1607843	 0	
  .0001109	 .1686275	 0	
  .000111	 .1686275	 0	
  .0001111	 .1686275	 0	
  .0001112	 .1764706	 0	
  .0001113	 .1686275	 0	
  .0001114	 .1686275	 0	
  .0001115	 .1686275	 0	
  .0001116	 .1686275	 0	
  .0001117	 .1607843	 0	
  .0001118	 .1607843	 0	
  .0001119	 .1764706	 0	
  .000112	 .1764706	 0	
  .0001121	 .1686275	 0	
  .0001122	 .1607843	 0	
  .0001123	 .1686275	 0	
  .0001124	 .1764706	 0	
  .0001125	 .1529412	 0	
  .0001126	 .1529412	 0	
  .0001127	 .1529412	 0	
  .0001128	 .1607843	 0	
  .0001129	 .1686275	 0	
  .000113	 .1529412	 0	
  .0001131	 .145098	 0	
  .0001132	 .1607843	 0	
  .0001133	 .1686275	 0	
  .0001134	 .1607843	 0	
  .0001135	 .1607843	 0	
  .0001136	 .1607843	 0	
  .0001137	 .1607843	 0	
  .0001138	 .1607843	 0	
  .0001139	 .1607843	 0	
  .000114	 .1529412	 0	
  .0001141	 .1529412	 0	
  .0001142	 .145098	 0	
  .0001143	 .145098	 0	
  .0001144	 .1607843	 0	
  .0001145	 .1529412	 0	
  .0001146	 .1529412	 0	
  .0001147	 .1529412	 0	
  .0001148	 .145098	 0	
  .0001149	 .1529412	 0	
  .000115	 .1529412	 0	
  .0001151	 .1529412	 0	
  .0001152	 .145098	 0	
  .0001153	 .145098	 0	
  .0001154	 .1529412	 0	
  .0001155	 .1764706	 0	
  .0001156	 .145098	 0	
  .0001157	 .1529412	 0	
  .0001158	 .145098	 0	
  .0001159	 .145098	 0	
  .000116	 .1607843	 0	
  .0001161	 .145098	 0	
  .0001162	 .1529412	 0	
  .0001163	 .145098	 0	
  .0001164	 .1372549	 0	
  .0001165	 .1372549	 0	
  .0001166	 .145098	 0	
  .0001167	 .1372549	 0	
  .0001168	 .1372549	 0	
  .0001169	 .1372549	 0	
  .000117	 .1372549	 0	
  .0001171	 .1294118	 0	
  .0001172	 .145098	 0	
  .0001173	 .1372549	 0	
  .0001174	 .1372549	 0	
  .0001175	 .1294118	 0	
  .0001176	 .1294118	 0	
  .0001177	 .1294118	 0	
  .0001178	 .1294118	 0	
  .0001179	 .1294118	 0	
  .000118	 .1294118	 0	
  .0001181	 .1294118	 0	
  .0001182	 .1294118	 0	
  .0001183	 .1215686	 0	
  .0001184	 .1215686	 0	
  .0001185	 .1215686	 0	
  .0001186	 .1294118	 0	
  .0001187	 9.803922E-02	 0	
  .0001188	 .145098	 0	
  .0001189	 .1058824	 0	
  .000119	 .1294118	 0	
  .0001191	 .1137255	 0	
  .0001192	 .1137255	 0	
  .0001193	 .1137255	 0	
  .0001194	 .1058824	 0	
  .0001195	 .1137255	 0	
  .0001196	 .1058824	 0	
  .0001197	 .1058824	 0	
  .0001198	 .1137255	 0	
  .0001199	 .1137255	 0	
  .00012	 .1058824	 0	
  .0001201	 .1058824	 0	
  .0001202	 .1058824	 0	
  .0001203	 .1058824	 0	
  .0001204	 .1058824	 0	
  .0001205	 .1058824	 0	
  .0001206	 9.803922E-02	 0	
  .0001207	 .1058824	 0	
  .0001208	 9.019608E-02	 0	
  .0001209	 9.803922E-02	 0	
  .000121	 9.019608E-02	 0	
  .0001211	 9.803922E-02	 0	
  .0001212	 9.803922E-02	 0	
  .0001213	 9.019608E-02	 0	
  .0001214	 9.803922E-02	 0	
  .0001215	 9.019608E-02	 0	
  .0001216	 9.019608E-02	 0	
  .0001217	 8.235294E-02	 0	
  .0001218	 9.019608E-02	 0	
  .0001219	 9.019608E-02	 0	
  .000122	 8.235294E-02	 0	
  .0001221	 7.450981E-02	 0	
  .0001222	 7.450981E-02	 0	
  .0001223	 8.235294E-02	 0	
  .0001224	 6.666667E-02	 0	
  .0001225	 6.666667E-02	 0	
  .0001226	 6.666667E-02	 0	
  .0001227	 5.882353E-02	 0	
  .0001228	 7.450981E-02	 0	
  .0001229	 5.882353E-02	 0	
  .000123	 5.882353E-02	 0	
  .0001231	 6.666667E-02	 0	
  .0001232	 7.450981E-02	 0	
  .0001233	 5.882353E-02	 0	
  .0001234	 6.666667E-02	 0	
  .0001235	 6.666667E-02	 0	
  .0001236	 5.882353E-02	 0	
  .0001237	 5.882353E-02	 0	
  .0001238	 5.882353E-02	 0	
  .0001239	 5.882353E-02	 0	
  .000124	 5.882353E-02	 0	
  .0001241	 5.098039E-02	 0	
  .0001242	 4.313726E-02	 0	
  .0001243	 4.313726E-02	 0	
  .0001244	 5.098039E-02	 0	
  .0001245	 5.098039E-02	 0	
  .0001246	 5.098039E-02	 0	
  .0001247	 4.313726E-02	 0	
  .0001248	 4.313726E-02	 0	
  .0001249	 4.313726E-02	 0	
  .000125	 4.313726E-02	 0	
  .0001251	 4.313726E-02	 0	
  .0001252	 3.529412E-02	 0	
  .0001253	 3.529412E-02	 0	
  .0001254	 4.313726E-02	 0	
  .0001255	 2.745098E-02	 0	
  .0001256	 4.313726E-02	 0	
  .0001257	 2.745098E-02	 0	
  .0001258	 2.745098E-02	 0	
  .0001259	 3.529412E-02	 0	
  .000126	 2.745098E-02	 0	
  .0001261	 2.745098E-02	 0	
  .0001262	 1.960784E-02	 0	
  .0001263	 1.960784E-02	 0	
  .0001264	 1.960784E-02	 0	
  .0001265	 1.960784E-02	 0	
  .0001266	 1.960784E-02	 0	
  .0001267	 3.921569E-03	 0	
  .0001268	 1.176471E-02	 0	
  .0001269	 1.176471E-02	 0	
  .000127	 1.176471E-02	 0	
  .0001271	 1.176471E-02	 0	
  .0001272	 3.921569E-03	 0	
  .0001273	 3.921569E-03	 0	
  .0001274	 3.921569E-03	 0	
  .0001275	-3.921569E-03	 0	
  .0001276	-3.921569E-03	 0	
  .0001277	 3.921569E-03	 0	
  .0001278	-3.921569E-03	 0	
  .0001279	-3.921569E-03	 0	
  .000128	-3.921569E-03	 0	
  .0001281	-1.176471E-02	 0	
  .0001282	-1.960784E-02	 0	
  .0001283	-3.921569E-03	 0	
  .0001284	-1.960784E-02	 0	
  .0001285	-1.176471E-02	 0	
  .0001286	-1.960784E-02	 0	
  .0001287	-1.960784E-02	 0	
  .0001288	-1.960784E-02	 0	
  .0001289	-1.960784E-02	 0	
  .000129	-1.960784E-02	 0	
  .0001291	-1.960784E-02	 0	
  .0001292	-1.960784E-02	 0	
  .0001293	-2.745098E-02	 0	
  .0001294	-3.529412E-02	 0	
  .0001295	-1.960784E-02	 0	
  .0001296	-2.745098E-02	 0	
  .0001297	-2.745098E-02	 0	
  .0001298	-1.960784E-02	 0	
  .0001299	-2.745098E-02	 0	
  .00013	-3.529412E-02	 0	
  .0001301	-3.529412E-02	 0	
  .0001302	-2.745098E-02	 0	
  .0001303	-3.529412E-02	 0	
  .0001304	-3.529412E-02	 0	
  .0001305	-3.529412E-02	 0	
  .0001306	-3.529412E-02	 0	
  .0001307	-3.529412E-02	 0	
  .0001308	-4.313726E-02	 0	
  .0001309	-4.313726E-02	 0	
  .000131	-3.529412E-02	 0	
  .0001311	-4.313726E-02	 0	
  .0001312	-5.098039E-02	 0	
  .0001313	-4.313726E-02	 0	
  .0001314	-5.098039E-02	 0	
  .0001315	-4.313726E-02	 0	
  .0001316	-5.098039E-02	 0	
  .0001317	-4.313726E-02	 0	
  .0001318	-4.313726E-02	 0	
  .0001319	-5.098039E-02	 0	
  .000132	-5.098039E-02	 0	
  .0001321	-5.098039E-02	 0	
  .0001322	-5.882353E-02	 0	
  .0001323	-6.666667E-02	 0	
  .0001324	-5.882353E-02	 0	
  .0001325	-6.666667E-02	 0	
  .0001326	-5.882353E-02	 0	
  .0001327	-6.666667E-02	 0	
  .0001328	-6.666667E-02	 0	
  .0001329	-6.666667E-02	 0	
  .000133	-6.666667E-02	 0	
  .0001331	-5.882353E-02	 0	
  .0001332	-5.882353E-02	 0	
  .0001333	-5.882353E-02	 0	
  .0001334	-6.666667E-02	 0	
  .0001335	-6.666667E-02	 0	
  .0001336	-5.882353E-02	 0	
  .0001337	-7.450981E-02	 0	
  .0001338	-7.450981E-02	 0	
  .0001339	-7.450981E-02	 0	
  .000134	-6.666667E-02	 0	
  .0001341	-7.450981E-02	 0	
  .0001342	-8.235294E-02	 0	
  .0001343	-7.450981E-02	 0	
  .0001344	-8.235294E-02	 0	
  .0001345	-7.450981E-02	 0	
  .0001346	-7.450981E-02	 0	
  .0001347	-7.450981E-02	 0	
  .0001348	-7.450981E-02	 0	
  .0001349	-8.235294E-02	 0	
  .000135	-7.450981E-02	 0	
  .0001351	-8.235294E-02	 0	
  .0001352	-9.019608E-02	 0	
  .0001353	-7.450981E-02	 0	
  .0001354	-7.450981E-02	 0	
  .0001355	-8.235294E-02	 0	
  .0001356	-8.235294E-02	 0	
  .0001357	-8.235294E-02	 0	
  .0001358	-8.235294E-02	 0	
  .0001359	-8.235294E-02	 0	
  .000136	-8.235294E-02	 0	
  .0001361	-8.235294E-02	 0	
  .0001362	-9.019608E-02	 0	
  .0001363	-8.235294E-02	 0	
  .0001364	-9.019608E-02	 0	
  .0001365	-8.235294E-02	 0	
  .0001366	-8.235294E-02	 0	
  .0001367	-9.019608E-02	 0	
  .0001368	-9.019608E-02	 0	
  .0001369	-9.803922E-02	 0	
  .000137	-8.235294E-02	 0	
  .0001371	-9.019608E-02	 0	
  .0001372	-8.235294E-02	 0	
  .0001373	-9.803922E-02	 0	
  .0001374	-9.019608E-02	 0	
  .0001375	-9.803922E-02	 0	
  .0001376	-8.235294E-02	 0	
  .0001377	-9.019608E-02	 0	
  .0001378	-9.019608E-02	 0	
  .0001379	-9.019608E-02	 0	
  .000138	-9.803922E-02	 0	
  .0001381	-9.803922E-02	 0	
  .0001382	-9.019608E-02	 0	
  .0001383	-9.019608E-02	 0	
  .0001384	-9.019608E-02	 0	
  .0001385	-9.019608E-02	 0	
  .0001386	-9.019608E-02	 0	
  .0001387	-.1058824	 0	
  .0001388	-9.803922E-02	 0	
  .0001389	-9.019608E-02	 0	
  .000139	-9.803922E-02	 0	
  .0001391	-9.803922E-02	 0	
  .0001392	-9.803922E-02	 0	
  .0001393	-9.803922E-02	 0	
  .0001394	-9.019608E-02	 0	
  .0001395	-9.019608E-02	 0	
  .0001396	-9.019608E-02	 0	
  .0001397	-8.235294E-02	 0	
  .0001398	-9.019608E-02	 0	
  .0001399	-9.019608E-02	 0	
  .00014	-9.019608E-02	 0	
  .0001401	-8.235294E-02	 0	
  .0001402	-8.235294E-02	 0	
  .0001403	-8.235294E-02	 0	
  .0001404	-9.019608E-02	 0	
  .0001405	-9.803922E-02	 0	
  .0001406	-9.803922E-02	 0	
  .0001407	-9.019608E-02	 0	
  .0001408	-9.019608E-02	 0	
  .0001409	-8.235294E-02	 0	
  .000141	-9.019608E-02	 0	
  .0001411	-9.019608E-02	 0	
  .0001412	-8.235294E-02	 0	
  .0001413	-9.019608E-02	 0	
  .0001414	-9.019608E-02	 0	
  .0001415	-8.235294E-02	 0	
  .0001416	-9.019608E-02	 0	
  .0001417	-8.235294E-02	 0	
  .0001418	-9.019608E-02	 0	
  .0001419	-9.019608E-02	 0	
  .000142	-9.803922E-02	 0	
  .0001421	-9.019608E-02	 0	
  .0001422	-9.019608E-02	 0	
  .0001423	-8.235294E-02	 0	
  .0001424	-9.019608E-02	 0	
  .0001425	-9.803922E-02	 0	
  .0001426	-9.019608E-02	 0	
  .0001427	-9.803922E-02	 0	
  .0001428	-9.019608E-02	 0	
  .0001429	-9.803922E-02	 0	
  .000143	-8.235294E-02	 0	
  .0001431	-9.019608E-02	 0	
  .0001432	-9.019608E-02	 0	
  .0001433	-9.019608E-02	 0	
  .0001434	-9.019608E-02	 0	
  .0001435	-8.235294E-02	 0	
  .0001436	-8.235294E-02	 0	
  .0001437	-9.019608E-02	 0	
  .0001438	-9.019608E-02	 0	
  .0001439	-9.019608E-02	 0	
  .000144	-7.450981E-02	 0	
  .0001441	-7.450981E-02	 0	
  .0001442	-7.450981E-02	 0	
  .0001443	-8.235294E-02	 0	
  .0001444	-8.235294E-02	 0	
  .0001445	-9.019608E-02	 0	
  .0001446	-7.450981E-02	 0	
  .0001447	-8.235294E-02	 0	
  .0001448	-8.235294E-02	 0	
  .0001449	-7.450981E-02	 0	
  .000145	-8.235294E-02	 0	
  .0001451	-7.450981E-02	 0	
  .0001452	-7.450981E-02	 0	
  .0001453	-7.450981E-02	 0	
  .0001454	-7.450981E-02	 0	
  .0001455	-8.235294E-02	 0	
  .0001456	-7.450981E-02	 0	
  .0001457	-6.666667E-02	 0	
  .0001458	-6.666667E-02	 0	
  .0001459	-6.666667E-02	 0	
  .000146	-7.450981E-02	 0	
  .0001461	-7.450981E-02	 0	
  .0001462	-6.666667E-02	 0	
  .0001463	-6.666667E-02	 0	
  .0001464	-6.666667E-02	 0	
  .0001465	-6.666667E-02	 0	
  .0001466	-6.666667E-02	 0	
  .0001467	-7.450981E-02	 0	
  .0001468	-6.666667E-02	 0	
  .0001469	-5.882353E-02	 0	
  .000147	-6.666667E-02	 0	
  .0001471	-6.666667E-02	 0	
  .0001472	-6.666667E-02	 0	
  .0001473	-6.666667E-02	 0	
  .0001474	-6.666667E-02	 0	
  .0001475	-5.882353E-02	 0	
  .0001476	-5.882353E-02	 0	
  .0001477	-5.882353E-02	 0	
  .0001478	-6.666667E-02	 0	
  .0001479	-5.882353E-02	 0	
  .000148	-6.666667E-02	 0	
  .0001481	-6.666667E-02	 0	
  .0001482	-5.882353E-02	 0	
  .0001483	-5.882353E-02	 0	
  .0001484	-6.666667E-02	 0	
  .0001485	-5.098039E-02	 0	
  .0001486	-5.882353E-02	 0	
  .0001487	-5.882353E-02	 0	
  .0001488	-5.098039E-02	 0	
  .0001489	-4.313726E-02	 0	
  .000149	-5.098039E-02	 0	
  .0001491	-5.882353E-02	 0	
  .0001492	-5.098039E-02	 0	
  .0001493	-5.098039E-02	 0	
  .0001494	-5.098039E-02	 0	
  .0001495	-5.098039E-02	 0	
  .0001496	-4.313726E-02	 0	
  .0001497	-4.313726E-02	 0	
  .0001498	-5.098039E-02	 0	
  .0001499	-5.098039E-02	 0	
  .00015	-4.313726E-02	 0	
  .0001501	-5.098039E-02	 0	
  .0001502	-3.529412E-02	 0	
  .0001503	-3.529412E-02	 0	
  .0001504	-3.529412E-02	 0	
  .0001505	-5.098039E-02	 0	
  .0001506	-3.529412E-02	 0	
  .0001507	-4.313726E-02	 0	
  .0001508	-2.745098E-02	 0	
  .0001509	-2.745098E-02	 0	
  .000151	-3.529412E-02	 0	
  .0001511	-2.745098E-02	 0	
  .0001512	-2.745098E-02	 0	
  .0001513	-3.529412E-02	 0	
  .0001514	-2.745098E-02	 0	
  .0001515	-2.745098E-02	 0	
  .0001516	-2.745098E-02	 0	
  .0001517	-2.745098E-02	 0	
  .0001518	-2.745098E-02	 0	
  .0001519	-2.745098E-02	 0	
  .000152	-2.745098E-02	 0	
  .0001521	-3.529412E-02	 0	
  .0001522	-1.960784E-02	 0	
  .0001523	-2.745098E-02	 0	
  .0001524	-2.745098E-02	 0	
  .0001525	-2.745098E-02	 0	
  .0001526	-1.960784E-02	 0	
  .0001527	-1.960784E-02	 0	
  .0001528	-1.960784E-02	 0	
  .0001529	-1.176471E-02	 0	
  .000153	-1.960784E-02	 0	
  .0001531	-1.960784E-02	 0	
  .0001532	-1.176471E-02	 0	
  .0001533	-1.960784E-02	 0	
  .0001534	-1.176471E-02	 0	
  .0001535	-1.176471E-02	 0	
  .0001536	-3.921569E-03	 0	
  .0001537	-1.960784E-02	 0	
  .0001538	-1.176471E-02	 0	
  .0001539	-1.176471E-02	 0	
  .000154	-1.176471E-02	 0	
  .0001541	-3.921569E-03	 0	
  .0001542	-1.176471E-02	 0	
  .0001543	 3.921569E-03	 0	
  .0001544	-3.921569E-03	 0	
  .0001545	-3.921569E-03	 0	
  .0001546	-3.921569E-03	 0	
  .0001547	 3.921569E-03	 0	
  .0001548	 3.921569E-03	 0	
  .0001549	-3.921569E-03	 0	
  .000155	 3.921569E-03	 0	
  .0001551	 1.176471E-02	 0	
  .0001552	 3.921569E-03	 0	
  .0001553	 3.921569E-03	 0	
  .0001554	 3.921569E-03	 0	
  .0001555	 1.176471E-02	 0	
  .0001556	 1.176471E-02	 0	
  .0001557	 3.921569E-03	 0	
  .0001558	 1.176471E-02	 0	
  .0001559	 1.176471E-02	 0	
  .000156	 3.921569E-03	 0	
  .0001561	 1.176471E-02	 0	
  .0001562	 1.176471E-02	 0	
  .0001563	 1.176471E-02	 0	
  .0001564	 1.176471E-02	 0	
  .0001565	 1.176471E-02	 0	
  .0001566	 1.960784E-02	 0	
  .0001567	 1.960784E-02	 0	
  .0001568	 2.745098E-02	 0	
  .0001569	 1.960784E-02	 0	
  .000157	 2.745098E-02	 0	
  .0001571	 1.960784E-02	 0	
  .0001572	 1.960784E-02	 0	
  .0001573	 2.745098E-02	 0	
  .0001574	 1.960784E-02	 0	
  .0001575	 2.745098E-02	 0	
  .0001576	 2.745098E-02	 0	
  .0001577	 2.745098E-02	 0	
  .0001578	 2.745098E-02	 0	
  .0001579	 1.960784E-02	 0	
  .000158	 2.745098E-02	 0	
  .0001581	 2.745098E-02	 0	
  .0001582	 3.529412E-02	 0	
  .0001583	 2.745098E-02	 0	
  .0001584	 4.313726E-02	 0	
  .0001585	 2.745098E-02	 0	
  .0001586	 3.529412E-02	 0	
  .0001587	 3.529412E-02	 0	
  .0001588	 3.529412E-02	 0	
  .0001589	 3.529412E-02	 0	
  .000159	 2.745098E-02	 0	
  .0001591	 3.529412E-02	 0	
  .0001592	 3.529412E-02	 0	
  .0001593	 3.529412E-02	 0	
  .0001594	 4.313726E-02	 0	
  .0001595	 4.313726E-02	 0	
  .0001596	 4.313726E-02	 0	
  .0001597	 3.529412E-02	 0	
  .0001598	 4.313726E-02	 0	
  .0001599	 4.313726E-02	 0	
  .00016	 5.098039E-02	 0	
  .0001601	 5.098039E-02	 0	
  .0001602	 4.313726E-02	 0	
  .0001603	 5.098039E-02	 0	
  .0001604	 5.098039E-02	 0	
  .0001605	 4.313726E-02	 0	
  .0001606	 4.313726E-02	 0	
  .0001607	 5.882353E-02	 0	
  .0001608	 5.098039E-02	 0	
  .0001609	 5.098039E-02	 0	
  .000161	 5.882353E-02	 0	
  .0001611	 5.098039E-02	 0	
  .0001612	 4.313726E-02	 0	
  .0001613	 5.098039E-02	 0	
  .0001614	 5.882353E-02	 0	
  .0001615	 5.882353E-02	 0	
  .0001616	 5.098039E-02	 0	
  .0001617	 5.882353E-02	 0	
  .0001618	 5.882353E-02	 0	
  .0001619	 5.098039E-02	 0	
  .000162	 5.882353E-02	 0	
  .0001621	 5.098039E-02	 0	
  .0001622	 5.098039E-02	 0	
  .0001623	 5.882353E-02	 0	
  .0001624	 5.098039E-02	 0	
  .0001625	 5.098039E-02	 0	
  .0001626	 5.098039E-02	 0	
  .0001627	 6.666667E-02	 0	
  .0001628	 6.666667E-02	 0	
  .0001629	 5.882353E-02	 0	
  .000163	 6.666667E-02	 0	
  .0001631	 6.666667E-02	 0	
  .0001632	 6.666667E-02	 0	
  .0001633	 6.666667E-02	 0	
  .0001634	 7.450981E-02	 0	
  .0001635	 5.882353E-02	 0	
  .0001636	 5.882353E-02	 0	
  .0001637	 5.882353E-02	 0	
  .0001638	 5.882353E-02	 0	
  .0001639	 5.882353E-02	 0	
  .000164	 5.882353E-02	 0	
  .0001641	 6.666667E-02	 0	
  .0001642	 6.666667E-02	 0	
  .0001643	 6.666667E-02	 0	
  .0001644	 6.666667E-02	 0	
  .0001645	 6.666667E-02	 0	
  .0001646	 6.666667E-02	 0	
  .0001647	 6.666667E-02	 0	
  .0001648	 6.666667E-02	 0	
  .0001649	 6.666667E-02	 0	
  .000165	 7.450981E-02	 0	
  .0001651	 6.666667E-02	 0	
  .0001652	 7.450981E-02	 0	
  .0001653	 7.450981E-02	 0	
  .0001654	 7.450981E-02	 0	
  .0001655	 8.235294E-02	 0	
  .0001656	 8.235294E-02	 0	
  .0001657	 8.235294E-02	 0	
  .0001658	 7.450981E-02	 0	
  .0001659	 7.450981E-02	 0	
  .000166	 7.450981E-02	 0	
  .0001661	 7.450981E-02	 0	
  .0001662	 8.235294E-02	 0	
  .0001663	 6.666667E-02	 0	
  .0001664	 7.450981E-02	 0	
  .0001665	 7.450981E-02	 0	
  .0001666	 8.235294E-02	 0	
  .0001667	 7.450981E-02	 0	
  .0001668	 6.666667E-02	 0	
  .0001669	 7.450981E-02	 0	
  .000167	 7.450981E-02	 0	
  .0001671	 7.450981E-02	 0	
  .0001672	 6.666667E-02	 0	
  .0001673	 8.235294E-02	 0	
  .0001674	 6.666667E-02	 0	
  .0001675	 7.450981E-02	 0	
  .0001676	 5.882353E-02	 0	
  .0001677	 7.450981E-02	 0	
  .0001678	 7.450981E-02	 0	
  .0001679	 6.666667E-02	 0	
  .000168	 7.450981E-02	 0	
  .0001681	 7.450981E-02	 0	
  .0001682	 7.450981E-02	 0	
  .0001683	 8.235294E-02	 0	
  .0001684	 6.666667E-02	 0	
  .0001685	 8.235294E-02	 0	
  .0001686	 8.235294E-02	 0	
  .0001687	 8.235294E-02	 0	
  .0001688	 6.666667E-02	 0	
  .0001689	 7.450981E-02	 0	
  .000169	 6.666667E-02	 0	
  .0001691	 7.450981E-02	 0	
  .0001692	 7.450981E-02	 0	
  .0001693	 8.235294E-02	 0	
  .0001694	 8.235294E-02	 0	
  .0001695	 6.666667E-02	 0	
  .0001696	 7.450981E-02	 0	
  .0001697	 7.450981E-02	 0	
  .0001698	 8.235294E-02	 0	
  .0001699	 7.450981E-02	 0	
  .00017	 8.235294E-02	 0	
  .0001701	 7.450981E-02	 0	
  .0001702	 8.235294E-02	 0	
  .0001703	 7.450981E-02	 0	
  .0001704	 8.235294E-02	 0	
  .0001705	 8.235294E-02	 0	
  .0001706	 8.235294E-02	 0	
  .0001707	 9.019608E-02	 0	
  .0001708	 8.235294E-02	 0	
  .0001709	 7.450981E-02	 0	
  .000171	 8.235294E-02	 0	
  .0001711	 8.235294E-02	 0	
  .0001712	 7.450981E-02	 0	
  .0001713	 7.450981E-02	 0	
  .0001714	 8.235294E-02	 0	
  .0001715	 6.666667E-02	 0	
  .0001716	 8.235294E-02	 0	
  .0001717	 7.450981E-02	 0	
  .0001718	 8.235294E-02	 0	
  .0001719	 7.450981E-02	 0	
  .000172	 5.882353E-02	 0	
  .0001721	 6.666667E-02	 0	
  .0001722	 5.882353E-02	 0	
  .0001723	 6.666667E-02	 0	
  .0001724	 6.666667E-02	 0	
  .0001725	 7.450981E-02	 0	
  .0001726	 7.450981E-02	 0	
  .0001727	 8.235294E-02	 0	
  .0001728	 7.450981E-02	 0	
  .0001729	 6.666667E-02	 0	
  .000173	 6.666667E-02	 0	
  .0001731	 6.666667E-02	 0	
  .0001732	 7.450981E-02	 0	
  .0001733	 7.450981E-02	 0	
  .0001734	 6.666667E-02	 0	
  .0001735	 6.666667E-02	 0	
  .0001736	 6.666667E-02	 0	
  .0001737	 7.450981E-02	 0	
  .0001738	 6.666667E-02	 0	
  .0001739	 7.450981E-02	 0	
  .000174	 5.882353E-02	 0	
  .0001741	 6.666667E-02	 0	
  .0001742	 6.666667E-02	 0	
  .0001743	 6.666667E-02	 0	
  .0001744	 6.666667E-02	 0	
  .0001745	 5.882353E-02	 0	
  .0001746	 5.882353E-02	 0	
  .0001747	 5.882353E-02	 0	
  .0001748	 5.882353E-02	 0	
  .0001749	 7.450981E-02	 0	
  .000175	 6.666667E-02	 0	
  .0001751	 6.666667E-02	 0	
  .0001752	 5.882353E-02	 0	
  .0001753	 6.666667E-02	 0	
  .0001754	 6.666667E-02	 0	
  .0001755	 5.882353E-02	 0	
  .0001756	 5.882353E-02	 0	
  .0001757	 5.882353E-02	 0	
  .0001758	 5.882353E-02	 0	
  .0001759	 5.882353E-02	 0	
  .000176	 6.666667E-02	 0	
  .0001761	 5.882353E-02	 0	
  .0001762	 5.882353E-02	 0	
  .0001763	 5.098039E-02	 0	
  .0001764	 5.882353E-02	 0	
  .0001765	 5.098039E-02	 0	
  .0001766	 5.882353E-02	 0	
  .0001767	 5.882353E-02	 0	
  .0001768	 5.882353E-02	 0	
  .0001769	 5.882353E-02	 0	
  .000177	 5.098039E-02	 0	
  .0001771	 4.313726E-02	 0	
  .0001772	 5.882353E-02	 0	
  .0001773	 5.882353E-02	 0	
  .0001774	 5.098039E-02	 0	
  .0001775	 4.313726E-02	 0	
  .0001776	 5.882353E-02	 0	
  .0001777	 4.313726E-02	 0	
  .0001778	 5.098039E-02	 0	
  .0001779	 4.313726E-02	 0	
  .000178	 5.098039E-02	 0	
  .0001781	 5.098039E-02	 0	
  .0001782	 5.098039E-02	 0	
  .0001783	 3.529412E-02	 0	
  .0001784	 4.313726E-02	 0	
  .0001785	 5.098039E-02	 0	
  .0001786	 4.313726E-02	 0	
  .0001787	 4.313726E-02	 0	
  .0001788	 3.529412E-02	 0	
  .0001789	 3.529412E-02	 0	
  .000179	 4.313726E-02	 0	
  .0001791	 4.313726E-02	 0	
  .0001792	 5.098039E-02	 0	
  .0001793	 4.313726E-02	 0	
  .0001794	 4.313726E-02	 0	
  .0001795	 3.529412E-02	 0	
  .0001796	 3.529412E-02	 0	
  .0001797	 3.529412E-02	 0	
  .0001798	 4.313726E-02	 0	
  .0001799	 4.313726E-02	 0	
  .00018	 3.529412E-02	 0	
  .0001801	 3.529412E-02	 0	
  .0001802	 4.313726E-02	 0	
  .0001803	 3.529412E-02	 0	
  .0001804	 2.745098E-02	 0	
  .0001805	 4.313726E-02	 0	
  .0001806	 4.313726E-02	 0	
  .0001807	 2.745098E-02	 0	
  .0001808	 4.313726E-02	 0	
  .0001809	 4.313726E-02	 0	
  .000181	 3.529412E-02	 0	
  .0001811	 3.529412E-02	 0	
  .0001812	 3.529412E-02	 0	
  .0001813	 4.313726E-02	 0	
  .0001814	 2.745098E-02	 0	
  .0001815	 2.745098E-02	 0	
  .0001816	 2.745098E-02	 0	
  .0001817	 3.529412E-02	 0	
  .0001818	 1.960784E-02	 0	
  .0001819	 2.745098E-02	 0	
  .000182	 1.960784E-02	 0	
  .0001821	 1.960784E-02	 0	
  .0001822	 1.960784E-02	 0	
  .0001823	 1.960784E-02	 0	
  .0001824	 2.745098E-02	 0	
  .0001825	 1.960784E-02	 0	
  .0001826	 3.529412E-02	 0	
  .0001827	 2.745098E-02	 0	
  .0001828	 1.960784E-02	 0	
  .0001829	 1.960784E-02	 0	
  .000183	 1.960784E-02	 0	
  .0001831	 2.745098E-02	 0	
  .0001832	 1.176471E-02	 0	
  .0001833	 1.960784E-02	 0	
  .0001834	 1.176471E-02	 0	
  .0001835	 1.176471E-02	 0	
  .0001836	 1.960784E-02	 0	
  .0001837	 1.176471E-02	 0	
  .0001838	 1.960784E-02	 0	
  .0001839	 1.176471E-02	 0	
  .000184	 1.176471E-02	 0	
  .0001841	 1.176471E-02	 0	
  .0001842	 1.960784E-02	 0	
  .0001843	 1.176471E-02	 0	
  .0001844	 1.176471E-02	 0	
  .0001845	 3.921569E-03	 0	
  .0001846	 3.921569E-03	 0	
  .0001847	 3.921569E-03	 0	
  .0001848	 1.176471E-02	 0	
  .0001849	 1.176471E-02	 0	
  .000185	 3.921569E-03	 0	
  .0001851	 3.921569E-03	 0	
  .0001852	 3.921569E-03	 0	
  .0001853	 3.921569E-03	 0	
  .0001854	 3.921569E-03	 0	
  .0001855	 3.921569E-03	 0	
  .0001856	 3.921569E-03	 0	
  .0001857	-3.921569E-03	 0	
  .0001858	 3.921569E-03	 0	
  .0001859	 1.176471E-02	 0	
  .000186	 3.921569E-03	 0	
  .0001861	 3.921569E-03	 0	
  .0001862	-3.921569E-03	 0	
  .0001863	-3.921569E-03	 0	
  .0001864	 3.921569E-03	 0	
  .0001865	-3.921569E-03	 0	
  .0001866	-3.921569E-03	 0	
  .0001867	 3.921569E-03	 0	
  .0001868	-3.921569E-03	 0	
  .0001869	-3.921569E-03	 0	
  .000187	-1.176471E-02	 0	
  .0001871	 3.921569E-03	 0	
  .0001872	-1.176471E-02	 0	
  .0001873	-3.921569E-03	 0	
  .0001874	-3.921569E-03	 0	
  .0001875	 3.921569E-03	 0	
  .0001876	-3.921569E-03	 0	
  .0001877	-1.176471E-02	 0	
  .0001878	-3.921569E-03	 0	
  .0001879	-1.176471E-02	 0	
  .000188	-1.176471E-02	 0	
  .0001881	-3.921569E-03	 0	
  .0001882	-1.176471E-02	 0	
  .0001883	-1.176471E-02	 0	
  .0001884	-1.960784E-02	 0	
  .0001885	-1.960784E-02	 0	
  .0001886	-1.960784E-02	 0	
  .0001887	-2.745098E-02	 0	
  .0001888	-1.176471E-02	 0	
  .0001889	-1.176471E-02	 0	
  .000189	-1.960784E-02	 0	
  .0001891	-1.176471E-02	 0	
  .0001892	-1.176471E-02	 0	
  .0001893	-1.960784E-02	 0	
  .0001894	-1.176471E-02	 0	
  .0001895	-1.960784E-02	 0	
  .0001896	-1.176471E-02	 0	
  .0001897	-1.176471E-02	 0	
  .0001898	-1.176471E-02	 0	
  .0001899	-1.176471E-02	 0	
  .00019	-1.960784E-02	 0	
  .0001901	-1.176471E-02	 0	
  .0001902	-1.960784E-02	 0	
  .0001903	-1.960784E-02	 0	
  .0001904	-3.921569E-03	 0	
  .0001905	-1.176471E-02	 0	
  .0001906	-1.960784E-02	 0	
  .0001907	-1.176471E-02	 0	
  .0001908	-1.176471E-02	 0	
  .0001909	-1.960784E-02	 0	
  .000191	-1.960784E-02	 0	
  .0001911	-1.960784E-02	 0	
  .0001912	-1.960784E-02	 0	
  .0001913	-2.745098E-02	 0	
  .0001914	-1.960784E-02	 0	
  .0001915	-2.745098E-02	 0	
  .0001916	-2.745098E-02	 0	
  .0001917	-3.529412E-02	 0	
  .0001918	-2.745098E-02	 0	
  .0001919	-2.745098E-02	 0	
  .000192	-3.529412E-02	 0	
  .0001921	-2.745098E-02	 0	
  .0001922	-3.529412E-02	 0	
  .0001923	-2.745098E-02	 0	
  .0001924	-2.745098E-02	 0	
  .0001925	-2.745098E-02	 0	
  .0001926	-2.745098E-02	 0	
  .0001927	-2.745098E-02	 0	
  .0001928	-3.529412E-02	 0	
  .0001929	-2.745098E-02	 0	
  .000193	-2.745098E-02	 0	
  .0001931	-2.745098E-02	 0	
  .0001932	-2.745098E-02	 0	
  .0001933	-3.529412E-02	 0	
  .0001934	-2.745098E-02	 0	
  .0001935	-2.745098E-02	 0	
  .0001936	-2.745098E-02	 0	
  .0001937	-2.745098E-02	 0	
  .0001938	-3.529412E-02	 0	
  .0001939	-2.745098E-02	 0	
  .000194	-3.529412E-02	 0	
  .0001941	-2.745098E-02	 0	
  .0001942	-3.529412E-02	 0	
  .0001943	-3.529412E-02	 0	
  .0001944	-2.745098E-02	 0	
  .0001945	-3.529412E-02	 0	
  .0001946	-3.529412E-02	 0	
  .0001947	-1.960784E-02	 0	
  .0001948	-2.745098E-02	 0	
  .0001949	-4.313726E-02	 0	
  .000195	-4.313726E-02	 0	
  .0001951	-3.529412E-02	 0	
  .0001952	-2.745098E-02	 0	
  .0001953	-3.529412E-02	 0	
  .0001954	-1.960784E-02	 0	
  .0001955	-3.529412E-02	 0	
  .0001956	-3.529412E-02	 0	
  .0001957	-3.529412E-02	 0	
  .0001958	-3.529412E-02	 0	
  .0001959	-3.529412E-02	 0	
  .000196	-3.529412E-02	 0	
  .0001961	-4.313726E-02	 0	
  .0001962	-3.529412E-02	 0	
  .0001963	-4.313726E-02	 0	
  .0001964	-2.745098E-02	 0	
  .0001965	-4.313726E-02	 0	
  .0001966	-3.529412E-02	 0	
  .0001967	-3.529412E-02	 0	
  .0001968	-3.529412E-02	 0	
  .0001969	-4.313726E-02	 0	
  .000197	-2.745098E-02	 0	
  .0001971	-2.745098E-02	 0	
  .0001972	-3.529412E-02	 0	
  .0001973	-4.313726E-02	 0	
  .0001974	-3.529412E-02	 0	
  .0001975	-3.529412E-02	 0	
  .0001976	-3.529412E-02	 0	
  .0001977	-3.529412E-02	 0	
  .0001978	-3.529412E-02	 0	
  .0001979	-2.745098E-02	 0	
  .000198	-2.745098E-02	 0	
  .0001981	-3.529412E-02	 0	
  .0001982	-3.529412E-02	 0	
  .0001983	-4.313726E-02	 0	
  .0001984	-3.529412E-02	 0	
  .0001985	-4.313726E-02	 0	
  .0001986	-3.529412E-02	 0	
  .0001987	-3.529412E-02	 0	
  .0001988	-2.745098E-02	 0	
  .0001989	-3.529412E-02	 0	
  .000199	-2.745098E-02	 0	
  .0001991	-1.960784E-02	 0	
  .0001992	-3.529412E-02	 0	
  .0001993	-3.529412E-02	 0	
  .0001994	-3.529412E-02	 0	
  .0001995	-2.745098E-02	 0	
  .0001996	-3.529412E-02	 0	
  .0001997	-2.745098E-02	 0	
  .0001998	-2.745098E-02	 0	
  .0001999	-2.745098E-02	 0	
  .0002	-3.529412E-02	 0	
  .0002001	-2.745098E-02	 0	
  .0002002	-3.529412E-02	 0	
  .0002003	-2.745098E-02	 0	
  .0002004	-2.745098E-02	 0	
  .0002005	-3.529412E-02	 0	
  .0002006	-2.745098E-02	 0	
  .0002007	-2.745098E-02	 0	
  .0002008	-2.745098E-02	 0	
  .0002009	-2.745098E-02	 0	
  .000201	-1.960784E-02	 0	
  .0002011	-2.745098E-02	 0	
  .0002012	-3.529412E-02	 0	
  .0002013	-2.745098E-02	 0	
  .0002014	-1.960784E-02	 0	
  .0002015	-3.529412E-02	 0	
  .0002016	-3.529412E-02	 0	
  .0002017	-2.745098E-02	 0	
  .0002018	-2.745098E-02	 0	
  .0002019	-3.529412E-02	 0	
  .000202	-3.529412E-02	 0	
  .0002021	-2.745098E-02	 0	
  .0002022	-3.529412E-02	 0	
  .0002023	-2.745098E-02	 0	
  .0002024	-1.960784E-02	 0	
  .0002025	-1.960784E-02	 0	
  .0002026	-2.745098E-02	 0	
  .0002027	-2.745098E-02	 0	
  .0002028	-3.529412E-02	 0	
  .0002029	-1.960784E-02	 0	
  .000203	-2.745098E-02	 0	
  .0002031	-3.529412E-02	 0	
  .0002032	-3.529412E-02	 0	
  .0002033	-2.745098E-02	 0	
  .0002034	-2.745098E-02	 0	
  .0002035	-3.529412E-02	 0	
  .0002036	-2.745098E-02	 0	
  .0002037	-1.960784E-02	 0	
  .0002038	-2.745098E-02	 0	
  .0002039	-2.745098E-02	 0	
  .000204	-2.745098E-02	 0	
  .0002041	-3.529412E-02	 0	
  .0002042	-1.960784E-02	 0	
  .0002043	-1.960784E-02	 0	
  .0002044	-2.745098E-02	 0	
  .0002045	-2.745098E-02	 0	
  .0002046	-1.176471E-02	 0	
  .0002047	-2.745098E-02	 0	
  .0002048	-1.960784E-02	 0	
  .0002049	-2.745098E-02	 0	
  .000205	-1.960784E-02	 0	
  .0002051	-1.176471E-02	 0	
  .0002052	-1.960784E-02	 0	
  .0002053	-1.960784E-02	 0	
  .0002054	-1.960784E-02	 0	
  .0002055	-2.745098E-02	 0	
  .0002056	-1.960784E-02	 0	
  .0002057	-1.176471E-02	 0	
  .0002058	-1.960784E-02	 0	
  .0002059	-2.745098E-02	 0	
  .000206	-1.960784E-02	 0	
  .0002061	-2.745098E-02	 0	
  .0002062	-2.745098E-02	 0	
  .0002063	-1.960784E-02	 0	
  .0002064	-1.960784E-02	 0	
  .0002065	-1.960784E-02	 0	
  .0002066	-1.960784E-02	 0	
  .0002067	-1.960784E-02	 0	
  .0002068	-1.176471E-02	 0	
  .0002069	-1.176471E-02	 0	
  .000207	-1.960784E-02	 0	
  .0002071	-2.745098E-02	 0	
  .0002072	-1.176471E-02	 0	
  .0002073	-1.960784E-02	 0	
  .0002074	-2.745098E-02	 0	
  .0002075	-1.960784E-02	 0	
  .0002076	-1.176471E-02	 0	
  .0002077	-1.960784E-02	 0	
  .0002078	-1.960784E-02	 0	
  .0002079	-1.176471E-02	 0	
  .000208	-1.176471E-02	 0	
  .0002081	-1.176471E-02	 0	
  .0002082	-1.176471E-02	 0	
  .0002083	-1.176471E-02	 0	
  .0002084	-1.176471E-02	 0	
  .0002085	-1.176471E-02	 0	
  .0002086	-1.960784E-02	 0	
  .0002087	-1.176471E-02	 0	
  .0002088	-3.921569E-03	 0	
  .0002089	-1.176471E-02	 0	
  .000209	-3.921569E-03	 0	
  .0002091	-1.176471E-02	 0	
  .0002092	-1.176471E-02	 0	
  .0002093	-1.960784E-02	 0	
  .0002094	-3.921569E-03	 0	
  .0002095	-1.176471E-02	 0	
  .0002096	-3.921569E-03	 0	
  .0002097	 3.921569E-03	 0	
  .0002098	-3.921569E-03	 0	
  .0002099	-1.176471E-02	 0	
  .00021	-1.176471E-02	 0	
  .0002101	-3.921569E-03	 0	
  .0002102	-3.921569E-03	 0	
  .0002103	-1.176471E-02	 0	
  .0002104	 3.921569E-03	 0	
  .0002105	-3.921569E-03	 0	
  .0002106	-3.921569E-03	 0	
  .0002107	-3.921569E-03	 0	
  .0002108	-3.921569E-03	 0	
  .0002109	 3.921569E-03	 0	
  .000211	 3.921569E-03	 0	
  .0002111	-3.921569E-03	 0	
  .0002112	 3.921569E-03	 0	
  .0002113	-3.921569E-03	 0	
  .0002114	 3.921569E-03	 0	
  .0002115	-3.921569E-03	 0	
  .0002116	-3.921569E-03	 0	
  .0002117	-3.921569E-03	 0	
  .0002118	-1.176471E-02	 0	
  .0002119	 3.921569E-03	 0	
  .000212	-3.921569E-03	 0	
  .0002121	-3.921569E-03	 0	
  .0002122	 3.921569E-03	 0	
  .0002123	 1.176471E-02	 0	
  .0002124	-3.921569E-03	 0	
  .0002125	 3.921569E-03	 0	
  .0002126	 3.921569E-03	 0	
  .0002127	 3.921569E-03	 0	
  .0002128	 1.176471E-02	 0	
  .0002129	 3.921569E-03	 0	
  .000213	 3.921569E-03	 0	
  .0002131	 3.921569E-03	 0	
  .0002132	 3.921569E-03	 0	
  .0002133	 1.176471E-02	 0	
  .0002134	 1.176471E-02	 0	
  .0002135	 1.176471E-02	 0	
  .0002136	 1.176471E-02	 0	
  .0002137	 3.921569E-03	 0	
  .0002138	 3.921569E-03	 0	
  .0002139	 3.921569E-03	 0	
  .000214	 1.176471E-02	 0	
  .0002141	 1.176471E-02	 0	
  .0002142	 1.176471E-02	 0	
  .0002143	 3.921569E-03	 0	
  .0002144	 3.921569E-03	 0	
  .0002145	 2.745098E-02	 0	
  .0002146	 1.176471E-02	 0	
  .0002147	 1.176471E-02	 0	
  .0002148	 3.921569E-03	 0	
  .0002149	 1.176471E-02	 0	
  .000215	 1.960784E-02	 0	
  .0002151	 3.921569E-03	 0	
  .0002152	 1.960784E-02	 0	
  .0002153	 1.176471E-02	 0	
  .0002154	 1.176471E-02	 0	
  .0002155	 1.176471E-02	 0	
  .0002156	 1.960784E-02	 0	
  .0002157	 1.960784E-02	 0	
  .0002158	 1.960784E-02	 0	
  .0002159	 1.176471E-02	 0	
  .000216	 1.176471E-02	 0	
  .0002161	 1.960784E-02	 0	
  .0002162	 1.960784E-02	 0	
  .0002163	 1.176471E-02	 0	
  .0002164	 2.745098E-02	 0	
  .0002165	 1.176471E-02	 0	
  .0002166	 1.176471E-02	 0	
  .0002167	 1.176471E-02	 0	
  .0002168	 2.745098E-02	 0	
  .0002169	 2.745098E-02	 0	
  .000217	 1.960784E-02	 0	
  .0002171	 2.745098E-02	 0	
  .0002172	 1.960784E-02	 0	
  .0002173	 1.176471E-02	 0	
  .0002174	 1.960784E-02	 0	
  .0002175	 2.745098E-02	 0	
  .0002176	 1.960784E-02	 0	
  .0002177	 1.960784E-02	 0	
  .0002178	 1.960784E-02	 0	
  .0002179	 1.960784E-02	 0	
  .000218	 1.176471E-02	 0	
  .0002181	 2.745098E-02	 0	
  .0002182	 1.960784E-02	 0	
  .0002183	 1.960784E-02	 0	
  .0002184	 1.960784E-02	 0	
  .0002185	 2.745098E-02	 0	
  .0002186	 2.745098E-02	 0	
  .0002187	 1.960784E-02	 0	
  .0002188	 2.745098E-02	 0	
  .0002189	 2.745098E-02	 0	
  .000219	 2.745098E-02	 0	
  .0002191	 1.960784E-02	 0	
  .0002192	 1.960784E-02	 0	
  .0002193	 3.529412E-02	 0	
  .0002194	 3.529412E-02	 0	
  .0002195	 2.745098E-02	 0	
  .0002196	 3.529412E-02	 0	
  .0002197	 4.313726E-02	 0	
  .0002198	 2.745098E-02	 0	
  .0002199	 3.529412E-02	 0	
  .00022	 2.745098E-02	 0	
  .0002201	 2.745098E-02	 0	
  .0002202	 2.745098E-02	 0	
  .0002203	 2.745098E-02	 0	
  .0002204	 2.745098E-02	 0	
  .0002205	 2.745098E-02	 0	
  .0002206	 3.529412E-02	 0	
  .0002207	 2.745098E-02	 0	
  .0002208	 4.313726E-02	 0	
  .0002209	 2.745098E-02	 0	
  .000221	 3.529412E-02	 0	
  .0002211	 2.745098E-02	 0	
  .0002212	 3.529412E-02	 0	
  .0002213	 3.529412E-02	 0	
  .0002214	 3.529412E-02	 0	
  .0002215	 3.529412E-02	 0	
  .0002216	 2.745098E-02	 0	
  .0002217	 2.745098E-02	 0	
  .0002218	 2.745098E-02	 0	
  .0002219	 2.745098E-02	 0	
  .000222	 2.745098E-02	 0	
  .0002221	 3.529412E-02	 0	
  .0002222	 4.313726E-02	 0	
  .0002223	 2.745098E-02	 0	
  .0002224	 3.529412E-02	 0	
  .0002225	 3.529412E-02	 0	
  .0002226	 2.745098E-02	 0	
  .0002227	 4.313726E-02	 0	
  .0002228	 3.529412E-02	 0	
  .0002229	 3.529412E-02	 0	
  .000223	 2.745098E-02	 0	
  .0002231	 3.529412E-02	 0	
  .0002232	 4.313726E-02	 0	
  .0002233	 3.529412E-02	 0	
  .0002234	 3.529412E-02	 0	
  .0002235	 3.529412E-02	 0	
  .0002236	 4.313726E-02	 0	
  .0002237	 2.745098E-02	 0	
  .0002238	 3.529412E-02	 0	
  .0002239	 3.529412E-02	 0	
  .000224	 3.529412E-02	 0	
  .0002241	 3.529412E-02	 0	
  .0002242	 3.529412E-02	 0	
  .0002243	 3.529412E-02	 0	
  .0002244	 5.098039E-02	 0	
  .0002245	 3.529412E-02	 0	
  .0002246	 2.745098E-02	 0	
  .0002247	 2.745098E-02	 0	
  .0002248	 4.313726E-02	 0	
  .0002249	 4.313726E-02	 0	
  .000225	 3.529412E-02	 0	
