 -.0000249	 1.176471E-02	 0	
 -.0000248	 3.921569E-03	 0	
 -.0000247	 1.960784E-02	 0	
 -.0000246	 3.921569E-03	 0	
 -.0000245	 1.176471E-02	 0	
 -.0000244	 1.960784E-02	 0	
 -.0000243	 1.176471E-02	 0	
 -.0000242	 1.176471E-02	 0	
 -.0000241	 1.176471E-02	 0	
 -.000024	 1.176471E-02	 0	
 -.0000239	 3.921569E-03	 0	
 -.0000238	 1.176471E-02	 0	
 -.0000237	 1.176471E-02	 0	
 -.0000236	 1.176471E-02	 0	
 -.0000235	 3.921569E-03	 0	
 -.0000234	 3.921569E-03	 0	
 -.0000233	 1.176471E-02	 0	
 -.0000232	 1.176471E-02	 0	
 -.0000231	 1.176471E-02	 0	
 -.000023	 1.176471E-02	 0	
 -.0000229	 3.921569E-03	 0	
 -.0000228	 3.921569E-03	 0	
 -.0000227	 1.176471E-02	 0	
 -.0000226	 1.176471E-02	 0	
 -.0000225	 3.921569E-03	 0	
 -.0000224	-3.921569E-03	 0	
 -.0000223	 3.921569E-03	 0	
 -.0000222	 1.176471E-02	 0	
 -.0000221	 3.921569E-03	 0	
 -.000022	 3.921569E-03	 0	
 -.0000219	 1.176471E-02	 0	
 -.0000218	 3.921569E-03	 0	
 -.0000217	-3.921569E-03	 0	
 -.0000216	 3.921569E-03	 0	
 -.0000215	 3.921569E-03	 0	
 -.0000214	 3.921569E-03	 0	
 -.0000213	 1.176471E-02	 0	
 -.0000212	 3.921569E-03	 0	
 -.0000211	 3.921569E-03	 0	
 -.000021	 1.176471E-02	 0	
 -.0000209	 1.176471E-02	 0	
 -.0000208	 3.921569E-03	 0	
 -.0000207	 3.921569E-03	 0	
 -.0000206	 3.921569E-03	 0	
 -.0000205	 1.176471E-02	 0	
 -.0000204	 3.921569E-03	 0	
 -.0000203	 1.960784E-02	 0	
 -.0000202	 3.921569E-03	 0	
 -.0000201	 1.960784E-02	 0	
 -.00002	 3.921569E-03	 0	
 -.0000199	 1.960784E-02	 0	
 -.0000198	 3.921569E-03	 0	
 -.0000197	 1.176471E-02	 0	
 -.0000196	 1.176471E-02	 0	
 -.0000195	 3.921569E-03	 0	
 -.0000194	 3.921569E-03	 0	
 -.0000193	 1.176471E-02	 0	
 -.0000192	 1.176471E-02	 0	
 -.0000191	 1.176471E-02	 0	
 -.000019	 1.176471E-02	 0	
 -.0000189	 1.176471E-02	 0	
 -.0000188	 1.176471E-02	 0	
 -.0000187	 3.921569E-03	 0	
 -.0000186	 1.960784E-02	 0	
 -.0000185	 1.960784E-02	 0	
 -.0000184	 3.921569E-03	 0	
 -.0000183	 3.921569E-03	 0	
 -.0000182	 1.176471E-02	 0	
 -.0000181	 3.921569E-03	 0	
 -.000018	 3.921569E-03	 0	
 -.0000179	 3.921569E-03	 0	
 -.0000178	 1.176471E-02	 0	
 -.0000177	-3.921569E-03	 0	
 -.0000176	 3.921569E-03	 0	
 -.0000175	-3.921569E-03	 0	
 -.0000174	 1.176471E-02	 0	
 -.0000173	 3.921569E-03	 0	
 -.0000172	 1.960784E-02	 0	
 -.0000171	 1.176471E-02	 0	
 -.000017	 1.176471E-02	 0	
 -.0000169	 3.921569E-03	 0	
 -.0000168	 3.921569E-03	 0	
 -.0000167	-3.921569E-03	 0	
 -.0000166	 1.176471E-02	 0	
 -.0000165	 3.921569E-03	 0	
 -.0000164	 3.921569E-03	 0	
 -.0000163	 1.176471E-02	 0	
 -.0000162	 1.176471E-02	 0	
 -.0000161	 3.921569E-03	 0	
 -.000016	 1.176471E-02	 0	
 -.0000159	-3.921569E-03	 0	
 -.0000158	 3.921569E-03	 0	
 -.0000157	 3.921569E-03	 0	
 -.0000156	 1.176471E-02	 0	
 -.0000155	 1.176471E-02	 0	
 -.0000154	 1.176471E-02	 0	
 -.0000153	 3.921569E-03	 0	
 -.0000152	 1.176471E-02	 0	
 -.0000151	 3.921569E-03	 0	
 -.000015	 1.960784E-02	 0	
 -.0000149	 1.176471E-02	 0	
 -.0000148	 1.176471E-02	 0	
 -.0000147	 3.921569E-03	 0	
 -.0000146	 1.176471E-02	 0	
 -.0000145	 1.176471E-02	 0	
 -.0000144	 3.921569E-03	 0	
 -.0000143	 1.176471E-02	 0	
 -.0000142	 3.921569E-03	 0	
 -.0000141	 1.960784E-02	 0	
 -.000014	 3.921569E-03	 0	
 -.0000139	 1.176471E-02	 0	
 -.0000138	 3.921569E-03	 0	
 -.0000137	 3.921569E-03	 0	
 -.0000136	 3.921569E-03	 0	
 -.0000135	 1.176471E-02	 0	
 -.0000134	 1.176471E-02	 0	
 -.0000133	 1.960784E-02	 0	
 -.0000132	 1.176471E-02	 0	
 -.0000131	 1.176471E-02	 0	
 -.000013	 1.176471E-02	 0	
 -.0000129	 3.921569E-03	 0	
 -.0000128	 1.960784E-02	 0	
 -.0000127	 1.960784E-02	 0	
 -.0000126	 3.921569E-03	 0	
 -.0000125	 3.921569E-03	 0	
 -.0000124	 1.960784E-02	 0	
 -.0000123	 1.176471E-02	 0	
 -.0000122	 1.176471E-02	 0	
 -.0000121	 1.176471E-02	 0	
 -.000012	 3.921569E-03	 0	
 -.0000119	 1.960784E-02	 0	
 -.0000118	 3.921569E-03	 0	
 -.0000117	 3.921569E-03	 0	
 -.0000116	 3.921569E-03	 0	
 -.0000115	 3.921569E-03	 0	
 -.0000114	 3.921569E-03	 0	
 -.0000113	 1.176471E-02	 0	
 -.0000112	-3.921569E-03	 0	
 -.0000111	 1.176471E-02	 0	
 -.000011	 3.921569E-03	 0	
 -.0000109	 3.921569E-03	 0	
 -.0000108	 1.176471E-02	 0	
 -.0000107	 1.176471E-02	 0	
 -.0000106	 1.176471E-02	 0	
 -.0000105	 1.176471E-02	 0	
 -.0000104	 3.921569E-03	 0	
 -.0000103	 3.921569E-03	 0	
 -.0000102	 1.960784E-02	 0	
 -.0000101	 3.921569E-03	 0	
 -.00001	 3.921569E-03	 0	
 -.0000099	 1.176471E-02	 0	
 -.0000098	 1.176471E-02	 0	
 -.0000097	 1.176471E-02	 0	
 -.0000096	 1.176471E-02	 0	
 -.0000095	 3.921569E-03	 0	
 -.0000094	 1.960784E-02	 0	
 -.0000093	 1.176471E-02	 0	
 -.0000092	 1.176471E-02	 0	
 -.0000091	 1.176471E-02	 0	
 -.000009	 1.176471E-02	 0	
 -.0000089	 3.921569E-03	 0	
 -.0000088	 1.176471E-02	 0	
 -.0000087	 1.176471E-02	 0	
 -.0000086	 1.176471E-02	 0	
 -.0000085	 3.921569E-03	 0	
 -.0000084	 3.921569E-03	 0	
 -.0000083	 3.921569E-03	 0	
 -.0000082	 1.176471E-02	 0	
 -.0000081	 3.921569E-03	 0	
 -.000008	 1.176471E-02	 0	
 -.0000079	 3.921569E-03	 0	
 -.0000078	-3.921569E-03	 0	
 -.0000077	 3.921569E-03	 0	
 -.0000076	-3.921569E-03	 0	
 -.0000075	 1.176471E-02	 0	
 -.0000074	 1.176471E-02	 0	
 -.0000073	 1.960784E-02	 0	
 -.0000072	 1.176471E-02	 0	
 -.0000071	 1.176471E-02	 0	
 -.000007	 3.921569E-03	 0	
 -.0000069	 3.921569E-03	 0	
 -.0000068	 1.960784E-02	 0	
 -.0000067	 1.176471E-02	 0	
 -.0000066	 3.921569E-03	 0	
 -.0000065	 3.921569E-03	 0	
 -.0000064	 3.921569E-03	 0	
 -.0000063	 1.176471E-02	 0	
 -.0000062	 1.176471E-02	 0	
 -.0000061	 1.176471E-02	 0	
 -.000006	 3.921569E-03	 0	
 -.0000059	 3.921569E-03	 0	
 -.0000058	 3.921569E-03	 0	
 -.0000057	 1.176471E-02	 0	
 -.0000056	 1.176471E-02	 0	
 -.0000055	 1.176471E-02	 0	
 -.0000054	 1.176471E-02	 0	
 -.0000053	 3.921569E-03	 0	
 -.0000052	 3.921569E-03	 0	
 -.0000051	 1.176471E-02	 0	
 -.000005	 1.176471E-02	 0	
 -.0000049	 1.176471E-02	 0	
 -.0000048	 3.921569E-03	 0	
 -.0000047	 1.176471E-02	 0	
 -.0000046	 1.176471E-02	 0	
 -.0000045	 1.176471E-02	 0	
 -.0000044	 1.960784E-02	 0	
 -.0000043	 3.921569E-03	 0	
 -.0000042	-3.921569E-03	 0	
 -.0000041	 1.960784E-02	 0	
 -.000004	 1.176471E-02	 0	
 -.0000039	 3.921569E-03	 0	
 -.0000038	 1.176471E-02	 0	
 -.0000037	 3.921569E-03	 0	
 -.0000036	 3.921569E-03	 0	
 -.0000035	 1.176471E-02	 0	
 -.0000034	 1.960784E-02	 0	
 -.0000033	 3.921569E-03	 0	
 -.0000032	 1.960784E-02	 0	
 -.0000031	 1.176471E-02	 0	
 -.000003	 1.176471E-02	 0	
 -.0000029	 1.176471E-02	 0	
 -.0000028	 1.960784E-02	 0	
 -.0000027	 1.176471E-02	 0	
 -.0000026	 3.921569E-03	 0	
 -.0000025	 1.176471E-02	 0	
 -.0000024	 1.176471E-02	 0	
 -.0000023	 1.176471E-02	 0	
 -.0000022	 3.921569E-03	 0	
 -.0000021	 1.176471E-02	 0	
 -.000002	 1.176471E-02	 0	
 -.0000019	 1.176471E-02	 0	
 -.0000018	 1.176471E-02	 0	
 -.0000017	-3.921569E-03	 0	
 -.0000016	 3.921569E-03	 0	
 -.0000015	 1.176471E-02	 0	
 -.0000014	 3.921569E-03	 0	
 -.0000013	 3.921569E-03	 0	
 -.0000012	 3.921569E-03	 0	
 -.0000011	 1.176471E-02	 0	
 -.000001	 1.176471E-02	 0	
 -.0000009	 3.921569E-03	 0	
 -.0000008	 1.960784E-02	 0	
 -.0000007	 1.960784E-02	 0	
 -.0000006	 3.921569E-03	 0	
 -.0000005	 1.176471E-02	 0	
 -.0000004	 3.921569E-03	 0	
 -.0000003	 1.176471E-02	 0	
 -.0000002	 1.176471E-02	 0	
 -.0000001	 1.960784E-02	 0	
  0	 1.176471E-02	 0	
  .0000001	 1.176471E-02	 0	
  .0000002	-1.176471E-02	 0	
  .0000003	 1.960784E-02	 0	
  .0000004	 3.921569E-03	 0	
  .0000005	 1.960784E-02	 0	
  .0000006	 1.960784E-02	 0	
  .0000007	 3.921569E-03	 0	
  .0000008	 1.176471E-02	 0	
  .0000009	 1.176471E-02	 0	
  .000001	 1.960784E-02	 0	
  .0000011	 1.176471E-02	 0	
  .0000012	 1.176471E-02	 0	
  .0000013	 2.745098E-02	 0	
  .0000014	 3.921569E-03	 0	
  .0000015	 3.921569E-03	 0	
  .0000016	 3.921569E-03	 0	
  .0000017	 1.176471E-02	 0	
  .0000018	 3.921569E-03	 0	
  .0000019	 1.176471E-02	 0	
  .000002	 3.921569E-03	 0	
  .0000021	 3.921569E-03	 0	
  .0000022	 1.176471E-02	 0	
  .0000023	 3.921569E-03	 0	
  .0000024	 3.921569E-03	 0	
  .0000025	 1.960784E-02	 0	
  .0000026	 1.960784E-02	 0	
  .0000027	 1.176471E-02	 0	
  .0000028	 1.960784E-02	 0	
  .0000029	 1.176471E-02	 0	
  .000003	 1.176471E-02	 0	
  .0000031	 1.960784E-02	 0	
  .0000032	 1.176471E-02	 0	
  .0000033	 3.921569E-03	 0	
  .0000034	 3.921569E-03	 0	
  .0000035	 3.921569E-03	 0	
  .0000036	 1.176471E-02	 0	
  .0000037	 3.921569E-03	 0	
  .0000038	 1.176471E-02	 0	
  .0000039	 3.921569E-03	 0	
  .000004	 3.921569E-03	 0	
  .0000041	 3.921569E-03	 0	
  .0000042	 1.176471E-02	 0	
  .0000043	 1.176471E-02	 0	
  .0000044	 1.176471E-02	 0	
  .0000045	 1.176471E-02	 0	
  .0000046	 3.921569E-03	 0	
  .0000047	 3.921569E-03	 0	
  .0000048	 1.960784E-02	 0	
  .0000049	 1.176471E-02	 0	
  .000005	 3.921569E-03	 0	
  .0000051	 1.176471E-02	 0	
  .0000052	 1.176471E-02	 0	
  .0000053	 1.960784E-02	 0	
  .0000054	 1.176471E-02	 0	
  .0000055	 1.176471E-02	 0	
  .0000056	 1.176471E-02	 0	
  .0000057	 3.921569E-03	 0	
  .0000058	 3.921569E-03	 0	
  .0000059	 1.176471E-02	 0	
  .000006	 3.921569E-03	 0	
  .0000061	 3.921569E-03	 0	
  .0000062	 3.921569E-03	 0	
  .0000063	 3.921569E-03	 0	
  .0000064	 3.921569E-03	 0	
  .0000065	 1.176471E-02	 0	
  .0000066	 3.921569E-03	 0	
  .0000067	 1.176471E-02	 0	
  .0000068	-3.921569E-03	 0	
  .0000069	 1.176471E-02	 0	
  .000007	 3.921569E-03	 0	
  .0000071	 1.960784E-02	 0	
  .0000072	 1.176471E-02	 0	
  .0000073	 1.176471E-02	 0	
  .0000074	 3.921569E-03	 0	
  .0000075	 3.921569E-03	 0	
  .0000076	 3.921569E-03	 0	
  .0000077	 3.921569E-03	 0	
  .0000078	 1.176471E-02	 0	
  .0000079	 1.176471E-02	 0	
  .000008	 1.176471E-02	 0	
  .0000081	 1.176471E-02	 0	
  .0000082	 3.921569E-03	 0	
  .0000083	 3.921569E-03	 0	
  .0000084	 1.176471E-02	 0	
  .0000085	 3.921569E-03	 0	
  .0000086	 3.921569E-03	 0	
  .0000087	 3.921569E-03	 0	
  .0000088	 3.921569E-03	 0	
  .0000089	 1.176471E-02	 0	
  .000009	 3.921569E-03	 0	
  .0000091	 1.960784E-02	 0	
  .0000092	 1.176471E-02	 0	
  .0000093	 3.921569E-03	 0	
  .0000094	-3.921569E-03	 0	
  .0000095	 3.921569E-03	 0	
  .0000096	 1.960784E-02	 0	
  .0000097	 1.176471E-02	 0	
  .0000098	 1.960784E-02	 0	
  .0000099	 1.176471E-02	 0	
  .00001	 1.960784E-02	 0	
  .0000101	 1.176471E-02	 0	
  .0000102	 1.176471E-02	 0	
  .0000103	 1.176471E-02	 0	
  .0000104	 1.960784E-02	 0	
  .0000105	 1.960784E-02	 0	
  .0000106	 1.176471E-02	 0	
  .0000107	 1.176471E-02	 0	
  .0000108	 1.176471E-02	 0	
  .0000109	 1.960784E-02	 0	
  .000011	 1.176471E-02	 0	
  .0000111	 1.960784E-02	 0	
  .0000112	 1.960784E-02	 0	
  .0000113	 3.921569E-03	 0	
  .0000114	 3.921569E-03	 0	
  .0000115	 1.176471E-02	 0	
  .0000116	 1.176471E-02	 0	
  .0000117	 3.921569E-03	 0	
  .0000118	 1.176471E-02	 0	
  .0000119	 1.176471E-02	 0	
  .000012	 3.921569E-03	 0	
  .0000121	 3.921569E-03	 0	
  .0000122	 3.921569E-03	 0	
  .0000123	 1.176471E-02	 0	
  .0000124	 3.921569E-03	 0	
  .0000125	 1.960784E-02	 0	
  .0000126	 1.176471E-02	 0	
  .0000127	 1.176471E-02	 0	
  .0000128	 1.176471E-02	 0	
  .0000129	 3.921569E-03	 0	
  .000013	 1.960784E-02	 0	
  .0000131	 1.176471E-02	 0	
  .0000132	 1.176471E-02	 0	
  .0000133	 1.176471E-02	 0	
  .0000134	 1.176471E-02	 0	
  .0000135	 1.176471E-02	 0	
  .0000136	 1.176471E-02	 0	
  .0000137	 1.176471E-02	 0	
  .0000138	 3.921569E-03	 0	
  .0000139	 1.176471E-02	 0	
  .000014	 3.921569E-03	 0	
  .0000141	 1.176471E-02	 0	
  .0000142	 1.176471E-02	 0	
  .0000143	 1.176471E-02	 0	
  .0000144	 3.921569E-03	 0	
  .0000145	 1.176471E-02	 0	
  .0000146	 3.921569E-03	 0	
  .0000147	 1.960784E-02	 0	
  .0000148	 1.176471E-02	 0	
  .0000149	 1.176471E-02	 0	
  .000015	 3.921569E-03	 0	
  .0000151	 1.176471E-02	 0	
  .0000152	 1.176471E-02	 0	
  .0000153	 1.176471E-02	 0	
  .0000154	 1.960784E-02	 0	
  .0000155	 1.176471E-02	 0	
  .0000156	 3.921569E-03	 0	
  .0000157	 1.176471E-02	 0	
  .0000158	 3.921569E-03	 0	
  .0000159	 1.176471E-02	 0	
  .000016	 3.921569E-03	 0	
  .0000161	 3.921569E-03	 0	
  .0000162	 3.921569E-03	 0	
  .0000163	 1.176471E-02	 0	
  .0000164	 1.176471E-02	 0	
  .0000165	 3.921569E-03	 0	
  .0000166	 1.176471E-02	 0	
  .0000167	 3.921569E-03	 0	
  .0000168	 3.921569E-03	 0	
  .0000169	 3.921569E-03	 0	
  .000017	 1.176471E-02	 0	
  .0000171	 1.176471E-02	 0	
  .0000172	 1.176471E-02	 0	
  .0000173	 3.921569E-03	 0	
  .0000174	 3.921569E-03	 0	
  .0000175	 3.921569E-03	 0	
  .0000176	 3.921569E-03	 0	
  .0000177	 3.921569E-03	 0	
  .0000178	 3.921569E-03	 0	
  .0000179	 3.921569E-03	 0	
  .000018	 1.176471E-02	 0	
  .0000181	 1.176471E-02	 0	
  .0000182	-3.921569E-03	 0	
  .0000183	 1.176471E-02	 0	
  .0000184	 1.176471E-02	 0	
  .0000185	 3.921569E-03	 0	
  .0000186	 3.921569E-03	 0	
  .0000187	 3.921569E-03	 0	
  .0000188	 3.921569E-03	 0	
  .0000189	-3.921569E-03	 0	
  .000019	 1.176471E-02	 0	
  .0000191	 1.176471E-02	 0	
  .0000192	 1.176471E-02	 0	
  .0000193	 3.921569E-03	 0	
  .0000194	 3.921569E-03	 0	
  .0000195	 1.176471E-02	 0	
  .0000196	 3.921569E-03	 0	
  .0000197	 1.176471E-02	 0	
  .0000198	 1.960784E-02	 0	
  .0000199	 3.921569E-03	 0	
  .00002	 1.176471E-02	 0	
  .0000201	 3.921569E-03	 0	
  .0000202	 3.921569E-03	 0	
  .0000203	 1.176471E-02	 0	
  .0000204	 1.176471E-02	 0	
  .0000205	 1.960784E-02	 0	
  .0000206	 3.921569E-03	 0	
  .0000207	 1.176471E-02	 0	
  .0000208	 1.176471E-02	 0	
  .0000209	 1.176471E-02	 0	
  .000021	 1.960784E-02	 0	
  .0000211	 1.960784E-02	 0	
  .0000212	 3.921569E-03	 0	
  .0000213	 3.921569E-03	 0	
  .0000214	 1.176471E-02	 0	
  .0000215	 1.176471E-02	 0	
  .0000216	 1.176471E-02	 0	
  .0000217	 3.921569E-03	 0	
  .0000218	 3.921569E-03	 0	
  .0000219	 3.921569E-03	 0	
  .000022	 3.921569E-03	 0	
  .0000221	 1.176471E-02	 0	
  .0000222	 1.176471E-02	 0	
  .0000223	-3.921569E-03	 0	
  .0000224	 1.960784E-02	 0	
  .0000225	 1.176471E-02	 0	
  .0000226	 3.921569E-03	 0	
  .0000227	 1.176471E-02	 0	
  .0000228	 3.921569E-03	 0	
  .0000229	 1.960784E-02	 0	
  .000023	 1.176471E-02	 0	
  .0000231	 1.960784E-02	 0	
  .0000232	 1.176471E-02	 0	
  .0000233	 3.921569E-03	 0	
  .0000234	 3.921569E-03	 0	
  .0000235	 1.176471E-02	 0	
  .0000236	 1.960784E-02	 0	
  .0000237	 1.176471E-02	 0	
  .0000238	 1.176471E-02	 0	
  .0000239	 3.921569E-03	 0	
  .000024	 3.921569E-03	 0	
  .0000241	 1.960784E-02	 0	
  .0000242	 1.176471E-02	 0	
  .0000243	 1.176471E-02	 0	
  .0000244	 3.921569E-03	 0	
  .0000245	 3.921569E-03	 0	
  .0000246	 1.960784E-02	 0	
  .0000247	 1.176471E-02	 0	
  .0000248	-3.921569E-03	 0	
  .0000249	 3.921569E-03	 0	
  .000025	 1.176471E-02	 0	
  .0000251	 1.960784E-02	 0	
  .0000252	 1.176471E-02	 0	
  .0000253	 1.960784E-02	 0	
  .0000254	 1.176471E-02	 0	
  .0000255	 3.921569E-03	 0	
  .0000256	 3.921569E-03	 0	
  .0000257	 1.176471E-02	 0	
  .0000258	 1.176471E-02	 0	
  .0000259	 1.176471E-02	 0	
  .000026	 1.176471E-02	 0	
  .0000261	 3.921569E-03	 0	
  .0000262	 1.176471E-02	 0	
  .0000263	 3.921569E-03	 0	
  .0000264	 3.921569E-03	 0	
  .0000265	 1.176471E-02	 0	
  .0000266	 3.921569E-03	 0	
  .0000267	 3.921569E-03	 0	
  .0000268	 3.921569E-03	 0	
  .0000269	 3.921569E-03	 0	
  .000027	 1.176471E-02	 0	
  .0000271	 3.921569E-03	 0	
  .0000272	 3.921569E-03	 0	
  .0000273	 3.921569E-03	 0	
  .0000274	 3.921569E-03	 0	
  .0000275	 3.921569E-03	 0	
  .0000276	 1.176471E-02	 0	
  .0000277	 3.921569E-03	 0	
  .0000278	 1.176471E-02	 0	
  .0000279	 1.176471E-02	 0	
  .000028	 3.921569E-03	 0	
  .0000281	 3.921569E-03	 0	
  .0000282	 1.176471E-02	 0	
  .0000283	 3.921569E-03	 0	
  .0000284	 3.921569E-03	 0	
  .0000285	-3.921569E-03	 0	
  .0000286	 3.921569E-03	 0	
  .0000287	 1.176471E-02	 0	
  .0000288	 3.921569E-03	 0	
  .0000289	 1.176471E-02	 0	
  .000029	 1.176471E-02	 0	
  .0000291	 3.921569E-03	 0	
  .0000292	 3.921569E-03	 0	
  .0000293	 3.921569E-03	 0	
  .0000294	 1.176471E-02	 0	
  .0000295	 3.921569E-03	 0	
  .0000296	 1.176471E-02	 0	
  .0000297	 1.960784E-02	 0	
  .0000298	 1.176471E-02	 0	
  .0000299	 1.176471E-02	 0	
  .00003	 1.176471E-02	 0	
  .0000301	 3.921569E-03	 0	
  .0000302	 1.176471E-02	 0	
  .0000303	 1.176471E-02	 0	
  .0000304	 3.921569E-03	 0	
  .0000305	 1.176471E-02	 0	
  .0000306	 1.176471E-02	 0	
  .0000307	 3.921569E-03	 0	
  .0000308	 1.176471E-02	 0	
  .0000309	 1.960784E-02	 0	
  .000031	 1.176471E-02	 0	
  .0000311	 3.921569E-03	 0	
  .0000312	 3.921569E-03	 0	
  .0000313	 1.176471E-02	 0	
  .0000314	 1.176471E-02	 0	
  .0000315	 3.921569E-03	 0	
  .0000316	 3.921569E-03	 0	
  .0000317	 3.921569E-03	 0	
  .0000318	 3.921569E-03	 0	
  .0000319	 3.921569E-03	 0	
  .000032	 3.921569E-03	 0	
  .0000321	 1.176471E-02	 0	
  .0000322	 3.921569E-03	 0	
  .0000323	 1.960784E-02	 0	
  .0000324	 1.176471E-02	 0	
  .0000325	 1.176471E-02	 0	
  .0000326	 1.176471E-02	 0	
  .0000327	 1.176471E-02	 0	
  .0000328	 1.176471E-02	 0	
  .0000329	 1.176471E-02	 0	
  .000033	 3.921569E-03	 0	
  .0000331	 3.921569E-03	 0	
  .0000332	 3.921569E-03	 0	
  .0000333	 3.921569E-03	 0	
  .0000334	 3.921569E-03	 0	
  .0000335	 1.176471E-02	 0	
  .0000336	 1.176471E-02	 0	
  .0000337	 1.176471E-02	 0	
  .0000338	 1.176471E-02	 0	
  .0000339	 1.176471E-02	 0	
  .000034	 3.921569E-03	 0	
  .0000341	 1.176471E-02	 0	
  .0000342	 1.176471E-02	 0	
  .0000343	 3.921569E-03	 0	
  .0000344	 3.921569E-03	 0	
  .0000345	 1.176471E-02	 0	
  .0000346	 1.176471E-02	 0	
  .0000347	 3.921569E-03	 0	
  .0000348	 3.921569E-03	 0	
  .0000349	 1.176471E-02	 0	
  .000035	 1.176471E-02	 0	
  .0000351	 3.921569E-03	 0	
  .0000352	 1.176471E-02	 0	
  .0000353	 1.176471E-02	 0	
  .0000354	 1.176471E-02	 0	
  .0000355	 3.921569E-03	 0	
  .0000356	 1.176471E-02	 0	
  .0000357	 3.921569E-03	 0	
  .0000358	 3.921569E-03	 0	
  .0000359	 3.921569E-03	 0	
  .000036	 1.176471E-02	 0	
  .0000361	-3.921569E-03	 0	
  .0000362	 1.960784E-02	 0	
  .0000363	 1.176471E-02	 0	
  .0000364	 1.176471E-02	 0	
  .0000365	 1.176471E-02	 0	
  .0000366	 3.921569E-03	 0	
  .0000367	 3.921569E-03	 0	
  .0000368	 1.176471E-02	 0	
  .0000369	 3.921569E-03	 0	
  .000037	 3.921569E-03	 0	
  .0000371	 1.176471E-02	 0	
  .0000372	 1.176471E-02	 0	
  .0000373	-3.921569E-03	 0	
  .0000374	-3.921569E-03	 0	
  .0000375	 1.176471E-02	 0	
  .0000376	 1.176471E-02	 0	
  .0000377	 1.176471E-02	 0	
  .0000378	 3.921569E-03	 0	
  .0000379	-3.921569E-03	 0	
  .000038	 1.176471E-02	 0	
  .0000381	 1.176471E-02	 0	
  .0000382	 1.176471E-02	 0	
  .0000383	 3.921569E-03	 0	
  .0000384	 3.921569E-03	 0	
  .0000385	 3.921569E-03	 0	
  .0000386	 1.176471E-02	 0	
  .0000387	 1.176471E-02	 0	
  .0000388	 1.176471E-02	 0	
  .0000389	 1.960784E-02	 0	
  .000039	 1.176471E-02	 0	
  .0000391	 3.921569E-03	 0	
  .0000392	 3.921569E-03	 0	
  .0000393	 1.960784E-02	 0	
  .0000394	 1.960784E-02	 0	
  .0000395	 1.176471E-02	 0	
  .0000396	 3.921569E-03	 0	
  .0000397	 1.960784E-02	 0	
  .0000398	 1.176471E-02	 0	
  .0000399	 3.921569E-03	 0	
  .00004	 1.176471E-02	 0	
  .0000401	 1.176471E-02	 0	
  .0000402	 1.960784E-02	 0	
  .0000403	 3.921569E-03	 0	
  .0000404	 1.176471E-02	 0	
  .0000405	 3.921569E-03	 0	
  .0000406	 1.176471E-02	 0	
  .0000407	 1.176471E-02	 0	
  .0000408	 1.960784E-02	 0	
  .0000409	 1.176471E-02	 0	
  .000041	 3.921569E-03	 0	
  .0000411	 1.176471E-02	 0	
  .0000412	 1.176471E-02	 0	
  .0000413	 1.960784E-02	 0	
  .0000414	 3.921569E-03	 0	
  .0000415	 1.176471E-02	 0	
  .0000416	 1.176471E-02	 0	
  .0000417	 3.921569E-03	 0	
  .0000418	 1.176471E-02	 0	
  .0000419	 3.921569E-03	 0	
  .000042	 1.176471E-02	 0	
  .0000421	 1.176471E-02	 0	
  .0000422	 1.176471E-02	 0	
  .0000423	 1.176471E-02	 0	
  .0000424	 3.921569E-03	 0	
  .0000425	 1.176471E-02	 0	
  .0000426	 3.921569E-03	 0	
  .0000427	 1.960784E-02	 0	
  .0000428	 1.176471E-02	 0	
  .0000429	 1.176471E-02	 0	
  .000043	 1.176471E-02	 0	
  .0000431	 3.921569E-03	 0	
  .0000432	 1.960784E-02	 0	
  .0000433	 3.921569E-03	 0	
  .0000434	 3.921569E-03	 0	
  .0000435	 3.921569E-03	 0	
  .0000436	 3.921569E-03	 0	
  .0000437	 1.176471E-02	 0	
  .0000438	 1.176471E-02	 0	
  .0000439	 1.176471E-02	 0	
  .000044	 1.176471E-02	 0	
  .0000441	 3.921569E-03	 0	
  .0000442	 1.176471E-02	 0	
  .0000443	 3.921569E-03	 0	
  .0000444	 1.176471E-02	 0	
  .0000445	 3.921569E-03	 0	
  .0000446	 1.176471E-02	 0	
  .0000447	 1.176471E-02	 0	
  .0000448	 1.176471E-02	 0	
  .0000449	 1.960784E-02	 0	
  .000045	 1.960784E-02	 0	
  .0000451	 3.921569E-03	 0	
  .0000452	 1.960784E-02	 0	
  .0000453	 3.921569E-03	 0	
  .0000454	 1.176471E-02	 0	
  .0000455	 1.176471E-02	 0	
  .0000456	 1.176471E-02	 0	
  .0000457	 1.176471E-02	 0	
  .0000458	 3.921569E-03	 0	
  .0000459	 1.176471E-02	 0	
  .000046	 1.176471E-02	 0	
  .0000461	 3.921569E-03	 0	
  .0000462	 1.176471E-02	 0	
  .0000463	 1.176471E-02	 0	
  .0000464	 3.921569E-03	 0	
  .0000465	 3.921569E-03	 0	
  .0000466	 3.921569E-03	 0	
  .0000467	 1.176471E-02	 0	
  .0000468	 3.921569E-03	 0	
  .0000469	 1.176471E-02	 0	
  .000047	 1.176471E-02	 0	
  .0000471	 3.921569E-03	 0	
  .0000472	 1.176471E-02	 0	
  .0000473	 1.176471E-02	 0	
  .0000474	 1.176471E-02	 0	
  .0000475	 3.921569E-03	 0	
  .0000476	 1.176471E-02	 0	
  .0000477	 3.921569E-03	 0	
  .0000478	 3.921569E-03	 0	
  .0000479	 3.921569E-03	 0	
  .000048	 1.176471E-02	 0	
  .0000481	 1.176471E-02	 0	
  .0000482	 3.921569E-03	 0	
  .0000483	 3.921569E-03	 0	
  .0000484	 3.921569E-03	 0	
  .0000485	 3.921569E-03	 0	
  .0000486	 1.176471E-02	 0	
  .0000487	 1.176471E-02	 0	
  .0000488	 1.176471E-02	 0	
  .0000489	 3.921569E-03	 0	
  .000049	 3.921569E-03	 0	
  .0000491	 1.176471E-02	 0	
  .0000492	 1.176471E-02	 0	
  .0000493	 1.960784E-02	 0	
  .0000494	 1.960784E-02	 0	
  .0000495	 1.176471E-02	 0	
  .0000496	 1.176471E-02	 0	
  .0000497	 3.921569E-03	 0	
  .0000498	 1.960784E-02	 0	
  .0000499	 1.176471E-02	 0	
  .00005	 1.176471E-02	 0	
  .0000501	 1.176471E-02	 0	
  .0000502	 1.176471E-02	 0	
  .0000503	 1.960784E-02	 0	
  .0000504	 1.176471E-02	 0	
  .0000505	 1.176471E-02	 0	
  .0000506	 1.176471E-02	 0	
  .0000507	 1.960784E-02	 0	
  .0000508	 1.960784E-02	 0	
  .0000509	 3.921569E-03	 0	
  .000051	 1.176471E-02	 0	
  .0000511	 1.176471E-02	 0	
  .0000512	 1.960784E-02	 0	
  .0000513	 3.921569E-03	 0	
  .0000514	 1.176471E-02	 0	
  .0000515	 3.921569E-03	 0	
  .0000516	-3.921569E-03	 0	
  .0000517	 3.921569E-03	 0	
  .0000518	 3.921569E-03	 0	
  .0000519	 1.176471E-02	 0	
  .000052	 3.921569E-03	 0	
  .0000521	 1.176471E-02	 0	
  .0000522	 1.176471E-02	 0	
  .0000523	 1.176471E-02	 0	
  .0000524	 1.176471E-02	 0	
  .0000525	 1.176471E-02	 0	
  .0000526	 1.176471E-02	 0	
  .0000527	 1.176471E-02	 0	
  .0000528	 1.176471E-02	 0	
  .0000529	 3.921569E-03	 0	
  .000053	 3.921569E-03	 0	
  .0000531	 1.176471E-02	 0	
  .0000532	 1.176471E-02	 0	
  .0000533	 1.176471E-02	 0	
  .0000534	 3.921569E-03	 0	
  .0000535	 1.176471E-02	 0	
  .0000536	 3.921569E-03	 0	
  .0000537	 1.176471E-02	 0	
  .0000538	 1.960784E-02	 0	
  .0000539	 3.921569E-03	 0	
  .000054	 3.921569E-03	 0	
  .0000541	 3.921569E-03	 0	
  .0000542	 1.176471E-02	 0	
  .0000543	 1.176471E-02	 0	
  .0000544	 1.176471E-02	 0	
  .0000545	 1.176471E-02	 0	
  .0000546	 3.921569E-03	 0	
  .0000547	 3.921569E-03	 0	
  .0000548	 1.176471E-02	 0	
  .0000549	 1.176471E-02	 0	
  .000055	 1.176471E-02	 0	
  .0000551	 1.176471E-02	 0	
  .0000552	 3.921569E-03	 0	
  .0000553	 1.960784E-02	 0	
  .0000554	 1.176471E-02	 0	
  .0000555	 1.176471E-02	 0	
  .0000556	 3.921569E-03	 0	
  .0000557	 3.921569E-03	 0	
  .0000558	 3.921569E-03	 0	
  .0000559	 1.176471E-02	 0	
  .000056	 1.176471E-02	 0	
  .0000561	 1.176471E-02	 0	
  .0000562	 3.921569E-03	 0	
  .0000563	 1.176471E-02	 0	
  .0000564	 3.921569E-03	 0	
  .0000565	 3.921569E-03	 0	
  .0000566	 1.176471E-02	 0	
  .0000567	 1.176471E-02	 0	
  .0000568	 3.921569E-03	 0	
  .0000569	 3.921569E-03	 0	
  .000057	 3.921569E-03	 0	
  .0000571	 3.921569E-03	 0	
  .0000572	 3.921569E-03	 0	
  .0000573	 1.176471E-02	 0	
  .0000574	 1.176471E-02	 0	
  .0000575	 3.921569E-03	 0	
  .0000576	 3.921569E-03	 0	
  .0000577	 3.921569E-03	 0	
  .0000578	 1.176471E-02	 0	
  .0000579	 3.921569E-03	 0	
  .000058	 1.960784E-02	 0	
  .0000581	 3.921569E-03	 0	
  .0000582	 3.921569E-03	 0	
  .0000583	 3.921569E-03	 0	
  .0000584	 3.921569E-03	 0	
  .0000585	 1.960784E-02	 0	
  .0000586	 1.176471E-02	 0	
  .0000587	 1.176471E-02	 0	
  .0000588	 1.176471E-02	 0	
  .0000589	 1.176471E-02	 0	
  .000059	 1.176471E-02	 0	
  .0000591	 1.960784E-02	 0	
  .0000592	 1.176471E-02	 0	
  .0000593	 1.176471E-02	 0	
  .0000594	 1.176471E-02	 0	
  .0000595	 1.176471E-02	 0	
  .0000596	 1.176471E-02	 0	
  .0000597	 3.921569E-03	 0	
  .0000598	 3.921569E-03	 0	
  .0000599	 1.960784E-02	 0	
  .00006	 1.176471E-02	 0	
  .0000601	 1.176471E-02	 0	
  .0000602	 1.960784E-02	 0	
  .0000603	 1.176471E-02	 0	
  .0000604	 3.921569E-03	 0	
  .0000605	 3.921569E-03	 0	
  .0000606	 1.176471E-02	 0	
  .0000607	 1.960784E-02	 0	
  .0000608	 3.921569E-03	 0	
  .0000609	 3.921569E-03	 0	
  .000061	 1.176471E-02	 0	
  .0000611	 1.176471E-02	 0	
  .0000612	 3.921569E-03	 0	
  .0000613	 3.921569E-03	 0	
  .0000614	 1.176471E-02	 0	
  .0000615	-3.921569E-03	 0	
  .0000616	 3.921569E-03	 0	
  .0000617	 1.176471E-02	 0	
  .0000618	 1.176471E-02	 0	
  .0000619	 1.960784E-02	 0	
  .000062	 1.960784E-02	 0	
  .0000621	 1.176471E-02	 0	
  .0000622	 1.176471E-02	 0	
  .0000623	 1.176471E-02	 0	
  .0000624	 3.921569E-03	 0	
  .0000625	 1.176471E-02	 0	
  .0000626	 1.176471E-02	 0	
  .0000627	 3.921569E-03	 0	
  .0000628	 1.176471E-02	 0	
  .0000629	 3.921569E-03	 0	
  .000063	 1.176471E-02	 0	
  .0000631	 1.176471E-02	 0	
  .0000632	 1.176471E-02	 0	
  .0000633	 3.921569E-03	 0	
  .0000634	 1.176471E-02	 0	
  .0000635	 3.921569E-03	 0	
  .0000636	 1.176471E-02	 0	
  .0000637	 3.921569E-03	 0	
  .0000638	 1.176471E-02	 0	
  .0000639	 1.176471E-02	 0	
  .000064	 3.921569E-03	 0	
  .0000641	 3.921569E-03	 0	
  .0000642	 1.960784E-02	 0	
  .0000643	 1.176471E-02	 0	
  .0000644	 1.176471E-02	 0	
  .0000645	 3.921569E-03	 0	
  .0000646	 1.176471E-02	 0	
  .0000647	 1.960784E-02	 0	
  .0000648	 3.921569E-03	 0	
  .0000649	 1.176471E-02	 0	
  .000065	 1.176471E-02	 0	
  .0000651	 1.176471E-02	 0	
  .0000652	 3.921569E-03	 0	
  .0000653	 1.960784E-02	 0	
  .0000654	-.4196078	 0	
  .0000655	 .8431373	 0	
  .0000656	 1	 0	
  .0000657	 .8823529	 0	
  .0000658	 .9529412	 0	
  .0000659	 .9137255	 0	
  .000066	 .9215686	 0	
  .0000661	 .9137255	 0	
  .0000662	 .9137255	 0	
  .0000663	 .9215686	 0	
  .0000664	 .9137255	 0	
  .0000665	 .9058824	 0	
  .0000666	 .8980392	 0	
  .0000667	 .8901961	 0	
  .0000668	 .8745098	 0	
  .0000669	 .8745098	 0	
  .000067	 .8745098	 0	
  .0000671	 .8666667	 0	
  .0000672	 .8666667	 0	
  .0000673	 .8588235	 0	
  .0000674	 .8509804	 0	
  .0000675	 .8431373	 0	
  .0000676	 .8431373	 0	
  .0000677	 .8352941	 0	
  .0000678	 .8431373	 0	
  .0000679	 .827451	 0	
  .000068	 .8117647	 0	
  .0000681	 .8117647	 0	
  .0000682	 .8039216	 0	
  .0000683	 .7882353	 0	
  .0000684	 .7960784	 0	
  .0000685	 .7882353	 0	
  .0000686	 .7803922	 0	
  .0000687	 .772549	 0	
  .0000688	 .7803922	 0	
  .0000689	 .7568628	 0	
  .000069	 .7647059	 0	
  .0000691	 .7568628	 0	
  .0000692	 .7490196	 0	
  .0000693	 .7411765	 0	
  .0000694	 .7411765	 0	
  .0000695	 .7254902	 0	
  .0000696	 .7254902	 0	
  .0000697	 .7176471	 0	
  .0000698	 .7176471	 0	
  .0000699	 .7019608	 0	
  .00007	 .7019608	 0	
  .0000701	 .6862745	 0	
  .0000702	 .6862745	 0	
  .0000703	 .6862745	 0	
  .0000704	 .6784314	 0	
  .0000705	 .6784314	 0	
  .0000706	 .6705883	 0	
  .0000707	 .654902	 0	
  .0000708	 .6470588	 0	
  .0000709	 .6470588	 0	
  .000071	 .6392157	 0	
  .0000711	 .6235294	 0	
  .0000712	 .6235294	 0	
  .0000713	 .6156863	 0	
  .0000714	 .6078432	 0	
  .0000715	 .6	 0	
  .0000716	 .5921569	 0	
  .0000717	 .5843138	 0	
  .0000718	 .6	 0	
  .0000719	 .5843138	 0	
  .000072	 .5686275	 0	
  .0000721	 .5607843	 0	
  .0000722	 .5529412	 0	
  .0000723	 .5450981	 0	
  .0000724	 .5450981	 0	
  .0000725	 .5372549	 0	
  .0000726	 .5372549	 0	
  .0000727	 .5137255	 0	
  .0000728	 .5137255	 0	
  .0000729	 .5137255	 0	
  .000073	 .4980392	 0	
  .0000731	 .4823529	 0	
  .0000732	 .4745098	 0	
  .0000733	 .4666667	 0	
  .0000734	 .4588235	 0	
  .0000735	 .4588235	 0	
  .0000736	 .4509804	 0	
  .0000737	 .4431373	 0	
  .0000738	 .4196078	 0	
  .0000739	 .427451	 0	
  .000074	 .4039216	 0	
  .0000741	 .4196078	 0	
  .0000742	 .3882353	 0	
  .0000743	 .3882353	 0	
  .0000744	 .372549	 0	
  .0000745	 .3647059	 0	
  .0000746	 .3647059	 0	
  .0000747	 .3490196	 0	
  .0000748	 .3411765	 0	
  .0000749	 .3254902	 0	
  .000075	 .3098039	 0	
  .0000751	 .2941177	 0	
  .0000752	 .2941177	 0	
  .0000753	 .2862745	 0	
  .0000754	 .2705882	 0	
  .0000755	 .254902	 0	
  .0000756	 .2470588	 0	
  .0000757	 .2392157	 0	
  .0000758	 .2392157	 0	
  .0000759	 .2235294	 0	
  .000076	 .2156863	 0	
  .0000761	 .2078431	 0	
  .0000762	 .1843137	 0	
  .0000763	 .1764706	 0	
  .0000764	 .1686275	 0	
  .0000765	 .1607843	 0	
  .0000766	 .145098	 0	
  .0000767	 .145098	 0	
  .0000768	 .1372549	 0	
  .0000769	 .1137255	 0	
  .000077	 .1137255	 0	
  .0000771	 .1058824	 0	
  .0000772	 9.019608E-02	 0	
  .0000773	 8.235294E-02	 0	
  .0000774	 8.235294E-02	 0	
  .0000775	 5.882353E-02	 0	
  .0000776	 4.313726E-02	 0	
  .0000777	 4.313726E-02	 0	
  .0000778	 2.745098E-02	 0	
  .0000779	 1.960784E-02	 0	
  .000078	 3.921569E-03	 0	
  .0000781	 3.921569E-03	 0	
  .0000782	-3.921569E-03	 0	
  .0000783	-1.176471E-02	 0	
  .0000784	-2.745098E-02	 0	
  .0000785	-2.745098E-02	 0	
  .0000786	-4.313726E-02	 0	
  .0000787	-4.313726E-02	 0	
  .0000788	-5.098039E-02	 0	
  .0000789	-5.882353E-02	 0	
  .000079	-7.450981E-02	 0	
  .0000791	-8.235294E-02	 0	
  .0000792	-9.019608E-02	 0	
  .0000793	-9.803922E-02	 0	
  .0000794	-.1058824	 0	
  .0000795	-.1137255	 0	
  .0000796	-.1215686	 0	
  .0000797	-.1215686	 0	
  .0000798	-.1372549	 0	
  .0000799	-.1529412	 0	
  .00008	-.145098	 0	
  .0000801	-.1607843	 0	
  .0000802	-.1686275	 0	
  .0000803	-.1686275	 0	
  .0000804	-.1843137	 0	
  .0000805	-.1843137	 0	
  .0000806	-.1921569	 0	
  .0000807	-.2078431	 0	
  .0000808	-.2078431	 0	
  .0000809	-.2156863	 0	
  .000081	-.2235294	 0	
  .0000811	-.2313726	 0	
  .0000812	-.2392157	 0	
  .0000813	-.2392157	 0	
  .0000814	-.2470588	 0	
  .0000815	-.254902	 0	
  .0000816	-.2627451	 0	
  .0000817	-.2705882	 0	
  .0000818	-.2705882	 0	
  .0000819	-.2862745	 0	
  .000082	-.2862745	 0	
  .0000821	-.3098039	 0	
  .0000822	-.3098039	 0	
  .0000823	-.3098039	 0	
  .0000824	-.3254902	 0	
  .0000825	-.3333333	 0	
  .0000826	-.3411765	 0	
  .0000827	-.3411765	 0	
  .0000828	-.3411765	 0	
  .0000829	-.3568628	 0	
  .000083	-.3568628	 0	
  .0000831	-.3647059	 0	
  .0000832	-.372549	 0	
  .0000833	-.3882353	 0	
  .0000834	-.3882353	 0	
  .0000835	-.3960784	 0	
  .0000836	-.3882353	 0	
  .0000837	-.4039216	 0	
  .0000838	-.4039216	 0	
  .0000839	-.4196078	 0	
  .000084	-.4196078	 0	
  .0000841	-.4196078	 0	
  .0000842	-.4352941	 0	
  .0000843	-.4352941	 0	
  .0000844	-.4509804	 0	
  .0000845	-.4431373	 0	
  .0000846	-.4588235	 0	
  .0000847	-.4588235	 0	
  .0000848	-.4745098	 0	
  .0000849	-.4823529	 0	
  .000085	-.4901961	 0	
  .0000851	-.4823529	 0	
  .0000852	-.4823529	 0	
  .0000853	-.4980392	 0	
  .0000854	-.5058824	 0	
  .0000855	-.4980392	 0	
  .0000856	-.5137255	 0	
  .0000857	-.5137255	 0	
  .0000858	-.5137255	 0	
  .0000859	-.5294118	 0	
  .000086	-.5215687	 0	
  .0000861	-.5294118	 0	
  .0000862	-.5372549	 0	
  .0000863	-.5294118	 0	
  .0000864	-.5372549	 0	
  .0000865	-.5450981	 0	
  .0000866	-.5529412	 0	
  .0000867	-.5607843	 0	
  .0000868	-.5529412	 0	
  .0000869	-.5607843	 0	
  .000087	-.5607843	 0	
  .0000871	-.5607843	 0	
  .0000872	-.5686275	 0	
  .0000873	-.5686275	 0	
  .0000874	-.5843138	 0	
  .0000875	-.5764706	 0	
  .0000876	-.5764706	 0	
  .0000877	-.5843138	 0	
  .0000878	-.5843138	 0	
  .0000879	-.5843138	 0	
  .000088	-.5921569	 0	
  .0000881	-.5921569	 0	
  .0000882	-.5921569	 0	
  .0000883	-.6	 0	
  .0000884	-.6	 0	
  .0000885	-.6078432	 0	
  .0000886	-.6078432	 0	
  .0000887	-.6078432	 0	
  .0000888	-.6	 0	
  .0000889	-.6	 0	
  .000089	-.6	 0	
  .0000891	-.6156863	 0	
  .0000892	-.6156863	 0	
  .0000893	-.6078432	 0	
  .0000894	-.6156863	 0	
  .0000895	-.6078432	 0	
  .0000896	-.6156863	 0	
  .0000897	-.6156863	 0	
  .0000898	-.6078432	 0	
  .0000899	-.6156863	 0	
  .00009	-.6235294	 0	
  .0000901	-.6078432	 0	
  .0000902	-.6156863	 0	
  .0000903	-.6156863	 0	
  .0000904	-.6078432	 0	
  .0000905	-.6156863	 0	
  .0000906	-.6078432	 0	
  .0000907	-.6156863	 0	
  .0000908	-.6235294	 0	
  .0000909	-.6235294	 0	
  .000091	-.6156863	 0	
  .0000911	-.6156863	 0	
  .0000912	-.6235294	 0	
  .0000913	-.6156863	 0	
  .0000914	-.6156863	 0	
  .0000915	-.6235294	 0	
  .0000916	-.6156863	 0	
  .0000917	-.6156863	 0	
  .0000918	-.6	 0	
  .0000919	-.6	 0	
  .000092	-.6078432	 0	
  .0000921	-.6078432	 0	
  .0000922	-.5843138	 0	
  .0000923	-.6	 0	
  .0000924	-.6	 0	
  .0000925	-.6	 0	
  .0000926	-.6	 0	
  .0000927	-.5921569	 0	
  .0000928	-.5921569	 0	
  .0000929	-.6	 0	
  .000093	-.5921569	 0	
  .0000931	-.5921569	 0	
  .0000932	-.6	 0	
  .0000933	-.5921569	 0	
  .0000934	-.6	 0	
  .0000935	-.5921569	 0	
  .0000936	-.5921569	 0	
  .0000937	-.5843138	 0	
  .0000938	-.5843138	 0	
  .0000939	-.5921569	 0	
  .000094	-.5764706	 0	
  .0000941	-.5921569	 0	
  .0000942	-.5843138	 0	
  .0000943	-.5764706	 0	
  .0000944	-.5764706	 0	
  .0000945	-.5764706	 0	
  .0000946	-.5843138	 0	
  .0000947	-.5764706	 0	
  .0000948	-.5764706	 0	
  .0000949	-.5843138	 0	
  .000095	-.5607843	 0	
  .0000951	-.5686275	 0	
  .0000952	-.5607843	 0	
  .0000953	-.5607843	 0	
  .0000954	-.5607843	 0	
  .0000955	-.5450981	 0	
  .0000956	-.5450981	 0	
  .0000957	-.5450981	 0	
  .0000958	-.5450981	 0	
  .0000959	-.5450981	 0	
  .000096	-.5372549	 0	
  .0000961	-.5372549	 0	
  .0000962	-.5294118	 0	
  .0000963	-.5215687	 0	
  .0000964	-.5215687	 0	
  .0000965	-.5215687	 0	
  .0000966	-.5294118	 0	
  .0000967	-.5137255	 0	
  .0000968	-.5137255	 0	
  .0000969	-.5058824	 0	
  .000097	-.4980392	 0	
  .0000971	-.4980392	 0	
  .0000972	-.4745098	 0	
  .0000973	-.4745098	 0	
  .0000974	-.4666667	 0	
  .0000975	-.4666667	 0	
  .0000976	-.4509804	 0	
  .0000977	-.4431373	 0	
  .0000978	-.4588235	 0	
  .0000979	-.4431373	 0	
  .000098	-.4431373	 0	
  .0000981	-.4431373	 0	
  .0000982	-.4352941	 0	
  .0000983	-.427451	 0	
  .0000984	-.427451	 0	
  .0000985	-.427451	 0	
  .0000986	-.4196078	 0	
  .0000987	-.4039216	 0	
  .0000988	-.4039216	 0	
  .0000989	-.4039216	 0	
  .000099	-.4117647	 0	
  .0000991	-.4039216	 0	
  .0000992	-.3882353	 0	
  .0000993	-.3803922	 0	
  .0000994	-.3803922	 0	
  .0000995	-.372549	 0	
  .0000996	-.372549	 0	
  .0000997	-.372549	 0	
  .0000998	-.3568628	 0	
  .0000999	-.3568628	 0	
  .0001	-.3490196	 0	
  .0001001	-.3411765	 0	
  .0001002	-.3490196	 0	
  .0001003	-.3333333	 0	
  .0001004	-.3411765	 0	
  .0001005	-.3254902	 0	
  .0001006	-.3254902	 0	
  .0001007	-.3254902	 0	
  .0001008	-.3176471	 0	
  .0001009	-.3098039	 0	
  .000101	-.3019608	 0	
  .0001011	-.2941177	 0	
  .0001012	-.2784314	 0	
  .0001013	-.2862745	 0	
  .0001014	-.2784314	 0	
  .0001015	-.2705882	 0	
  .0001016	-.254902	 0	
  .0001017	-.2470588	 0	
  .0001018	-.254902	 0	
  .0001019	-.2470588	 0	
  .000102	-.2470588	 0	
  .0001021	-.2392157	 0	
  .0001022	-.2392157	 0	
  .0001023	-.2313726	 0	
  .0001024	-.2313726	 0	
  .0001025	-.2235294	 0	
  .0001026	-.2078431	 0	
  .0001027	-.2078431	 0	
  .0001028	-.2078431	 0	
  .0001029	-.2	 0	
  .000103	-.1843137	 0	
  .0001031	-.1843137	 0	
  .0001032	-.1764706	 0	
  .0001033	-.1764706	 0	
  .0001034	-.1686275	 0	
  .0001035	-.1607843	 0	
  .0001036	-.1529412	 0	
  .0001037	-.145098	 0	
  .0001038	-.145098	 0	
  .0001039	-.1372549	 0	
  .000104	-.1215686	 0	
  .0001041	-.1294118	 0	
  .0001042	-.1294118	 0	
  .0001043	-.1137255	 0	
  .0001044	-.1058824	 0	
  .0001045	-9.803922E-02	 0	
  .0001046	-9.803922E-02	 0	
  .0001047	-9.019608E-02	 0	
  .0001048	-9.019608E-02	 0	
  .0001049	-7.450981E-02	 0	
  .000105	-6.666667E-02	 0	
  .0001051	-6.666667E-02	 0	
  .0001052	-5.882353E-02	 0	
  .0001053	-5.882353E-02	 0	
  .0001054	-4.313726E-02	 0	
  .0001055	-3.529412E-02	 0	
  .0001056	-4.313726E-02	 0	
  .0001057	-1.960784E-02	 0	
  .0001058	-2.745098E-02	 0	
  .0001059	-1.960784E-02	 0	
  .000106	-1.960784E-02	 0	
  .0001061	-3.921569E-03	 0	
  .0001062	 3.921569E-03	 0	
  .0001063	 3.921569E-03	 0	
  .0001064	 1.176471E-02	 0	
  .0001065	 1.960784E-02	 0	
  .0001066	 1.960784E-02	 0	
  .0001067	 2.745098E-02	 0	
  .0001068	 3.529412E-02	 0	
  .0001069	 4.313726E-02	 0	
  .000107	 5.098039E-02	 0	
  .0001071	 5.882353E-02	 0	
  .0001072	 5.882353E-02	 0	
  .0001073	 5.882353E-02	 0	
  .0001074	 7.450981E-02	 0	
  .0001075	 8.235294E-02	 0	
  .0001076	 8.235294E-02	 0	
  .0001077	 7.450981E-02	 0	
  .0001078	 9.803922E-02	 0	
  .0001079	 9.803922E-02	 0	
  .000108	 .1058824	 0	
  .0001081	 .1137255	 0	
  .0001082	 .1137255	 0	
  .0001083	 .1294118	 0	
  .0001084	 .1215686	 0	
  .0001085	 .1294118	 0	
  .0001086	 .1372549	 0	
  .0001087	 .145098	 0	
  .0001088	 .145098	 0	
  .0001089	 .1529412	 0	
  .000109	 .1686275	 0	
  .0001091	 .1607843	 0	
  .0001092	 .1607843	 0	
  .0001093	 .1686275	 0	
  .0001094	 .1764706	 0	
  .0001095	 .1843137	 0	
  .0001096	 .1843137	 0	
  .0001097	 .1843137	 0	
  .0001098	 .1921569	 0	
  .0001099	 .2	 0	
  .00011	 .2078431	 0	
  .0001101	 .2078431	 0	
  .0001102	 .2156863	 0	
  .0001103	 .2156863	 0	
  .0001104	 .2156863	 0	
  .0001105	 .2235294	 0	
  .0001106	 .2313726	 0	
  .0001107	 .2235294	 0	
  .0001108	 .2313726	 0	
  .0001109	 .2392157	 0	
  .000111	 .2470588	 0	
  .0001111	 .2470588	 0	
  .0001112	 .2470588	 0	
  .0001113	 .2627451	 0	
  .0001114	 .2705882	 0	
  .0001115	 .2705882	 0	
  .0001116	 .2784314	 0	
  .0001117	 .2862745	 0	
  .0001118	 .2784314	 0	
  .0001119	 .2862745	 0	
  .000112	 .2862745	 0	
  .0001121	 .2941177	 0	
  .0001122	 .3019608	 0	
  .0001123	 .2941177	 0	
  .0001124	 .3019608	 0	
  .0001125	 .3098039	 0	
  .0001126	 .3176471	 0	
  .0001127	 .3176471	 0	
  .0001128	 .3176471	 0	
  .0001129	 .3254902	 0	
  .000113	 .3254902	 0	
  .0001131	 .3333333	 0	
  .0001132	 .3333333	 0	
  .0001133	 .3333333	 0	
  .0001134	 .3490196	 0	
  .0001135	 .3411765	 0	
  .0001136	 .3490196	 0	
  .0001137	 .3568628	 0	
  .0001138	 .3568628	 0	
  .0001139	 .3568628	 0	
  .000114	 .3568628	 0	
  .0001141	 .3568628	 0	
  .0001142	 .372549	 0	
  .0001143	 .3647059	 0	
  .0001144	 .372549	 0	
  .0001145	 .3803922	 0	
  .0001146	 .372549	 0	
  .0001147	 .3803922	 0	
  .0001148	 .3803922	 0	
  .0001149	 .3960784	 0	
  .000115	 .3882353	 0	
  .0001151	 .3803922	 0	
  .0001152	 .3960784	 0	
  .0001153	 .4039216	 0	
  .0001154	 .4117647	 0	
  .0001155	 .3960784	 0	
  .0001156	 .4039216	 0	
  .0001157	 .3960784	 0	
  .0001158	 .4039216	 0	
  .0001159	 .3960784	 0	
  .000116	 .4039216	 0	
  .0001161	 .427451	 0	
  .0001162	 .4039216	 0	
  .0001163	 .4117647	 0	
  .0001164	 .4431373	 0	
  .0001165	 .3960784	 0	
  .0001166	 .4039216	 0	
  .0001167	 .4117647	 0	
  .0001168	 .4117647	 0	
  .0001169	 .4117647	 0	
  .000117	 .4196078	 0	
  .0001171	 .4196078	 0	
  .0001172	 .4196078	 0	
  .0001173	 .427451	 0	
  .0001174	 .427451	 0	
  .0001175	 .427451	 0	
  .0001176	 .427451	 0	
  .0001177	 .4117647	 0	
  .0001178	 .427451	 0	
  .0001179	 .4196078	 0	
  .000118	 .427451	 0	
  .0001181	 .4431373	 0	
  .0001182	 .427451	 0	
  .0001183	 .4196078	 0	
  .0001184	 .4196078	 0	
  .0001185	 .427451	 0	
  .0001186	 .427451	 0	
  .0001187	 .4352941	 0	
  .0001188	 .4352941	 0	
  .0001189	 .4352941	 0	
  .000119	 .4196078	 0	
  .0001191	 .4196078	 0	
  .0001192	 .4117647	 0	
  .0001193	 .4666667	 0	
  .0001194	 .4117647	 0	
  .0001195	 .4352941	 0	
  .0001196	 .4196078	 0	
  .0001197	 .4352941	 0	
  .0001198	 .4196078	 0	
  .0001199	 .3960784	 0	
  .00012	 .4196078	 0	
  .0001201	 .4039216	 0	
  .0001202	 .4039216	 0	
  .0001203	 .4117647	 0	
  .0001204	 .4117647	 0	
  .0001205	 .4117647	 0	
  .0001206	 .3882353	 0	
  .0001207	 .3960784	 0	
  .0001208	 .3960784	 0	
  .0001209	 .3960784	 0	
  .000121	 .4039216	 0	
  .0001211	 .3960784	 0	
  .0001212	 .3960784	 0	
  .0001213	 .4117647	 0	
  .0001214	 .4039216	 0	
  .0001215	 .3882353	 0	
  .0001216	 .3882353	 0	
  .0001217	 .3882353	 0	
  .0001218	 .3882353	 0	
  .0001219	 .4039216	 0	
  .000122	 .3960784	 0	
  .0001221	 .3882353	 0	
  .0001222	 .3882353	 0	
  .0001223	 .3803922	 0	
  .0001224	 .3803922	 0	
  .0001225	 .3803922	 0	
  .0001226	 .3803922	 0	
  .0001227	 .3803922	 0	
  .0001228	 .3803922	 0	
  .0001229	 .3803922	 0	
  .000123	 .3803922	 0	
  .0001231	 .372549	 0	
  .0001232	 .3647059	 0	
  .0001233	 .372549	 0	
  .0001234	 .372549	 0	
  .0001235	 .3647059	 0	
  .0001236	 .3803922	 0	
  .0001237	 .3647059	 0	
  .0001238	 .3647059	 0	
  .0001239	 .3568628	 0	
  .000124	 .3568628	 0	
  .0001241	 .3647059	 0	
  .0001242	 .3568628	 0	
  .0001243	 .3647059	 0	
  .0001244	 .3490196	 0	
  .0001245	 .3647059	 0	
  .0001246	 .3568628	 0	
  .0001247	 .3568628	 0	
  .0001248	 .3411765	 0	
  .0001249	 .3411765	 0	
  .000125	 .3333333	 0	
  .0001251	 .3333333	 0	
  .0001252	 .3411765	 0	
  .0001253	 .3411765	 0	
  .0001254	 .3333333	 0	
  .0001255	 .3411765	 0	
  .0001256	 .3254902	 0	
  .0001257	 .3254902	 0	
  .0001258	 .3098039	 0	
  .0001259	 .3254902	 0	
  .000126	 .3098039	 0	
  .0001261	 .3176471	 0	
  .0001262	 .3254902	 0	
  .0001263	 .3176471	 0	
  .0001264	 .3019608	 0	
  .0001265	 .2941177	 0	
  .0001266	 .3019608	 0	
  .0001267	 .2941177	 0	
  .0001268	 .3019608	 0	
  .0001269	 .2941177	 0	
  .000127	 .2862745	 0	
  .0001271	 .2862745	 0	
  .0001272	 .2862745	 0	
  .0001273	 .2784314	 0	
  .0001274	 .2784314	 0	
  .0001275	 .2627451	 0	
  .0001276	 .2627451	 0	
  .0001277	 .2705882	 0	
  .0001278	 .2784314	 0	
  .0001279	 .2784314	 0	
  .000128	 .2784314	 0	
  .0001281	 .254902	 0	
  .0001282	 .254902	 0	
  .0001283	 .2470588	 0	
  .0001284	 .2470588	 0	
  .0001285	 .2470588	 0	
  .0001286	 .254902	 0	
  .0001287	 .2470588	 0	
  .0001288	 .2470588	 0	
  .0001289	 .2313726	 0	
  .000129	 .2313726	 0	
  .0001291	 .2313726	 0	
  .0001292	 .2235294	 0	
  .0001293	 .2235294	 0	
  .0001294	 .1686275	 0	
  .0001295	 .2235294	 0	
  .0001296	 .2	 0	
  .0001297	 .2156863	 0	
  .0001298	 .2156863	 0	
  .0001299	 .1921569	 0	
  .00013	 .2156863	 0	
  .0001301	 .1843137	 0	
  .0001302	 .1921569	 0	
  .0001303	 .2	 0	
  .0001304	 .1921569	 0	
  .0001305	 .1843137	 0	
  .0001306	 .1764706	 0	
  .0001307	 .1686275	 0	
  .0001308	 8.235294E-02	 0	
  .0001309	 .145098	 0	
  .000131	 .1372549	 0	
  .0001311	 .145098	 0	
  .0001312	 .1529412	 0	
  .0001313	 .1529412	 0	
  .0001314	 .145098	 0	
  .0001315	 .1372549	 0	
  .0001316	 .145098	 0	
  .0001317	 .1294118	 0	
  .0001318	 .145098	 0	
  .0001319	 .1294118	 0	
  .000132	 .1294118	 0	
  .0001321	 .1294118	 0	
  .0001322	 .1137255	 0	
  .0001323	 .1137255	 0	
  .0001324	 .1058824	 0	
  .0001325	 9.803922E-02	 0	
  .0001326	 .1058824	 0	
  .0001327	 .1137255	 0	
  .0001328	 9.803922E-02	 0	
  .0001329	 9.803922E-02	 0	
  .000133	 .1058824	 0	
  .0001331	 9.019608E-02	 0	
  .0001332	 9.019608E-02	 0	
  .0001333	 8.235294E-02	 0	
  .0001334	 8.235294E-02	 0	
  .0001335	 9.803922E-02	 0	
  .0001336	 7.450981E-02	 0	
  .0001337	 7.450981E-02	 0	
  .0001338	 5.098039E-02	 0	
  .0001339	 6.666667E-02	 0	
  .000134	 5.882353E-02	 0	
  .0001341	 5.098039E-02	 0	
  .0001342	 5.098039E-02	 0	
  .0001343	 4.313726E-02	 0	
  .0001344	 2.745098E-02	 0	
  .0001345	 2.745098E-02	 0	
  .0001346	 1.176471E-02	 0	
  .0001347	 1.176471E-02	 0	
  .0001348	 2.745098E-02	 0	
  .0001349	 3.921569E-03	 0	
  .000135	-3.921569E-03	 0	
  .0001351	 1.176471E-02	 0	
  .0001352	 3.921569E-03	 0	
  .0001353	-1.176471E-02	 0	
  .0001354	-1.176471E-02	 0	
  .0001355	-1.176471E-02	 0	
  .0001356	-2.745098E-02	 0	
  .0001357	-1.960784E-02	 0	
  .0001358	-2.745098E-02	 0	
  .0001359	-2.745098E-02	 0	
  .000136	-3.529412E-02	 0	
  .0001361	-2.745098E-02	 0	
  .0001362	-4.313726E-02	 0	
  .0001363	-4.313726E-02	 0	
  .0001364	-5.098039E-02	 0	
  .0001365	-5.098039E-02	 0	
  .0001366	-5.882353E-02	 0	
  .0001367	-6.666667E-02	 0	
  .0001368	-5.882353E-02	 0	
  .0001369	-7.450981E-02	 0	
  .000137	-6.666667E-02	 0	
  .0001371	-7.450981E-02	 0	
  .0001372	-8.235294E-02	 0	
  .0001373	-8.235294E-02	 0	
  .0001374	-9.019608E-02	 0	
  .0001375	-8.235294E-02	 0	
  .0001376	-9.019608E-02	 0	
  .0001377	-9.803922E-02	 0	
  .0001378	-9.019608E-02	 0	
  .0001379	-9.019608E-02	 0	
  .000138	-.1058824	 0	
  .0001381	-.1058824	 0	
  .0001382	-.1137255	 0	
  .0001383	-.1058824	 0	
  .0001384	-.1215686	 0	
  .0001385	-.1137255	 0	
  .0001386	-.1215686	 0	
  .0001387	-.1294118	 0	
  .0001388	-.1215686	 0	
  .0001389	-.1372549	 0	
  .000139	-.145098	 0	
  .0001391	-.145098	 0	
  .0001392	-.1607843	 0	
  .0001393	-.1607843	 0	
  .0001394	-.1686275	 0	
  .0001395	-.1686275	 0	
  .0001396	-.1686275	 0	
  .0001397	-.1529412	 0	
  .0001398	-.1764706	 0	
  .0001399	-.1607843	 0	
  .00014	-.1843137	 0	
  .0001401	-.1921569	 0	
  .0001402	-.2078431	 0	
  .0001403	-.2078431	 0	
  .0001404	-.2470588	 0	
  .0001405	-.2941177	 0	
  .0001406	-.2078431	 0	
  .0001407	-.145098	 0	
  .0001408	 .2235294	 0	
  .0001409	-6.666667E-02	 0	
  .000141	-.3176471	 0	
  .0001411	-.4745098	 0	
  .0001412	-.4745098	 0	
  .0001413	-.5529412	 0	
  .0001414	 5.882353E-02	 0	
  .0001415	-.4509804	 0	
  .0001416	-.2392157	 0	
  .0001417	-.2784314	 0	
  .0001418	-.2784314	 0	
  .0001419	-.3254902	 0	
  .000142	-.2627451	 0	
  .0001421	-.3254902	 0	
  .0001422	-.3176471	 0	
  .0001423	-.3098039	 0	
  .0001424	-.2941177	 0	
  .0001425	-.3333333	 0	
  .0001426	-.3490196	 0	
  .0001427	-.2941177	 0	
  .0001428	-.3882353	 0	
  .0001429	-.6941177	 0	
  .000143	-.372549	 0	
  .0001431	-.4117647	 0	
  .0001432	-.3647059	 0	
  .0001433	-.3411765	 0	
  .0001434	-.3333333	 0	
  .0001435	-.3176471	 0	
  .0001436	-.3254902	 0	
  .0001437	-.3176471	 0	
  .0001438	-.2784314	 0	
  .0001439	-.2784314	 0	
  .000144	-.2627451	 0	
  .0001441	-.2627451	 0	
  .0001442	-.254902	 0	
  .0001443	-.2627451	 0	
  .0001444	-.2627451	 0	
  .0001445	-.2705882	 0	
  .0001446	-.254902	 0	
  .0001447	-.254902	 0	
  .0001448	-.2627451	 0	
  .0001449	-.2392157	 0	
  .000145	-.2470588	 0	
  .0001451	-.2392157	 0	
  .0001452	-.2392157	 0	
  .0001453	-.2470588	 0	
  .0001454	-.2392157	 0	
  .0001455	-.254902	 0	
  .0001456	-.2156863	 0	
  .0001457	-.2235294	 0	
  .0001458	-.2392157	 0	
  .0001459	-.2156863	 0	
  .000146	-.2313726	 0	
  .0001461	-.2392157	 0	
  .0001462	-.2313726	 0	
  .0001463	-.2313726	 0	
  .0001464	-.2235294	 0	
  .0001465	-.2470588	 0	
  .0001466	-.2156863	 0	
  .0001467	-.2235294	 0	
  .0001468	-.2392157	 0	
  .0001469	-.2470588	 0	
  .000147	-.2313726	 0	
  .0001471	-.2313726	 0	
  .0001472	-.2313726	 0	
  .0001473	-.2470588	 0	
  .0001474	-.2392157	 0	
  .0001475	-.2235294	 0	
  .0001476	-.2235294	 0	
  .0001477	-.2392157	 0	
  .0001478	-.2078431	 0	
  .0001479	-.2235294	 0	
  .000148	-.2	 0	
  .0001481	-.2156863	 0	
  .0001482	-.2235294	 0	
  .0001483	-.2078431	 0	
  .0001484	-.2	 0	
  .0001485	-.2	 0	
  .0001486	-.2078431	 0	
  .0001487	-.2	 0	
  .0001488	-.1921569	 0	
  .0001489	-.2078431	 0	
  .000149	-.1843137	 0	
  .0001491	-9.803922E-02	 0	
  .0001492	-.1058824	 0	
  .0001493	-.1294118	 0	
  .0001494	-.145098	 0	
  .0001495	-8.235294E-02	 0	
  .0001496	-.1137255	 0	
  .0001497	-8.235294E-02	 0	
  .0001498	-.1058824	 0	
  .0001499	-9.803922E-02	 0	
  .00015	-.1058824	 0	
  .0001501	-.1372549	 0	
  .0001502	-8.235294E-02	 0	
  .0001503	-.1215686	 0	
  .0001504	-9.803922E-02	 0	
  .0001505	-.1058824	 0	
  .0001506	-9.803922E-02	 0	
  .0001507	-9.019608E-02	 0	
  .0001508	-9.019608E-02	 0	
  .0001509	-9.803922E-02	 0	
  .000151	-8.235294E-02	 0	
  .0001511	-8.235294E-02	 0	
  .0001512	-7.450981E-02	 0	
  .0001513	-9.803922E-02	 0	
  .0001514	-6.666667E-02	 0	
  .0001515	-7.450981E-02	 0	
  .0001516	-.1058824	 0	
  .0001517	-9.019608E-02	 0	
  .0001518	-.1058824	 0	
  .0001519	-.1058824	 0	
  .000152	-9.803922E-02	 0	
  .0001521	-9.019608E-02	 0	
  .0001522	-9.803922E-02	 0	
  .0001523	-9.019608E-02	 0	
  .0001524	-9.019608E-02	 0	
  .0001525	-.1137255	 0	
  .0001526	-9.803922E-02	 0	
  .0001527	-.1058824	 0	
  .0001528	-9.019608E-02	 0	
  .0001529	-.1058824	 0	
  .000153	-7.450981E-02	 0	
  .0001531	-9.019608E-02	 0	
  .0001532	-9.019608E-02	 0	
  .0001533	-8.235294E-02	 0	
  .0001534	-9.019608E-02	 0	
  .0001535	-6.666667E-02	 0	
  .0001536	-.1058824	 0	
  .0001537	-8.235294E-02	 0	
  .0001538	-9.019608E-02	 0	
  .0001539	-9.019608E-02	 0	
  .000154	-9.803922E-02	 0	
  .0001541	-.1058824	 0	
  .0001542	-5.882353E-02	 0	
  .0001543	-.1215686	 0	
  .0001544	-8.235294E-02	 0	
  .0001545	-9.803922E-02	 0	
  .0001546	-9.019608E-02	 0	
  .0001547	-.1058824	 0	
  .0001548	-9.803922E-02	 0	
  .0001549	-9.019608E-02	 0	
  .000155	-8.235294E-02	 0	
  .0001551	-9.019608E-02	 0	
  .0001552	-9.803922E-02	 0	
  .0001553	-.1215686	 0	
  .0001554	-8.235294E-02	 0	
  .0001555	-9.019608E-02	 0	
  .0001556	-8.235294E-02	 0	
  .0001557	-9.019608E-02	 0	
  .0001558	-9.019608E-02	 0	
  .0001559	-8.235294E-02	 0	
  .000156	-.1137255	 0	
  .0001561	-6.666667E-02	 0	
  .0001562	-5.098039E-02	 0	
  .0001563	-9.803922E-02	 0	
  .0001564	-5.882353E-02	 0	
  .0001565	-7.450981E-02	 0	
  .0001566	-7.450981E-02	 0	
  .0001567	-9.803922E-02	 0	
  .0001568	-8.235294E-02	 0	
  .0001569	-9.019608E-02	 0	
  .000157	-7.450981E-02	 0	
  .0001571	-9.019608E-02	 0	
  .0001572	-6.666667E-02	 0	
  .0001573	-5.098039E-02	 0	
  .0001574	-5.098039E-02	 0	
  .0001575	-5.882353E-02	 0	
  .0001576	-5.098039E-02	 0	
  .0001577	-4.313726E-02	 0	
  .0001578	-5.098039E-02	 0	
  .0001579	-5.098039E-02	 0	
  .000158	-4.313726E-02	 0	
  .0001581	-5.098039E-02	 0	
  .0001582	-2.745098E-02	 0	
  .0001583	-3.529412E-02	 0	
  .0001584	-3.529412E-02	 0	
  .0001585	-2.745098E-02	 0	
  .0001586	-5.098039E-02	 0	
  .0001587	-.1137255	 0	
  .0001588	-7.450981E-02	 0	
  .0001589	-5.882353E-02	 0	
  .000159	-3.529412E-02	 0	
  .0001591	-4.313726E-02	 0	
  .0001592	-1.960784E-02	 0	
  .0001593	-2.745098E-02	 0	
  .0001594	-3.529412E-02	 0	
  .0001595	-1.960784E-02	 0	
  .0001596	-2.745098E-02	 0	
  .0001597	-1.176471E-02	 0	
  .0001598	-2.745098E-02	 0	
  .0001599	-2.745098E-02	 0	
  .00016	-3.529412E-02	 0	
  .0001601	-1.960784E-02	 0	
  .0001602	-1.960784E-02	 0	
  .0001603	-1.176471E-02	 0	
  .0001604	-1.960784E-02	 0	
  .0001605	-1.176471E-02	 0	
  .0001606	-1.176471E-02	 0	
  .0001607	-1.176471E-02	 0	
  .0001608	-1.176471E-02	 0	
  .0001609	-1.960784E-02	 0	
  .000161	 1.176471E-02	 0	
  .0001611	 1.176471E-02	 0	
  .0001612	-1.176471E-02	 0	
  .0001613	-3.921569E-03	 0	
  .0001614	-1.176471E-02	 0	
  .0001615	-3.921569E-03	 0	
  .0001616	 1.176471E-02	 0	
  .0001617	-1.176471E-02	 0	
  .0001618	-1.176471E-02	 0	
  .0001619	 3.921569E-03	 0	
  .000162	 1.176471E-02	 0	
  .0001621	 3.529412E-02	 0	
  .0001622	 2.745098E-02	 0	
  .0001623	 1.176471E-02	 0	
  .0001624	 2.745098E-02	 0	
  .0001625	 1.960784E-02	 0	
  .0001626	 1.176471E-02	 0	
  .0001627	 2.745098E-02	 0	
  .0001628	 3.921569E-03	 0	
  .0001629	 1.176471E-02	 0	
  .000163	 3.921569E-03	 0	
  .0001631	 2.745098E-02	 0	
  .0001632	 5.882353E-02	 0	
  .0001633	 2.745098E-02	 0	
  .0001634	 1.176471E-02	 0	
  .0001635	 2.745098E-02	 0	
  .0001636	 1.960784E-02	 0	
  .0001637	 1.960784E-02	 0	
  .0001638	 1.960784E-02	 0	
  .0001639	 4.313726E-02	 0	
  .000164	 1.960784E-02	 0	
  .0001641	 3.529412E-02	 0	
  .0001642	 2.745098E-02	 0	
  .0001643	 4.313726E-02	 0	
  .0001644	 3.529412E-02	 0	
  .0001645	 3.529412E-02	 0	
  .0001646	 3.529412E-02	 0	
  .0001647	 5.098039E-02	 0	
  .0001648	 4.313726E-02	 0	
  .0001649	 6.666667E-02	 0	
  .000165	 5.098039E-02	 0	
  .0001651	 4.313726E-02	 0	
  .0001652	 5.882353E-02	 0	
  .0001653	 5.098039E-02	 0	
  .0001654	 3.529412E-02	 0	
  .0001655	 5.098039E-02	 0	
  .0001656	 5.098039E-02	 0	
  .0001657	 4.313726E-02	 0	
  .0001658	 3.529412E-02	 0	
  .0001659	 5.098039E-02	 0	
  .000166	 5.098039E-02	 0	
  .0001661	 4.313726E-02	 0	
  .0001662	 5.098039E-02	 0	
  .0001663	 5.098039E-02	 0	
  .0001664	 5.098039E-02	 0	
  .0001665	 5.098039E-02	 0	
  .0001666	 5.882353E-02	 0	
  .0001667	 5.098039E-02	 0	
  .0001668	 6.666667E-02	 0	
  .0001669	 5.882353E-02	 0	
  .000167	 5.882353E-02	 0	
  .0001671	 6.666667E-02	 0	
  .0001672	 6.666667E-02	 0	
  .0001673	 7.450981E-02	 0	
  .0001674	 7.450981E-02	 0	
  .0001675	 7.450981E-02	 0	
  .0001676	 8.235294E-02	 0	
  .0001677	 5.882353E-02	 0	
  .0001678	 6.666667E-02	 0	
  .0001679	 7.450981E-02	 0	
  .000168	 8.235294E-02	 0	
  .0001681	 8.235294E-02	 0	
  .0001682	 8.235294E-02	 0	
  .0001683	 8.235294E-02	 0	
  .0001684	 8.235294E-02	 0	
  .0001685	 7.450981E-02	 0	
  .0001686	 7.450981E-02	 0	
  .0001687	 7.450981E-02	 0	
  .0001688	 7.450981E-02	 0	
  .0001689	 8.235294E-02	 0	
  .000169	 6.666667E-02	 0	
  .0001691	 7.450981E-02	 0	
  .0001692	 8.235294E-02	 0	
  .0001693	 7.450981E-02	 0	
  .0001694	 7.450981E-02	 0	
  .0001695	 9.803922E-02	 0	
  .0001696	 8.235294E-02	 0	
  .0001697	 7.450981E-02	 0	
  .0001698	 8.235294E-02	 0	
  .0001699	 6.666667E-02	 0	
  .00017	 9.019608E-02	 0	
  .0001701	 6.666667E-02	 0	
  .0001702	 9.803922E-02	 0	
  .0001703	 7.450981E-02	 0	
  .0001704	 8.235294E-02	 0	
  .0001705	 8.235294E-02	 0	
  .0001706	 9.803922E-02	 0	
  .0001707	 8.235294E-02	 0	
  .0001708	 7.450981E-02	 0	
  .0001709	 9.803922E-02	 0	
  .000171	 8.235294E-02	 0	
  .0001711	 8.235294E-02	 0	
  .0001712	 9.803922E-02	 0	
  .0001713	 9.803922E-02	 0	
  .0001714	 8.235294E-02	 0	
  .0001715	 9.803922E-02	 0	
  .0001716	 8.235294E-02	 0	
  .0001717	 8.235294E-02	 0	
  .0001718	 8.235294E-02	 0	
  .0001719	 9.019608E-02	 0	
  .000172	 9.019608E-02	 0	
  .0001721	 8.235294E-02	 0	
  .0001722	 9.019608E-02	 0	
  .0001723	 9.019608E-02	 0	
  .0001724	 9.019608E-02	 0	
  .0001725	 .1058824	 0	
  .0001726	 7.450981E-02	 0	
  .0001727	 9.803922E-02	 0	
  .0001728	 9.803922E-02	 0	
  .0001729	 8.235294E-02	 0	
  .000173	 9.019608E-02	 0	
  .0001731	 .1058824	 0	
  .0001732	 9.803922E-02	 0	
  .0001733	 9.019608E-02	 0	
  .0001734	 9.019608E-02	 0	
  .0001735	 8.235294E-02	 0	
  .0001736	 9.019608E-02	 0	
  .0001737	 8.235294E-02	 0	
  .0001738	 9.019608E-02	 0	
  .0001739	 9.019608E-02	 0	
  .000174	 9.019608E-02	 0	
  .0001741	 9.019608E-02	 0	
  .0001742	 9.019608E-02	 0	
  .0001743	 9.803922E-02	 0	
  .0001744	 7.450981E-02	 0	
  .0001745	 8.235294E-02	 0	
  .0001746	 8.235294E-02	 0	
  .0001747	 8.235294E-02	 0	
  .0001748	 9.803922E-02	 0	
  .0001749	 7.450981E-02	 0	
  .000175	 9.019608E-02	 0	
  .0001751	 8.235294E-02	 0	
  .0001752	 8.235294E-02	 0	
  .0001753	 8.235294E-02	 0	
  .0001754	 9.019608E-02	 0	
  .0001755	 9.019608E-02	 0	
  .0001756	 7.450981E-02	 0	
  .0001757	 8.235294E-02	 0	
  .0001758	 9.019608E-02	 0	
  .0001759	 7.450981E-02	 0	
  .000176	 9.019608E-02	 0	
  .0001761	 8.235294E-02	 0	
  .0001762	 7.450981E-02	 0	
  .0001763	 7.450981E-02	 0	
  .0001764	 8.235294E-02	 0	
  .0001765	 9.019608E-02	 0	
  .0001766	 5.882353E-02	 0	
  .0001767	 9.803922E-02	 0	
  .0001768	 8.235294E-02	 0	
  .0001769	 8.235294E-02	 0	
  .000177	 7.450981E-02	 0	
  .0001771	 7.450981E-02	 0	
  .0001772	 6.666667E-02	 0	
  .0001773	 7.450981E-02	 0	
  .0001774	 7.450981E-02	 0	
  .0001775	 7.450981E-02	 0	
  .0001776	 8.235294E-02	 0	
  .0001777	 6.666667E-02	 0	
  .0001778	 7.450981E-02	 0	
  .0001779	 8.235294E-02	 0	
  .000178	 8.235294E-02	 0	
  .0001781	 8.235294E-02	 0	
  .0001782	 7.450981E-02	 0	
  .0001783	 7.450981E-02	 0	
  .0001784	 7.450981E-02	 0	
  .0001785	 6.666667E-02	 0	
  .0001786	 6.666667E-02	 0	
  .0001787	 6.666667E-02	 0	
  .0001788	 6.666667E-02	 0	
  .0001789	 5.882353E-02	 0	
  .000179	 4.313726E-02	 0	
  .0001791	 1.176471E-02	 0	
  .0001792	 1.176471E-02	 0	
  .0001793	 3.921569E-03	 0	
  .0001794	 1.176471E-02	 0	
  .0001795	 1.960784E-02	 0	
  .0001796	 3.921569E-03	 0	
  .0001797	 3.921569E-03	 0	
  .0001798	 3.921569E-03	 0	
  .0001799	 1.960784E-02	 0	
  .00018	-3.921569E-03	 0	
  .0001801	 1.176471E-02	 0	
  .0001802	 3.921569E-03	 0	
  .0001803	-3.921569E-03	 0	
  .0001804	 3.921569E-03	 0	
  .0001805	 3.921569E-03	 0	
  .0001806	 1.176471E-02	 0	
  .0001807	 3.921569E-03	 0	
  .0001808	 1.960784E-02	 0	
  .0001809	 1.176471E-02	 0	
  .000181	 3.921569E-03	 0	
  .0001811	 1.176471E-02	 0	
  .0001812	 1.176471E-02	 0	
  .0001813	 1.960784E-02	 0	
  .0001814	 1.176471E-02	 0	
  .0001815	 3.921569E-03	 0	
  .0001816	 3.921569E-03	 0	
  .0001817	 3.921569E-03	 0	
  .0001818	 1.176471E-02	 0	
  .0001819	 1.176471E-02	 0	
  .000182	 1.176471E-02	 0	
  .0001821	 1.176471E-02	 0	
  .0001822	 1.176471E-02	 0	
  .0001823	 3.921569E-03	 0	
  .0001824	 1.960784E-02	 0	
  .0001825	 2.745098E-02	 0	
  .0001826	 1.176471E-02	 0	
  .0001827	 1.176471E-02	 0	
  .0001828	 1.176471E-02	 0	
  .0001829	 1.176471E-02	 0	
  .000183	 2.745098E-02	 0	
  .0001831	 1.960784E-02	 0	
  .0001832	 1.176471E-02	 0	
  .0001833	 3.921569E-03	 0	
  .0001834	 1.176471E-02	 0	
  .0001835	 1.960784E-02	 0	
  .0001836	 1.176471E-02	 0	
  .0001837	 1.176471E-02	 0	
  .0001838	 1.176471E-02	 0	
  .0001839	 3.921569E-03	 0	
  .000184	 1.176471E-02	 0	
  .0001841	 1.176471E-02	 0	
  .0001842	 1.176471E-02	 0	
  .0001843	 3.921569E-03	 0	
  .0001844	 3.921569E-03	 0	
  .0001845	 3.921569E-03	 0	
  .0001846	 1.176471E-02	 0	
  .0001847	 1.960784E-02	 0	
  .0001848	 1.176471E-02	 0	
  .0001849	 1.960784E-02	 0	
  .000185	 1.176471E-02	 0	
  .0001851	 3.921569E-03	 0	
  .0001852	 3.921569E-03	 0	
  .0001853	 1.960784E-02	 0	
  .0001854	 1.176471E-02	 0	
  .0001855	 1.176471E-02	 0	
  .0001856	 1.960784E-02	 0	
  .0001857	 1.176471E-02	 0	
  .0001858	 3.921569E-03	 0	
  .0001859	 1.176471E-02	 0	
  .000186	 3.921569E-03	 0	
  .0001861	 3.921569E-03	 0	
  .0001862	 1.176471E-02	 0	
  .0001863	 1.176471E-02	 0	
  .0001864	 3.921569E-03	 0	
  .0001865	 1.176471E-02	 0	
  .0001866	 3.921569E-03	 0	
  .0001867	 3.921569E-03	 0	
  .0001868	 3.921569E-03	 0	
  .0001869	 1.176471E-02	 0	
  .000187	 3.921569E-03	 0	
  .0001871	 1.176471E-02	 0	
  .0001872	 1.176471E-02	 0	
  .0001873	 1.176471E-02	 0	
  .0001874	 1.960784E-02	 0	
  .0001875	 1.960784E-02	 0	
  .0001876	 3.921569E-03	 0	
  .0001877	 1.176471E-02	 0	
  .0001878	 1.176471E-02	 0	
  .0001879	 1.960784E-02	 0	
  .000188	 1.176471E-02	 0	
  .0001881	 1.176471E-02	 0	
  .0001882	 1.960784E-02	 0	
  .0001883	 1.176471E-02	 0	
  .0001884	 1.960784E-02	 0	
  .0001885	 1.176471E-02	 0	
  .0001886	 1.176471E-02	 0	
  .0001887	 1.176471E-02	 0	
  .0001888	 1.176471E-02	 0	
  .0001889	 1.176471E-02	 0	
  .000189	 1.960784E-02	 0	
  .0001891	 3.921569E-03	 0	
  .0001892	 1.176471E-02	 0	
  .0001893	-3.921569E-03	 0	
  .0001894	 1.960784E-02	 0	
  .0001895	 1.176471E-02	 0	
  .0001896	 3.921569E-03	 0	
  .0001897	 3.921569E-03	 0	
  .0001898	 1.176471E-02	 0	
  .0001899	 3.921569E-03	 0	
  .00019	 1.176471E-02	 0	
  .0001901	 3.921569E-03	 0	
  .0001902	-3.921569E-03	 0	
  .0001903	-3.921569E-03	 0	
  .0001904	 3.921569E-03	 0	
  .0001905	 1.176471E-02	 0	
  .0001906	 3.921569E-03	 0	
  .0001907	 1.960784E-02	 0	
  .0001908	 1.176471E-02	 0	
  .0001909	 3.921569E-03	 0	
  .000191	 1.176471E-02	 0	
  .0001911	 3.921569E-03	 0	
  .0001912	 1.176471E-02	 0	
  .0001913	 3.921569E-03	 0	
  .0001914	-3.921569E-03	 0	
  .0001915	 3.921569E-03	 0	
  .0001916	-3.921569E-03	 0	
  .0001917	 1.960784E-02	 0	
  .0001918	 3.921569E-03	 0	
  .0001919	 3.921569E-03	 0	
  .000192	-3.921569E-03	 0	
  .0001921	 3.921569E-03	 0	
  .0001922	 3.921569E-03	 0	
  .0001923	 2.745098E-02	 0	
  .0001924	-3.921569E-03	 0	
  .0001925	 1.960784E-02	 0	
  .0001926	-3.921569E-03	 0	
  .0001927	 3.921569E-03	 0	
  .0001928	 3.921569E-03	 0	
  .0001929	 1.176471E-02	 0	
  .000193	 3.921569E-03	 0	
  .0001931	 3.921569E-03	 0	
  .0001932	 3.921569E-03	 0	
  .0001933	 1.176471E-02	 0	
  .0001934	 1.176471E-02	 0	
  .0001935	 1.176471E-02	 0	
  .0001936	 1.176471E-02	 0	
  .0001937	 3.921569E-03	 0	
  .0001938	 1.176471E-02	 0	
  .0001939	 1.176471E-02	 0	
  .000194	 1.176471E-02	 0	
  .0001941	 1.176471E-02	 0	
  .0001942	 3.921569E-03	 0	
  .0001943	 3.921569E-03	 0	
  .0001944	 1.176471E-02	 0	
  .0001945	 1.176471E-02	 0	
  .0001946	 1.960784E-02	 0	
  .0001947	 3.921569E-03	 0	
  .0001948	 1.176471E-02	 0	
  .0001949	 3.921569E-03	 0	
  .000195	 3.921569E-03	 0	
  .0001951	 3.921569E-03	 0	
  .0001952	 1.176471E-02	 0	
  .0001953	 1.176471E-02	 0	
  .0001954	 3.921569E-03	 0	
  .0001955	 1.960784E-02	 0	
  .0001956	 3.921569E-03	 0	
  .0001957	 3.921569E-03	 0	
  .0001958	 3.921569E-03	 0	
  .0001959	 1.176471E-02	 0	
  .000196	 3.921569E-03	 0	
  .0001961	 3.921569E-03	 0	
  .0001962	 1.960784E-02	 0	
  .0001963	 3.921569E-03	 0	
  .0001964	 3.921569E-03	 0	
  .0001965	 3.921569E-03	 0	
  .0001966	 1.960784E-02	 0	
  .0001967	 1.176471E-02	 0	
  .0001968	-3.921569E-03	 0	
  .0001969	 3.921569E-03	 0	
  .000197	 3.921569E-03	 0	
  .0001971	 3.921569E-03	 0	
  .0001972	 1.176471E-02	 0	
  .0001973	 1.176471E-02	 0	
  .0001974	 1.960784E-02	 0	
  .0001975	 1.176471E-02	 0	
  .0001976	 3.921569E-03	 0	
  .0001977	 1.960784E-02	 0	
  .0001978	 1.960784E-02	 0	
  .0001979	 1.960784E-02	 0	
  .000198	 1.960784E-02	 0	
  .0001981	 1.176471E-02	 0	
  .0001982	 1.960784E-02	 0	
  .0001983	 1.176471E-02	 0	
  .0001984	 1.176471E-02	 0	
  .0001985	 1.176471E-02	 0	
  .0001986	 1.960784E-02	 0	
  .0001987	 3.921569E-03	 0	
  .0001988	 1.176471E-02	 0	
  .0001989	 1.176471E-02	 0	
  .000199	 1.176471E-02	 0	
  .0001991	 1.176471E-02	 0	
  .0001992	 1.960784E-02	 0	
  .0001993	 1.960784E-02	 0	
  .0001994	 1.176471E-02	 0	
  .0001995	 3.921569E-03	 0	
  .0001996	 1.176471E-02	 0	
  .0001997	 1.176471E-02	 0	
  .0001998	 3.921569E-03	 0	
  .0001999	 1.176471E-02	 0	
  .0002	 3.921569E-03	 0	
  .0002001	 1.176471E-02	 0	
  .0002002	 1.176471E-02	 0	
  .0002003	 1.176471E-02	 0	
  .0002004	 3.921569E-03	 0	
  .0002005	 1.176471E-02	 0	
  .0002006	 1.176471E-02	 0	
  .0002007	 1.176471E-02	 0	
  .0002008	 3.921569E-03	 0	
  .0002009	 3.921569E-03	 0	
  .000201	 1.176471E-02	 0	
  .0002011	 1.960784E-02	 0	
  .0002012	 1.176471E-02	 0	
  .0002013	 3.921569E-03	 0	
  .0002014	 1.176471E-02	 0	
  .0002015	 3.921569E-03	 0	
  .0002016	 1.176471E-02	 0	
  .0002017	 1.176471E-02	 0	
  .0002018	 1.176471E-02	 0	
  .0002019	 1.176471E-02	 0	
  .000202	 1.176471E-02	 0	
  .0002021	 3.921569E-03	 0	
  .0002022	 1.176471E-02	 0	
  .0002023	 1.176471E-02	 0	
  .0002024	 1.176471E-02	 0	
  .0002025	 3.921569E-03	 0	
  .0002026	 1.176471E-02	 0	
  .0002027	 1.176471E-02	 0	
  .0002028	 1.960784E-02	 0	
  .0002029	 1.176471E-02	 0	
  .000203	 3.921569E-03	 0	
  .0002031	 3.921569E-03	 0	
  .0002032	 1.176471E-02	 0	
  .0002033	 1.960784E-02	 0	
  .0002034	 1.176471E-02	 0	
  .0002035	 1.960784E-02	 0	
  .0002036	 1.176471E-02	 0	
  .0002037	 3.921569E-03	 0	
  .0002038	 3.921569E-03	 0	
  .0002039	 1.176471E-02	 0	
  .000204	-3.921569E-03	 0	
  .0002041	 1.176471E-02	 0	
  .0002042	 1.176471E-02	 0	
  .0002043	 3.921569E-03	 0	
  .0002044	 3.921569E-03	 0	
  .0002045	 1.176471E-02	 0	
  .0002046	 1.176471E-02	 0	
  .0002047	 1.176471E-02	 0	
  .0002048	 1.960784E-02	 0	
  .0002049	 3.921569E-03	 0	
  .000205	 1.176471E-02	 0	
  .0002051	 1.176471E-02	 0	
  .0002052	 1.176471E-02	 0	
  .0002053	 1.176471E-02	 0	
  .0002054	 3.921569E-03	 0	
  .0002055	 3.921569E-03	 0	
  .0002056	 3.921569E-03	 0	
  .0002057	 3.921569E-03	 0	
  .0002058	 1.176471E-02	 0	
  .0002059	 1.176471E-02	 0	
  .000206	 3.921569E-03	 0	
  .0002061	 1.176471E-02	 0	
  .0002062	 1.176471E-02	 0	
  .0002063	 1.176471E-02	 0	
  .0002064	 1.176471E-02	 0	
  .0002065	 3.921569E-03	 0	
  .0002066	 1.176471E-02	 0	
  .0002067	 1.176471E-02	 0	
  .0002068	 3.921569E-03	 0	
  .0002069	 3.921569E-03	 0	
  .000207	 1.176471E-02	 0	
  .0002071	 1.176471E-02	 0	
  .0002072	 1.960784E-02	 0	
  .0002073	 1.176471E-02	 0	
  .0002074	 1.176471E-02	 0	
  .0002075	 3.921569E-03	 0	
  .0002076	 1.960784E-02	 0	
  .0002077	 1.960784E-02	 0	
  .0002078	 1.960784E-02	 0	
  .0002079	 1.176471E-02	 0	
  .000208	 1.960784E-02	 0	
  .0002081	 1.176471E-02	 0	
  .0002082	 1.176471E-02	 0	
  .0002083	 3.921569E-03	 0	
  .0002084	 1.960784E-02	 0	
  .0002085	 1.176471E-02	 0	
  .0002086	 1.176471E-02	 0	
  .0002087	 3.921569E-03	 0	
  .0002088	 1.960784E-02	 0	
  .0002089	 1.176471E-02	 0	
  .000209	 1.176471E-02	 0	
  .0002091	 1.960784E-02	 0	
  .0002092	 1.960784E-02	 0	
  .0002093	 3.921569E-03	 0	
  .0002094	 3.921569E-03	 0	
  .0002095	 3.921569E-03	 0	
  .0002096	 1.176471E-02	 0	
  .0002097	-3.921569E-03	 0	
  .0002098	 3.921569E-03	 0	
  .0002099	 3.921569E-03	 0	
  .00021	-3.921569E-03	 0	
  .0002101	 3.921569E-03	 0	
  .0002102	 3.921569E-03	 0	
  .0002103	 1.176471E-02	 0	
  .0002104	 1.960784E-02	 0	
  .0002105	 1.176471E-02	 0	
  .0002106	 1.176471E-02	 0	
  .0002107	 3.921569E-03	 0	
  .0002108	 1.176471E-02	 0	
  .0002109	 1.176471E-02	 0	
  .000211	 1.960784E-02	 0	
  .0002111	 1.960784E-02	 0	
  .0002112	 3.921569E-03	 0	
  .0002113	 1.176471E-02	 0	
  .0002114	 3.921569E-03	 0	
  .0002115	 1.176471E-02	 0	
  .0002116	 1.176471E-02	 0	
  .0002117	 1.176471E-02	 0	
  .0002118	 3.921569E-03	 0	
  .0002119	 1.176471E-02	 0	
  .000212	 1.176471E-02	 0	
  .0002121	 1.176471E-02	 0	
  .0002122	 3.921569E-03	 0	
  .0002123	 1.176471E-02	 0	
  .0002124	 3.921569E-03	 0	
  .0002125	 1.176471E-02	 0	
  .0002126	 3.921569E-03	 0	
  .0002127	 1.960784E-02	 0	
  .0002128	 3.921569E-03	 0	
  .0002129	 1.176471E-02	 0	
  .000213	 3.921569E-03	 0	
  .0002131	 1.176471E-02	 0	
  .0002132	 1.176471E-02	 0	
  .0002133	 1.960784E-02	 0	
  .0002134	 1.960784E-02	 0	
  .0002135	 1.176471E-02	 0	
  .0002136	 1.176471E-02	 0	
  .0002137	 1.176471E-02	 0	
  .0002138	 1.176471E-02	 0	
  .0002139	 1.176471E-02	 0	
  .000214	 3.921569E-03	 0	
  .0002141	 3.921569E-03	 0	
  .0002142	 3.921569E-03	 0	
  .0002143	 3.921569E-03	 0	
  .0002144	 1.176471E-02	 0	
  .0002145	 3.921569E-03	 0	
  .0002146	 1.176471E-02	 0	
  .0002147	 3.921569E-03	 0	
  .0002148	 3.921569E-03	 0	
  .0002149	 3.921569E-03	 0	
  .000215	 1.176471E-02	 0	
  .0002151	 1.176471E-02	 0	
  .0002152	 3.921569E-03	 0	
  .0002153	-3.921569E-03	 0	
  .0002154	 3.921569E-03	 0	
  .0002155	 3.921569E-03	 0	
  .0002156	 3.921569E-03	 0	
  .0002157	 1.176471E-02	 0	
  .0002158	 3.921569E-03	 0	
  .0002159	 3.921569E-03	 0	
  .000216	 1.176471E-02	 0	
  .0002161	 1.176471E-02	 0	
  .0002162	 1.176471E-02	 0	
  .0002163	 1.176471E-02	 0	
  .0002164	 1.176471E-02	 0	
  .0002165	-3.921569E-03	 0	
  .0002166	 3.921569E-03	 0	
  .0002167	-3.921569E-03	 0	
  .0002168	 1.176471E-02	 0	
  .0002169	-3.921569E-03	 0	
  .000217	 1.176471E-02	 0	
  .0002171	 3.921569E-03	 0	
  .0002172	 1.176471E-02	 0	
  .0002173	 3.921569E-03	 0	
  .0002174	 3.921569E-03	 0	
  .0002175	 1.960784E-02	 0	
  .0002176	 3.921569E-03	 0	
  .0002177	 3.921569E-03	 0	
  .0002178	 1.176471E-02	 0	
  .0002179	 1.176471E-02	 0	
  .000218	 3.921569E-03	 0	
  .0002181	 1.176471E-02	 0	
  .0002182	 3.921569E-03	 0	
  .0002183	 1.960784E-02	 0	
  .0002184	 1.176471E-02	 0	
  .0002185	 3.921569E-03	 0	
  .0002186	 1.176471E-02	 0	
  .0002187	 1.176471E-02	 0	
  .0002188	 1.176471E-02	 0	
  .0002189	 1.176471E-02	 0	
  .000219	 1.176471E-02	 0	
  .0002191	 1.176471E-02	 0	
  .0002192	 3.921569E-03	 0	
  .0002193	 1.176471E-02	 0	
  .0002194	 3.921569E-03	 0	
  .0002195	 3.921569E-03	 0	
  .0002196	 1.176471E-02	 0	
  .0002197	 3.921569E-03	 0	
  .0002198	 3.921569E-03	 0	
  .0002199	-3.921569E-03	 0	
  .00022	 3.921569E-03	 0	
  .0002201	 3.921569E-03	 0	
  .0002202	 3.921569E-03	 0	
  .0002203	 3.921569E-03	 0	
  .0002204	 1.176471E-02	 0	
  .0002205	 1.176471E-02	 0	
  .0002206	 3.921569E-03	 0	
  .0002207	 3.921569E-03	 0	
  .0002208	 1.176471E-02	 0	
  .0002209	 1.176471E-02	 0	
  .000221	 3.921569E-03	 0	
  .0002211	 3.921569E-03	 0	
  .0002212	 1.176471E-02	 0	
  .0002213	 1.176471E-02	 0	
  .0002214	 3.921569E-03	 0	
  .0002215	-3.921569E-03	 0	
  .0002216	 3.921569E-03	 0	
  .0002217	 3.921569E-03	 0	
  .0002218	 3.921569E-03	 0	
  .0002219	 3.921569E-03	 0	
  .000222	 3.921569E-03	 0	
  .0002221	 3.921569E-03	 0	
  .0002222	 3.921569E-03	 0	
  .0002223	 1.176471E-02	 0	
  .0002224	 3.921569E-03	 0	
  .0002225	 1.176471E-02	 0	
  .0002226	 1.960784E-02	 0	
  .0002227	 1.176471E-02	 0	
  .0002228	 1.176471E-02	 0	
  .0002229	 3.921569E-03	 0	
  .000223	 3.921569E-03	 0	
  .0002231	 1.960784E-02	 0	
  .0002232	 3.921569E-03	 0	
  .0002233	 1.176471E-02	 0	
  .0002234	 1.176471E-02	 0	
  .0002235	 3.921569E-03	 0	
  .0002236	 3.921569E-03	 0	
  .0002237	 1.176471E-02	 0	
  .0002238	 1.176471E-02	 0	
  .0002239	 1.176471E-02	 0	
  .000224	 1.176471E-02	 0	
  .0002241	 3.921569E-03	 0	
  .0002242	 3.921569E-03	 0	
  .0002243	 1.960784E-02	 0	
  .0002244	 3.921569E-03	 0	
  .0002245	 3.921569E-03	 0	
  .0002246	 3.921569E-03	 0	
  .0002247	 3.921569E-03	 0	
  .0002248	 3.921569E-03	 0	
  .0002249	 1.960784E-02	 0	
  .000225	 1.176471E-02	 0	
