 -.0000249	 1.960784E-02	 0	
 -.0000248	 1.176471E-02	 0	
 -.0000247	 1.176471E-02	 0	
 -.0000246	 3.921569E-03	 0	
 -.0000245	 1.176471E-02	 0	
 -.0000244	 1.960784E-02	 0	
 -.0000243	 3.921569E-03	 0	
 -.0000242	 1.176471E-02	 0	
 -.0000241	 1.176471E-02	 0	
 -.000024	 3.921569E-03	 0	
 -.0000239	 1.960784E-02	 0	
 -.0000238	 3.921569E-03	 0	
 -.0000237	 1.176471E-02	 0	
 -.0000236	 3.921569E-03	 0	
 -.0000235	 3.921569E-03	 0	
 -.0000234	 3.921569E-03	 0	
 -.0000233	-3.921569E-03	 0	
 -.0000232	 1.960784E-02	 0	
 -.0000231	-3.921569E-03	 0	
 -.000023	 1.176471E-02	 0	
 -.0000229	 1.176471E-02	 0	
 -.0000228	 3.921569E-03	 0	
 -.0000227	 3.921569E-03	 0	
 -.0000226	 1.176471E-02	 0	
 -.0000225	 1.176471E-02	 0	
 -.0000224	 3.921569E-03	 0	
 -.0000223	 1.960784E-02	 0	
 -.0000222	 1.176471E-02	 0	
 -.0000221	 1.176471E-02	 0	
 -.000022	 1.176471E-02	 0	
 -.0000219	 3.921569E-03	 0	
 -.0000218	 3.921569E-03	 0	
 -.0000217	 1.176471E-02	 0	
 -.0000216	 1.176471E-02	 0	
 -.0000215	 3.921569E-03	 0	
 -.0000214	 3.921569E-03	 0	
 -.0000213	 3.921569E-03	 0	
 -.0000212	 3.921569E-03	 0	
 -.0000211	-3.921569E-03	 0	
 -.000021	-3.921569E-03	 0	
 -.0000209	-3.921569E-03	 0	
 -.0000208	 3.921569E-03	 0	
 -.0000207	 1.176471E-02	 0	
 -.0000206	 3.921569E-03	 0	
 -.0000205	 1.176471E-02	 0	
 -.0000204	 1.960784E-02	 0	
 -.0000203	 3.921569E-03	 0	
 -.0000202	 3.921569E-03	 0	
 -.0000201	 1.176471E-02	 0	
 -.00002	 1.176471E-02	 0	
 -.0000199	 1.960784E-02	 0	
 -.0000198	 3.921569E-03	 0	
 -.0000197	 3.921569E-03	 0	
 -.0000196	 3.921569E-03	 0	
 -.0000195	 1.176471E-02	 0	
 -.0000194	 3.921569E-03	 0	
 -.0000193	 1.960784E-02	 0	
 -.0000192	 1.176471E-02	 0	
 -.0000191	 3.921569E-03	 0	
 -.000019	 1.176471E-02	 0	
 -.0000189	 1.176471E-02	 0	
 -.0000188	 3.921569E-03	 0	
 -.0000187	 1.176471E-02	 0	
 -.0000186	 1.176471E-02	 0	
 -.0000185	 1.960784E-02	 0	
 -.0000184	 3.921569E-03	 0	
 -.0000183	 3.921569E-03	 0	
 -.0000182	 3.921569E-03	 0	
 -.0000181	 3.921569E-03	 0	
 -.000018	 3.921569E-03	 0	
 -.0000179	 3.921569E-03	 0	
 -.0000178	 3.921569E-03	 0	
 -.0000177	 3.921569E-03	 0	
 -.0000176	 3.921569E-03	 0	
 -.0000175	 3.921569E-03	 0	
 -.0000174	 3.921569E-03	 0	
 -.0000173	 3.921569E-03	 0	
 -.0000172	 1.960784E-02	 0	
 -.0000171	 1.960784E-02	 0	
 -.000017	 3.921569E-03	 0	
 -.0000169	 1.176471E-02	 0	
 -.0000168	 1.176471E-02	 0	
 -.0000167	 1.176471E-02	 0	
 -.0000166	 3.921569E-03	 0	
 -.0000165	 1.176471E-02	 0	
 -.0000164	 3.921569E-03	 0	
 -.0000163	 3.921569E-03	 0	
 -.0000162	 1.960784E-02	 0	
 -.0000161	 1.176471E-02	 0	
 -.000016	 3.921569E-03	 0	
 -.0000159	 1.176471E-02	 0	
 -.0000158	 1.176471E-02	 0	
 -.0000157	 3.921569E-03	 0	
 -.0000156	 1.176471E-02	 0	
 -.0000155	 1.176471E-02	 0	
 -.0000154	 1.176471E-02	 0	
 -.0000153	 3.921569E-03	 0	
 -.0000152	 1.176471E-02	 0	
 -.0000151	 3.921569E-03	 0	
 -.000015	 1.176471E-02	 0	
 -.0000149	 1.176471E-02	 0	
 -.0000148	 1.176471E-02	 0	
 -.0000147	 3.921569E-03	 0	
 -.0000146	 3.921569E-03	 0	
 -.0000145	 1.176471E-02	 0	
 -.0000144	 3.921569E-03	 0	
 -.0000143	 1.176471E-02	 0	
 -.0000142	 3.921569E-03	 0	
 -.0000141	 1.176471E-02	 0	
 -.000014	 1.176471E-02	 0	
 -.0000139	 1.960784E-02	 0	
 -.0000138	 1.176471E-02	 0	
 -.0000137	 3.921569E-03	 0	
 -.0000136	 3.921569E-03	 0	
 -.0000135	 3.921569E-03	 0	
 -.0000134	 1.960784E-02	 0	
 -.0000133	 2.745098E-02	 0	
 -.0000132	 1.176471E-02	 0	
 -.0000131	 1.176471E-02	 0	
 -.000013	 3.921569E-03	 0	
 -.0000129	 3.921569E-03	 0	
 -.0000128	 3.921569E-03	 0	
 -.0000127	 1.960784E-02	 0	
 -.0000126	 3.921569E-03	 0	
 -.0000125	 3.921569E-03	 0	
 -.0000124	 1.176471E-02	 0	
 -.0000123	 1.176471E-02	 0	
 -.0000122	 3.921569E-03	 0	
 -.0000121	 1.176471E-02	 0	
 -.000012	 1.176471E-02	 0	
 -.0000119	 1.176471E-02	 0	
 -.0000118	 1.176471E-02	 0	
 -.0000117	 1.176471E-02	 0	
 -.0000116	 3.921569E-03	 0	
 -.0000115	 3.921569E-03	 0	
 -.0000114	 1.176471E-02	 0	
 -.0000113	 1.176471E-02	 0	
 -.0000112	 3.921569E-03	 0	
 -.0000111	 3.921569E-03	 0	
 -.000011	 1.176471E-02	 0	
 -.0000109	 1.176471E-02	 0	
 -.0000108	 1.176471E-02	 0	
 -.0000107	 3.921569E-03	 0	
 -.0000106	 1.960784E-02	 0	
 -.0000105	 3.921569E-03	 0	
 -.0000104	 3.921569E-03	 0	
 -.0000103	 3.921569E-03	 0	
 -.0000102	 1.960784E-02	 0	
 -.0000101	 3.921569E-03	 0	
 -.00001	 1.960784E-02	 0	
 -.0000099	 1.176471E-02	 0	
 -.0000098	 1.176471E-02	 0	
 -.0000097	 1.176471E-02	 0	
 -.0000096	 1.176471E-02	 0	
 -.0000095	 1.176471E-02	 0	
 -.0000094	 1.960784E-02	 0	
 -.0000093	 1.960784E-02	 0	
 -.0000092	 3.921569E-03	 0	
 -.0000091	 1.176471E-02	 0	
 -.000009	 1.176471E-02	 0	
 -.0000089	 3.921569E-03	 0	
 -.0000088	 1.176471E-02	 0	
 -.0000087	 1.960784E-02	 0	
 -.0000086	 1.960784E-02	 0	
 -.0000085	 1.176471E-02	 0	
 -.0000084	 1.176471E-02	 0	
 -.0000083	 1.176471E-02	 0	
 -.0000082	 1.960784E-02	 0	
 -.0000081	-3.921569E-03	 0	
 -.000008	 1.176471E-02	 0	
 -.0000079	 3.921569E-03	 0	
 -.0000078	 1.176471E-02	 0	
 -.0000077	 3.921569E-03	 0	
 -.0000076	 3.921569E-03	 0	
 -.0000075	 3.921569E-03	 0	
 -.0000074	 1.176471E-02	 0	
 -.0000073	 1.960784E-02	 0	
 -.0000072	 1.176471E-02	 0	
 -.0000071	 1.176471E-02	 0	
 -.000007	 1.176471E-02	 0	
 -.0000069	 1.176471E-02	 0	
 -.0000068	 1.960784E-02	 0	
 -.0000067	 1.176471E-02	 0	
 -.0000066	 1.176471E-02	 0	
 -.0000065	 3.921569E-03	 0	
 -.0000064	 3.921569E-03	 0	
 -.0000063	 1.176471E-02	 0	
 -.0000062	 1.176471E-02	 0	
 -.0000061	 1.176471E-02	 0	
 -.000006	 3.921569E-03	 0	
 -.0000059	 1.176471E-02	 0	
 -.0000058	 3.921569E-03	 0	
 -.0000057	 1.960784E-02	 0	
 -.0000056	 1.176471E-02	 0	
 -.0000055	 1.176471E-02	 0	
 -.0000054	 1.176471E-02	 0	
 -.0000053	 3.921569E-03	 0	
 -.0000052	 3.921569E-03	 0	
 -.0000051	 1.960784E-02	 0	
 -.000005	 1.176471E-02	 0	
 -.0000049	 1.176471E-02	 0	
 -.0000048	 3.921569E-03	 0	
 -.0000047	 1.176471E-02	 0	
 -.0000046	 1.960784E-02	 0	
 -.0000045	 1.176471E-02	 0	
 -.0000044	 1.960784E-02	 0	
 -.0000043	 1.176471E-02	 0	
 -.0000042	 3.921569E-03	 0	
 -.0000041	 3.921569E-03	 0	
 -.000004	 1.176471E-02	 0	
 -.0000039	 1.176471E-02	 0	
 -.0000038	 1.176471E-02	 0	
 -.0000037	 1.176471E-02	 0	
 -.0000036	 3.921569E-03	 0	
 -.0000035	 1.960784E-02	 0	
 -.0000034	 1.960784E-02	 0	
 -.0000033	 3.921569E-03	 0	
 -.0000032	 1.176471E-02	 0	
 -.0000031	 1.960784E-02	 0	
 -.000003	 3.921569E-03	 0	
 -.0000029	 1.176471E-02	 0	
 -.0000028	 1.176471E-02	 0	
 -.0000027	 1.176471E-02	 0	
 -.0000026	 3.921569E-03	 0	
 -.0000025	 1.176471E-02	 0	
 -.0000024	 1.176471E-02	 0	
 -.0000023	 3.921569E-03	 0	
 -.0000022	 1.176471E-02	 0	
 -.0000021	 1.176471E-02	 0	
 -.000002	 3.921569E-03	 0	
 -.0000019	 3.921569E-03	 0	
 -.0000018	 1.960784E-02	 0	
 -.0000017	-3.921569E-03	 0	
 -.0000016	 1.176471E-02	 0	
 -.0000015	 1.176471E-02	 0	
 -.0000014	 3.921569E-03	 0	
 -.0000013	 3.921569E-03	 0	
 -.0000012	 1.176471E-02	 0	
 -.0000011	 3.921569E-03	 0	
 -.000001	 3.921569E-03	 0	
 -.0000009	 3.921569E-03	 0	
 -.0000008	 1.176471E-02	 0	
 -.0000007	 1.960784E-02	 0	
 -.0000006	 1.176471E-02	 0	
 -.0000005	 1.176471E-02	 0	
 -.0000004	 1.176471E-02	 0	
 -.0000003	 1.960784E-02	 0	
 -.0000002	 1.176471E-02	 0	
 -.0000001	 1.176471E-02	 0	
  0	 1.176471E-02	 0	
  .0000001	 1.960784E-02	 0	
  .0000002	 .5921569	 0	
  .0000003	 .3568628	 0	
  .0000004	 .5058824	 0	
  .0000005	 .4980392	 0	
  .0000006	 .4980392	 0	
  .0000007	 .4980392	 0	
  .0000008	 .5058824	 0	
  .0000009	 .5137255	 0	
  .000001	 .4980392	 0	
  .0000011	 .5058824	 0	
  .0000012	 .5137255	 0	
  .0000013	 .5137255	 0	
  .0000014	 .5058824	 0	
  .0000015	 .5137255	 0	
  .0000016	 .5137255	 0	
  .0000017	 .5137255	 0	
  .0000018	 .5058824	 0	
  .0000019	 .4980392	 0	
  .000002	 .4980392	 0	
  .0000021	 .4980392	 0	
  .0000022	 .4980392	 0	
  .0000023	 .4823529	 0	
  .0000024	 .4980392	 0	
  .0000025	 .5058824	 0	
  .0000026	 .5058824	 0	
  .0000027	 .4980392	 0	
  .0000028	 .4901961	 0	
  .0000029	 .4901961	 0	
  .000003	 .4901961	 0	
  .0000031	 .4901961	 0	
  .0000032	 .4823529	 0	
  .0000033	 .4823529	 0	
  .0000034	 .4823529	 0	
  .0000035	 .4745098	 0	
  .0000036	 .4745098	 0	
  .0000037	 .4745098	 0	
  .0000038	 .4666667	 0	
  .0000039	 .4745098	 0	
  .000004	 .4666667	 0	
  .0000041	 .4666667	 0	
  .0000042	 .4745098	 0	
  .0000043	 .4509804	 0	
  .0000044	 .4588235	 0	
  .0000045	 .4509804	 0	
  .0000046	 .4509804	 0	
  .0000047	 .4431373	 0	
  .0000048	 .4588235	 0	
  .0000049	 .4352941	 0	
  .000005	 .4509804	 0	
  .0000051	 .427451	 0	
  .0000052	 .4352941	 0	
  .0000053	 .4352941	 0	
  .0000054	 .427451	 0	
  .0000055	 .427451	 0	
  .0000056	 .4196078	 0	
  .0000057	 .4196078	 0	
  .0000058	 .4196078	 0	
  .0000059	 .4039216	 0	
  .000006	 .4039216	 0	
  .0000061	 .3960784	 0	
  .0000062	 .3960784	 0	
  .0000063	 .3960784	 0	
  .0000064	 .3960784	 0	
  .0000065	 .3882353	 0	
  .0000066	 .3803922	 0	
  .0000067	 .3803922	 0	
  .0000068	 .372549	 0	
  .0000069	 .3647059	 0	
  .000007	 .3568628	 0	
  .0000071	 .372549	 0	
  .0000072	 .3568628	 0	
  .0000073	 .3490196	 0	
  .0000074	 .3411765	 0	
  .0000075	 .3490196	 0	
  .0000076	 .3490196	 0	
  .0000077	 .3254902	 0	
  .0000078	 .3411765	 0	
  .0000079	 .3176471	 0	
  .000008	 .3098039	 0	
  .0000081	 .3098039	 0	
  .0000082	 .3098039	 0	
  .0000083	 .3019608	 0	
  .0000084	 .3098039	 0	
  .0000085	 .2941177	 0	
  .0000086	 .2862745	 0	
  .0000087	 .2784314	 0	
  .0000088	 .2784314	 0	
  .0000089	 .2705882	 0	
  .000009	 .2705882	 0	
  .0000091	 .2627451	 0	
  .0000092	 .2705882	 0	
  .0000093	 .254902	 0	
  .0000094	 .2470588	 0	
  .0000095	 .2392157	 0	
  .0000096	 .2470588	 0	
  .0000097	 .2313726	 0	
  .0000098	 .2235294	 0	
  .0000099	 .2235294	 0	
  .00001	 .2235294	 0	
  .0000101	 .2156863	 0	
  .0000102	 .2078431	 0	
  .0000103	 .2	 0	
  .0000104	 .2078431	 0	
  .0000105	 .2	 0	
  .0000106	 .1843137	 0	
  .0000107	 .1764706	 0	
  .0000108	 .1686275	 0	
  .0000109	 .1607843	 0	
  .000011	 .1529412	 0	
  .0000111	 .1529412	 0	
  .0000112	 .145098	 0	
  .0000113	 .1372549	 0	
  .0000114	 .1294118	 0	
  .0000115	 .1215686	 0	
  .0000116	 .1215686	 0	
  .0000117	 .1137255	 0	
  .0000118	 .1058824	 0	
  .0000119	 9.803922E-02	 0	
  .000012	 9.019608E-02	 0	
  .0000121	 8.235294E-02	 0	
  .0000122	 8.235294E-02	 0	
  .0000123	 8.235294E-02	 0	
  .0000124	 8.235294E-02	 0	
  .0000125	 8.235294E-02	 0	
  .0000126	 5.882353E-02	 0	
  .0000127	 5.882353E-02	 0	
  .0000128	 5.098039E-02	 0	
  .0000129	 4.313726E-02	 0	
  .000013	 3.529412E-02	 0	
  .0000131	 4.313726E-02	 0	
  .0000132	 3.529412E-02	 0	
  .0000133	 1.960784E-02	 0	
  .0000134	 1.960784E-02	 0	
  .0000135	 1.960784E-02	 0	
  .0000136	 3.921569E-03	 0	
  .0000137	-3.921569E-03	 0	
  .0000138	-1.960784E-02	 0	
  .0000139	-2.745098E-02	 0	
  .000014	-4.313726E-02	 0	
  .0000141	-3.529412E-02	 0	
  .0000142	-4.313726E-02	 0	
  .0000143	-3.529412E-02	 0	
  .0000144	-3.529412E-02	 0	
  .0000145	-4.313726E-02	 0	
  .0000146	-5.098039E-02	 0	
  .0000147	-2.745098E-02	 0	
  .0000148	-5.098039E-02	 0	
  .0000149	-6.666667E-02	 0	
  .000015	-7.450981E-02	 0	
  .0000151	-7.450981E-02	 0	
  .0000152	-6.666667E-02	 0	
  .0000153	-7.450981E-02	 0	
  .0000154	-8.235294E-02	 0	
  .0000155	-9.019608E-02	 0	
  .0000156	-9.803922E-02	 0	
  .0000157	-9.803922E-02	 0	
  .0000158	-.1058824	 0	
  .0000159	-.1137255	 0	
  .000016	-.1215686	 0	
  .0000161	-.1294118	 0	
  .0000162	-.1215686	 0	
  .0000163	-.1294118	 0	
  .0000164	-.1294118	 0	
  .0000165	-.1372549	 0	
  .0000166	-.1372549	 0	
  .0000167	-.145098	 0	
  .0000168	-.1529412	 0	
  .0000169	-.1607843	 0	
  .000017	-.1529412	 0	
  .0000171	-.1607843	 0	
  .0000172	-.1764706	 0	
  .0000173	-.1764706	 0	
  .0000174	-.1764706	 0	
  .0000175	-.1921569	 0	
  .0000176	-.1843137	 0	
  .0000177	-.1921569	 0	
  .0000178	-.1921569	 0	
  .0000179	-.2	 0	
  .000018	-.2	 0	
  .0000181	-.2156863	 0	
  .0000182	-.2235294	 0	
  .0000183	-.2156863	 0	
  .0000184	-.2313726	 0	
  .0000185	-.2392157	 0	
  .0000186	-.2392157	 0	
  .0000187	-.2470588	 0	
  .0000188	-.2470588	 0	
  .0000189	-.2470588	 0	
  .000019	-.2470588	 0	
  .0000191	-.254902	 0	
  .0000192	-.2627451	 0	
  .0000193	-.2627451	 0	
  .0000194	-.2705882	 0	
  .0000195	-.2705882	 0	
  .0000196	-.2784314	 0	
  .0000197	-.2862745	 0	
  .0000198	-.2784314	 0	
  .0000199	-.2862745	 0	
  .00002	-.2784314	 0	
  .0000201	-.2941177	 0	
  .0000202	-.3019608	 0	
  .0000203	-.2941177	 0	
  .0000204	-.3019608	 0	
  .0000205	-.3098039	 0	
  .0000206	-.3176471	 0	
  .0000207	-.3176471	 0	
  .0000208	-.3176471	 0	
  .0000209	-.3254902	 0	
  .000021	-.3333333	 0	
  .0000211	-.3254902	 0	
  .0000212	-.3333333	 0	
  .0000213	-.3333333	 0	
  .0000214	-.3490196	 0	
  .0000215	-.3333333	 0	
  .0000216	-.3490196	 0	
  .0000217	-.3490196	 0	
  .0000218	-.3568628	 0	
  .0000219	-.3490196	 0	
  .000022	-.3568628	 0	
  .0000221	-.3647059	 0	
  .0000222	-.3490196	 0	
  .0000223	-.3568628	 0	
  .0000224	-.3568628	 0	
  .0000225	-.3647059	 0	
  .0000226	-.3647059	 0	
  .0000227	-.372549	 0	
  .0000228	-.3803922	 0	
  .0000229	-.372549	 0	
  .000023	-.3803922	 0	
  .0000231	-.372549	 0	
  .0000232	-.3803922	 0	
  .0000233	-.3882353	 0	
  .0000234	-.3803922	 0	
  .0000235	-.3803922	 0	
  .0000236	-.3803922	 0	
  .0000237	-.3882353	 0	
  .0000238	-.3803922	 0	
  .0000239	-.3960784	 0	
  .000024	-.3882353	 0	
  .0000241	-.3960784	 0	
  .0000242	-.3882353	 0	
  .0000243	-.3882353	 0	
  .0000244	-.3882353	 0	
  .0000245	-.3960784	 0	
  .0000246	-.3960784	 0	
  .0000247	-.3882353	 0	
  .0000248	-.3960784	 0	
  .0000249	-.3803922	 0	
  .000025	-.3882353	 0	
  .0000251	-.3960784	 0	
  .0000252	-.3882353	 0	
  .0000253	-.3882353	 0	
  .0000254	-.3960784	 0	
  .0000255	-.3960784	 0	
  .0000256	-.3960784	 0	
  .0000257	-.3882353	 0	
  .0000258	-.3882353	 0	
  .0000259	-.3882353	 0	
  .000026	-.3882353	 0	
  .0000261	-.3960784	 0	
  .0000262	-.3882353	 0	
  .0000263	-.3882353	 0	
  .0000264	-.3960784	 0	
  .0000265	-.3882353	 0	
  .0000266	-.3882353	 0	
  .0000267	-.3960784	 0	
  .0000268	-.3882353	 0	
  .0000269	-.3882353	 0	
  .000027	-.3882353	 0	
  .0000271	-.3960784	 0	
  .0000272	-.3960784	 0	
  .0000273	-.3960784	 0	
  .0000274	-.3882353	 0	
  .0000275	-.3960784	 0	
  .0000276	-.3882353	 0	
  .0000277	-.3960784	 0	
  .0000278	-.3882353	 0	
  .0000279	-.3882353	 0	
  .000028	-.3960784	 0	
  .0000281	-.3960784	 0	
  .0000282	-.3882353	 0	
  .0000283	-.3803922	 0	
  .0000284	-.372549	 0	
  .0000285	-.372549	 0	
  .0000286	-.3647059	 0	
  .0000287	-.372549	 0	
  .0000288	-.3647059	 0	
  .0000289	-.3647059	 0	
  .000029	-.3647059	 0	
  .0000291	-.3647059	 0	
  .0000292	-.3647059	 0	
  .0000293	-.3647059	 0	
  .0000294	-.3490196	 0	
  .0000295	-.3568628	 0	
  .0000296	-.3568628	 0	
  .0000297	-.3568628	 0	
  .0000298	-.3568628	 0	
  .0000299	-.3490196	 0	
  .00003	-.3568628	 0	
  .0000301	-.3568628	 0	
  .0000302	-.3490196	 0	
  .0000303	-.3568628	 0	
  .0000304	-.3490196	 0	
  .0000305	-.3490196	 0	
  .0000306	-.3411765	 0	
  .0000307	-.3411765	 0	
  .0000308	-.3411765	 0	
  .0000309	-.3411765	 0	
  .000031	-.3333333	 0	
  .0000311	-.3411765	 0	
  .0000312	-.3333333	 0	
  .0000313	-.3333333	 0	
  .0000314	-.3333333	 0	
  .0000315	-.3254902	 0	
  .0000316	-.3254902	 0	
  .0000317	-.3254902	 0	
  .0000318	-.3333333	 0	
  .0000319	-.3254902	 0	
  .000032	-.3333333	 0	
  .0000321	-.3176471	 0	
  .0000322	-.3176471	 0	
  .0000323	-.3098039	 0	
  .0000324	-.3098039	 0	
  .0000325	-.3019608	 0	
  .0000326	-.3098039	 0	
  .0000327	-.3098039	 0	
  .0000328	-.2941177	 0	
  .0000329	-.3019608	 0	
  .000033	-.2941177	 0	
  .0000331	-.3019608	 0	
  .0000332	-.2941177	 0	
  .0000333	-.2862745	 0	
  .0000334	-.2784314	 0	
  .0000335	-.2862745	 0	
  .0000336	-.2784314	 0	
  .0000337	-.2784314	 0	
  .0000338	-.2862745	 0	
  .0000339	-.2784314	 0	
  .000034	-.2705882	 0	
  .0000341	-.2627451	 0	
  .0000342	-.2627451	 0	
  .0000343	-.2705882	 0	
  .0000344	-.2627451	 0	
  .0000345	-.254902	 0	
  .0000346	-.2470588	 0	
  .0000347	-.2627451	 0	
  .0000348	-.254902	 0	
  .0000349	-.2470588	 0	
  .000035	-.2313726	 0	
  .0000351	-.2392157	 0	
  .0000352	-.2392157	 0	
  .0000353	-.2235294	 0	
  .0000354	-.2392157	 0	
  .0000355	-.2313726	 0	
  .0000356	-.2156863	 0	
  .0000357	-.2235294	 0	
  .0000358	-.2156863	 0	
  .0000359	-.2235294	 0	
  .000036	-.2156863	 0	
  .0000361	-.2156863	 0	
  .0000362	-.2078431	 0	
  .0000363	-.2078431	 0	
  .0000364	-.1921569	 0	
  .0000365	-.1921569	 0	
  .0000366	-.2	 0	
  .0000367	-.2	 0	
  .0000368	-.1843137	 0	
  .0000369	-.1764706	 0	
  .000037	-.1843137	 0	
  .0000371	-.1843137	 0	
  .0000372	-.1843137	 0	
  .0000373	-.1686275	 0	
  .0000374	-.1686275	 0	
  .0000375	-.1686275	 0	
  .0000376	-.1607843	 0	
  .0000377	-.1529412	 0	
  .0000378	-.1529412	 0	
  .0000379	-.1529412	 0	
  .000038	-.1529412	 0	
  .0000381	-.1372549	 0	
  .0000382	-.1372549	 0	
  .0000383	-.145098	 0	
  .0000384	-.1372549	 0	
  .0000385	-.1294118	 0	
  .0000386	-.1137255	 0	
  .0000387	-.1137255	 0	
  .0000388	-.1137255	 0	
  .0000389	-.1137255	 0	
  .000039	-.1137255	 0	
  .0000391	-.1137255	 0	
  .0000392	-.1137255	 0	
  .0000393	-9.019608E-02	 0	
  .0000394	-9.803922E-02	 0	
  .0000395	-9.019608E-02	 0	
  .0000396	-9.019608E-02	 0	
  .0000397	-8.235294E-02	 0	
  .0000398	-7.450981E-02	 0	
  .0000399	-7.450981E-02	 0	
  .00004	-7.450981E-02	 0	
  .0000401	-6.666667E-02	 0	
  .0000402	-5.882353E-02	 0	
  .0000403	-6.666667E-02	 0	
  .0000404	-5.882353E-02	 0	
  .0000405	-5.098039E-02	 0	
  .0000406	-4.313726E-02	 0	
  .0000407	-5.098039E-02	 0	
  .0000408	-4.313726E-02	 0	
  .0000409	-2.745098E-02	 0	
  .000041	-4.313726E-02	 0	
  .0000411	-2.745098E-02	 0	
  .0000412	-2.745098E-02	 0	
  .0000413	-1.960784E-02	 0	
  .0000414	-1.960784E-02	 0	
  .0000415	-1.176471E-02	 0	
  .0000416	 3.921569E-03	 0	
  .0000417	-3.921569E-03	 0	
  .0000418	 3.921569E-03	 0	
  .0000419	-3.921569E-03	 0	
  .000042	 1.176471E-02	 0	
  .0000421	 1.960784E-02	 0	
  .0000422	 3.529412E-02	 0	
  .0000423	 2.745098E-02	 0	
  .0000424	 2.745098E-02	 0	
  .0000425	 3.529412E-02	 0	
  .0000426	 2.745098E-02	 0	
  .0000427	 4.313726E-02	 0	
  .0000428	 5.098039E-02	 0	
  .0000429	 4.313726E-02	 0	
  .000043	 5.098039E-02	 0	
  .0000431	 5.882353E-02	 0	
  .0000432	 6.666667E-02	 0	
  .0000433	 5.882353E-02	 0	
  .0000434	 6.666667E-02	 0	
  .0000435	 7.450981E-02	 0	
  .0000436	 6.666667E-02	 0	
  .0000437	 7.450981E-02	 0	
  .0000438	 8.235294E-02	 0	
  .0000439	 8.235294E-02	 0	
  .000044	 8.235294E-02	 0	
  .0000441	 9.019608E-02	 0	
  .0000442	 9.019608E-02	 0	
  .0000443	 9.019608E-02	 0	
  .0000444	 .1137255	 0	
  .0000445	 .1058824	 0	
  .0000446	 .1058824	 0	
  .0000447	 9.803922E-02	 0	
  .0000448	 .1137255	 0	
  .0000449	 .1215686	 0	
  .000045	 .1294118	 0	
  .0000451	 .1294118	 0	
  .0000452	 .1294118	 0	
  .0000453	 .1294118	 0	
  .0000454	 .1372549	 0	
  .0000455	 .145098	 0	
  .0000456	 .1372549	 0	
  .0000457	 .145098	 0	
  .0000458	 .145098	 0	
  .0000459	 .145098	 0	
  .000046	 .145098	 0	
  .0000461	 .1686275	 0	
  .0000462	 .1529412	 0	
  .0000463	 .1607843	 0	
  .0000464	 .1686275	 0	
  .0000465	 .1607843	 0	
  .0000466	 .1686275	 0	
  .0000467	 .1764706	 0	
  .0000468	 .1764706	 0	
  .0000469	 .1686275	 0	
  .000047	 .1843137	 0	
  .0000471	 .1921569	 0	
  .0000472	 .1843137	 0	
  .0000473	 .1843137	 0	
  .0000474	 .2	 0	
  .0000475	 .1921569	 0	
  .0000476	 .1921569	 0	
  .0000477	 .2078431	 0	
  .0000478	 .2	 0	
  .0000479	 .2	 0	
  .000048	 .2156863	 0	
  .0000481	 .2156863	 0	
  .0000482	 .2156863	 0	
  .0000483	 .2156863	 0	
  .0000484	 .2235294	 0	
  .0000485	 .2156863	 0	
  .0000486	 .2235294	 0	
  .0000487	 .2313726	 0	
  .0000488	 .2392157	 0	
  .0000489	 .2313726	 0	
  .000049	 .2392157	 0	
  .0000491	 .2313726	 0	
  .0000492	 .2470588	 0	
  .0000493	 .2392157	 0	
  .0000494	 .2392157	 0	
  .0000495	 .254902	 0	
  .0000496	 .254902	 0	
  .0000497	 .2392157	 0	
  .0000498	 .254902	 0	
  .0000499	 .2392157	 0	
  .00005	 .2627451	 0	
  .0000501	 .2470588	 0	
  .0000502	 .2627451	 0	
  .0000503	 .254902	 0	
  .0000504	 .2627451	 0	
  .0000505	 .254902	 0	
  .0000506	 .2627451	 0	
  .0000507	 .2627451	 0	
  .0000508	 .2627451	 0	
  .0000509	 .254902	 0	
  .000051	 .2627451	 0	
  .0000511	 .2705882	 0	
  .0000512	 .2784314	 0	
  .0000513	 .2705882	 0	
  .0000514	 .2705882	 0	
  .0000515	 .2705882	 0	
  .0000516	 .2705882	 0	
  .0000517	 .2784314	 0	
  .0000518	 .2705882	 0	
  .0000519	 .2784314	 0	
  .000052	 .2862745	 0	
  .0000521	 .2941177	 0	
  .0000522	 .2784314	 0	
  .0000523	 .2862745	 0	
  .0000524	 .2862745	 0	
  .0000525	 .2784314	 0	
  .0000526	 .2941177	 0	
  .0000527	 .2862745	 0	
  .0000528	 .2862745	 0	
  .0000529	 .2941177	 0	
  .000053	 .2941177	 0	
  .0000531	 .2941177	 0	
  .0000532	 .2862745	 0	
  .0000533	 .3019608	 0	
  .0000534	 .2941177	 0	
  .0000535	 .2941177	 0	
  .0000536	 .2941177	 0	
  .0000537	 .2941177	 0	
  .0000538	 .2941177	 0	
  .0000539	 .2941177	 0	
  .000054	 .2941177	 0	
  .0000541	 .2862745	 0	
  .0000542	 .2862745	 0	
  .0000543	 .3098039	 0	
  .0000544	 .3019608	 0	
  .0000545	 .2941177	 0	
  .0000546	 .2941177	 0	
  .0000547	 .2941177	 0	
  .0000548	 .2941177	 0	
  .0000549	 .2941177	 0	
  .000055	 .3019608	 0	
  .0000551	 .2941177	 0	
  .0000552	 .2862745	 0	
  .0000553	 .2941177	 0	
  .0000554	 .3019608	 0	
  .0000555	 .2941177	 0	
  .0000556	 .2941177	 0	
  .0000557	 .2862745	 0	
  .0000558	 .2862745	 0	
  .0000559	 .3019608	 0	
  .000056	 .3019608	 0	
  .0000561	 .2941177	 0	
  .0000562	 .3019608	 0	
  .0000563	 .2941177	 0	
  .0000564	 .2862745	 0	
  .0000565	 .2862745	 0	
  .0000566	 .3019608	 0	
  .0000567	 .2862745	 0	
  .0000568	 .2862745	 0	
  .0000569	 .2862745	 0	
  .000057	 .2941177	 0	
  .0000571	 .2784314	 0	
  .0000572	 .2862745	 0	
  .0000573	 .2862745	 0	
  .0000574	 .2862745	 0	
  .0000575	 .2862745	 0	
  .0000576	 .2862745	 0	
  .0000577	 .2784314	 0	
  .0000578	 .2784314	 0	
  .0000579	 .2862745	 0	
  .000058	 .2705882	 0	
  .0000581	 .2784314	 0	
  .0000582	 .2627451	 0	
  .0000583	 .2784314	 0	
  .0000584	 .2784314	 0	
  .0000585	 .2784314	 0	
  .0000586	 .2784314	 0	
  .0000587	 .2784314	 0	
  .0000588	 .2784314	 0	
  .0000589	 .2705882	 0	
  .000059	 .2627451	 0	
  .0000591	 .2784314	 0	
  .0000592	 .2784314	 0	
  .0000593	 .2705882	 0	
  .0000594	 .2784314	 0	
  .0000595	 .2784314	 0	
  .0000596	 .2705882	 0	
  .0000597	 .2627451	 0	
  .0000598	 .2627451	 0	
  .0000599	 .2705882	 0	
  .00006	 .2705882	 0	
  .0000601	 .254902	 0	
  .0000602	 .2627451	 0	
  .0000603	 .2627451	 0	
  .0000604	 .254902	 0	
  .0000605	 .254902	 0	
  .0000606	 .2627451	 0	
  .0000607	 .2470588	 0	
  .0000608	 .2470588	 0	
  .0000609	 .2470588	 0	
  .000061	 .2470588	 0	
  .0000611	 .2470588	 0	
  .0000612	 .2470588	 0	
  .0000613	 .2392157	 0	
  .0000614	 .2313726	 0	
  .0000615	 .2313726	 0	
  .0000616	 .2313726	 0	
  .0000617	 .2313726	 0	
  .0000618	 .2235294	 0	
  .0000619	 .2235294	 0	
  .000062	 .2392157	 0	
  .0000621	 .2313726	 0	
  .0000622	 .2235294	 0	
  .0000623	 .2156863	 0	
  .0000624	 .2235294	 0	
  .0000625	 .2156863	 0	
  .0000626	 .2156863	 0	
  .0000627	 .2156863	 0	
  .0000628	 .2	 0	
  .0000629	 .2078431	 0	
  .000063	 .2078431	 0	
  .0000631	 .2	 0	
  .0000632	 .2078431	 0	
  .0000633	 .2	 0	
  .0000634	 .2	 0	
  .0000635	 .2	 0	
  .0000636	 .1921569	 0	
  .0000637	 .1843137	 0	
  .0000638	 .1921569	 0	
  .0000639	 .1921569	 0	
  .000064	 .1843137	 0	
  .0000641	 .1843137	 0	
  .0000642	 .1843137	 0	
  .0000643	 .1764706	 0	
  .0000644	 .1764706	 0	
  .0000645	 .1686275	 0	
  .0000646	 .1764706	 0	
  .0000647	 .1686275	 0	
  .0000648	 .1607843	 0	
  .0000649	 .1686275	 0	
  .000065	 .1607843	 0	
  .0000651	 .1529412	 0	
  .0000652	 .1607843	 0	
  .0000653	 .1607843	 0	
  .0000654	 .145098	 0	
  .0000655	 .1372549	 0	
  .0000656	 .1372549	 0	
  .0000657	 .1372549	 0	
  .0000658	 .1372549	 0	
  .0000659	 .145098	 0	
  .000066	 .1372549	 0	
  .0000661	 .145098	 0	
  .0000662	 .1294118	 0	
  .0000663	 .1215686	 0	
  .0000664	 .1137255	 0	
  .0000665	 .1215686	 0	
  .0000666	 .1215686	 0	
  .0000667	 .1215686	 0	
  .0000668	 .1058824	 0	
  .0000669	 .1137255	 0	
  .000067	 9.803922E-02	 0	
  .0000671	 9.803922E-02	 0	
  .0000672	 .1137255	 0	
  .0000673	 9.803922E-02	 0	
  .0000674	 9.803922E-02	 0	
  .0000675	 9.803922E-02	 0	
  .0000676	 9.019608E-02	 0	
  .0000677	 9.019608E-02	 0	
  .0000678	 9.019608E-02	 0	
  .0000679	 8.235294E-02	 0	
  .000068	 7.450981E-02	 0	
  .0000681	 7.450981E-02	 0	
  .0000682	 7.450981E-02	 0	
  .0000683	 6.666667E-02	 0	
  .0000684	 6.666667E-02	 0	
  .0000685	 6.666667E-02	 0	
  .0000686	 6.666667E-02	 0	
  .0000687	 6.666667E-02	 0	
  .0000688	 5.882353E-02	 0	
  .0000689	 5.098039E-02	 0	
  .000069	 5.098039E-02	 0	
  .0000691	 5.098039E-02	 0	
  .0000692	 5.098039E-02	 0	
  .0000693	 5.098039E-02	 0	
  .0000694	 5.098039E-02	 0	
  .0000695	 4.313726E-02	 0	
  .0000696	 3.529412E-02	 0	
  .0000697	 3.529412E-02	 0	
  .0000698	 3.529412E-02	 0	
  .0000699	 3.529412E-02	 0	
  .00007	 2.745098E-02	 0	
  .0000701	 2.745098E-02	 0	
  .0000702	 1.960784E-02	 0	
  .0000703	 1.176471E-02	 0	
  .0000704	 1.176471E-02	 0	
  .0000705	 1.960784E-02	 0	
  .0000706	 1.176471E-02	 0	
  .0000707	 3.921569E-03	 0	
  .0000708	 3.921569E-03	 0	
  .0000709	-3.921569E-03	 0	
  .000071	 3.921569E-03	 0	
  .0000711	-1.176471E-02	 0	
  .0000712	-1.176471E-02	 0	
  .0000713	-1.176471E-02	 0	
  .0000714	-1.960784E-02	 0	
  .0000715	-1.176471E-02	 0	
  .0000716	-2.745098E-02	 0	
  .0000717	-1.960784E-02	 0	
  .0000718	-1.960784E-02	 0	
  .0000719	-2.745098E-02	 0	
  .000072	-1.960784E-02	 0	
  .0000721	-3.529412E-02	 0	
  .0000722	-3.529412E-02	 0	
  .0000723	-4.313726E-02	 0	
  .0000724	-3.529412E-02	 0	
  .0000725	-4.313726E-02	 0	
  .0000726	-5.098039E-02	 0	
  .0000727	-5.098039E-02	 0	
  .0000728	-5.098039E-02	 0	
  .0000729	-5.098039E-02	 0	
  .000073	-5.882353E-02	 0	
  .0000731	-6.666667E-02	 0	
  .0000732	-5.882353E-02	 0	
  .0000733	-5.882353E-02	 0	
  .0000734	-6.666667E-02	 0	
  .0000735	-6.666667E-02	 0	
  .0000736	-7.450981E-02	 0	
  .0000737	-6.666667E-02	 0	
  .0000738	-7.450981E-02	 0	
  .0000739	-7.450981E-02	 0	
  .000074	-8.235294E-02	 0	
  .0000741	-8.235294E-02	 0	
  .0000742	-8.235294E-02	 0	
  .0000743	-9.019608E-02	 0	
  .0000744	-9.803922E-02	 0	
  .0000745	-9.019608E-02	 0	
  .0000746	-8.235294E-02	 0	
  .0000747	-9.019608E-02	 0	
  .0000748	-9.019608E-02	 0	
  .0000749	-.1058824	 0	
  .000075	-.1137255	 0	
  .0000751	-.1058824	 0	
  .0000752	-.1058824	 0	
  .0000753	-.1058824	 0	
  .0000754	-.1137255	 0	
  .0000755	-.1058824	 0	
  .0000756	-.1215686	 0	
  .0000757	-.1137255	 0	
  .0000758	-.1137255	 0	
  .0000759	-.1294118	 0	
  .000076	-.1215686	 0	
  .0000761	-.1294118	 0	
  .0000762	-.1294118	 0	
  .0000763	-.1372549	 0	
  .0000764	-.1215686	 0	
  .0000765	-.1294118	 0	
  .0000766	-.1372549	 0	
  .0000767	-.1372549	 0	
  .0000768	-.145098	 0	
  .0000769	-.145098	 0	
  .000077	-.145098	 0	
  .0000771	-.145098	 0	
  .0000772	-.145098	 0	
  .0000773	-.1529412	 0	
  .0000774	-.145098	 0	
  .0000775	-.1529412	 0	
  .0000776	-.1529412	 0	
  .0000777	-.1529412	 0	
  .0000778	-.1529412	 0	
  .0000779	-.1607843	 0	
  .000078	-.1607843	 0	
  .0000781	-.1607843	 0	
  .0000782	-.1607843	 0	
  .0000783	-.1607843	 0	
  .0000784	-.1686275	 0	
  .0000785	-.1607843	 0	
  .0000786	-.1686275	 0	
  .0000787	-.1764706	 0	
  .0000788	-.1686275	 0	
  .0000789	-.1686275	 0	
  .000079	-.1686275	 0	
  .0000791	-.1686275	 0	
  .0000792	-.1764706	 0	
  .0000793	-.1764706	 0	
  .0000794	-.1843137	 0	
  .0000795	-.1764706	 0	
  .0000796	-.1686275	 0	
  .0000797	-.1764706	 0	
  .0000798	-.1764706	 0	
  .0000799	-.1843137	 0	
  .00008	-.1843137	 0	
  .0000801	-.1843137	 0	
  .0000802	-.1843137	 0	
  .0000803	-.1921569	 0	
  .0000804	-.1843137	 0	
  .0000805	-.1843137	 0	
  .0000806	-.1921569	 0	
  .0000807	-.1921569	 0	
  .0000808	-.2	 0	
  .0000809	-.1921569	 0	
  .000081	-.1921569	 0	
  .0000811	-.1921569	 0	
  .0000812	-.1921569	 0	
  .0000813	-.1921569	 0	
  .0000814	-.1921569	 0	
  .0000815	-.2	 0	
  .0000816	-.2	 0	
  .0000817	-.2	 0	
  .0000818	-.2	 0	
  .0000819	-.2	 0	
  .000082	-.2	 0	
  .0000821	-.1921569	 0	
  .0000822	-.1921569	 0	
  .0000823	-.1921569	 0	
  .0000824	-.2	 0	
  .0000825	-.1921569	 0	
  .0000826	-.2	 0	
  .0000827	-.2	 0	
  .0000828	-.2	 0	
  .0000829	-.2	 0	
  .000083	-.2	 0	
  .0000831	-.2078431	 0	
  .0000832	-.1921569	 0	
  .0000833	-.2	 0	
  .0000834	-.2078431	 0	
  .0000835	-.1921569	 0	
  .0000836	-.2078431	 0	
  .0000837	-.2078431	 0	
  .0000838	-.2078431	 0	
  .0000839	-.2078431	 0	
  .000084	-.2	 0	
  .0000841	-.2	 0	
  .0000842	-.2	 0	
  .0000843	-.2	 0	
  .0000844	-.2078431	 0	
  .0000845	-.1921569	 0	
  .0000846	-.2	 0	
  .0000847	-.1921569	 0	
  .0000848	-.2	 0	
  .0000849	-.2	 0	
  .000085	-.2	 0	
  .0000851	-.2	 0	
  .0000852	-.2	 0	
  .0000853	-.2	 0	
  .0000854	-.2078431	 0	
  .0000855	-.2	 0	
  .0000856	-.2	 0	
  .0000857	-.2	 0	
  .0000858	-.1921569	 0	
  .0000859	-.1921569	 0	
  .000086	-.1921569	 0	
  .0000861	-.2	 0	
  .0000862	-.2	 0	
  .0000863	-.1843137	 0	
  .0000864	-.2	 0	
  .0000865	-.1921569	 0	
  .0000866	-.1921569	 0	
  .0000867	-.2078431	 0	
  .0000868	-.2	 0	
  .0000869	-.1921569	 0	
  .000087	-.1921569	 0	
  .0000871	-.1921569	 0	
  .0000872	-.1921569	 0	
  .0000873	-.1843137	 0	
  .0000874	-.1921569	 0	
  .0000875	-.1843137	 0	
  .0000876	-.1843137	 0	
  .0000877	-.1764706	 0	
  .0000878	-.1843137	 0	
  .0000879	-.1843137	 0	
  .000088	-.1843137	 0	
  .0000881	-.1764706	 0	
  .0000882	-.1764706	 0	
  .0000883	-.1843137	 0	
  .0000884	-.1764706	 0	
  .0000885	-.1686275	 0	
  .0000886	-.1764706	 0	
  .0000887	-.1764706	 0	
  .0000888	-.1607843	 0	
  .0000889	-.1764706	 0	
  .000089	-.1686275	 0	
  .0000891	-.1607843	 0	
  .0000892	-.1764706	 0	
  .0000893	-.1686275	 0	
  .0000894	-.1686275	 0	
  .0000895	-.1607843	 0	
  .0000896	-.1607843	 0	
  .0000897	-.1607843	 0	
  .0000898	-.1686275	 0	
  .0000899	-.1529412	 0	
  .00009	-.1529412	 0	
  .0000901	-.1607843	 0	
  .0000902	-.1529412	 0	
  .0000903	-.1529412	 0	
  .0000904	-.145098	 0	
  .0000905	-.1529412	 0	
  .0000906	-.1529412	 0	
  .0000907	-.145098	 0	
  .0000908	-.145098	 0	
  .0000909	-.1607843	 0	
  .000091	-.145098	 0	
  .0000911	-.145098	 0	
  .0000912	-.1529412	 0	
  .0000913	-.1372549	 0	
  .0000914	-.1372549	 0	
  .0000915	-.1294118	 0	
  .0000916	-.1372549	 0	
  .0000917	-.1294118	 0	
  .0000918	-.1294118	 0	
  .0000919	-.1294118	 0	
  .000092	-.1215686	 0	
  .0000921	-.1294118	 0	
  .0000922	-.1215686	 0	
  .0000923	-.1215686	 0	
  .0000924	-.1215686	 0	
  .0000925	-.1215686	 0	
  .0000926	-.1215686	 0	
  .0000927	-.1058824	 0	
  .0000928	-.1215686	 0	
  .0000929	-.1058824	 0	
  .000093	-.1137255	 0	
  .0000931	-.1058824	 0	
  .0000932	-.1137255	 0	
  .0000933	-.1137255	 0	
  .0000934	-.1058824	 0	
  .0000935	-.1058824	 0	
  .0000936	-.1058824	 0	
  .0000937	-9.803922E-02	 0	
  .0000938	-9.803922E-02	 0	
  .0000939	-8.235294E-02	 0	
  .000094	-9.019608E-02	 0	
  .0000941	-9.019608E-02	 0	
  .0000942	-9.019608E-02	 0	
  .0000943	-9.019608E-02	 0	
  .0000944	-8.235294E-02	 0	
  .0000945	-8.235294E-02	 0	
  .0000946	-8.235294E-02	 0	
  .0000947	-7.450981E-02	 0	
  .0000948	-7.450981E-02	 0	
  .0000949	-7.450981E-02	 0	
  .000095	-7.450981E-02	 0	
  .0000951	-7.450981E-02	 0	
  .0000952	-6.666667E-02	 0	
  .0000953	-6.666667E-02	 0	
  .0000954	-5.882353E-02	 0	
  .0000955	-5.882353E-02	 0	
  .0000956	-5.882353E-02	 0	
  .0000957	-5.882353E-02	 0	
  .0000958	-5.098039E-02	 0	
  .0000959	-5.882353E-02	 0	
  .000096	-5.882353E-02	 0	
  .0000961	-5.882353E-02	 0	
  .0000962	-3.529412E-02	 0	
  .0000963	-3.529412E-02	 0	
  .0000964	-3.529412E-02	 0	
  .0000965	-3.529412E-02	 0	
  .0000966	-4.313726E-02	 0	
  .0000967	-5.098039E-02	 0	
  .0000968	-4.313726E-02	 0	
  .0000969	-2.745098E-02	 0	
  .000097	-3.529412E-02	 0	
  .0000971	-2.745098E-02	 0	
  .0000972	-2.745098E-02	 0	
  .0000973	-3.529412E-02	 0	
  .0000974	-1.960784E-02	 0	
  .0000975	-2.745098E-02	 0	
  .0000976	-2.745098E-02	 0	
  .0000977	-1.960784E-02	 0	
  .0000978	-1.960784E-02	 0	
  .0000979	-1.960784E-02	 0	
  .000098	-1.176471E-02	 0	
  .0000981	-1.176471E-02	 0	
  .0000982	-3.921569E-03	 0	
  .0000983	-3.921569E-03	 0	
  .0000984	-3.921569E-03	 0	
  .0000985	-3.921569E-03	 0	
  .0000986	-1.176471E-02	 0	
  .0000987	 1.176471E-02	 0	
  .0000988	 3.921569E-03	 0	
  .0000989	 1.176471E-02	 0	
  .000099	 3.921569E-03	 0	
  .0000991	 1.176471E-02	 0	
  .0000992	 1.176471E-02	 0	
  .0000993	 1.960784E-02	 0	
  .0000994	 1.960784E-02	 0	
  .0000995	 1.960784E-02	 0	
  .0000996	 2.745098E-02	 0	
  .0000997	 2.745098E-02	 0	
  .0000998	 1.960784E-02	 0	
  .0000999	 1.960784E-02	 0	
  .0001	 3.529412E-02	 0	
  .0001001	 3.529412E-02	 0	
  .0001002	 4.313726E-02	 0	
  .0001003	 3.529412E-02	 0	
  .0001004	 2.745098E-02	 0	
  .0001005	 3.529412E-02	 0	
  .0001006	 4.313726E-02	 0	
  .0001007	 5.098039E-02	 0	
  .0001008	 4.313726E-02	 0	
  .0001009	 4.313726E-02	 0	
  .000101	 4.313726E-02	 0	
  .0001011	 4.313726E-02	 0	
  .0001012	 4.313726E-02	 0	
  .0001013	 5.098039E-02	 0	
  .0001014	 5.098039E-02	 0	
  .0001015	 6.666667E-02	 0	
  .0001016	 6.666667E-02	 0	
  .0001017	 5.882353E-02	 0	
  .0001018	 6.666667E-02	 0	
  .0001019	 6.666667E-02	 0	
  .000102	 6.666667E-02	 0	
  .0001021	 6.666667E-02	 0	
  .0001022	 6.666667E-02	 0	
  .0001023	 7.450981E-02	 0	
  .0001024	 7.450981E-02	 0	
  .0001025	 7.450981E-02	 0	
  .0001026	 8.235294E-02	 0	
  .0001027	 8.235294E-02	 0	
  .0001028	 8.235294E-02	 0	
  .0001029	 8.235294E-02	 0	
  .000103	 8.235294E-02	 0	
  .0001031	 9.019608E-02	 0	
  .0001032	 9.019608E-02	 0	
  .0001033	 9.803922E-02	 0	
  .0001034	 9.803922E-02	 0	
  .0001035	 9.019608E-02	 0	
  .0001036	 9.803922E-02	 0	
  .0001037	 9.019608E-02	 0	
  .0001038	 .1058824	 0	
  .0001039	 .1058824	 0	
  .000104	 9.803922E-02	 0	
  .0001041	 .1058824	 0	
  .0001042	 9.803922E-02	 0	
  .0001043	 .1215686	 0	
  .0001044	 .1058824	 0	
  .0001045	 .1058824	 0	
  .0001046	 .1058824	 0	
  .0001047	 .1137255	 0	
  .0001048	 .1137255	 0	
  .0001049	 .1215686	 0	
  .000105	 .1215686	 0	
  .0001051	 .1215686	 0	
  .0001052	 .1137255	 0	
  .0001053	 .1215686	 0	
  .0001054	 .1294118	 0	
  .0001055	 .1372549	 0	
  .0001056	 .1215686	 0	
  .0001057	 .1294118	 0	
  .0001058	 .1294118	 0	
  .0001059	 .1294118	 0	
  .000106	 .1137255	 0	
  .0001061	 .1372549	 0	
  .0001062	 .1372549	 0	
  .0001063	 .1294118	 0	
  .0001064	 .1372549	 0	
  .0001065	 .145098	 0	
  .0001066	 .1372549	 0	
  .0001067	 .145098	 0	
  .0001068	 .1372549	 0	
  .0001069	 .145098	 0	
  .000107	 .1529412	 0	
  .0001071	 .145098	 0	
  .0001072	 .145098	 0	
  .0001073	 .145098	 0	
  .0001074	 .1529412	 0	
  .0001075	 .1372549	 0	
  .0001076	 .145098	 0	
  .0001077	 .145098	 0	
  .0001078	 .145098	 0	
  .0001079	 .145098	 0	
  .000108	 .1529412	 0	
  .0001081	 .1529412	 0	
  .0001082	 .1607843	 0	
  .0001083	 .1529412	 0	
  .0001084	 .1529412	 0	
  .0001085	 .1529412	 0	
  .0001086	 .1686275	 0	
  .0001087	 .1607843	 0	
  .0001088	 .1607843	 0	
  .0001089	 .1607843	 0	
  .000109	 .1686275	 0	
  .0001091	 .1529412	 0	
  .0001092	 .1686275	 0	
  .0001093	 .1607843	 0	
  .0001094	 .1764706	 0	
  .0001095	 .1686275	 0	
  .0001096	 .1607843	 0	
  .0001097	 .1686275	 0	
  .0001098	 .1686275	 0	
  .0001099	 .1686275	 0	
  .00011	 .1686275	 0	
  .0001101	 .1764706	 0	
  .0001102	 .1764706	 0	
  .0001103	 .1686275	 0	
  .0001104	 .1686275	 0	
  .0001105	 .1686275	 0	
  .0001106	 .1764706	 0	
  .0001107	 .1607843	 0	
  .0001108	 .1686275	 0	
  .0001109	 .1686275	 0	
  .000111	 .1529412	 0	
  .0001111	 .1686275	 0	
  .0001112	 .1686275	 0	
  .0001113	 .1607843	 0	
  .0001114	 .1764706	 0	
  .0001115	 .1843137	 0	
  .0001116	 .1764706	 0	
  .0001117	 .1686275	 0	
  .0001118	 .1686275	 0	
  .0001119	 .1607843	 0	
  .000112	 .1764706	 0	
  .0001121	 .1764706	 0	
  .0001122	 .1607843	 0	
  .0001123	 .1686275	 0	
  .0001124	 .1764706	 0	
  .0001125	 .1686275	 0	
  .0001126	 .1686275	 0	
  .0001127	 .1607843	 0	
  .0001128	 .1686275	 0	
  .0001129	 .1764706	 0	
  .000113	 .1686275	 0	
  .0001131	 .1686275	 0	
  .0001132	 .1607843	 0	
  .0001133	 .1686275	 0	
  .0001134	 .1607843	 0	
  .0001135	 .1686275	 0	
  .0001136	 .1686275	 0	
  .0001137	 .1843137	 0	
  .0001138	 .1686275	 0	
  .0001139	 .1607843	 0	
  .000114	 .1607843	 0	
  .0001141	 .1607843	 0	
  .0001142	 .1607843	 0	
  .0001143	 .1607843	 0	
  .0001144	 .1764706	 0	
  .0001145	 .1686275	 0	
  .0001146	 .1529412	 0	
  .0001147	 .1607843	 0	
  .0001148	 .1607843	 0	
  .0001149	 .1607843	 0	
  .000115	 .1607843	 0	
  .0001151	 .1529412	 0	
  .0001152	 .1529412	 0	
  .0001153	 .1607843	 0	
  .0001154	 .1686275	 0	
  .0001155	 .1607843	 0	
  .0001156	 .1686275	 0	
  .0001157	 .1529412	 0	
  .0001158	 .1529412	 0	
  .0001159	 .145098	 0	
  .000116	 .1686275	 0	
  .0001161	 .1607843	 0	
  .0001162	 .1607843	 0	
  .0001163	 .1529412	 0	
  .0001164	 .1529412	 0	
  .0001165	 .1529412	 0	
  .0001166	 .1529412	 0	
  .0001167	 .1529412	 0	
  .0001168	 .1529412	 0	
  .0001169	 .145098	 0	
  .000117	 .1529412	 0	
  .0001171	 .145098	 0	
  .0001172	 .1372549	 0	
  .0001173	 .145098	 0	
  .0001174	 .1372549	 0	
  .0001175	 .1372549	 0	
  .0001176	 .145098	 0	
  .0001177	 .1372549	 0	
  .0001178	 .145098	 0	
  .0001179	 .145098	 0	
  .000118	 .145098	 0	
  .0001181	 .1372549	 0	
  .0001182	 .1372549	 0	
  .0001183	 .145098	 0	
  .0001184	 .1294118	 0	
  .0001185	 .145098	 0	
  .0001186	 .1372549	 0	
  .0001187	 .1372549	 0	
  .0001188	 .1372549	 0	
  .0001189	 .1372549	 0	
  .000119	 .1215686	 0	
  .0001191	 .1294118	 0	
  .0001192	 .1294118	 0	
  .0001193	 .1294118	 0	
  .0001194	 .1372549	 0	
  .0001195	 .1215686	 0	
  .0001196	 .1215686	 0	
  .0001197	 .1294118	 0	
  .0001198	 .1294118	 0	
  .0001199	 .1215686	 0	
  .00012	 .1294118	 0	
  .0001201	 .1137255	 0	
  .0001202	 .1137255	 0	
  .0001203	 .1215686	 0	
  .0001204	 .1137255	 0	
  .0001205	 .1215686	 0	
  .0001206	 .1058824	 0	
  .0001207	 9.803922E-02	 0	
  .0001208	 9.803922E-02	 0	
  .0001209	 .1058824	 0	
  .000121	 9.803922E-02	 0	
  .0001211	 .1058824	 0	
  .0001212	 9.803922E-02	 0	
  .0001213	 .1058824	 0	
  .0001214	 .1137255	 0	
  .0001215	 .1058824	 0	
  .0001216	 9.803922E-02	 0	
  .0001217	 .1058824	 0	
  .0001218	 9.019608E-02	 0	
  .0001219	 .1058824	 0	
  .000122	 9.803922E-02	 0	
  .0001221	 9.803922E-02	 0	
  .0001222	 9.019608E-02	 0	
  .0001223	 7.450981E-02	 0	
  .0001224	 8.235294E-02	 0	
  .0001225	 8.235294E-02	 0	
  .0001226	 7.450981E-02	 0	
  .0001227	 7.450981E-02	 0	
  .0001228	 8.235294E-02	 0	
  .0001229	 8.235294E-02	 0	
  .000123	 8.235294E-02	 0	
  .0001231	 7.450981E-02	 0	
  .0001232	 7.450981E-02	 0	
  .0001233	 7.450981E-02	 0	
  .0001234	 7.450981E-02	 0	
  .0001235	 6.666667E-02	 0	
  .0001236	 9.019608E-02	 0	
  .0001237	 6.666667E-02	 0	
  .0001238	 6.666667E-02	 0	
  .0001239	 5.882353E-02	 0	
  .000124	 5.882353E-02	 0	
  .0001241	 6.666667E-02	 0	
  .0001242	 5.882353E-02	 0	
  .0001243	 6.666667E-02	 0	
  .0001244	 5.882353E-02	 0	
  .0001245	 5.882353E-02	 0	
  .0001246	 5.098039E-02	 0	
  .0001247	 5.098039E-02	 0	
  .0001248	 5.098039E-02	 0	
  .0001249	 5.098039E-02	 0	
  .000125	 4.313726E-02	 0	
  .0001251	 4.313726E-02	 0	
  .0001252	 4.313726E-02	 0	
  .0001253	 5.098039E-02	 0	
  .0001254	 4.313726E-02	 0	
  .0001255	 5.098039E-02	 0	
  .0001256	 4.313726E-02	 0	
  .0001257	 2.745098E-02	 0	
  .0001258	 2.745098E-02	 0	
  .0001259	 3.529412E-02	 0	
  .000126	 3.529412E-02	 0	
  .0001261	 3.529412E-02	 0	
  .0001262	 2.745098E-02	 0	
  .0001263	 2.745098E-02	 0	
  .0001264	 1.960784E-02	 0	
  .0001265	 2.745098E-02	 0	
  .0001266	 2.745098E-02	 0	
  .0001267	 2.745098E-02	 0	
  .0001268	 1.960784E-02	 0	
  .0001269	 1.960784E-02	 0	
  .000127	 1.176471E-02	 0	
  .0001271	 1.960784E-02	 0	
  .0001272	 1.960784E-02	 0	
  .0001273	 1.176471E-02	 0	
  .0001274	 3.921569E-03	 0	
  .0001275	 3.921569E-03	 0	
  .0001276	 3.921569E-03	 0	
  .0001277	 3.921569E-03	 0	
  .0001278	-3.921569E-03	 0	
  .0001279	 1.176471E-02	 0	
  .000128	 1.176471E-02	 0	
  .0001281	 3.921569E-03	 0	
  .0001282	-1.176471E-02	 0	
  .0001283	-1.176471E-02	 0	
  .0001284	 3.921569E-03	 0	
  .0001285	-3.921569E-03	 0	
  .0001286	-3.921569E-03	 0	
  .0001287	-1.176471E-02	 0	
  .0001288	-3.921569E-03	 0	
  .0001289	-1.176471E-02	 0	
  .000129	-1.176471E-02	 0	
  .0001291	-1.176471E-02	 0	
  .0001292	-1.176471E-02	 0	
  .0001293	-1.176471E-02	 0	
  .0001294	-2.745098E-02	 0	
  .0001295	-1.960784E-02	 0	
  .0001296	-2.745098E-02	 0	
  .0001297	-1.960784E-02	 0	
  .0001298	-2.745098E-02	 0	
  .0001299	-2.745098E-02	 0	
  .00013	-1.960784E-02	 0	
  .0001301	-3.529412E-02	 0	
  .0001302	-3.529412E-02	 0	
  .0001303	-3.529412E-02	 0	
  .0001304	-3.529412E-02	 0	
  .0001305	-3.529412E-02	 0	
  .0001306	-4.313726E-02	 0	
  .0001307	-4.313726E-02	 0	
  .0001308	-4.313726E-02	 0	
  .0001309	-3.529412E-02	 0	
  .000131	-4.313726E-02	 0	
  .0001311	-3.529412E-02	 0	
  .0001312	-4.313726E-02	 0	
  .0001313	-3.529412E-02	 0	
  .0001314	-4.313726E-02	 0	
  .0001315	-5.098039E-02	 0	
  .0001316	-5.098039E-02	 0	
  .0001317	-5.098039E-02	 0	
  .0001318	-4.313726E-02	 0	
  .0001319	-4.313726E-02	 0	
  .000132	-5.882353E-02	 0	
  .0001321	-5.098039E-02	 0	
  .0001322	-5.882353E-02	 0	
  .0001323	-5.098039E-02	 0	
  .0001324	-5.098039E-02	 0	
  .0001325	-5.882353E-02	 0	
  .0001326	-5.882353E-02	 0	
  .0001327	-6.666667E-02	 0	
  .0001328	-5.882353E-02	 0	
  .0001329	-5.882353E-02	 0	
  .000133	-6.666667E-02	 0	
  .0001331	-5.882353E-02	 0	
  .0001332	-6.666667E-02	 0	
  .0001333	-6.666667E-02	 0	
  .0001334	-7.450981E-02	 0	
  .0001335	-5.882353E-02	 0	
  .0001336	-6.666667E-02	 0	
  .0001337	-6.666667E-02	 0	
  .0001338	-6.666667E-02	 0	
  .0001339	-7.450981E-02	 0	
  .000134	-6.666667E-02	 0	
  .0001341	-7.450981E-02	 0	
  .0001342	-7.450981E-02	 0	
  .0001343	-7.450981E-02	 0	
  .0001344	-8.235294E-02	 0	
  .0001345	-8.235294E-02	 0	
  .0001346	-8.235294E-02	 0	
  .0001347	-8.235294E-02	 0	
  .0001348	-8.235294E-02	 0	
  .0001349	-9.019608E-02	 0	
  .000135	-8.235294E-02	 0	
  .0001351	-7.450981E-02	 0	
  .0001352	-7.450981E-02	 0	
  .0001353	-9.019608E-02	 0	
  .0001354	-8.235294E-02	 0	
  .0001355	-9.803922E-02	 0	
  .0001356	-9.019608E-02	 0	
  .0001357	-9.803922E-02	 0	
  .0001358	-9.019608E-02	 0	
  .0001359	-9.019608E-02	 0	
  .000136	-9.803922E-02	 0	
  .0001361	-9.019608E-02	 0	
  .0001362	-9.803922E-02	 0	
  .0001363	-.1058824	 0	
  .0001364	-.1058824	 0	
  .0001365	-9.019608E-02	 0	
  .0001366	-9.803922E-02	 0	
  .0001367	-9.019608E-02	 0	
  .0001368	-9.019608E-02	 0	
  .0001369	-.1058824	 0	
  .000137	-9.803922E-02	 0	
  .0001371	-.1058824	 0	
  .0001372	-9.803922E-02	 0	
  .0001373	-9.803922E-02	 0	
  .0001374	-.1058824	 0	
  .0001375	-.1058824	 0	
  .0001376	-.1058824	 0	
  .0001377	-9.803922E-02	 0	
  .0001378	-9.019608E-02	 0	
  .0001379	-9.803922E-02	 0	
  .000138	-.1058824	 0	
  .0001381	-.1058824	 0	
  .0001382	-.1058824	 0	
  .0001383	-9.803922E-02	 0	
  .0001384	-.1058824	 0	
  .0001385	-9.803922E-02	 0	
  .0001386	-9.803922E-02	 0	
  .0001387	-9.803922E-02	 0	
  .0001388	-9.803922E-02	 0	
  .0001389	-.1137255	 0	
  .000139	-.1058824	 0	
  .0001391	-.1058824	 0	
  .0001392	-9.803922E-02	 0	
  .0001393	-.1058824	 0	
  .0001394	-.1058824	 0	
  .0001395	-9.803922E-02	 0	
  .0001396	-.1137255	 0	
  .0001397	-.1137255	 0	
  .0001398	-.1058824	 0	
  .0001399	-.1058824	 0	
  .00014	-.1137255	 0	
  .0001401	-.1058824	 0	
  .0001402	-.1058824	 0	
  .0001403	-.1058824	 0	
  .0001404	-.1058824	 0	
  .0001405	-.1137255	 0	
  .0001406	-.1058824	 0	
  .0001407	-.1137255	 0	
  .0001408	-.1058824	 0	
  .0001409	-.1058824	 0	
  .000141	-.1058824	 0	
  .0001411	-.1058824	 0	
  .0001412	-.1058824	 0	
  .0001413	-9.803922E-02	 0	
  .0001414	-9.803922E-02	 0	
  .0001415	-.1058824	 0	
  .0001416	-.1058824	 0	
  .0001417	-.1058824	 0	
  .0001418	-.1058824	 0	
  .0001419	-.1058824	 0	
  .000142	-.1058824	 0	
  .0001421	-.1058824	 0	
  .0001422	-.1058824	 0	
  .0001423	-.1058824	 0	
  .0001424	-.1058824	 0	
  .0001425	-9.803922E-02	 0	
  .0001426	-9.803922E-02	 0	
  .0001427	-.1137255	 0	
  .0001428	-.1058824	 0	
  .0001429	-.1058824	 0	
  .000143	-.1058824	 0	
  .0001431	-.1058824	 0	
  .0001432	-.1137255	 0	
  .0001433	-9.803922E-02	 0	
  .0001434	-9.803922E-02	 0	
  .0001435	-9.803922E-02	 0	
  .0001436	-9.803922E-02	 0	
  .0001437	-9.803922E-02	 0	
  .0001438	-.1058824	 0	
  .0001439	-9.803922E-02	 0	
  .000144	-9.803922E-02	 0	
  .0001441	-9.803922E-02	 0	
  .0001442	-9.803922E-02	 0	
  .0001443	-9.803922E-02	 0	
  .0001444	-9.803922E-02	 0	
  .0001445	-.1058824	 0	
  .0001446	-9.803922E-02	 0	
  .0001447	-9.803922E-02	 0	
  .0001448	-9.803922E-02	 0	
  .0001449	-9.019608E-02	 0	
  .000145	-9.019608E-02	 0	
  .0001451	-9.019608E-02	 0	
  .0001452	-9.803922E-02	 0	
  .0001453	-9.019608E-02	 0	
  .0001454	-9.803922E-02	 0	
  .0001455	-9.019608E-02	 0	
  .0001456	-9.803922E-02	 0	
  .0001457	-9.019608E-02	 0	
  .0001458	-9.019608E-02	 0	
  .0001459	-9.803922E-02	 0	
  .000146	-9.019608E-02	 0	
  .0001461	-9.019608E-02	 0	
  .0001462	-9.803922E-02	 0	
  .0001463	-9.019608E-02	 0	
  .0001464	-8.235294E-02	 0	
  .0001465	-9.019608E-02	 0	
  .0001466	-9.019608E-02	 0	
  .0001467	-9.019608E-02	 0	
  .0001468	-9.019608E-02	 0	
  .0001469	-8.235294E-02	 0	
  .000147	-9.019608E-02	 0	
  .0001471	-8.235294E-02	 0	
  .0001472	-8.235294E-02	 0	
  .0001473	-8.235294E-02	 0	
  .0001474	-8.235294E-02	 0	
  .0001475	-8.235294E-02	 0	
  .0001476	-8.235294E-02	 0	
  .0001477	-8.235294E-02	 0	
  .0001478	-6.666667E-02	 0	
  .0001479	-7.450981E-02	 0	
  .000148	-7.450981E-02	 0	
  .0001481	-8.235294E-02	 0	
  .0001482	-6.666667E-02	 0	
  .0001483	-7.450981E-02	 0	
  .0001484	-6.666667E-02	 0	
  .0001485	-8.235294E-02	 0	
  .0001486	-7.450981E-02	 0	
  .0001487	-6.666667E-02	 0	
  .0001488	-6.666667E-02	 0	
  .0001489	-7.450981E-02	 0	
  .000149	-5.882353E-02	 0	
  .0001491	-6.666667E-02	 0	
  .0001492	-6.666667E-02	 0	
  .0001493	-5.882353E-02	 0	
  .0001494	-5.882353E-02	 0	
  .0001495	-6.666667E-02	 0	
  .0001496	-6.666667E-02	 0	
  .0001497	-5.882353E-02	 0	
  .0001498	-5.098039E-02	 0	
  .0001499	-6.666667E-02	 0	
  .00015	-5.882353E-02	 0	
  .0001501	-5.098039E-02	 0	
  .0001502	-5.882353E-02	 0	
  .0001503	-5.882353E-02	 0	
  .0001504	-5.882353E-02	 0	
  .0001505	-5.098039E-02	 0	
  .0001506	-5.882353E-02	 0	
  .0001507	-5.098039E-02	 0	
  .0001508	-5.098039E-02	 0	
  .0001509	-5.098039E-02	 0	
  .000151	-5.098039E-02	 0	
  .0001511	-4.313726E-02	 0	
  .0001512	-5.098039E-02	 0	
  .0001513	-4.313726E-02	 0	
  .0001514	-4.313726E-02	 0	
  .0001515	-4.313726E-02	 0	
  .0001516	-3.529412E-02	 0	
  .0001517	-4.313726E-02	 0	
  .0001518	-4.313726E-02	 0	
  .0001519	-4.313726E-02	 0	
  .000152	-3.529412E-02	 0	
  .0001521	-3.529412E-02	 0	
  .0001522	-4.313726E-02	 0	
  .0001523	-3.529412E-02	 0	
  .0001524	-3.529412E-02	 0	
  .0001525	-3.529412E-02	 0	
  .0001526	-3.529412E-02	 0	
  .0001527	-2.745098E-02	 0	
  .0001528	-2.745098E-02	 0	
  .0001529	-2.745098E-02	 0	
  .000153	-2.745098E-02	 0	
  .0001531	-2.745098E-02	 0	
  .0001532	-2.745098E-02	 0	
  .0001533	-1.176471E-02	 0	
  .0001534	-2.745098E-02	 0	
  .0001535	-2.745098E-02	 0	
  .0001536	-1.960784E-02	 0	
  .0001537	-1.960784E-02	 0	
  .0001538	-1.176471E-02	 0	
  .0001539	-1.176471E-02	 0	
  .000154	-3.921569E-03	 0	
  .0001541	-1.176471E-02	 0	
  .0001542	-1.960784E-02	 0	
  .0001543	-1.176471E-02	 0	
  .0001544	-3.921569E-03	 0	
  .0001545	-1.176471E-02	 0	
  .0001546	-1.176471E-02	 0	
  .0001547	-1.176471E-02	 0	
  .0001548	-1.176471E-02	 0	
  .0001549	-3.921569E-03	 0	
  .000155	 3.921569E-03	 0	
  .0001551	-1.176471E-02	 0	
  .0001552	-3.921569E-03	 0	
  .0001553	-3.921569E-03	 0	
  .0001554	-1.176471E-02	 0	
  .0001555	-1.176471E-02	 0	
  .0001556	 3.921569E-03	 0	
  .0001557	 3.921569E-03	 0	
  .0001558	 3.921569E-03	 0	
  .0001559	 3.921569E-03	 0	
  .000156	 3.921569E-03	 0	
  .0001561	 3.921569E-03	 0	
  .0001562	 3.921569E-03	 0	
  .0001563	 1.176471E-02	 0	
  .0001564	 1.176471E-02	 0	
  .0001565	 1.176471E-02	 0	
  .0001566	 1.960784E-02	 0	
  .0001567	 3.921569E-03	 0	
  .0001568	 1.176471E-02	 0	
  .0001569	 1.960784E-02	 0	
  .000157	 1.176471E-02	 0	
  .0001571	 1.960784E-02	 0	
  .0001572	 1.176471E-02	 0	
  .0001573	 1.176471E-02	 0	
  .0001574	 1.960784E-02	 0	
  .0001575	 1.960784E-02	 0	
  .0001576	 2.745098E-02	 0	
  .0001577	 3.529412E-02	 0	
  .0001578	 2.745098E-02	 0	
  .0001579	 2.745098E-02	 0	
  .000158	 2.745098E-02	 0	
  .0001581	 3.529412E-02	 0	
  .0001582	 2.745098E-02	 0	
  .0001583	 4.313726E-02	 0	
  .0001584	 3.529412E-02	 0	
  .0001585	 4.313726E-02	 0	
  .0001586	 3.529412E-02	 0	
  .0001587	 4.313726E-02	 0	
  .0001588	 3.529412E-02	 0	
  .0001589	 4.313726E-02	 0	
  .000159	 4.313726E-02	 0	
  .0001591	 5.098039E-02	 0	
  .0001592	 4.313726E-02	 0	
  .0001593	 4.313726E-02	 0	
  .0001594	 4.313726E-02	 0	
  .0001595	 5.098039E-02	 0	
  .0001596	 5.098039E-02	 0	
  .0001597	 5.098039E-02	 0	
  .0001598	 4.313726E-02	 0	
  .0001599	 4.313726E-02	 0	
  .00016	 5.882353E-02	 0	
  .0001601	 5.882353E-02	 0	
  .0001602	 4.313726E-02	 0	
  .0001603	 5.098039E-02	 0	
  .0001604	 5.098039E-02	 0	
  .0001605	 4.313726E-02	 0	
  .0001606	 5.098039E-02	 0	
  .0001607	 5.882353E-02	 0	
  .0001608	 5.098039E-02	 0	
  .0001609	 6.666667E-02	 0	
  .000161	 6.666667E-02	 0	
  .0001611	 6.666667E-02	 0	
  .0001612	 5.882353E-02	 0	
  .0001613	 5.882353E-02	 0	
  .0001614	 5.882353E-02	 0	
  .0001615	 7.450981E-02	 0	
  .0001616	 6.666667E-02	 0	
  .0001617	 5.882353E-02	 0	
  .0001618	 6.666667E-02	 0	
  .0001619	 6.666667E-02	 0	
  .000162	 6.666667E-02	 0	
  .0001621	 6.666667E-02	 0	
  .0001622	 6.666667E-02	 0	
  .0001623	 6.666667E-02	 0	
  .0001624	 6.666667E-02	 0	
  .0001625	 6.666667E-02	 0	
  .0001626	 8.235294E-02	 0	
  .0001627	 8.235294E-02	 0	
  .0001628	 6.666667E-02	 0	
  .0001629	 6.666667E-02	 0	
  .000163	 6.666667E-02	 0	
  .0001631	 6.666667E-02	 0	
  .0001632	 8.235294E-02	 0	
  .0001633	 8.235294E-02	 0	
  .0001634	 8.235294E-02	 0	
  .0001635	 6.666667E-02	 0	
  .0001636	 8.235294E-02	 0	
  .0001637	 8.235294E-02	 0	
  .0001638	 8.235294E-02	 0	
  .0001639	 9.019608E-02	 0	
  .000164	 8.235294E-02	 0	
  .0001641	 9.019608E-02	 0	
  .0001642	 8.235294E-02	 0	
  .0001643	 8.235294E-02	 0	
  .0001644	 8.235294E-02	 0	
  .0001645	 9.019608E-02	 0	
  .0001646	 7.450981E-02	 0	
  .0001647	 8.235294E-02	 0	
  .0001648	 8.235294E-02	 0	
  .0001649	 9.019608E-02	 0	
  .000165	 8.235294E-02	 0	
  .0001651	 9.803922E-02	 0	
  .0001652	 8.235294E-02	 0	
  .0001653	 7.450981E-02	 0	
  .0001654	 8.235294E-02	 0	
  .0001655	 9.019608E-02	 0	
  .0001656	 8.235294E-02	 0	
  .0001657	 9.019608E-02	 0	
  .0001658	 9.019608E-02	 0	
  .0001659	 9.019608E-02	 0	
  .000166	 9.019608E-02	 0	
  .0001661	 8.235294E-02	 0	
  .0001662	 9.019608E-02	 0	
  .0001663	 9.019608E-02	 0	
  .0001664	 9.019608E-02	 0	
  .0001665	 9.803922E-02	 0	
  .0001666	 9.019608E-02	 0	
  .0001667	 9.019608E-02	 0	
  .0001668	 9.803922E-02	 0	
  .0001669	 9.803922E-02	 0	
  .000167	 9.803922E-02	 0	
  .0001671	 8.235294E-02	 0	
  .0001672	 9.019608E-02	 0	
  .0001673	 9.019608E-02	 0	
  .0001674	 9.803922E-02	 0	
  .0001675	 .1058824	 0	
  .0001676	 9.803922E-02	 0	
  .0001677	 9.019608E-02	 0	
  .0001678	 9.803922E-02	 0	
  .0001679	 9.019608E-02	 0	
  .000168	 .1058824	 0	
  .0001681	 9.803922E-02	 0	
  .0001682	 9.803922E-02	 0	
  .0001683	 .1058824	 0	
  .0001684	 .1058824	 0	
  .0001685	 9.019608E-02	 0	
  .0001686	 9.803922E-02	 0	
  .0001687	 9.803922E-02	 0	
  .0001688	 9.803922E-02	 0	
  .0001689	 .1058824	 0	
  .000169	 9.019608E-02	 0	
  .0001691	 9.803922E-02	 0	
  .0001692	 9.803922E-02	 0	
  .0001693	 9.803922E-02	 0	
  .0001694	 9.803922E-02	 0	
  .0001695	 .1058824	 0	
  .0001696	 9.803922E-02	 0	
  .0001697	 9.803922E-02	 0	
  .0001698	 9.019608E-02	 0	
  .0001699	 9.019608E-02	 0	
  .00017	 .1058824	 0	
  .0001701	 9.019608E-02	 0	
  .0001702	 9.803922E-02	 0	
  .0001703	 9.803922E-02	 0	
  .0001704	 9.019608E-02	 0	
  .0001705	 9.019608E-02	 0	
  .0001706	 9.019608E-02	 0	
  .0001707	 9.803922E-02	 0	
  .0001708	 9.803922E-02	 0	
  .0001709	 9.803922E-02	 0	
  .000171	 9.019608E-02	 0	
  .0001711	 9.019608E-02	 0	
  .0001712	 9.803922E-02	 0	
  .0001713	 8.235294E-02	 0	
  .0001714	 9.803922E-02	 0	
  .0001715	 9.019608E-02	 0	
  .0001716	 9.019608E-02	 0	
  .0001717	 9.019608E-02	 0	
  .0001718	 9.019608E-02	 0	
  .0001719	 9.019608E-02	 0	
  .000172	 9.803922E-02	 0	
  .0001721	 9.019608E-02	 0	
  .0001722	 8.235294E-02	 0	
  .0001723	 9.019608E-02	 0	
  .0001724	 9.019608E-02	 0	
  .0001725	 9.803922E-02	 0	
  .0001726	 9.019608E-02	 0	
  .0001727	 9.019608E-02	 0	
  .0001728	 9.019608E-02	 0	
  .0001729	 9.019608E-02	 0	
  .000173	 8.235294E-02	 0	
  .0001731	 .1058824	 0	
  .0001732	 9.019608E-02	 0	
  .0001733	 9.019608E-02	 0	
  .0001734	 9.019608E-02	 0	
  .0001735	 9.803922E-02	 0	
  .0001736	 9.019608E-02	 0	
  .0001737	 8.235294E-02	 0	
  .0001738	 .1058824	 0	
  .0001739	 9.019608E-02	 0	
  .000174	 9.019608E-02	 0	
  .0001741	 8.235294E-02	 0	
  .0001742	 8.235294E-02	 0	
  .0001743	 9.019608E-02	 0	
  .0001744	 8.235294E-02	 0	
  .0001745	 7.450981E-02	 0	
  .0001746	 8.235294E-02	 0	
  .0001747	 8.235294E-02	 0	
  .0001748	 9.019608E-02	 0	
  .0001749	 7.450981E-02	 0	
  .000175	 8.235294E-02	 0	
  .0001751	 8.235294E-02	 0	
  .0001752	 7.450981E-02	 0	
  .0001753	 7.450981E-02	 0	
  .0001754	 7.450981E-02	 0	
  .0001755	 7.450981E-02	 0	
  .0001756	 7.450981E-02	 0	
  .0001757	 7.450981E-02	 0	
  .0001758	 8.235294E-02	 0	
  .0001759	 7.450981E-02	 0	
  .000176	 7.450981E-02	 0	
  .0001761	 7.450981E-02	 0	
  .0001762	 7.450981E-02	 0	
  .0001763	 7.450981E-02	 0	
  .0001764	 8.235294E-02	 0	
  .0001765	 6.666667E-02	 0	
  .0001766	 6.666667E-02	 0	
  .0001767	 7.450981E-02	 0	
  .0001768	 7.450981E-02	 0	
  .0001769	 6.666667E-02	 0	
  .000177	 5.882353E-02	 0	
  .0001771	 7.450981E-02	 0	
  .0001772	 7.450981E-02	 0	
  .0001773	 6.666667E-02	 0	
  .0001774	 6.666667E-02	 0	
  .0001775	 7.450981E-02	 0	
  .0001776	 6.666667E-02	 0	
  .0001777	 6.666667E-02	 0	
  .0001778	 6.666667E-02	 0	
  .0001779	 6.666667E-02	 0	
  .000178	 6.666667E-02	 0	
  .0001781	 7.450981E-02	 0	
  .0001782	 6.666667E-02	 0	
  .0001783	 6.666667E-02	 0	
  .0001784	 5.882353E-02	 0	
  .0001785	 5.882353E-02	 0	
  .0001786	 5.882353E-02	 0	
  .0001787	 6.666667E-02	 0	
  .0001788	 7.450981E-02	 0	
  .0001789	 5.882353E-02	 0	
  .000179	 5.098039E-02	 0	
  .0001791	 6.666667E-02	 0	
  .0001792	 5.882353E-02	 0	
  .0001793	 5.882353E-02	 0	
  .0001794	 6.666667E-02	 0	
  .0001795	 5.882353E-02	 0	
  .0001796	 5.098039E-02	 0	
  .0001797	 5.098039E-02	 0	
  .0001798	 5.098039E-02	 0	
  .0001799	 5.098039E-02	 0	
  .00018	 4.313726E-02	 0	
  .0001801	 5.098039E-02	 0	
  .0001802	 4.313726E-02	 0	
  .0001803	 3.529412E-02	 0	
  .0001804	 4.313726E-02	 0	
  .0001805	 4.313726E-02	 0	
  .0001806	 4.313726E-02	 0	
  .0001807	 5.098039E-02	 0	
  .0001808	 5.882353E-02	 0	
  .0001809	 3.529412E-02	 0	
  .000181	 4.313726E-02	 0	
  .0001811	 5.098039E-02	 0	
  .0001812	 3.529412E-02	 0	
  .0001813	 4.313726E-02	 0	
  .0001814	 3.529412E-02	 0	
  .0001815	 3.529412E-02	 0	
  .0001816	 2.745098E-02	 0	
  .0001817	 3.529412E-02	 0	
  .0001818	 3.529412E-02	 0	
  .0001819	 2.745098E-02	 0	
  .000182	 3.529412E-02	 0	
  .0001821	 2.745098E-02	 0	
  .0001822	 2.745098E-02	 0	
  .0001823	 2.745098E-02	 0	
  .0001824	 2.745098E-02	 0	
  .0001825	 3.529412E-02	 0	
  .0001826	 2.745098E-02	 0	
  .0001827	 1.960784E-02	 0	
  .0001828	 2.745098E-02	 0	
  .0001829	 1.960784E-02	 0	
  .000183	 3.529412E-02	 0	
  .0001831	 2.745098E-02	 0	
  .0001832	 1.960784E-02	 0	
  .0001833	 1.960784E-02	 0	
  .0001834	 1.960784E-02	 0	
  .0001835	 2.745098E-02	 0	
  .0001836	 1.960784E-02	 0	
  .0001837	 1.960784E-02	 0	
  .0001838	 1.960784E-02	 0	
  .0001839	 1.960784E-02	 0	
  .000184	-3.921569E-03	 0	
  .0001841	 1.960784E-02	 0	
  .0001842	 1.960784E-02	 0	
  .0001843	 3.921569E-03	 0	
  .0001844	 1.176471E-02	 0	
  .0001845	 3.921569E-03	 0	
  .0001846	 3.921569E-03	 0	
  .0001847	 1.960784E-02	 0	
  .0001848	 3.921569E-03	 0	
  .0001849	 1.176471E-02	 0	
  .000185	 3.921569E-03	 0	
  .0001851	 1.176471E-02	 0	
  .0001852	 3.921569E-03	 0	
  .0001853	 1.176471E-02	 0	
  .0001854	-3.921569E-03	 0	
  .0001855	 3.921569E-03	 0	
  .0001856	 3.921569E-03	 0	
  .0001857	-3.921569E-03	 0	
  .0001858	 3.921569E-03	 0	
  .0001859	-3.921569E-03	 0	
  .000186	 3.921569E-03	 0	
  .0001861	-3.921569E-03	 0	
  .0001862	 3.921569E-03	 0	
  .0001863	-3.921569E-03	 0	
  .0001864	-3.921569E-03	 0	
  .0001865	-3.921569E-03	 0	
  .0001866	-3.921569E-03	 0	
  .0001867	-3.921569E-03	 0	
  .0001868	-1.176471E-02	 0	
  .0001869	-1.176471E-02	 0	
  .000187	-1.176471E-02	 0	
  .0001871	-3.921569E-03	 0	
  .0001872	-1.176471E-02	 0	
  .0001873	-3.921569E-03	 0	
  .0001874	-3.921569E-03	 0	
  .0001875	-1.960784E-02	 0	
  .0001876	-1.960784E-02	 0	
  .0001877	-1.176471E-02	 0	
  .0001878	 3.921569E-03	 0	
  .0001879	-1.176471E-02	 0	
  .000188	-1.176471E-02	 0	
  .0001881	-1.176471E-02	 0	
  .0001882	-1.176471E-02	 0	
  .0001883	-1.176471E-02	 0	
  .0001884	-1.960784E-02	 0	
  .0001885	-1.960784E-02	 0	
  .0001886	-1.960784E-02	 0	
  .0001887	-1.176471E-02	 0	
  .0001888	-1.960784E-02	 0	
  .0001889	-1.960784E-02	 0	
  .000189	-1.960784E-02	 0	
  .0001891	-2.745098E-02	 0	
  .0001892	-2.745098E-02	 0	
  .0001893	-1.960784E-02	 0	
  .0001894	-1.960784E-02	 0	
  .0001895	-2.745098E-02	 0	
  .0001896	-2.745098E-02	 0	
  .0001897	-2.745098E-02	 0	
  .0001898	-2.745098E-02	 0	
  .0001899	-3.529412E-02	 0	
  .00019	-3.529412E-02	 0	
  .0001901	-3.529412E-02	 0	
  .0001902	-3.529412E-02	 0	
  .0001903	-3.529412E-02	 0	
  .0001904	-2.745098E-02	 0	
  .0001905	-2.745098E-02	 0	
  .0001906	-2.745098E-02	 0	
  .0001907	-2.745098E-02	 0	
  .0001908	-2.745098E-02	 0	
  .0001909	-2.745098E-02	 0	
  .000191	-2.745098E-02	 0	
  .0001911	-2.745098E-02	 0	
  .0001912	-2.745098E-02	 0	
  .0001913	-3.529412E-02	 0	
  .0001914	-3.529412E-02	 0	
  .0001915	-4.313726E-02	 0	
  .0001916	-3.529412E-02	 0	
  .0001917	-3.529412E-02	 0	
  .0001918	-4.313726E-02	 0	
  .0001919	-4.313726E-02	 0	
  .000192	-4.313726E-02	 0	
  .0001921	-4.313726E-02	 0	
  .0001922	-4.313726E-02	 0	
  .0001923	-4.313726E-02	 0	
  .0001924	-3.529412E-02	 0	
  .0001925	-4.313726E-02	 0	
  .0001926	-4.313726E-02	 0	
  .0001927	-5.098039E-02	 0	
  .0001928	-5.098039E-02	 0	
  .0001929	-3.529412E-02	 0	
  .000193	-4.313726E-02	 0	
  .0001931	-5.098039E-02	 0	
  .0001932	-3.529412E-02	 0	
  .0001933	-5.098039E-02	 0	
  .0001934	-3.529412E-02	 0	
  .0001935	-4.313726E-02	 0	
  .0001936	-4.313726E-02	 0	
  .0001937	-4.313726E-02	 0	
  .0001938	-5.098039E-02	 0	
  .0001939	-4.313726E-02	 0	
  .000194	-4.313726E-02	 0	
  .0001941	-5.098039E-02	 0	
  .0001942	-5.098039E-02	 0	
  .0001943	-6.666667E-02	 0	
  .0001944	-4.313726E-02	 0	
  .0001945	-5.098039E-02	 0	
  .0001946	-4.313726E-02	 0	
  .0001947	-5.098039E-02	 0	
  .0001948	-3.529412E-02	 0	
  .0001949	-4.313726E-02	 0	
  .000195	-5.098039E-02	 0	
  .0001951	-5.098039E-02	 0	
  .0001952	-5.098039E-02	 0	
  .0001953	-5.098039E-02	 0	
  .0001954	-5.882353E-02	 0	
  .0001955	-5.098039E-02	 0	
  .0001956	-5.098039E-02	 0	
  .0001957	-5.882353E-02	 0	
  .0001958	-6.666667E-02	 0	
  .0001959	-5.098039E-02	 0	
  .000196	-5.098039E-02	 0	
  .0001961	-5.882353E-02	 0	
  .0001962	-5.098039E-02	 0	
  .0001963	-5.882353E-02	 0	
  .0001964	-5.098039E-02	 0	
  .0001965	-5.098039E-02	 0	
  .0001966	-5.882353E-02	 0	
  .0001967	-5.098039E-02	 0	
  .0001968	-6.666667E-02	 0	
  .0001969	-5.098039E-02	 0	
  .000197	-5.098039E-02	 0	
  .0001971	-5.098039E-02	 0	
  .0001972	-5.098039E-02	 0	
  .0001973	-5.098039E-02	 0	
  .0001974	-5.098039E-02	 0	
  .0001975	-5.098039E-02	 0	
  .0001976	-5.882353E-02	 0	
  .0001977	-4.313726E-02	 0	
  .0001978	-5.098039E-02	 0	
  .0001979	-5.098039E-02	 0	
  .000198	-5.098039E-02	 0	
  .0001981	-5.098039E-02	 0	
  .0001982	-5.098039E-02	 0	
  .0001983	-5.882353E-02	 0	
  .0001984	-5.098039E-02	 0	
  .0001985	-4.313726E-02	 0	
  .0001986	-5.098039E-02	 0	
  .0001987	-5.882353E-02	 0	
  .0001988	-5.098039E-02	 0	
  .0001989	-5.098039E-02	 0	
  .000199	-5.098039E-02	 0	
  .0001991	-5.098039E-02	 0	
  .0001992	-4.313726E-02	 0	
  .0001993	-5.098039E-02	 0	
  .0001994	-5.882353E-02	 0	
  .0001995	-5.098039E-02	 0	
  .0001996	-5.098039E-02	 0	
  .0001997	-5.098039E-02	 0	
  .0001998	-5.882353E-02	 0	
  .0001999	-5.882353E-02	 0	
  .0002	-5.882353E-02	 0	
  .0002001	-5.882353E-02	 0	
  .0002002	-5.098039E-02	 0	
  .0002003	-5.098039E-02	 0	
  .0002004	-4.313726E-02	 0	
  .0002005	-5.098039E-02	 0	
  .0002006	-4.313726E-02	 0	
  .0002007	-5.098039E-02	 0	
  .0002008	-5.098039E-02	 0	
  .0002009	-4.313726E-02	 0	
  .000201	-4.313726E-02	 0	
  .0002011	-5.098039E-02	 0	
  .0002012	-5.098039E-02	 0	
  .0002013	-5.882353E-02	 0	
  .0002014	-5.882353E-02	 0	
  .0002015	-5.882353E-02	 0	
  .0002016	-4.313726E-02	 0	
  .0002017	-4.313726E-02	 0	
  .0002018	-5.098039E-02	 0	
  .0002019	-5.882353E-02	 0	
  .000202	-5.098039E-02	 0	
  .0002021	-5.098039E-02	 0	
  .0002022	-4.313726E-02	 0	
  .0002023	-4.313726E-02	 0	
  .0002024	-4.313726E-02	 0	
  .0002025	-4.313726E-02	 0	
  .0002026	-4.313726E-02	 0	
  .0002027	-4.313726E-02	 0	
  .0002028	-3.529412E-02	 0	
  .0002029	-5.098039E-02	 0	
  .000203	-5.098039E-02	 0	
  .0002031	-5.098039E-02	 0	
  .0002032	-3.529412E-02	 0	
  .0002033	-4.313726E-02	 0	
  .0002034	-5.098039E-02	 0	
  .0002035	-4.313726E-02	 0	
  .0002036	-5.098039E-02	 0	
  .0002037	-5.098039E-02	 0	
  .0002038	-5.098039E-02	 0	
  .0002039	-3.529412E-02	 0	
  .000204	-4.313726E-02	 0	
  .0002041	-5.098039E-02	 0	
  .0002042	-5.098039E-02	 0	
  .0002043	-5.098039E-02	 0	
  .0002044	-4.313726E-02	 0	
  .0002045	-4.313726E-02	 0	
  .0002046	-5.098039E-02	 0	
  .0002047	-4.313726E-02	 0	
  .0002048	-5.098039E-02	 0	
  .0002049	-4.313726E-02	 0	
  .000205	-4.313726E-02	 0	
  .0002051	-3.529412E-02	 0	
  .0002052	-4.313726E-02	 0	
  .0002053	-4.313726E-02	 0	
  .0002054	-4.313726E-02	 0	
  .0002055	-3.529412E-02	 0	
  .0002056	-4.313726E-02	 0	
  .0002057	-4.313726E-02	 0	
  .0002058	-3.529412E-02	 0	
  .0002059	-3.529412E-02	 0	
  .000206	-4.313726E-02	 0	
  .0002061	-2.745098E-02	 0	
  .0002062	-4.313726E-02	 0	
  .0002063	-3.529412E-02	 0	
  .0002064	-3.529412E-02	 0	
  .0002065	-1.960784E-02	 0	
  .0002066	-3.529412E-02	 0	
  .0002067	-3.529412E-02	 0	
  .0002068	-3.529412E-02	 0	
  .0002069	-3.529412E-02	 0	
  .000207	-3.529412E-02	 0	
  .0002071	-2.745098E-02	 0	
  .0002072	-1.960784E-02	 0	
  .0002073	-2.745098E-02	 0	
  .0002074	-3.529412E-02	 0	
  .0002075	-2.745098E-02	 0	
  .0002076	-2.745098E-02	 0	
  .0002077	-2.745098E-02	 0	
  .0002078	-2.745098E-02	 0	
  .0002079	-1.960784E-02	 0	
  .000208	-1.960784E-02	 0	
  .0002081	-1.960784E-02	 0	
  .0002082	-2.745098E-02	 0	
  .0002083	-2.745098E-02	 0	
  .0002084	-1.176471E-02	 0	
  .0002085	-1.960784E-02	 0	
  .0002086	-1.960784E-02	 0	
  .0002087	-2.745098E-02	 0	
  .0002088	-1.960784E-02	 0	
  .0002089	-1.960784E-02	 0	
  .000209	-2.745098E-02	 0	
  .0002091	-1.176471E-02	 0	
  .0002092	-1.176471E-02	 0	
  .0002093	-1.960784E-02	 0	
  .0002094	-1.176471E-02	 0	
  .0002095	-2.745098E-02	 0	
  .0002096	-1.176471E-02	 0	
  .0002097	-1.960784E-02	 0	
  .0002098	-1.176471E-02	 0	
  .0002099	-1.960784E-02	 0	
  .00021	-1.960784E-02	 0	
  .0002101	-1.960784E-02	 0	
  .0002102	-1.960784E-02	 0	
  .0002103	-1.176471E-02	 0	
  .0002104	-1.176471E-02	 0	
  .0002105	-3.921569E-03	 0	
  .0002106	-3.921569E-03	 0	
  .0002107	-1.176471E-02	 0	
  .0002108	-1.176471E-02	 0	
  .0002109	-1.960784E-02	 0	
  .000211	-3.921569E-03	 0	
  .0002111	-3.921569E-03	 0	
  .0002112	-1.176471E-02	 0	
  .0002113	-1.176471E-02	 0	
  .0002114	-3.921569E-03	 0	
  .0002115	 3.921569E-03	 0	
  .0002116	-3.921569E-03	 0	
  .0002117	-3.921569E-03	 0	
  .0002118	-3.921569E-03	 0	
  .0002119	-3.921569E-03	 0	
  .000212	-3.921569E-03	 0	
  .0002121	 3.921569E-03	 0	
  .0002122	-3.921569E-03	 0	
  .0002123	 3.921569E-03	 0	
  .0002124	 3.921569E-03	 0	
  .0002125	 3.921569E-03	 0	
  .0002126	 3.921569E-03	 0	
  .0002127	 1.960784E-02	 0	
  .0002128	 3.921569E-03	 0	
  .0002129	 3.921569E-03	 0	
  .000213	 3.921569E-03	 0	
  .0002131	 1.176471E-02	 0	
  .0002132	 1.176471E-02	 0	
  .0002133	 3.921569E-03	 0	
  .0002134	 1.176471E-02	 0	
  .0002135	 3.921569E-03	 0	
  .0002136	-3.921569E-03	 0	
  .0002137	 3.921569E-03	 0	
  .0002138	 3.921569E-03	 0	
  .0002139	 1.176471E-02	 0	
  .000214	 1.176471E-02	 0	
  .0002141	 1.176471E-02	 0	
  .0002142	 1.176471E-02	 0	
  .0002143	 1.176471E-02	 0	
  .0002144	 1.960784E-02	 0	
  .0002145	 1.960784E-02	 0	
  .0002146	 1.960784E-02	 0	
  .0002147	 1.176471E-02	 0	
  .0002148	 3.921569E-03	 0	
  .0002149	 1.176471E-02	 0	
  .000215	 2.745098E-02	 0	
  .0002151	 1.960784E-02	 0	
  .0002152	 1.176471E-02	 0	
  .0002153	 1.960784E-02	 0	
  .0002154	 2.745098E-02	 0	
  .0002155	 1.960784E-02	 0	
  .0002156	 1.960784E-02	 0	
  .0002157	 1.960784E-02	 0	
  .0002158	 2.745098E-02	 0	
  .0002159	 1.960784E-02	 0	
  .000216	 2.745098E-02	 0	
  .0002161	 1.960784E-02	 0	
  .0002162	 2.745098E-02	 0	
  .0002163	 2.745098E-02	 0	
  .0002164	 1.960784E-02	 0	
  .0002165	 1.960784E-02	 0	
  .0002166	 1.960784E-02	 0	
  .0002167	 2.745098E-02	 0	
  .0002168	 1.960784E-02	 0	
  .0002169	 1.960784E-02	 0	
  .000217	 2.745098E-02	 0	
  .0002171	 3.529412E-02	 0	
  .0002172	 2.745098E-02	 0	
  .0002173	 2.745098E-02	 0	
  .0002174	 2.745098E-02	 0	
  .0002175	 2.745098E-02	 0	
  .0002176	 3.529412E-02	 0	
  .0002177	 3.529412E-02	 0	
  .0002178	 2.745098E-02	 0	
  .0002179	 4.313726E-02	 0	
  .000218	 3.529412E-02	 0	
  .0002181	 3.529412E-02	 0	
  .0002182	 3.529412E-02	 0	
  .0002183	 3.529412E-02	 0	
  .0002184	 3.529412E-02	 0	
  .0002185	 3.529412E-02	 0	
  .0002186	 3.529412E-02	 0	
  .0002187	 4.313726E-02	 0	
  .0002188	 3.529412E-02	 0	
  .0002189	 3.529412E-02	 0	
  .000219	 5.098039E-02	 0	
  .0002191	 3.529412E-02	 0	
  .0002192	 2.745098E-02	 0	
  .0002193	 4.313726E-02	 0	
  .0002194	 3.529412E-02	 0	
  .0002195	 4.313726E-02	 0	
  .0002196	 3.529412E-02	 0	
  .0002197	 3.529412E-02	 0	
  .0002198	 4.313726E-02	 0	
  .0002199	 2.745098E-02	 0	
  .00022	 3.529412E-02	 0	
  .0002201	 3.529412E-02	 0	
  .0002202	 4.313726E-02	 0	
  .0002203	 3.529412E-02	 0	
  .0002204	 5.098039E-02	 0	
  .0002205	 5.098039E-02	 0	
  .0002206	 5.098039E-02	 0	
  .0002207	 4.313726E-02	 0	
  .0002208	 4.313726E-02	 0	
  .0002209	 4.313726E-02	 0	
  .000221	 4.313726E-02	 0	
  .0002211	 4.313726E-02	 0	
  .0002212	 3.529412E-02	 0	
  .0002213	 3.529412E-02	 0	
  .0002214	 5.098039E-02	 0	
  .0002215	 5.098039E-02	 0	
  .0002216	 5.098039E-02	 0	
  .0002217	 3.529412E-02	 0	
  .0002218	 5.098039E-02	 0	
  .0002219	 5.098039E-02	 0	
  .000222	 5.098039E-02	 0	
  .0002221	 5.098039E-02	 0	
  .0002222	 5.882353E-02	 0	
  .0002223	 5.882353E-02	 0	
  .0002224	 5.882353E-02	 0	
  .0002225	 4.313726E-02	 0	
  .0002226	 5.882353E-02	 0	
  .0002227	 5.098039E-02	 0	
  .0002228	 5.098039E-02	 0	
  .0002229	 5.098039E-02	 0	
  .000223	 5.098039E-02	 0	
  .0002231	 5.882353E-02	 0	
  .0002232	 5.098039E-02	 0	
  .0002233	 5.882353E-02	 0	
  .0002234	 5.882353E-02	 0	
  .0002235	 5.098039E-02	 0	
  .0002236	 5.882353E-02	 0	
  .0002237	 5.882353E-02	 0	
  .0002238	 5.098039E-02	 0	
  .0002239	 5.882353E-02	 0	
  .000224	 5.098039E-02	 0	
  .0002241	 5.098039E-02	 0	
  .0002242	 5.882353E-02	 0	
  .0002243	 6.666667E-02	 0	
  .0002244	 5.098039E-02	 0	
  .0002245	 5.882353E-02	 0	
  .0002246	 5.098039E-02	 0	
  .0002247	 5.098039E-02	 0	
  .0002248	 5.098039E-02	 0	
  .0002249	 5.882353E-02	 0	
  .000225	 5.882353E-02	 0	
