 -.0000249	 1.176471E-02	 0	
 -.0000248	 1.176471E-02	 0	
 -.0000247	 1.176471E-02	 0	
 -.0000246	 3.921569E-03	 0	
 -.0000245	 3.921569E-03	 0	
 -.0000244	 3.921569E-03	 0	
 -.0000243	-3.921569E-03	 0	
 -.0000242	 3.921569E-03	 0	
 -.0000241	 3.921569E-03	 0	
 -.000024	-3.921569E-03	 0	
 -.0000239	 3.921569E-03	 0	
 -.0000238	 1.176471E-02	 0	
 -.0000237	 3.921569E-03	 0	
 -.0000236	 1.176471E-02	 0	
 -.0000235	 3.921569E-03	 0	
 -.0000234	 1.176471E-02	 0	
 -.0000233	 1.176471E-02	 0	
 -.0000232	 3.921569E-03	 0	
 -.0000231	 3.921569E-03	 0	
 -.000023	 3.921569E-03	 0	
 -.0000229	 3.921569E-03	 0	
 -.0000228	 1.176471E-02	 0	
 -.0000227	 3.921569E-03	 0	
 -.0000226	 1.176471E-02	 0	
 -.0000225	 3.921569E-03	 0	
 -.0000224	 1.960784E-02	 0	
 -.0000223	 3.921569E-03	 0	
 -.0000222	 1.960784E-02	 0	
 -.0000221	 3.921569E-03	 0	
 -.000022	 1.176471E-02	 0	
 -.0000219	 3.921569E-03	 0	
 -.0000218	 1.176471E-02	 0	
 -.0000217	 1.176471E-02	 0	
 -.0000216	 1.176471E-02	 0	
 -.0000215	 1.176471E-02	 0	
 -.0000214	 3.921569E-03	 0	
 -.0000213	 3.921569E-03	 0	
 -.0000212	 1.176471E-02	 0	
 -.0000211	 1.176471E-02	 0	
 -.000021	 3.921569E-03	 0	
 -.0000209	 1.176471E-02	 0	
 -.0000208	 1.176471E-02	 0	
 -.0000207	 3.921569E-03	 0	
 -.0000206	 3.921569E-03	 0	
 -.0000205	 1.176471E-02	 0	
 -.0000204	 1.176471E-02	 0	
 -.0000203	 3.921569E-03	 0	
 -.0000202	 3.921569E-03	 0	
 -.0000201	 3.921569E-03	 0	
 -.00002	-3.921569E-03	 0	
 -.0000199	 3.921569E-03	 0	
 -.0000198	 3.921569E-03	 0	
 -.0000197	 3.921569E-03	 0	
 -.0000196	 1.176471E-02	 0	
 -.0000195	 1.176471E-02	 0	
 -.0000194	 1.176471E-02	 0	
 -.0000193	 1.176471E-02	 0	
 -.0000192	 3.921569E-03	 0	
 -.0000191	 1.176471E-02	 0	
 -.000019	 1.176471E-02	 0	
 -.0000189	 1.176471E-02	 0	
 -.0000188	 1.176471E-02	 0	
 -.0000187	 3.921569E-03	 0	
 -.0000186	 3.921569E-03	 0	
 -.0000185	 1.176471E-02	 0	
 -.0000184	 3.921569E-03	 0	
 -.0000183	 1.176471E-02	 0	
 -.0000182	 3.921569E-03	 0	
 -.0000181	 3.921569E-03	 0	
 -.000018	 3.921569E-03	 0	
 -.0000179	 3.921569E-03	 0	
 -.0000178	-3.921569E-03	 0	
 -.0000177	 1.176471E-02	 0	
 -.0000176	 1.176471E-02	 0	
 -.0000175	 3.921569E-03	 0	
 -.0000174	-3.921569E-03	 0	
 -.0000173	 1.176471E-02	 0	
 -.0000172	 3.921569E-03	 0	
 -.0000171	 1.176471E-02	 0	
 -.000017	 3.921569E-03	 0	
 -.0000169	 3.921569E-03	 0	
 -.0000168	 1.176471E-02	 0	
 -.0000167	 1.176471E-02	 0	
 -.0000166	 1.176471E-02	 0	
 -.0000165	 3.921569E-03	 0	
 -.0000164	 1.176471E-02	 0	
 -.0000163	 1.176471E-02	 0	
 -.0000162	 1.176471E-02	 0	
 -.0000161	 3.921569E-03	 0	
 -.000016	 1.176471E-02	 0	
 -.0000159	 3.921569E-03	 0	
 -.0000158	 3.921569E-03	 0	
 -.0000157	 3.921569E-03	 0	
 -.0000156	 1.176471E-02	 0	
 -.0000155	 1.176471E-02	 0	
 -.0000154	 1.176471E-02	 0	
 -.0000153	 3.921569E-03	 0	
 -.0000152	 3.921569E-03	 0	
 -.0000151	 1.176471E-02	 0	
 -.000015	 1.176471E-02	 0	
 -.0000149	 3.921569E-03	 0	
 -.0000148	 3.921569E-03	 0	
 -.0000147	 3.921569E-03	 0	
 -.0000146	 3.921569E-03	 0	
 -.0000145	 3.921569E-03	 0	
 -.0000144	 3.921569E-03	 0	
 -.0000143	 3.921569E-03	 0	
 -.0000142	 1.176471E-02	 0	
 -.0000141	 1.176471E-02	 0	
 -.000014	 1.176471E-02	 0	
 -.0000139	 3.921569E-03	 0	
 -.0000138	 1.176471E-02	 0	
 -.0000137	 1.176471E-02	 0	
 -.0000136	 1.176471E-02	 0	
 -.0000135	-3.921569E-03	 0	
 -.0000134	 3.921569E-03	 0	
 -.0000133	-3.921569E-03	 0	
 -.0000132	 3.921569E-03	 0	
 -.0000131	 1.176471E-02	 0	
 -.000013	 3.921569E-03	 0	
 -.0000129	 3.921569E-03	 0	
 -.0000128	 1.176471E-02	 0	
 -.0000127	 3.921569E-03	 0	
 -.0000126	 3.921569E-03	 0	
 -.0000125	 1.176471E-02	 0	
 -.0000124	 3.921569E-03	 0	
 -.0000123	 1.176471E-02	 0	
 -.0000122	 1.176471E-02	 0	
 -.0000121	 3.921569E-03	 0	
 -.000012	 1.176471E-02	 0	
 -.0000119	 3.921569E-03	 0	
 -.0000118	 3.921569E-03	 0	
 -.0000117	 1.176471E-02	 0	
 -.0000116	 3.921569E-03	 0	
 -.0000115	 3.921569E-03	 0	
 -.0000114	-3.921569E-03	 0	
 -.0000113	 3.921569E-03	 0	
 -.0000112	 1.176471E-02	 0	
 -.0000111	 3.921569E-03	 0	
 -.000011	 1.176471E-02	 0	
 -.0000109	 1.176471E-02	 0	
 -.0000108	 3.921569E-03	 0	
 -.0000107	 1.176471E-02	 0	
 -.0000106	 1.176471E-02	 0	
 -.0000105	 1.176471E-02	 0	
 -.0000104	 3.921569E-03	 0	
 -.0000103	 3.921569E-03	 0	
 -.0000102	 3.921569E-03	 0	
 -.0000101	 3.921569E-03	 0	
 -.00001	 3.921569E-03	 0	
 -.0000099	-3.921569E-03	 0	
 -.0000098	 1.176471E-02	 0	
 -.0000097	 1.176471E-02	 0	
 -.0000096	 1.960784E-02	 0	
 -.0000095	 1.176471E-02	 0	
 -.0000094	 1.176471E-02	 0	
 -.0000093	 3.921569E-03	 0	
 -.0000092	 3.921569E-03	 0	
 -.0000091	 1.176471E-02	 0	
 -.000009	 3.921569E-03	 0	
 -.0000089	 3.921569E-03	 0	
 -.0000088	 3.921569E-03	 0	
 -.0000087	 3.921569E-03	 0	
 -.0000086	 1.176471E-02	 0	
 -.0000085	 3.921569E-03	 0	
 -.0000084	 1.176471E-02	 0	
 -.0000083	 3.921569E-03	 0	
 -.0000082	 3.921569E-03	 0	
 -.0000081	 3.921569E-03	 0	
 -.000008	 1.176471E-02	 0	
 -.0000079	-3.921569E-03	 0	
 -.0000078	 1.176471E-02	 0	
 -.0000077	 3.921569E-03	 0	
 -.0000076	 3.921569E-03	 0	
 -.0000075	 3.921569E-03	 0	
 -.0000074	 1.176471E-02	 0	
 -.0000073	 1.176471E-02	 0	
 -.0000072	 1.176471E-02	 0	
 -.0000071	 3.921569E-03	 0	
 -.000007	 1.176471E-02	 0	
 -.0000069	 1.176471E-02	 0	
 -.0000068	-3.921569E-03	 0	
 -.0000067	 1.960784E-02	 0	
 -.0000066	 3.921569E-03	 0	
 -.0000065	 3.921569E-03	 0	
 -.0000064	 1.176471E-02	 0	
 -.0000063	 1.176471E-02	 0	
 -.0000062	 1.176471E-02	 0	
 -.0000061	 1.176471E-02	 0	
 -.000006	-3.921569E-03	 0	
 -.0000059	 3.921569E-03	 0	
 -.0000058	 1.176471E-02	 0	
 -.0000057	 1.960784E-02	 0	
 -.0000056	 1.176471E-02	 0	
 -.0000055	 1.176471E-02	 0	
 -.0000054	 3.921569E-03	 0	
 -.0000053	 3.921569E-03	 0	
 -.0000052	 3.921569E-03	 0	
 -.0000051	 1.960784E-02	 0	
 -.000005	 3.921569E-03	 0	
 -.0000049	 3.921569E-03	 0	
 -.0000048	 3.921569E-03	 0	
 -.0000047	 1.176471E-02	 0	
 -.0000046	 3.921569E-03	 0	
 -.0000045	 3.921569E-03	 0	
 -.0000044	 1.176471E-02	 0	
 -.0000043	 1.176471E-02	 0	
 -.0000042	 3.921569E-03	 0	
 -.0000041	 1.176471E-02	 0	
 -.000004	 3.921569E-03	 0	
 -.0000039	 3.921569E-03	 0	
 -.0000038	 3.921569E-03	 0	
 -.0000037	 3.921569E-03	 0	
 -.0000036	 3.921569E-03	 0	
 -.0000035	 3.921569E-03	 0	
 -.0000034	 1.176471E-02	 0	
 -.0000033	 3.921569E-03	 0	
 -.0000032	 3.921569E-03	 0	
 -.0000031	 1.176471E-02	 0	
 -.000003	 1.960784E-02	 0	
 -.0000029	 3.921569E-03	 0	
 -.0000028	 1.176471E-02	 0	
 -.0000027	 3.921569E-03	 0	
 -.0000026	 1.960784E-02	 0	
 -.0000025	 3.921569E-03	 0	
 -.0000024	 1.960784E-02	 0	
 -.0000023	 1.176471E-02	 0	
 -.0000022	 1.176471E-02	 0	
 -.0000021	 1.176471E-02	 0	
 -.000002	 1.176471E-02	 0	
 -.0000019	 1.176471E-02	 0	
 -.0000018	 1.176471E-02	 0	
 -.0000017	 1.176471E-02	 0	
 -.0000016	 1.176471E-02	 0	
 -.0000015	 1.960784E-02	 0	
 -.0000014	 1.176471E-02	 0	
 -.0000013	 3.921569E-03	 0	
 -.0000012	 3.921569E-03	 0	
 -.0000011	 1.176471E-02	 0	
 -.000001	 1.960784E-02	 0	
 -.0000009	 3.921569E-03	 0	
 -.0000008	 3.921569E-03	 0	
 -.0000007	 1.176471E-02	 0	
 -.0000006	 1.176471E-02	 0	
 -.0000005	 1.176471E-02	 0	
 -.0000004	 3.921569E-03	 0	
 -.0000003	 3.921569E-03	 0	
 -.0000002	 3.921569E-03	 0	
 -.0000001	 3.921569E-03	 0	
  0	 3.921569E-03	 0	
  .0000001	 3.921569E-03	 0	
  .0000002	 3.921569E-03	 0	
  .0000003	 1.960784E-02	 0	
  .0000004	 1.176471E-02	 0	
  .0000005	 3.921569E-03	 0	
  .0000006	 3.921569E-03	 0	
  .0000007	 3.921569E-03	 0	
  .0000008	 1.176471E-02	 0	
  .0000009	 1.176471E-02	 0	
  .000001	 3.921569E-03	 0	
  .0000011	 3.921569E-03	 0	
  .0000012	 3.921569E-03	 0	
  .0000013	 3.921569E-03	 0	
  .0000014	 3.921569E-03	 0	
  .0000015	 1.176471E-02	 0	
  .0000016	 3.921569E-03	 0	
  .0000017	 1.176471E-02	 0	
  .0000018	 3.921569E-03	 0	
  .0000019	 3.921569E-03	 0	
  .000002	 1.176471E-02	 0	
  .0000021	 3.921569E-03	 0	
  .0000022	 1.176471E-02	 0	
  .0000023	 1.176471E-02	 0	
  .0000024	 3.921569E-03	 0	
  .0000025	 1.960784E-02	 0	
  .0000026	 3.921569E-03	 0	
  .0000027	 3.921569E-03	 0	
  .0000028	-3.921569E-03	 0	
  .0000029	 1.176471E-02	 0	
  .000003	 1.960784E-02	 0	
  .0000031	 1.176471E-02	 0	
  .0000032	 1.176471E-02	 0	
  .0000033	 1.176471E-02	 0	
  .0000034	 1.176471E-02	 0	
  .0000035	 3.921569E-03	 0	
  .0000036	 3.921569E-03	 0	
  .0000037	 1.176471E-02	 0	
  .0000038	 1.176471E-02	 0	
  .0000039	-3.921569E-03	 0	
  .000004	 3.921569E-03	 0	
  .0000041	 3.921569E-03	 0	
  .0000042	 1.176471E-02	 0	
  .0000043	 3.921569E-03	 0	
  .0000044	 3.921569E-03	 0	
  .0000045	 3.921569E-03	 0	
  .0000046	 3.921569E-03	 0	
  .0000047	-3.921569E-03	 0	
  .0000048	 1.176471E-02	 0	
  .0000049	 1.176471E-02	 0	
  .000005	 1.176471E-02	 0	
  .0000051	 3.921569E-03	 0	
  .0000052	 3.921569E-03	 0	
  .0000053	 3.921569E-03	 0	
  .0000054	 3.921569E-03	 0	
  .0000055	 1.176471E-02	 0	
  .0000056	 3.921569E-03	 0	
  .0000057	 3.921569E-03	 0	
  .0000058	 3.921569E-03	 0	
  .0000059	 1.176471E-02	 0	
  .000006	 3.921569E-03	 0	
  .0000061	-3.921569E-03	 0	
  .0000062	 3.921569E-03	 0	
  .0000063	 3.921569E-03	 0	
  .0000064	 1.176471E-02	 0	
  .0000065	 3.921569E-03	 0	
  .0000066	 1.176471E-02	 0	
  .0000067	 3.921569E-03	 0	
  .0000068	 1.176471E-02	 0	
  .0000069	 1.960784E-02	 0	
  .000007	 3.921569E-03	 0	
  .0000071	 3.921569E-03	 0	
  .0000072	 3.921569E-03	 0	
  .0000073	 1.960784E-02	 0	
  .0000074	 1.176471E-02	 0	
  .0000075	 1.960784E-02	 0	
  .0000076	 1.176471E-02	 0	
  .0000077	 1.176471E-02	 0	
  .0000078	 1.176471E-02	 0	
  .0000079	 1.176471E-02	 0	
  .000008	 3.921569E-03	 0	
  .0000081	 1.176471E-02	 0	
  .0000082	 1.960784E-02	 0	
  .0000083	 3.921569E-03	 0	
  .0000084	 1.176471E-02	 0	
  .0000085	 1.176471E-02	 0	
  .0000086	 1.176471E-02	 0	
  .0000087	 3.921569E-03	 0	
  .0000088	 1.960784E-02	 0	
  .0000089	 1.960784E-02	 0	
  .000009	 3.921569E-03	 0	
  .0000091	 3.921569E-03	 0	
  .0000092	 1.176471E-02	 0	
  .0000093	 1.176471E-02	 0	
  .0000094	 1.176471E-02	 0	
  .0000095	 3.921569E-03	 0	
  .0000096	 3.921569E-03	 0	
  .0000097	 3.921569E-03	 0	
  .0000098	 3.921569E-03	 0	
  .0000099	 3.921569E-03	 0	
  .00001	 1.176471E-02	 0	
  .0000101	 3.921569E-03	 0	
  .0000102	 1.960784E-02	 0	
  .0000103	 1.176471E-02	 0	
  .0000104	 1.176471E-02	 0	
  .0000105	 3.921569E-03	 0	
  .0000106	 3.921569E-03	 0	
  .0000107	 1.176471E-02	 0	
  .0000108	 1.176471E-02	 0	
  .0000109	 1.176471E-02	 0	
  .000011	 3.921569E-03	 0	
  .0000111	 3.921569E-03	 0	
  .0000112	 1.960784E-02	 0	
  .0000113	 3.921569E-03	 0	
  .0000114	 3.921569E-03	 0	
  .0000115	 3.921569E-03	 0	
  .0000116	 3.921569E-03	 0	
  .0000117	 1.960784E-02	 0	
  .0000118	 1.176471E-02	 0	
  .0000119	 3.921569E-03	 0	
  .000012	 3.921569E-03	 0	
  .0000121	 1.176471E-02	 0	
  .0000122	 3.921569E-03	 0	
  .0000123	 3.921569E-03	 0	
  .0000124	 1.960784E-02	 0	
  .0000125	 3.921569E-03	 0	
  .0000126	 1.176471E-02	 0	
  .0000127	 3.921569E-03	 0	
  .0000128	 1.176471E-02	 0	
  .0000129	 1.176471E-02	 0	
  .000013	 1.176471E-02	 0	
  .0000131	 1.176471E-02	 0	
  .0000132	 1.176471E-02	 0	
  .0000133	 3.921569E-03	 0	
  .0000134	 3.921569E-03	 0	
  .0000135	 1.176471E-02	 0	
  .0000136	 3.921569E-03	 0	
  .0000137	 3.921569E-03	 0	
  .0000138	 3.921569E-03	 0	
  .0000139	 3.921569E-03	 0	
  .000014	 3.921569E-03	 0	
  .0000141	 1.176471E-02	 0	
  .0000142	 1.176471E-02	 0	
  .0000143	 1.176471E-02	 0	
  .0000144	 1.176471E-02	 0	
  .0000145	 3.921569E-03	 0	
  .0000146	 3.921569E-03	 0	
  .0000147	 1.176471E-02	 0	
  .0000148	 3.921569E-03	 0	
  .0000149	 1.176471E-02	 0	
  .000015	 3.921569E-03	 0	
  .0000151	 3.921569E-03	 0	
  .0000152	 3.921569E-03	 0	
  .0000153	 3.921569E-03	 0	
  .0000154	 3.921569E-03	 0	
  .0000155	 1.176471E-02	 0	
  .0000156	-3.921569E-03	 0	
  .0000157	 1.176471E-02	 0	
  .0000158	-3.921569E-03	 0	
  .0000159	 3.921569E-03	 0	
  .000016	 3.921569E-03	 0	
  .0000161	 1.176471E-02	 0	
  .0000162	 3.921569E-03	 0	
  .0000163	 3.921569E-03	 0	
  .0000164	 3.921569E-03	 0	
  .0000165	 3.921569E-03	 0	
  .0000166	 1.176471E-02	 0	
  .0000167	 1.176471E-02	 0	
  .0000168	 1.176471E-02	 0	
  .0000169	 3.921569E-03	 0	
  .000017	 3.921569E-03	 0	
  .0000171	 3.921569E-03	 0	
  .0000172	 1.176471E-02	 0	
  .0000173	 3.921569E-03	 0	
  .0000174	 1.176471E-02	 0	
  .0000175	 1.176471E-02	 0	
  .0000176	 1.176471E-02	 0	
  .0000177	 3.921569E-03	 0	
  .0000178	 3.921569E-03	 0	
  .0000179	 1.176471E-02	 0	
  .000018	 1.176471E-02	 0	
  .0000181	 3.921569E-03	 0	
  .0000182	 1.176471E-02	 0	
  .0000183	 3.921569E-03	 0	
  .0000184	 3.921569E-03	 0	
  .0000185	 1.176471E-02	 0	
  .0000186	 3.921569E-03	 0	
  .0000187	 1.176471E-02	 0	
  .0000188	 1.176471E-02	 0	
  .0000189	 3.921569E-03	 0	
  .000019	 3.921569E-03	 0	
  .0000191	 1.176471E-02	 0	
  .0000192	 1.176471E-02	 0	
  .0000193	 3.921569E-03	 0	
  .0000194	 3.921569E-03	 0	
  .0000195	 3.921569E-03	 0	
  .0000196	 3.921569E-03	 0	
  .0000197	 3.921569E-03	 0	
  .0000198	 3.921569E-03	 0	
  .0000199	 1.176471E-02	 0	
  .00002	 1.176471E-02	 0	
  .0000201	 1.176471E-02	 0	
  .0000202	 1.176471E-02	 0	
  .0000203	 3.921569E-03	 0	
  .0000204	 3.921569E-03	 0	
  .0000205	-3.921569E-03	 0	
  .0000206	 1.176471E-02	 0	
  .0000207	 3.921569E-03	 0	
  .0000208	 1.176471E-02	 0	
  .0000209	 1.176471E-02	 0	
  .000021	 3.921569E-03	 0	
  .0000211	 1.176471E-02	 0	
  .0000212	 1.176471E-02	 0	
  .0000213	 1.176471E-02	 0	
  .0000214	 3.921569E-03	 0	
  .0000215	 1.176471E-02	 0	
  .0000216	 3.921569E-03	 0	
  .0000217	 3.921569E-03	 0	
  .0000218	 1.176471E-02	 0	
  .0000219	 3.921569E-03	 0	
  .000022	 1.176471E-02	 0	
  .0000221	-3.921569E-03	 0	
  .0000222	 3.921569E-03	 0	
  .0000223	 1.960784E-02	 0	
  .0000224	 1.176471E-02	 0	
  .0000225	 3.921569E-03	 0	
  .0000226	 3.921569E-03	 0	
  .0000227	 1.176471E-02	 0	
  .0000228	 1.176471E-02	 0	
  .0000229	 1.176471E-02	 0	
  .000023	 3.921569E-03	 0	
  .0000231	 3.921569E-03	 0	
  .0000232	 3.921569E-03	 0	
  .0000233	 3.921569E-03	 0	
  .0000234	 1.176471E-02	 0	
  .0000235	 1.176471E-02	 0	
  .0000236	 1.176471E-02	 0	
  .0000237	 3.921569E-03	 0	
  .0000238	 3.921569E-03	 0	
  .0000239	 1.176471E-02	 0	
  .000024	 1.176471E-02	 0	
  .0000241	 3.921569E-03	 0	
  .0000242	 1.176471E-02	 0	
  .0000243	 1.176471E-02	 0	
  .0000244	-3.921569E-03	 0	
  .0000245	 3.921569E-03	 0	
  .0000246	 1.176471E-02	 0	
  .0000247	 3.921569E-03	 0	
  .0000248	 .4509804	 0	
  .0000249	 .3803922	 0	
  .000025	 .3490196	 0	
  .0000251	 .372549	 0	
  .0000252	 .3647059	 0	
  .0000253	 .3803922	 0	
  .0000254	 .372549	 0	
  .0000255	 .372549	 0	
  .0000256	 .372549	 0	
  .0000257	 .372549	 0	
  .0000258	 .372549	 0	
  .0000259	 .3803922	 0	
  .000026	 .3803922	 0	
  .0000261	 .372549	 0	
  .0000262	 .3647059	 0	
  .0000263	 .372549	 0	
  .0000264	 .372549	 0	
  .0000265	 .3647059	 0	
  .0000266	 .372549	 0	
  .0000267	 .372549	 0	
  .0000268	 .3647059	 0	
  .0000269	 .3568628	 0	
  .000027	 .3568628	 0	
  .0000271	 .3647059	 0	
  .0000272	 .3647059	 0	
  .0000273	 .3568628	 0	
  .0000274	 .3647059	 0	
  .0000275	 .3647059	 0	
  .0000276	 .3568628	 0	
  .0000277	 .3568628	 0	
  .0000278	 .3490196	 0	
  .0000279	 .3411765	 0	
  .000028	 .3490196	 0	
  .0000281	 .3411765	 0	
  .0000282	 .3411765	 0	
  .0000283	 .3333333	 0	
  .0000284	 .3411765	 0	
  .0000285	 .3333333	 0	
  .0000286	 .3254902	 0	
  .0000287	 .3254902	 0	
  .0000288	 .3176471	 0	
  .0000289	 .3176471	 0	
  .000029	 .3176471	 0	
  .0000291	 .3098039	 0	
  .0000292	 .3098039	 0	
  .0000293	 .3019608	 0	
  .0000294	 .3019608	 0	
  .0000295	 .2941177	 0	
  .0000296	 .2941177	 0	
  .0000297	 .2941177	 0	
  .0000298	 .2941177	 0	
  .0000299	 .2941177	 0	
  .00003	 .2941177	 0	
  .0000301	 .2941177	 0	
  .0000302	 .2862745	 0	
  .0000303	 .2862745	 0	
  .0000304	 .2784314	 0	
  .0000305	 .2862745	 0	
  .0000306	 .2784314	 0	
  .0000307	 .2705882	 0	
  .0000308	 .2705882	 0	
  .0000309	 .2705882	 0	
  .000031	 .2627451	 0	
  .0000311	 .2627451	 0	
  .0000312	 .254902	 0	
  .0000313	 .254902	 0	
  .0000314	 .2627451	 0	
  .0000315	 .2627451	 0	
  .0000316	 .254902	 0	
  .0000317	 .2470588	 0	
  .0000318	 .2392157	 0	
  .0000319	 .2470588	 0	
  .000032	 .2313726	 0	
  .0000321	 .2392157	 0	
  .0000322	 .2392157	 0	
  .0000323	 .2235294	 0	
  .0000324	 .2235294	 0	
  .0000325	 .2156863	 0	
  .0000326	 .2156863	 0	
  .0000327	 .2156863	 0	
  .0000328	 .2078431	 0	
  .0000329	 .2078431	 0	
  .000033	 .2	 0	
  .0000331	 .2078431	 0	
  .0000332	 .2078431	 0	
  .0000333	 .1921569	 0	
  .0000334	 .1921569	 0	
  .0000335	 .1843137	 0	
  .0000336	 .1764706	 0	
  .0000337	 .1764706	 0	
  .0000338	 .1686275	 0	
  .0000339	 .1764706	 0	
  .000034	 .1607843	 0	
  .0000341	 .1686275	 0	
  .0000342	 .1529412	 0	
  .0000343	 .145098	 0	
  .0000344	 .145098	 0	
  .0000345	 .1529412	 0	
  .0000346	 .145098	 0	
  .0000347	 .145098	 0	
  .0000348	 .1372549	 0	
  .0000349	 .1372549	 0	
  .000035	 .1215686	 0	
  .0000351	 .1215686	 0	
  .0000352	 .1215686	 0	
  .0000353	 .1137255	 0	
  .0000354	 .1137255	 0	
  .0000355	 .1137255	 0	
  .0000356	 9.803922E-02	 0	
  .0000357	 9.019608E-02	 0	
  .0000358	 9.019608E-02	 0	
  .0000359	 9.019608E-02	 0	
  .000036	 8.235294E-02	 0	
  .0000361	 8.235294E-02	 0	
  .0000362	 7.450981E-02	 0	
  .0000363	 7.450981E-02	 0	
  .0000364	 7.450981E-02	 0	
  .0000365	 6.666667E-02	 0	
  .0000366	 6.666667E-02	 0	
  .0000367	 5.882353E-02	 0	
  .0000368	 5.882353E-02	 0	
  .0000369	 5.098039E-02	 0	
  .000037	 5.098039E-02	 0	
  .0000371	 3.529412E-02	 0	
  .0000372	 4.313726E-02	 0	
  .0000373	 2.745098E-02	 0	
  .0000374	 2.745098E-02	 0	
  .0000375	 1.960784E-02	 0	
  .0000376	 1.176471E-02	 0	
  .0000377	 1.176471E-02	 0	
  .0000378	 3.921569E-03	 0	
  .0000379	 1.176471E-02	 0	
  .000038	-3.921569E-03	 0	
  .0000381	 3.921569E-03	 0	
  .0000382	-3.921569E-03	 0	
  .0000383	-1.960784E-02	 0	
  .0000384	-1.960784E-02	 0	
  .0000385	-3.921569E-03	 0	
  .0000386	-1.960784E-02	 0	
  .0000387	-2.745098E-02	 0	
  .0000388	-3.529412E-02	 0	
  .0000389	-3.529412E-02	 0	
  .000039	-3.529412E-02	 0	
  .0000391	-5.098039E-02	 0	
  .0000392	-4.313726E-02	 0	
  .0000393	-5.098039E-02	 0	
  .0000394	-5.882353E-02	 0	
  .0000395	-5.098039E-02	 0	
  .0000396	-6.666667E-02	 0	
  .0000397	-5.882353E-02	 0	
  .0000398	-5.882353E-02	 0	
  .0000399	-6.666667E-02	 0	
  .00004	-6.666667E-02	 0	
  .0000401	-6.666667E-02	 0	
  .0000402	-8.235294E-02	 0	
  .0000403	-8.235294E-02	 0	
  .0000404	-8.235294E-02	 0	
  .0000405	-9.019608E-02	 0	
  .0000406	-9.803922E-02	 0	
  .0000407	-9.803922E-02	 0	
  .0000408	-.1058824	 0	
  .0000409	-9.803922E-02	 0	
  .000041	-.1058824	 0	
  .0000411	-.1137255	 0	
  .0000412	-.1137255	 0	
  .0000413	-.1137255	 0	
  .0000414	-.1215686	 0	
  .0000415	-.1215686	 0	
  .0000416	-.1294118	 0	
  .0000417	-.1294118	 0	
  .0000418	-.1294118	 0	
  .0000419	-.1372549	 0	
  .000042	-.1372549	 0	
  .0000421	-.1372549	 0	
  .0000422	-.145098	 0	
  .0000423	-.1529412	 0	
  .0000424	-.1529412	 0	
  .0000425	-.1529412	 0	
  .0000426	-.1529412	 0	
  .0000427	-.1529412	 0	
  .0000428	-.1529412	 0	
  .0000429	-.1686275	 0	
  .000043	-.1686275	 0	
  .0000431	-.1686275	 0	
  .0000432	-.1686275	 0	
  .0000433	-.1764706	 0	
  .0000434	-.1843137	 0	
  .0000435	-.1843137	 0	
  .0000436	-.1921569	 0	
  .0000437	-.1843137	 0	
  .0000438	-.1843137	 0	
  .0000439	-.1921569	 0	
  .000044	-.2	 0	
  .0000441	-.2	 0	
  .0000442	-.2	 0	
  .0000443	-.2	 0	
  .0000444	-.2	 0	
  .0000445	-.2078431	 0	
  .0000446	-.2078431	 0	
  .0000447	-.2156863	 0	
  .0000448	-.2156863	 0	
  .0000449	-.2235294	 0	
  .000045	-.2156863	 0	
  .0000451	-.2235294	 0	
  .0000452	-.2235294	 0	
  .0000453	-.2235294	 0	
  .0000454	-.2313726	 0	
  .0000455	-.2392157	 0	
  .0000456	-.2235294	 0	
  .0000457	-.2235294	 0	
  .0000458	-.2235294	 0	
  .0000459	-.2313726	 0	
  .000046	-.2313726	 0	
  .0000461	-.2313726	 0	
  .0000462	-.2313726	 0	
  .0000463	-.2392157	 0	
  .0000464	-.2392157	 0	
  .0000465	-.2392157	 0	
  .0000466	-.2392157	 0	
  .0000467	-.2470588	 0	
  .0000468	-.2392157	 0	
  .0000469	-.2392157	 0	
  .000047	-.2392157	 0	
  .0000471	-.2392157	 0	
  .0000472	-.2470588	 0	
  .0000473	-.254902	 0	
  .0000474	-.2392157	 0	
  .0000475	-.2470588	 0	
  .0000476	-.2470588	 0	
  .0000477	-.2392157	 0	
  .0000478	-.2470588	 0	
  .0000479	-.254902	 0	
  .000048	-.2470588	 0	
  .0000481	-.254902	 0	
  .0000482	-.254902	 0	
  .0000483	-.254902	 0	
  .0000484	-.2470588	 0	
  .0000485	-.2470588	 0	
  .0000486	-.254902	 0	
  .0000487	-.254902	 0	
  .0000488	-.254902	 0	
  .0000489	-.254902	 0	
  .000049	-.254902	 0	
  .0000491	-.2627451	 0	
  .0000492	-.2627451	 0	
  .0000493	-.254902	 0	
  .0000494	-.254902	 0	
  .0000495	-.2705882	 0	
  .0000496	-.254902	 0	
  .0000497	-.2627451	 0	
  .0000498	-.254902	 0	
  .0000499	-.2470588	 0	
  .00005	-.254902	 0	
  .0000501	-.254902	 0	
  .0000502	-.254902	 0	
  .0000503	-.254902	 0	
  .0000504	-.2627451	 0	
  .0000505	-.2627451	 0	
  .0000506	-.2627451	 0	
  .0000507	-.2627451	 0	
  .0000508	-.254902	 0	
  .0000509	-.254902	 0	
  .000051	-.2627451	 0	
  .0000511	-.254902	 0	
  .0000512	-.2627451	 0	
  .0000513	-.2627451	 0	
  .0000514	-.2705882	 0	
  .0000515	-.2627451	 0	
  .0000516	-.2705882	 0	
  .0000517	-.2627451	 0	
  .0000518	-.2705882	 0	
  .0000519	-.2627451	 0	
  .000052	-.2627451	 0	
  .0000521	-.254902	 0	
  .0000522	-.2627451	 0	
  .0000523	-.2705882	 0	
  .0000524	-.2627451	 0	
  .0000525	-.254902	 0	
  .0000526	-.2627451	 0	
  .0000527	-.254902	 0	
  .0000528	-.2627451	 0	
  .0000529	-.2705882	 0	
  .000053	-.2627451	 0	
  .0000531	-.254902	 0	
  .0000532	-.254902	 0	
  .0000533	-.2627451	 0	
  .0000534	-.2627451	 0	
  .0000535	-.254902	 0	
  .0000536	-.254902	 0	
  .0000537	-.254902	 0	
  .0000538	-.254902	 0	
  .0000539	-.254902	 0	
  .000054	-.254902	 0	
  .0000541	-.2627451	 0	
  .0000542	-.254902	 0	
  .0000543	-.2392157	 0	
  .0000544	-.2470588	 0	
  .0000545	-.2470588	 0	
  .0000546	-.254902	 0	
  .0000547	-.254902	 0	
  .0000548	-.254902	 0	
  .0000549	-.2470588	 0	
  .000055	-.2392157	 0	
  .0000551	-.2470588	 0	
  .0000552	-.2470588	 0	
  .0000553	-.2392157	 0	
  .0000554	-.2392157	 0	
  .0000555	-.2392157	 0	
  .0000556	-.2470588	 0	
  .0000557	-.2235294	 0	
  .0000558	-.2392157	 0	
  .0000559	-.2313726	 0	
  .000056	-.2392157	 0	
  .0000561	-.2313726	 0	
  .0000562	-.2235294	 0	
  .0000563	-.2235294	 0	
  .0000564	-.2313726	 0	
  .0000565	-.2156863	 0	
  .0000566	-.2235294	 0	
  .0000567	-.2235294	 0	
  .0000568	-.2156863	 0	
  .0000569	-.2235294	 0	
  .000057	-.2156863	 0	
  .0000571	-.2156863	 0	
  .0000572	-.2156863	 0	
  .0000573	-.2156863	 0	
  .0000574	-.2156863	 0	
  .0000575	-.2078431	 0	
  .0000576	-.2	 0	
  .0000577	-.2	 0	
  .0000578	-.2078431	 0	
  .0000579	-.1921569	 0	
  .000058	-.2	 0	
  .0000581	-.2	 0	
  .0000582	-.1921569	 0	
  .0000583	-.1921569	 0	
  .0000584	-.1843137	 0	
  .0000585	-.1921569	 0	
  .0000586	-.1921569	 0	
  .0000587	-.1843137	 0	
  .0000588	-.1843137	 0	
  .0000589	-.1843137	 0	
  .000059	-.1764706	 0	
  .0000591	-.1843137	 0	
  .0000592	-.1843137	 0	
  .0000593	-.1764706	 0	
  .0000594	-.1764706	 0	
  .0000595	-.1686275	 0	
  .0000596	-.1686275	 0	
  .0000597	-.1607843	 0	
  .0000598	-.1529412	 0	
  .0000599	-.1529412	 0	
  .00006	-.1607843	 0	
  .0000601	-.1529412	 0	
  .0000602	-.1529412	 0	
  .0000603	-.1529412	 0	
  .0000604	-.1529412	 0	
  .0000605	-.1529412	 0	
  .0000606	-.145098	 0	
  .0000607	-.1294118	 0	
  .0000608	-.1372549	 0	
  .0000609	-.1294118	 0	
  .000061	-.1372549	 0	
  .0000611	-.1372549	 0	
  .0000612	-.1372549	 0	
  .0000613	-.1294118	 0	
  .0000614	-.1372549	 0	
  .0000615	-.1294118	 0	
  .0000616	-.1215686	 0	
  .0000617	-.1294118	 0	
  .0000618	-.1137255	 0	
  .0000619	-.1137255	 0	
  .000062	-.1137255	 0	
  .0000621	-.1058824	 0	
  .0000622	-.1137255	 0	
  .0000623	-.1058824	 0	
  .0000624	-9.803922E-02	 0	
  .0000625	-9.803922E-02	 0	
  .0000626	-9.803922E-02	 0	
  .0000627	-9.019608E-02	 0	
  .0000628	-9.019608E-02	 0	
  .0000629	-9.019608E-02	 0	
  .000063	-8.235294E-02	 0	
  .0000631	-9.019608E-02	 0	
  .0000632	-8.235294E-02	 0	
  .0000633	-8.235294E-02	 0	
  .0000634	-7.450981E-02	 0	
  .0000635	-7.450981E-02	 0	
  .0000636	-6.666667E-02	 0	
  .0000637	-7.450981E-02	 0	
  .0000638	-6.666667E-02	 0	
  .0000639	-6.666667E-02	 0	
  .000064	-6.666667E-02	 0	
  .0000641	-5.882353E-02	 0	
  .0000642	-4.313726E-02	 0	
  .0000643	-5.098039E-02	 0	
  .0000644	-5.098039E-02	 0	
  .0000645	-4.313726E-02	 0	
  .0000646	-4.313726E-02	 0	
  .0000647	-4.313726E-02	 0	
  .0000648	-4.313726E-02	 0	
  .0000649	-3.529412E-02	 0	
  .000065	-3.529412E-02	 0	
  .0000651	-2.745098E-02	 0	
  .0000652	-2.745098E-02	 0	
  .0000653	-2.745098E-02	 0	
  .0000654	-1.960784E-02	 0	
  .0000655	-1.960784E-02	 0	
  .0000656	-1.176471E-02	 0	
  .0000657	-1.960784E-02	 0	
  .0000658	-1.960784E-02	 0	
  .0000659	-1.176471E-02	 0	
  .000066	-3.921569E-03	 0	
  .0000661	-1.176471E-02	 0	
  .0000662	 3.921569E-03	 0	
  .0000663	 3.921569E-03	 0	
  .0000664	-3.921569E-03	 0	
  .0000665	 3.921569E-03	 0	
  .0000666	 1.176471E-02	 0	
  .0000667	 1.960784E-02	 0	
  .0000668	 1.960784E-02	 0	
  .0000669	 2.745098E-02	 0	
  .000067	 2.745098E-02	 0	
  .0000671	 2.745098E-02	 0	
  .0000672	 1.960784E-02	 0	
  .0000673	 2.745098E-02	 0	
  .0000674	 3.529412E-02	 0	
  .0000675	 3.529412E-02	 0	
  .0000676	 3.529412E-02	 0	
  .0000677	 3.529412E-02	 0	
  .0000678	 4.313726E-02	 0	
  .0000679	 4.313726E-02	 0	
  .000068	 5.098039E-02	 0	
  .0000681	 5.098039E-02	 0	
  .0000682	 6.666667E-02	 0	
  .0000683	 5.882353E-02	 0	
  .0000684	 5.098039E-02	 0	
  .0000685	 5.098039E-02	 0	
  .0000686	 6.666667E-02	 0	
  .0000687	 6.666667E-02	 0	
  .0000688	 6.666667E-02	 0	
  .0000689	 6.666667E-02	 0	
  .000069	 6.666667E-02	 0	
  .0000691	 6.666667E-02	 0	
  .0000692	 7.450981E-02	 0	
  .0000693	 7.450981E-02	 0	
  .0000694	 7.450981E-02	 0	
  .0000695	 9.019608E-02	 0	
  .0000696	 9.803922E-02	 0	
  .0000697	 9.019608E-02	 0	
  .0000698	 9.019608E-02	 0	
  .0000699	 9.019608E-02	 0	
  .00007	 9.019608E-02	 0	
  .0000701	 9.803922E-02	 0	
  .0000702	 9.803922E-02	 0	
  .0000703	 .1058824	 0	
  .0000704	 9.803922E-02	 0	
  .0000705	 9.803922E-02	 0	
  .0000706	 .1058824	 0	
  .0000707	 .1137255	 0	
  .0000708	 .1137255	 0	
  .0000709	 .1137255	 0	
  .000071	 .1137255	 0	
  .0000711	 .1215686	 0	
  .0000712	 .1215686	 0	
  .0000713	 .1294118	 0	
  .0000714	 .1294118	 0	
  .0000715	 .1294118	 0	
  .0000716	 .1294118	 0	
  .0000717	 .1294118	 0	
  .0000718	 .1372549	 0	
  .0000719	 .1372549	 0	
  .000072	 .1372549	 0	
  .0000721	 .1372549	 0	
  .0000722	 .1372549	 0	
  .0000723	 .1529412	 0	
  .0000724	 .145098	 0	
  .0000725	 .1529412	 0	
  .0000726	 .145098	 0	
  .0000727	 .145098	 0	
  .0000728	 .1529412	 0	
  .0000729	 .1607843	 0	
  .000073	 .1607843	 0	
  .0000731	 .1607843	 0	
  .0000732	 .1607843	 0	
  .0000733	 .1607843	 0	
  .0000734	 .1607843	 0	
  .0000735	 .1686275	 0	
  .0000736	 .1764706	 0	
  .0000737	 .1764706	 0	
  .0000738	 .1686275	 0	
  .0000739	 .1607843	 0	
  .000074	 .1607843	 0	
  .0000741	 .1764706	 0	
  .0000742	 .1764706	 0	
  .0000743	 .1686275	 0	
  .0000744	 .1843137	 0	
  .0000745	 .1843137	 0	
  .0000746	 .1764706	 0	
  .0000747	 .1843137	 0	
  .0000748	 .1843137	 0	
  .0000749	 .1764706	 0	
  .000075	 .1921569	 0	
  .0000751	 .1921569	 0	
  .0000752	 .1843137	 0	
  .0000753	 .1843137	 0	
  .0000754	 .1921569	 0	
  .0000755	 .1921569	 0	
  .0000756	 .2	 0	
  .0000757	 .1843137	 0	
  .0000758	 .1921569	 0	
  .0000759	 .2	 0	
  .000076	 .1921569	 0	
  .0000761	 .2	 0	
  .0000762	 .2	 0	
  .0000763	 .2	 0	
  .0000764	 .2	 0	
  .0000765	 .2078431	 0	
  .0000766	 .2078431	 0	
  .0000767	 .2078431	 0	
  .0000768	 .2078431	 0	
  .0000769	 .2078431	 0	
  .000077	 .2156863	 0	
  .0000771	 .2078431	 0	
  .0000772	 .2078431	 0	
  .0000773	 .2	 0	
  .0000774	 .2156863	 0	
  .0000775	 .2078431	 0	
  .0000776	 .2156863	 0	
  .0000777	 .2156863	 0	
  .0000778	 .2156863	 0	
  .0000779	 .2156863	 0	
  .000078	 .2156863	 0	
  .0000781	 .2156863	 0	
  .0000782	 .2156863	 0	
  .0000783	 .2156863	 0	
  .0000784	 .2078431	 0	
  .0000785	 .2078431	 0	
  .0000786	 .2156863	 0	
  .0000787	 .2	 0	
  .0000788	 .2078431	 0	
  .0000789	 .2078431	 0	
  .000079	 .2	 0	
  .0000791	 .2078431	 0	
  .0000792	 .2078431	 0	
  .0000793	 .2	 0	
  .0000794	 .2156863	 0	
  .0000795	 .2156863	 0	
  .0000796	 .2156863	 0	
  .0000797	 .2078431	 0	
  .0000798	 .2078431	 0	
  .0000799	 .2078431	 0	
  .00008	 .2156863	 0	
  .0000801	 .2078431	 0	
  .0000802	 .2078431	 0	
  .0000803	 .2078431	 0	
  .0000804	 .2078431	 0	
  .0000805	 .2078431	 0	
  .0000806	 .2078431	 0	
  .0000807	 .2078431	 0	
  .0000808	 .2	 0	
  .0000809	 .2078431	 0	
  .000081	 .2078431	 0	
  .0000811	 .2078431	 0	
  .0000812	 .2	 0	
  .0000813	 .2078431	 0	
  .0000814	 .2	 0	
  .0000815	 .2	 0	
  .0000816	 .2	 0	
  .0000817	 .2078431	 0	
  .0000818	 .2078431	 0	
  .0000819	 .2078431	 0	
  .000082	 .2	 0	
  .0000821	 .2	 0	
  .0000822	 .2078431	 0	
  .0000823	 .2	 0	
  .0000824	 .1921569	 0	
  .0000825	 .1921569	 0	
  .0000826	 .1843137	 0	
  .0000827	 .1843137	 0	
  .0000828	 .1921569	 0	
  .0000829	 .1921569	 0	
  .000083	 .1843137	 0	
  .0000831	 .1843137	 0	
  .0000832	 .1843137	 0	
  .0000833	 .1843137	 0	
  .0000834	 .1921569	 0	
  .0000835	 .1843137	 0	
  .0000836	 .1921569	 0	
  .0000837	 .1843137	 0	
  .0000838	 .1764706	 0	
  .0000839	 .1764706	 0	
  .000084	 .1921569	 0	
  .0000841	 .1764706	 0	
  .0000842	 .1843137	 0	
  .0000843	 .1843137	 0	
  .0000844	 .1764706	 0	
  .0000845	 .1764706	 0	
  .0000846	 .1764706	 0	
  .0000847	 .1843137	 0	
  .0000848	 .1764706	 0	
  .0000849	 .1686275	 0	
  .000085	 .1686275	 0	
  .0000851	 .1686275	 0	
  .0000852	 .1686275	 0	
  .0000853	 .1686275	 0	
  .0000854	 .1607843	 0	
  .0000855	 .1607843	 0	
  .0000856	 .1607843	 0	
  .0000857	 .1607843	 0	
  .0000858	 .1686275	 0	
  .0000859	 .1686275	 0	
  .000086	 .1607843	 0	
  .0000861	 .1607843	 0	
  .0000862	 .1529412	 0	
  .0000863	 .1529412	 0	
  .0000864	 .1607843	 0	
  .0000865	 .1607843	 0	
  .0000866	 .1529412	 0	
  .0000867	 .1529412	 0	
  .0000868	 .1529412	 0	
  .0000869	 .1529412	 0	
  .000087	 .1372549	 0	
  .0000871	 .145098	 0	
  .0000872	 .1372549	 0	
  .0000873	 .145098	 0	
  .0000874	 .1529412	 0	
  .0000875	 .1372549	 0	
  .0000876	 .145098	 0	
  .0000877	 .1372549	 0	
  .0000878	 .1294118	 0	
  .0000879	 .1294118	 0	
  .000088	 .145098	 0	
  .0000881	 .1294118	 0	
  .0000882	 .1215686	 0	
  .0000883	 .1294118	 0	
  .0000884	 .1294118	 0	
  .0000885	 .1294118	 0	
  .0000886	 .1137255	 0	
  .0000887	 .1137255	 0	
  .0000888	 .1137255	 0	
  .0000889	 .1137255	 0	
  .000089	 .1058824	 0	
  .0000891	 .1137255	 0	
  .0000892	 .1058824	 0	
  .0000893	 .1137255	 0	
  .0000894	 .1137255	 0	
  .0000895	 .1058824	 0	
  .0000896	 .1058824	 0	
  .0000897	 .1058824	 0	
  .0000898	 9.803922E-02	 0	
  .0000899	 .1058824	 0	
  .00009	 .1058824	 0	
  .0000901	 9.803922E-02	 0	
  .0000902	 9.019608E-02	 0	
  .0000903	 8.235294E-02	 0	
  .0000904	 9.019608E-02	 0	
  .0000905	 9.019608E-02	 0	
  .0000906	 8.235294E-02	 0	
  .0000907	 7.450981E-02	 0	
  .0000908	 9.019608E-02	 0	
  .0000909	 8.235294E-02	 0	
  .000091	 8.235294E-02	 0	
  .0000911	 7.450981E-02	 0	
  .0000912	 7.450981E-02	 0	
  .0000913	 7.450981E-02	 0	
  .0000914	 7.450981E-02	 0	
  .0000915	 6.666667E-02	 0	
  .0000916	 8.235294E-02	 0	
  .0000917	 6.666667E-02	 0	
  .0000918	 6.666667E-02	 0	
  .0000919	 5.882353E-02	 0	
  .000092	 5.882353E-02	 0	
  .0000921	 5.882353E-02	 0	
  .0000922	 5.098039E-02	 0	
  .0000923	 5.882353E-02	 0	
  .0000924	 5.098039E-02	 0	
  .0000925	 4.313726E-02	 0	
  .0000926	 5.098039E-02	 0	
  .0000927	 5.098039E-02	 0	
  .0000928	 4.313726E-02	 0	
  .0000929	 3.529412E-02	 0	
  .000093	 3.529412E-02	 0	
  .0000931	 3.529412E-02	 0	
  .0000932	 3.529412E-02	 0	
  .0000933	 3.529412E-02	 0	
  .0000934	 2.745098E-02	 0	
  .0000935	 3.529412E-02	 0	
  .0000936	 2.745098E-02	 0	
  .0000937	 1.960784E-02	 0	
  .0000938	 1.960784E-02	 0	
  .0000939	 2.745098E-02	 0	
  .000094	 1.960784E-02	 0	
  .0000941	 1.960784E-02	 0	
  .0000942	 1.960784E-02	 0	
  .0000943	 1.960784E-02	 0	
  .0000944	 1.176471E-02	 0	
  .0000945	 1.176471E-02	 0	
  .0000946	 1.176471E-02	 0	
  .0000947	 1.176471E-02	 0	
  .0000948	 1.176471E-02	 0	
  .0000949	 3.921569E-03	 0	
  .000095	-3.921569E-03	 0	
  .0000951	 3.921569E-03	 0	
  .0000952	-3.921569E-03	 0	
  .0000953	-3.921569E-03	 0	
  .0000954	-3.921569E-03	 0	
  .0000955	-3.921569E-03	 0	
  .0000956	-3.921569E-03	 0	
  .0000957	-1.960784E-02	 0	
  .0000958	-1.176471E-02	 0	
  .0000959	-1.176471E-02	 0	
  .000096	-1.176471E-02	 0	
  .0000961	-1.960784E-02	 0	
  .0000962	-2.745098E-02	 0	
  .0000963	-1.960784E-02	 0	
  .0000964	-1.960784E-02	 0	
  .0000965	-1.960784E-02	 0	
  .0000966	-1.960784E-02	 0	
  .0000967	-2.745098E-02	 0	
  .0000968	-2.745098E-02	 0	
  .0000969	-3.529412E-02	 0	
  .000097	-2.745098E-02	 0	
  .0000971	-3.529412E-02	 0	
  .0000972	-3.529412E-02	 0	
  .0000973	-3.529412E-02	 0	
  .0000974	-5.098039E-02	 0	
  .0000975	-4.313726E-02	 0	
  .0000976	-4.313726E-02	 0	
  .0000977	-4.313726E-02	 0	
  .0000978	-5.098039E-02	 0	
  .0000979	-4.313726E-02	 0	
  .000098	-4.313726E-02	 0	
  .0000981	-5.098039E-02	 0	
  .0000982	-5.098039E-02	 0	
  .0000983	-5.882353E-02	 0	
  .0000984	-5.882353E-02	 0	
  .0000985	-6.666667E-02	 0	
  .0000986	-5.882353E-02	 0	
  .0000987	-6.666667E-02	 0	
  .0000988	-6.666667E-02	 0	
  .0000989	-5.882353E-02	 0	
  .000099	-6.666667E-02	 0	
  .0000991	-5.882353E-02	 0	
  .0000992	-6.666667E-02	 0	
  .0000993	-5.882353E-02	 0	
  .0000994	-6.666667E-02	 0	
  .0000995	-7.450981E-02	 0	
  .0000996	-7.450981E-02	 0	
  .0000997	-7.450981E-02	 0	
  .0000998	-6.666667E-02	 0	
  .0000999	-8.235294E-02	 0	
  .0001	-8.235294E-02	 0	
  .0001001	-8.235294E-02	 0	
  .0001002	-9.019608E-02	 0	
  .0001003	-8.235294E-02	 0	
  .0001004	-8.235294E-02	 0	
  .0001005	-9.019608E-02	 0	
  .0001006	-9.019608E-02	 0	
  .0001007	-8.235294E-02	 0	
  .0001008	-8.235294E-02	 0	
  .0001009	-9.019608E-02	 0	
  .000101	-9.803922E-02	 0	
  .0001011	-9.019608E-02	 0	
  .0001012	-9.803922E-02	 0	
  .0001013	-9.803922E-02	 0	
  .0001014	-9.803922E-02	 0	
  .0001015	-9.019608E-02	 0	
  .0001016	-9.803922E-02	 0	
  .0001017	-9.803922E-02	 0	
  .0001018	-9.803922E-02	 0	
  .0001019	-.1058824	 0	
  .000102	-9.803922E-02	 0	
  .0001021	-9.803922E-02	 0	
  .0001022	-9.803922E-02	 0	
  .0001023	-9.803922E-02	 0	
  .0001024	-.1058824	 0	
  .0001025	-.1058824	 0	
  .0001026	-.1058824	 0	
  .0001027	-.1058824	 0	
  .0001028	-.1058824	 0	
  .0001029	-.1215686	 0	
  .000103	-.1137255	 0	
  .0001031	-.1137255	 0	
  .0001032	-.1137255	 0	
  .0001033	-.1137255	 0	
  .0001034	-.1137255	 0	
  .0001035	-.1215686	 0	
  .0001036	-.1215686	 0	
  .0001037	-.1215686	 0	
  .0001038	-.1137255	 0	
  .0001039	-.1137255	 0	
  .000104	-.1215686	 0	
  .0001041	-.1215686	 0	
  .0001042	-.1215686	 0	
  .0001043	-.1294118	 0	
  .0001044	-.1294118	 0	
  .0001045	-.1137255	 0	
  .0001046	-.1294118	 0	
  .0001047	-.1294118	 0	
  .0001048	-.1215686	 0	
  .0001049	-.1294118	 0	
  .000105	-.1215686	 0	
  .0001051	-.1294118	 0	
  .0001052	-.1215686	 0	
  .0001053	-.1294118	 0	
  .0001054	-.1372549	 0	
  .0001055	-.1294118	 0	
  .0001056	-.1372549	 0	
  .0001057	-.1294118	 0	
  .0001058	-.1215686	 0	
  .0001059	-.1215686	 0	
  .000106	-.1215686	 0	
  .0001061	-.1372549	 0	
  .0001062	-.1372549	 0	
  .0001063	-.1294118	 0	
  .0001064	-.1294118	 0	
  .0001065	-.1294118	 0	
  .0001066	-.1294118	 0	
  .0001067	-.1294118	 0	
  .0001068	-.1294118	 0	
  .0001069	-.1372549	 0	
  .000107	-.1294118	 0	
  .0001071	-.1294118	 0	
  .0001072	-.1294118	 0	
  .0001073	-.1294118	 0	
  .0001074	-.1372549	 0	
  .0001075	-.1294118	 0	
  .0001076	-.1372549	 0	
  .0001077	-.1294118	 0	
  .0001078	-.1294118	 0	
  .0001079	-.1294118	 0	
  .000108	-.1372549	 0	
  .0001081	-.1372549	 0	
  .0001082	-.1294118	 0	
  .0001083	-.1294118	 0	
  .0001084	-.1294118	 0	
  .0001085	-.1372549	 0	
  .0001086	-.1294118	 0	
  .0001087	-.1294118	 0	
  .0001088	-.1294118	 0	
  .0001089	-.1294118	 0	
  .000109	-.1294118	 0	
  .0001091	-.1215686	 0	
  .0001092	-.1215686	 0	
  .0001093	-.1215686	 0	
  .0001094	-.1215686	 0	
  .0001095	-.1137255	 0	
  .0001096	-.1215686	 0	
  .0001097	-.1215686	 0	
  .0001098	-.1215686	 0	
  .0001099	-.1294118	 0	
  .00011	-.1294118	 0	
  .0001101	-.1215686	 0	
  .0001102	-.1215686	 0	
  .0001103	-.1215686	 0	
  .0001104	-.1137255	 0	
  .0001105	-.1137255	 0	
  .0001106	-.1137255	 0	
  .0001107	-.1215686	 0	
  .0001108	-.1215686	 0	
  .0001109	-.1215686	 0	
  .000111	-.1215686	 0	
  .0001111	-.1137255	 0	
  .0001112	-.1215686	 0	
  .0001113	-.1137255	 0	
  .0001114	-.1137255	 0	
  .0001115	-.1137255	 0	
  .0001116	-.1137255	 0	
  .0001117	-.1137255	 0	
  .0001118	-.1215686	 0	
  .0001119	-.1058824	 0	
  .000112	-.1137255	 0	
  .0001121	-.1058824	 0	
  .0001122	-.1058824	 0	
  .0001123	-.1058824	 0	
  .0001124	-.1058824	 0	
  .0001125	-.1137255	 0	
  .0001126	-.1058824	 0	
  .0001127	-.1058824	 0	
  .0001128	-.1137255	 0	
  .0001129	-.1058824	 0	
  .000113	-.1058824	 0	
  .0001131	-9.803922E-02	 0	
  .0001132	-.1137255	 0	
  .0001133	-.1058824	 0	
  .0001134	-.1058824	 0	
  .0001135	-.1058824	 0	
  .0001136	-.1058824	 0	
  .0001137	-9.803922E-02	 0	
  .0001138	-9.803922E-02	 0	
  .0001139	-9.803922E-02	 0	
  .000114	-9.019608E-02	 0	
  .0001141	-.1058824	 0	
  .0001142	-.1058824	 0	
  .0001143	-9.803922E-02	 0	
  .0001144	-9.019608E-02	 0	
  .0001145	-9.019608E-02	 0	
  .0001146	-9.803922E-02	 0	
  .0001147	-.1058824	 0	
  .0001148	-9.019608E-02	 0	
  .0001149	-9.019608E-02	 0	
  .000115	-9.803922E-02	 0	
  .0001151	-9.019608E-02	 0	
  .0001152	-8.235294E-02	 0	
  .0001153	-9.019608E-02	 0	
  .0001154	-9.019608E-02	 0	
  .0001155	-8.235294E-02	 0	
  .0001156	-9.019608E-02	 0	
  .0001157	-8.235294E-02	 0	
  .0001158	-8.235294E-02	 0	
  .0001159	-8.235294E-02	 0	
  .000116	-9.019608E-02	 0	
  .0001161	-8.235294E-02	 0	
  .0001162	-6.666667E-02	 0	
  .0001163	-8.235294E-02	 0	
  .0001164	-7.450981E-02	 0	
  .0001165	-7.450981E-02	 0	
  .0001166	-7.450981E-02	 0	
  .0001167	-7.450981E-02	 0	
  .0001168	-7.450981E-02	 0	
  .0001169	-7.450981E-02	 0	
  .000117	-6.666667E-02	 0	
  .0001171	-6.666667E-02	 0	
  .0001172	-6.666667E-02	 0	
  .0001173	-5.882353E-02	 0	
  .0001174	-5.882353E-02	 0	
  .0001175	-6.666667E-02	 0	
  .0001176	-5.882353E-02	 0	
  .0001177	-5.882353E-02	 0	
  .0001178	-5.882353E-02	 0	
  .0001179	-6.666667E-02	 0	
  .000118	-5.882353E-02	 0	
  .0001181	-5.882353E-02	 0	
  .0001182	-5.098039E-02	 0	
  .0001183	-6.666667E-02	 0	
  .0001184	-5.882353E-02	 0	
  .0001185	-5.882353E-02	 0	
  .0001186	-5.882353E-02	 0	
  .0001187	-4.313726E-02	 0	
  .0001188	-5.098039E-02	 0	
  .0001189	-5.098039E-02	 0	
  .000119	-4.313726E-02	 0	
  .0001191	-3.529412E-02	 0	
  .0001192	-4.313726E-02	 0	
  .0001193	-4.313726E-02	 0	
  .0001194	-4.313726E-02	 0	
  .0001195	-3.529412E-02	 0	
  .0001196	-3.529412E-02	 0	
  .0001197	-4.313726E-02	 0	
  .0001198	-4.313726E-02	 0	
  .0001199	-4.313726E-02	 0	
  .00012	-3.529412E-02	 0	
  .0001201	-3.529412E-02	 0	
  .0001202	-2.745098E-02	 0	
  .0001203	-3.529412E-02	 0	
  .0001204	-2.745098E-02	 0	
  .0001205	-1.960784E-02	 0	
  .0001206	-2.745098E-02	 0	
  .0001207	-2.745098E-02	 0	
  .0001208	-2.745098E-02	 0	
  .0001209	-2.745098E-02	 0	
  .000121	-1.960784E-02	 0	
  .0001211	-2.745098E-02	 0	
  .0001212	-1.960784E-02	 0	
  .0001213	-1.176471E-02	 0	
  .0001214	-1.960784E-02	 0	
  .0001215	-1.176471E-02	 0	
  .0001216	-1.960784E-02	 0	
  .0001217	-1.176471E-02	 0	
  .0001218	-1.176471E-02	 0	
  .0001219	-1.176471E-02	 0	
  .000122	-3.921569E-03	 0	
  .0001221	-3.921569E-03	 0	
  .0001222	 3.921569E-03	 0	
  .0001223	-3.921569E-03	 0	
  .0001224	 3.921569E-03	 0	
  .0001225	 3.921569E-03	 0	
  .0001226	-3.921569E-03	 0	
  .0001227	-3.921569E-03	 0	
  .0001228	-3.921569E-03	 0	
  .0001229	 1.176471E-02	 0	
  .000123	 1.960784E-02	 0	
  .0001231	-3.921569E-03	 0	
  .0001232	 1.176471E-02	 0	
  .0001233	 3.921569E-03	 0	
  .0001234	 3.921569E-03	 0	
  .0001235	 1.176471E-02	 0	
  .0001236	 1.960784E-02	 0	
  .0001237	 1.176471E-02	 0	
  .0001238	 1.176471E-02	 0	
  .0001239	 1.960784E-02	 0	
  .000124	 1.960784E-02	 0	
  .0001241	 1.960784E-02	 0	
  .0001242	 1.960784E-02	 0	
  .0001243	 1.960784E-02	 0	
  .0001244	 2.745098E-02	 0	
  .0001245	 2.745098E-02	 0	
  .0001246	 2.745098E-02	 0	
  .0001247	 2.745098E-02	 0	
  .0001248	 2.745098E-02	 0	
  .0001249	 2.745098E-02	 0	
  .000125	 2.745098E-02	 0	
  .0001251	 2.745098E-02	 0	
  .0001252	 3.529412E-02	 0	
  .0001253	 2.745098E-02	 0	
  .0001254	 3.529412E-02	 0	
  .0001255	 4.313726E-02	 0	
  .0001256	 4.313726E-02	 0	
  .0001257	 4.313726E-02	 0	
  .0001258	 4.313726E-02	 0	
  .0001259	 3.529412E-02	 0	
  .000126	 4.313726E-02	 0	
  .0001261	 5.098039E-02	 0	
  .0001262	 4.313726E-02	 0	
  .0001263	 5.098039E-02	 0	
  .0001264	 5.098039E-02	 0	
  .0001265	 5.098039E-02	 0	
  .0001266	 4.313726E-02	 0	
  .0001267	 5.098039E-02	 0	
  .0001268	 5.882353E-02	 0	
  .0001269	 5.882353E-02	 0	
  .000127	 5.882353E-02	 0	
  .0001271	 5.882353E-02	 0	
  .0001272	 5.882353E-02	 0	
  .0001273	 5.882353E-02	 0	
  .0001274	 5.882353E-02	 0	
  .0001275	 5.882353E-02	 0	
  .0001276	 6.666667E-02	 0	
  .0001277	 6.666667E-02	 0	
  .0001278	 5.882353E-02	 0	
  .0001279	 6.666667E-02	 0	
  .000128	 6.666667E-02	 0	
  .0001281	 7.450981E-02	 0	
  .0001282	 5.882353E-02	 0	
  .0001283	 5.882353E-02	 0	
  .0001284	 5.882353E-02	 0	
  .0001285	 5.882353E-02	 0	
  .0001286	 6.666667E-02	 0	
  .0001287	 6.666667E-02	 0	
  .0001288	 7.450981E-02	 0	
  .0001289	 8.235294E-02	 0	
  .000129	 7.450981E-02	 0	
  .0001291	 7.450981E-02	 0	
  .0001292	 7.450981E-02	 0	
  .0001293	 8.235294E-02	 0	
  .0001294	 7.450981E-02	 0	
  .0001295	 9.019608E-02	 0	
  .0001296	 8.235294E-02	 0	
  .0001297	 8.235294E-02	 0	
  .0001298	 8.235294E-02	 0	
  .0001299	 8.235294E-02	 0	
  .00013	 7.450981E-02	 0	
  .0001301	 8.235294E-02	 0	
  .0001302	 8.235294E-02	 0	
  .0001303	 8.235294E-02	 0	
  .0001304	 9.019608E-02	 0	
  .0001305	 7.450981E-02	 0	
  .0001306	 9.019608E-02	 0	
  .0001307	 8.235294E-02	 0	
  .0001308	 9.019608E-02	 0	
  .0001309	 9.019608E-02	 0	
  .000131	 8.235294E-02	 0	
  .0001311	 8.235294E-02	 0	
  .0001312	 9.803922E-02	 0	
  .0001313	 9.803922E-02	 0	
  .0001314	 9.803922E-02	 0	
  .0001315	 8.235294E-02	 0	
  .0001316	 9.803922E-02	 0	
  .0001317	 .1058824	 0	
  .0001318	 9.803922E-02	 0	
  .0001319	 .1058824	 0	
  .000132	 9.803922E-02	 0	
  .0001321	 9.803922E-02	 0	
  .0001322	 9.803922E-02	 0	
  .0001323	 9.803922E-02	 0	
  .0001324	 9.803922E-02	 0	
  .0001325	 9.803922E-02	 0	
  .0001326	 9.803922E-02	 0	
  .0001327	 9.803922E-02	 0	
  .0001328	 9.803922E-02	 0	
  .0001329	 .1058824	 0	
  .000133	 9.803922E-02	 0	
  .0001331	 .1058824	 0	
  .0001332	 9.803922E-02	 0	
  .0001333	 9.019608E-02	 0	
  .0001334	 9.803922E-02	 0	
  .0001335	 .1058824	 0	
  .0001336	 9.803922E-02	 0	
  .0001337	 .1058824	 0	
  .0001338	 9.803922E-02	 0	
  .0001339	 9.803922E-02	 0	
  .000134	 9.803922E-02	 0	
  .0001341	 9.803922E-02	 0	
  .0001342	 9.803922E-02	 0	
  .0001343	 9.803922E-02	 0	
  .0001344	 9.803922E-02	 0	
  .0001345	 .1058824	 0	
  .0001346	 .1058824	 0	
  .0001347	 .1058824	 0	
  .0001348	 .1137255	 0	
  .0001349	 .1058824	 0	
  .000135	 9.803922E-02	 0	
  .0001351	 9.803922E-02	 0	
  .0001352	 .1058824	 0	
  .0001353	 9.803922E-02	 0	
  .0001354	 .1058824	 0	
  .0001355	 .1137255	 0	
  .0001356	 .1137255	 0	
  .0001357	 .1058824	 0	
  .0001358	 .1058824	 0	
  .0001359	 .1058824	 0	
  .000136	 .1137255	 0	
  .0001361	 .1058824	 0	
  .0001362	 .1058824	 0	
  .0001363	 .1137255	 0	
  .0001364	 .1215686	 0	
  .0001365	 .1058824	 0	
  .0001366	 .1137255	 0	
  .0001367	 .1058824	 0	
  .0001368	 .1137255	 0	
  .0001369	 .1137255	 0	
  .000137	 .1058824	 0	
  .0001371	 .1137255	 0	
  .0001372	 .1137255	 0	
  .0001373	 .1058824	 0	
  .0001374	 .1137255	 0	
  .0001375	 .1137255	 0	
  .0001376	 .1137255	 0	
  .0001377	 9.803922E-02	 0	
  .0001378	 9.803922E-02	 0	
  .0001379	 .1058824	 0	
  .000138	 .1058824	 0	
  .0001381	 9.803922E-02	 0	
  .0001382	 9.803922E-02	 0	
  .0001383	 9.803922E-02	 0	
  .0001384	 9.803922E-02	 0	
  .0001385	 9.803922E-02	 0	
  .0001386	 9.803922E-02	 0	
  .0001387	 9.803922E-02	 0	
  .0001388	 .1137255	 0	
  .0001389	 .1058824	 0	
  .000139	 9.803922E-02	 0	
  .0001391	 9.803922E-02	 0	
  .0001392	 .1058824	 0	
  .0001393	 9.803922E-02	 0	
  .0001394	 .1058824	 0	
  .0001395	 .1058824	 0	
  .0001396	 9.803922E-02	 0	
  .0001397	 9.803922E-02	 0	
  .0001398	 9.803922E-02	 0	
  .0001399	 9.803922E-02	 0	
  .00014	 9.803922E-02	 0	
  .0001401	 9.803922E-02	 0	
  .0001402	 9.803922E-02	 0	
  .0001403	 9.803922E-02	 0	
  .0001404	 9.803922E-02	 0	
  .0001405	 .1058824	 0	
  .0001406	 9.019608E-02	 0	
  .0001407	 9.803922E-02	 0	
  .0001408	 9.803922E-02	 0	
  .0001409	 9.019608E-02	 0	
  .000141	 9.019608E-02	 0	
  .0001411	 .1058824	 0	
  .0001412	 9.803922E-02	 0	
  .0001413	 9.803922E-02	 0	
  .0001414	 9.803922E-02	 0	
  .0001415	 9.019608E-02	 0	
  .0001416	 9.019608E-02	 0	
  .0001417	 9.019608E-02	 0	
  .0001418	 9.803922E-02	 0	
  .0001419	 9.019608E-02	 0	
  .000142	 9.019608E-02	 0	
  .0001421	 9.019608E-02	 0	
  .0001422	 8.235294E-02	 0	
  .0001423	 9.019608E-02	 0	
  .0001424	 9.019608E-02	 0	
  .0001425	 8.235294E-02	 0	
  .0001426	 9.019608E-02	 0	
  .0001427	 8.235294E-02	 0	
  .0001428	 9.019608E-02	 0	
  .0001429	 8.235294E-02	 0	
  .000143	 9.019608E-02	 0	
  .0001431	 8.235294E-02	 0	
  .0001432	 7.450981E-02	 0	
  .0001433	 7.450981E-02	 0	
  .0001434	 8.235294E-02	 0	
  .0001435	 7.450981E-02	 0	
  .0001436	 8.235294E-02	 0	
  .0001437	 8.235294E-02	 0	
  .0001438	 7.450981E-02	 0	
  .0001439	 8.235294E-02	 0	
  .000144	 7.450981E-02	 0	
  .0001441	 7.450981E-02	 0	
  .0001442	 7.450981E-02	 0	
  .0001443	 7.450981E-02	 0	
  .0001444	 7.450981E-02	 0	
  .0001445	 6.666667E-02	 0	
  .0001446	 7.450981E-02	 0	
  .0001447	 6.666667E-02	 0	
  .0001448	 6.666667E-02	 0	
  .0001449	 7.450981E-02	 0	
  .000145	 5.882353E-02	 0	
  .0001451	 6.666667E-02	 0	
  .0001452	 6.666667E-02	 0	
  .0001453	 6.666667E-02	 0	
  .0001454	 5.882353E-02	 0	
  .0001455	 7.450981E-02	 0	
  .0001456	 6.666667E-02	 0	
  .0001457	 6.666667E-02	 0	
  .0001458	 6.666667E-02	 0	
  .0001459	 6.666667E-02	 0	
  .000146	 5.882353E-02	 0	
  .0001461	 6.666667E-02	 0	
  .0001462	 5.882353E-02	 0	
  .0001463	 6.666667E-02	 0	
  .0001464	 5.882353E-02	 0	
  .0001465	 5.882353E-02	 0	
  .0001466	 5.098039E-02	 0	
  .0001467	 5.882353E-02	 0	
  .0001468	 5.882353E-02	 0	
  .0001469	 5.098039E-02	 0	
  .000147	 5.098039E-02	 0	
  .0001471	 5.098039E-02	 0	
  .0001472	 5.098039E-02	 0	
  .0001473	 4.313726E-02	 0	
  .0001474	 5.882353E-02	 0	
  .0001475	 5.882353E-02	 0	
  .0001476	 4.313726E-02	 0	
  .0001477	 4.313726E-02	 0	
  .0001478	 4.313726E-02	 0	
  .0001479	 5.098039E-02	 0	
  .000148	 4.313726E-02	 0	
  .0001481	 4.313726E-02	 0	
  .0001482	 3.529412E-02	 0	
  .0001483	 3.529412E-02	 0	
  .0001484	 3.529412E-02	 0	
  .0001485	 3.529412E-02	 0	
  .0001486	 3.529412E-02	 0	
  .0001487	 3.529412E-02	 0	
  .0001488	 4.313726E-02	 0	
  .0001489	 3.529412E-02	 0	
  .000149	 3.529412E-02	 0	
  .0001491	 4.313726E-02	 0	
  .0001492	 2.745098E-02	 0	
  .0001493	 3.529412E-02	 0	
  .0001494	 3.529412E-02	 0	
  .0001495	 2.745098E-02	 0	
  .0001496	 2.745098E-02	 0	
  .0001497	 1.960784E-02	 0	
  .0001498	 2.745098E-02	 0	
  .0001499	 1.960784E-02	 0	
  .00015	 2.745098E-02	 0	
  .0001501	 1.960784E-02	 0	
  .0001502	 1.960784E-02	 0	
  .0001503	 1.960784E-02	 0	
  .0001504	 1.176471E-02	 0	
  .0001505	 1.960784E-02	 0	
  .0001506	 2.745098E-02	 0	
  .0001507	 1.960784E-02	 0	
  .0001508	 1.960784E-02	 0	
  .0001509	 1.960784E-02	 0	
  .000151	 1.960784E-02	 0	
  .0001511	 1.176471E-02	 0	
  .0001512	 1.176471E-02	 0	
  .0001513	 1.176471E-02	 0	
  .0001514	 1.176471E-02	 0	
  .0001515	 1.176471E-02	 0	
  .0001516	 1.176471E-02	 0	
  .0001517	 1.176471E-02	 0	
  .0001518	 1.176471E-02	 0	
  .0001519	 3.921569E-03	 0	
  .000152	 3.921569E-03	 0	
  .0001521	 3.921569E-03	 0	
  .0001522	 3.921569E-03	 0	
  .0001523	 3.921569E-03	 0	
  .0001524	-3.921569E-03	 0	
  .0001525	-3.921569E-03	 0	
  .0001526	-3.921569E-03	 0	
  .0001527	 3.921569E-03	 0	
  .0001528	-3.921569E-03	 0	
  .0001529	-3.921569E-03	 0	
  .000153	-3.921569E-03	 0	
  .0001531	-1.176471E-02	 0	
  .0001532	-1.176471E-02	 0	
  .0001533	-3.921569E-03	 0	
  .0001534	-1.960784E-02	 0	
  .0001535	-3.921569E-03	 0	
  .0001536	-3.921569E-03	 0	
  .0001537	-1.176471E-02	 0	
  .0001538	-1.176471E-02	 0	
  .0001539	-1.960784E-02	 0	
  .000154	-3.921569E-03	 0	
  .0001541	-1.176471E-02	 0	
  .0001542	-1.176471E-02	 0	
  .0001543	-1.176471E-02	 0	
  .0001544	-1.960784E-02	 0	
  .0001545	-1.960784E-02	 0	
  .0001546	-1.960784E-02	 0	
  .0001547	-1.960784E-02	 0	
  .0001548	-1.960784E-02	 0	
  .0001549	-1.960784E-02	 0	
  .000155	-1.960784E-02	 0	
  .0001551	-1.960784E-02	 0	
  .0001552	-2.745098E-02	 0	
  .0001553	-1.960784E-02	 0	
  .0001554	-1.960784E-02	 0	
  .0001555	-3.529412E-02	 0	
  .0001556	-3.529412E-02	 0	
  .0001557	-2.745098E-02	 0	
  .0001558	-1.960784E-02	 0	
  .0001559	-1.960784E-02	 0	
  .000156	-1.960784E-02	 0	
  .0001561	-2.745098E-02	 0	
  .0001562	-1.960784E-02	 0	
  .0001563	-2.745098E-02	 0	
  .0001564	-3.529412E-02	 0	
  .0001565	-3.529412E-02	 0	
  .0001566	-2.745098E-02	 0	
  .0001567	-2.745098E-02	 0	
  .0001568	-3.529412E-02	 0	
  .0001569	-3.529412E-02	 0	
  .000157	-3.529412E-02	 0	
  .0001571	-3.529412E-02	 0	
  .0001572	-4.313726E-02	 0	
  .0001573	-3.529412E-02	 0	
  .0001574	-2.745098E-02	 0	
  .0001575	-4.313726E-02	 0	
  .0001576	-4.313726E-02	 0	
  .0001577	-4.313726E-02	 0	
  .0001578	-3.529412E-02	 0	
  .0001579	-5.098039E-02	 0	
  .000158	-4.313726E-02	 0	
  .0001581	-5.098039E-02	 0	
  .0001582	-5.098039E-02	 0	
  .0001583	-4.313726E-02	 0	
  .0001584	-5.098039E-02	 0	
  .0001585	-4.313726E-02	 0	
  .0001586	-4.313726E-02	 0	
  .0001587	-3.529412E-02	 0	
  .0001588	-5.098039E-02	 0	
  .0001589	-5.098039E-02	 0	
  .000159	-4.313726E-02	 0	
  .0001591	-5.098039E-02	 0	
  .0001592	-4.313726E-02	 0	
  .0001593	-5.098039E-02	 0	
  .0001594	-5.098039E-02	 0	
  .0001595	-5.882353E-02	 0	
  .0001596	-5.098039E-02	 0	
  .0001597	-5.098039E-02	 0	
  .0001598	-5.882353E-02	 0	
  .0001599	-5.098039E-02	 0	
  .00016	-5.882353E-02	 0	
  .0001601	-5.098039E-02	 0	
  .0001602	-5.882353E-02	 0	
  .0001603	-5.882353E-02	 0	
  .0001604	-5.098039E-02	 0	
  .0001605	-5.882353E-02	 0	
  .0001606	-5.882353E-02	 0	
  .0001607	-6.666667E-02	 0	
  .0001608	-5.882353E-02	 0	
  .0001609	-4.313726E-02	 0	
  .000161	-5.098039E-02	 0	
  .0001611	-6.666667E-02	 0	
  .0001612	-5.098039E-02	 0	
  .0001613	-6.666667E-02	 0	
  .0001614	-5.098039E-02	 0	
  .0001615	-6.666667E-02	 0	
  .0001616	-5.098039E-02	 0	
  .0001617	-5.882353E-02	 0	
  .0001618	-5.882353E-02	 0	
  .0001619	-5.882353E-02	 0	
  .000162	-5.882353E-02	 0	
  .0001621	-6.666667E-02	 0	
  .0001622	-6.666667E-02	 0	
  .0001623	-7.450981E-02	 0	
  .0001624	-5.882353E-02	 0	
  .0001625	-6.666667E-02	 0	
  .0001626	-5.882353E-02	 0	
  .0001627	-5.882353E-02	 0	
  .0001628	-6.666667E-02	 0	
  .0001629	-6.666667E-02	 0	
  .000163	-6.666667E-02	 0	
  .0001631	-6.666667E-02	 0	
  .0001632	-5.882353E-02	 0	
  .0001633	-5.098039E-02	 0	
  .0001634	-6.666667E-02	 0	
  .0001635	-6.666667E-02	 0	
  .0001636	-5.882353E-02	 0	
  .0001637	-6.666667E-02	 0	
  .0001638	-6.666667E-02	 0	
  .0001639	-5.882353E-02	 0	
  .000164	-5.882353E-02	 0	
  .0001641	-5.882353E-02	 0	
  .0001642	-5.882353E-02	 0	
  .0001643	-6.666667E-02	 0	
  .0001644	-5.098039E-02	 0	
  .0001645	-5.882353E-02	 0	
  .0001646	-5.882353E-02	 0	
  .0001647	-5.882353E-02	 0	
  .0001648	-6.666667E-02	 0	
  .0001649	-5.882353E-02	 0	
  .000165	-5.882353E-02	 0	
  .0001651	-5.882353E-02	 0	
  .0001652	-5.882353E-02	 0	
  .0001653	-5.882353E-02	 0	
  .0001654	-6.666667E-02	 0	
  .0001655	-5.882353E-02	 0	
  .0001656	-6.666667E-02	 0	
  .0001657	-5.098039E-02	 0	
  .0001658	-6.666667E-02	 0	
  .0001659	-5.882353E-02	 0	
  .000166	-5.882353E-02	 0	
  .0001661	-5.882353E-02	 0	
  .0001662	-6.666667E-02	 0	
  .0001663	-5.882353E-02	 0	
  .0001664	-5.098039E-02	 0	
  .0001665	-5.882353E-02	 0	
  .0001666	-5.882353E-02	 0	
  .0001667	-6.666667E-02	 0	
  .0001668	-6.666667E-02	 0	
  .0001669	-5.882353E-02	 0	
  .000167	-5.882353E-02	 0	
  .0001671	-6.666667E-02	 0	
  .0001672	-5.882353E-02	 0	
  .0001673	-5.882353E-02	 0	
  .0001674	-5.882353E-02	 0	
  .0001675	-5.882353E-02	 0	
  .0001676	-5.882353E-02	 0	
  .0001677	-5.882353E-02	 0	
  .0001678	-6.666667E-02	 0	
  .0001679	-5.882353E-02	 0	
  .000168	-6.666667E-02	 0	
  .0001681	-5.882353E-02	 0	
  .0001682	-6.666667E-02	 0	
  .0001683	-5.882353E-02	 0	
  .0001684	-5.882353E-02	 0	
  .0001685	-6.666667E-02	 0	
  .0001686	-5.098039E-02	 0	
  .0001687	-5.098039E-02	 0	
  .0001688	-5.882353E-02	 0	
  .0001689	-5.098039E-02	 0	
  .000169	-5.098039E-02	 0	
  .0001691	-5.882353E-02	 0	
  .0001692	-5.882353E-02	 0	
  .0001693	-5.882353E-02	 0	
  .0001694	-5.882353E-02	 0	
  .0001695	-5.882353E-02	 0	
  .0001696	-5.098039E-02	 0	
  .0001697	-5.098039E-02	 0	
  .0001698	-5.882353E-02	 0	
  .0001699	-5.882353E-02	 0	
  .00017	-5.882353E-02	 0	
  .0001701	-5.882353E-02	 0	
  .0001702	-5.098039E-02	 0	
  .0001703	-5.882353E-02	 0	
  .0001704	-5.882353E-02	 0	
  .0001705	-5.098039E-02	 0	
  .0001706	-4.313726E-02	 0	
  .0001707	-5.882353E-02	 0	
  .0001708	-5.098039E-02	 0	
  .0001709	-5.098039E-02	 0	
  .000171	-5.882353E-02	 0	
  .0001711	-5.098039E-02	 0	
  .0001712	-5.098039E-02	 0	
  .0001713	-4.313726E-02	 0	
  .0001714	-5.098039E-02	 0	
  .0001715	-4.313726E-02	 0	
  .0001716	-5.098039E-02	 0	
  .0001717	-5.098039E-02	 0	
  .0001718	-5.098039E-02	 0	
  .0001719	-4.313726E-02	 0	
  .000172	-5.098039E-02	 0	
  .0001721	-4.313726E-02	 0	
  .0001722	-5.882353E-02	 0	
  .0001723	-5.098039E-02	 0	
  .0001724	-5.098039E-02	 0	
  .0001725	-3.529412E-02	 0	
  .0001726	-5.098039E-02	 0	
  .0001727	-3.529412E-02	 0	
  .0001728	-4.313726E-02	 0	
  .0001729	-4.313726E-02	 0	
  .000173	-3.529412E-02	 0	
  .0001731	-3.529412E-02	 0	
  .0001732	-3.529412E-02	 0	
  .0001733	-4.313726E-02	 0	
  .0001734	-4.313726E-02	 0	
  .0001735	-4.313726E-02	 0	
  .0001736	-4.313726E-02	 0	
  .0001737	-4.313726E-02	 0	
  .0001738	-3.529412E-02	 0	
  .0001739	-4.313726E-02	 0	
  .000174	-3.529412E-02	 0	
  .0001741	-2.745098E-02	 0	
  .0001742	-3.529412E-02	 0	
  .0001743	-3.529412E-02	 0	
  .0001744	-2.745098E-02	 0	
  .0001745	-3.529412E-02	 0	
  .0001746	-3.529412E-02	 0	
  .0001747	-3.529412E-02	 0	
  .0001748	-2.745098E-02	 0	
  .0001749	-4.313726E-02	 0	
  .000175	-3.529412E-02	 0	
  .0001751	-2.745098E-02	 0	
  .0001752	-2.745098E-02	 0	
  .0001753	-2.745098E-02	 0	
  .0001754	-3.529412E-02	 0	
  .0001755	-1.960784E-02	 0	
  .0001756	-1.960784E-02	 0	
  .0001757	-2.745098E-02	 0	
  .0001758	-2.745098E-02	 0	
  .0001759	-1.960784E-02	 0	
  .000176	-2.745098E-02	 0	
  .0001761	-1.960784E-02	 0	
  .0001762	-2.745098E-02	 0	
  .0001763	-1.960784E-02	 0	
  .0001764	-1.176471E-02	 0	
  .0001765	-1.176471E-02	 0	
  .0001766	-1.960784E-02	 0	
  .0001767	-1.960784E-02	 0	
  .0001768	-1.960784E-02	 0	
  .0001769	-1.960784E-02	 0	
  .000177	-2.745098E-02	 0	
  .0001771	-1.176471E-02	 0	
  .0001772	-3.921569E-03	 0	
  .0001773	-1.960784E-02	 0	
  .0001774	-1.960784E-02	 0	
  .0001775	-1.176471E-02	 0	
  .0001776	-1.176471E-02	 0	
  .0001777	-1.960784E-02	 0	
  .0001778	-1.176471E-02	 0	
  .0001779	-1.176471E-02	 0	
  .000178	-1.960784E-02	 0	
  .0001781	-1.176471E-02	 0	
  .0001782	-1.176471E-02	 0	
  .0001783	-1.176471E-02	 0	
  .0001784	-3.921569E-03	 0	
  .0001785	 3.921569E-03	 0	
  .0001786	-3.921569E-03	 0	
  .0001787	-1.176471E-02	 0	
  .0001788	-3.921569E-03	 0	
  .0001789	-3.921569E-03	 0	
  .000179	-3.921569E-03	 0	
  .0001791	-3.921569E-03	 0	
  .0001792	-3.921569E-03	 0	
  .0001793	-1.176471E-02	 0	
  .0001794	 3.921569E-03	 0	
  .0001795	 3.921569E-03	 0	
  .0001796	 3.921569E-03	 0	
  .0001797	 3.921569E-03	 0	
  .0001798	-3.921569E-03	 0	
  .0001799	-3.921569E-03	 0	
  .00018	-3.921569E-03	 0	
  .0001801	 3.921569E-03	 0	
  .0001802	 1.176471E-02	 0	
  .0001803	 3.921569E-03	 0	
  .0001804	 1.176471E-02	 0	
  .0001805	 1.176471E-02	 0	
  .0001806	 1.176471E-02	 0	
  .0001807	 1.960784E-02	 0	
  .0001808	 1.176471E-02	 0	
  .0001809	 3.921569E-03	 0	
  .000181	 3.921569E-03	 0	
  .0001811	 1.176471E-02	 0	
  .0001812	 1.960784E-02	 0	
  .0001813	 1.960784E-02	 0	
  .0001814	 1.960784E-02	 0	
  .0001815	 1.176471E-02	 0	
  .0001816	 1.176471E-02	 0	
  .0001817	 1.960784E-02	 0	
  .0001818	 1.960784E-02	 0	
  .0001819	 2.745098E-02	 0	
  .000182	 1.960784E-02	 0	
  .0001821	 1.960784E-02	 0	
  .0001822	 1.176471E-02	 0	
  .0001823	 1.960784E-02	 0	
  .0001824	 2.745098E-02	 0	
  .0001825	 1.960784E-02	 0	
  .0001826	 2.745098E-02	 0	
  .0001827	 1.960784E-02	 0	
  .0001828	 1.960784E-02	 0	
  .0001829	 2.745098E-02	 0	
  .000183	 2.745098E-02	 0	
  .0001831	 2.745098E-02	 0	
  .0001832	 1.960784E-02	 0	
  .0001833	 2.745098E-02	 0	
  .0001834	 3.529412E-02	 0	
  .0001835	 2.745098E-02	 0	
  .0001836	 3.529412E-02	 0	
  .0001837	 2.745098E-02	 0	
  .0001838	 2.745098E-02	 0	
  .0001839	 2.745098E-02	 0	
  .000184	 3.529412E-02	 0	
  .0001841	 2.745098E-02	 0	
  .0001842	 2.745098E-02	 0	
  .0001843	 3.529412E-02	 0	
  .0001844	 3.529412E-02	 0	
  .0001845	 3.529412E-02	 0	
  .0001846	 2.745098E-02	 0	
  .0001847	 2.745098E-02	 0	
  .0001848	 3.529412E-02	 0	
  .0001849	 3.529412E-02	 0	
  .000185	 3.529412E-02	 0	
  .0001851	 4.313726E-02	 0	
  .0001852	 4.313726E-02	 0	
  .0001853	 3.529412E-02	 0	
  .0001854	 4.313726E-02	 0	
  .0001855	 4.313726E-02	 0	
  .0001856	 4.313726E-02	 0	
  .0001857	 5.098039E-02	 0	
  .0001858	 5.098039E-02	 0	
  .0001859	 5.098039E-02	 0	
  .000186	 5.098039E-02	 0	
  .0001861	 4.313726E-02	 0	
  .0001862	 4.313726E-02	 0	
  .0001863	 4.313726E-02	 0	
  .0001864	 4.313726E-02	 0	
  .0001865	 3.529412E-02	 0	
  .0001866	 4.313726E-02	 0	
  .0001867	 5.098039E-02	 0	
  .0001868	 4.313726E-02	 0	
  .0001869	 5.882353E-02	 0	
  .000187	 5.098039E-02	 0	
  .0001871	 5.882353E-02	 0	
  .0001872	 4.313726E-02	 0	
  .0001873	 4.313726E-02	 0	
  .0001874	 4.313726E-02	 0	
  .0001875	 5.098039E-02	 0	
  .0001876	 4.313726E-02	 0	
  .0001877	 4.313726E-02	 0	
  .0001878	 4.313726E-02	 0	
  .0001879	 4.313726E-02	 0	
  .000188	 4.313726E-02	 0	
  .0001881	 4.313726E-02	 0	
  .0001882	 5.098039E-02	 0	
  .0001883	 5.098039E-02	 0	
  .0001884	 6.666667E-02	 0	
  .0001885	 5.882353E-02	 0	
  .0001886	 5.882353E-02	 0	
  .0001887	 5.098039E-02	 0	
  .0001888	 5.098039E-02	 0	
  .0001889	 5.882353E-02	 0	
  .000189	 5.098039E-02	 0	
  .0001891	 5.882353E-02	 0	
  .0001892	 5.098039E-02	 0	
  .0001893	 5.098039E-02	 0	
  .0001894	 5.882353E-02	 0	
  .0001895	 5.882353E-02	 0	
  .0001896	 5.882353E-02	 0	
  .0001897	 5.098039E-02	 0	
  .0001898	 5.882353E-02	 0	
  .0001899	 5.882353E-02	 0	
  .00019	 5.882353E-02	 0	
  .0001901	 5.882353E-02	 0	
  .0001902	 5.882353E-02	 0	
  .0001903	 5.882353E-02	 0	
  .0001904	 5.882353E-02	 0	
  .0001905	 5.882353E-02	 0	
  .0001906	 6.666667E-02	 0	
  .0001907	 5.882353E-02	 0	
  .0001908	 5.882353E-02	 0	
  .0001909	 5.882353E-02	 0	
  .000191	 5.882353E-02	 0	
  .0001911	 7.450981E-02	 0	
  .0001912	 5.882353E-02	 0	
  .0001913	 6.666667E-02	 0	
  .0001914	 5.882353E-02	 0	
  .0001915	 5.882353E-02	 0	
  .0001916	 5.882353E-02	 0	
  .0001917	 6.666667E-02	 0	
  .0001918	 6.666667E-02	 0	
  .0001919	 6.666667E-02	 0	
  .000192	 5.882353E-02	 0	
  .0001921	 5.882353E-02	 0	
  .0001922	 6.666667E-02	 0	
  .0001923	 7.450981E-02	 0	
  .0001924	 5.882353E-02	 0	
  .0001925	 6.666667E-02	 0	
  .0001926	 5.882353E-02	 0	
  .0001927	 6.666667E-02	 0	
  .0001928	 5.882353E-02	 0	
  .0001929	 6.666667E-02	 0	
  .000193	 5.882353E-02	 0	
  .0001931	 5.882353E-02	 0	
  .0001932	 6.666667E-02	 0	
  .0001933	 6.666667E-02	 0	
  .0001934	 6.666667E-02	 0	
  .0001935	 5.882353E-02	 0	
  .0001936	 6.666667E-02	 0	
  .0001937	 5.882353E-02	 0	
  .0001938	 5.882353E-02	 0	
  .0001939	 7.450981E-02	 0	
  .000194	 5.882353E-02	 0	
  .0001941	 5.882353E-02	 0	
  .0001942	 5.882353E-02	 0	
  .0001943	 6.666667E-02	 0	
  .0001944	 6.666667E-02	 0	
  .0001945	 5.098039E-02	 0	
  .0001946	 5.882353E-02	 0	
  .0001947	 6.666667E-02	 0	
  .0001948	 6.666667E-02	 0	
  .0001949	 6.666667E-02	 0	
  .000195	 6.666667E-02	 0	
  .0001951	 6.666667E-02	 0	
  .0001952	 6.666667E-02	 0	
  .0001953	 5.882353E-02	 0	
  .0001954	 6.666667E-02	 0	
  .0001955	 6.666667E-02	 0	
  .0001956	 7.450981E-02	 0	
  .0001957	 6.666667E-02	 0	
  .0001958	 5.882353E-02	 0	
  .0001959	 6.666667E-02	 0	
  .000196	 6.666667E-02	 0	
  .0001961	 5.882353E-02	 0	
  .0001962	 6.666667E-02	 0	
  .0001963	 6.666667E-02	 0	
  .0001964	 5.882353E-02	 0	
  .0001965	 6.666667E-02	 0	
  .0001966	 6.666667E-02	 0	
  .0001967	 5.882353E-02	 0	
  .0001968	 5.882353E-02	 0	
  .0001969	 6.666667E-02	 0	
  .000197	 7.450981E-02	 0	
  .0001971	 5.882353E-02	 0	
  .0001972	 5.882353E-02	 0	
  .0001973	 5.882353E-02	 0	
  .0001974	 6.666667E-02	 0	
  .0001975	 5.098039E-02	 0	
  .0001976	 5.098039E-02	 0	
  .0001977	 5.882353E-02	 0	
  .0001978	 5.098039E-02	 0	
  .0001979	 5.882353E-02	 0	
  .000198	 5.882353E-02	 0	
  .0001981	 5.882353E-02	 0	
  .0001982	 5.882353E-02	 0	
  .0001983	 5.882353E-02	 0	
  .0001984	 5.882353E-02	 0	
  .0001985	 5.098039E-02	 0	
  .0001986	 5.098039E-02	 0	
  .0001987	 5.882353E-02	 0	
  .0001988	 6.666667E-02	 0	
  .0001989	 5.882353E-02	 0	
  .000199	 5.882353E-02	 0	
  .0001991	 5.098039E-02	 0	
  .0001992	 5.098039E-02	 0	
  .0001993	 5.882353E-02	 0	
  .0001994	 5.098039E-02	 0	
  .0001995	 5.882353E-02	 0	
  .0001996	 5.882353E-02	 0	
  .0001997	 5.882353E-02	 0	
  .0001998	 5.098039E-02	 0	
  .0001999	 5.098039E-02	 0	
  .0002	 5.098039E-02	 0	
  .0002001	 5.882353E-02	 0	
  .0002002	 5.098039E-02	 0	
  .0002003	 4.313726E-02	 0	
  .0002004	 4.313726E-02	 0	
  .0002005	 6.666667E-02	 0	
  .0002006	 5.882353E-02	 0	
  .0002007	 5.882353E-02	 0	
  .0002008	 4.313726E-02	 0	
  .0002009	 5.098039E-02	 0	
  .000201	 5.882353E-02	 0	
  .0002011	 4.313726E-02	 0	
  .0002012	 5.098039E-02	 0	
  .0002013	 5.882353E-02	 0	
  .0002014	 4.313726E-02	 0	
  .0002015	 4.313726E-02	 0	
  .0002016	 4.313726E-02	 0	
  .0002017	 5.098039E-02	 0	
  .0002018	 4.313726E-02	 0	
  .0002019	 4.313726E-02	 0	
  .000202	 4.313726E-02	 0	
  .0002021	 4.313726E-02	 0	
  .0002022	 5.882353E-02	 0	
  .0002023	 4.313726E-02	 0	
  .0002024	 4.313726E-02	 0	
  .0002025	 4.313726E-02	 0	
  .0002026	 3.529412E-02	 0	
  .0002027	 4.313726E-02	 0	
  .0002028	 4.313726E-02	 0	
  .0002029	 4.313726E-02	 0	
  .000203	 3.529412E-02	 0	
  .0002031	 3.529412E-02	 0	
  .0002032	 4.313726E-02	 0	
  .0002033	 3.529412E-02	 0	
  .0002034	 3.529412E-02	 0	
  .0002035	 4.313726E-02	 0	
  .0002036	 3.529412E-02	 0	
  .0002037	 2.745098E-02	 0	
  .0002038	 4.313726E-02	 0	
  .0002039	 3.529412E-02	 0	
  .000204	 2.745098E-02	 0	
  .0002041	 3.529412E-02	 0	
  .0002042	 3.529412E-02	 0	
  .0002043	 2.745098E-02	 0	
  .0002044	 2.745098E-02	 0	
  .0002045	 2.745098E-02	 0	
  .0002046	 3.529412E-02	 0	
  .0002047	 2.745098E-02	 0	
  .0002048	 3.529412E-02	 0	
  .0002049	 3.529412E-02	 0	
  .000205	 3.529412E-02	 0	
  .0002051	 2.745098E-02	 0	
  .0002052	 2.745098E-02	 0	
  .0002053	 3.529412E-02	 0	
  .0002054	 2.745098E-02	 0	
  .0002055	 3.529412E-02	 0	
  .0002056	 2.745098E-02	 0	
  .0002057	 3.529412E-02	 0	
  .0002058	 1.960784E-02	 0	
  .0002059	 2.745098E-02	 0	
  .000206	 1.960784E-02	 0	
  .0002061	 2.745098E-02	 0	
  .0002062	 3.529412E-02	 0	
  .0002063	 2.745098E-02	 0	
  .0002064	 2.745098E-02	 0	
  .0002065	 2.745098E-02	 0	
  .0002066	 1.960784E-02	 0	
  .0002067	 1.960784E-02	 0	
  .0002068	 3.529412E-02	 0	
  .0002069	 2.745098E-02	 0	
  .000207	 1.960784E-02	 0	
  .0002071	 1.960784E-02	 0	
  .0002072	 1.176471E-02	 0	
  .0002073	 2.745098E-02	 0	
  .0002074	 1.176471E-02	 0	
  .0002075	 1.176471E-02	 0	
  .0002076	 1.176471E-02	 0	
  .0002077	 3.921569E-03	 0	
  .0002078	 1.176471E-02	 0	
  .0002079	 3.921569E-03	 0	
  .000208	 1.176471E-02	 0	
  .0002081	 1.960784E-02	 0	
  .0002082	 1.960784E-02	 0	
  .0002083	 3.921569E-03	 0	
  .0002084	 3.921569E-03	 0	
  .0002085	 1.176471E-02	 0	
  .0002086	 1.176471E-02	 0	
  .0002087	 1.960784E-02	 0	
  .0002088	 1.176471E-02	 0	
  .0002089	 1.176471E-02	 0	
  .000209	 1.176471E-02	 0	
  .0002091	 3.921569E-03	 0	
  .0002092	 3.921569E-03	 0	
  .0002093	 3.921569E-03	 0	
  .0002094	 1.176471E-02	 0	
  .0002095	 3.921569E-03	 0	
  .0002096	 3.921569E-03	 0	
  .0002097	 3.921569E-03	 0	
  .0002098	 3.921569E-03	 0	
  .0002099	 3.921569E-03	 0	
  .00021	 3.921569E-03	 0	
  .0002101	 3.921569E-03	 0	
  .0002102	-3.921569E-03	 0	
  .0002103	-3.921569E-03	 0	
  .0002104	 1.176471E-02	 0	
  .0002105	-3.921569E-03	 0	
  .0002106	 3.921569E-03	 0	
  .0002107	 3.921569E-03	 0	
  .0002108	-3.921569E-03	 0	
  .0002109	 3.921569E-03	 0	
  .000211	 3.921569E-03	 0	
  .0002111	-3.921569E-03	 0	
  .0002112	-3.921569E-03	 0	
  .0002113	-3.921569E-03	 0	
  .0002114	-3.921569E-03	 0	
  .0002115	-3.921569E-03	 0	
  .0002116	-3.921569E-03	 0	
  .0002117	-1.176471E-02	 0	
  .0002118	-1.960784E-02	 0	
  .0002119	-3.921569E-03	 0	
  .000212	-1.176471E-02	 0	
  .0002121	-1.176471E-02	 0	
  .0002122	-1.176471E-02	 0	
  .0002123	-1.176471E-02	 0	
  .0002124	-1.176471E-02	 0	
  .0002125	-1.960784E-02	 0	
  .0002126	-1.176471E-02	 0	
  .0002127	-3.921569E-03	 0	
  .0002128	-1.176471E-02	 0	
  .0002129	-1.176471E-02	 0	
  .000213	-1.960784E-02	 0	
  .0002131	-1.960784E-02	 0	
  .0002132	-1.960784E-02	 0	
  .0002133	-1.176471E-02	 0	
  .0002134	-1.176471E-02	 0	
  .0002135	-1.176471E-02	 0	
  .0002136	-1.960784E-02	 0	
  .0002137	-1.176471E-02	 0	
  .0002138	-1.960784E-02	 0	
  .0002139	-1.960784E-02	 0	
  .000214	-1.176471E-02	 0	
  .0002141	-1.960784E-02	 0	
  .0002142	-2.745098E-02	 0	
  .0002143	-2.745098E-02	 0	
  .0002144	-2.745098E-02	 0	
  .0002145	-1.960784E-02	 0	
  .0002146	-1.960784E-02	 0	
  .0002147	-1.960784E-02	 0	
  .0002148	-1.960784E-02	 0	
  .0002149	-1.960784E-02	 0	
  .000215	-2.745098E-02	 0	
  .0002151	-2.745098E-02	 0	
  .0002152	-1.176471E-02	 0	
  .0002153	-2.745098E-02	 0	
  .0002154	-1.960784E-02	 0	
  .0002155	-1.960784E-02	 0	
  .0002156	-2.745098E-02	 0	
  .0002157	-2.745098E-02	 0	
  .0002158	-2.745098E-02	 0	
  .0002159	-2.745098E-02	 0	
  .000216	-1.960784E-02	 0	
  .0002161	-1.960784E-02	 0	
  .0002162	-2.745098E-02	 0	
  .0002163	-2.745098E-02	 0	
  .0002164	-2.745098E-02	 0	
  .0002165	-2.745098E-02	 0	
  .0002166	-2.745098E-02	 0	
  .0002167	-1.960784E-02	 0	
  .0002168	-2.745098E-02	 0	
  .0002169	-3.529412E-02	 0	
  .000217	-2.745098E-02	 0	
  .0002171	-2.745098E-02	 0	
  .0002172	-3.529412E-02	 0	
  .0002173	-2.745098E-02	 0	
  .0002174	-3.529412E-02	 0	
  .0002175	-3.529412E-02	 0	
  .0002176	-3.529412E-02	 0	
  .0002177	-3.529412E-02	 0	
  .0002178	-3.529412E-02	 0	
  .0002179	-3.529412E-02	 0	
  .000218	-2.745098E-02	 0	
  .0002181	-2.745098E-02	 0	
  .0002182	-2.745098E-02	 0	
  .0002183	-2.745098E-02	 0	
  .0002184	-3.529412E-02	 0	
  .0002185	-2.745098E-02	 0	
  .0002186	-2.745098E-02	 0	
  .0002187	-4.313726E-02	 0	
  .0002188	-3.529412E-02	 0	
  .0002189	-4.313726E-02	 0	
  .000219	-3.529412E-02	 0	
  .0002191	-3.529412E-02	 0	
  .0002192	-4.313726E-02	 0	
  .0002193	-3.529412E-02	 0	
  .0002194	-3.529412E-02	 0	
  .0002195	-2.745098E-02	 0	
  .0002196	-3.529412E-02	 0	
  .0002197	-3.529412E-02	 0	
  .0002198	-3.529412E-02	 0	
  .0002199	-3.529412E-02	 0	
  .00022	-3.529412E-02	 0	
  .0002201	-3.529412E-02	 0	
  .0002202	-3.529412E-02	 0	
  .0002203	-2.745098E-02	 0	
  .0002204	-2.745098E-02	 0	
  .0002205	-3.529412E-02	 0	
  .0002206	-3.529412E-02	 0	
  .0002207	-3.529412E-02	 0	
  .0002208	-2.745098E-02	 0	
  .0002209	-2.745098E-02	 0	
  .000221	-3.529412E-02	 0	
  .0002211	-3.529412E-02	 0	
  .0002212	-3.529412E-02	 0	
  .0002213	-2.745098E-02	 0	
  .0002214	-3.529412E-02	 0	
  .0002215	-3.529412E-02	 0	
  .0002216	-3.529412E-02	 0	
  .0002217	-4.313726E-02	 0	
  .0002218	-3.529412E-02	 0	
  .0002219	-3.529412E-02	 0	
  .000222	-3.529412E-02	 0	
  .0002221	-3.529412E-02	 0	
  .0002222	-3.529412E-02	 0	
  .0002223	-3.529412E-02	 0	
  .0002224	-3.529412E-02	 0	
  .0002225	-3.529412E-02	 0	
  .0002226	-3.529412E-02	 0	
  .0002227	-3.529412E-02	 0	
  .0002228	-4.313726E-02	 0	
  .0002229	-4.313726E-02	 0	
  .000223	-3.529412E-02	 0	
  .0002231	-3.529412E-02	 0	
  .0002232	-3.529412E-02	 0	
  .0002233	-2.745098E-02	 0	
  .0002234	-3.529412E-02	 0	
  .0002235	-3.529412E-02	 0	
  .0002236	-2.745098E-02	 0	
  .0002237	-3.529412E-02	 0	
  .0002238	-2.745098E-02	 0	
  .0002239	-3.529412E-02	 0	
  .000224	-3.529412E-02	 0	
  .0002241	-3.529412E-02	 0	
  .0002242	-4.313726E-02	 0	
  .0002243	-4.313726E-02	 0	
  .0002244	-3.529412E-02	 0	
  .0002245	-3.529412E-02	 0	
  .0002246	-3.529412E-02	 0	
  .0002247	-2.745098E-02	 0	
  .0002248	-3.529412E-02	 0	
  .0002249	-3.529412E-02	 0	
  .000225	-3.529412E-02	 0	
