 -.0000249	 .1176471	-2.941176E-02	
 -.0000248	-3.921569E-02	 9.803922E-03	
 -.0000247	 3.921569E-02	-9.803922E-03	
 -.0000246	 .1960784	 9.803922E-03	
 -.0000245	 .1176471	-9.803922E-03	
 -.0000244	 3.921569E-02	 9.803922E-03	
 -.0000243	 3.921569E-02	-9.803922E-03	
 -.0000242	 .1176471	 9.803922E-03	
 -.0000241	 .1176471	 2.941176E-02	
 -.000024	 3.921569E-02	-2.941176E-02	
 -.0000239	 .1176471	-9.803922E-03	
 -.0000238	 3.921569E-02	-2.941176E-02	
 -.0000237	 3.921569E-02	 9.803922E-03	
 -.0000236	 .1960784	-9.803922E-03	
 -.0000235	 .1176471	-9.803922E-03	
 -.0000234	-3.921569E-02	-9.803922E-03	
 -.0000233	 .1176471	-9.803922E-03	
 -.0000232	 .1176471	-9.803922E-03	
 -.0000231	 .1176471	 9.803922E-03	
 -.000023	 3.921569E-02	 2.941176E-02	
 -.0000229	 3.921569E-02	 9.803922E-03	
 -.0000228	 .1176471	-9.803922E-03	
 -.0000227	 .1176471	 9.803922E-03	
 -.0000226	 3.921569E-02	-2.941176E-02	
 -.0000225	 .1176471	 9.803922E-03	
 -.0000224	 .1176471	 9.803922E-03	
 -.0000223	 3.921569E-02	-9.803922E-03	
 -.0000222	 3.921569E-02	-9.803922E-03	
 -.0000221	 3.921569E-02	-9.803922E-03	
 -.000022	 3.921569E-02	 9.803922E-03	
 -.0000219	 .1176471	-2.941176E-02	
 -.0000218	 3.921569E-02	-4.901961E-02	
 -.0000217	 .1176471	-2.941176E-02	
 -.0000216	 3.921569E-02	-9.803922E-03	
 -.0000215	 3.921569E-02	-9.803922E-03	
 -.0000214	 3.921569E-02	-9.803922E-03	
 -.0000213	 3.921569E-02	 9.803922E-03	
 -.0000212	 .1176471	 9.803922E-03	
 -.0000211	 3.921569E-02	-9.803922E-03	
 -.000021	 3.921569E-02	-9.803922E-03	
 -.0000209	 3.921569E-02	-9.803922E-03	
 -.0000208	 .1176471	-2.941176E-02	
 -.0000207	 3.921569E-02	-2.941176E-02	
 -.0000206	 .1176471	-2.941176E-02	
 -.0000205	 3.921569E-02	-2.941176E-02	
 -.0000204	 3.921569E-02	-2.941176E-02	
 -.0000203	 3.921569E-02	-4.901961E-02	
 -.0000202	 .1176471	-2.941176E-02	
 -.0000201	 3.921569E-02	 9.803922E-03	
 -.00002	 .1176471	-9.803922E-03	
 -.0000199	-3.921569E-02	-9.803922E-03	
 -.0000198	 3.921569E-02	-9.803922E-03	
 -.0000197	-3.921569E-02	-2.941176E-02	
 -.0000196	 3.921569E-02	 9.803922E-03	
 -.0000195	 .1176471	 9.803922E-03	
 -.0000194	 3.921569E-02	-9.803922E-03	
 -.0000193	 3.921569E-02	 9.803922E-03	
 -.0000192	 .1176471	-2.941176E-02	
 -.0000191	 .1960784	 9.803922E-03	
 -.000019	 3.921569E-02	 9.803922E-03	
 -.0000189	 .1176471	 9.803922E-03	
 -.0000188	 3.921569E-02	-9.803922E-03	
 -.0000187	 3.921569E-02	-9.803922E-03	
 -.0000186	 .1960784	-9.803922E-03	
 -.0000185	 3.921569E-02	 9.803922E-03	
 -.0000184	 .1960784	-2.941176E-02	
 -.0000183	 3.921569E-02	-9.803922E-03	
 -.0000182	 3.921569E-02	 9.803922E-03	
 -.0000181	 .1176471	-9.803922E-03	
 -.000018	 3.921569E-02	 2.941176E-02	
 -.0000179	 .1176471	 9.803922E-03	
 -.0000178	 .1176471	 9.803922E-03	
 -.0000177	 .1176471	-9.803922E-03	
 -.0000176	-3.921569E-02	-9.803922E-03	
 -.0000175	 3.921569E-02	-2.941176E-02	
 -.0000174	 3.921569E-02	-2.941176E-02	
 -.0000173	 3.921569E-02	-9.803922E-03	
 -.0000172	 .1176471	-2.941176E-02	
 -.0000171	 3.921569E-02	-9.803922E-03	
 -.000017	-3.921569E-02	-9.803922E-03	
 -.0000169	 .1176471	-9.803922E-03	
 -.0000168	 3.921569E-02	-2.941176E-02	
 -.0000167	 .1176471	-2.941176E-02	
 -.0000166	 3.921569E-02	 9.803922E-03	
 -.0000165	 3.921569E-02	 9.803922E-03	
 -.0000164	 3.921569E-02	 9.803922E-03	
 -.0000163	 3.921569E-02	-9.803922E-03	
 -.0000162	 .1176471	 9.803922E-03	
 -.0000161	 .1176471	 9.803922E-03	
 -.000016	 .1176471	 9.803922E-03	
 -.0000159	 .1176471	-9.803922E-03	
 -.0000158	 3.921569E-02	-9.803922E-03	
 -.0000157	 3.921569E-02	-9.803922E-03	
 -.0000156	 3.921569E-02	 9.803922E-03	
 -.0000155	 3.921569E-02	 9.803922E-03	
 -.0000154	 .1176471	 9.803922E-03	
 -.0000153	 3.921569E-02	-9.803922E-03	
 -.0000152	 3.921569E-02	-9.803922E-03	
 -.0000151	 3.921569E-02	 9.803922E-03	
 -.000015	 .1176471	-9.803922E-03	
 -.0000149	 3.921569E-02	-9.803922E-03	
 -.0000148	 .1176471	 9.803922E-03	
 -.0000147	 .1960784	-9.803922E-03	
 -.0000146	 .1176471	-9.803922E-03	
 -.0000145	 3.921569E-02	 9.803922E-03	
 -.0000144	 .1176471	-2.941176E-02	
 -.0000143	 3.921569E-02	 9.803922E-03	
 -.0000142	 3.921569E-02	 2.941176E-02	
 -.0000141	 3.921569E-02	-2.941176E-02	
 -.000014	 .1176471	-9.803922E-03	
 -.0000139	 .1176471	-2.941176E-02	
 -.0000138	 3.921569E-02	-9.803922E-03	
 -.0000137	 .1176471	-9.803922E-03	
 -.0000136	 .1176471	 9.803922E-03	
 -.0000135	 3.921569E-02	 2.941176E-02	
 -.0000134	 .1960784	-9.803922E-03	
 -.0000133	 .1960784	-9.803922E-03	
 -.0000132	 3.921569E-02	 9.803922E-03	
 -.0000131	 3.921569E-02	 9.803922E-03	
 -.000013	 3.921569E-02	-9.803922E-03	
 -.0000129	 3.921569E-02	-9.803922E-03	
 -.0000128	 .1176471	-9.803922E-03	
 -.0000127	 3.921569E-02	-2.941176E-02	
 -.0000126	 3.921569E-02	 9.803922E-03	
 -.0000125	 .1176471	-9.803922E-03	
 -.0000124	 .1176471	-2.941176E-02	
 -.0000123	 3.921569E-02	 9.803922E-03	
 -.0000122	 3.921569E-02	-2.941176E-02	
 -.0000121	 .1176471	-9.803922E-03	
 -.000012	 .1176471	-9.803922E-03	
 -.0000119	 3.921569E-02	-9.803922E-03	
 -.0000118	 .1960784	-9.803922E-03	
 -.0000117	 3.921569E-02	-9.803922E-03	
 -.0000116	 3.921569E-02	-9.803922E-03	
 -.0000115	 .1176471	-9.803922E-03	
 -.0000114	 3.921569E-02	 9.803922E-03	
 -.0000113	 .1176471	 2.941176E-02	
 -.0000112	 .1176471	 9.803922E-03	
 -.0000111	 .1176471	-9.803922E-03	
 -.000011	 3.921569E-02	-2.941176E-02	
 -.0000109	 .1176471	-9.803922E-03	
 -.0000108	 3.921569E-02	-2.941176E-02	
 -.0000107	 .1176471	-2.941176E-02	
 -.0000106	 3.921569E-02	-9.803922E-03	
 -.0000105	 3.921569E-02	-2.941176E-02	
 -.0000104	 3.921569E-02	-9.803922E-03	
 -.0000103	 3.921569E-02	-2.941176E-02	
 -.0000102	 3.921569E-02	-9.803922E-03	
 -.0000101	 .1960784	 9.803922E-03	
 -.00001	 3.921569E-02	-9.803922E-03	
 -.0000099	 3.921569E-02	 9.803922E-03	
 -.0000098	-3.921569E-02	-2.941176E-02	
 -.0000097	 3.921569E-02	-9.803922E-03	
 -.0000096	 3.921569E-02	-9.803922E-03	
 -.0000095	 3.921569E-02	-9.803922E-03	
 -.0000094	 .1176471	 2.941176E-02	
 -.0000093	 .1176471	 9.803922E-03	
 -.0000092	 .1176471	-9.803922E-03	
 -.0000091	 3.921569E-02	 2.941176E-02	
 -.000009	 .1176471	 2.941176E-02	
 -.0000089	-3.921569E-02	-2.941176E-02	
 -.0000088	 3.921569E-02	-9.803922E-03	
 -.0000087	 .1960784	-2.941176E-02	
 -.0000086	 3.921569E-02	 9.803922E-03	
 -.0000085	 .1176471	-9.803922E-03	
 -.0000084	 .1176471	 9.803922E-03	
 -.0000083	 3.921569E-02	 9.803922E-03	
 -.0000082	 .1960784	-9.803922E-03	
 -.0000081	 .1176471	 4.901961E-02	
 -.000008	 .1176471	 9.803922E-03	
 -.0000079	 .1176471	-2.941176E-02	
 -.0000078	 3.921569E-02	 9.803922E-03	
 -.0000077	 3.921569E-02	 9.803922E-03	
 -.0000076	 3.921569E-02	-2.941176E-02	
 -.0000075	 3.921569E-02	 9.803922E-03	
 -.0000074	 3.921569E-02	-9.803922E-03	
 -.0000073	 3.921569E-02	-2.941176E-02	
 -.0000072	 .1176471	-9.803922E-03	
 -.0000071	 3.921569E-02	-2.941176E-02	
 -.000007	 .1176471	-2.941176E-02	
 -.0000069	 3.921569E-02	-9.803922E-03	
 -.0000068	 .1960784	-9.803922E-03	
 -.0000067	 .1176471	 9.803922E-03	
 -.0000066	 .1176471	 9.803922E-03	
 -.0000065	 3.921569E-02	-2.941176E-02	
 -.0000064	 .1176471	-9.803922E-03	
 -.0000063	 3.921569E-02	-9.803922E-03	
 -.0000062	 3.921569E-02	-9.803922E-03	
 -.0000061	 .1176471	 9.803922E-03	
 -.000006	 3.921569E-02	 9.803922E-03	
 -.0000059	 .1960784	 9.803922E-03	
 -.0000058	 .1176471	 9.803922E-03	
 -.0000057	 .1176471	 9.803922E-03	
 -.0000056	 3.921569E-02	-9.803922E-03	
 -.0000055	 3.921569E-02	 9.803922E-03	
 -.0000054	 3.921569E-02	-9.803922E-03	
 -.0000053	 3.921569E-02	-2.941176E-02	
 -.0000052	 .1176471	-9.803922E-03	
 -.0000051	 .1960784	-2.941176E-02	
 -.000005	 3.921569E-02	-9.803922E-03	
 -.0000049	 3.921569E-02	-9.803922E-03	
 -.0000048	 .1960784	 9.803922E-03	
 -.0000047	 .1960784	-9.803922E-03	
 -.0000046	 3.921569E-02	 9.803922E-03	
 -.0000045	 .1960784	-2.941176E-02	
 -.0000044	 .1176471	 9.803922E-03	
 -.0000043	 .1176471	 2.941176E-02	
 -.0000042	 3.921569E-02	-9.803922E-03	
 -.0000041	 .1176471	-9.803922E-03	
 -.000004	 .1176471	-9.803922E-03	
 -.0000039	 3.921569E-02	 9.803922E-03	
 -.0000038	 .2745098	-2.941176E-02	
 -.0000037	 3.921569E-02	-9.803922E-03	
 -.0000036	 .1176471	-9.803922E-03	
 -.0000035	 .1176471	-2.941176E-02	
 -.0000034	 .1176471	 9.803922E-03	
 -.0000033	 3.921569E-02	-9.803922E-03	
 -.0000032	 .1960784	 9.803922E-03	
 -.0000031	 .1176471	-9.803922E-03	
 -.000003	 .1176471	-2.941176E-02	
 -.0000029	 .1960784	 9.803922E-03	
 -.0000028	 3.921569E-02	-9.803922E-03	
 -.0000027	 .1176471	 2.941176E-02	
 -.0000026	 .1960784	-9.803922E-03	
 -.0000025	 .1176471	-9.803922E-03	
 -.0000024	 .1176471	-9.803922E-03	
 -.0000023	 3.921569E-02	-9.803922E-03	
 -.0000022	 .1176471	 9.803922E-03	
 -.0000021	 .1176471	-9.803922E-03	
 -.000002	-3.921569E-02	-9.803922E-03	
 -.0000019	 .1176471	-9.803922E-03	
 -.0000018	 3.921569E-02	 9.803922E-03	
 -.0000017	 3.921569E-02	 9.803922E-03	
 -.0000016	 3.921569E-02	-9.803922E-03	
 -.0000015	 3.921569E-02	 9.803922E-03	
 -.0000014	 .1176471	 9.803922E-03	
 -.0000013	 .1176471	 2.941176E-02	
 -.0000012	 3.921569E-02	 2.941176E-02	
 -.0000011	 3.921569E-02	-9.803922E-03	
 -.000001	 .1176471	-2.941176E-02	
 -.0000009	 .1176471	-9.803922E-03	
 -.0000008	 3.921569E-02	-4.901961E-02	
 -.0000007	 3.921569E-02	-2.941176E-02	
 -.0000006	 3.921569E-02	-2.941176E-02	
 -.0000005	 3.921569E-02	-2.941176E-02	
 -.0000004	 3.921569E-02	-9.803922E-03	
 -.0000003	 .1176471	 9.803922E-03	
 -.0000002	 .1176471	 9.803922E-03	
 -.0000001	 .1176471	 9.803922E-03	
  0	 3.921569E-02	-9.803922E-03	
  .0000001	 .2745098	 .1470588	
  .0000002	-3.490196	 .1666667	
  .0000003	-4.039216	 .1862745	
  .0000004	-3.490196	 .127451	
  .0000005	-3.254902	 .1666667	
  .0000006	-3.803921	 .2254902	
  .0000007	-3.490196	 .1666667	
  .0000008	-3.411765	 .1666667	
  .0000009	-3.568627	 .245098	
  .000001	-3.490196	 .2254902	
  .0000011	-3.490196	 .2058824	
  .0000012	-3.490196	 .2058824	
  .0000013	-3.568627	 .2647059	
  .0000014	-3.568627	 .2058824	
  .0000015	-3.568627	 .2254902	
  .0000016	-3.568627	 .2843137	
  .0000017	-3.568627	 .2647059	
  .0000018	-3.568627	 .2647059	
  .0000019	-3.568627	 .2843137	
  .000002	-3.568627	 .3039216	
  .0000021	-3.647059	 .2843137	
  .0000022	-3.647059	 .2647059	
  .0000023	-3.568627	 .2647059	
  .0000024	-3.568627	 .2647059	
  .0000025	-3.568627	 .2843137	
  .0000026	-3.568627	 .2843137	
  .0000027	-3.490196	 .3235294	
  .0000028	-3.647059	 .3039216	
  .0000029	-3.568627	 .2647059	
  .000003	-3.568627	 .2843137	
  .0000031	-3.568627	 .3039216	
  .0000032	-3.647059	 .3235294	
  .0000033	-3.568627	 .3627451	
  .0000034	-3.490196	 .3431373	
  .0000035	-3.568627	 .3235294	
  .0000036	-3.568627	 .3431373	
  .0000037	-3.647059	 .3431373	
  .0000038	-3.568627	 .3431373	
  .0000039	-3.568627	 .3431373	
  .000004	-3.490196	 .3627451	
  .0000041	-3.568627	 .3431373	
  .0000042	-3.490196	 .3823529	
  .0000043	-3.490196	 .3627451	
  .0000044	-3.490196	 .3627451	
  .0000045	-3.490196	 .3627451	
  .0000046	-3.568627	 .3627451	
  .0000047	-3.411765	 .4019608	
  .0000048	-3.411765	 .3823529	
  .0000049	-3.490196	 .3823529	
  .000005	-3.490196	 .3823529	
  .0000051	-3.411765	 .3823529	
  .0000052	-3.411765	 .4019608	
  .0000053	-3.333333	 .4019608	
  .0000054	-3.411765	 .3823529	
  .0000055	-3.411765	 .4019608	
  .0000056	-3.333333	 .4411765	
  .0000057	-3.411765	 .4019608	
  .0000058	-3.333333	 .4215686	
  .0000059	-3.333333	 .3823529	
  .000006	-3.411765	 .4019608	
  .0000061	-3.333333	 .4019608	
  .0000062	-3.333333	 .4215686	
  .0000063	-3.333333	 .4215686	
  .0000064	-3.254902	 .4019608	
  .0000065	-3.254902	 .4411765	
  .0000066	-3.098039	 .4411765	
  .0000067	-3.254902	 .4607843	
  .0000068	-3.254902	 .4607843	
  .0000069	-3.254902	 .4411765	
  .000007	-3.254902	 .4803922	
  .0000071	-3.333333	 .4607843	
  .0000072	-3.254902	 .4803922	
  .0000073	-3.176471	 .4215686	
  .0000074	-3.254902	 .4411765	
  .0000075	-3.254902	 .4803922	
  .0000076	-3.098039	 .4411765	
  .0000077	-3.254902	 .4607843	
  .0000078	-3.176471	 .4411765	
  .0000079	-3.098039	 .4411765	
  .000008	-3.019608	 .4411765	
  .0000081	-3.098039	 .4607843	
  .0000082	-3.019608	 .4607843	
  .0000083	-3.098039	 .4607843	
  .0000084	-3.019608	 .4803922	
  .0000085	-3.019608	 .5196078	
  .0000086	-2.941176	 .4803922	
  .0000087	-3.019608	 .5196078	
  .0000088	-3.019608	 .4803922	
  .0000089	-2.941176	 .4803922	
  .000009	-2.941176	 .4411765	
  .0000091	-2.862745	 .4411765	
  .0000092	-2.941176	 .4607843	
  .0000093	-2.862745	 .4803922	
  .0000094	-2.941176	 .4607843	
  .0000095	-2.862745	 .5	
  .0000096	-2.862745	 .5	
  .0000097	-2.705882	 .4803922	
  .0000098	-2.862745	 .4803922	
  .0000099	-2.784314	 .5196078	
  .00001	-2.862745	 .5	
  .0000101	-2.862745	 .5392157	
  .0000102	-2.862745	 .5	
  .0000103	-2.862745	 .5	
  .0000104	-2.862745	 .5392157	
  .0000105	-2.862745	 .5	
  .0000106	-2.705882	 .5196078	
  .0000107	-2.862745	 .5392157	
  .0000108	-2.784314	 .5196078	
  .0000109	-2.784314	 .5196078	
  .000011	-2.784314	 .5196078	
  .0000111	-2.705882	 .5196078	
  .0000112	-2.705882	 .5196078	
  .0000113	-2.705882	 .5196078	
  .0000114	-2.784314	 .5392157	
  .0000115	-2.705882	 .5588235	
  .0000116	-2.627451	 .5392157	
  .0000117	-2.705882	 .5784314	
  .0000118	-2.705882	 .5784314	
  .0000119	-2.627451	 .5392157	
  .000012	-2.627451	 .5392157	
  .0000121	-2.627451	 .5392157	
  .0000122	-2.627451	 .5196078	
  .0000123	-2.54902	 .5392157	
  .0000124	-2.627451	 .5392157	
  .0000125	-2.54902	 .5392157	
  .0000126	-2.54902	 .5392157	
  .0000127	-2.470588	 .5392157	
  .0000128	-2.470588	 .5196078	
  .0000129	-2.54902	 .5	
  .000013	-2.313725	 .5392157	
  .0000131	-2.392157	 .5588235	
  .0000132	-2.470588	 .5588235	
  .0000133	-2.392157	 .5588235	
  .0000134	-2.392157	 .5588235	
  .0000135	-2.392157	 .5392157	
  .0000136	-2.392157	 .5588235	
  .0000137	-2.392157	 .5588235	
  .0000138	-2.392157	 .5588235	
  .0000139	-2.313725	 .5784314	
  .000014	-2.235294	 .5392157	
  .0000141	-2.313725	 .5588235	
  .0000142	-2.313725	 .5784314	
  .0000143	-2.313725	 .5588235	
  .0000144	-2.235294	 .5196078	
  .0000145	-2.392157	 .5392157	
  .0000146	-2.235294	 .5784314	
  .0000147	-2.235294	 .5588235	
  .0000148	-2.313725	 .5784314	
  .0000149	-2.235294	 .5588235	
  .000015	-2.156863	 .5588235	
  .0000151	-2.156863	 .5588235	
  .0000152	-2.156863	 .5784314	
  .0000153	-2.078431	 .5392157	
  .0000154	-2.156863	 .5392157	
  .0000155	-2.156863	 .5980392	
  .0000156	-2.078431	 .5588235	
  .0000157	-2.078431	 .5588235	
  .0000158	-2	 .5392157	
  .0000159	-2	 .5588235	
  .000016	-1.921569	 .5392157	
  .0000161	-2	 .5588235	
  .0000162	-2.078431	 .5588235	
  .0000163	-1.921569	 .5392157	
  .0000164	-1.921569	 .5392157	
  .0000165	-1.921569	 .5784314	
  .0000166	-1.921569	 .5980392	
  .0000167	-1.921569	 .5784314	
  .0000168	-1.921569	 .5588235	
  .0000169	-1.921569	 .5588235	
  .000017	-1.843137	 .5588235	
  .0000171	-1.764706	 .5784314	
  .0000172	-1.686275	 .5392157	
  .0000173	-1.686275	 .5392157	
  .0000174	-1.686275	 .5588235	
  .0000175	-1.764706	 .5196078	
  .0000176	-1.686275	 .5784314	
  .0000177	-1.607843	 .5392157	
  .0000178	-1.686275	 .5196078	
  .0000179	-1.607843	 .5196078	
  .000018	-1.686275	 .5392157	
  .0000181	-1.607843	 .5196078	
  .0000182	-1.607843	 .5392157	
  .0000183	-1.529412	 .5392157	
  .0000184	-1.529412	 .5784314	
  .0000185	-1.529412	 .5588235	
  .0000186	-1.529412	 .5588235	
  .0000187	-1.529412	 .5784314	
  .0000188	-1.45098	 .5392157	
  .0000189	-1.45098	 .5392157	
  .000019	-1.45098	 .5196078	
  .0000191	-1.45098	 .5196078	
  .0000192	-1.45098	 .5392157	
  .0000193	-1.45098	 .5196078	
  .0000194	-1.45098	 .5	
  .0000195	-1.45098	 .5392157	
  .0000196	-1.215686	 .5392157	
  .0000197	-1.294118	 .5196078	
  .0000198	-1.294118	 .5392157	
  .0000199	-1.294118	 .5	
  .00002	-1.215686	 .5392157	
  .0000201	-1.215686	 .5196078	
  .0000202	-1.215686	 .5392157	
  .0000203	-1.215686	 .5784314	
  .0000204	-1.215686	 .5196078	
  .0000205	-1.058824	 .5196078	
  .0000206	-1.137255	 .5588235	
  .0000207	-1.058824	 .5392157	
  .0000208	-1.058824	 .5196078	
  .0000209	-1.058824	 .5392157	
  .000021	-.9019608	 .5196078	
  .0000211	-.9803922	 .5196078	
  .0000212	-.9803922	 .5	
  .0000213	-.9803922	 .5196078	
  .0000214	-.9019608	 .5196078	
  .0000215	-.9803922	 .5196078	
  .0000216	-.9019608	 .5392157	
  .0000217	-.8235294	 .5588235	
  .0000218	-.8235294	 .5196078	
  .0000219	-.8235294	 .5196078	
  .000022	-.9019608	 .5	
  .0000221	-.8235294	 .5196078	
  .0000222	-.7450981	 .4803922	
  .0000223	-.7450981	 .5	
  .0000224	-.7450981	 .4803922	
  .0000225	-.6666667	 .5	
  .0000226	-.7450981	 .5	
  .0000227	-.6666667	 .5	
  .0000228	-.7450981	 .4607843	
  .0000229	-.5882353	 .5	
  .000023	-.5882353	 .5	
  .0000231	-.5882353	 .5	
  .0000232	-.509804	 .4803922	
  .0000233	-.5882353	 .4607843	
  .0000234	-.509804	 .5	
  .0000235	-.509804	 .5	
  .0000236	-.509804	 .4803922	
  .0000237	-.4313726	 .4607843	
  .0000238	-.4313726	 .4803922	
  .0000239	-.3529412	 .4607843	
  .000024	-.4313726	 .4803922	
  .0000241	-.3529412	 .4803922	
  .0000242	-.3529412	 .4607843	
  .0000243	-.2745098	 .4411765	
  .0000244	-.4313726	 .4411765	
  .0000245	-.2745098	 .4803922	
  .0000246	-.1960784	 .4411765	
  .0000247	-.2745098	 .4411765	
  .0000248	-.1960784	 .4607843	
  .0000249	-.1176471	 .4803922	
  .000025	-.1960784	 .4411765	
  .0000251	-.1960784	 .4803922	
  .0000252	-.1176471	 .4215686	
  .0000253	-.1960784	 .4411765	
  .0000254	-3.921569E-02	 .4607843	
  .0000255	-.1176471	 .4607843	
  .0000256	-3.921569E-02	 .4411765	
  .0000257	-3.921569E-02	 .4019608	
  .0000258	-3.921569E-02	 .4411765	
  .0000259	 3.921569E-02	 .4019608	
  .000026	-3.921569E-02	 .4215686	
  .0000261	 3.921569E-02	 .4215686	
  .0000262	 .1176471	 .4019608	
  .0000263	 .1176471	 .4411765	
  .0000264	 .1960784	 .4019608	
  .0000265	 .1176471	 .4411765	
  .0000266	 .1176471	 .4215686	
  .0000267	 .1960784	 .4019608	
  .0000268	 .1960784	 .4215686	
  .0000269	 .1960784	 .4019608	
  .000027	 .1960784	 .4215686	
  .0000271	 .1960784	 .3627451	
  .0000272	 .2745098	 .3823529	
  .0000273	 .2745098	 .3823529	
  .0000274	 .3529412	 .3627451	
  .0000275	 .3529412	 .3627451	
  .0000276	 .3529412	 .3627451	
  .0000277	 .3529412	 .3627451	
  .0000278	 .4313726	 .3627451	
  .0000279	 .3529412	 .3627451	
  .000028	 .3529412	 .3823529	
  .0000281	 .2745098	 .3627451	
  .0000282	 .4313726	 .3627451	
  .0000283	 .5882353	 .3823529	
  .0000284	 .4313726	 .3627451	
  .0000285	 .509804	 .3823529	
  .0000286	 .509804	 .3627451	
  .0000287	 .5882353	 .3431373	
  .0000288	 .509804	 .3235294	
  .0000289	 .509804	 .3235294	
  .000029	 .5882353	 .3235294	
  .0000291	 .5882353	 .3431373	
  .0000292	 .5882353	 .3235294	
  .0000293	 .6666667	 .3235294	
  .0000294	 .5882353	 .3431373	
  .0000295	 .7450981	 .3039216	
  .0000296	 .6666667	 .3235294	
  .0000297	 .6666667	 .3431373	
  .0000298	 .6666667	 .3039216	
  .0000299	 .7450981	 .3039216	
  .00003	 .7450981	 .3431373	
  .0000301	 .7450981	 .3039216	
  .0000302	 .8235294	 .3627451	
  .0000303	 .8235294	 .3039216	
  .0000304	 .9019608	 .3235294	
  .0000305	 .8235294	 .3235294	
  .0000306	 .8235294	 .3235294	
  .0000307	 .8235294	 .2843137	
  .0000308	 .9019608	 .2843137	
  .0000309	 1.058824	 .2647059	
  .000031	 .9019608	 .3039216	
  .0000311	 .9803922	 .2647059	
  .0000312	 .9803922	 .3039216	
  .0000313	 .9803922	 .3039216	
  .0000314	 1.137255	 .2843137	
  .0000315	 .9803922	 .3235294	
  .0000316	 1.058824	 .3039216	
  .0000317	 .9803922	 .2647059	
  .0000318	 1.058824	 .2843137	
  .0000319	 1.058824	 .2843137	
  .000032	 1.058824	 .245098	
  .0000321	 1.215686	 .245098	
  .0000322	 1.137255	 .245098	
  .0000323	 1.137255	 .2058824	
  .0000324	 1.137255	 .245098	
  .0000325	 1.137255	 .2058824	
  .0000326	 1.215686	 .2254902	
  .0000327	 1.215686	 .2058824	
  .0000328	 1.294118	 .2254902	
  .0000329	 1.215686	 .245098	
  .000033	 1.294118	 .2647059	
  .0000331	 1.294118	 .2058824	
  .0000332	 1.372549	 .2254902	
  .0000333	 1.294118	 .2254902	
  .0000334	 1.372549	 .1862745	
  .0000335	 1.372549	 .2254902	
  .0000336	 1.45098	 .1862745	
  .0000337	 1.45098	 .2058824	
  .0000338	 1.372549	 .1862745	
  .0000339	 1.45098	 .2254902	
  .000034	 1.45098	 .2058824	
  .0000341	 1.529412	 .1862745	
  .0000342	 1.45098	 .1666667	
  .0000343	 1.45098	 .1666667	
  .0000344	 1.45098	 .1862745	
  .0000345	 1.529412	 .1470588	
  .0000346	 1.45098	 .1666667	
  .0000347	 1.686275	 .1862745	
  .0000348	 1.686275	 .1666667	
  .0000349	 1.686275	 .1666667	
  .000035	 1.529412	 .1666667	
  .0000351	 1.686275	 .1470588	
  .0000352	 1.607843	 .1666667	
  .0000353	 1.686275	 .1862745	
  .0000354	 1.686275	 .1470588	
  .0000355	 1.686275	 .1470588	
  .0000356	 1.686275	 .127451	
  .0000357	 1.686275	 .1470588	
  .0000358	 1.843137	 .1078431	
  .0000359	 1.764706	 .127451	
  .000036	 1.764706	 .127451	
  .0000361	 1.843137	 .1078431	
  .0000362	 1.843137	 .127451	
  .0000363	 1.843137	 .127451	
  .0000364	 1.843137	 .127451	
  .0000365	 1.843137	 .0882353	
  .0000366	 1.843137	 .1078431	
  .0000367	 1.843137	 .1078431	
  .0000368	 1.921569	 .0882353	
  .0000369	 1.921569	 .0882353	
  .000037	 1.921569	 .0882353	
  .0000371	 1.921569	 .0882353	
  .0000372	 1.921569	 6.862745E-02	
  .0000373	 1.921569	 6.862745E-02	
  .0000374	 1.921569	 .0882353	
  .0000375	 2	 4.901961E-02	
  .0000376	 1.921569	 4.901961E-02	
  .0000377	 2.078431	 2.941176E-02	
  .0000378	 2	 4.901961E-02	
  .0000379	 1.921569	 4.901961E-02	
  .000038	 2.078431	 4.901961E-02	
  .0000381	 2	 2.941176E-02	
  .0000382	 2.078431	 6.862745E-02	
  .0000383	 2.078431	 4.901961E-02	
  .0000384	 2	 4.901961E-02	
  .0000385	 2.156863	 4.901961E-02	
  .0000386	 2.235294	 9.803922E-03	
  .0000387	 2.078431	-9.803922E-03	
  .0000388	 2.078431	 9.803922E-03	
  .0000389	 2.156863	 9.803922E-03	
  .000039	 2.156863	 9.803922E-03	
  .0000391	 2.078431	-9.803922E-03	
  .0000392	 2.156863	-9.803922E-03	
  .0000393	 2.156863	 9.803922E-03	
  .0000394	 2.235294	-2.941176E-02	
  .0000395	 2.235294	-9.803922E-03	
  .0000396	 2.235294	-9.803922E-03	
  .0000397	 2.235294	-2.941176E-02	
  .0000398	 2.235294	-2.941176E-02	
  .0000399	 2.235294	 9.803922E-03	
  .00004	 2.313725	-2.941176E-02	
  .0000401	 2.313725	-9.803922E-03	
  .0000402	 2.392157	-4.901961E-02	
  .0000403	 2.392157	-4.901961E-02	
  .0000404	 2.313725	-9.803922E-03	
  .0000405	 2.392157	-9.803922E-03	
  .0000406	 2.392157	-4.901961E-02	
  .0000407	 2.392157	-4.901961E-02	
  .0000408	 2.470588	-6.862745E-02	
  .0000409	 2.392157	-4.901961E-02	
  .000041	 2.392157	-6.862745E-02	
  .0000411	 2.470588	-6.862745E-02	
  .0000412	 2.392157	-6.862745E-02	
  .0000413	 2.54902	-6.862745E-02	
  .0000414	 2.470588	-4.901961E-02	
  .0000415	 2.54902	-4.901961E-02	
  .0000416	 2.470588	-.0882353	
  .0000417	 2.54902	-6.862745E-02	
  .0000418	 2.470588	-.0882353	
  .0000419	 2.54902	-.1078431	
  .000042	 2.54902	-.1078431	
  .0000421	 2.54902	-.1078431	
  .0000422	 2.470588	-.127451	
  .0000423	 2.470588	-.1078431	
  .0000424	 2.627451	-.127451	
  .0000425	 2.54902	-.127451	
  .0000426	 2.54902	-.1470588	
  .0000427	 2.705882	-.127451	
  .0000428	 2.54902	-.1078431	
  .0000429	 2.54902	-.127451	
  .000043	 2.54902	-.1470588	
  .0000431	 2.705882	-.1470588	
  .0000432	 2.627451	-.127451	
  .0000433	 2.627451	-.127451	
  .0000434	 2.705882	-.1470588	
  .0000435	 2.705882	-.1470588	
  .0000436	 2.705882	-.1470588	
  .0000437	 2.627451	-.1666667	
  .0000438	 2.705882	-.1470588	
  .0000439	 2.627451	-.1862745	
  .000044	 2.627451	-.1862745	
  .0000441	 2.627451	-.2058824	
  .0000442	 2.705882	-.1862745	
  .0000443	 2.705882	-.1666667	
  .0000444	 2.784314	-.1666667	
  .0000445	 2.705882	-.1666667	
  .0000446	 2.784314	-.1862745	
  .0000447	 2.784314	-.1666667	
  .0000448	 2.862745	-.2058824	
  .0000449	 2.705882	-.2058824	
  .000045	 2.784314	-.2058824	
  .0000451	 2.784314	-.2058824	
  .0000452	 2.784314	-.1862745	
  .0000453	 2.784314	-.2058824	
  .0000454	 2.784314	-.2254902	
  .0000455	 2.705882	-.245098	
  .0000456	 2.784314	-.2254902	
  .0000457	 2.941176	-.2254902	
  .0000458	 2.784314	-.2254902	
  .0000459	 2.705882	-.2058824	
  .000046	 2.784314	-.245098	
  .0000461	 2.941176	-.245098	
  .0000462	 2.862745	-.245098	
  .0000463	 2.862745	-.2254902	
  .0000464	 2.862745	-.245098	
  .0000465	 2.784314	-.2647059	
  .0000466	 2.941176	-.2647059	
  .0000467	 2.862745	-.245098	
  .0000468	 2.862745	-.2647059	
  .0000469	 2.862745	-.2843137	
  .000047	 2.784314	-.2843137	
  .0000471	 2.705882	-.2647059	
  .0000472	 2.784314	-.3039216	
  .0000473	 2.784314	-.2843137	
  .0000474	 2.862745	-.2843137	
  .0000475	 2.784314	-.3039216	
  .0000476	 2.862745	-.3039216	
  .0000477	 2.784314	-.3039216	
  .0000478	 2.784314	-.2843137	
  .0000479	 2.862745	-.3039216	
  .000048	 2.784314	-.2843137	
  .0000481	 2.862745	-.2843137	
  .0000482	 2.862745	-.2843137	
  .0000483	 2.862745	-.3039216	
  .0000484	 2.862745	-.3039216	
  .0000485	 2.862745	-.3235294	
  .0000486	 2.705882	-.3235294	
  .0000487	 2.784314	-.3431373	
  .0000488	 2.862745	-.3431373	
  .0000489	 2.784314	-.3431373	
  .000049	 2.862745	-.3235294	
  .0000491	 2.784314	-.3431373	
  .0000492	 2.784314	-.3431373	
  .0000493	 2.862745	-.3431373	
  .0000494	 2.862745	-.3431373	
  .0000495	 2.862745	-.3431373	
  .0000496	 2.784314	-.3627451	
  .0000497	 2.862745	-.3431373	
  .0000498	 2.941176	-.3627451	
  .0000499	 2.862745	-.3627451	
  .00005	 2.862745	-.3627451	
  .0000501	 2.862745	-.3627451	
  .0000502	 2.941176	-.3627451	
  .0000503	 2.784314	-.3431373	
  .0000504	 2.941176	-.3627451	
  .0000505	 2.862745	-.3627451	
  .0000506	 2.862745	-.3823529	
  .0000507	 2.862745	-.3823529	
  .0000508	 2.941176	-.3823529	
  .0000509	 2.941176	-.4019608	
  .000051	 2.941176	-.3823529	
  .0000511	 2.862745	-.3627451	
  .0000512	 2.862745	-.4019608	
  .0000513	 2.862745	-.3823529	
  .0000514	 2.941176	-.4019608	
  .0000515	 2.941176	-.4019608	
  .0000516	 2.941176	-.4215686	
  .0000517	 2.862745	-.4019608	
  .0000518	 2.862745	-.4215686	
  .0000519	 2.862745	-.4019608	
  .000052	 2.784314	-.4019608	
  .0000521	 2.941176	-.4019608	
  .0000522	 2.941176	-.4215686	
  .0000523	 2.862745	-.4019608	
  .0000524	 2.862745	-.4411765	
  .0000525	 2.862745	-.4411765	
  .0000526	 3.019608	-.4411765	
  .0000527	 2.862745	-.4215686	
  .0000528	 2.862745	-.4215686	
  .0000529	 2.784314	-.4411765	
  .000053	 2.941176	-.4215686	
  .0000531	 2.862745	-.4411765	
  .0000532	 2.784314	-.4411765	
  .0000533	 2.941176	-.4215686	
  .0000534	 2.862745	-.4607843	
  .0000535	 2.862745	-.4411765	
  .0000536	 2.862745	-.4607843	
  .0000537	 2.941176	-.4803922	
  .0000538	 2.862745	-.4607843	
  .0000539	 2.862745	-.4607843	
  .000054	 2.862745	-.4607843	
  .0000541	 2.862745	-.4607843	
  .0000542	 2.784314	-.4607843	
  .0000543	 2.941176	-.4607843	
  .0000544	 2.862745	-.4607843	
  .0000545	 2.862745	-.4803922	
  .0000546	 2.941176	-.4803922	
  .0000547	 2.941176	-.4803922	
  .0000548	 2.784314	-.4803922	
  .0000549	 2.941176	-.4803922	
  .000055	 2.862745	-.4803922	
  .0000551	 2.941176	-.4803922	
  .0000552	 2.862745	-.4803922	
  .0000553	 2.941176	-.4803922	
  .0000554	 2.862745	-.5196078	
  .0000555	 2.784314	-.5	
  .0000556	 2.862745	-.5	
  .0000557	 2.784314	-.5	
  .0000558	 2.784314	-.4803922	
  .0000559	 2.862745	-.5	
  .000056	 2.784314	-.5	
  .0000561	 2.784314	-.4803922	
  .0000562	 2.705882	-.5392157	
  .0000563	 2.862745	-.5	
  .0000564	 2.392157	-.5	
  .0000565	 2.627451	-.4803922	
  .0000566	 2.705882	-.5	
  .0000567	 2.54902	-.5196078	
  .0000568	 2.54902	-.5	
  .0000569	 2.54902	-.5196078	
  .000057	 2.54902	-.5	
  .0000571	 2.54902	-.5196078	
  .0000572	 2.470588	-.5	
  .0000573	 2.54902	-.5	
  .0000574	 2.392157	-.5196078	
  .0000575	 2.470588	-.5196078	
  .0000576	 2.54902	-.5196078	
  .0000577	 2.470588	-.5196078	
  .0000578	 2.470588	-.5392157	
  .0000579	 2.470588	-.5	
  .000058	 2.470588	-.5	
  .0000581	 2.54902	-.5	
  .0000582	 2.470588	-.5196078	
  .0000583	 2.470588	-.5196078	
  .0000584	 2.54902	-.5392157	
  .0000585	 2.392157	-.5392157	
  .0000586	 2.470588	-.5392157	
  .0000587	 2.470588	-.5392157	
  .0000588	 2.392157	-.5392157	
  .0000589	 2.470588	-.5196078	
  .000059	 2.470588	-.5392157	
  .0000591	 2.392157	-.5392157	
  .0000592	 2.54902	-.5392157	
  .0000593	 2.470588	-.5392157	
  .0000594	 2.470588	-.5196078	
  .0000595	 2.392157	-.5392157	
  .0000596	 2.470588	-.5196078	
  .0000597	 2.392157	-.5588235	
  .0000598	 2.470588	-.5196078	
  .0000599	 2.470588	-.5196078	
  .00006	 2.470588	-.5196078	
  .0000601	 2.470588	-.5392157	
  .0000602	 2.392157	-.5	
  .0000603	 2.392157	-.5588235	
  .0000604	 2.392157	-.5588235	
  .0000605	 2.392157	-.5392157	
  .0000606	 2.470588	-.5588235	
  .0000607	 2.392157	-.5392157	
  .0000608	 2.392157	-.5784314	
  .0000609	 2.392157	-.5392157	
  .000061	 2.392157	-.5392157	
  .0000611	 2.392157	-.5588235	
  .0000612	 2.392157	-.5392157	
  .0000613	 2.392157	-.5392157	
  .0000614	 2.392157	-.5392157	
  .0000615	 2.392157	-.5588235	
  .0000616	 2.313725	-.5588235	
  .0000617	 2.313725	-.5784314	
  .0000618	 2.313725	-.5392157	
  .0000619	 2.235294	-.5588235	
  .000062	 2.235294	-.5784314	
  .0000621	 2.313725	-.5784314	
  .0000622	 2.235294	-.5588235	
  .0000623	 2.313725	-.5588235	
  .0000624	 2.313725	-.5588235	
  .0000625	 2.392157	-.5588235	
  .0000626	 2.235294	-.5588235	
  .0000627	 2.235294	-.5588235	
  .0000628	 2.235294	-.5784314	
  .0000629	 2.235294	-.5980392	
  .000063	 2.235294	-.5392157	
  .0000631	 2.235294	-.5588235	
  .0000632	 2.313725	-.5392157	
  .0000633	 2.156863	-.5784314	
  .0000634	 2.235294	-.5784314	
  .0000635	 2.235294	-.5784314	
  .0000636	 2.078431	-.5588235	
  .0000637	 2.156863	-.5980392	
  .0000638	 2.156863	-.5588235	
  .0000639	 2.156863	-.5588235	
  .000064	 2.156863	-.5784314	
  .0000641	 2.156863	-.5588235	
  .0000642	 2.235294	-.5784314	
  .0000643	 2.078431	-.5784314	
  .0000644	 2.156863	-.5588235	
  .0000645	 2.235294	-.5784314	
  .0000646	 2.156863	-.5980392	
  .0000647	 2.078431	-.5784314	
  .0000648	 2.078431	-.5784314	
  .0000649	 2.078431	-.5784314	
  .000065	 2.078431	-.5980392	
  .0000651	 2	-.5588235	
  .0000652	 2	-.5784314	
  .0000653	 1.921569	-.5784314	
  .0000654	 2.078431	-.5588235	
  .0000655	 2.078431	-.5784314	
  .0000656	 2	-.5784314	
  .0000657	 2	-.5588235	
  .0000658	 2.078431	-.5980392	
  .0000659	 2	-.5784314	
  .000066	 2.078431	-.5784314	
  .0000661	 2	-.5588235	
  .0000662	 1.921569	-.5588235	
  .0000663	 1.921569	-.5784314	
  .0000664	 1.921569	-.5588235	
  .0000665	 1.921569	-.5784314	
  .0000666	 1.921569	-.5784314	
  .0000667	 1.921569	-.5784314	
  .0000668	 1.921569	-.5588235	
  .0000669	 1.843137	-.5588235	
  .000067	 1.843137	-.5980392	
  .0000671	 1.843137	-.5392157	
  .0000672	 2	-.5784314	
  .0000673	 1.686275	-.5588235	
  .0000674	 1.843137	-.5784314	
  .0000675	 1.843137	-.5784314	
  .0000676	 1.764706	-.5784314	
  .0000677	 1.764706	-.5784314	
  .0000678	 1.764706	-.5588235	
  .0000679	 1.843137	-.5392157	
  .000068	 1.764706	-.5392157	
  .0000681	 1.764706	-.5588235	
  .0000682	 1.764706	-.5392157	
  .0000683	 1.686275	-.5392157	
  .0000684	 1.607843	-.5980392	
  .0000685	 1.607843	-.5588235	
  .0000686	 1.686275	-.5588235	
  .0000687	 1.529412	-.5784314	
  .0000688	 1.529412	-.5392157	
  .0000689	 1.529412	-.5784314	
  .000069	 1.607843	-.5392157	
  .0000691	 1.607843	-.5588235	
  .0000692	 1.607843	-.5588235	
  .0000693	 1.607843	-.5196078	
  .0000694	 1.607843	-.5588235	
  .0000695	 1.529412	-.5392157	
  .0000696	 1.529412	-.5392157	
  .0000697	 1.529412	-.5392157	
  .0000698	 1.529412	-.5392157	
  .0000699	 1.607843	-.5392157	
  .00007	 1.529412	-.5392157	
  .0000701	 1.45098	-.5392157	
  .0000702	 1.529412	-.5392157	
  .0000703	 1.45098	-.5392157	
  .0000704	 1.45098	-.5392157	
  .0000705	 1.45098	-.5392157	
  .0000706	 1.45098	-.5392157	
  .0000707	 1.529412	-.5588235	
  .0000708	 1.45098	-.5392157	
  .0000709	 1.45098	-.5588235	
  .000071	 1.372549	-.5392157	
  .0000711	 1.45098	-.5196078	
  .0000712	 1.372549	-.5196078	
  .0000713	 1.45098	-.5392157	
  .0000714	 1.294118	-.5196078	
  .0000715	 1.372549	-.5392157	
  .0000716	 1.294118	-.5588235	
  .0000717	 1.372549	-.5196078	
  .0000718	 1.294118	-.5196078	
  .0000719	 1.294118	-.5392157	
  .000072	 1.294118	-.5392157	
  .0000721	 1.294118	-.5196078	
  .0000722	 1.215686	-.5196078	
  .0000723	 1.294118	-.5588235	
  .0000724	 1.372549	-.5196078	
  .0000725	 1.215686	-.5196078	
  .0000726	 1.215686	-.5196078	
  .0000727	 1.215686	-.5196078	
  .0000728	 1.215686	-.5196078	
  .0000729	 1.137255	-.5196078	
  .000073	 1.215686	-.5	
  .0000731	 1.215686	-.5	
  .0000732	 1.215686	-.5	
  .0000733	 1.215686	-.5	
  .0000734	 1.058824	-.5	
  .0000735	 1.215686	-.5	
  .0000736	 1.137255	-.5196078	
  .0000737	 1.137255	-.5	
  .0000738	 1.058824	-.5	
  .0000739	 1.058824	-.5	
  .000074	 1.058824	-.5	
  .0000741	 1.137255	-.4803922	
  .0000742	 .9803922	-.5196078	
  .0000743	 1.058824	-.5	
  .0000744	 1.215686	-.4803922	
  .0000745	 1.058824	-.4803922	
  .0000746	 .9803922	-.5	
  .0000747	 1.058824	-.5	
  .0000748	 .9803922	-.5	
  .0000749	 .9803922	-.5	
  .000075	 .9019608	-.4803922	
  .0000751	 .9019608	-.5	
  .0000752	 .9019608	-.5196078	
  .0000753	 .9803922	-.4803922	
  .0000754	 .9803922	-.4803922	
  .0000755	 .9019608	-.5	
  .0000756	 .9019608	-.4803922	
  .0000757	 .9803922	-.5	
  .0000758	 .9803922	-.4803922	
  .0000759	 .9019608	-.4803922	
  .000076	 .8235294	-.4803922	
  .0000761	 .8235294	-.4607843	
  .0000762	 .7450981	-.4803922	
  .0000763	 .8235294	-.4803922	
  .0000764	 .8235294	-.4607843	
  .0000765	 .9019608	-.4803922	
  .0000766	 .8235294	-.4411765	
  .0000767	 .8235294	-.4607843	
  .0000768	 .8235294	-.4803922	
  .0000769	 .7450981	-.4803922	
  .000077	 .7450981	-.4411765	
  .0000771	 .8235294	-.4607843	
  .0000772	 .6666667	-.4803922	
  .0000773	 .7450981	-.4803922	
  .0000774	 .7450981	-.4607843	
  .0000775	 .6666667	-.4411765	
  .0000776	 .6666667	-.4607843	
  .0000777	 .6666667	-.4411765	
  .0000778	 .7450981	-.4215686	
  .0000779	 .6666667	-.4411765	
  .000078	 .5882353	-.4411765	
  .0000781	 .6666667	-.4411765	
  .0000782	 .5882353	-.4411765	
  .0000783	 .509804	-.4803922	
  .0000784	 .5882353	-.4411765	
  .0000785	 .509804	-.4607843	
  .0000786	 .509804	-.4607843	
  .0000787	 .509804	-.4215686	
  .0000788	 .509804	-.4411765	
  .0000789	 .4313726	-.4411765	
  .000079	 .5882353	-.4411765	
  .0000791	 .4313726	-.4411765	
  .0000792	 .4313726	-.4215686	
  .0000793	 .4313726	-.4411765	
  .0000794	 .4313726	-.4215686	
  .0000795	 .4313726	-.4411765	
  .0000796	 .509804	-.4215686	
  .0000797	 .4313726	-.4019608	
  .0000798	 .4313726	-.4019608	
  .0000799	 .4313726	-.4215686	
  .00008	 .3529412	-.3823529	
  .0000801	 .3529412	-.3823529	
  .0000802	 .3529412	-.4215686	
  .0000803	 .4313726	-.4019608	
  .0000804	 .4313726	-.4019608	
  .0000805	 .4313726	-.3823529	
  .0000806	 .4313726	-.4019608	
  .0000807	 .2745098	-.3823529	
  .0000808	 .1960784	-.4019608	
  .0000809	 .3529412	-.4019608	
  .000081	 .2745098	-.3627451	
  .0000811	 .1960784	-.3627451	
  .0000812	 .2745098	-.3823529	
  .0000813	 .1960784	-.4019608	
  .0000814	 .1960784	-.4019608	
  .0000815	 .1176471	-.4019608	
  .0000816	 .1176471	-.3823529	
  .0000817	 .1176471	-.3823529	
  .0000818	 .1176471	-.3627451	
  .0000819	 .1176471	-.3627451	
  .000082	 3.921569E-02	-.3823529	
  .0000821	 .1176471	-.3823529	
  .0000822	 .1176471	-.3823529	
  .0000823	 .1176471	-.3627451	
  .0000824	 3.921569E-02	-.3627451	
  .0000825	-3.921569E-02	-.3235294	
  .0000826	 3.921569E-02	-.3431373	
  .0000827	 3.921569E-02	-.3823529	
  .0000828	-3.921569E-02	-.3431373	
  .0000829	-3.921569E-02	-.3235294	
  .000083	 3.921569E-02	-.3431373	
  .0000831	 3.921569E-02	-.3431373	
  .0000832	-3.921569E-02	-.3431373	
  .0000833	-3.921569E-02	-.3627451	
  .0000834	-.1176471	-.3235294	
  .0000835	-.1960784	-.3431373	
  .0000836	-3.921569E-02	-.3235294	
  .0000837	-.1176471	-.3431373	
  .0000838	-.1176471	-.3431373	
  .0000839	-.1960784	-.3039216	
  .000084	-3.921569E-02	-.3235294	
  .0000841	-.1176471	-.3039216	
  .0000842	-.1176471	-.3431373	
  .0000843	-.1176471	-.3235294	
  .0000844	-.1960784	-.3039216	
  .0000845	-.1176471	-.3235294	
  .0000846	-.1960784	-.3235294	
  .0000847	-.1960784	-.3235294	
  .0000848	-.2745098	-.3039216	
  .0000849	-.2745098	-.3235294	
  .000085	-.2745098	-.3235294	
  .0000851	-.2745098	-.3235294	
  .0000852	-.2745098	-.2843137	
  .0000853	-.2745098	-.2843137	
  .0000854	-.2745098	-.2843137	
  .0000855	-.2745098	-.2843137	
  .0000856	-.2745098	-.2843137	
  .0000857	-.2745098	-.3039216	
  .0000858	-.3529412	-.2843137	
  .0000859	-.2745098	-.2843137	
  .000086	-.3529412	-.2647059	
  .0000861	-.4313726	-.2647059	
  .0000862	-.3529412	-.2647059	
  .0000863	-.3529412	-.2647059	
  .0000864	-.4313726	-.2647059	
  .0000865	-.4313726	-.2647059	
  .0000866	-.4313726	-.2647059	
  .0000867	-.4313726	-.245098	
  .0000868	-.4313726	-.2647059	
  .0000869	-.4313726	-.2647059	
  .000087	-.4313726	-.2647059	
  .0000871	-.5882353	-.2647059	
  .0000872	-.509804	-.2843137	
  .0000873	-.5882353	-.245098	
  .0000874	-.5882353	-.245098	
  .0000875	-.509804	-.245098	
  .0000876	-.509804	-.2254902	
  .0000877	-.509804	-.2254902	
  .0000878	-.5882353	-.2254902	
  .0000879	-.5882353	-.2254902	
  .000088	-.5882353	-.2254902	
  .0000881	-.5882353	-.2254902	
  .0000882	-.6666667	-.2254902	
  .0000883	-.5882353	-.245098	
  .0000884	-.6666667	-.2254902	
  .0000885	-.7450981	-.2058824	
  .0000886	-.6666667	-.2058824	
  .0000887	-.6666667	-.2254902	
  .0000888	-.6666667	-.2058824	
  .0000889	-.5882353	-.2254902	
  .000089	-.6666667	-.2254902	
  .0000891	-.7450981	-.2058824	
  .0000892	-.7450981	-.2254902	
  .0000893	-.6666667	-.1862745	
  .0000894	-.7450981	-.1862745	
  .0000895	-.7450981	-.2058824	
  .0000896	-.8235294	-.1470588	
  .0000897	-.7450981	-.1666667	
  .0000898	-.6666667	-.1862745	
  .0000899	-.8235294	-.1666667	
  .00009	-.7450981	-.1666667	
  .0000901	-.7450981	-.1666667	
  .0000902	-.8235294	-.2058824	
  .0000903	-.6666667	-.1862745	
  .0000904	-.8235294	-.1666667	
  .0000905	-.6666667	-.1862745	
  .0000906	-.8235294	-.1666667	
  .0000907	-.8235294	-.1470588	
  .0000908	-.8235294	-.1666667	
  .0000909	-.8235294	-.127451	
  .000091	-.8235294	-.1470588	
  .0000911	-.8235294	-.1470588	
  .0000912	-.9019608	-.1470588	
  .0000913	-.9019608	-.1470588	
  .0000914	-.9019608	-.1470588	
  .0000915	-.9019608	-.127451	
  .0000916	-.9803922	-.1470588	
  .0000917	-.9803922	-.1470588	
  .0000918	-.9803922	-.127451	
  .0000919	-.9019608	-.127451	
  .000092	-.9803922	-.1470588	
  .0000921	-.9803922	-.1470588	
  .0000922	-.9019608	-.127451	
  .0000923	-1.058824	-.1078431	
  .0000924	-.9803922	-.1078431	
  .0000925	-1.058824	-.1078431	
  .0000926	-.9803922	-.1078431	
  .0000927	-1.058824	-.1078431	
  .0000928	-.9803922	-.0882353	
  .0000929	-.9803922	-6.862745E-02	
  .000093	-.9803922	-.1078431	
  .0000931	-.9803922	-.1078431	
  .0000932	-1.058824	-.0882353	
  .0000933	-1.137255	-.0882353	
  .0000934	-1.058824	-.0882353	
  .0000935	-1.137255	-6.862745E-02	
  .0000936	-1.058824	-.0882353	
  .0000937	-1.137255	-.1078431	
  .0000938	-1.137255	-4.901961E-02	
  .0000939	-1.058824	-.0882353	
  .000094	-1.215686	-6.862745E-02	
  .0000941	-1.137255	-6.862745E-02	
  .0000942	-1.137255	-6.862745E-02	
  .0000943	-1.137255	-.0882353	
  .0000944	-1.137255	-6.862745E-02	
  .0000945	-1.215686	-6.862745E-02	
  .0000946	-1.137255	-4.901961E-02	
  .0000947	-1.137255	-2.941176E-02	
  .0000948	-1.137255	-4.901961E-02	
  .0000949	-1.215686	-6.862745E-02	
  .000095	-1.294118	-6.862745E-02	
  .0000951	-1.215686	-4.901961E-02	
  .0000952	-1.137255	-4.901961E-02	
  .0000953	-1.294118	-4.901961E-02	
  .0000954	-1.215686	-2.941176E-02	
  .0000955	-1.215686	-4.901961E-02	
  .0000956	-1.215686	-4.901961E-02	
  .0000957	-1.215686	-2.941176E-02	
  .0000958	-1.215686	-2.941176E-02	
  .0000959	-1.294118	-9.803922E-03	
  .000096	-1.294118	-2.941176E-02	
  .0000961	-1.294118	-9.803922E-03	
  .0000962	-1.294118	-9.803922E-03	
  .0000963	-1.294118	-9.803922E-03	
  .0000964	-1.294118	-9.803922E-03	
  .0000965	-1.372549	 9.803922E-03	
  .0000966	-1.294118	 9.803922E-03	
  .0000967	-1.372549	-4.901961E-02	
  .0000968	-1.294118	 9.803922E-03	
  .0000969	-1.372549	 9.803922E-03	
  .000097	-1.45098	-9.803922E-03	
  .0000971	-1.372549	-9.803922E-03	
  .0000972	-1.45098	 2.941176E-02	
  .0000973	-1.372549	 9.803922E-03	
  .0000974	-1.45098	 9.803922E-03	
  .0000975	-1.372549	 2.941176E-02	
  .0000976	-1.372549	 2.941176E-02	
  .0000977	-1.45098	 6.862745E-02	
  .0000978	-1.45098	 2.941176E-02	
  .0000979	-1.372549	 9.803922E-03	
  .000098	-1.45098	 9.803922E-03	
  .0000981	-1.45098	-9.803922E-03	
  .0000982	-1.529412	 9.803922E-03	
  .0000983	-1.529412	 2.941176E-02	
  .0000984	-1.45098	 2.941176E-02	
  .0000985	-1.529412	 4.901961E-02	
  .0000986	-1.45098	 2.941176E-02	
  .0000987	-1.45098	 4.901961E-02	
  .0000988	-1.529412	 4.901961E-02	
  .0000989	-1.45098	 2.941176E-02	
  .000099	-1.45098	 4.901961E-02	
  .0000991	-1.529412	 2.941176E-02	
  .0000992	-1.529412	 6.862745E-02	
  .0000993	-1.529412	 4.901961E-02	
  .0000994	-1.45098	 6.862745E-02	
  .0000995	-1.529412	 .1078431	
  .0000996	-1.607843	 6.862745E-02	
  .0000997	-1.529412	 .0882353	
  .0000998	-1.607843	 .1078431	
  .0000999	-1.529412	 .0882353	
  .0001	-1.607843	 .0882353	
  .0001001	-1.529412	 4.901961E-02	
  .0001002	-1.529412	 6.862745E-02	
  .0001003	-1.607843	 .127451	
  .0001004	-1.529412	 6.862745E-02	
  .0001005	-1.607843	 .0882353	
  .0001006	-1.607843	 .0882353	
  .0001007	-1.607843	 .1078431	
  .0001008	-1.607843	 .127451	
  .0001009	-1.607843	 .1470588	
  .000101	-1.607843	 .1078431	
  .0001011	-1.607843	 .1078431	
  .0001012	-1.686275	 .1078431	
  .0001013	-1.607843	 .0882353	
  .0001014	-1.607843	 .1078431	
  .0001015	-1.607843	 .1078431	
  .0001016	-1.607843	 .1078431	
  .0001017	-1.607843	 .1470588	
  .0001018	-1.607843	 .127451	
  .0001019	-1.607843	 .1078431	
  .000102	-1.607843	 .1078431	
  .0001021	-1.529412	 .127451	
  .0001022	-1.686275	 .1666667	
  .0001023	-1.686275	 .1470588	
  .0001024	-1.686275	 .1078431	
  .0001025	-1.607843	 .127451	
  .0001026	-1.686275	 .1470588	
  .0001027	-1.764706	 .1666667	
  .0001028	-1.607843	 .1470588	
  .0001029	-1.686275	 .1470588	
  .000103	-1.607843	 .1666667	
  .0001031	-1.686275	 .1666667	
  .0001032	-1.607843	 .1862745	
  .0001033	-1.764706	 .1666667	
  .0001034	-1.686275	 .1470588	
  .0001035	-1.686275	 .1470588	
  .0001036	-1.764706	 .1862745	
  .0001037	-1.686275	 .1666667	
  .0001038	-1.607843	 .1666667	
  .0001039	-1.686275	 .1862745	
  .000104	-1.686275	 .1666667	
  .0001041	-1.686275	 .1862745	
  .0001042	-1.686275	 .1666667	
  .0001043	-1.686275	 .1862745	
  .0001044	-1.686275	 .1862745	
  .0001045	-1.764706	 .1862745	
  .0001046	-1.686275	 .2058824	
  .0001047	-1.764706	 .1666667	
  .0001048	-1.764706	 .1862745	
  .0001049	-1.764706	 .2058824	
  .000105	-1.764706	 .1862745	
  .0001051	-1.607843	 .1862745	
  .0001052	-1.764706	 .2058824	
  .0001053	-1.686275	 .245098	
  .0001054	-1.686275	 .1862745	
  .0001055	-1.686275	 .2058824	
  .0001056	-1.686275	 .2254902	
  .0001057	-1.686275	 .2254902	
  .0001058	-1.764706	 .245098	
  .0001059	-1.764706	 .2058824	
  .000106	-1.764706	 .245098	
  .0001061	-1.764706	 .2058824	
  .0001062	-1.686275	 .245098	
  .0001063	-1.764706	 .2254902	
  .0001064	-1.686275	 .245098	
  .0001065	-1.686275	 .2254902	
  .0001066	-1.764706	 .2254902	
  .0001067	-1.764706	 .2647059	
  .0001068	-1.686275	 .245098	
  .0001069	-1.764706	 .2254902	
  .000107	-1.764706	 .2058824	
  .0001071	-1.764706	 .245098	
  .0001072	-1.764706	 .2647059	
  .0001073	-1.764706	 .245098	
  .0001074	-1.764706	 .2843137	
  .0001075	-1.764706	 .2843137	
  .0001076	-1.764706	 .2843137	
  .0001077	-1.843137	 .2843137	
  .0001078	-1.764706	 .2647059	
  .0001079	-1.764706	 .245098	
  .000108	-1.764706	 .245098	
  .0001081	-1.686275	 .2254902	
  .0001082	-1.764706	 .2647059	
  .0001083	-1.764706	 .2647059	
  .0001084	-1.764706	 .245098	
  .0001085	-1.764706	 .245098	
  .0001086	-1.764706	 .2647059	
  .0001087	-1.764706	 .2647059	
  .0001088	-1.764706	 .2843137	
  .0001089	-1.764706	 .2843137	
  .000109	-1.764706	 .2647059	
  .0001091	-1.764706	 .2843137	
  .0001092	-1.843137	 .2843137	
  .0001093	-1.686275	 .3039216	
  .0001094	-1.686275	 .3431373	
  .0001095	-1.686275	 .2843137	
  .0001096	-1.686275	 .2647059	
  .0001097	-1.764706	 .3039216	
  .0001098	-1.686275	 .3039216	
  .0001099	-1.686275	 .3039216	
  .00011	-1.764706	 .2843137	
  .0001101	-1.607843	 .3039216	
  .0001102	-1.764706	 .3039216	
  .0001103	-1.686275	 .3039216	
  .0001104	-1.764706	 .3039216	
  .0001105	-1.686275	 .3235294	
  .0001106	-1.686275	 .3039216	
  .0001107	-1.764706	 .3431373	
  .0001108	-1.686275	 .3235294	
  .0001109	-1.607843	 .3235294	
  .000111	-1.686275	 .3431373	
  .0001111	-1.764706	 .3039216	
  .0001112	-1.686275	 .3039216	
  .0001113	-1.607843	 .2843137	
  .0001114	-1.686275	 .3235294	
  .0001115	-1.686275	 .3235294	
  .0001116	-1.607843	 .3235294	
  .0001117	-1.607843	 .3039216	
  .0001118	-1.607843	 .3039216	
  .0001119	-1.686275	 .2843137	
  .000112	-1.607843	 .3431373	
  .0001121	-1.607843	 .3431373	
  .0001122	-1.607843	 .3431373	
  .0001123	-1.607843	 .3235294	
  .0001124	-1.607843	 .3431373	
  .0001125	-1.529412	 .3235294	
  .0001126	-1.607843	 .3431373	
  .0001127	-1.529412	 .3431373	
  .0001128	-1.529412	 .3235294	
  .0001129	-1.45098	 .3431373	
  .000113	-1.529412	 .3235294	
  .0001131	-1.529412	 .3431373	
  .0001132	-1.607843	 .3235294	
  .0001133	-1.529412	 .3431373	
  .0001134	-1.45098	 .3235294	
  .0001135	-1.529412	 .3235294	
  .0001136	-1.529412	 .3431373	
  .0001137	-1.372549	 .3431373	
  .0001138	-1.529412	 .3431373	
  .0001139	-1.45098	 .3627451	
  .000114	-1.372549	 .3431373	
  .0001141	-1.529412	 .3431373	
  .0001142	-1.45098	 .3431373	
  .0001143	-1.529412	 .3235294	
  .0001144	-1.529412	 .3627451	
  .0001145	-1.45098	 .4019608	
  .0001146	-1.45098	 .3431373	
  .0001147	-1.45098	 .3235294	
  .0001148	-1.45098	 .3235294	
  .0001149	-1.529412	 .3235294	
  .000115	-1.45098	 .3431373	
  .0001151	-1.529412	 .3823529	
  .0001152	-1.45098	 .3627451	
  .0001153	-1.372549	 .3235294	
  .0001154	-1.372549	 .3823529	
  .0001155	-1.45098	 .3627451	
  .0001156	-1.45098	 .3823529	
  .0001157	-1.45098	 .3823529	
  .0001158	-1.45098	 .3431373	
  .0001159	-1.372549	 .3627451	
  .000116	-1.45098	 .3823529	
  .0001161	-1.45098	 .3627451	
  .0001162	-1.372549	 .3431373	
  .0001163	-1.45098	 .3431373	
  .0001164	-1.372549	 .3627451	
  .0001165	-1.372549	 .3235294	
  .0001166	-1.45098	 .3823529	
  .0001167	-1.372549	 .3235294	
  .0001168	-1.45098	 .3627451	
  .0001169	-1.372549	 .3431373	
  .000117	-1.45098	 .3627451	
  .0001171	-1.45098	 .3823529	
  .0001172	-1.372549	 .3627451	
  .0001173	-1.372549	 .3823529	
  .0001174	-1.372549	 .3823529	
  .0001175	-1.372549	 .3627451	
  .0001176	-1.45098	 .4019608	
  .0001177	-1.372549	 .3823529	
  .0001178	-1.372549	 .3431373	
  .0001179	-1.372549	 .3627451	
  .000118	-1.372549	 .3627451	
  .0001181	-1.372549	 .3627451	
  .0001182	-1.372549	 .3627451	
  .0001183	-1.45098	 .3627451	
  .0001184	-1.45098	 .3627451	
  .0001185	-1.372549	 .3823529	
  .0001186	-1.294118	 .3823529	
  .0001187	-1.294118	 .3823529	
  .0001188	-1.372549	 .3627451	
  .0001189	-1.372549	 .3627451	
  .000119	-1.372549	 .3823529	
  .0001191	-1.294118	 .3823529	
  .0001192	-1.294118	 .3627451	
  .0001193	-1.294118	 .4215686	
  .0001194	-1.294118	 .3823529	
  .0001195	-1.294118	 .3823529	
  .0001196	-1.294118	 .3823529	
  .0001197	-1.215686	 .4019608	
  .0001198	-1.372549	 .3823529	
  .0001199	-1.294118	 .3627451	
  .00012	-1.215686	 .3823529	
  .0001201	-1.294118	 .4019608	
  .0001202	-1.215686	 .3823529	
  .0001203	-1.294118	 .3823529	
  .0001204	-1.215686	 .4019608	
  .0001205	-1.215686	 .3627451	
  .0001206	-1.294118	 .4019608	
  .0001207	-1.294118	 .4215686	
  .0001208	-1.215686	 .3823529	
  .0001209	-1.215686	 .4215686	
  .000121	-1.294118	 .4019608	
  .0001211	-1.215686	 .3823529	
  .0001212	-1.215686	 .3823529	
  .0001213	-1.215686	 .3823529	
  .0001214	-1.294118	 .3627451	
  .0001215	-1.215686	 .4019608	
  .0001216	-1.294118	 .3823529	
  .0001217	-1.137255	 .3823529	
  .0001218	-1.215686	 .3627451	
  .0001219	-1.137255	 .3823529	
  .000122	-1.215686	 .4019608	
  .0001221	-1.215686	 .4215686	
  .0001222	-1.215686	 .4019608	
  .0001223	-1.137255	 .3823529	
  .0001224	-1.137255	 .3627451	
  .0001225	-1.137255	 .3823529	
  .0001226	-1.058824	 .4019608	
  .0001227	-1.137255	 .3823529	
  .0001228	-1.058824	 .3627451	
  .0001229	-1.137255	 .3627451	
  .000123	-1.137255	 .3823529	
  .0001231	-1.137255	 .3823529	
  .0001232	-1.137255	 .3627451	
  .0001233	-1.058824	 .3627451	
  .0001234	-1.058824	 .3823529	
  .0001235	-1.137255	 .3823529	
  .0001236	-1.058824	 .3627451	
  .0001237	-1.058824	 .3627451	
  .0001238	-1.058824	 .3823529	
  .0001239	-.9803922	 .3823529	
  .000124	-.9803922	 .3823529	
  .0001241	-1.058824	 .3823529	
  .0001242	-1.058824	 .3431373	
  .0001243	-1.058824	 .3823529	
  .0001244	-.9803922	 .4019608	
  .0001245	-.9803922	 .3627451	
  .0001246	-1.137255	 .3823529	
  .0001247	-.9803922	 .3823529	
  .0001248	-.9803922	 .3627451	
  .0001249	-.9019608	 .3627451	
  .000125	-.9803922	 .3823529	
  .0001251	-.9803922	 .3823529	
  .0001252	-.9019608	 .3627451	
  .0001253	-.9019608	 .4019608	
  .0001254	-.9803922	 .3823529	
  .0001255	-.9803922	 .3823529	
  .0001256	-.9019608	 .3823529	
  .0001257	-.9803922	 .3823529	
  .0001258	-.9803922	 .3823529	
  .0001259	-.9803922	 .3823529	
  .000126	-.9019608	 .3823529	
  .0001261	-.9019608	 .3431373	
  .0001262	-.9019608	 .3431373	
  .0001263	-.9019608	 .3823529	
  .0001264	-.9019608	 .3235294	
  .0001265	-.9019608	 .3627451	
  .0001266	-.8235294	 .3627451	
  .0001267	-.9803922	 .3431373	
  .0001268	-.8235294	 .3235294	
  .0001269	-.9019608	 .3627451	
  .000127	-.9019608	 .3431373	
  .0001271	-.8235294	 .3627451	
  .0001272	-.9019608	 .3823529	
  .0001273	-.7450981	 .4019608	
  .0001274	-.8235294	 .3823529	
  .0001275	-.8235294	 .3823529	
  .0001276	-.8235294	 .3627451	
  .0001277	-.7450981	 .3431373	
  .0001278	-.8235294	 .3627451	
  .0001279	-.8235294	 .3431373	
  .000128	-.8235294	 .3431373	
  .0001281	-.8235294	 .3431373	
  .0001282	-.8235294	 .3431373	
  .0001283	-.8235294	 .3627451	
  .0001284	-.8235294	 .3627451	
  .0001285	-.7450981	 .3431373	
  .0001286	-.7450981	 .3431373	
  .0001287	-.7450981	 .3627451	
  .0001288	-.8235294	 .3627451	
  .0001289	-.7450981	 .3627451	
  .000129	-.7450981	 .3627451	
  .0001291	-.6666667	 .3627451	
  .0001292	-.7450981	 .3823529	
  .0001293	-.7450981	 .3431373	
  .0001294	-.6666667	 .3627451	
  .0001295	-.6666667	 .3627451	
  .0001296	-.6666667	 .3627451	
  .0001297	-.6666667	 .3431373	
  .0001298	-.5882353	 .3627451	
  .0001299	-.5882353	 .3431373	
  .00013	-.6666667	 .3431373	
  .0001301	-.5882353	 .3235294	
  .0001302	-.5882353	 .3431373	
  .0001303	-.7450981	 .3627451	
  .0001304	-.5882353	 .3431373	
  .0001305	-.5882353	 .3431373	
  .0001306	-.5882353	 .3627451	
  .0001307	-.5882353	 .3627451	
  .0001308	-.5882353	 .3627451	
  .0001309	-.5882353	 .3823529	
  .000131	-.509804	 .3431373	
  .0001311	-.509804	 .3431373	
  .0001312	-.5882353	 .3431373	
  .0001313	-.509804	 .3235294	
  .0001314	-.5882353	 .3431373	
  .0001315	-.509804	 .3627451	
  .0001316	-.509804	 .3039216	
  .0001317	-.5882353	 .3039216	
  .0001318	-.4313726	 .3039216	
  .0001319	-.4313726	 .3627451	
  .000132	-.509804	 .3627451	
  .0001321	-.4313726	 .3235294	
  .0001322	-.509804	 .3431373	
  .0001323	-.4313726	 .3431373	
  .0001324	-.4313726	 .3235294	
  .0001325	-.3529412	 .3627451	
  .0001326	-.4313726	 .3235294	
  .0001327	-.3529412	 .3039216	
  .0001328	-.3529412	 .3235294	
  .0001329	-.4313726	 .3431373	
  .000133	-.4313726	 .3235294	
  .0001331	-.3529412	 .3039216	
  .0001332	-.3529412	 .3039216	
  .0001333	-.4313726	 .3039216	
  .0001334	-.3529412	 .3235294	
  .0001335	-.2745098	 .3235294	
  .0001336	-.3529412	 .3039216	
  .0001337	-.2745098	 .3235294	
  .0001338	-.1960784	 .3235294	
  .0001339	-.2745098	 .3039216	
  .000134	-.3529412	 .3431373	
  .0001341	-.1960784	 .2843137	
  .0001342	-.1960784	 .3039216	
  .0001343	-.1176471	 .3431373	
  .0001344	-.1960784	 .2647059	
  .0001345	-.1960784	 .2843137	
  .0001346	-.1176471	 .2843137	
  .0001347	-.1176471	 .2843137	
  .0001348	-.1176471	 .2843137	
  .0001349	-.1960784	 .2843137	
  .000135	-.1960784	 .3039216	
  .0001351	-3.921569E-02	 .2647059	
  .0001352	-3.921569E-02	 .3039216	
  .0001353	-.1176471	 .2843137	
  .0001354	-.1960784	 .3039216	
  .0001355	-.1176471	 .3039216	
  .0001356	-.1176471	 .2843137	
  .0001357	-3.921569E-02	 .2843137	
  .0001358	-3.921569E-02	 .2843137	
  .0001359	-.1176471	 .3039216	
  .000136	-3.921569E-02	 .2647059	
  .0001361	-3.921569E-02	 .245098	
  .0001362	-3.921569E-02	 .2647059	
  .0001363	-3.921569E-02	 .2647059	
  .0001364	-3.921569E-02	 .2843137	
  .0001365	 3.921569E-02	 .245098	
  .0001366	-3.921569E-02	 .245098	
  .0001367	 3.921569E-02	 .245098	
  .0001368	-3.921569E-02	 .2647059	
  .0001369	 3.921569E-02	 .2647059	
  .000137	 3.921569E-02	 .2647059	
  .0001371	-3.921569E-02	 .245098	
  .0001372	 3.921569E-02	 .2843137	
  .0001373	 3.921569E-02	 .2843137	
  .0001374	 3.921569E-02	 .2647059	
  .0001375	 .1176471	 .2647059	
  .0001376	 3.921569E-02	 .245098	
  .0001377	 3.921569E-02	 .245098	
  .0001378	 .1176471	 .2254902	
  .0001379	 3.921569E-02	 .2647059	
  .000138	-3.921569E-02	 .245098	
  .0001381	 3.921569E-02	 .2254902	
  .0001382	 3.921569E-02	 .2254902	
  .0001383	-3.921569E-02	 .245098	
  .0001384	 .1176471	 .2254902	
  .0001385	 .1176471	 .2254902	
  .0001386	 3.921569E-02	 .2647059	
  .0001387	 .1176471	 .2058824	
  .0001388	 .1176471	 .2254902	
  .0001389	 .1176471	 .2254902	
  .000139	 3.921569E-02	 .2254902	
  .0001391	 .1960784	 .245098	
  .0001392	 .1176471	 .2254902	
  .0001393	 .2745098	 .2254902	
  .0001394	 .1960784	 .245098	
  .0001395	 .1176471	 .245098	
  .0001396	 .1960784	 .245098	
  .0001397	 .1960784	 .2254902	
  .0001398	 .1960784	 .2058824	
  .0001399	 .2745098	 .2254902	
  .00014	 .2745098	 .2254902	
  .0001401	 .2745098	 .2058824	
  .0001402	 .2745098	 .2058824	
  .0001403	 .2745098	 .2058824	
  .0001404	 .2745098	 .2254902	
  .0001405	 .1960784	 .245098	
  .0001406	 .2745098	 .2254902	
  .0001407	 .1960784	 .2254902	
  .0001408	 .2745098	 .2058824	
  .0001409	 .1960784	 .2058824	
  .000141	 .2745098	 .1862745	
  .0001411	 .2745098	 .2058824	
  .0001412	 .3529412	 .1666667	
  .0001413	 .3529412	 .2058824	
  .0001414	 .2745098	 .1862745	
  .0001415	 .2745098	 .1666667	
  .0001416	 .2745098	 .1470588	
  .0001417	 .3529412	 .1862745	
  .0001418	 .3529412	 .1666667	
  .0001419	 .3529412	 .2058824	
  .000142	 .2745098	 .1862745	
  .0001421	 .3529412	 .1666667	
  .0001422	 .3529412	 .1666667	
  .0001423	 .3529412	 .1666667	
  .0001424	 .3529412	 .2058824	
  .0001425	 .4313726	 .1666667	
  .0001426	 .4313726	 .1862745	
  .0001427	 .4313726	 .1666667	
  .0001428	 .509804	 .1862745	
  .0001429	 .509804	 .1862745	
  .000143	 .4313726	 .1666667	
  .0001431	 .4313726	 .1470588	
  .0001432	 .509804	 .1470588	
  .0001433	 .509804	 .1862745	
  .0001434	 .509804	 .1666667	
  .0001435	 .4313726	 .1666667	
  .0001436	 .509804	 .1862745	
  .0001437	 .5882353	 .1666667	
  .0001438	 .5882353	 .1470588	
  .0001439	 .509804	 .1666667	
  .000144	 .509804	 .127451	
  .0001441	 .509804	 .1470588	
  .0001442	 .5882353	 .1666667	
  .0001443	 .509804	 .127451	
  .0001444	 .509804	 .127451	
  .0001445	 .509804	 .127451	
  .0001446	 .5882353	 .1470588	
  .0001447	 .5882353	 .1078431	
  .0001448	 .5882353	 .1470588	
  .0001449	 .5882353	 .1470588	
  .000145	 .6666667	 .1078431	
  .0001451	 .5882353	 .1470588	
  .0001452	 .6666667	 .1470588	
  .0001453	 .5882353	 .1470588	
  .0001454	 .5882353	 .127451	
  .0001455	 .5882353	 .127451	
  .0001456	 .6666667	 .1470588	
  .0001457	 .5882353	 .1078431	
  .0001458	 .7450981	 .127451	
  .0001459	 .6666667	 .1078431	
  .000146	 .6666667	 .127451	
  .0001461	 .6666667	 .1078431	
  .0001462	 .6666667	 .0882353	
  .0001463	 .6666667	 .127451	
  .0001464	 .6666667	 .0882353	
  .0001465	 .6666667	 .0882353	
  .0001466	 .7450981	 .0882353	
  .0001467	 .6666667	 .1078431	
  .0001468	 .6666667	 .1078431	
  .0001469	 .6666667	 .0882353	
  .000147	 .7450981	 .1078431	
  .0001471	 .8235294	 .127451	
  .0001472	 .6666667	 .0882353	
  .0001473	 .6666667	 .1078431	
  .0001474	 .7450981	 .0882353	
  .0001475	 .8235294	 6.862745E-02	
  .0001476	 .6666667	 6.862745E-02	
  .0001477	 .7450981	 4.901961E-02	
  .0001478	 .6666667	 .0882353	
  .0001479	 .7450981	 6.862745E-02	
  .000148	 .6666667	 6.862745E-02	
  .0001481	 .7450981	 6.862745E-02	
  .0001482	 .7450981	 6.862745E-02	
  .0001483	 .8235294	 6.862745E-02	
  .0001484	 .8235294	 6.862745E-02	
  .0001485	 .6666667	 6.862745E-02	
  .0001486	 .8235294	 4.901961E-02	
  .0001487	 .7450981	 .0882353	
  .0001488	 .7450981	 6.862745E-02	
  .0001489	 .8235294	 6.862745E-02	
  .000149	 .8235294	 .1078431	
  .0001491	 .8235294	 4.901961E-02	
  .0001492	 .9803922	 4.901961E-02	
  .0001493	 .9019608	 .0882353	
  .0001494	 .8235294	 .0882353	
  .0001495	 .8235294	 6.862745E-02	
  .0001496	 .9019608	 6.862745E-02	
  .0001497	 .9803922	 6.862745E-02	
  .0001498	 .9019608	 6.862745E-02	
  .0001499	 .9019608	 4.901961E-02	
  .00015	 .8235294	 4.901961E-02	
  .0001501	 .9019608	 4.901961E-02	
  .0001502	 .9803922	 4.901961E-02	
  .0001503	 .9019608	 6.862745E-02	
  .0001504	 .9019608	 6.862745E-02	
  .0001505	 .9803922	 4.901961E-02	
  .0001506	 .9019608	 6.862745E-02	
  .0001507	 .9019608	 2.941176E-02	
  .0001508	 .9019608	 2.941176E-02	
  .0001509	 .9019608	 2.941176E-02	
  .000151	 .9803922	 4.901961E-02	
  .0001511	 .9019608	 9.803922E-03	
  .0001512	 .9019608	 2.941176E-02	
  .0001513	 .9019608	 9.803922E-03	
  .0001514	 .9803922	-9.803922E-03	
  .0001515	 .9803922	-9.803922E-03	
  .0001516	 1.058824	 9.803922E-03	
  .0001517	 .9803922	 2.941176E-02	
  .0001518	 .9019608	 4.901961E-02	
  .0001519	 .9803922	 9.803922E-03	
  .000152	 1.058824	 9.803922E-03	
  .0001521	 .9803922	 9.803922E-03	
  .0001522	 .9803922	 9.803922E-03	
  .0001523	 1.058824	 4.901961E-02	
  .0001524	 1.058824	 9.803922E-03	
  .0001525	 1.058824	 9.803922E-03	
  .0001526	 1.058824	-9.803922E-03	
  .0001527	 .9803922	 9.803922E-03	
  .0001528	 .9803922	-4.901961E-02	
  .0001529	 .9803922	 2.941176E-02	
  .000153	 .9803922	-9.803922E-03	
  .0001531	 .9803922	-9.803922E-03	
  .0001532	 .9803922	-9.803922E-03	
  .0001533	 1.137255	-2.941176E-02	
  .0001534	 1.058824	-9.803922E-03	
  .0001535	 1.058824	-9.803922E-03	
  .0001536	 1.215686	 9.803922E-03	
  .0001537	 1.215686	-9.803922E-03	
  .0001538	 1.058824	 9.803922E-03	
  .0001539	 1.137255	-4.901961E-02	
  .000154	 .9803922	-2.941176E-02	
  .0001541	 1.215686	 2.941176E-02	
  .0001542	 1.058824	-2.941176E-02	
  .0001543	 1.058824	-9.803922E-03	
  .0001544	 1.058824	-9.803922E-03	
  .0001545	 1.137255	-2.941176E-02	
  .0001546	 1.137255	-2.941176E-02	
  .0001547	 1.137255	-9.803922E-03	
  .0001548	 1.058824	-9.803922E-03	
  .0001549	 1.137255	-4.901961E-02	
  .000155	 1.137255	-2.941176E-02	
  .0001551	 1.215686	-4.901961E-02	
  .0001552	 1.058824	-2.941176E-02	
  .0001553	 1.137255	-9.803922E-03	
  .0001554	 1.137255	-6.862745E-02	
  .0001555	 1.215686	-4.901961E-02	
  .0001556	 1.137255	-4.901961E-02	
  .0001557	 1.137255	-4.901961E-02	
  .0001558	 1.137255	-6.862745E-02	
  .0001559	 1.137255	-6.862745E-02	
  .000156	 1.137255	-4.901961E-02	
  .0001561	 1.137255	-6.862745E-02	
  .0001562	 1.058824	-4.901961E-02	
  .0001563	 1.215686	-6.862745E-02	
  .0001564	 1.058824	-.0882353	
  .0001565	 1.215686	-.0882353	
  .0001566	 1.137255	-4.901961E-02	
  .0001567	 1.137255	-6.862745E-02	
  .0001568	 1.137255	-6.862745E-02	
  .0001569	 1.137255	-4.901961E-02	
  .000157	 1.294118	-6.862745E-02	
  .0001571	 1.215686	-4.901961E-02	
  .0001572	 1.137255	-6.862745E-02	
  .0001573	 1.215686	-6.862745E-02	
  .0001574	 1.215686	-.0882353	
  .0001575	 1.137255	-.0882353	
  .0001576	 1.215686	-.1078431	
  .0001577	 1.215686	-.1078431	
  .0001578	 1.137255	-.0882353	
  .0001579	 1.137255	-.1078431	
  .000158	 1.137255	-.1078431	
  .0001581	 1.137255	-6.862745E-02	
  .0001582	 1.215686	-.0882353	
  .0001583	 1.058824	-.1078431	
  .0001584	 1.294118	-.0882353	
  .0001585	 1.137255	-.1078431	
  .0001586	 1.137255	-.0882353	
  .0001587	 1.137255	-.1078431	
  .0001588	 1.137255	-.1078431	
  .0001589	 1.215686	-4.901961E-02	
  .000159	 1.294118	-.127451	
  .0001591	 1.294118	-.1078431	
  .0001592	 1.137255	-6.862745E-02	
  .0001593	 1.215686	-.0882353	
  .0001594	 1.137255	-.1078431	
  .0001595	 1.215686	-.0882353	
  .0001596	 1.294118	-.127451	
  .0001597	 1.294118	-.0882353	
  .0001598	 1.294118	-.1078431	
  .0001599	 1.215686	-.127451	
  .00016	 1.215686	-.0882353	
  .0001601	 1.215686	-.127451	
  .0001602	 1.294118	-.0882353	
  .0001603	 1.294118	-.1078431	
  .0001604	 1.215686	-.0882353	
  .0001605	 1.215686	-.1078431	
  .0001606	 1.294118	-.1078431	
  .0001607	 1.215686	-.127451	
  .0001608	 1.215686	-.1078431	
  .0001609	 1.215686	-.1470588	
  .000161	 1.215686	-.1470588	
  .0001611	 1.215686	-.127451	
  .0001612	 1.137255	-.1470588	
  .0001613	 1.215686	-.1470588	
  .0001614	 1.137255	-.1470588	
  .0001615	 1.294118	-.1470588	
  .0001616	 1.215686	-.127451	
  .0001617	 1.137255	-.1078431	
  .0001618	 1.294118	-.127451	
  .0001619	 1.215686	-.1470588	
  .000162	 1.215686	-.1078431	
  .0001621	 1.294118	-.127451	
  .0001622	 1.372549	-.127451	
  .0001623	 1.294118	-.1470588	
  .0001624	 1.294118	-.1470588	
  .0001625	 1.215686	-.1470588	
  .0001626	 1.215686	-.1470588	
  .0001627	 1.215686	-.1470588	
  .0001628	 1.215686	-.1470588	
  .0001629	 1.215686	-.1470588	
  .000163	 1.294118	-.1666667	
  .0001631	 1.215686	-.127451	
  .0001632	 1.372549	-.1470588	
  .0001633	 1.215686	-.1666667	
  .0001634	 1.294118	-.1470588	
  .0001635	 1.372549	-.1666667	
  .0001636	 1.294118	-.1666667	
  .0001637	 1.215686	-.1470588	
  .0001638	 1.294118	-.1666667	
  .0001639	 1.215686	-.1666667	
  .000164	 1.294118	-.1666667	
  .0001641	 1.215686	-.1666667	
  .0001642	 1.215686	-.1666667	
  .0001643	 1.215686	-.1862745	
  .0001644	 1.215686	-.1666667	
  .0001645	 1.294118	-.1862745	
  .0001646	 1.294118	-.1862745	
  .0001647	 1.215686	-.1470588	
  .0001648	 1.294118	-.2058824	
  .0001649	 1.294118	-.1666667	
  .000165	 1.294118	-.1666667	
  .0001651	 1.215686	-.1666667	
  .0001652	 1.294118	-.1666667	
  .0001653	 1.215686	-.1862745	
  .0001654	 1.215686	-.1666667	
  .0001655	 1.215686	-.1862745	
  .0001656	 1.294118	-.1666667	
  .0001657	 1.215686	-.2254902	
  .0001658	 1.294118	-.2058824	
  .0001659	 1.215686	-.1862745	
  .000166	 1.137255	-.2058824	
  .0001661	 1.215686	-.1862745	
  .0001662	 1.215686	-.1862745	
  .0001663	 1.215686	-.2058824	
  .0001664	 1.294118	-.2254902	
  .0001665	 1.137255	-.2058824	
  .0001666	 1.215686	-.1862745	
  .0001667	 1.137255	-.2058824	
  .0001668	 1.137255	-.1666667	
  .0001669	 1.215686	-.1862745	
  .000167	 1.215686	-.2058824	
  .0001671	 1.137255	-.1666667	
  .0001672	 1.215686	-.2058824	
  .0001673	 1.215686	-.2254902	
  .0001674	 1.137255	-.2254902	
  .0001675	 1.137255	-.2254902	
  .0001676	 1.137255	-.2058824	
  .0001677	 1.137255	-.2058824	
  .0001678	 1.137255	-.2058824	
  .0001679	 1.137255	-.245098	
  .000168	 1.137255	-.2058824	
  .0001681	 1.137255	-.2058824	
  .0001682	 1.058824	-.2254902	
  .0001683	 1.137255	-.2254902	
  .0001684	 1.058824	-.2058824	
  .0001685	 1.058824	-.1862745	
  .0001686	 1.058824	-.2254902	
  .0001687	 1.137255	-.2058824	
  .0001688	 1.137255	-.1862745	
  .0001689	 1.137255	-.2058824	
  .000169	 1.215686	-.2254902	
  .0001691	 1.137255	-.1862745	
  .0001692	 1.058824	-.2254902	
  .0001693	 1.058824	-.245098	
  .0001694	 1.058824	-.245098	
  .0001695	 1.137255	-.245098	
  .0001696	 1.137255	-.2058824	
  .0001697	 1.137255	-.2254902	
  .0001698	 1.137255	-.2058824	
  .0001699	 1.058824	-.2254902	
  .00017	 1.137255	-.2254902	
  .0001701	 1.137255	-.1862745	
  .0001702	 1.058824	-.2058824	
  .0001703	 1.058824	-.2058824	
  .0001704	 1.058824	-.2058824	
  .0001705	 1.058824	-.2254902	
  .0001706	 1.058824	-.2254902	
  .0001707	 1.058824	-.2254902	
  .0001708	 1.058824	-.2254902	
  .0001709	 1.137255	-.245098	
  .000171	 1.058824	-.2058824	
  .0001711	 1.058824	-.245098	
  .0001712	 1.137255	-.2254902	
  .0001713	 1.058824	-.245098	
  .0001714	 1.137255	-.2254902	
  .0001715	 1.058824	-.2058824	
  .0001716	 1.058824	-.2058824	
  .0001717	 .9803922	-.245098	
  .0001718	 1.058824	-.2254902	
  .0001719	 1.058824	-.2058824	
  .000172	 1.058824	-.2254902	
  .0001721	 .9803922	-.2254902	
  .0001722	 1.058824	-.2058824	
  .0001723	 1.058824	-.2254902	
  .0001724	 1.058824	-.245098	
  .0001725	 1.058824	-.2254902	
  .0001726	 1.058824	-.2254902	
  .0001727	 1.058824	-.245098	
  .0001728	 .9803922	-.245098	
  .0001729	 1.058824	-.245098	
  .000173	 1.058824	-.2254902	
  .0001731	 1.058824	-.245098	
  .0001732	 1.058824	-.245098	
  .0001733	 1.058824	-.245098	
  .0001734	 1.058824	-.2254902	
  .0001735	 1.058824	-.245098	
  .0001736	 1.058824	-.245098	
  .0001737	 1.058824	-.245098	
  .0001738	 .9803922	-.2254902	
  .0001739	 1.058824	-.2058824	
  .000174	 .9803922	-.2254902	
  .0001741	 .9803922	-.2254902	
  .0001742	 .9803922	-.2647059	
  .0001743	 .9803922	-.2254902	
  .0001744	 1.058824	-.2254902	
  .0001745	 1.058824	-.245098	
  .0001746	 .9803922	-.245098	
  .0001747	 1.058824	-.245098	
  .0001748	 1.058824	-.245098	
  .0001749	 .9803922	-.2254902	
  .000175	 .9803922	-.245098	
  .0001751	 .9803922	-.2254902	
  .0001752	 .9803922	-.245098	
  .0001753	 .9803922	-.2254902	
  .0001754	 .9803922	-.2254902	
  .0001755	 1.058824	-.245098	
  .0001756	 .9803922	-.245098	
  .0001757	 .9803922	-.245098	
  .0001758	 .9803922	-.245098	
  .0001759	 .9803922	-.2647059	
  .000176	 .9803922	-.245098	
  .0001761	 .9803922	-.2254902	
  .0001762	 .9019608	-.245098	
  .0001763	 .9803922	-.2647059	
  .0001764	 .9019608	-.245098	
  .0001765	 .9019608	-.245098	
  .0001766	 .9019608	-.2647059	
  .0001767	 .9019608	-.245098	
  .0001768	 .9803922	-.245098	
  .0001769	 .8235294	-.2254902	
  .000177	 .9803922	-.245098	
  .0001771	 .9019608	-.245098	
  .0001772	 .9019608	-.2647059	
  .0001773	 .9019608	-.2647059	
  .0001774	 .9019608	-.2647059	
  .0001775	 .9019608	-.245098	
  .0001776	 .9019608	-.2647059	
  .0001777	 .8235294	-.2647059	
  .0001778	 .8235294	-.245098	
  .0001779	 .8235294	-.245098	
  .000178	 .9803922	-.2647059	
  .0001781	 .8235294	-.245098	
  .0001782	 .9019608	-.2254902	
  .0001783	 .8235294	-.245098	
  .0001784	 .8235294	-.2647059	
  .0001785	 .9019608	-.2254902	
  .0001786	 .9019608	-.2254902	
  .0001787	 .8235294	-.2254902	
  .0001788	 .9019608	-.245098	
  .0001789	 .9803922	-.2647059	
  .000179	 .9019608	-.2254902	
  .0001791	 .9019608	-.2254902	
  .0001792	 .9019608	-.245098	
  .0001793	 .9019608	-.245098	
  .0001794	 .9019608	-.245098	
  .0001795	 .8235294	-.2254902	
  .0001796	 .9019608	-.245098	
  .0001797	 .7450981	-.245098	
  .0001798	 .8235294	-.245098	
  .0001799	 .8235294	-.245098	
  .00018	 .9019608	-.2254902	
  .0001801	 .8235294	-.2058824	
  .0001802	 .8235294	-.245098	
  .0001803	 .7450981	-.2254902	
  .0001804	 .8235294	-.245098	
  .0001805	 .7450981	-.2647059	
  .0001806	 .8235294	-.245098	
  .0001807	 .7450981	-.245098	
  .0001808	 .7450981	-.245098	
  .0001809	 .7450981	-.2254902	
  .000181	 .7450981	-.2254902	
  .0001811	 .7450981	-.245098	
  .0001812	 .7450981	-.245098	
  .0001813	 .8235294	-.245098	
  .0001814	 .6666667	-.245098	
  .0001815	 .7450981	-.2647059	
  .0001816	 .7450981	-.245098	
  .0001817	 .7450981	-.245098	
  .0001818	 .6666667	-.2254902	
  .0001819	 .7450981	-.2254902	
  .000182	 .7450981	-.2254902	
  .0001821	 .7450981	-.2254902	
  .0001822	 .8235294	-.2254902	
  .0001823	 .5882353	-.245098	
  .0001824	 .6666667	-.2254902	
  .0001825	 .6666667	-.2254902	
  .0001826	 .6666667	-.245098	
  .0001827	 .7450981	-.245098	
  .0001828	 .6666667	-.2647059	
  .0001829	 .6666667	-.245098	
  .000183	 .7450981	-.245098	
  .0001831	 .5882353	-.2254902	
  .0001832	 .6666667	-.2254902	
  .0001833	 .7450981	-.2254902	
  .0001834	 .7450981	-.2254902	
  .0001835	 .6666667	-.2254902	
  .0001836	 .6666667	-.245098	
  .0001837	 .5882353	-.2254902	
  .0001838	 .7450981	-.2254902	
  .0001839	 .5882353	-.2254902	
  .000184	 .6666667	-.245098	
  .0001841	 .5882353	-.2647059	
  .0001842	 .6666667	-.2254902	
  .0001843	 .6666667	-.245098	
  .0001844	 .5882353	-.245098	
  .0001845	 .5882353	-.2254902	
  .0001846	 .6666667	-.2254902	
  .0001847	 .6666667	-.2254902	
  .0001848	 .6666667	-.245098	
  .0001849	 .5882353	-.2254902	
  .000185	 .5882353	-.2058824	
  .0001851	 .5882353	-.245098	
  .0001852	 .6666667	-.2254902	
  .0001853	 .5882353	-.2254902	
  .0001854	 .5882353	-.245098	
  .0001855	 .5882353	-.2254902	
  .0001856	 .5882353	-.2254902	
  .0001857	 .5882353	-.2254902	
  .0001858	 .5882353	-.245098	
  .0001859	 .509804	-.2058824	
  .000186	 .5882353	-.245098	
  .0001861	 .509804	-.245098	
  .0001862	 .5882353	-.2254902	
  .0001863	 .509804	-.2058824	
  .0001864	 .509804	-.2254902	
  .0001865	 .5882353	-.2254902	
  .0001866	 .4313726	-.2254902	
  .0001867	 .5882353	-.2058824	
  .0001868	 .5882353	-.2254902	
  .0001869	 .509804	-.2058824	
  .000187	 .5882353	-.2058824	
  .0001871	 .509804	-.2254902	
  .0001872	 .4313726	-.245098	
  .0001873	 .4313726	-.2647059	
  .0001874	 .4313726	-.2254902	
  .0001875	 .509804	-.245098	
  .0001876	 .4313726	-.2058824	
  .0001877	 .4313726	-.245098	
  .0001878	 .4313726	-.2058824	
  .0001879	 .509804	-.2254902	
  .000188	 .4313726	-.2058824	
  .0001881	 .4313726	-.2058824	
  .0001882	 .4313726	-.2058824	
  .0001883	 .3529412	-.2254902	
  .0001884	 .4313726	-.2058824	
  .0001885	 .509804	-.1862745	
  .0001886	 .4313726	-.1666667	
  .0001887	 .4313726	-.2058824	
  .0001888	 .509804	-.2058824	
  .0001889	 .3529412	-.2058824	
  .000189	 .4313726	-.1666667	
  .0001891	 .3529412	-.2058824	
  .0001892	 .3529412	-.1862745	
  .0001893	 .4313726	-.2058824	
  .0001894	 .3529412	-.2058824	
  .0001895	 .3529412	-.1862745	
  .0001896	 .3529412	-.1862745	
  .0001897	 .3529412	-.1862745	
  .0001898	 .3529412	-.2058824	
  .0001899	 .4313726	-.1666667	
  .00019	 .3529412	-.1862745	
  .0001901	 .3529412	-.1862745	
  .0001902	 .3529412	-.2058824	
  .0001903	 .2745098	-.1862745	
  .0001904	 .2745098	-.2058824	
  .0001905	 .3529412	-.1862745	
  .0001906	 .3529412	-.1862745	
  .0001907	 .3529412	-.2058824	
  .0001908	 .3529412	-.2058824	
  .0001909	 .3529412	-.1862745	
  .000191	 .3529412	-.2058824	
  .0001911	 .1960784	-.2058824	
  .0001912	 .4313726	-.1862745	
  .0001913	 .2745098	-.1666667	
  .0001914	 .3529412	-.1666667	
  .0001915	 .1960784	-.1862745	
  .0001916	 .2745098	-.1666667	
  .0001917	 .1960784	-.1666667	
  .0001918	 .1960784	-.1862745	
  .0001919	 .2745098	-.1666667	
  .000192	 .1960784	-.1862745	
  .0001921	 .2745098	-.1862745	
  .0001922	 .1960784	-.1862745	
  .0001923	 .2745098	-.1862745	
  .0001924	 .1960784	-.1862745	
  .0001925	 .2745098	-.1666667	
  .0001926	 .1960784	-.1862745	
  .0001927	 .1960784	-.2058824	
  .0001928	 .1176471	-.1666667	
  .0001929	 .1960784	-.1862745	
  .000193	 .1960784	-.1666667	
  .0001931	 .2745098	-.1666667	
  .0001932	 .2745098	-.1666667	
  .0001933	 .2745098	-.1666667	
  .0001934	 .1960784	-.1862745	
  .0001935	 .1960784	-.1862745	
  .0001936	 .1960784	-.1470588	
  .0001937	 .1960784	-.127451	
  .0001938	 .1176471	-.1862745	
  .0001939	 .1176471	-.1862745	
  .000194	 .1960784	-.1862745	
  .0001941	 .1960784	-.1470588	
  .0001942	 .2745098	-.1666667	
  .0001943	 .1176471	-.1666667	
  .0001944	 3.921569E-02	-.1470588	
  .0001945	 .1176471	-.1666667	
  .0001946	 .1176471	-.1666667	
  .0001947	 .1960784	-.1470588	
  .0001948	 .1960784	-.1470588	
  .0001949	 .1176471	-.1470588	
  .000195	 3.921569E-02	-.1666667	
  .0001951	 .1960784	-.127451	
  .0001952	 3.921569E-02	-.1666667	
  .0001953	 .1176471	-.1666667	
  .0001954	 .1176471	-.1470588	
  .0001955	 .1176471	-.1666667	
  .0001956	 3.921569E-02	-.1470588	
  .0001957	 3.921569E-02	-.1666667	
  .0001958	 3.921569E-02	-.127451	
  .0001959	 .1176471	-.1470588	
  .000196	 3.921569E-02	-.1666667	
  .0001961	 .1176471	-.1862745	
  .0001962	 3.921569E-02	-.1470588	
  .0001963	-3.921569E-02	-.1666667	
  .0001964	-3.921569E-02	-.1470588	
  .0001965	-3.921569E-02	-.1470588	
  .0001966	 .1176471	-.1078431	
  .0001967	 3.921569E-02	-.127451	
  .0001968	 3.921569E-02	-.127451	
  .0001969	 3.921569E-02	-.1470588	
  .000197	-3.921569E-02	-.1470588	
  .0001971	-3.921569E-02	-.1666667	
  .0001972	-3.921569E-02	-.1666667	
  .0001973	-.1176471	-.1470588	
  .0001974	-3.921569E-02	-.1666667	
  .0001975	-3.921569E-02	-.1470588	
  .0001976	-3.921569E-02	-.1470588	
  .0001977	-.1176471	-.1470588	
  .0001978	-.1176471	-.1470588	
  .0001979	-3.921569E-02	-.1470588	
  .000198	-3.921569E-02	-.127451	
  .0001981	-.1176471	-.127451	
  .0001982	-.1176471	-.127451	
  .0001983	-.1176471	-.127451	
  .0001984	-.1176471	-.1078431	
  .0001985	-3.921569E-02	-.1078431	
  .0001986	-3.921569E-02	-.127451	
  .0001987	-3.921569E-02	-.1078431	
  .0001988	-.1960784	-.0882353	
  .0001989	-.1176471	-.1078431	
  .000199	-.1960784	-.127451	
  .0001991	-.1176471	-.127451	
  .0001992	-3.921569E-02	-.127451	
  .0001993	-.1176471	-.1078431	
  .0001994	-3.921569E-02	-.1470588	
  .0001995	-.1176471	-.127451	
  .0001996	-.1176471	-.0882353	
  .0001997	-.1176471	-.1078431	
  .0001998	-.1176471	-.0882353	
  .0001999	-.1176471	-6.862745E-02	
  .0002	-.1176471	-.1078431	
  .0002001	-.1176471	-.1078431	
  .0002002	-.1960784	-.1078431	
  .0002003	-.1960784	-.127451	
  .0002004	-.1960784	-.1078431	
  .0002005	-.1960784	-.1078431	
  .0002006	-.1960784	-.127451	
  .0002007	-.1960784	-.1078431	
  .0002008	-.2745098	-.1078431	
  .0002009	-.1960784	-.1078431	
  .000201	-.2745098	-.1078431	
  .0002011	-.1176471	-.1078431	
  .0002012	-.2745098	-.1078431	
  .0002013	-.1960784	-.0882353	
  .0002014	-.2745098	-6.862745E-02	
  .0002015	-.1960784	-.0882353	
  .0002016	-.2745098	-6.862745E-02	
  .0002017	-.1960784	-.0882353	
  .0002018	-.1960784	-6.862745E-02	
  .0002019	-.1960784	-.1078431	
  .000202	-.1960784	-.1078431	
  .0002021	-.2745098	-6.862745E-02	
  .0002022	-.2745098	-4.901961E-02	
  .0002023	-.1960784	-.0882353	
  .0002024	-.3529412	-.0882353	
  .0002025	-.2745098	-6.862745E-02	
  .0002026	-.2745098	-.0882353	
  .0002027	-.3529412	-6.862745E-02	
  .0002028	-.2745098	-6.862745E-02	
  .0002029	-.3529412	-6.862745E-02	
  .000203	-.2745098	-4.901961E-02	
  .0002031	-.1960784	-6.862745E-02	
  .0002032	-.3529412	-6.862745E-02	
  .0002033	-.3529412	-6.862745E-02	
  .0002034	-.2745098	-.0882353	
  .0002035	-.2745098	-6.862745E-02	
  .0002036	-.2745098	-4.901961E-02	
  .0002037	-.3529412	-.0882353	
  .0002038	-.3529412	-6.862745E-02	
  .0002039	-.3529412	-6.862745E-02	
  .000204	-.2745098	-6.862745E-02	
  .0002041	-.2745098	-6.862745E-02	
  .0002042	-.3529412	-6.862745E-02	
  .0002043	-.3529412	-6.862745E-02	
  .0002044	-.3529412	-.0882353	
  .0002045	-.3529412	-6.862745E-02	
  .0002046	-.3529412	-4.901961E-02	
  .0002047	-.4313726	-2.941176E-02	
  .0002048	-.3529412	-4.901961E-02	
  .0002049	-.4313726	-6.862745E-02	
  .000205	-.3529412	-4.901961E-02	
  .0002051	-.3529412	-4.901961E-02	
  .0002052	-.3529412	-6.862745E-02	
  .0002053	-.3529412	-4.901961E-02	
  .0002054	-.4313726	-6.862745E-02	
  .0002055	-.4313726	-4.901961E-02	
  .0002056	-.3529412	-6.862745E-02	
  .0002057	-.4313726	-4.901961E-02	
  .0002058	-.4313726	-4.901961E-02	
  .0002059	-.509804	-6.862745E-02	
  .000206	-.3529412	-6.862745E-02	
  .0002061	-.4313726	-6.862745E-02	
  .0002062	-.509804	-4.901961E-02	
  .0002063	-.509804	-4.901961E-02	
  .0002064	-.509804	-2.941176E-02	
  .0002065	-.4313726	-9.803922E-03	
  .0002066	-.509804	-2.941176E-02	
  .0002067	-.509804	-2.941176E-02	
  .0002068	-.509804	-2.941176E-02	
  .0002069	-.509804	-6.862745E-02	
  .000207	-.509804	-4.901961E-02	
  .0002071	-.509804	-6.862745E-02	
  .0002072	-.509804	-2.941176E-02	
  .0002073	-.5882353	-4.901961E-02	
  .0002074	-.509804	-2.941176E-02	
  .0002075	-.509804	-2.941176E-02	
  .0002076	-.5882353	-9.803922E-03	
  .0002077	-.4313726	-2.941176E-02	
  .0002078	-.509804	-4.901961E-02	
  .0002079	-.4313726	-2.941176E-02	
  .000208	-.5882353	-2.941176E-02	
  .0002081	-.509804	-2.941176E-02	
  .0002082	-.509804	-9.803922E-03	
  .0002083	-.5882353	-9.803922E-03	
  .0002084	-.509804	 9.803922E-03	
  .0002085	-.509804	-2.941176E-02	
  .0002086	-.509804	-2.941176E-02	
  .0002087	-.509804	 9.803922E-03	
  .0002088	-.509804	 2.941176E-02	
  .0002089	-.5882353	-9.803922E-03	
  .000209	-.509804	-9.803922E-03	
  .0002091	-.4313726	 9.803922E-03	
  .0002092	-.509804	 9.803922E-03	
  .0002093	-.509804	-9.803922E-03	
  .0002094	-.509804	 2.941176E-02	
  .0002095	-.5882353	 9.803922E-03	
  .0002096	-.509804	-9.803922E-03	
  .0002097	-.509804	 9.803922E-03	
  .0002098	-.5882353	 2.941176E-02	
  .0002099	-.509804	 9.803922E-03	
  .00021	-.5882353	 9.803922E-03	
  .0002101	-.5882353	 9.803922E-03	
  .0002102	-.509804	-9.803922E-03	
  .0002103	-.509804	-9.803922E-03	
  .0002104	-.5882353	 9.803922E-03	
  .0002105	-.509804	 9.803922E-03	
  .0002106	-.5882353	 9.803922E-03	
  .0002107	-.5882353	 2.941176E-02	
  .0002108	-.5882353	 9.803922E-03	
  .0002109	-.6666667	-9.803922E-03	
  .000211	-.509804	 9.803922E-03	
  .0002111	-.5882353	 2.941176E-02	
  .0002112	-.5882353	 4.901961E-02	
  .0002113	-.5882353	 9.803922E-03	
  .0002114	-.5882353	-9.803922E-03	
  .0002115	-.5882353	 2.941176E-02	
  .0002116	-.5882353	 2.941176E-02	
  .0002117	-.5882353	 4.901961E-02	
  .0002118	-.5882353	 9.803922E-03	
  .0002119	-.509804	 2.941176E-02	
  .000212	-.6666667	 2.941176E-02	
  .0002121	-.5882353	 4.901961E-02	
  .0002122	-.6666667	 2.941176E-02	
  .0002123	-.6666667	 9.803922E-03	
  .0002124	-.5882353	 2.941176E-02	
  .0002125	-.6666667	 2.941176E-02	
  .0002126	-.6666667	 6.862745E-02	
  .0002127	-.509804	 2.941176E-02	
  .0002128	-.5882353	 2.941176E-02	
  .0002129	-.6666667	 2.941176E-02	
  .000213	-.5882353	 4.901961E-02	
  .0002131	-.5882353	 2.941176E-02	
  .0002132	-.5882353	 4.901961E-02	
  .0002133	-.6666667	 2.941176E-02	
  .0002134	-.6666667	 2.941176E-02	
  .0002135	-.5882353	 4.901961E-02	
  .0002136	-.6666667	 2.941176E-02	
  .0002137	-.6666667	 2.941176E-02	
  .0002138	-.6666667	 2.941176E-02	
  .0002139	-.5882353	 4.901961E-02	
  .000214	-.5882353	 2.941176E-02	
  .0002141	-.6666667	 4.901961E-02	
  .0002142	-.6666667	 4.901961E-02	
  .0002143	-.5882353	 2.941176E-02	
  .0002144	-.6666667	 6.862745E-02	
  .0002145	-.6666667	 4.901961E-02	
  .0002146	-.6666667	 4.901961E-02	
  .0002147	-.6666667	 6.862745E-02	
  .0002148	-.6666667	 4.901961E-02	
  .0002149	-.5882353	 4.901961E-02	
  .000215	-.5882353	 4.901961E-02	
  .0002151	-.6666667	 4.901961E-02	
  .0002152	-.5882353	 6.862745E-02	
  .0002153	-.6666667	 6.862745E-02	
  .0002154	-.5882353	 6.862745E-02	
  .0002155	-.7450981	 2.941176E-02	
  .0002156	-.6666667	 2.941176E-02	
  .0002157	-.5882353	 6.862745E-02	
  .0002158	-.6666667	 4.901961E-02	
  .0002159	-.5882353	 4.901961E-02	
  .000216	-.7450981	 4.901961E-02	
  .0002161	-.6666667	 4.901961E-02	
  .0002162	-.7450981	 4.901961E-02	
  .0002163	-.7450981	 4.901961E-02	
  .0002164	-.6666667	 .0882353	
  .0002165	-.7450981	 6.862745E-02	
  .0002166	-.7450981	 .0882353	
  .0002167	-.6666667	 6.862745E-02	
  .0002168	-.6666667	 6.862745E-02	
  .0002169	-.6666667	 6.862745E-02	
  .000217	-.6666667	 2.941176E-02	
  .0002171	-.7450981	 6.862745E-02	
  .0002172	-.7450981	 .0882353	
  .0002173	-.7450981	 6.862745E-02	
  .0002174	-.7450981	 6.862745E-02	
  .0002175	-.7450981	 .0882353	
  .0002176	-.6666667	 .0882353	
  .0002177	-.7450981	 6.862745E-02	
  .0002178	-.6666667	 .1078431	
  .0002179	-.7450981	 .0882353	
  .000218	-.7450981	 .0882353	
  .0002181	-.7450981	 .1078431	
  .0002182	-.7450981	 .0882353	
  .0002183	-.6666667	 .1078431	
  .0002184	-.6666667	 6.862745E-02	
  .0002185	-.5882353	 .0882353	
  .0002186	-.7450981	 .127451	
  .0002187	-.6666667	 .127451	
  .0002188	-.6666667	 .0882353	
  .0002189	-.6666667	 .1078431	
  .000219	-.6666667	 .1078431	
  .0002191	-.6666667	 .1078431	
  .0002192	-.6666667	 .0882353	
  .0002193	-.7450981	 .1078431	
  .0002194	-.7450981	 .1078431	
  .0002195	-.7450981	 .0882353	
  .0002196	-.7450981	 .127451	
  .0002197	-.6666667	 .127451	
  .0002198	-.6666667	 .127451	
  .0002199	-.7450981	 .127451	
  .00022	-.7450981	 .127451	
  .0002201	-.7450981	 .1078431	
  .0002202	-.7450981	 .0882353	
  .0002203	-.7450981	 .0882353	
  .0002204	-.7450981	 .0882353	
  .0002205	-.6666667	 .1078431	
  .0002206	-.7450981	 .0882353	
  .0002207	-.6666667	 6.862745E-02	
  .0002208	-.8235294	 .0882353	
  .0002209	-.6666667	 .1078431	
  .000221	-.7450981	 .127451	
  .0002211	-.7450981	 .127451	
  .0002212	-.7450981	 .0882353	
  .0002213	-.6666667	 .0882353	
  .0002214	-.7450981	 .1078431	
  .0002215	-.7450981	 .1078431	
  .0002216	-.7450981	 .1470588	
  .0002217	-.7450981	 .1078431	
  .0002218	-.7450981	 .1078431	
  .0002219	-.7450981	 .1078431	
  .000222	-.6666667	 .127451	
  .0002221	-.7450981	 .127451	
  .0002222	-.6666667	 .127451	
  .0002223	-.7450981	 .1078431	
  .0002224	-.8235294	 .127451	
  .0002225	-.7450981	 .1470588	
  .0002226	-.6666667	 .127451	
  .0002227	-.7450981	 .127451	
  .0002228	-.6666667	 .127451	
  .0002229	-.6666667	 .1470588	
  .000223	-.6666667	 .1078431	
  .0002231	-.6666667	 .1470588	
  .0002232	-.7450981	 .127451	
  .0002233	-.7450981	 .127451	
  .0002234	-.7450981	 .1470588	
  .0002235	-.7450981	 .127451	
  .0002236	-.7450981	 .127451	
  .0002237	-.7450981	 .1078431	
  .0002238	-.6666667	 .127451	
  .0002239	-.5882353	 .1078431	
  .000224	-.7450981	 .127451	
  .0002241	-.6666667	 .1470588	
  .0002242	-.5882353	 .1078431	
  .0002243	-.7450981	 .127451	
  .0002244	-.6666667	 .1470588	
  .0002245	-.7450981	 .1470588	
  .0002246	-.7450981	 .127451	
  .0002247	-.7450981	 .127451	
  .0002248	-.6666667	 .1470588	
  .0002249	-.6666667	 .127451	
  .000225	-.6666667	 .127451	
