 -.0000498	 5.882353E-03	-9.803922E-04	
 -.0000496	 9.803922E-03	 9.803922E-04	
 -.0000494	 1.960784E-03	 9.803922E-04	
 -.0000492	 1.960784E-03	 9.803922E-04	
 -.000049	 5.882353E-03	-9.803922E-04	
 -.0000488	 9.803922E-03	 2.941177E-03	
 -.0000486	 1.960784E-03	 2.941177E-03	
 -.0000484	 5.882353E-03	-9.803922E-04	
 -.0000482	 1.960784E-03	 2.941177E-03	
 -.000048	 1.960784E-03	 9.803922E-04	
 -.0000478	 1.960784E-03	 9.803922E-04	
 -.0000476	 1.960784E-03	 9.803922E-04	
 -.0000474	 5.882353E-03	 9.803922E-04	
 -.0000472	 1.960784E-03	 9.803922E-04	
 -.000047	 5.882353E-03	 9.803922E-04	
 -.0000468	 5.882353E-03	-9.803922E-04	
 -.0000466	 1.960784E-03	 2.941177E-03	
 -.0000464	-1.960784E-03	 9.803922E-04	
 -.0000462	 5.882353E-03	 2.941177E-03	
 -.000046	 1.960784E-03	 9.803922E-04	
 -.0000458	 1.960784E-03	 9.803922E-04	
 -.0000456	 5.882353E-03	 4.901961E-03	
 -.0000454	-1.960784E-03	 2.941177E-03	
 -.0000452	 1.960784E-03	 9.803922E-04	
 -.000045	 5.882353E-03	 9.803922E-04	
 -.0000448	 1.960784E-03	-9.803922E-04	
 -.0000446	 1.960784E-03	 9.803922E-04	
 -.0000444	 5.882353E-03	-9.803922E-04	
 -.0000442	 1.960784E-03	 2.941177E-03	
 -.000044	 5.882353E-03	 9.803922E-04	
 -.0000438	 9.803922E-03	 2.941177E-03	
 -.0000436	 9.803922E-03	 9.803922E-04	
 -.0000434	 5.882353E-03	 9.803922E-04	
 -.0000432	 1.960784E-03	 9.803922E-04	
 -.000043	 5.882353E-03	-9.803922E-04	
 -.0000428	 5.882353E-03	 2.941177E-03	
 -.0000426	 5.882353E-03	 9.803922E-04	
 -.0000424	 1.960784E-03	 9.803922E-04	
 -.0000422	 5.882353E-03	 9.803922E-04	
 -.000042	 5.882353E-03	-9.803922E-04	
 -.0000418	 9.803922E-03	 2.941177E-03	
 -.0000416	 1.960784E-03	 9.803922E-04	
 -.0000414	 1.960784E-03	 9.803922E-04	
 -.0000412	 5.882353E-03	 9.803922E-04	
 -.000041	 5.882353E-03	 2.941177E-03	
 -.0000408	 5.882353E-03	 2.941177E-03	
 -.0000406	 1.960784E-03	 9.803922E-04	
 -.0000404	 1.960784E-03	 2.941177E-03	
 -.0000402	 1.960784E-03	 9.803922E-04	
 -.00004	 5.882353E-03	 2.941177E-03	
 -.0000398	 5.882353E-03	-9.803922E-04	
 -.0000396	 9.803922E-03	 9.803922E-04	
 -.0000394	 1.960784E-03	 9.803922E-04	
 -.0000392	 1.960784E-03	 9.803922E-04	
 -.000039	 1.960784E-03	 2.941177E-03	
 -.0000388	 1.960784E-03	 2.941177E-03	
 -.0000386	 5.882353E-03	 9.803922E-04	
 -.0000384	 1.960784E-03	 2.941177E-03	
 -.0000382	 1.960784E-03	 9.803922E-04	
 -.000038	 5.882353E-03	 9.803922E-04	
 -.0000378	 1.960784E-03	 9.803922E-04	
 -.0000376	 5.882353E-03	 9.803922E-04	
 -.0000374	 1.960784E-03	-9.803922E-04	
 -.0000372	 1.960784E-03	 2.941177E-03	
 -.000037	 5.882353E-03	 4.901961E-03	
 -.0000368	 5.882353E-03	-9.803922E-04	
 -.0000366	 5.882353E-03	 9.803922E-04	
 -.0000364	 5.882353E-03	 9.803922E-04	
 -.0000362	 9.803922E-03	-9.803922E-04	
 -.000036	 5.882353E-03	 9.803922E-04	
 -.0000358	 5.882353E-03	 9.803922E-04	
 -.0000356	 5.882353E-03	 2.941177E-03	
 -.0000354	 5.882353E-03	 2.941177E-03	
 -.0000352	 1.960784E-03	-9.803922E-04	
 -.000035	 1.960784E-03	 2.941177E-03	
 -.0000348	 1.960784E-03	 9.803922E-04	
 -.0000346	 9.803922E-03	 9.803922E-04	
 -.0000344	 5.882353E-03	 9.803922E-04	
 -.0000342	 1.960784E-03	 2.941177E-03	
 -.000034	 5.882353E-03	 9.803922E-04	
 -.0000338	 1.960784E-03	 9.803922E-04	
 -.0000336	 5.882353E-03	-9.803922E-04	
 -.0000334	 5.882353E-03	-9.803922E-04	
 -.0000332	 5.882353E-03	 9.803922E-04	
 -.000033	 5.882353E-03	-9.803922E-04	
 -.0000328	 5.882353E-03	 9.803922E-04	
 -.0000326	 5.882353E-03	 9.803922E-04	
 -.0000324	 1.372549E-02	 9.803922E-04	
 -.0000322	 5.882353E-03	 4.901961E-03	
 -.000032	 1.960784E-03	 9.803922E-04	
 -.0000318	 5.882353E-03	-9.803922E-04	
 -.0000316	 5.882353E-03	 9.803922E-04	
 -.0000314	 1.960784E-03	 9.803922E-04	
 -.0000312	 5.882353E-03	 2.941177E-03	
 -.000031	 1.372549E-02	-9.803922E-04	
 -.0000308	 5.882353E-03	 2.941177E-03	
 -.0000306	 1.960784E-03	 9.803922E-04	
 -.0000304	 5.882353E-03	 9.803922E-04	
 -.0000302	 1.960784E-03	 9.803922E-04	
 -.00003	 5.882353E-03	 2.941177E-03	
 -.0000298	 5.882353E-03	 9.803922E-04	
 -.0000296	 1.960784E-03	 9.803922E-04	
 -.0000294	 9.803922E-03	 9.803922E-04	
 -.0000292	 5.882353E-03	 2.941177E-03	
 -.000029	 9.803922E-03	 9.803922E-04	
 -.0000288	 1.960784E-03	 2.941177E-03	
 -.0000286	 1.960784E-03	 9.803922E-04	
 -.0000284	 1.960784E-03	 9.803922E-04	
 -.0000282	 1.960784E-03	 9.803922E-04	
 -.000028	 1.960784E-03	-9.803922E-04	
 -.0000278	 5.882353E-03	 9.803922E-04	
 -.0000276	 1.960784E-03	 9.803922E-04	
 -.0000274	 5.882353E-03	 9.803922E-04	
 -.0000272	 5.882353E-03	 9.803922E-04	
 -.000027	 1.960784E-03	 9.803922E-04	
 -.0000268	 1.960784E-03	 9.803922E-04	
 -.0000266	 1.960784E-03	 9.803922E-04	
 -.0000264	 5.882353E-03	 2.941177E-03	
 -.0000262	 5.882353E-03	 2.941177E-03	
 -.000026	 5.882353E-03	 9.803922E-04	
 -.0000258	 5.882353E-03	 2.941177E-03	
 -.0000256	-1.960784E-03	 2.941177E-03	
 -.0000254	 1.960784E-03	 9.803922E-04	
 -.0000252	 1.960784E-03	 9.803922E-04	
 -.000025	 1.960784E-03	 9.803922E-04	
 -.0000248	 9.803922E-03	 9.803922E-04	
 -.0000246	 5.882353E-03	 9.803922E-04	
 -.0000244	 1.960784E-03	 2.941177E-03	
 -.0000242	-1.960784E-03	 9.803922E-04	
 -.000024	 5.882353E-03	 9.803922E-04	
 -.0000238	 5.882353E-03	 2.941177E-03	
 -.0000236	 5.882353E-03	 9.803922E-04	
 -.0000234	 1.960784E-03	 9.803922E-04	
 -.0000232	-1.960784E-03	-9.803922E-04	
 -.000023	 5.882353E-03	 9.803922E-04	
 -.0000228	 1.960784E-03	 9.803922E-04	
 -.0000226	 5.882353E-03	 2.941177E-03	
 -.0000224	 5.882353E-03	 9.803922E-04	
 -.0000222	 1.960784E-03	-9.803922E-04	
 -.000022	 5.882353E-03	 2.941177E-03	
 -.0000218	 1.960784E-03	 2.941177E-03	
 -.0000216	 5.882353E-03	 9.803922E-04	
 -.0000214	 1.960784E-03	 2.941177E-03	
 -.0000212	 5.882353E-03	 9.803922E-04	
 -.000021	 5.882353E-03	 2.941177E-03	
 -.0000208	 1.960784E-03	 9.803922E-04	
 -.0000206	 1.960784E-03	 2.941177E-03	
 -.0000204	 5.882353E-03	-9.803922E-04	
 -.0000202	 5.882353E-03	 9.803922E-04	
 -.00002	 5.882353E-03	 2.941177E-03	
 -.0000198	 9.803922E-03	-9.803922E-04	
 -.0000196	 5.882353E-03	 2.941177E-03	
 -.0000194	 9.803922E-03	 9.803922E-04	
 -.0000192	 5.882353E-03	 9.803922E-04	
 -.000019	 5.882353E-03	 2.941177E-03	
 -.0000188	 5.882353E-03	 9.803922E-04	
 -.0000186	 5.882353E-03	 9.803922E-04	
 -.0000184	 1.960784E-03	 2.941177E-03	
 -.0000182	 1.960784E-03	-9.803922E-04	
 -.000018	-1.960784E-03	-9.803922E-04	
 -.0000178	 5.882353E-03	-9.803922E-04	
 -.0000176	 5.882353E-03	 9.803922E-04	
 -.0000174	 5.882353E-03	 9.803922E-04	
 -.0000172	 1.960784E-03	 2.941177E-03	
 -.000017	 5.882353E-03	 9.803922E-04	
 -.0000168	 5.882353E-03	 4.901961E-03	
 -.0000166	 5.882353E-03	-9.803922E-04	
 -.0000164	 9.803922E-03	 2.941177E-03	
 -.0000162	 5.882353E-03	 9.803922E-04	
 -.000016	 5.882353E-03	 9.803922E-04	
 -.0000158	 9.803922E-03	 2.941177E-03	
 -.0000156	-1.960784E-03	 2.941177E-03	
 -.0000154	 1.960784E-03	-9.803922E-04	
 -.0000152	 1.960784E-03	 9.803922E-04	
 -.000015	 5.882353E-03	 9.803922E-04	
 -.0000148	 5.882353E-03	 2.941177E-03	
 -.0000146	 5.882353E-03	 9.803922E-04	
 -.0000144	 5.882353E-03	 2.941177E-03	
 -.0000142	 1.960784E-03	 9.803922E-04	
 -.000014	 5.882353E-03	 9.803922E-04	
 -.0000138	 5.882353E-03	 9.803922E-04	
 -.0000136	 5.882353E-03	-9.803922E-04	
 -.0000134	 5.882353E-03	 9.803922E-04	
 -.0000132	 9.803922E-03	 2.941177E-03	
 -.000013	 9.803922E-03	 9.803922E-04	
 -.0000128	 1.960784E-03	 9.803922E-04	
 -.0000126	 1.372549E-02	 2.941177E-03	
 -.0000124	 5.882353E-03	 2.941177E-03	
 -.0000122	 1.960784E-03	 9.803922E-04	
 -.000012	 1.960784E-03	 9.803922E-04	
 -.0000118	 1.960784E-03	 9.803922E-04	
 -.0000116	 5.882353E-03	-9.803922E-04	
 -.0000114	 9.803922E-03	 2.941177E-03	
 -.0000112	 5.882353E-03	 2.941177E-03	
 -.000011	 1.960784E-03	 4.901961E-03	
 -.0000108	 5.882353E-03	 9.803922E-04	
 -.0000106	-1.960784E-03	-9.803922E-04	
 -.0000104	 5.882353E-03	-9.803922E-04	
 -.0000102	 1.960784E-03	 9.803922E-04	
 -.00001	 5.882353E-03	 2.941177E-03	
 -.0000098	 5.882353E-03	 9.803922E-04	
 -.0000096	 5.882353E-03	 9.803922E-04	
 -.0000094	 5.882353E-03	 9.803922E-04	
 -.0000092	 1.372549E-02	 2.941177E-03	
 -.000009	 5.882353E-03	 2.941177E-03	
 -.0000088	 5.882353E-03	 9.803922E-04	
 -.0000086	 1.960784E-03	-9.803922E-04	
 -.0000084	 1.960784E-03	 9.803922E-04	
 -.0000082	 5.882353E-03	 2.941177E-03	
 -.000008	 1.960784E-03	 2.941177E-03	
 -.0000078	 1.960784E-03	 9.803922E-04	
 -.0000076	 9.803922E-03	 2.941177E-03	
 -.0000074	 5.882353E-03	 2.941177E-03	
 -.0000072	 5.882353E-03	 9.803922E-04	
 -.000007	 1.960784E-03	 2.941177E-03	
 -.0000068	 1.960784E-03	 2.941177E-03	
 -.0000066	 9.803922E-03	 2.941177E-03	
 -.0000064	 9.803922E-03	 4.901961E-03	
 -.0000062	 5.882353E-03	 2.941177E-03	
 -.000006	 9.803922E-03	 4.901961E-03	
 -.0000058	 1.960784E-03	 2.941177E-03	
 -.0000056	 5.882353E-03	-9.803922E-04	
 -.0000054	 1.960784E-03	-9.803922E-04	
 -.0000052	 1.960784E-03	 9.803922E-04	
 -.000005	 5.882353E-03	 9.803922E-04	
 -.0000048	 9.803922E-03	 9.803922E-04	
 -.0000046	 5.882353E-03	 4.901961E-03	
 -.0000044	 5.882353E-03	 2.941177E-03	
 -.0000042	 5.882353E-03	 9.803922E-04	
 -.000004	 5.882353E-03	 2.941177E-03	
 -.0000038	 9.803922E-03	 9.803922E-04	
 -.0000036	 1.960784E-03	 9.803922E-04	
 -.0000034	 1.960784E-03	 2.941177E-03	
 -.0000032	 5.882353E-03	 9.803922E-04	
 -.000003	 1.960784E-03	 9.803922E-04	
 -.0000028	 5.882353E-03	 2.941177E-03	
 -.0000026	 9.803922E-03	 9.803922E-04	
 -.0000024	 5.882353E-03	 9.803922E-04	
 -.0000022	 9.803922E-03	 2.941177E-03	
 -.000002	 5.882353E-03	 9.803922E-04	
 -.0000018	 5.882353E-03	-9.803922E-04	
 -.0000016	 9.803922E-03	 9.803922E-04	
 -.0000014	 9.803922E-03	 9.803922E-04	
 -.0000012	 1.372549E-02	 9.803922E-04	
 -.000001	 9.803922E-03	 9.803922E-04	
 -.0000008	 5.882353E-03	 9.803922E-04	
 -.0000006	 9.803922E-03	 9.803922E-04	
 -.0000004	 5.882353E-03	 2.941177E-03	
 -.0000002	 1.960784E-03	-9.803922E-04	
  0	 9.803922E-03	 9.803922E-04	
  .0000002	 9.803922E-03	 2.941177E-03	
  .0000004	 1.960784E-03	 9.803922E-04	
  .0000006	 5.882353E-03	-9.803922E-04	
  .0000008	 1.960784E-03	 2.941177E-03	
  .000001	 9.803922E-03	 9.803922E-04	
  .0000012	 1.960784E-03	 9.803922E-04	
  .0000014	 1.960784E-03	 9.803922E-04	
  .0000016	 5.882353E-03	-9.803922E-04	
  .0000018	 1.960784E-03	 9.803922E-04	
  .000002	 5.882353E-03	 9.803922E-04	
  .0000022	 1.960784E-03	-9.803922E-04	
  .0000024	 5.882353E-03	 9.803922E-04	
  .0000026	 1.960784E-03	 2.941177E-03	
  .0000028	 5.882353E-03	 2.941177E-03	
  .000003	 1.960784E-03	 2.941177E-03	
  .0000032	 1.960784E-03	-8.82353E-03	
  .0000034	 9.803922E-03	 2.941177E-03	
  .0000036	 1.960784E-03	 2.941177E-03	
  .0000038	 9.803922E-03	 2.941177E-03	
  .000004	 5.882353E-03	 2.941177E-03	
  .0000042	 5.882353E-03	 2.941177E-03	
  .0000044	 8.039216E-02	 8.82353E-03	
  .0000046	 8.431373E-02	 6.862745E-03	
  .0000048	 9.215686E-02	 8.82353E-03	
  .000005	 .1039216	 1.078431E-02	
  .0000052	 .1117647	 .0127451	
  .0000054	 .1196078	 1.666667E-02	
  .0000056	 .1313726	 1.666667E-02	
  .0000058	 .1313726	 1.666667E-02	
  .000006	 .1392157	 1.666667E-02	
  .0000062	 .1509804	 1.470588E-02	
  .0000064	 .1509804	 1.666667E-02	
  .0000066	 .1588235	 2.058824E-02	
  .0000068	 .1666667	 2.058824E-02	
  .000007	 .1784314	 2.058824E-02	
  .0000072	 .1941177	 2.254902E-02	
  .0000074	 .1901961	 2.254902E-02	
  .0000076	 .1941177	 2.254902E-02	
  .0000078	 .2019608	 2.058824E-02	
  .000008	 .2019608	 .0245098	
  .0000082	 .2176471	 2.254902E-02	
  .0000084	 .2176471	 2.647059E-02	
  .0000086	 .2254902	 .0245098	
  .0000088	 .2254902	 .0245098	
  .000009	 .2333333	 .0245098	
  .0000092	 .2372549	 2.647059E-02	
  .0000094	 .245098	 2.058824E-02	
  .0000096	 .2372549	 2.254902E-02	
  .0000098	 .2529412	 2.254902E-02	
  .00001	 .2490196	 2.254902E-02	
  .0000102	 .2607843	 2.254902E-02	
  .0000104	 .2607843	 2.254902E-02	
  .0000106	 .2686275	 .0245098	
  .0000108	 .272549	 2.647059E-02	
  .000011	 .2764706	 2.058824E-02	
  .0000112	 .2764706	 2.254902E-02	
  .0000114	 .2764706	 2.254902E-02	
  .0000116	 .2803922	 2.254902E-02	
  .0000118	 .2843137	 2.254902E-02	
  .000012	 .2921569	 2.254902E-02	
  .0000122	 .2921569	 2.254902E-02	
  .0000124	 .2960784	 2.058824E-02	
  .0000126	 .3	 2.058824E-02	
  .0000128	 .3039216	 .0245098	
  .000013	 .3	 2.058824E-02	
  .0000132	 .3117647	 .0245098	
  .0000134	 .3156863	 2.058824E-02	
  .0000136	 .3156863	 2.254902E-02	
  .0000138	 .3235294	 .0245098	
  .000014	 .3196079	 2.254902E-02	
  .0000142	 .3235294	 1.862745E-02	
  .0000144	 .3235294	 1.666667E-02	
  .0000146	 .3196079	 1.666667E-02	
  .0000148	 .3196079	 1.666667E-02	
  .000015	 .3235294	 1.666667E-02	
  .0000152	 .3235294	 1.666667E-02	
  .0000154	 .3235294	 1.470588E-02	
  .0000156	 .3313726	 1.470588E-02	
  .0000158	 .3313726	 1.470588E-02	
  .000016	 .3313726	 .0127451	
  .0000162	 .327451	 .0127451	
  .0000164	 .3235294	 8.82353E-03	
  .0000166	 .3313726	 8.82353E-03	
  .0000168	 .3352941	 8.82353E-03	
  .000017	 .3313726	 8.82353E-03	
  .0000172	 .3352941	 4.901961E-03	
  .0000174	 .3392157	 2.941177E-03	
  .0000176	 .3313726	 2.941177E-03	
  .0000178	 .3313726	 9.803922E-04	
  .000018	 .3352941	 9.803922E-04	
  .0000182	 .3352941	-9.803922E-04	
  .0000184	 .3352941	-9.803922E-04	
  .0000186	 .3352941	-2.941177E-03	
  .0000188	 .3352941	-2.941177E-03	
  .000019	 .3313726	-6.862745E-03	
  .0000192	 .3313726	-8.82353E-03	
  .0000194	 .3313726	-8.82353E-03	
  .0000196	 .3313726	-1.078431E-02	
  .0000198	 .3352941	-1.666667E-02	
  .00002	 .3352941	-1.470588E-02	
  .0000202	 .327451	-1.666667E-02	
  .0000204	 .3313726	-1.470588E-02	
  .0000206	 .327451	-1.862745E-02	
  .0000208	 .327451	-.0245098	
  .000021	 .3196079	-.0245098	
  .0000212	 .3235294	-2.647059E-02	
  .0000214	 .3235294	-2.647059E-02	
  .0000216	 .3196079	-3.039216E-02	
  .0000218	 .3196079	-3.039216E-02	
  .000022	 .3196079	-3.235294E-02	
  .0000222	 .3156863	-3.431373E-02	
  .0000224	 .3196079	-3.431373E-02	
  .0000226	 .3196079	-.0382353	
  .0000228	 .3117647	-4.019608E-02	
  .000023	 .3117647	-4.411765E-02	
  .0000232	 .3117647	-4.019608E-02	
  .0000234	 .3078431	-4.411765E-02	
  .0000236	 .3078431	-4.411765E-02	
  .0000238	 .3078431	-4.607843E-02	
  .000024	 .3117647	-4.803922E-02	
  .0000242	 .3078431	-5.392157E-02	
  .0000244	 .3	-5.392157E-02	
  .0000246	 .3039216	-5.588235E-02	
  .0000248	 .3039216	-5.588235E-02	
  .000025	 .3	-5.784314E-02	
  .0000252	 .2960784	-5.980392E-02	
  .0000254	 .2960784	-5.980392E-02	
  .0000256	 .3	-6.176471E-02	
  .0000258	 .2921569	-6.960785E-02	
  .000026	 .2843137	-6.960785E-02	
  .0000262	 .2803922	-7.156863E-02	
  .0000264	 .2803922	-6.960785E-02	
  .0000266	 .2843137	-7.156863E-02	
  .0000268	 .2764706	-.0754902	
  .000027	 .2764706	-7.941177E-02	
  .0000272	 .2803922	-8.137255E-02	
  .0000274	 .272549	-8.137255E-02	
  .0000276	 .2647059	-8.529412E-02	
  .0000278	 .2607843	-8.333334E-02	
  .000028	 .2647059	-.0872549	
  .0000282	 .2647059	-8.529412E-02	
  .0000284	 .2647059	-9.117647E-02	
  .0000286	 .2568628	-9.117647E-02	
  .0000288	 .2607843	-9.509804E-02	
  .000029	 .2568628	-9.509804E-02	
  .0000292	 .2490196	-9.901961E-02	
  .0000294	 .2372549	-9.901961E-02	
  .0000296	 .245098	-9.901961E-02	
  .0000298	 .2372549	-.1009804	
  .00003	 .2333333	-.104902	
  .0000302	 .2294118	-.104902	
  .0000304	 .2254902	-.1068627	
  .0000306	 .2215686	-.1088235	
  .0000308	 .2254902	-.1107843	
  .000031	 .2176471	-.1127451	
  .0000312	 .2137255	-.1147059	
  .0000314	 .2098039	-.1186275	
  .0000316	 .2058824	-.1186275	
  .0000318	 .2058824	-.1186275	
  .000032	 .2019608	-.1205882	
  .0000322	 .2019608	-.122549	
  .0000324	 .1941177	-.1264706	
  .0000326	 .1862745	-.1245098	
  .0000328	 .1823529	-.1284314	
  .000033	 .1862745	-.1303922	
  .0000332	 .1784314	-.1323529	
  .0000334	 .1745098	-.1323529	
  .0000336	 .1745098	-.1362745	
  .0000338	 .1666667	-.1362745	
  .000034	 .1588235	-.1382353	
  .0000342	 .154902	-.1421569	
  .0000344	 .1509804	-.1421569	
  .0000346	 .1509804	-.1441177	
  .0000348	 .1431373	-.1421569	
  .000035	 .1431373	-.1441177	
  .0000352	 .1352941	-.1441177	
  .0000354	 .1352941	-.1460784	
  .0000356	 .1313726	-.15	
  .0000358	 .127451	-.1539216	
  .000036	 .1235294	-.1519608	
  .0000362	 .1117647	-.1539216	
  .0000364	 .1196078	-.1558824	
  .0000366	 .1078431	-.1558824	
  .0000368	 .1078431	-.1558824	
  .000037	 .1039216	-.1578431	
  .0000372	 .1	-.1598039	
  .0000374	 .1	-.1656863	
  .0000376	 9.215686E-02	-.1637255	
  .0000378	 8.431373E-02	-.1637255	
  .000038	 .0882353	-.1656863	
  .0000382	 8.039216E-02	-.1656863	
  .0000384	 8.039216E-02	-.1656863	
  .0000386	 7.254902E-02	-.1676471	
  .0000388	 6.470589E-02	-.1715686	
  .000039	 6.470589E-02	-.1735294	
  .0000392	 5.686275E-02	-.1715686	
  .0000394	 5.294118E-02	-.1754902	
  .0000396	 5.294118E-02	-.177451	
  .0000398	 4.901961E-02	-.1754902	
  .00004	 4.117647E-02	-.177451	
  .0000402	 .0372549	-.177451	
  .0000404	 2.941176E-02	-.1813726	
  .0000406	 2.941176E-02	-.1833333	
  .0000408	 1.764706E-02	-.1813726	
  .000041	 1.764706E-02	-.1833333	
  .0000412	 1.372549E-02	-.1852941	
  .0000414	 9.803922E-03	-.1872549	
  .0000416	 1.960784E-03	-.1872549	
  .0000418	-1.960784E-03	-.1872549	
  .000042	-1.960784E-03	-.1911765	
  .0000422	-5.882353E-03	-.1931373	
  .0000424	-1.372549E-02	-.1911765	
  .0000426	-1.764706E-02	-.195098	
  .0000428	-.0254902	-.195098	
  .000043	-.0254902	-.195098	
  .0000432	-3.333334E-02	-.195098	
  .0000434	-3.333334E-02	-.1970588	
  .0000436	-.0372549	-.2009804	
  .0000438	-4.901961E-02	-.2009804	
  .000044	-4.901961E-02	-.2009804	
  .0000442	-6.078431E-02	-.2009804	
  .0000444	-6.078431E-02	-.204902	
  .0000446	-6.470589E-02	-.204902	
  .0000448	-6.862745E-02	-.2068627	
  .000045	-7.254902E-02	-.2068627	
  .0000452	-8.039216E-02	-.2068627	
  .0000454	-8.431373E-02	-.204902	
  .0000456	-.0882353	-.2088235	
  .0000458	-9.215686E-02	-.2088235	
  .000046	-9.607843E-02	-.2088235	
  .0000462	-9.607843E-02	-.2107843	
  .0000464	-.1039216	-.2127451	
  .0000466	-.1078431	-.2127451	
  .0000468	-.1117647	-.2127451	
  .000047	-.1117647	-.2147059	
  .0000472	-.127451	-.2147059	
  .0000474	-.1235294	-.2147059	
  .0000476	-.1313726	-.2127451	
  .0000478	-.1352941	-.2166667	
  .000048	-.1352941	-.2147059	
  .0000482	-.1431373	-.2166667	
  .0000484	-.1470588	-.2166667	
  .0000486	-.1509804	-.2186275	
  .0000488	-.154902	-.2166667	
  .000049	-.1627451	-.2147059	
  .0000492	-.1627451	-.2166667	
  .0000494	-.1627451	-.2147059	
  .0000496	-.1745098	-.2166667	
  .0000498	-.1745098	-.2166667	
  .00005	-.1823529	-.2166667	
  .0000502	-.1823529	-.2166667	
  .0000504	-.1862745	-.2186275	
  .0000506	-.1901961	-.2166667	
  .0000508	-.1941177	-.2186275	
  .000051	-.2019608	-.2147059	
  .0000512	-.1980392	-.2166667	
  .0000514	-.2019608	-.2147059	
  .0000516	-.2058824	-.2147059	
  .0000518	-.2098039	-.2147059	
  .000052	-.2137255	-.2147059	
  .0000522	-.2176471	-.2147059	
  .0000524	-.2215686	-.2147059	
  .0000526	-.2254902	-.2147059	
  .0000528	-.2254902	-.2088235	
  .000053	-.2294118	-.2088235	
  .0000532	-.2333333	-.2107843	
  .0000534	-.2372549	-.2088235	
  .0000536	-.2411765	-.2088235	
  .0000538	-.245098	-.2088235	
  .000054	-.2490196	-.2068627	
  .0000542	-.2529412	-.2088235	
  .0000544	-.2529412	-.2088235	
  .0000546	-.2568628	-.2068627	
  .0000548	-.2607843	-.2088235	
  .000055	-.2647059	-.2068627	
  .0000552	-.2647059	-.2068627	
  .0000554	-.272549	-.2068627	
  .0000556	-.272549	-.2068627	
  .0000558	-.2764706	-.204902	
  .000056	-.2843137	-.204902	
  .0000562	-.2803922	-.204902	
  .0000564	-.2843137	-.2029412	
  .0000566	-.2921569	-.2029412	
  .0000568	-.2882353	-.2029412	
  .000057	-.3	-.2009804	
  .0000572	-.3	-.2068627	
  .0000574	-.3	-.2029412	
  .0000576	-.3078431	-.1990196	
  .0000578	-.3039216	-.2029412	
  .000058	-.3117647	-.1990196	
  .0000582	-.3117647	-.1990196	
  .0000584	-.3156863	-.1970588	
  .0000586	-.3196079	-.1990196	
  .0000588	-.3235294	-.2009804	
  .000059	-.3235294	-.195098	
  .0000592	-.3235294	-.1931373	
  .0000594	-.3235294	-.195098	
  .0000596	-.327451	-.1931373	
  .0000598	-.3313726	-.1892157	
  .00006	-.3313726	-.1892157	
  .0000602	-.3352941	-.1892157	
  .0000604	-.3352941	-.1872549	
  .0000606	-.3352941	-.1892157	
  .0000608	-.3392157	-.1852941	
  .000061	-.3352941	-.1852941	
  .0000612	-.3392157	-.1852941	
  .0000614	-.3392157	-.1813726	
  .0000616	-.3431373	-.1833333	
  .0000618	-.3431373	-.1794118	
  .000062	-.3470588	-.1813726	
  .0000622	-.3470588	-.177451	
  .0000624	-.3431373	-.177451	
  .0000626	-.3470588	-.1754902	
  .0000628	-.354902	-.1735294	
  .000063	-.354902	-.1735294	
  .0000632	-.354902	-.1715686	
  .0000634	-.3588235	-.1715686	
  .0000636	-.3627451	-.1676471	
  .0000638	-.3588235	-.1676471	
  .000064	-.3666667	-.1637255	
  .0000642	-.3588235	-.1637255	
  .0000644	-.3627451	-.1617647	
  .0000646	-.3666667	-.1598039	
  .0000648	-.3627451	-.1637255	
  .000065	-.3627451	-.1558824	
  .0000652	-.3705882	-.1539216	
  .0000654	-.3705882	-.1558824	
  .0000656	-.3705882	-.1519608	
  .0000658	-.3705882	-.1519608	
  .000066	-.3666667	-.15	
  .0000662	-.3666667	-.1460784	
  .0000664	-.3705882	-.1441177	
  .0000666	-.3784314	-.1460784	
  .0000668	-.3705882	-.1441177	
  .000067	-.3745098	-.1421569	
  .0000672	-.3705882	-.1401961	
  .0000674	-.3784314	-.1401961	
  .0000676	-.3745098	-.1382353	
  .0000678	-.3745098	-.1284314	
  .000068	-.3745098	-.1303922	
  .0000682	-.3784314	-.1303922	
  .0000684	-.3745098	-.1303922	
  .0000686	-.3823529	-.1264706	
  .0000688	-.3745098	-.1245098	
  .000069	-.3784314	-.122549	
  .0000692	-.3745098	-.1205882	
  .0000694	-.3745098	-.1166667	
  .0000696	-.3823529	-.1186275	
  .0000698	-.3784314	-.1186275	
  .00007	-.3745098	-.1147059	
  .0000702	-.3784314	-.1147059	
  .0000704	-.3823529	-.1127451	
  .0000706	-.3823529	-.1107843	
  .0000708	-.3784314	-.1088235	
  .000071	-.3705882	-.1068627	
  .0000712	-.3705882	-.1029412	
  .0000714	-.3745098	-.1029412	
  .0000716	-.3784314	-.1029412	
  .0000718	-.3784314	-9.901961E-02	
  .000072	-.3823529	-.1009804	
  .0000722	-.3705882	-9.509804E-02	
  .0000724	-.3745098	-9.313726E-02	
  .0000726	-.3745098	-9.117647E-02	
  .0000728	-.3705882	-8.921569E-02	
  .000073	-.3705882	-8.921569E-02	
  .0000732	-.3666667	-8.921569E-02	
  .0000734	-.3745098	-8.529412E-02	
  .0000736	-.3705882	-8.529412E-02	
  .0000738	-.3705882	-8.137255E-02	
  .000074	-.3666667	-7.941177E-02	
  .0000742	-.3627451	-7.941177E-02	
  .0000744	-.3705882	-7.941177E-02	
  .0000746	-.3627451	-7.352941E-02	
  .0000748	-.3666667	-7.156863E-02	
  .000075	-.3627451	-6.960785E-02	
  .0000752	-.3666667	-7.352941E-02	
  .0000754	-.3666667	-6.764706E-02	
  .0000756	-.3627451	-6.372549E-02	
  .0000758	-.3588235	-6.372549E-02	
  .000076	-.3588235	-6.176471E-02	
  .0000762	-.354902	-6.176471E-02	
  .0000764	-.3588235	-5.588235E-02	
  .0000766	-.3588235	-5.784314E-02	
  .0000768	-.3588235	-5.784314E-02	
  .000077	-.3588235	-5.392157E-02	
  .0000772	-.354902	-5.196078E-02	
  .0000774	-.3509804	-.05	
  .0000776	-.3431373	-4.803922E-02	
  .0000778	-.3470588	-4.607843E-02	
  .000078	-.3509804	-4.411765E-02	
  .0000782	-.3470588	-4.215686E-02	
  .0000784	-.3470588	-.0382353	
  .0000786	-.3470588	-4.019608E-02	
  .0000788	-.3431373	-3.431373E-02	
  .000079	-.3392157	-3.627451E-02	
  .0000792	-.3392157	-3.627451E-02	
  .0000794	-.3352941	-3.039216E-02	
  .0000796	-.3352941	-2.843137E-02	
  .0000798	-.3352941	-2.843137E-02	
  .00008	-.3352941	-2.647059E-02	
  .0000802	-.3313726	-.0245098	
  .0000804	-.3352941	-2.058824E-02	
  .0000806	-.327451	-2.058824E-02	
  .0000808	-.327451	-1.862745E-02	
  .000081	-.3196079	-1.862745E-02	
  .0000812	-.3156863	-.0127451	
  .0000814	-.3156863	-1.078431E-02	
  .0000816	-.3196079	-1.078431E-02	
  .0000818	-.3196079	-8.82353E-03	
  .000082	-.3196079	-8.82353E-03	
  .0000822	-.3117647	-4.901961E-03	
  .0000824	-.3078431	-4.901961E-03	
  .0000826	-.3117647	-9.803922E-04	
  .0000828	-.3039216	-9.803922E-04	
  .000083	-.3039216	 2.941177E-03	
  .0000832	-.3	 6.862745E-03	
  .0000834	-.3039216	 4.901961E-03	
  .0000836	-.3	 2.941177E-03	
  .0000838	-.2960784	 6.862745E-03	
  .000084	-.2882353	 1.078431E-02	
  .0000842	-.2843137	 1.470588E-02	
  .0000844	-.2843137	 .0127451	
  .0000846	-.2843137	 1.666667E-02	
  .0000848	-.2803922	 1.862745E-02	
  .000085	-.2882353	 2.058824E-02	
  .0000852	-.2803922	 1.862745E-02	
  .0000854	-.272549	 2.254902E-02	
  .0000856	-.272549	 2.254902E-02	
  .0000858	-.2647059	 2.843137E-02	
  .000086	-.2647059	 3.039216E-02	
  .0000862	-.2607843	 3.039216E-02	
  .0000864	-.2607843	 3.039216E-02	
  .0000866	-.2568628	 3.431373E-02	
  .0000868	-.2529412	 3.431373E-02	
  .000087	-.2529412	 3.627451E-02	
  .0000872	-.2529412	 3.627451E-02	
  .0000874	-.2490196	 4.019608E-02	
  .0000876	-.245098	 4.411765E-02	
  .0000878	-.2411765	 4.411765E-02	
  .000088	-.2372549	 4.803922E-02	
  .0000882	-.2372549	 4.803922E-02	
  .0000884	-.2372549	 5.196078E-02	
  .0000886	-.2254902	 .05	
  .0000888	-.2254902	 5.196078E-02	
  .000089	-.2176471	 5.392157E-02	
  .0000892	-.2176471	 5.392157E-02	
  .0000894	-.2137255	 5.784314E-02	
  .0000896	-.2098039	 5.784314E-02	
  .0000898	-.2058824	 6.176471E-02	
  .00009	-.2019608	 6.372549E-02	
  .0000902	-.2019608	 6.568628E-02	
  .0000904	-.1980392	 6.568628E-02	
  .0000906	-.1980392	 6.764706E-02	
  .0000908	-.1862745	 6.764706E-02	
  .000091	-.1901961	 6.960785E-02	
  .0000912	-.1823529	 7.156863E-02	
  .0000914	-.1823529	 .0754902	
  .0000916	-.1784314	 .0754902	
  .0000918	-.1784314	 7.352941E-02	
  .000092	-.1745098	 7.745098E-02	
  .0000922	-.1745098	 8.137255E-02	
  .0000924	-.1666667	 8.137255E-02	
  .0000926	-.1588235	 8.333334E-02	
  .0000928	-.1627451	 8.529412E-02	
  .000093	-.1588235	 .0872549	
  .0000932	-.154902	 .0872549	
  .0000934	-.1509804	 .0872549	
  .0000936	-.1470588	 8.921569E-02	
  .0000938	-.1431373	 .0872549	
  .000094	-.1392157	 8.921569E-02	
  .0000942	-.1352941	 9.313726E-02	
  .0000944	-.1352941	 9.509804E-02	
  .0000946	-.1313726	 9.509804E-02	
  .0000948	-.127451	 9.705883E-02	
  .000095	-.127451	 9.901961E-02	
  .0000952	-.1196078	 9.705883E-02	
  .0000954	-.1156863	 9.901961E-02	
  .0000956	-.1156863	 .1009804	
  .0000958	-.1117647	 .1029412	
  .000096	-.1078431	 .1009804	
  .0000962	-.1039216	 .104902	
  .0000964	-.1	 .1068627	
  .0000966	-9.607843E-02	 .104902	
  .0000968	-9.607843E-02	 .1088235	
  .000097	-9.607843E-02	 .1088235	
  .0000972	-.0882353	 .1088235	
  .0000974	-.0882353	 .1107843	
  .0000976	-8.039216E-02	 .1107843	
  .0000978	-8.039216E-02	 .1166667	
  .000098	-7.647059E-02	 .1147059	
  .0000982	-7.254902E-02	 .1147059	
  .0000984	-6.862745E-02	 .1147059	
  .0000986	-6.470589E-02	 .1147059	
  .0000988	-6.078431E-02	 .1147059	
  .000099	-5.294118E-02	 .1166667	
  .0000992	-5.294118E-02	 .1205882	
  .0000994	-5.294118E-02	 .1186275	
  .0000996	-4.901961E-02	 .122549	
  .0000998	-4.509804E-02	 .1245098	
  .0001	-4.117647E-02	 .122549	
  .0001002	-4.117647E-02	 .122549	
  .0001004	-4.117647E-02	 .1245098	
  .0001006	-2.941176E-02	 .122549	
  .0001008	-.0254902	 .1264706	
  .000101	-.0254902	 .1264706	
  .0001012	-2.156863E-02	 .1303922	
  .0001014	-1.764706E-02	 .1303922	
  .0001016	-9.803922E-03	 .1303922	
  .0001018	-9.803922E-03	 .1284314	
  .000102	-9.803922E-03	 .1323529	
  .0001022	-5.882353E-03	 .1303922	
  .0001024	 1.960784E-03	 .1362745	
  .0001026	 1.960784E-03	 .1362745	
  .0001028	 9.803922E-03	 .1362745	
  .000103	 9.803922E-03	 .1343137	
  .0001032	 9.803922E-03	 .1343137	
  .0001034	 1.764706E-02	 .1362745	
  .0001036	 1.764706E-02	 .1343137	
  .0001038	 2.156863E-02	 .1362745	
  .000104	 2.941176E-02	 .1362745	
  .0001042	 3.333334E-02	 .1401961	
  .0001044	 3.333334E-02	 .1401961	
  .0001046	 4.117647E-02	 .1401961	
  .0001048	 .0372549	 .1401961	
  .000105	 4.901961E-02	 .1421569	
  .0001052	 4.117647E-02	 .1401961	
  .0001054	 4.509804E-02	 .1421569	
  .0001056	 5.294118E-02	 .1421569	
  .0001058	 5.686275E-02	 .1421569	
  .000106	 5.294118E-02	 .1441177	
  .0001062	 6.862745E-02	 .1421569	
  .0001064	 6.470589E-02	 .1441177	
  .0001066	 6.862745E-02	 .1421569	
  .0001068	 7.254902E-02	 .1421569	
  .000107	 7.254902E-02	 .1441177	
  .0001072	 7.647059E-02	 .1421569	
  .0001074	 8.039216E-02	 .1460784	
  .0001076	 .0882353	 .1460784	
  .0001078	 .0882353	 .1441177	
  .000108	 9.215686E-02	 .1460784	
  .0001082	 9.607843E-02	 .1460784	
  .0001084	 .1	 .1441177	
  .0001086	 .1	 .1441177	
  .0001088	 .1039216	 .1441177	
  .000109	 .1078431	 .1460784	
  .0001092	 .1117647	 .1441177	
  .0001094	 .1078431	 .1441177	
  .0001096	 .1156863	 .1480392	
  .0001098	 .1156863	 .1460784	
  .00011	 .1196078	 .1421569	
  .0001102	 .1235294	 .1441177	
  .0001104	 .1196078	 .1421569	
  .0001106	 .127451	 .1421569	
  .0001108	 .1313726	 .1421569	
  .000111	 .1352941	 .1421569	
  .0001112	 .1352941	 .1421569	
  .0001114	 .1392157	 .1421569	
  .0001116	 .1431373	 .1441177	
  .0001118	 .1392157	 .1441177	
  .000112	 .1431373	 .1441177	
  .0001122	 .1509804	 .1441177	
  .0001124	 .1509804	 .1441177	
  .0001126	 .1509804	 .1421569	
  .0001128	 .1588235	 .1441177	
  .000113	 .1588235	 .1421569	
  .0001132	 .1627451	 .1421569	
  .0001134	 .1666667	 .1382353	
  .0001136	 .1627451	 .1401961	
  .0001138	 .1705882	 .1401961	
  .000114	 .1666667	 .1401961	
  .0001142	 .1705882	 .1401961	
  .0001144	 .1745098	 .1382353	
  .0001146	 .1745098	 .1382353	
  .0001148	 .1862745	 .1401961	
  .000115	 .1784314	 .1382353	
  .0001152	 .1823529	 .1382353	
  .0001154	 .1823529	 .1362745	
  .0001156	 .1901961	 .1362745	
  .0001158	 .1901961	 .1362745	
  .000116	 .1941177	 .1382353	
  .0001162	 .1980392	 .1362745	
  .0001164	 .1941177	 .1362745	
  .0001166	 .2019608	 .1362745	
  .0001168	 .1980392	 .1343137	
  .000117	 .1980392	 .1343137	
  .0001172	 .2019608	 .1323529	
  .0001174	 .2058824	 .1343137	
  .0001176	 .2098039	 .1343137	
  .0001178	 .2098039	 .1323529	
  .000118	 .2137255	 .1303922	
  .0001182	 .2137255	 .1284314	
  .0001184	 .2176471	 .1303922	
  .0001186	 .2137255	 .1264706	
  .0001188	 .2215686	 .1284314	
  .000119	 .2215686	 .1284314	
  .0001192	 .2215686	 .1264706	
  .0001194	 .2215686	 .1264706	
  .0001196	 .2254902	 .1264706	
  .0001198	 .2254902	 .1264706	
  .00012	 .2294118	 .1245098	
  .0001202	 .2294118	 .122549	
  .0001204	 .2294118	 .1205882	
  .0001206	 .2294118	 .1186275	
  .0001208	 .2333333	 .1186275	
  .000121	 .2333333	 .1186275	
  .0001212	 .2333333	 .122549	
  .0001214	 .2372549	 .122549	
  .0001216	 .2411765	 .1147059	
  .0001218	 .2411765	 .1166667	
  .000122	 .245098	 .1147059	
  .0001222	 .2411765	 .1147059	
  .0001224	 .245098	 .1147059	
  .0001226	 .2529412	 .1147059	
  .0001228	 .245098	 .1127451	
  .000123	 .2490196	 .1127451	
  .0001232	 .2490196	 .1088235	
  .0001234	 .245098	 .1088235	
  .0001236	 .2490196	 .104902	
  .0001238	 .2529412	 .1068627	
  .000124	 .2568628	 .104902	
  .0001242	 .2490196	 .104902	
  .0001244	 .2568628	 .1029412	
  .0001246	 .2529412	 .1009804	
  .0001248	 .2529412	 .1009804	
  .000125	 .2529412	 9.901961E-02	
  .0001252	 .2529412	 9.705883E-02	
  .0001254	 .2607843	 9.901961E-02	
  .0001256	 .2568628	 .1009804	
  .0001258	 .2607843	 9.313726E-02	
  .000126	 .2647059	 9.509804E-02	
  .0001262	 .2607843	 9.313726E-02	
  .0001264	 .2607843	 9.117647E-02	
  .0001266	 .2607843	 .0872549	
  .0001268	 .2607843	 .0872549	
  .000127	 .2647059	 8.529412E-02	
  .0001272	 .2647059	 8.921569E-02	
  .0001274	 .2686275	 .0872549	
  .0001276	 .2607843	 8.529412E-02	
  .0001278	 .2607843	 8.333334E-02	
  .000128	 .2686275	 8.333334E-02	
  .0001282	 .2529412	 8.137255E-02	
  .0001284	 .2647059	 7.941177E-02	
  .0001286	 .2607843	 7.745098E-02	
  .0001288	 .2568628	 7.745098E-02	
  .000129	 .2568628	 7.352941E-02	
  .0001292	 .2529412	 7.352941E-02	
  .0001294	 .2607843	 .0754902	
  .0001296	 .2568628	 .0754902	
  .0001298	 .2607843	 6.960785E-02	
  .00013	 .2568628	 6.764706E-02	
  .0001302	 .2529412	 6.764706E-02	
  .0001304	 .2568628	 6.764706E-02	
  .0001306	 .2568628	 6.568628E-02	
  .0001308	 .2568628	 6.568628E-02	
  .000131	 .2568628	 6.372549E-02	
  .0001312	 .2568628	 5.980392E-02	
  .0001314	 .2607843	 5.784314E-02	
  .0001316	 .2568628	 5.784314E-02	
  .0001318	 .2529412	 5.588235E-02	
  .000132	 .2568628	 5.588235E-02	
  .0001322	 .2568628	 5.588235E-02	
  .0001324	 .2490196	 5.196078E-02	
  .0001326	 .2529412	 5.392157E-02	
  .0001328	 .2490196	 5.392157E-02	
  .000133	 .2568628	 4.803922E-02	
  .0001332	 .2490196	 4.411765E-02	
  .0001334	 .2490196	 4.607843E-02	
  .0001336	 .2490196	 4.215686E-02	
  .0001338	 .2490196	 4.215686E-02	
  .000134	 .2490196	 4.215686E-02	
  .0001342	 .245098	 .0382353	
  .0001344	 .2490196	 3.627451E-02	
  .0001346	 .245098	 3.627451E-02	
  .0001348	 .2490196	 3.431373E-02	
  .000135	 .2490196	 3.627451E-02	
  .0001352	 .2411765	 3.235294E-02	
  .0001354	 .245098	 3.235294E-02	
  .0001356	 .245098	 3.039216E-02	
  .0001358	 .245098	 3.235294E-02	
  .000136	 .245098	 .0245098	
  .0001362	 .2411765	 .0245098	
  .0001364	 .2411765	 2.647059E-02	
  .0001366	 .2333333	 2.647059E-02	
  .0001368	 .2372549	 2.058824E-02	
  .000137	 .2372549	 2.058824E-02	
  .0001372	 .2372549	 2.058824E-02	
  .0001374	 .2372549	 2.058824E-02	
  .0001376	 .2333333	 1.862745E-02	
  .0001378	 .2333333	 1.666667E-02	
  .000138	 .2372549	 1.470588E-02	
  .0001382	 .2294118	 .0127451	
  .0001384	 .2294118	 8.82353E-03	
  .0001386	 .2294118	 8.82353E-03	
  .0001388	 .2254902	 6.862745E-03	
  .000139	 .2215686	 6.862745E-03	
  .0001392	 .2176471	 6.862745E-03	
  .0001394	 .2176471	 4.901961E-03	
  .0001396	 .2176471	 2.941177E-03	
  .0001398	 .2176471	 9.803922E-04	
  .00014	 .2176471	-9.803922E-04	
  .0001402	 .2176471	-9.803922E-04	
  .0001404	 .2098039	-4.901961E-03	
  .0001406	 .2137255	-4.901961E-03	
  .0001408	 .2098039	-4.901961E-03	
  .000141	 .2098039	-6.862745E-03	
  .0001412	 .2058824	-6.862745E-03	
  .0001414	 .2058824	-1.078431E-02	
  .0001416	 .2019608	-6.862745E-03	
  .0001418	 .2019608	-.0127451	
  .000142	 .2019608	-1.078431E-02	
  .0001422	 .2019608	-1.470588E-02	
  .0001424	 .2019608	-1.470588E-02	
  .0001426	 .1941177	-1.470588E-02	
  .0001428	 .1941177	-1.470588E-02	
  .000143	 .1901961	-2.058824E-02	
  .0001432	 .1901961	-2.254902E-02	
  .0001434	 .1901961	-2.254902E-02	
  .0001436	 .1901961	-.0245098	
  .0001438	 .1862745	-.0245098	
  .000144	 .1823529	-.0245098	
  .0001442	 .1823529	-2.647059E-02	
  .0001444	 .1745098	-2.647059E-02	
  .0001446	 .1784314	-3.039216E-02	
  .0001448	 .1745098	-3.235294E-02	
  .000145	 .1745098	-3.235294E-02	
  .0001452	 .1705882	-3.431373E-02	
  .0001454	 .1705882	-3.431373E-02	
  .0001456	 .1666667	-.0382353	
  .0001458	 .1705882	-3.627451E-02	
  .000146	 .1666667	-.0382353	
  .0001462	 .1627451	-4.019608E-02	
  .0001464	 .154902	-4.215686E-02	
  .0001466	 .1588235	-4.215686E-02	
  .0001468	 .154902	-4.411765E-02	
  .000147	 .154902	-4.411765E-02	
  .0001472	 .1509804	-4.803922E-02	
  .0001474	 .1470588	-4.607843E-02	
  .0001476	 .1470588	-4.803922E-02	
  .0001478	 .1431373	-.05	
  .000148	 .1431373	-.05	
  .0001482	 .1352941	-5.392157E-02	
  .0001484	 .1392157	-5.392157E-02	
  .0001486	 .1352941	-5.196078E-02	
  .0001488	 .1313726	-5.392157E-02	
  .000149	 .127451	-5.980392E-02	
  .0001492	 .1313726	-5.588235E-02	
  .0001494	 .127451	-5.980392E-02	
  .0001496	 .127451	-6.176471E-02	
  .0001498	 .1156863	-5.980392E-02	
  .00015	 .1117647	-6.176471E-02	
  .0001502	 .1117647	-6.372549E-02	
  .0001504	 .1156863	-6.372549E-02	
  .0001506	 .1078431	-6.372549E-02	
  .0001508	 .1078431	-6.764706E-02	
  .000151	 .1078431	-6.372549E-02	
  .0001512	 .1039216	-6.764706E-02	
  .0001514	 .1	-6.764706E-02	
  .0001516	 9.607843E-02	-6.764706E-02	
  .0001518	 .1	-6.960785E-02	
  .000152	 9.215686E-02	-7.156863E-02	
  .0001522	 9.215686E-02	-7.156863E-02	
  .0001524	 .0882353	-7.156863E-02	
  .0001526	 8.039216E-02	-7.352941E-02	
  .0001528	 7.647059E-02	-.0754902	
  .000153	 7.647059E-02	-.0754902	
  .0001532	 7.254902E-02	-7.745098E-02	
  .0001534	 6.862745E-02	-7.745098E-02	
  .0001536	 6.862745E-02	-7.941177E-02	
  .0001538	 6.470589E-02	-7.745098E-02	
  .000154	 6.470589E-02	-7.941177E-02	
  .0001542	 6.862745E-02	-7.745098E-02	
  .0001544	 5.686275E-02	-8.333334E-02	
  .0001546	 6.078431E-02	-8.333334E-02	
  .0001548	 5.294118E-02	-8.137255E-02	
  .000155	 4.901961E-02	-8.333334E-02	
  .0001552	 4.509804E-02	-8.529412E-02	
  .0001554	 5.294118E-02	-8.333334E-02	
  .0001556	 4.509804E-02	-8.529412E-02	
  .0001558	 4.901961E-02	-8.529412E-02	
  .000156	 4.117647E-02	-8.529412E-02	
  .0001562	 .0372549	-9.117647E-02	
  .0001564	 .0372549	-8.529412E-02	
  .0001566	 2.941176E-02	-8.921569E-02	
  .0001568	 2.941176E-02	-9.117647E-02	
  .000157	 2.941176E-02	-8.921569E-02	
  .0001572	 2.941176E-02	-8.921569E-02	
  .0001574	 2.156863E-02	-9.117647E-02	
  .0001576	 1.764706E-02	-9.313726E-02	
  .0001578	 2.156863E-02	-9.509804E-02	
  .000158	 9.803922E-03	-9.313726E-02	
  .0001582	 9.803922E-03	-9.901961E-02	
  .0001584	 1.372549E-02	-9.509804E-02	
  .0001586	 9.803922E-03	-9.705883E-02	
  .0001588	 5.882353E-03	-9.509804E-02	
  .000159	 1.960784E-03	-9.509804E-02	
  .0001592	-1.960784E-03	-9.509804E-02	
  .0001594	 1.960784E-03	-.1009804	
  .0001596	-5.882353E-03	-9.901961E-02	
  .0001598	-1.372549E-02	-9.901961E-02	
  .00016	-9.803922E-03	-.1009804	
  .0001602	-1.372549E-02	-.1029412	
  .0001604	-1.764706E-02	-.1009804	
  .0001606	-1.764706E-02	-.1029412	
  .0001608	-2.156863E-02	-.1029412	
  .000161	-2.156863E-02	-.1029412	
  .0001612	-2.156863E-02	-9.901961E-02	
  .0001614	-.0254902	-.1009804	
  .0001616	-3.333334E-02	-.104902	
  .0001618	-2.941176E-02	-.1029412	
  .000162	-.0372549	-.1009804	
  .0001622	-3.333334E-02	-.104902	
  .0001624	-.0372549	-.1029412	
  .0001626	-4.117647E-02	-.104902	
  .0001628	-4.509804E-02	-.1088235	
  .000163	-4.901961E-02	-.104902	
  .0001632	-5.294118E-02	-.1088235	
  .0001634	-4.901961E-02	-.1068627	
  .0001636	-5.294118E-02	-.1029412	
  .0001638	-6.078431E-02	-.1068627	
  .000164	-5.686275E-02	-.104902	
  .0001642	-6.078431E-02	-.1029412	
  .0001644	-6.470589E-02	-.1088235	
  .0001646	-6.470589E-02	-.104902	
  .0001648	-6.862745E-02	-.1068627	
  .000165	-6.470589E-02	-.104902	
  .0001652	-6.862745E-02	-.104902	
  .0001654	-7.254902E-02	-.1029412	
  .0001656	-7.254902E-02	-.104902	
  .0001658	-7.647059E-02	-.1068627	
  .000166	-8.039216E-02	-.1068627	
  .0001662	-8.039216E-02	-.1068627	
  .0001664	-8.431373E-02	-.104902	
  .0001666	-8.431373E-02	-.1068627	
  .0001668	-.0882353	-.104902	
  .000167	-9.215686E-02	-.104902	
  .0001672	-9.215686E-02	-.1068627	
  .0001674	-9.215686E-02	-.1068627	
  .0001676	-.1	-.1068627	
  .0001678	-.1039216	-.104902	
  .000168	-.1039216	-.1068627	
  .0001682	-.1039216	-.1068627	
  .0001684	-.1078431	-.1029412	
  .0001686	-.1078431	-.104902	
  .0001688	-.1078431	-.1068627	
  .000169	-.1078431	-.104902	
  .0001692	-.1156863	-.104902	
  .0001694	-.1156863	-.1068627	
  .0001696	-.1196078	-.1029412	
  .0001698	-.1235294	-.104902	
  .00017	-.1156863	-.104902	
  .0001702	-.1235294	-.104902	
  .0001704	-.1235294	-.1029412	
  .0001706	-.1235294	-.104902	
  .0001708	-.1235294	-.1029412	
  .000171	-.1313726	-.104902	
  .0001712	-.1352941	-.1029412	
  .0001714	-.1392157	-.104902	
  .0001716	-.1313726	-.1009804	
  .0001718	-.1352941	-.1009804	
  .000172	-.1392157	-.1009804	
  .0001722	-.1392157	-9.901961E-02	
  .0001724	-.1470588	-.1009804	
  .0001726	-.1431373	-.1029412	
  .0001728	-.1470588	-9.901961E-02	
  .000173	-.1509804	-9.901961E-02	
  .0001732	-.1509804	-.1009804	
  .0001734	-.1509804	-9.901961E-02	
  .0001736	-.154902	-9.705883E-02	
  .0001738	-.154902	-9.705883E-02	
  .000174	-.1509804	-9.705883E-02	
  .0001742	-.1588235	-9.705883E-02	
  .0001744	-.1588235	-9.509804E-02	
  .0001746	-.1588235	-9.509804E-02	
  .0001748	-.1627451	-9.705883E-02	
  .000175	-.1588235	-9.509804E-02	
  .0001752	-.1627451	-9.509804E-02	
  .0001754	-.1627451	-9.313726E-02	
  .0001756	-.1627451	-9.509804E-02	
  .0001758	-.1705882	-9.313726E-02	
  .000176	-.1705882	-9.705883E-02	
  .0001762	-.1666667	-9.313726E-02	
  .0001764	-.1705882	-9.313726E-02	
  .0001766	-.1705882	-8.921569E-02	
  .0001768	-.1705882	-8.921569E-02	
  .000177	-.1745098	-8.921569E-02	
  .0001772	-.1745098	-8.921569E-02	
  .0001774	-.1784314	-8.921569E-02	
  .0001776	-.1745098	-9.117647E-02	
  .0001778	-.1823529	-8.529412E-02	
  .000178	-.1823529	-.0872549	
  .0001782	-.1784314	-.0872549	
  .0001784	-.1823529	-8.333334E-02	
  .0001786	-.1823529	-8.137255E-02	
  .0001788	-.1784314	-8.333334E-02	
  .000179	-.1901961	-8.333334E-02	
  .0001792	-.1862745	-8.333334E-02	
  .0001794	-.1862745	-8.137255E-02	
  .0001796	-.1901961	-8.333334E-02	
  .0001798	-.1901961	-8.137255E-02	
  .00018	-.1901961	-7.941177E-02	
  .0001802	-.1901961	-.0754902	
  .0001804	-.1901961	-7.941177E-02	
  .0001806	-.1901961	-7.745098E-02	
  .0001808	-.1941177	-.0754902	
  .000181	-.1941177	-.0754902	
  .0001812	-.1901961	-7.352941E-02	
  .0001814	-.1980392	-.0754902	
  .0001816	-.1941177	-7.156863E-02	
  .0001818	-.1941177	-7.352941E-02	
  .000182	-.1901961	-6.960785E-02	
  .0001822	-.1901961	-6.764706E-02	
  .0001824	-.1980392	-7.156863E-02	
  .0001826	-.1941177	-7.156863E-02	
  .0001828	-.1980392	-6.960785E-02	
  .000183	-.1980392	-6.764706E-02	
  .0001832	-.1941177	-6.764706E-02	
  .0001834	-.1980392	-6.568628E-02	
  .0001836	-.1980392	-6.176471E-02	
  .0001838	-.1980392	-6.372549E-02	
  .000184	-.1980392	-6.176471E-02	
  .0001842	-.1941177	-6.176471E-02	
  .0001844	-.2019608	-6.176471E-02	
  .0001846	-.1941177	-5.980392E-02	
  .0001848	-.1941177	-5.784314E-02	
  .000185	-.1941177	-5.784314E-02	
  .0001852	-.1980392	-5.588235E-02	
  .0001854	-.1980392	-5.784314E-02	
  .0001856	-.2019608	-5.392157E-02	
  .0001858	-.1980392	-5.392157E-02	
  .000186	-.1980392	-5.392157E-02	
  .0001862	-.2019608	-5.392157E-02	
  .0001864	-.1980392	-5.392157E-02	
  .0001866	-.1980392	-.05	
  .0001868	-.1980392	-.05	
  .000187	-.1980392	-.05	
  .0001872	-.2019608	-4.803922E-02	
  .0001874	-.2058824	-4.607843E-02	
  .0001876	-.1941177	-4.607843E-02	
  .0001878	-.1980392	-4.411765E-02	
  .000188	-.1941177	-4.411765E-02	
  .0001882	-.1941177	-4.019608E-02	
  .0001884	-.1941177	-4.215686E-02	
  .0001886	-.1941177	-4.019608E-02	
  .0001888	-.1980392	-4.019608E-02	
  .000189	-.1980392	-.0382353	
  .0001892	-.1901961	-.0382353	
  .0001894	-.1980392	-.0382353	
  .0001896	-.1980392	-3.627451E-02	
  .0001898	-.1941177	-.0382353	
  .00019	-.1862745	-3.431373E-02	
  .0001902	-.1901961	-3.235294E-02	
  .0001904	-.1901961	-3.235294E-02	
  .0001906	-.1941177	-3.039216E-02	
  .0001908	-.1941177	-3.039216E-02	
  .000191	-.1901961	-2.843137E-02	
  .0001912	-.1901961	-2.843137E-02	
  .0001914	-.1862745	-.0245098	
  .0001916	-.1901961	-2.647059E-02	
  .0001918	-.1901961	-.0245098	
  .000192	-.1862745	-2.254902E-02	
  .0001922	-.1862745	-1.862745E-02	
  .0001924	-.1862745	-2.058824E-02	
  .0001926	-.1862745	-2.058824E-02	
  .0001928	-.1862745	-2.058824E-02	
  .000193	-.1823529	-1.862745E-02	
  .0001932	-.1823529	-1.470588E-02	
  .0001934	-.1823529	-.0127451	
  .0001936	-.1823529	-1.470588E-02	
  .0001938	-.1823529	-.0127451	
  .000194	-.1823529	-.0127451	
  .0001942	-.1784314	-1.078431E-02	
  .0001944	-.1784314	-8.82353E-03	
  .0001946	-.1784314	-8.82353E-03	
  .0001948	-.1705882	-6.862745E-03	
  .000195	-.1745098	-6.862745E-03	
  .0001952	-.1784314	-2.941177E-03	
  .0001954	-.1705882	-2.941177E-03	
  .0001956	-.1784314	-2.941177E-03	
  .0001958	-.1705882	-2.941177E-03	
  .000196	-.1705882	-2.941177E-03	
  .0001962	-.1705882	-9.803922E-04	
  .0001964	-.1627451	-9.803922E-04	
  .0001966	-.1666667	 2.941177E-03	
  .0001968	-.1627451	 2.941177E-03	
  .000197	-.1627451	 4.901961E-03	
  .0001972	-.1627451	 2.941177E-03	
  .0001974	-.1627451	 6.862745E-03	
  .0001976	-.1588235	 8.82353E-03	
  .0001978	-.1627451	 6.862745E-03	
  .000198	-.154902	 8.82353E-03	
  .0001982	-.154902	 1.078431E-02	
  .0001984	-.154902	 1.078431E-02	
  .0001986	-.1509804	 .0127451	
  .0001988	-.1509804	 1.470588E-02	
  .000199	-.1509804	 .0127451	
  .0001992	-.1509804	 1.666667E-02	
  .0001994	-.154902	 1.470588E-02	
  .0001996	-.1509804	 1.470588E-02	
  .0001998	-.1470588	 1.470588E-02	
  .0002	-.1470588	 1.862745E-02	
  .0002002	-.1470588	 2.058824E-02	
  .0002004	-.1431373	 2.058824E-02	
  .0002006	-.1392157	 .0245098	
  .0002008	-.1431373	 2.058824E-02	
  .000201	-.1392157	 2.647059E-02	
  .0002012	-.1352941	 .0245098	
  .0002014	-.1392157	 2.647059E-02	
  .0002016	-.1313726	 2.843137E-02	
  .0002018	-.1313726	 2.843137E-02	
  .000202	-.127451	 3.039216E-02	
  .0002022	-.1313726	 3.235294E-02	
  .0002024	-.1313726	 2.843137E-02	
  .0002026	-.127451	 2.843137E-02	
  .0002028	-.1235294	 3.235294E-02	
  .000203	-.1196078	 3.431373E-02	
  .0002032	-.1196078	 3.431373E-02	
  .0002034	-.1196078	 3.627451E-02	
  .0002036	-.1156863	 .0382353	
  .0002038	-.1196078	 3.627451E-02	
  .000204	-.1117647	 3.627451E-02	
  .0002042	-.1117647	 .0382353	
  .0002044	-.1117647	 .0382353	
  .0002046	-.1039216	 4.019608E-02	
  .0002048	-.1078431	 4.215686E-02	
  .000205	-.1078431	 4.215686E-02	
  .0002052	-.1	 4.411765E-02	
  .0002054	-.1	 4.411765E-02	
  .0002056	-.1	 4.411765E-02	
  .0002058	-.1	 4.411765E-02	
  .000206	-9.607843E-02	 4.607843E-02	
  .0002062	-9.607843E-02	 4.607843E-02	
  .0002064	-9.215686E-02	 4.803922E-02	
  .0002066	-9.215686E-02	 4.803922E-02	
  .0002068	-.0882353	 5.196078E-02	
  .000207	-.0882353	 .05	
  .0002072	-.0882353	 5.392157E-02	
  .0002074	-8.039216E-02	 5.196078E-02	
  .0002076	-8.431373E-02	 5.196078E-02	
  .0002078	-8.039216E-02	 5.392157E-02	
  .000208	-7.647059E-02	 5.392157E-02	
  .0002082	-7.254902E-02	 5.392157E-02	
  .0002084	-7.647059E-02	 5.392157E-02	
  .0002086	-6.862745E-02	 5.784314E-02	
  .0002088	-7.254902E-02	 5.784314E-02	
  .000209	-6.862745E-02	 5.784314E-02	
  .0002092	-6.470589E-02	 5.784314E-02	
  .0002094	-6.862745E-02	 5.588235E-02	
  .0002096	-6.078431E-02	 5.980392E-02	
  .0002098	-5.686275E-02	 5.980392E-02	
  .00021	-6.078431E-02	 6.176471E-02	
  .0002102	-5.686275E-02	 6.176471E-02	
  .0002104	-4.901961E-02	 6.372549E-02	
  .0002106	-5.294118E-02	 6.176471E-02	
  .0002108	-5.294118E-02	 6.764706E-02	
  .000211	-5.294118E-02	 5.980392E-02	
  .0002112	-4.901961E-02	 6.568628E-02	
  .0002114	-4.117647E-02	 6.568628E-02	
  .0002116	-4.509804E-02	 6.764706E-02	
  .0002118	-4.117647E-02	 7.156863E-02	
  .000212	-4.509804E-02	 7.156863E-02	
  .0002122	-4.509804E-02	 6.764706E-02	
  .0002124	-.0372549	 6.960785E-02	
  .0002126	-3.333334E-02	 6.764706E-02	
  .0002128	-3.333334E-02	 6.764706E-02	
  .000213	-2.941176E-02	 6.960785E-02	
  .0002132	-2.941176E-02	 6.960785E-02	
  .0002134	-.0254902	 7.156863E-02	
  .0002136	-.0254902	 7.156863E-02	
  .0002138	-.0254902	 7.352941E-02	
  .000214	-2.156863E-02	 6.764706E-02	
  .0002142	-2.156863E-02	 7.352941E-02	
  .0002144	-2.156863E-02	 7.352941E-02	
  .0002146	-1.372549E-02	 .0754902	
  .0002148	-9.803922E-03	 7.156863E-02	
  .000215	-9.803922E-03	 .0754902	
  .0002152	-1.960784E-03	 7.156863E-02	
  .0002154	-1.960784E-03	 7.352941E-02	
  .0002156	-1.960784E-03	 7.941177E-02	
  .0002158	-1.960784E-03	 .0754902	
  .000216	 1.960784E-03	 7.352941E-02	
  .0002162	 5.882353E-03	 7.745098E-02	
  .0002164	 5.882353E-03	 7.745098E-02	
  .0002166	 5.882353E-03	 7.745098E-02	
  .0002168	 9.803922E-03	 .0754902	
  .000217	 9.803922E-03	 7.745098E-02	
  .0002172	 1.764706E-02	 7.941177E-02	
  .0002174	 1.764706E-02	 7.941177E-02	
  .0002176	 1.764706E-02	 7.745098E-02	
  .0002178	 2.156863E-02	 7.745098E-02	
  .000218	 .0254902	 7.941177E-02	
  .0002182	 2.156863E-02	 7.941177E-02	
  .0002184	 .0254902	 7.745098E-02	
  .0002186	 2.156863E-02	 8.137255E-02	
  .0002188	 3.333334E-02	 7.941177E-02	
  .000219	 .0254902	 7.941177E-02	
  .0002192	 2.941176E-02	 7.745098E-02	
  .0002194	 3.333334E-02	 7.941177E-02	
  .0002196	 3.333334E-02	 7.941177E-02	
  .0002198	 .0372549	 8.137255E-02	
  .00022	 .0372549	 8.137255E-02	
  .0002202	 4.117647E-02	 8.333334E-02	
  .0002204	 4.117647E-02	 8.333334E-02	
  .0002206	 4.901961E-02	 8.333334E-02	
  .0002208	 4.901961E-02	 8.137255E-02	
  .000221	 4.509804E-02	 7.941177E-02	
  .0002212	 4.901961E-02	 8.137255E-02	
  .0002214	 5.294118E-02	 8.333334E-02	
  .0002216	 6.078431E-02	 8.333334E-02	
  .0002218	 5.686275E-02	 8.333334E-02	
  .000222	 5.686275E-02	 8.333334E-02	
  .0002222	 5.686275E-02	 8.137255E-02	
  .0002224	 5.686275E-02	 8.333334E-02	
  .0002226	 5.686275E-02	 8.137255E-02	
  .0002228	 6.470589E-02	 8.333334E-02	
  .000223	 6.470589E-02	 8.137255E-02	
  .0002232	 6.470589E-02	 8.529412E-02	
  .0002234	 7.254902E-02	 8.529412E-02	
  .0002236	 6.862745E-02	 8.333334E-02	
  .0002238	 7.254902E-02	 8.333334E-02	
  .000224	 7.254902E-02	 8.137255E-02	
  .0002242	 7.647059E-02	 8.137255E-02	
  .0002244	 7.647059E-02	 8.333334E-02	
  .0002246	 7.647059E-02	 .0872549	
  .0002248	 7.647059E-02	 8.137255E-02	
  .000225	 8.431373E-02	 8.137255E-02	
  .0002252	 .0882353	 8.333334E-02	
  .0002254	 8.431373E-02	 8.529412E-02	
  .0002256	 8.431373E-02	 8.137255E-02	
  .0002258	 8.431373E-02	 7.941177E-02	
  .000226	 .0882353	 7.941177E-02	
  .0002262	 9.215686E-02	 8.333334E-02	
  .0002264	 9.607843E-02	 8.137255E-02	
  .0002266	 9.607843E-02	 8.529412E-02	
  .0002268	 9.607843E-02	 8.137255E-02	
  .000227	 .1	 8.529412E-02	
  .0002272	 .1	 7.941177E-02	
  .0002274	 .1	 8.137255E-02	
  .0002276	 .1039216	 8.137255E-02	
  .0002278	 .1039216	 8.333334E-02	
  .000228	 .1039216	 8.137255E-02	
  .0002282	 .1039216	 8.137255E-02	
  .0002284	 .1117647	 8.333334E-02	
  .0002286	 .1039216	 8.333334E-02	
  .0002288	 .1156863	 7.941177E-02	
  .000229	 .1078431	 7.941177E-02	
  .0002292	 .1117647	 7.941177E-02	
  .0002294	 .1117647	 7.941177E-02	
  .0002296	 .1156863	 8.137255E-02	
  .0002298	 .1156863	 7.941177E-02	
  .00023	 .1196078	 7.941177E-02	
  .0002302	 .1235294	 8.137255E-02	
  .0002304	 .1235294	 8.137255E-02	
  .0002306	 .1196078	 7.941177E-02	
  .0002308	 .1235294	 7.745098E-02	
  .000231	 .1235294	 8.137255E-02	
  .0002312	 .1235294	 7.941177E-02	
  .0002314	 .127451	 7.941177E-02	
  .0002316	 .1313726	 8.137255E-02	
  .0002318	 .1235294	 7.941177E-02	
  .000232	 .127451	 7.745098E-02	
  .0002322	 .1313726	 .0754902	
  .0002324	 .1235294	 7.352941E-02	
  .0002326	 .1313726	 7.156863E-02	
  .0002328	 .127451	 .0754902	
  .000233	 .127451	 .0754902	
  .0002332	 .1313726	 7.352941E-02	
  .0002334	 .1313726	 7.352941E-02	
  .0002336	 .1392157	 .0754902	
  .0002338	 .1431373	 7.352941E-02	
  .000234	 .1352941	 7.352941E-02	
  .0002342	 .1352941	 7.156863E-02	
  .0002344	 .1352941	 7.156863E-02	
  .0002346	 .1392157	 7.156863E-02	
  .0002348	 .1392157	 6.960785E-02	
  .000235	 .1431373	 7.156863E-02	
  .0002352	 .1431373	 6.764706E-02	
  .0002354	 .1470588	 7.156863E-02	
  .0002356	 .1392157	 6.960785E-02	
  .0002358	 .1392157	 6.568628E-02	
  .000236	 .1431373	 6.764706E-02	
  .0002362	 .1431373	 6.764706E-02	
  .0002364	 .1431373	 6.568628E-02	
  .0002366	 .1470588	 6.764706E-02	
  .0002368	 .1470588	 6.764706E-02	
  .000237	 .1470588	 6.372549E-02	
  .0002372	 .1470588	 6.372549E-02	
  .0002374	 .1470588	 6.176471E-02	
  .0002376	 .1509804	 6.176471E-02	
  .0002378	 .1509804	 6.372549E-02	
  .000238	 .1470588	 5.980392E-02	
  .0002382	 .1509804	 6.176471E-02	
  .0002384	 .1509804	 6.176471E-02	
  .0002386	 .1509804	 5.980392E-02	
  .0002388	 .1470588	 5.784314E-02	
  .000239	 .1431373	 5.980392E-02	
  .0002392	 .1509804	 5.588235E-02	
  .0002394	 .1509804	 5.588235E-02	
  .0002396	 .154902	 5.588235E-02	
  .0002398	 .1470588	 5.588235E-02	
  .00024	 .154902	 5.588235E-02	
  .0002402	 .154902	 5.588235E-02	
  .0002404	 .1509804	 5.392157E-02	
  .0002406	 .1509804	 5.588235E-02	
  .0002408	 .154902	 5.392157E-02	
  .000241	 .154902	 5.392157E-02	
  .0002412	 .1588235	 5.196078E-02	
  .0002414	 .1588235	 5.392157E-02	
  .0002416	 .1588235	 .05	
  .0002418	 .154902	 5.392157E-02	
  .000242	 .154902	 4.803922E-02	
  .0002422	 .1509804	 4.607843E-02	
  .0002424	 .1509804	 4.803922E-02	
  .0002426	 .1588235	 4.803922E-02	
  .0002428	 .1588235	 4.607843E-02	
  .000243	 .154902	 4.803922E-02	
  .0002432	 .1588235	 4.607843E-02	
  .0002434	 .154902	 4.411765E-02	
  .0002436	 .1588235	 4.215686E-02	
  .0002438	 .154902	 4.215686E-02	
  .000244	 .154902	 .0382353	
  .0002442	 .1588235	 4.019608E-02	
  .0002444	 .1588235	 4.411765E-02	
  .0002446	 .154902	 .0382353	
  .0002448	 .1627451	 4.215686E-02	
  .000245	 .1588235	 3.627451E-02	
  .0002452	 .154902	 .0382353	
  .0002454	 .154902	 3.627451E-02	
  .0002456	 .1509804	 3.235294E-02	
  .0002458	 .1588235	 3.431373E-02	
  .000246	 .154902	 3.431373E-02	
  .0002462	 .1588235	 3.431373E-02	
  .0002464	 .1588235	 3.627451E-02	
  .0002466	 .1588235	 2.843137E-02	
  .0002468	 .154902	 3.235294E-02	
  .000247	 .154902	 2.843137E-02	
  .0002472	 .1470588	 2.843137E-02	
  .0002474	 .1588235	 2.647059E-02	
  .0002476	 .1509804	 2.843137E-02	
  .0002478	 .154902	 2.843137E-02	
  .000248	 .1509804	 .0245098	
  .0002482	 .154902	 2.647059E-02	
  .0002484	 .1509804	 .0245098	
  .0002486	 .1509804	 .0245098	
  .0002488	 .1431373	 2.058824E-02	
  .000249	 .1470588	 2.058824E-02	
  .0002492	 .1470588	 2.058824E-02	
  .0002494	 .1470588	 1.862745E-02	
  .0002496	 .1509804	 2.058824E-02	
  .0002498	 .1470588	 2.058824E-02	
  .00025	 .1509804	 1.862745E-02	
  .0002502	 .1470588	 1.666667E-02	
  .0002504	 .1431373	 1.862745E-02	
  .0002506	 .1431373	 1.666667E-02	
  .0002508	 .1431373	 1.470588E-02	
  .000251	 .1431373	 1.666667E-02	
  .0002512	 .1431373	 1.470588E-02	
  .0002514	 .1431373	 1.470588E-02	
  .0002516	 .1431373	 .0127451	
  .0002518	 .1431373	 1.078431E-02	
  .000252	 .1392157	 8.82353E-03	
  .0002522	 .1352941	 8.82353E-03	
  .0002524	 .1352941	 6.862745E-03	
  .0002526	 .1392157	 8.82353E-03	
  .0002528	 .1392157	 6.862745E-03	
  .000253	 .1352941	 6.862745E-03	
  .0002532	 .1352941	 4.901961E-03	
  .0002534	 .1392157	 4.901961E-03	
  .0002536	 .1352941	 2.941177E-03	
  .0002538	 .1313726	 4.901961E-03	
  .000254	 .127451	 2.941177E-03	
  .0002542	 .1313726	 9.803922E-04	
  .0002544	 .1313726	 9.803922E-04	
  .0002546	 .1352941	 9.803922E-04	
  .0002548	 .1352941	-9.803922E-04	
  .000255	 .127451	-2.941177E-03	
  .0002552	 .1313726	-2.941177E-03	
  .0002554	 .127451	-2.941177E-03	
  .0002556	 .1235294	-4.901961E-03	
  .0002558	 .127451	-4.901961E-03	
  .000256	 .127451	-6.862745E-03	
  .0002562	 .127451	-4.901961E-03	
  .0002564	 .127451	-6.862745E-03	
  .0002566	 .1235294	-6.862745E-03	
  .0002568	 .1235294	-6.862745E-03	
  .000257	 .1196078	-8.82353E-03	
  .0002572	 .1156863	-1.078431E-02	
  .0002574	 .1235294	-.0127451	
  .0002576	 .1156863	-1.078431E-02	
  .0002578	 .1117647	-1.078431E-02	
  .000258	 .1117647	-1.078431E-02	
  .0002582	 .1156863	-.0127451	
  .0002584	 .1117647	-1.666667E-02	
  .0002586	 .1039216	-1.470588E-02	
  .0002588	 .1078431	-1.470588E-02	
  .000259	 .1078431	-1.666667E-02	
  .0002592	 .1078431	-1.666667E-02	
  .0002594	 .1039216	-1.666667E-02	
  .0002596	 .1	-1.862745E-02	
  .0002598	 .1	-2.058824E-02	
  .00026	 .1	-1.862745E-02	
  .0002602	 .1039216	-2.058824E-02	
  .0002604	 .1	-2.058824E-02	
  .0002606	 9.607843E-02	-2.254902E-02	
  .0002608	 9.607843E-02	-2.254902E-02	
  .000261	 9.607843E-02	-2.254902E-02	
  .0002612	 9.607843E-02	-2.254902E-02	
  .0002614	 .1	-2.058824E-02	
  .0002616	 9.607843E-02	-.0245098	
  .0002618	 .0882353	-2.843137E-02	
  .000262	 .0882353	-2.647059E-02	
  .0002622	 8.431373E-02	-2.647059E-02	
  .0002624	 8.431373E-02	-2.843137E-02	
  .0002626	 8.431373E-02	-2.843137E-02	
  .0002628	 8.431373E-02	-2.843137E-02	
  .000263	 8.431373E-02	-2.843137E-02	
  .0002632	 8.431373E-02	-3.039216E-02	
  .0002634	 8.431373E-02	-3.431373E-02	
  .0002636	 8.039216E-02	-3.235294E-02	
  .0002638	 7.647059E-02	-3.235294E-02	
  .000264	 8.039216E-02	-3.235294E-02	
  .0002642	 7.254902E-02	-3.235294E-02	
  .0002644	 7.254902E-02	-3.235294E-02	
  .0002646	 8.039216E-02	-3.431373E-02	
  .0002648	 7.254902E-02	-3.627451E-02	
  .000265	 6.862745E-02	-3.627451E-02	
  .0002652	 6.470589E-02	-.0382353	
  .0002654	 6.470589E-02	-.0382353	
  .0002656	 6.862745E-02	-.0382353	
  .0002658	 6.470589E-02	-3.627451E-02	
  .000266	 6.470589E-02	-.0382353	
  .0002662	 6.470589E-02	-4.019608E-02	
  .0002664	 6.078431E-02	-4.019608E-02	
  .0002666	 5.686275E-02	-.0382353	
  .0002668	 5.686275E-02	-4.411765E-02	
  .000267	 5.686275E-02	-4.215686E-02	
  .0002672	 5.294118E-02	-4.215686E-02	
  .0002674	 5.294118E-02	-4.215686E-02	
  .0002676	 4.901961E-02	-4.411765E-02	
  .0002678	 4.509804E-02	-4.411765E-02	
  .000268	 4.901961E-02	-4.215686E-02	
  .0002682	 4.901961E-02	-4.411765E-02	
  .0002684	 4.509804E-02	-4.607843E-02	
  .0002686	 4.117647E-02	-4.803922E-02	
  .0002688	 .0372549	-4.607843E-02	
  .000269	 4.117647E-02	-4.607843E-02	
  .0002692	 .0372549	-4.607843E-02	
  .0002694	 .0372549	-4.607843E-02	
  .0002696	 3.333334E-02	-4.607843E-02	
  .0002698	 .0372549	-4.803922E-02	
  .00027	 3.333334E-02	-.05	
  .0002702	 .0254902	-4.803922E-02	
  .0002704	 .0254902	-4.803922E-02	
  .0002706	 2.941176E-02	-5.196078E-02	
  .0002708	 .0254902	-.05	
  .000271	 .0254902	-.05	
  .0002712	 .0254902	-.05	
  .0002714	 1.764706E-02	-.05	
  .0002716	 1.764706E-02	-.05	
  .0002718	 1.764706E-02	-5.196078E-02	
  .000272	 1.764706E-02	-5.392157E-02	
  .0002722	 1.764706E-02	-5.392157E-02	
  .0002724	 9.803922E-03	-5.196078E-02	
  .0002726	 1.372549E-02	-5.196078E-02	
  .0002728	 1.372549E-02	-5.196078E-02	
  .000273	 1.372549E-02	-5.392157E-02	
  .0002732	 9.803922E-03	-5.392157E-02	
  .0002734	 1.372549E-02	-5.588235E-02	
  .0002736	 1.960784E-03	-5.392157E-02	
  .0002738	 5.882353E-03	-5.588235E-02	
  .000274	 1.960784E-03	-5.588235E-02	
  .0002742	 1.960784E-03	-5.784314E-02	
  .0002744	 1.960784E-03	-5.784314E-02	
  .0002746	 5.882353E-03	-5.588235E-02	
  .0002748	-1.960784E-03	-5.588235E-02	
  .000275	-1.960784E-03	-5.588235E-02	
  .0002752	-1.960784E-03	-5.588235E-02	
  .0002754	-5.882353E-03	-5.784314E-02	
  .0002756	-5.882353E-03	-5.784314E-02	
  .0002758	-9.803922E-03	-5.784314E-02	
  .000276	-9.803922E-03	-5.392157E-02	
  .0002762	-9.803922E-03	-5.784314E-02	
  .0002764	-1.764706E-02	-5.980392E-02	
  .0002766	-9.803922E-03	-5.980392E-02	
  .0002768	-1.764706E-02	-5.980392E-02	
  .000277	-1.764706E-02	-5.980392E-02	
  .0002772	-1.372549E-02	-6.176471E-02	
  .0002774	-1.764706E-02	-5.784314E-02	
  .0002776	-2.156863E-02	-5.588235E-02	
  .0002778	-.0254902	-5.980392E-02	
  .000278	-.0254902	-5.784314E-02	
  .0002782	-.0254902	-6.176471E-02	
  .0002784	-.0254902	-5.980392E-02	
  .0002786	-3.333334E-02	-5.980392E-02	
  .0002788	-2.941176E-02	-5.980392E-02	
  .000279	-3.333334E-02	-6.176471E-02	
  .0002792	-3.333334E-02	-5.980392E-02	
  .0002794	-3.333334E-02	-6.176471E-02	
  .0002796	-3.333334E-02	-6.176471E-02	
  .0002798	-3.333334E-02	-5.980392E-02	
  .00028	-3.333334E-02	-6.176471E-02	
  .0002802	-.0372549	-5.980392E-02	
  .0002804	-4.117647E-02	-6.176471E-02	
  .0002806	-4.117647E-02	-6.176471E-02	
  .0002808	-4.509804E-02	-5.980392E-02	
  .000281	-4.117647E-02	-5.980392E-02	
  .0002812	-4.509804E-02	-5.588235E-02	
  .0002814	-4.901961E-02	-5.980392E-02	
  .0002816	-4.901961E-02	-6.372549E-02	
  .0002818	-4.901961E-02	-5.980392E-02	
  .000282	-4.901961E-02	-6.176471E-02	
  .0002822	-4.901961E-02	-5.980392E-02	
  .0002824	-4.901961E-02	-5.784314E-02	
  .0002826	-5.294118E-02	-5.980392E-02	
  .0002828	-5.686275E-02	-5.784314E-02	
  .000283	-5.686275E-02	-5.980392E-02	
  .0002832	-5.686275E-02	-6.176471E-02	
  .0002834	-5.686275E-02	-6.176471E-02	
  .0002836	-6.078431E-02	-6.176471E-02	
  .0002838	-5.686275E-02	-5.784314E-02	
  .000284	-6.078431E-02	-5.784314E-02	
  .0002842	-6.470589E-02	-5.784314E-02	
  .0002844	-6.078431E-02	-5.784314E-02	
  .0002846	-6.078431E-02	-5.980392E-02	
  .0002848	-6.862745E-02	-5.980392E-02	
  .000285	-6.470589E-02	-5.980392E-02	
  .0002852	-6.862745E-02	-6.176471E-02	
  .0002854	-6.862745E-02	-6.372549E-02	
  .0002856	-6.862745E-02	-5.784314E-02	
  .0002858	-7.254902E-02	-5.980392E-02	
  .000286	-7.254902E-02	-5.784314E-02	
  .0002862	-7.254902E-02	-5.980392E-02	
  .0002864	-7.647059E-02	-5.784314E-02	
  .0002866	-7.647059E-02	-5.784314E-02	
  .0002868	-8.039216E-02	-5.588235E-02	
  .000287	-7.254902E-02	-5.588235E-02	
  .0002872	-7.647059E-02	-5.784314E-02	
  .0002874	-8.039216E-02	-5.588235E-02	
  .0002876	-8.039216E-02	-5.784314E-02	
  .0002878	-8.039216E-02	-5.392157E-02	
  .000288	-8.039216E-02	-5.392157E-02	
  .0002882	-8.431373E-02	-5.588235E-02	
  .0002884	-8.431373E-02	-5.392157E-02	
  .0002886	-.0882353	-5.588235E-02	
  .0002888	-8.431373E-02	-5.784314E-02	
  .000289	-8.431373E-02	-5.784314E-02	
  .0002892	-8.431373E-02	-5.196078E-02	
  .0002894	-.0882353	-5.588235E-02	
  .0002896	-.0882353	-5.392157E-02	
  .0002898	-9.215686E-02	-5.392157E-02	
  .00029	-9.607843E-02	-5.196078E-02	
  .0002902	-9.215686E-02	-5.196078E-02	
  .0002904	-.0882353	-5.196078E-02	
  .0002906	-9.215686E-02	-5.196078E-02	
  .0002908	-9.215686E-02	-5.196078E-02	
  .000291	-9.215686E-02	-.05	
  .0002912	-9.607843E-02	-.05	
  .0002914	-9.607843E-02	-.05	
  .0002916	-9.607843E-02	-.05	
  .0002918	-.1	-5.196078E-02	
  .000292	-.1	-.05	
  .0002922	-.1	-.05	
  .0002924	-9.607843E-02	-.05	
  .0002926	-.1	-4.803922E-02	
  .0002928	-.1	-4.607843E-02	
  .000293	-.1039216	-4.803922E-02	
  .0002932	-.1	-4.803922E-02	
  .0002934	-.1039216	-4.803922E-02	
  .0002936	-.1078431	-4.607843E-02	
  .0002938	-.1039216	-4.607843E-02	
  .000294	-.1039216	-4.607843E-02	
  .0002942	-.1	-4.411765E-02	
  .0002944	-.1039216	-4.607843E-02	
  .0002946	-.1039216	-4.607843E-02	
  .0002948	-.1039216	-4.607843E-02	
  .000295	-.1039216	-4.215686E-02	
  .0002952	-.1039216	-4.411765E-02	
  .0002954	-.1	-4.607843E-02	
  .0002956	-.1039216	-4.215686E-02	
  .0002958	-.1039216	-4.215686E-02	
  .000296	-.1078431	-4.019608E-02	
  .0002962	-.1078431	-4.215686E-02	
  .0002964	-.1078431	-4.215686E-02	
  .0002966	-.1078431	-4.215686E-02	
  .0002968	-.1078431	-4.019608E-02	
  .000297	-.1	-4.019608E-02	
  .0002972	-.1078431	-4.019608E-02	
  .0002974	-.1078431	-.0382353	
  .0002976	-.1078431	-.0382353	
  .0002978	-.1117647	-3.627451E-02	
  .000298	-.1117647	-3.627451E-02	
  .0002982	-.1117647	-.0382353	
  .0002984	-.1156863	-3.627451E-02	
  .0002986	-.1078431	-3.431373E-02	
  .0002988	-.1078431	-3.627451E-02	
  .000299	-.1078431	-3.431373E-02	
  .0002992	-.1156863	-3.431373E-02	
  .0002994	-.1078431	-3.431373E-02	
  .0002996	-.1117647	-3.039216E-02	
  .0002998	-.1156863	-3.235294E-02	
  .0003	-.1117647	-3.039216E-02	
  .0003002	-.1117647	-3.235294E-02	
  .0003004	-.1078431	-3.235294E-02	
  .0003006	-.1078431	-2.843137E-02	
  .0003008	-.1078431	-2.843137E-02	
  .000301	-.1078431	-2.647059E-02	
  .0003012	-.1117647	-2.843137E-02	
  .0003014	-.1117647	-2.843137E-02	
  .0003016	-.1117647	-2.843137E-02	
  .0003018	-.1117647	-2.647059E-02	
  .000302	-.1078431	-.0245098	
  .0003022	-.1117647	-.0245098	
  .0003024	-.1117647	-.0245098	
  .0003026	-.1117647	-2.647059E-02	
  .0003028	-.1117647	-2.254902E-02	
  .000303	-.1117647	-.0245098	
  .0003032	-.1117647	-.0245098	
  .0003034	-.1156863	-2.254902E-02	
  .0003036	-.1078431	-2.058824E-02	
  .0003038	-.1117647	-1.862745E-02	
  .000304	-.1078431	-2.058824E-02	
  .0003042	-.1078431	-1.862745E-02	
  .0003044	-.1078431	-1.862745E-02	
  .0003046	-.1156863	-2.058824E-02	
  .0003048	-.1078431	-1.862745E-02	
  .000305	-.1117647	-2.058824E-02	
  .0003052	-.1117647	-1.862745E-02	
  .0003054	-.1078431	-1.470588E-02	
  .0003056	-.1039216	-1.470588E-02	
  .0003058	-.1078431	-1.470588E-02	
  .000306	-.1039216	-1.666667E-02	
  .0003062	-.1117647	-1.470588E-02	
  .0003064	-.1039216	-1.470588E-02	
  .0003066	-.1078431	-1.078431E-02	
  .0003068	-.1039216	-.0127451	
  .000307	-.1078431	-1.078431E-02	
  .0003072	-.1039216	-.0127451	
  .0003074	-.1078431	-.0127451	
  .0003076	-.1039216	-8.82353E-03	
  .0003078	-.1039216	-8.82353E-03	
  .000308	-.1039216	-8.82353E-03	
  .0003082	-.1039216	-1.078431E-02	
  .0003084	-.1078431	-8.82353E-03	
  .0003086	-.1	-6.862745E-03	
  .0003088	-.1039216	-4.901961E-03	
  .000309	-.1	-2.941177E-03	
  .0003092	-.1	-4.901961E-03	
  .0003094	-9.607843E-02	-4.901961E-03	
  .0003096	-.1	-6.862745E-03	
  .0003098	-.1	-2.941177E-03	
  .00031	-.1	-2.941177E-03	
  .0003102	-9.215686E-02	-2.941177E-03	
  .0003104	-9.607843E-02	 9.803922E-04	
  .0003106	-9.607843E-02	 9.803922E-04	
  .0003108	-9.607843E-02	 2.941177E-03	
  .000311	-.1	 2.941177E-03	
  .0003112	-9.607843E-02	 9.803922E-04	
  .0003114	-9.607843E-02	 9.803922E-04	
  .0003116	-.0882353	-9.803922E-04	
  .0003118	-.0882353	 2.941177E-03	
  .000312	-.0882353	 9.803922E-04	
  .0003122	-9.215686E-02	 2.941177E-03	
  .0003124	-.0882353	 2.941177E-03	
  .0003126	-8.431373E-02	 2.941177E-03	
  .0003128	-.0882353	 4.901961E-03	
  .000313	-8.431373E-02	 2.941177E-03	
  .0003132	-8.431373E-02	 6.862745E-03	
  .0003134	-.0882353	 4.901961E-03	
  .0003136	-8.431373E-02	 6.862745E-03	
  .0003138	-.0882353	 6.862745E-03	
  .000314	-8.039216E-02	 1.078431E-02	
  .0003142	-8.039216E-02	 8.82353E-03	
  .0003144	-8.431373E-02	 1.078431E-02	
  .0003146	-8.039216E-02	 .0127451	
  .0003148	-8.039216E-02	 .0127451	
  .000315	-8.039216E-02	 8.82353E-03	
  .0003152	-7.647059E-02	 .0127451	
  .0003154	-8.039216E-02	 .0127451	
  .0003156	-7.254902E-02	 .0127451	
  .0003158	-7.647059E-02	 .0127451	
  .000316	-7.647059E-02	 1.666667E-02	
  .0003162	-7.254902E-02	 1.470588E-02	
  .0003164	-7.254902E-02	 1.666667E-02	
  .0003166	-7.254902E-02	 1.470588E-02	
  .0003168	-6.862745E-02	 1.470588E-02	
  .000317	-6.862745E-02	 1.666667E-02	
  .0003172	-7.254902E-02	 1.666667E-02	
  .0003174	-6.862745E-02	 2.058824E-02	
  .0003176	-6.862745E-02	 2.058824E-02	
  .0003178	-6.862745E-02	 1.862745E-02	
  .000318	-6.862745E-02	 1.862745E-02	
  .0003182	-6.470589E-02	 2.058824E-02	
  .0003184	-6.078431E-02	 1.862745E-02	
  .0003186	-6.470589E-02	 2.058824E-02	
  .0003188	-6.078431E-02	 2.254902E-02	
  .000319	-6.470589E-02	 2.058824E-02	
  .0003192	-5.686275E-02	 2.254902E-02	
  .0003194	-5.686275E-02	 .0245098	
  .0003196	-6.078431E-02	 .0245098	
  .0003198	-5.686275E-02	 .0245098	
  .00032	-5.686275E-02	 2.254902E-02	
  .0003202	-5.294118E-02	 2.647059E-02	
  .0003204	-5.294118E-02	 2.647059E-02	
  .0003206	-5.294118E-02	 2.647059E-02	
  .0003208	-4.901961E-02	 2.843137E-02	
  .000321	-5.294118E-02	 3.039216E-02	
  .0003212	-5.294118E-02	 2.647059E-02	
  .0003214	-4.901961E-02	 2.843137E-02	
  .0003216	-4.901961E-02	 3.039216E-02	
  .0003218	-4.509804E-02	 2.843137E-02	
  .000322	-4.117647E-02	 3.039216E-02	
  .0003222	-4.509804E-02	 3.235294E-02	
  .0003224	-4.117647E-02	 3.235294E-02	
  .0003226	-4.509804E-02	 3.039216E-02	
  .0003228	-4.117647E-02	 2.843137E-02	
  .000323	-4.117647E-02	 3.039216E-02	
  .0003232	-4.117647E-02	 3.235294E-02	
  .0003234	-.0372549	 3.431373E-02	
  .0003236	-.0372549	 3.431373E-02	
  .0003238	-.0372549	 3.431373E-02	
  .000324	-3.333334E-02	 3.431373E-02	
  .0003242	-3.333334E-02	 3.235294E-02	
  .0003244	-.0372549	 3.235294E-02	
  .0003246	-3.333334E-02	 3.235294E-02	
  .0003248	-2.941176E-02	 3.431373E-02	
  .000325	-.0254902	 3.235294E-02	
  .0003252	-.0254902	 .0382353	
  .0003254	-.0254902	 3.431373E-02	
  .0003256	-.0254902	 .0382353	
  .0003258	-2.156863E-02	 .0382353	
  .000326	-.0254902	 3.627451E-02	
  .0003262	-2.156863E-02	 3.627451E-02	
  .0003264	-1.764706E-02	 3.627451E-02	
  .0003266	-2.156863E-02	 .0382353	
  .0003268	-1.764706E-02	 3.627451E-02	
  .000327	-2.156863E-02	 .0382353	
  .0003272	-1.764706E-02	 4.019608E-02	
  .0003274	-9.803922E-03	 4.215686E-02	
  .0003276	-1.764706E-02	 4.411765E-02	
  .0003278	-1.372549E-02	 4.019608E-02	
  .000328	-1.372549E-02	 4.019608E-02	
  .0003282	-1.764706E-02	 4.215686E-02	
  .0003284	-9.803922E-03	 4.019608E-02	
  .0003286	-9.803922E-03	 4.019608E-02	
  .0003288	-5.882353E-03	 4.215686E-02	
  .000329	-9.803922E-03	 4.215686E-02	
  .0003292	-5.882353E-03	 4.215686E-02	
  .0003294	-5.882353E-03	 4.019608E-02	
  .0003296	-1.960784E-03	 4.411765E-02	
  .0003298	-5.882353E-03	 4.215686E-02	
  .00033	 1.960784E-03	 4.607843E-02	
  .0003302	-1.960784E-03	 4.607843E-02	
  .0003304	 1.960784E-03	 4.607843E-02	
  .0003306	 5.882353E-03	 4.607843E-02	
  .0003308	-1.960784E-03	 4.411765E-02	
  .000331	-1.960784E-03	 4.215686E-02	
  .0003312	 5.882353E-03	 4.215686E-02	
  .0003314	 5.882353E-03	 4.607843E-02	
  .0003316	 9.803922E-03	 4.411765E-02	
  .0003318	 5.882353E-03	 4.215686E-02	
  .000332	 9.803922E-03	 4.607843E-02	
  .0003322	 9.803922E-03	 4.607843E-02	
  .0003324	 1.372549E-02	 4.803922E-02	
  .0003326	 9.803922E-03	 4.607843E-02	
  .0003328	 1.764706E-02	 4.411765E-02	
  .000333	 1.372549E-02	 4.607843E-02	
  .0003332	 1.372549E-02	 4.411765E-02	
  .0003334	 1.764706E-02	 4.803922E-02	
  .0003336	 1.764706E-02	 4.803922E-02	
  .0003338	 1.764706E-02	 4.803922E-02	
  .000334	 .0254902	 4.607843E-02	
  .0003342	 1.764706E-02	 4.803922E-02	
  .0003344	 .0254902	 4.803922E-02	
  .0003346	 2.156863E-02	 4.607843E-02	
  .0003348	 .0254902	 4.607843E-02	
  .000335	 .0254902	 4.607843E-02	
  .0003352	 .0254902	 4.803922E-02	
  .0003354	 2.941176E-02	 4.803922E-02	
  .0003356	 2.941176E-02	 4.803922E-02	
  .0003358	 2.941176E-02	 4.803922E-02	
  .000336	 3.333334E-02	 4.803922E-02	
  .0003362	 3.333334E-02	 4.803922E-02	
  .0003364	 2.941176E-02	 4.411765E-02	
  .0003366	 4.117647E-02	 4.803922E-02	
  .0003368	 3.333334E-02	 4.803922E-02	
  .000337	 3.333334E-02	 .05	
  .0003372	 .0372549	 4.803922E-02	
  .0003374	 .0372549	 .05	
  .0003376	 4.117647E-02	 4.803922E-02	
  .0003378	 .0372549	 4.607843E-02	
  .000338	 3.333334E-02	 .05	
  .0003382	 .0372549	 4.803922E-02	
  .0003384	 4.117647E-02	 4.803922E-02	
  .0003386	 4.509804E-02	 .05	
  .0003388	 .0372549	 .05	
  .000339	 4.901961E-02	 .05	
  .0003392	 4.117647E-02	 5.196078E-02	
  .0003394	 4.509804E-02	 4.803922E-02	
  .0003396	 4.901961E-02	 .05	
  .0003398	 4.509804E-02	 4.803922E-02	
  .00034	 5.294118E-02	 .05	
  .0003402	 5.294118E-02	 4.803922E-02	
  .0003404	 5.686275E-02	 .05	
  .0003406	 5.686275E-02	 5.196078E-02	
  .0003408	 5.686275E-02	 5.196078E-02	
  .000341	 5.686275E-02	 4.803922E-02	
  .0003412	 4.901961E-02	 4.607843E-02	
  .0003414	 5.294118E-02	 4.607843E-02	
  .0003416	 5.686275E-02	 .05	
  .0003418	 5.686275E-02	 4.803922E-02	
  .000342	 5.686275E-02	 4.803922E-02	
  .0003422	 6.078431E-02	 .05	
  .0003424	 5.686275E-02	 4.803922E-02	
  .0003426	 6.078431E-02	 4.803922E-02	
  .0003428	 6.470589E-02	 4.803922E-02	
  .000343	 5.686275E-02	 4.607843E-02	
  .0003432	 6.470589E-02	 4.803922E-02	
  .0003434	 6.470589E-02	 4.803922E-02	
  .0003436	 6.078431E-02	 4.803922E-02	
  .0003438	 6.862745E-02	 4.803922E-02	
  .000344	 6.470589E-02	 4.803922E-02	
  .0003442	 6.470589E-02	 4.803922E-02	
  .0003444	 6.470589E-02	 4.411765E-02	
  .0003446	 6.470589E-02	 4.411765E-02	
  .0003448	 6.862745E-02	 4.411765E-02	
  .000345	 6.862745E-02	 4.607843E-02	
  .0003452	 7.647059E-02	 4.607843E-02	
  .0003454	 6.862745E-02	 4.607843E-02	
  .0003456	 7.254902E-02	 4.607843E-02	
  .0003458	 7.254902E-02	 4.803922E-02	
  .000346	 6.862745E-02	 4.215686E-02	
  .0003462	 7.254902E-02	 4.215686E-02	
  .0003464	 7.254902E-02	 4.411765E-02	
  .0003466	 6.862745E-02	 4.411765E-02	
  .0003468	 7.647059E-02	 4.215686E-02	
  .000347	 7.647059E-02	 4.215686E-02	
  .0003472	 7.647059E-02	 4.411765E-02	
  .0003474	 7.254902E-02	 4.215686E-02	
  .0003476	 7.647059E-02	 .0382353	
  .0003478	 7.647059E-02	 4.215686E-02	
  .000348	 6.862745E-02	 4.019608E-02	
  .0003482	 7.647059E-02	 4.019608E-02	
  .0003484	 7.647059E-02	 4.215686E-02	
  .0003486	 7.647059E-02	 4.019608E-02	
  .0003488	 8.039216E-02	 4.019608E-02	
  .000349	 8.039216E-02	 4.215686E-02	
  .0003492	 7.647059E-02	 4.019608E-02	
  .0003494	 7.647059E-02	 4.019608E-02	
  .0003496	 8.039216E-02	 4.215686E-02	
  .0003498	 8.431373E-02	 4.215686E-02	
  .00035	 8.431373E-02	 .0382353	
  .0003502	 8.039216E-02	 4.019608E-02	
  .0003504	 8.431373E-02	 4.215686E-02	
  .0003506	 8.039216E-02	 .0382353	
  .0003508	 8.039216E-02	 4.019608E-02	
  .000351	 8.431373E-02	 .0382353	
  .0003512	 8.039216E-02	 3.627451E-02	
  .0003514	 .0882353	 .0382353	
  .0003516	 8.431373E-02	 3.431373E-02	
  .0003518	 8.431373E-02	 .0382353	
  .000352	 8.431373E-02	 3.627451E-02	
  .0003522	 .0882353	 3.627451E-02	
  .0003524	 8.431373E-02	 3.627451E-02	
  .0003526	 .0882353	 3.627451E-02	
  .0003528	 8.431373E-02	 3.627451E-02	
  .000353	 .0882353	 3.431373E-02	
  .0003532	 .0882353	 .0382353	
  .0003534	 .0882353	 3.627451E-02	
  .0003536	 .0882353	 3.627451E-02	
  .0003538	 9.215686E-02	 3.235294E-02	
  .000354	 .0882353	 3.431373E-02	
  .0003542	 .0882353	 3.431373E-02	
  .0003544	 9.215686E-02	 3.235294E-02	
  .0003546	 .0882353	 3.039216E-02	
  .0003548	 .0882353	 3.235294E-02	
  .000355	 9.215686E-02	 3.235294E-02	
  .0003552	 9.215686E-02	 3.431373E-02	
  .0003554	 9.215686E-02	 3.039216E-02	
  .0003556	 9.607843E-02	 3.039216E-02	
  .0003558	 9.215686E-02	 3.039216E-02	
  .000356	 .0882353	 3.039216E-02	
  .0003562	 .0882353	 2.843137E-02	
  .0003564	 9.607843E-02	 2.647059E-02	
  .0003566	 9.215686E-02	 2.843137E-02	
  .0003568	 .0882353	 2.843137E-02	
  .000357	 .0882353	 2.647059E-02	
  .0003572	 9.215686E-02	 2.843137E-02	
  .0003574	 .0882353	 2.647059E-02	
  .0003576	 .0882353	 .0245098	
  .0003578	 8.431373E-02	 2.647059E-02	
  .000358	 .0882353	 .0245098	
  .0003582	 .0882353	 2.254902E-02	
  .0003584	 9.215686E-02	 .0245098	
  .0003586	 9.215686E-02	 2.254902E-02	
  .0003588	 9.215686E-02	 .0245098	
  .000359	 9.215686E-02	 .0245098	
  .0003592	 .0882353	 .0245098	
  .0003594	 .0882353	 .0245098	
  .0003596	 .0882353	 2.058824E-02	
  .0003598	 9.607843E-02	 2.254902E-02	
  .00036	 9.215686E-02	 2.058824E-02	
  .0003602	 9.215686E-02	 2.058824E-02	
  .0003604	 9.607843E-02	 2.254902E-02	
  .0003606	 .0882353	 2.254902E-02	
  .0003608	 .0882353	 2.058824E-02	
  .000361	 .0882353	 1.666667E-02	
  .0003612	 9.215686E-02	 1.666667E-02	
  .0003614	 .0882353	 1.666667E-02	
  .0003616	 9.607843E-02	 1.666667E-02	
  .0003618	 .0882353	 2.058824E-02	
  .000362	 9.215686E-02	 1.862745E-02	
  .0003622	 .0882353	 1.666667E-02	
  .0003624	 8.431373E-02	 1.470588E-02	
  .0003626	 .0882353	 .0127451	
  .0003628	 .0882353	 1.470588E-02	
  .000363	 9.215686E-02	 1.470588E-02	
  .0003632	 .0882353	 1.470588E-02	
  .0003634	 .0882353	 .0127451	
  .0003636	 9.607843E-02	 1.470588E-02	
  .0003638	 .0882353	 1.470588E-02	
  .000364	 9.215686E-02	 .0127451	
  .0003642	 .0882353	 1.078431E-02	
  .0003644	 .0882353	 1.078431E-02	
  .0003646	 9.215686E-02	 1.078431E-02	
  .0003648	 8.431373E-02	 .0127451	
  .000365	 .0882353	 1.078431E-02	
  .0003652	 8.431373E-02	 1.078431E-02	
  .0003654	 .0882353	 8.82353E-03	
  .0003656	 8.431373E-02	 1.078431E-02	
  .0003658	 8.431373E-02	 6.862745E-03	
  .000366	 8.039216E-02	 6.862745E-03	
  .0003662	 8.431373E-02	 6.862745E-03	
  .0003664	 8.039216E-02	 8.82353E-03	
  .0003666	 8.431373E-02	 6.862745E-03	
  .0003668	 8.039216E-02	 4.901961E-03	
  .000367	 8.431373E-02	 6.862745E-03	
  .0003672	 8.039216E-02	 4.901961E-03	
  .0003674	 8.039216E-02	 2.941177E-03	
  .0003676	 8.039216E-02	 2.941177E-03	
  .0003678	 7.647059E-02	 2.941177E-03	
  .000368	 8.039216E-02	 2.941177E-03	
  .0003682	 8.039216E-02	 2.941177E-03	
  .0003684	 7.647059E-02	 2.941177E-03	
  .0003686	 8.039216E-02	 2.941177E-03	
  .0003688	 7.647059E-02	 2.941177E-03	
  .000369	 7.647059E-02	 9.803922E-04	
  .0003692	 7.254902E-02	 4.901961E-03	
  .0003694	 7.647059E-02	 9.803922E-04	
  .0003696	 8.039216E-02	-9.803922E-04	
  .0003698	 7.254902E-02	-9.803922E-04	
  .00037	 7.647059E-02	 9.803922E-04	
  .0003702	 7.647059E-02	 9.803922E-04	
  .0003704	 6.862745E-02	-9.803922E-04	
  .0003706	 7.254902E-02	-2.941177E-03	
  .0003708	 7.254902E-02	-2.941177E-03	
  .000371	 6.862745E-02	-4.901961E-03	
  .0003712	 7.254902E-02	-2.941177E-03	
  .0003714	 7.254902E-02	-2.941177E-03	
  .0003716	 7.254902E-02	-4.901961E-03	
  .0003718	 7.254902E-02	-6.862745E-03	
  .000372	 7.254902E-02	-2.941177E-03	
  .0003722	 7.254902E-02	-6.862745E-03	
  .0003724	 6.862745E-02	-8.82353E-03	
  .0003726	 6.470589E-02	-6.862745E-03	
  .0003728	 6.862745E-02	-6.862745E-03	
  .000373	 6.470589E-02	-6.862745E-03	
  .0003732	 6.862745E-02	-6.862745E-03	
  .0003734	 6.470589E-02	-4.901961E-03	
  .0003736	 6.862745E-02	-8.82353E-03	
  .0003738	 6.078431E-02	-8.82353E-03	
  .000374	 6.078431E-02	-8.82353E-03	
  .0003742	 6.078431E-02	-1.078431E-02	
  .0003744	 6.078431E-02	-.0127451	
  .0003746	 6.470589E-02	-8.82353E-03	
  .0003748	 5.686275E-02	-1.078431E-02	
  .000375	 6.470589E-02	-1.078431E-02	
  .0003752	 6.078431E-02	-.0127451	
  .0003754	 5.686275E-02	-1.078431E-02	
  .0003756	 6.078431E-02	-1.470588E-02	
  .0003758	 5.686275E-02	-1.470588E-02	
  .000376	 5.294118E-02	-1.666667E-02	
  .0003762	 6.078431E-02	-1.666667E-02	
  .0003764	 5.686275E-02	-1.470588E-02	
  .0003766	 4.901961E-02	-1.470588E-02	
  .0003768	 4.901961E-02	-1.470588E-02	
  .000377	 5.294118E-02	-1.470588E-02	
  .0003772	 5.294118E-02	-1.666667E-02	
  .0003774	 4.901961E-02	-1.470588E-02	
  .0003776	 4.901961E-02	-1.470588E-02	
  .0003778	 4.509804E-02	-1.666667E-02	
  .000378	 4.509804E-02	-1.666667E-02	
  .0003782	 4.901961E-02	-1.666667E-02	
  .0003784	 4.509804E-02	-1.862745E-02	
  .0003786	 4.901961E-02	-1.862745E-02	
  .0003788	 4.509804E-02	-1.862745E-02	
  .000379	 4.901961E-02	-2.058824E-02	
  .0003792	 4.117647E-02	-1.862745E-02	
  .0003794	 4.117647E-02	-2.058824E-02	
  .0003796	 4.509804E-02	-1.862745E-02	
  .0003798	 4.117647E-02	-1.862745E-02	
  .00038	 4.509804E-02	-2.058824E-02	
  .0003802	 .0372549	-1.862745E-02	
  .0003804	 4.117647E-02	-2.058824E-02	
  .0003806	 .0372549	-2.254902E-02	
  .0003808	 .0372549	-2.254902E-02	
  .000381	 .0372549	-2.254902E-02	
  .0003812	 .0372549	-2.254902E-02	
  .0003814	 .0372549	-2.254902E-02	
  .0003816	 3.333334E-02	-2.254902E-02	
  .0003818	 3.333334E-02	-2.254902E-02	
  .000382	 2.941176E-02	-.0245098	
  .0003822	 2.941176E-02	-.0245098	
  .0003824	 3.333334E-02	-.0245098	
  .0003826	 2.941176E-02	-.0245098	
  .0003828	 2.941176E-02	-.0245098	
  .000383	 2.941176E-02	-2.647059E-02	
  .0003832	 .0254902	-.0245098	
  .0003834	 3.333334E-02	-2.647059E-02	
  .0003836	 .0254902	-.0245098	
  .0003838	 2.156863E-02	-2.647059E-02	
  .000384	 2.156863E-02	-2.843137E-02	
  .0003842	 2.156863E-02	-2.647059E-02	
  .0003844	 .0254902	-2.843137E-02	
  .0003846	 2.156863E-02	-2.647059E-02	
  .0003848	 2.156863E-02	-2.843137E-02	
  .000385	 1.764706E-02	-2.647059E-02	
  .0003852	 2.156863E-02	-2.843137E-02	
  .0003854	 1.764706E-02	-2.843137E-02	
  .0003856	 1.764706E-02	-2.843137E-02	
  .0003858	 1.372549E-02	-3.039216E-02	
  .000386	 1.764706E-02	-2.843137E-02	
  .0003862	 1.372549E-02	-2.647059E-02	
  .0003864	 1.372549E-02	-3.039216E-02	
  .0003866	 9.803922E-03	-3.235294E-02	
  .0003868	 1.764706E-02	-2.647059E-02	
  .000387	 9.803922E-03	-3.039216E-02	
  .0003872	 9.803922E-03	-2.843137E-02	
  .0003874	 9.803922E-03	-3.039216E-02	
  .0003876	 1.960784E-03	-3.039216E-02	
  .0003878	 5.882353E-03	-3.235294E-02	
  .000388	 5.882353E-03	-3.039216E-02	
  .0003882	 5.882353E-03	-3.039216E-02	
  .0003884	 1.960784E-03	-3.039216E-02	
  .0003886	 5.882353E-03	-3.039216E-02	
  .0003888	 5.882353E-03	-3.235294E-02	
  .000389	-1.960784E-03	-2.843137E-02	
  .0003892	 5.882353E-03	-3.039216E-02	
  .0003894	 1.960784E-03	-3.235294E-02	
  .0003896	 1.960784E-03	-3.039216E-02	
  .0003898	 1.960784E-03	-3.039216E-02	
  .00039	-1.960784E-03	-3.039216E-02	
  .0003902	-1.960784E-03	-3.235294E-02	
  .0003904	-5.882353E-03	-3.235294E-02	
  .0003906	-1.960784E-03	-3.431373E-02	
  .0003908	-9.803922E-03	-3.235294E-02	
  .000391	-1.960784E-03	-3.431373E-02	
  .0003912	-1.960784E-03	-3.039216E-02	
  .0003914	-1.960784E-03	-3.235294E-02	
  .0003916	-5.882353E-03	-3.039216E-02	
  .0003918	-5.882353E-03	-3.235294E-02	
  .000392	-9.803922E-03	-3.235294E-02	
  .0003922	-9.803922E-03	-3.235294E-02	
  .0003924	-9.803922E-03	-3.235294E-02	
  .0003926	-9.803922E-03	-3.235294E-02	
  .0003928	-9.803922E-03	-3.235294E-02	
  .000393	-1.372549E-02	-3.431373E-02	
  .0003932	-1.372549E-02	-3.235294E-02	
  .0003934	-9.803922E-03	-3.235294E-02	
  .0003936	-1.372549E-02	-3.431373E-02	
  .0003938	-1.372549E-02	-3.431373E-02	
  .000394	-2.156863E-02	-3.235294E-02	
  .0003942	-1.372549E-02	-3.627451E-02	
  .0003944	-1.764706E-02	-3.431373E-02	
  .0003946	-1.764706E-02	-3.431373E-02	
  .0003948	-2.156863E-02	-3.235294E-02	
  .000395	-2.156863E-02	-3.431373E-02	
  .0003952	-2.156863E-02	-3.431373E-02	
  .0003954	-2.156863E-02	-3.431373E-02	
  .0003956	-2.156863E-02	-3.431373E-02	
  .0003958	-.0254902	-3.431373E-02	
  .000396	-2.156863E-02	-3.627451E-02	
  .0003962	-2.156863E-02	-3.235294E-02	
  .0003964	-.0254902	-3.431373E-02	
  .0003966	-2.941176E-02	-3.431373E-02	
  .0003968	-2.941176E-02	-3.431373E-02	
  .000397	-2.156863E-02	-3.627451E-02	
  .0003972	-2.941176E-02	-3.431373E-02	
  .0003974	-3.333334E-02	-3.235294E-02	
  .0003976	-.0254902	-3.431373E-02	
  .0003978	-3.333334E-02	-3.431373E-02	
  .000398	-2.941176E-02	-3.235294E-02	
  .0003982	-.0254902	-3.431373E-02	
  .0003984	-3.333334E-02	-3.431373E-02	
  .0003986	-3.333334E-02	-3.235294E-02	
  .0003988	-3.333334E-02	-3.235294E-02	
  .000399	-3.333334E-02	-3.235294E-02	
  .0003992	-3.333334E-02	-3.431373E-02	
  .0003994	-3.333334E-02	-3.235294E-02	
  .0003996	-3.333334E-02	-3.235294E-02	
  .0003998	-3.333334E-02	-3.431373E-02	
  .0004	-3.333334E-02	-3.235294E-02	
  .0004002	-4.117647E-02	-3.039216E-02	
  .0004004	-.0372549	-3.431373E-02	
  .0004006	-4.117647E-02	-3.235294E-02	
  .0004008	-.0372549	-3.235294E-02	
  .000401	-.0372549	-3.039216E-02	
  .0004012	-.0372549	-3.235294E-02	
  .0004014	-4.117647E-02	-3.039216E-02	
  .0004016	-4.117647E-02	-3.235294E-02	
  .0004018	-4.509804E-02	-3.039216E-02	
  .000402	-4.117647E-02	-3.431373E-02	
  .0004022	-4.509804E-02	-3.235294E-02	
  .0004024	-4.509804E-02	-3.235294E-02	
  .0004026	-4.117647E-02	-3.039216E-02	
  .0004028	-4.509804E-02	-3.039216E-02	
  .000403	-4.509804E-02	-3.235294E-02	
  .0004032	-4.117647E-02	-3.039216E-02	
  .0004034	-4.509804E-02	-3.039216E-02	
  .0004036	-4.509804E-02	-3.039216E-02	
  .0004038	-4.901961E-02	-3.235294E-02	
  .000404	-4.509804E-02	-3.039216E-02	
  .0004042	-4.901961E-02	-3.235294E-02	
  .0004044	-4.509804E-02	-2.843137E-02	
  .0004046	-4.509804E-02	-2.843137E-02	
  .0004048	-4.901961E-02	-3.039216E-02	
  .000405	-5.294118E-02	-3.039216E-02	
  .0004052	-5.294118E-02	-2.843137E-02	
  .0004054	-4.901961E-02	-2.843137E-02	
  .0004056	-5.294118E-02	-3.039216E-02	
  .0004058	-4.901961E-02	-3.039216E-02	
  .000406	-5.686275E-02	-2.647059E-02	
  .0004062	-4.901961E-02	-2.843137E-02	
  .0004064	-5.294118E-02	-3.039216E-02	
  .0004066	-4.509804E-02	-2.647059E-02	
  .0004068	-5.294118E-02	-2.647059E-02	
  .000407	-5.686275E-02	-2.647059E-02	
  .0004072	-5.294118E-02	-2.647059E-02	
  .0004074	-5.686275E-02	-2.843137E-02	
  .0004076	-5.294118E-02	-2.647059E-02	
  .0004078	-5.294118E-02	-2.647059E-02	
  .000408	-5.294118E-02	-2.647059E-02	
  .0004082	-5.294118E-02	-2.647059E-02	
  .0004084	-5.294118E-02	-2.647059E-02	
  .0004086	-6.078431E-02	-2.647059E-02	
  .0004088	-5.686275E-02	-.0245098	
  .000409	-5.686275E-02	-.0245098	
  .0004092	-5.294118E-02	-.0245098	
  .0004094	-5.294118E-02	-.0245098	
  .0004096	-5.686275E-02	-.0245098	
  .0004098	-5.294118E-02	-2.254902E-02	
  .00041	-6.078431E-02	-.0245098	
  .0004102	-5.686275E-02	-.0245098	
  .0004104	-6.078431E-02	-.0245098	
  .0004106	-6.078431E-02	-2.254902E-02	
  .0004108	-6.078431E-02	-.0245098	
  .000411	-6.078431E-02	-2.254902E-02	
  .0004112	-6.078431E-02	-2.254902E-02	
  .0004114	-5.686275E-02	-2.254902E-02	
  .0004116	-5.294118E-02	-2.254902E-02	
  .0004118	-6.078431E-02	-2.254902E-02	
  .000412	-6.078431E-02	-2.058824E-02	
  .0004122	-6.078431E-02	-1.862745E-02	
  .0004124	-6.078431E-02	-2.058824E-02	
  .0004126	-5.686275E-02	-2.058824E-02	
  .0004128	-6.078431E-02	-2.254902E-02	
  .000413	-6.078431E-02	-1.862745E-02	
  .0004132	-5.686275E-02	-1.862745E-02	
  .0004134	-6.078431E-02	-2.058824E-02	
  .0004136	-6.470589E-02	-1.666667E-02	
  .0004138	-6.078431E-02	-1.862745E-02	
  .000414	-6.470589E-02	-1.862745E-02	
  .0004142	-5.686275E-02	-2.058824E-02	
  .0004144	-6.078431E-02	-1.862745E-02	
  .0004146	-6.078431E-02	-1.666667E-02	
  .0004148	-6.470589E-02	-1.666667E-02	
  .000415	-6.078431E-02	-1.862745E-02	
  .0004152	-6.470589E-02	-1.862745E-02	
  .0004154	-6.078431E-02	-1.470588E-02	
  .0004156	-6.078431E-02	-1.862745E-02	
  .0004158	-5.686275E-02	-1.666667E-02	
  .000416	-6.078431E-02	-1.470588E-02	
  .0004162	-6.078431E-02	-1.666667E-02	
  .0004164	-5.686275E-02	-1.470588E-02	
  .0004166	-6.470589E-02	-1.078431E-02	
  .0004168	-5.686275E-02	-1.470588E-02	
  .000417	-6.470589E-02	-1.470588E-02	
  .0004172	-6.470589E-02	-1.470588E-02	
  .0004174	-6.470589E-02	-1.470588E-02	
  .0004176	-6.078431E-02	-1.470588E-02	
  .0004178	-6.470589E-02	-.0127451	
  .000418	-6.078431E-02	-1.470588E-02	
  .0004182	-6.078431E-02	-1.470588E-02	
  .0004184	-6.078431E-02	-8.82353E-03	
  .0004186	-6.078431E-02	-1.078431E-02	
  .0004188	-6.078431E-02	-1.078431E-02	
  .000419	-6.078431E-02	-1.078431E-02	
  .0004192	-5.294118E-02	-8.82353E-03	
  .0004194	-6.078431E-02	-6.862745E-03	
  .0004196	-6.078431E-02	-8.82353E-03	
  .0004198	-5.686275E-02	-4.901961E-03	
  .00042	-6.078431E-02	-6.862745E-03	
  .0004202	-6.078431E-02	-1.078431E-02	
  .0004204	-6.078431E-02	-1.078431E-02	
  .0004206	-6.078431E-02	-8.82353E-03	
  .0004208	-5.686275E-02	-8.82353E-03	
  .000421	-5.686275E-02	-6.862745E-03	
  .0004212	-5.686275E-02	-4.901961E-03	
  .0004214	-5.686275E-02	-6.862745E-03	
  .0004216	-5.686275E-02	-4.901961E-03	
  .0004218	-5.686275E-02	-6.862745E-03	
  .000422	-5.686275E-02	-6.862745E-03	
  .0004222	-6.078431E-02	-6.862745E-03	
  .0004224	-5.294118E-02	-6.862745E-03	
  .0004226	-5.686275E-02	-2.941177E-03	
  .0004228	-5.294118E-02	-4.901961E-03	
  .000423	-4.901961E-02	-2.941177E-03	
  .0004232	-5.294118E-02	-2.941177E-03	
  .0004234	-6.078431E-02	-4.901961E-03	
  .0004236	-5.294118E-02	-4.901961E-03	
  .0004238	-5.686275E-02	-4.901961E-03	
  .000424	-5.294118E-02	-2.941177E-03	
  .0004242	-5.294118E-02	-9.803922E-04	
  .0004244	-5.294118E-02	-2.941177E-03	
  .0004246	-4.901961E-02	 9.803922E-04	
  .0004248	-5.294118E-02	-9.803922E-04	
  .000425	-5.294118E-02	 9.803922E-04	
  .0004252	-5.294118E-02	-9.803922E-04	
  .0004254	-5.294118E-02	-9.803922E-04	
  .0004256	-4.901961E-02	-9.803922E-04	
  .0004258	-4.901961E-02	-9.803922E-04	
  .000426	-5.294118E-02	 2.941177E-03	
  .0004262	-5.294118E-02	-9.803922E-04	
  .0004264	-4.509804E-02	 9.803922E-04	
  .0004266	-4.901961E-02	 2.941177E-03	
  .0004268	-4.509804E-02	 9.803922E-04	
  .000427	-4.901961E-02	 2.941177E-03	
  .0004272	-5.294118E-02	 2.941177E-03	
  .0004274	-4.901961E-02	 9.803922E-04	
  .0004276	-4.901961E-02	 2.941177E-03	
  .0004278	-4.901961E-02	 4.901961E-03	
  .000428	-4.509804E-02	 4.901961E-03	
  .0004282	-4.509804E-02	 4.901961E-03	
  .0004284	-4.509804E-02	 4.901961E-03	
  .0004286	-5.294118E-02	 6.862745E-03	
  .0004288	-4.509804E-02	 4.901961E-03	
  .000429	-4.117647E-02	 4.901961E-03	
  .0004292	-4.117647E-02	 8.82353E-03	
  .0004294	-4.509804E-02	 8.82353E-03	
  .0004296	-4.509804E-02	 8.82353E-03	
  .0004298	-4.901961E-02	 8.82353E-03	
  .00043	-4.509804E-02	 6.862745E-03	
  .0004302	-4.509804E-02	 6.862745E-03	
  .0004304	-4.117647E-02	 6.862745E-03	
  .0004306	-3.333334E-02	 6.862745E-03	
  .0004308	-4.117647E-02	 6.862745E-03	
  .000431	-4.117647E-02	 8.82353E-03	
  .0004312	-4.117647E-02	 8.82353E-03	
  .0004314	-.0372549	 1.078431E-02	
  .0004316	-.0372549	 8.82353E-03	
  .0004318	-3.333334E-02	 8.82353E-03	
  .000432	-4.117647E-02	 1.078431E-02	
  .0004322	-4.117647E-02	 1.078431E-02	
  .0004324	-.0372549	 1.078431E-02	
  .0004326	-.0372549	 8.82353E-03	
  .0004328	-3.333334E-02	 .0127451	
  .000433	-3.333334E-02	 1.078431E-02	
  .0004332	-.0372549	 .0127451	
  .0004334	-3.333334E-02	 .0127451	
  .0004336	-.0372549	 1.470588E-02	
  .0004338	-3.333334E-02	 1.078431E-02	
  .000434	-2.941176E-02	 .0127451	
  .0004342	-3.333334E-02	 .0127451	
  .0004344	-.0254902	 1.470588E-02	
  .0004346	-2.941176E-02	 1.470588E-02	
  .0004348	-2.941176E-02	 .0127451	
  .000435	-2.941176E-02	 1.470588E-02	
  .0004352	-.0254902	 1.666667E-02	
  .0004354	-3.333334E-02	 .0127451	
  .0004356	-.0254902	 .0127451	
  .0004358	-.0254902	 1.470588E-02	
  .000436	-2.941176E-02	 1.470588E-02	
  .0004362	-.0254902	 1.666667E-02	
  .0004364	-2.941176E-02	 1.666667E-02	
  .0004366	-.0254902	 1.666667E-02	
  .0004368	-.0254902	 1.666667E-02	
  .000437	-2.941176E-02	 1.666667E-02	
  .0004372	-2.156863E-02	 1.666667E-02	
  .0004374	-.0254902	 1.666667E-02	
  .0004376	-1.764706E-02	 1.666667E-02	
  .0004378	-2.156863E-02	 1.666667E-02	
  .000438	-1.764706E-02	 1.862745E-02	
  .0004382	-2.156863E-02	 2.058824E-02	
  .0004384	-1.764706E-02	 1.862745E-02	
  .0004386	-2.156863E-02	 2.058824E-02	
  .0004388	-1.764706E-02	 1.666667E-02	
  .000439	-1.372549E-02	 1.862745E-02	
  .0004392	-1.372549E-02	 2.058824E-02	
  .0004394	-9.803922E-03	 2.058824E-02	
  .0004396	-9.803922E-03	 2.254902E-02	
  .0004398	-1.372549E-02	 2.254902E-02	
  .00044	-1.764706E-02	 1.862745E-02	
  .0004402	-1.764706E-02	 1.862745E-02	
  .0004404	-1.372549E-02	 1.862745E-02	
  .0004406	-9.803922E-03	 2.254902E-02	
  .0004408	-9.803922E-03	 2.254902E-02	
  .000441	-1.372549E-02	 2.254902E-02	
  .0004412	-9.803922E-03	 2.058824E-02	
  .0004414	-9.803922E-03	 2.254902E-02	
  .0004416	-5.882353E-03	 2.058824E-02	
  .0004418	-5.882353E-03	 2.254902E-02	
  .000442	-9.803922E-03	 2.058824E-02	
  .0004422	-5.882353E-03	 .0245098	
  .0004424	-5.882353E-03	 2.647059E-02	
  .0004426	-5.882353E-03	 2.254902E-02	
  .0004428	-5.882353E-03	 2.254902E-02	
  .000443	-5.882353E-03	 2.647059E-02	
  .0004432	-1.960784E-03	 .0245098	
  .0004434	-1.960784E-03	 2.254902E-02	
  .0004436	-1.960784E-03	 2.254902E-02	
  .0004438	-1.960784E-03	 2.058824E-02	
  .000444	 1.960784E-03	 2.254902E-02	
  .0004442	 1.960784E-03	 2.254902E-02	
  .0004444	 1.960784E-03	 2.647059E-02	
  .0004446	-1.960784E-03	 2.647059E-02	
  .0004448	-1.960784E-03	 2.647059E-02	
  .000445	 1.960784E-03	 .0245098	
  .0004452	 5.882353E-03	 2.647059E-02	
  .0004454	 5.882353E-03	 2.254902E-02	
  .0004456	 5.882353E-03	 .0245098	
  .0004458	 5.882353E-03	 .0245098	
  .000446	 1.960784E-03	 .0245098	
  .0004462	 9.803922E-03	 2.647059E-02	
  .0004464	 5.882353E-03	 2.647059E-02	
  .0004466	 9.803922E-03	 .0245098	
  .0004468	 5.882353E-03	 .0245098	
  .000447	 1.960784E-03	 .0245098	
  .0004472	 5.882353E-03	 .0245098	
  .0004474	 9.803922E-03	 .0245098	
  .0004476	 9.803922E-03	 .0245098	
  .0004478	 9.803922E-03	 2.647059E-02	
  .000448	 1.372549E-02	 2.647059E-02	
  .0004482	 9.803922E-03	 2.647059E-02	
  .0004484	 9.803922E-03	 2.647059E-02	
  .0004486	 9.803922E-03	 2.647059E-02	
  .0004488	 1.764706E-02	 2.843137E-02	
  .000449	 1.372549E-02	 2.647059E-02	
  .0004492	 1.764706E-02	 2.843137E-02	
  .0004494	 1.372549E-02	 2.843137E-02	
  .0004496	 9.803922E-03	 2.647059E-02	
  .0004498	 1.372549E-02	 2.647059E-02	
  .00045	 1.764706E-02	 2.647059E-02	
