 -.0000249	 .1176471	 3.921569E-03	
 -.0000248	 3.921569E-02	 3.921569E-03	
 -.0000247	 3.921569E-02	 3.921569E-03	
 -.0000246	 .1176471	 3.921569E-03	
 -.0000245	 3.921569E-02	 3.921569E-03	
 -.0000244	 .1176471	 1.176471E-02	
 -.0000243	 .1176471	 3.921569E-03	
 -.0000242	 .1176471	 1.960784E-02	
 -.0000241	 3.921569E-02	 1.176471E-02	
 -.000024	 .1176471	 1.176471E-02	
 -.0000239	 3.921569E-02	 1.176471E-02	
 -.0000238	 .1176471	 1.176471E-02	
 -.0000237	 .1176471	 1.176471E-02	
 -.0000236	 3.921569E-02	 1.960784E-02	
 -.0000235	 .1960784	 1.176471E-02	
 -.0000234	 3.921569E-02	 1.176471E-02	
 -.0000233	 .1960784	 1.176471E-02	
 -.0000232	 .1176471	 3.921569E-03	
 -.0000231	 .1960784	 3.921569E-03	
 -.000023	 .1176471	-3.921569E-03	
 -.0000229	 3.921569E-02	 1.176471E-02	
 -.0000228	 .1176471	 1.176471E-02	
 -.0000227	 3.921569E-02	 1.176471E-02	
 -.0000226	 3.921569E-02	 3.921569E-03	
 -.0000225	 3.921569E-02	 1.176471E-02	
 -.0000224	 3.921569E-02	 1.960784E-02	
 -.0000223	 .1960784	 1.176471E-02	
 -.0000222	 .1176471	 3.921569E-03	
 -.0000221	 .1176471	 1.960784E-02	
 -.000022	 .1960784	 1.176471E-02	
 -.0000219	 .1176471	 3.921569E-03	
 -.0000218	 3.921569E-02	 1.176471E-02	
 -.0000217	 3.921569E-02	 1.176471E-02	
 -.0000216	 3.921569E-02	 1.960784E-02	
 -.0000215	 .1176471	 1.176471E-02	
 -.0000214	 .1176471	 3.921569E-03	
 -.0000213	 .1176471	 3.921569E-03	
 -.0000212	 .1176471	 3.921569E-03	
 -.0000211	 .1176471	 3.921569E-03	
 -.000021	 .1960784	 1.176471E-02	
 -.0000209	 .1176471	 1.960784E-02	
 -.0000208	 3.921569E-02	 1.960784E-02	
 -.0000207	 .1960784	 1.176471E-02	
 -.0000206	 .1960784	 1.960784E-02	
 -.0000205	 .1960784	 1.176471E-02	
 -.0000204	 .1176471	 1.176471E-02	
 -.0000203	 .1176471	 1.960784E-02	
 -.0000202	 .1176471	 1.176471E-02	
 -.0000201	 .1176471	 3.921569E-03	
 -.00002	 3.921569E-02	 1.176471E-02	
 -.0000199	 .1960784	 1.176471E-02	
 -.0000198	 .1960784	 1.176471E-02	
 -.0000197	 .1176471	 1.176471E-02	
 -.0000196	 .1176471	 3.921569E-03	
 -.0000195	 3.921569E-02	 3.921569E-03	
 -.0000194	 .1176471	 1.176471E-02	
 -.0000193	 .1960784	 3.921569E-03	
 -.0000192	 3.921569E-02	 1.960784E-02	
 -.0000191	 .1960784	 1.176471E-02	
 -.000019	 3.921569E-02	 3.921569E-03	
 -.0000189	 3.921569E-02	 3.921569E-03	
 -.0000188	 .1176471	 1.176471E-02	
 -.0000187	 3.921569E-02	 1.176471E-02	
 -.0000186	 .1176471	 1.176471E-02	
 -.0000185	 3.921569E-02	 1.176471E-02	
 -.0000184	 3.921569E-02	 1.176471E-02	
 -.0000183	 .1176471	 1.176471E-02	
 -.0000182	 .1176471	 3.921569E-03	
 -.0000181	-3.921569E-02	 3.921569E-03	
 -.000018	 3.921569E-02	 3.921569E-03	
 -.0000179	 .1176471	 1.176471E-02	
 -.0000178	 .1176471	-3.921569E-03	
 -.0000177	 3.921569E-02	 1.176471E-02	
 -.0000176	 .1176471	 3.921569E-03	
 -.0000175	 3.921569E-02	 1.176471E-02	
 -.0000174	 .1176471	 3.921569E-03	
 -.0000173	 3.921569E-02	 3.921569E-03	
 -.0000172	 .1176471	 1.176471E-02	
 -.0000171	 3.921569E-02	 1.176471E-02	
 -.000017	 3.921569E-02	 1.176471E-02	
 -.0000169	 3.921569E-02	 1.176471E-02	
 -.0000168	 3.921569E-02	 1.176471E-02	
 -.0000167	 3.921569E-02	 2.745098E-02	
 -.0000166	 3.921569E-02	 3.921569E-03	
 -.0000165	 .1960784	 1.176471E-02	
 -.0000164	 3.921569E-02	 1.960784E-02	
 -.0000163	 3.921569E-02	 3.921569E-03	
 -.0000162	 3.921569E-02	 1.176471E-02	
 -.0000161	 .1176471	 3.921569E-03	
 -.000016	 .1176471	 1.176471E-02	
 -.0000159	 3.921569E-02	 3.921569E-03	
 -.0000158	 .1176471	 1.176471E-02	
 -.0000157	 .1176471	 1.176471E-02	
 -.0000156	 .1176471	 1.176471E-02	
 -.0000155	 .1176471	 1.176471E-02	
 -.0000154	 3.921569E-02	 1.960784E-02	
 -.0000153	 3.921569E-02	 2.745098E-02	
 -.0000152	 3.921569E-02	 1.176471E-02	
 -.0000151	 3.921569E-02	 1.960784E-02	
 -.000015	 3.921569E-02	 1.176471E-02	
 -.0000149	 3.921569E-02	-3.921569E-03	
 -.0000148	 .1176471	-3.921569E-03	
 -.0000147	 3.921569E-02	 3.921569E-03	
 -.0000146	 .1176471	-3.921569E-03	
 -.0000145	 .1176471	 3.921569E-03	
 -.0000144	 3.921569E-02	 3.921569E-03	
 -.0000143	 .1176471	 3.921569E-03	
 -.0000142	 3.921569E-02	 1.960784E-02	
 -.0000141	 .1960784	 3.921569E-03	
 -.000014	 .1176471	 1.960784E-02	
 -.0000139	 .1176471	 1.960784E-02	
 -.0000138	 .1176471	 1.176471E-02	
 -.0000137	 .1176471	 1.176471E-02	
 -.0000136	 3.921569E-02	 1.176471E-02	
 -.0000135	 3.921569E-02	 3.921569E-03	
 -.0000134	 .1176471	 3.921569E-03	
 -.0000133	 .1176471	 3.921569E-03	
 -.0000132	 .1176471	 3.921569E-03	
 -.0000131	 .1176471	 3.921569E-03	
 -.000013	 .1176471	 1.176471E-02	
 -.0000129	 .1176471	 3.921569E-03	
 -.0000128	 3.921569E-02	 1.176471E-02	
 -.0000127	 .1176471	 3.921569E-03	
 -.0000126	 3.921569E-02	 3.921569E-03	
 -.0000125	 .1176471	 1.176471E-02	
 -.0000124	 .1176471	 1.176471E-02	
 -.0000123	-3.921569E-02	 1.176471E-02	
 -.0000122	 3.921569E-02	 1.960784E-02	
 -.0000121	 .1960784	 1.960784E-02	
 -.000012	 .1176471	 3.921569E-03	
 -.0000119	 .1176471	 1.176471E-02	
 -.0000118	 .1176471	 1.176471E-02	
 -.0000117	 3.921569E-02	 1.176471E-02	
 -.0000116	 .1176471	 1.176471E-02	
 -.0000115	 .1176471	 3.921569E-03	
 -.0000114	 .1176471	 3.921569E-03	
 -.0000113	 .1176471	 3.921569E-03	
 -.0000112	 3.921569E-02	 1.176471E-02	
 -.0000111	 .1176471	 1.176471E-02	
 -.000011	 .1960784	 1.176471E-02	
 -.0000109	 .1176471	 1.960784E-02	
 -.0000108	 .1176471	 1.176471E-02	
 -.0000107	 .1176471	 1.176471E-02	
 -.0000106	 3.921569E-02	 2.745098E-02	
 -.0000105	 3.921569E-02	 1.176471E-02	
 -.0000104	 .1176471	 1.176471E-02	
 -.0000103	 3.921569E-02	 1.176471E-02	
 -.0000102	 3.921569E-02	 3.921569E-03	
 -.0000101	 .1176471	 1.176471E-02	
 -.00001	 .1960784	 3.921569E-03	
 -.0000099	 3.921569E-02	 1.176471E-02	
 -.0000098	 3.921569E-02	 1.176471E-02	
 -.0000097	 .1176471	 3.921569E-03	
 -.0000096	 3.921569E-02	-3.921569E-03	
 -.0000095	 3.921569E-02	 3.921569E-03	
 -.0000094	 .1176471	 1.176471E-02	
 -.0000093	 3.921569E-02	 1.176471E-02	
 -.0000092	 .1960784	 1.176471E-02	
 -.0000091	 3.921569E-02	 1.960784E-02	
 -.000009	 .1176471	 1.176471E-02	
 -.0000089	 .1176471	 1.176471E-02	
 -.0000088	 3.921569E-02	 1.176471E-02	
 -.0000087	 .1176471	 1.960784E-02	
 -.0000086	 3.921569E-02	 1.960784E-02	
 -.0000085	 3.921569E-02	 3.921569E-03	
 -.0000084	 .1176471	 3.921569E-03	
 -.0000083	 .1176471	 3.921569E-03	
 -.0000082	 3.921569E-02	 3.921569E-03	
 -.0000081	 3.921569E-02	 3.921569E-03	
 -.000008	 3.921569E-02	 1.176471E-02	
 -.0000079	 3.921569E-02	 1.176471E-02	
 -.0000078	 3.921569E-02	 3.921569E-03	
 -.0000077	 3.921569E-02	 3.921569E-03	
 -.0000076	-3.921569E-02	 3.921569E-03	
 -.0000075	 .1176471	 3.921569E-03	
 -.0000074	 3.921569E-02	 1.176471E-02	
 -.0000073	 3.921569E-02	 1.176471E-02	
 -.0000072	 3.921569E-02	 3.921569E-03	
 -.0000071	 .1176471	 1.176471E-02	
 -.000007	 .1176471	 1.960784E-02	
 -.0000069	 3.921569E-02	 1.176471E-02	
 -.0000068	 3.921569E-02	 1.960784E-02	
 -.0000067	 .1176471	 3.921569E-03	
 -.0000066	 .1960784	 3.921569E-03	
 -.0000065	 3.921569E-02	 3.921569E-03	
 -.0000064	 3.921569E-02	 1.960784E-02	
 -.0000063	 3.921569E-02	 1.176471E-02	
 -.0000062	 .1176471	 3.921569E-03	
 -.0000061	 .1176471	 1.176471E-02	
 -.000006	 .1960784	 3.921569E-03	
 -.0000059	 .1960784	 1.176471E-02	
 -.0000058	 .1176471	 1.176471E-02	
 -.0000057	 3.921569E-02	 1.176471E-02	
 -.0000056	 3.921569E-02	 1.176471E-02	
 -.0000055	 3.921569E-02	 1.960784E-02	
 -.0000054	 3.921569E-02	 2.745098E-02	
 -.0000053	 .1960784	 1.960784E-02	
 -.0000052	 .1176471	 5.098039E-02	
 -.0000051	-9.921569	 .1294118	
 -.000005	-6.705883	 .145098	
 -.0000049	-5.921568	 8.235294E-02	
 -.0000048	-8.352942	 .145098	
 -.0000047	-7.019608	 .1529412	
 -.0000046	-6.941176	 .1137255	
 -.0000045	-7.490196	 .1607843	
 -.0000044	-7.254902	 .1686275	
 -.0000043	-7.254902	 .1372549	
 -.0000042	-7.411765	 .1764706	
 -.0000041	-7.411765	 .1843137	
 -.000004	-7.490196	 .1607843	
 -.0000039	-7.490196	 .1843137	
 -.0000038	-7.490196	 .1921569	
 -.0000037	-7.568627	 .1686275	
 -.0000036	-7.568627	 .2078431	
 -.0000035	-7.568627	 .2	
 -.0000034	-7.568627	 .1843137	
 -.0000033	-7.568627	 .2	
 -.0000032	-7.568627	 .2078431	
 -.0000031	-7.568627	 .2	
 -.000003	-7.568627	 .2156863	
 -.0000029	-7.568627	 .2078431	
 -.0000028	-7.490196	 .2078431	
 -.0000027	-7.490196	 .2313726	
 -.0000026	-7.568627	 .2392157	
 -.0000025	-7.490196	 .2313726	
 -.0000024	-7.490196	 .2392157	
 -.0000023	-7.568627	 .2470588	
 -.0000022	-7.568627	 .2392157	
 -.0000021	-7.490196	 .2470588	
 -.000002	-7.490196	 .254902	
 -.0000019	-7.568627	 .2470588	
 -.0000018	-7.490196	 .2627451	
 -.0000017	-7.490196	 .2627451	
 -.0000016	-7.411765	 .254902	
 -.0000015	-7.333333	 .2627451	
 -.0000014	-7.490196	 .254902	
 -.0000013	-7.411765	 .254902	
 -.0000012	-7.333333	 .2705882	
 -.0000011	-7.333333	 .2784314	
 -.000001	-7.254902	 .2784314	
 -.0000009	-7.254902	 .2862745	
 -.0000008	-7.333333	 .2862745	
 -.0000007	-7.333333	 .2862745	
 -.0000006	-7.333333	 .3019608	
 -.0000005	-7.333333	 .2941177	
 -.0000004	-7.254902	 .2941177	
 -.0000003	-7.254902	 .3019608	
 -.0000002	-7.254902	 .3098039	
 -.0000001	-7.333333	 .3019608	
  0	-7.254902	 .3019608	
  .0000001	-7.254902	 .3098039	
  .0000002	-7.098039	 .3098039	
  .0000003	-7.176471	 .3019608	
  .0000004	-7.098039	 .3176471	
  .0000005	-7.098039	 .3098039	
  .0000006	-7.098039	 .3254902	
  .0000007	-7.019608	 .3254902	
  .0000008	-6.941176	 .3333333	
  .0000009	-6.941176	 .3254902	
  .000001	-7.019608	 .3411765	
  .0000011	-6.941176	 .3411765	
  .0000012	-6.941176	 .3568628	
  .0000013	-6.941176	 .3333333	
  .0000014	-6.941176	 .3411765	
  .0000015	-6.941176	 .3490196	
  .0000016	-7.019608	 .3490196	
  .0000017	-6.862745	 .3490196	
  .0000018	-6.784314	 .3411765	
  .0000019	-6.705883	 .3568628	
  .000002	-6.784314	 .3490196	
  .0000021	-6.627451	 .3490196	
  .0000022	-6.627451	 .3647059	
  .0000023	-6.705883	 .3647059	
  .0000024	-6.627451	 .3647059	
  .0000025	-6.54902	 .372549	
  .0000026	-6.54902	 .372549	
  .0000027	-6.627451	 .372549	
  .0000028	-6.54902	 .3803922	
  .0000029	-6.470588	 .3803922	
  .000003	-6.54902	 .3803922	
  .0000031	-6.470588	 .3882353	
  .0000032	-6.54902	 .3803922	
  .0000033	-6.313725	 .3882353	
  .0000034	-6.392157	 .3803922	
  .0000035	-6.313725	 .3960784	
  .0000036	-6.313725	 .3882353	
  .0000037	-6.313725	 .3882353	
  .0000038	-6.156863	 .3960784	
  .0000039	-6.313725	 .3882353	
  .000004	-6.156863	 .3960784	
  .0000041	-6.235294	 .3960784	
  .0000042	-6.235294	 .4039216	
  .0000043	-6.156863	 .3960784	
  .0000044	-6.078432	 .4117647	
  .0000045	-6.156863	 .4039216	
  .0000046	-6.078432	 .4039216	
  .0000047	-6.156863	 .4117647	
  .0000048	-6.156863	 .4039216	
  .0000049	-6.078432	 .3960784	
  .000005	-6	 .3882353	
  .0000051	-6	 .3882353	
  .0000052	-5.921568	 .3960784	
  .0000053	-5.843137	 .3960784	
  .0000054	-5.843137	 .3960784	
  .0000055	-5.843137	 .4039216	
  .0000056	-6	 .4039216	
  .0000057	-5.843137	 .4039216	
  .0000058	-5.686275	 .4117647	
  .0000059	-5.686275	 .4117647	
  .000006	-5.686275	 .4117647	
  .0000061	-5.686275	 .4196078	
  .0000062	-5.686275	 .4196078	
  .0000063	-5.764706	 .4117647	
  .0000064	-5.607843	 .4117647	
  .0000065	-5.607843	 .4117647	
  .0000066	-5.607843	 .4117647	
  .0000067	-5.529412	 .4117647	
  .0000068	-5.45098	 .4196078	
  .0000069	-5.45098	 .4117647	
  .000007	-5.372549	 .4196078	
  .0000071	-5.372549	 .4196078	
  .0000072	-5.372549	 .4196078	
  .0000073	-5.372549	 .427451	
  .0000074	-5.294117	 .427451	
  .0000075	-5.294117	 .427451	
  .0000076	-5.294117	 .4352941	
  .0000077	-5.215686	 .427451	
  .0000078	-5.215686	 .427451	
  .0000079	-5.215686	 .427451	
  .000008	-5.137255	 .427451	
  .0000081	-5.137255	 .427451	
  .0000082	-5.137255	 .427451	
  .0000083	-5.058824	 .427451	
  .0000084	-4.901961	 .427451	
  .0000085	-5.058824	 .427451	
  .0000086	-4.980392	 .427451	
  .0000087	-4.980392	 .4352941	
  .0000088	-4.980392	 .4509804	
  .0000089	-4.901961	 .4431373	
  .000009	-4.745098	 .4352941	
  .0000091	-4.823529	 .4352941	
  .0000092	-4.745098	 .4431373	
  .0000093	-4.745098	 .4431373	
  .0000094	-4.823529	 .4431373	
  .0000095	-4.666667	 .4431373	
  .0000096	-4.745098	 .4352941	
  .0000097	-4.745098	 .4431373	
  .0000098	-4.588235	 .427451	
  .0000099	-4.509804	 .427451	
  .00001	-4.431373	 .427451	
  .0000101	-4.431373	 .427451	
  .0000102	-4.27451	 .4196078	
  .0000103	-4.352941	 .4352941	
  .0000104	-4.27451	 .427451	
  .0000105	-4.27451	 .4352941	
  .0000106	-4.196078	 .4352941	
  .0000107	-4.27451	 .4431373	
  .0000108	-4.27451	 .4352941	
  .0000109	-4.27451	 .4352941	
  .000011	-4.196078	 .4352941	
  .0000111	-4.117647	 .4352941	
  .0000112	-4.196078	 .4431373	
  .0000113	-4.039216	 .4352941	
  .0000114	-4.117647	 .427451	
  .0000115	-4.039216	 .4352941	
  .0000116	-3.960784	 .427451	
  .0000117	-3.803921	 .427451	
  .0000118	-3.882353	 .427451	
  .0000119	-3.72549	 .4352941	
  .000012	-3.803921	 .427451	
  .0000121	-3.72549	 .427451	
  .0000122	-3.72549	 .4352941	
  .0000123	-3.568627	 .427451	
  .0000124	-3.568627	 .4352941	
  .0000125	-3.490196	 .4352941	
  .0000126	-3.568627	 .4431373	
  .0000127	-3.490196	 .4352941	
  .0000128	-3.411765	 .4352941	
  .0000129	-3.411765	 .4431373	
  .000013	-3.411765	 .427451	
  .0000131	-3.254902	 .427451	
  .0000132	-3.176471	 .427451	
  .0000133	-3.254902	 .427451	
  .0000134	-3.176471	 .4196078	
  .0000135	-3.176471	 .427451	
  .0000136	-3.019608	 .427451	
  .0000137	-2.862745	 .4352941	
  .0000138	-3.019608	 .427451	
  .0000139	-2.784314	 .427451	
  .000014	-2.862745	 .427451	
  .0000141	-2.862745	 .427451	
  .0000142	-2.784314	 .427451	
  .0000143	-2.705882	 .4196078	
  .0000144	-2.705882	 .427451	
  .0000145	-2.705882	 .427451	
  .0000146	-2.54902	 .4196078	
  .0000147	-2.627451	 .4196078	
  .0000148	-2.54902	 .4196078	
  .0000149	-2.392157	 .4117647	
  .000015	-2.392157	 .3960784	
  .0000151	-2.392157	 .4039216	
  .0000152	-2.235294	 .4117647	
  .0000153	-2.235294	 .4039216	
  .0000154	-2.235294	 .4117647	
  .0000155	-2.235294	 .4039216	
  .0000156	-2.078431	 .4117647	
  .0000157	-2.156863	 .4117647	
  .0000158	-2.078431	 .4117647	
  .0000159	-2	 .4039216	
  .000016	-2	 .4039216	
  .0000161	-1.921569	 .4117647	
  .0000162	-2	 .4039216	
  .0000163	-1.843137	 .3960784	
  .0000164	-1.843137	 .3960784	
  .0000165	-1.686275	 .3882353	
  .0000166	-1.764706	 .3882353	
  .0000167	-1.607843	 .3960784	
  .0000168	-1.686275	 .3960784	
  .0000169	-1.607843	 .3882353	
  .000017	-1.529412	 .3882353	
  .0000171	-1.529412	 .3960784	
  .0000172	-1.45098	 .3960784	
  .0000173	-1.372549	 .3882353	
  .0000174	-1.372549	 .3960784	
  .0000175	-1.294118	 .3882353	
  .0000176	-1.215686	 .3960784	
  .0000177	-1.215686	 .3803922	
  .0000178	-1.294118	 .3882353	
  .0000179	-1.058824	 .3803922	
  .000018	-1.137255	 .3803922	
  .0000181	-1.058824	 .3803922	
  .0000182	-1.058824	 .3647059	
  .0000183	-1.058824	 .372549	
  .0000184	-.9019608	 .372549	
  .0000185	-.9019608	 .3568628	
  .0000186	-.7450981	 .3647059	
  .0000187	-.8235294	 .372549	
  .0000188	-.6666667	 .3647059	
  .0000189	-.7450981	 .372549	
  .000019	-.6666667	 .3647059	
  .0000191	-.5882353	 .372549	
  .0000192	-.5882353	 .3647059	
  .0000193	-.5882353	 .3568628	
  .0000194	-.4313726	 .3568628	
  .0000195	-.509804	 .3490196	
  .0000196	-.4313726	 .3647059	
  .0000197	-.3529412	 .3490196	
  .0000198	-.3529412	 .3333333	
  .0000199	-.1960784	 .3411765	
  .00002	-.1960784	 .3254902	
  .0000201	-.1960784	 .3333333	
  .0000202	-.1176471	 .3333333	
  .0000203	 3.921569E-02	 .3254902	
  .0000204	-3.921569E-02	 .3254902	
  .0000205	 3.921569E-02	 .3254902	
  .0000206	-3.921569E-02	 .3176471	
  .0000207	 .1176471	 .3098039	
  .0000208	 .1176471	 .3176471	
  .0000209	 3.921569E-02	 .3254902	
  .000021	 .3529412	 .3254902	
  .0000211	 .2745098	 .3254902	
  .0000212	 .1960784	 .3176471	
  .0000213	 .3529412	 .3176471	
  .0000214	 .3529412	 .3019608	
  .0000215	 .3529412	 .3019608	
  .0000216	 .4313726	 .3019608	
  .0000217	 .4313726	 .3019608	
  .0000218	 .4313726	 .2941177	
  .0000219	 .509804	 .2941177	
  .000022	 .5882353	 .3019608	
  .0000221	 .509804	 .2941177	
  .0000222	 .7450981	 .2941177	
  .0000223	 .6666667	 .2862745	
  .0000224	 .6666667	 .2941177	
  .0000225	 .7450981	 .2862745	
  .0000226	 .8235294	 .2862745	
  .0000227	 .8235294	 .2862745	
  .0000228	 .9019608	 .2862745	
  .0000229	 .9803922	 .3019608	
  .000023	 .9803922	 .2784314	
  .0000231	 1.137255	 .2784314	
  .0000232	 1.058824	 .2784314	
  .0000233	 1.137255	 .2784314	
  .0000234	 1.058824	 .2705882	
  .0000235	 1.215686	 .2627451	
  .0000236	 1.294118	 .2705882	
  .0000237	 1.215686	 .254902	
  .0000238	 1.372549	 .2627451	
  .0000239	 1.294118	 .2627451	
  .000024	 1.372549	 .2627451	
  .0000241	 1.45098	 .2627451	
  .0000242	 1.45098	 .2627451	
  .0000243	 1.45098	 .254902	
  .0000244	 1.45098	 .254902	
  .0000245	 1.529412	 .254902	
  .0000246	 1.607843	 .2470588	
  .0000247	 1.607843	 .2392157	
  .0000248	 1.686275	 .2313726	
  .0000249	 1.686275	 .2313726	
  .000025	 1.686275	 .2235294	
  .0000251	 1.686275	 .2313726	
  .0000252	 1.686275	 .2313726	
  .0000253	 1.843137	 .2235294	
  .0000254	 1.764706	 .2235294	
  .0000255	 1.921569	 .2235294	
  .0000256	 1.843137	 .2313726	
  .0000257	 1.921569	 .2235294	
  .0000258	 2.078431	 .2156863	
  .0000259	 2	 .2156863	
  .000026	 2.078431	 .2156863	
  .0000261	 2.156863	 .2078431	
  .0000262	 2.156863	 .2078431	
  .0000263	 2.078431	 .1921569	
  .0000264	 2.313725	 .2	
  .0000265	 2.235294	 .1921569	
  .0000266	 2.392157	 .2	
  .0000267	 2.313725	 .1843137	
  .0000268	 2.235294	 .1921569	
  .0000269	 2.392157	 .1843137	
  .000027	 2.313725	 .1921569	
  .0000271	 2.470588	 .2	
  .0000272	 2.54902	 .1843137	
  .0000273	 2.54902	 .1764706	
  .0000274	 2.470588	 .1843137	
  .0000275	 2.784314	 .1843137	
  .0000276	 2.705882	 .1686275	
  .0000277	 2.627451	 .1764706	
  .0000278	 2.705882	 .1686275	
  .0000279	 2.705882	 .1607843	
  .000028	 2.784314	 .1686275	
  .0000281	 2.784314	 .145098	
  .0000282	 2.784314	 .1529412	
  .0000283	 2.862745	 .145098	
  .0000284	 2.862745	 .1529412	
  .0000285	 3.019608	 .145098	
  .0000286	 2.862745	 .1607843	
  .0000287	 2.941176	 .145098	
  .0000288	 3.098039	 .145098	
  .0000289	 3.098039	 .1529412	
  .000029	 3.098039	 .1529412	
  .0000291	 3.098039	 .145098	
  .0000292	 3.098039	 .1372549	
  .0000293	 3.176471	 .1215686	
  .0000294	 3.411765	 .1294118	
  .0000295	 3.411765	 .1294118	
  .0000296	 3.254902	 .1215686	
  .0000297	 3.254902	 .1137255	
  .0000298	 3.254902	 .1137255	
  .0000299	 3.333333	 .1137255	
  .00003	 3.411765	 .1058824	
  .0000301	 3.333333	 .1058824	
  .0000302	 3.411765	 9.803922E-02	
  .0000303	 3.333333	 .1058824	
  .0000304	 3.647059	 9.803922E-02	
  .0000305	 3.490196	 9.803922E-02	
  .0000306	 3.568627	 9.803922E-02	
  .0000307	 3.568627	 9.019608E-02	
  .0000308	 3.568627	 9.019608E-02	
  .0000309	 3.647059	 9.803922E-02	
  .000031	 3.72549	 9.019608E-02	
  .0000311	 3.72549	 9.019608E-02	
  .0000312	 3.72549	 8.235294E-02	
  .0000313	 3.72549	 7.450981E-02	
  .0000314	 3.803921	 7.450981E-02	
  .0000315	 3.803921	 6.666667E-02	
  .0000316	 3.803921	 6.666667E-02	
  .0000317	 3.882353	 6.666667E-02	
  .0000318	 3.882353	 5.882353E-02	
  .0000319	 3.882353	 5.882353E-02	
  .000032	 3.960784	 6.666667E-02	
  .0000321	 4.117647	 5.882353E-02	
  .0000322	 3.960784	 5.098039E-02	
  .0000323	 4.039216	 5.098039E-02	
  .0000324	 4.039216	 4.313726E-02	
  .0000325	 4.117647	 5.098039E-02	
  .0000326	 4.117647	 5.098039E-02	
  .0000327	 4.196078	 4.313726E-02	
  .0000328	 4.27451	 5.098039E-02	
  .0000329	 4.352941	 3.529412E-02	
  .000033	 4.196078	 3.529412E-02	
  .0000331	 4.431373	 3.529412E-02	
  .0000332	 4.196078	 3.529412E-02	
  .0000333	 4.352941	 2.745098E-02	
  .0000334	 4.352941	 1.176471E-02	
  .0000335	 4.352941	 2.745098E-02	
  .0000336	 4.352941	 1.176471E-02	
  .0000337	 4.431373	 1.960784E-02	
  .0000338	 4.352941	 1.176471E-02	
  .0000339	 4.431373	 1.176471E-02	
  .000034	 4.431373	 3.921569E-03	
  .0000341	 4.509804	 1.176471E-02	
  .0000342	 4.509804	 1.176471E-02	
  .0000343	 4.509804	 1.176471E-02	
  .0000344	 4.509804	 3.921569E-03	
  .0000345	 4.666667	-3.921569E-03	
  .0000346	 4.666667	-1.176471E-02	
  .0000347	 4.666667	-1.960784E-02	
  .0000348	 4.666667	-1.960784E-02	
  .0000349	 4.666667	-1.960784E-02	
  .000035	 4.823529	-1.960784E-02	
  .0000351	 4.745098	-2.745098E-02	
  .0000352	 4.823529	-2.745098E-02	
  .0000353	 4.745098	-1.960784E-02	
  .0000354	 4.901961	-2.745098E-02	
  .0000355	 4.745098	-2.745098E-02	
  .0000356	 4.901961	-3.529412E-02	
  .0000357	 4.823529	-4.313726E-02	
  .0000358	 4.901961	-4.313726E-02	
  .0000359	 4.901961	-4.313726E-02	
  .000036	 4.980392	-4.313726E-02	
  .0000361	 4.980392	-5.098039E-02	
  .0000362	 5.058824	-5.882353E-02	
  .0000363	 5.058824	-5.882353E-02	
  .0000364	 5.058824	-6.666667E-02	
  .0000365	 5.137255	-5.882353E-02	
  .0000366	 5.058824	-6.666667E-02	
  .0000367	 5.058824	-6.666667E-02	
  .0000368	 5.137255	-6.666667E-02	
  .0000369	 5.137255	-6.666667E-02	
  .000037	 5.137255	-7.450981E-02	
  .0000371	 5.215686	-7.450981E-02	
  .0000372	 5.137255	-7.450981E-02	
  .0000373	 5.294117	-7.450981E-02	
  .0000374	 5.215686	-8.235294E-02	
  .0000375	 5.294117	-8.235294E-02	
  .0000376	 5.294117	-8.235294E-02	
  .0000377	 5.294117	-9.019608E-02	
  .0000378	 5.372549	-9.803922E-02	
  .0000379	 5.372549	-9.803922E-02	
  .000038	 5.215686	-.1058824	
  .0000381	 5.372549	-.1058824	
  .0000382	 5.372549	-.1058824	
  .0000383	 5.372549	-.1137255	
  .0000384	 5.45098	-.1137255	
  .0000385	 5.45098	-9.803922E-02	
  .0000386	 5.529412	-.1058824	
  .0000387	 5.529412	-.1058824	
  .0000388	 5.529412	-.1215686	
  .0000389	 5.529412	-.1137255	
  .000039	 5.529412	-.1215686	
  .0000391	 5.529412	-.1294118	
  .0000392	 5.529412	-.1294118	
  .0000393	 5.607843	-.1294118	
  .0000394	 5.607843	-.1372549	
  .0000395	 5.607843	-.145098	
  .0000396	 5.607843	-.1372549	
  .0000397	 5.607843	-.145098	
  .0000398	 5.45098	-.1529412	
  .0000399	 5.607843	-.1529412	
  .00004	 5.529412	-.145098	
  .0000401	 5.607843	-.1529412	
  .0000402	 5.607843	-.1529412	
  .0000403	 5.764706	-.1529412	
  .0000404	 5.607843	-.1529412	
  .0000405	 5.607843	-.1607843	
  .0000406	 5.686275	-.1607843	
  .0000407	 5.686275	-.1607843	
  .0000408	 5.843137	-.1607843	
  .0000409	 5.686275	-.1686275	
  .000041	 5.686275	-.1764706	
  .0000411	 5.764706	-.1843137	
  .0000412	 5.921568	-.1764706	
  .0000413	 5.529412	-.1843137	
  .0000414	 5.607843	-.1921569	
  .0000415	 5.686275	-.1843137	
  .0000416	 5.686275	-.1921569	
  .0000417	 5.686275	-.1921569	
  .0000418	 5.686275	-.1921569	
  .0000419	 5.686275	-.1843137	
  .000042	 5.764706	-.2	
  .0000421	 5.764706	-.1921569	
  .0000422	 5.686275	-.2	
  .0000423	 5.686275	-.2	
  .0000424	 5.686275	-.2	
  .0000425	 5.764706	-.2	
  .0000426	 5.843137	-.2	
  .0000427	 5.843137	-.2	
  .0000428	 5.843137	-.2156863	
  .0000429	 5.921568	-.2156863	
  .000043	 5.764706	-.2235294	
  .0000431	 5.686275	-.2156863	
  .0000432	 5.843137	-.2156863	
  .0000433	 5.764706	-.2313726	
  .0000434	 5.843137	-.2235294	
  .0000435	 5.843137	-.2313726	
  .0000436	 5.921568	-.2313726	
  .0000437	 5.921568	-.2313726	
  .0000438	 5.843137	-.2313726	
  .0000439	 6	-.2392157	
  .000044	 5.843137	-.2313726	
  .0000441	 5.921568	-.2392157	
  .0000442	 5.921568	-.2392157	
  .0000443	 5.921568	-.2313726	
  .0000444	 2.862745	-.2470588	
  .0000445	 7.647059	-.2627451	
  .0000446	 6	-.254902	
  .0000447	 5.137255	-.2627451	
  .0000448	 6.156863	-.2627451	
  .0000449	 5.843137	-.2627451	
  .000045	 5.764706	-.2627451	
  .0000451	 5.921568	-.2627451	
  .0000452	 5.921568	-.2627451	
  .0000453	 5.921568	-.2627451	
  .0000454	 5.843137	-.2705882	
  .0000455	 5.843137	-.2705882	
  .0000456	 5.921568	-.2784314	
  .0000457	 5.921568	-.2784314	
  .0000458	 5.843137	-.2784314	
  .0000459	 5.686275	-.2784314	
  .000046	 5.921568	-.2862745	
  .0000461	 5.921568	-.2862745	
  .0000462	 5.921568	-.2941177	
  .0000463	 5.843137	-.2941177	
  .0000464	 5.843137	-.2862745	
  .0000465	 5.843137	-.2941177	
  .0000466	 5.843137	-.2941177	
  .0000467	 5.921568	-.2941177	
  .0000468	 5.843137	-.3019608	
  .0000469	 5.843137	-.2862745	
  .000047	 5.921568	-.2941177	
  .0000471	 5.843137	-.2941177	
  .0000472	 5.921568	-.3019608	
  .0000473	 5.921568	-.3019608	
  .0000474	 6	-.3019608	
  .0000475	 5.921568	-.3098039	
  .0000476	 6	-.3098039	
  .0000477	 5.921568	-.3254902	
  .0000478	 5.921568	-.3254902	
  .0000479	 5.843137	-.3254902	
  .000048	 6	-.3098039	
  .0000481	 5.921568	-.3176471	
  .0000482	 5.921568	-.3254902	
  .0000483	 6	-.3254902	
  .0000484	 5.921568	-.3176471	
  .0000485	 5.921568	-.3176471	
  .0000486	 6	-.3254902	
  .0000487	 5.921568	-.3254902	
  .0000488	 5.921568	-.3254902	
  .0000489	 5.921568	-.3254902	
  .000049	 5.921568	-.3333333	
  .0000491	 5.921568	-.3411765	
  .0000492	 5.921568	-.3411765	
  .0000493	 5.921568	-.3411765	
  .0000494	 6	-.3568628	
  .0000495	 5.843137	-.3411765	
  .0000496	 5.843137	-.3411765	
  .0000497	 5.843137	-.3411765	
  .0000498	 5.843137	-.3490196	
  .0000499	 5.686275	-.3490196	
  .00005	 5.921568	-.3490196	
  .0000501	 5.843137	-.3411765	
  .0000502	 5.843137	-.3490196	
  .0000503	 5.764706	-.3490196	
  .0000504	 5.843137	-.3411765	
  .0000505	 5.843137	-.3568628	
  .0000506	 5.843137	-.3490196	
  .0000507	 5.764706	-.3568628	
  .0000508	 5.529412	-.3568628	
  .0000509	 6	-.3647059	
  .000051	 5.764706	-.3647059	
  .0000511	 4.901961	-.3882353	
  .0000512	 4.509804	-.3647059	
  .0000513	 5.45098	-.372549	
  .0000514	 5.058824	-.3568628	
  .0000515	 4.980392	-.3568628	
  .0000516	 5.137255	-.3647059	
  .0000517	 5.215686	-.3647059	
  .0000518	 5.058824	-.3568628	
  .0000519	 5.215686	-.3568628	
  .000052	 4.980392	-.3568628	
  .0000521	 5.058824	-.3568628	
  .0000522	 4.980392	-.3647059	
  .0000523	 5.058824	-.3568628	
  .0000524	 5.058824	-.3647059	
  .0000525	 5.137255	-.3647059	
  .0000526	 5.137255	-.3568628	
  .0000527	 5.137255	-.3803922	
  .0000528	 5.137255	-.3647059	
  .0000529	 4.980392	-.3647059	
  .000053	 5.058824	-.372549	
  .0000531	 4.980392	-.372549	
  .0000532	 5.058824	-.3647059	
  .0000533	 5.058824	-.372549	
  .0000534	 4.980392	-.372549	
  .0000535	 5.058824	-.3647059	
  .0000536	 4.980392	-.372549	
  .0000537	 5.058824	-.372549	
  .0000538	 5.058824	-.372549	
  .0000539	 5.058824	-.372549	
  .000054	 4.980392	-.3803922	
  .0000541	 4.980392	-.372549	
  .0000542	 4.901961	-.3803922	
  .0000543	 4.980392	-.3803922	
  .0000544	 4.901961	-.3882353	
  .0000545	 4.901961	-.3882353	
  .0000546	 4.901961	-.3882353	
  .0000547	 4.901961	-.3803922	
  .0000548	 4.901961	-.3882353	
  .0000549	 4.745098	-.3803922	
  .000055	 4.823529	-.3803922	
  .0000551	 4.901961	-.3803922	
  .0000552	 4.901961	-.372549	
  .0000553	 4.823529	-.3803922	
  .0000554	 4.823529	-.3803922	
  .0000555	 4.823529	-.3803922	
  .0000556	 4.823529	-.3803922	
  .0000557	 4.745098	-.3803922	
  .0000558	 4.823529	-.3803922	
  .0000559	 4.901961	-.3882353	
  .000056	 4.823529	-.3960784	
  .0000561	 4.823529	-.3882353	
  .0000562	 4.666667	-.3882353	
  .0000563	 4.666667	-.3960784	
  .0000564	 4.666667	-.3882353	
  .0000565	 4.666667	-.3960784	
  .0000566	 4.588235	-.3960784	
  .0000567	 4.745098	-.3882353	
  .0000568	 4.588235	-.3882353	
  .0000569	 4.666667	-.3960784	
  .000057	 4.588235	-.3882353	
  .0000571	 4.588235	-.3882353	
  .0000572	 4.745098	-.3960784	
  .0000573	 4.588235	-.3882353	
  .0000574	 4.509804	-.3960784	
  .0000575	 4.666667	-.3882353	
  .0000576	 4.666667	-.3960784	
  .0000577	 4.588235	-.4117647	
  .0000578	 4.431373	-.4039216	
  .0000579	 4.509804	-.3960784	
  .000058	 4.431373	-.3960784	
  .0000581	 4.509804	-.3960784	
  .0000582	 4.509804	-.3960784	
  .0000583	 4.431373	-.3960784	
  .0000584	 4.352941	-.3960784	
  .0000585	 4.509804	-.3960784	
  .0000586	 4.509804	-.3960784	
  .0000587	 4.431373	-.3960784	
  .0000588	 4.431373	-.3960784	
  .0000589	 4.431373	-.3960784	
  .000059	 4.352941	-.3960784	
  .0000591	 4.352941	-.4039216	
  .0000592	 4.431373	-.4039216	
  .0000593	 4.352941	-.4196078	
  .0000594	 4.117647	-.3960784	
  .0000595	 4.196078	-.3960784	
  .0000596	 4.27451	-.3960784	
  .0000597	 4.117647	-.3960784	
  .0000598	 4.196078	-.3960784	
  .0000599	 4.117647	-.4039216	
  .00006	 4.117647	-.3882353	
  .0000601	 4.117647	-.3960784	
  .0000602	 4.117647	-.3960784	
  .0000603	 4.117647	-.3960784	
  .0000604	 4.196078	-.3882353	
  .0000605	 4.117647	-.3882353	
  .0000606	 4.039216	-.3882353	
  .0000607	 4.039216	-.3882353	
  .0000608	 3.960784	-.4039216	
  .0000609	 4.039216	-.4039216	
  .000061	 4.039216	-.4039216	
  .0000611	 3.882353	-.4039216	
  .0000612	 3.882353	-.4039216	
  .0000613	 3.803921	-.3960784	
  .0000614	 3.803921	-.3960784	
  .0000615	 3.803921	-.3960784	
  .0000616	 3.803921	-.3960784	
  .0000617	 3.72549	-.4039216	
  .0000618	 3.803921	-.3960784	
  .0000619	 3.72549	-.3882353	
  .000062	 3.803921	-.3960784	
  .0000621	 3.568627	-.3882353	
  .0000622	 3.72549	-.3960784	
  .0000623	 3.72549	-.3960784	
  .0000624	 3.72549	-.3960784	
  .0000625	 3.647059	-.3882353	
  .0000626	 3.72549	-.3960784	
  .0000627	 3.647059	-.3960784	
  .0000628	 3.647059	-.3960784	
  .0000629	 3.647059	-.3960784	
  .000063	 3.490196	-.3960784	
  .0000631	 3.490196	-.4039216	
  .0000632	 3.647059	-.3882353	
  .0000633	 3.490196	-.3882353	
  .0000634	 3.568627	-.3960784	
  .0000635	 3.490196	-.3882353	
  .0000636	 3.490196	-.3960784	
  .0000637	 3.490196	-.3882353	
  .0000638	 3.411765	-.3882353	
  .0000639	 3.490196	-.3960784	
  .000064	 3.411765	-.3803922	
  .0000641	 3.333333	-.3803922	
  .0000642	 3.333333	-.3882353	
  .0000643	 3.333333	-.4039216	
  .0000644	 3.333333	-.3882353	
  .0000645	 3.254902	-.3882353	
  .0000646	 3.176471	-.3882353	
  .0000647	 3.333333	-.3882353	
  .0000648	 3.176471	-.3882353	
  .0000649	 3.254902	-.3803922	
  .000065	 3.176471	-.3882353	
  .0000651	 3.333333	-.3882353	
  .0000652	 3.098039	-.3882353	
  .0000653	 3.019608	-.3803922	
  .0000654	 3.019608	-.3803922	
  .0000655	 3.019608	-.3803922	
  .0000656	 3.019608	-.3803922	
  .0000657	 2.941176	-.3803922	
  .0000658	 3.019608	-.3803922	
  .0000659	 3.019608	-.3803922	
  .000066	 3.019608	-.3803922	
  .0000661	 2.862745	-.3882353	
  .0000662	 2.862745	-.372549	
  .0000663	 2.862745	-.3882353	
  .0000664	 2.941176	-.372549	
  .0000665	 2.784314	-.3803922	
  .0000666	 2.862745	-.3803922	
  .0000667	 2.862745	-.3647059	
  .0000668	 2.862745	-.372549	
  .0000669	 2.705882	-.3647059	
  .000067	 2.784314	-.372549	
  .0000671	 2.784314	-.372549	
  .0000672	 2.784314	-.372549	
  .0000673	 2.705882	-.372549	
  .0000674	 2.627451	-.3647059	
  .0000675	 2.705882	-.372549	
  .0000676	 2.705882	-.3803922	
  .0000677	 2.627451	-.3647059	
  .0000678	 2.627451	-.372549	
  .0000679	 2.470588	-.372549	
  .000068	 2.627451	-.372549	
  .0000681	 2.470588	-.3647059	
  .0000682	 2.54902	-.372549	
  .0000683	 2.392157	-.3568628	
  .0000684	 2.470588	-.3647059	
  .0000685	 2.392157	-.3647059	
  .0000686	 2.392157	-.3568628	
  .0000687	 2.392157	-.3568628	
  .0000688	 2.392157	-.3647059	
  .0000689	 2.392157	-.3568628	
  .000069	 2.313725	-.3647059	
  .0000691	 2.313725	-.3568628	
  .0000692	 2.392157	-.3568628	
  .0000693	 2.156863	-.3568628	
  .0000694	 2.235294	-.3568628	
  .0000695	 2.156863	-.3568628	
  .0000696	 2.156863	-.3647059	
  .0000697	 2.078431	-.3490196	
  .0000698	 2.156863	-.3490196	
  .0000699	 2	-.3490196	
  .00007	 2.156863	-.3411765	
  .0000701	 2	-.3490196	
  .0000702	 2	-.3411765	
  .0000703	 2	-.3411765	
  .0000704	 2	-.3490196	
  .0000705	 2.078431	-.3411765	
  .0000706	 1.921569	-.3411765	
  .0000707	 1.843137	-.3490196	
  .0000708	 2	-.3411765	
  .0000709	 1.921569	-.3411765	
  .000071	 1.764706	-.3411765	
  .0000711	 1.843137	-.3411765	
  .0000712	 1.686275	-.3411765	
  .0000713	 1.686275	-.3411765	
  .0000714	 1.607843	-.3411765	
  .0000715	 1.686275	-.3411765	
  .0000716	 1.607843	-.3254902	
  .0000717	 1.686275	-.3333333	
  .0000718	 1.607843	-.3254902	
  .0000719	 1.607843	-.3333333	
  .000072	 1.529412	-.3333333	
  .0000721	 1.607843	-.3254902	
  .0000722	 1.529412	-.3254902	
  .0000723	 1.529412	-.3176471	
  .0000724	 1.45098	-.3176471	
  .0000725	 1.529412	-.3176471	
  .0000726	 1.529412	-.3254902	
  .0000727	 1.372549	-.3176471	
  .0000728	 1.372549	-.3176471	
  .0000729	 1.372549	-.3254902	
  .000073	 1.372549	-.3254902	
  .0000731	 1.372549	-.3176471	
  .0000732	 1.294118	-.3176471	
  .0000733	 1.372549	-.3098039	
  .0000734	 1.137255	-.3098039	
  .0000735	 1.137255	-.3019608	
  .0000736	 1.294118	-.3098039	
  .0000737	 1.137255	-.3019608	
  .0000738	 1.137255	-.3098039	
  .0000739	 1.058824	-.3019608	
  .000074	 1.137255	-.3019608	
  .0000741	 .9803922	-.3098039	
  .0000742	 .9803922	-.3098039	
  .0000743	 .9803922	-.3019608	
  .0000744	 .9019608	-.3019608	
  .0000745	 .9803922	-.2941177	
  .0000746	 .9019608	-.2941177	
  .0000747	 .8235294	-.2941177	
  .0000748	 .8235294	-.2862745	
  .0000749	 .8235294	-.2862745	
  .000075	 .8235294	-.2862745	
  .0000751	 .6666667	-.2862745	
  .0000752	 .6666667	-.2862745	
  .0000753	 .6666667	-.2784314	
  .0000754	 .6666667	-.2784314	
  .0000755	 .6666667	-.2784314	
  .0000756	 .5882353	-.2784314	
  .0000757	 .5882353	-.2784314	
  .0000758	 .5882353	-.2784314	
  .0000759	 .5882353	-.2862745	
  .000076	 .509804	-.2862745	
  .0000761	 .509804	-.2705882	
  .0000762	 .4313726	-.2705882	
  .0000763	 .3529412	-.2627451	
  .0000764	 .3529412	-.2705882	
  .0000765	 .3529412	-.2627451	
  .0000766	 .3529412	-.2627451	
  .0000767	 .3529412	-.2627451	
  .0000768	 .2745098	-.2627451	
  .0000769	 .2745098	-.254902	
  .000077	 .3529412	-.254902	
  .0000771	 .2745098	-.254902	
  .0000772	 .2745098	-.254902	
  .0000773	 .1960784	-.254902	
  .0000774	 .1176471	-.254902	
  .0000775	 .1176471	-.254902	
  .0000776	 .1176471	-.254902	
  .0000777	 .1176471	-.254902	
  .0000778	-3.921569E-02	-.254902	
  .0000779	 .1176471	-.254902	
  .000078	 3.921569E-02	-.2470588	
  .0000781	 3.921569E-02	-.2392157	
  .0000782	-3.921569E-02	-.2392157	
  .0000783	 3.921569E-02	-.2313726	
  .0000784	-.1176471	-.2392157	
  .0000785	-3.921569E-02	-.2313726	
  .0000786	-3.921569E-02	-.2313726	
  .0000787	-.2745098	-.2392157	
  .0000788	-.1960784	-.2313726	
  .0000789	-.2745098	-.2313726	
  .000079	-.2745098	-.2313726	
  .0000791	-.2745098	-.2313726	
  .0000792	-.2745098	-.2313726	
  .0000793	-.2745098	-.2235294	
  .0000794	-.3529412	-.2235294	
  .0000795	-.4313726	-.2235294	
  .0000796	-.3529412	-.2156863	
  .0000797	-.3529412	-.2156863	
  .0000798	-.509804	-.2078431	
  .0000799	-.3529412	-.2078431	
  .00008	-.509804	-.2156863	
  .0000801	-.5882353	-.2078431	
  .0000802	-.509804	-.2078431	
  .0000803	-.5882353	-.2	
  .0000804	-.509804	-.1921569	
  .0000805	-.5882353	-.2	
  .0000806	-.6666667	-.2	
  .0000807	-.5882353	-.2156863	
  .0000808	-.5882353	-.2	
  .0000809	-.7450981	-.2	
  .000081	-.6666667	-.1921569	
  .0000811	-.7450981	-.2	
  .0000812	-.7450981	-.1921569	
  .0000813	-.7450981	-.1921569	
  .0000814	-.9019608	-.1921569	
  .0000815	-.9019608	-.1843137	
  .0000816	-.7450981	-.1843137	
  .0000817	-.9019608	-.1843137	
  .0000818	-.9019608	-.1764706	
  .0000819	-.9803922	-.1764706	
  .000082	-.9803922	-.1764706	
  .0000821	-.9803922	-.1764706	
  .0000822	-.9803922	-.1686275	
  .0000823	-.9803922	-.1607843	
  .0000824	-1.058824	-.1764706	
  .0000825	-.9803922	-.1686275	
  .0000826	-1.137255	-.1607843	
  .0000827	-.9803922	-.1607843	
  .0000828	-1.137255	-.1686275	
  .0000829	-1.058824	-.1607843	
  .000083	-1.137255	-.1529412	
  .0000831	-1.215686	-.1529412	
  .0000832	-1.137255	-.1529412	
  .0000833	-1.215686	-.1529412	
  .0000834	-1.294118	-.1529412	
  .0000835	-1.215686	-.145098	
  .0000836	-1.215686	-.1372549	
  .0000837	-1.294118	-.1372549	
  .0000838	-1.372549	-.1372549	
  .0000839	-1.45098	-.1372549	
  .000084	-1.45098	-.145098	
  .0000841	-1.45098	-.145098	
  .0000842	-1.45098	-.1372549	
  .0000843	-1.45098	-.145098	
  .0000844	-1.45098	-.1372549	
  .0000845	-1.45098	-.1294118	
  .0000846	-1.529412	-.1372549	
  .0000847	-1.529412	-.1215686	
  .0000848	-1.607843	-.1215686	
  .0000849	-1.529412	-.1137255	
  .000085	-1.607843	-.1137255	
  .0000851	-1.607843	-.1137255	
  .0000852	-1.686275	-.1215686	
  .0000853	-1.686275	-.1137255	
  .0000854	-1.686275	-.1137255	
  .0000855	-1.764706	-.1137255	
  .0000856	-1.686275	-.1137255	
  .0000857	-1.764706	-.1137255	
  .0000858	-1.686275	-.1137255	
  .0000859	-1.764706	-.1137255	
  .000086	-1.764706	-9.803922E-02	
  .0000861	-1.843137	-.1058824	
  .0000862	-1.843137	-.1058824	
  .0000863	-1.843137	-9.803922E-02	
  .0000864	-1.921569	-9.019608E-02	
  .0000865	-2	-9.019608E-02	
  .0000866	-1.764706	-9.019608E-02	
  .0000867	-2	-9.019608E-02	
  .0000868	-1.921569	-8.235294E-02	
  .0000869	-1.921569	-8.235294E-02	
  .000087	-1.921569	-8.235294E-02	
  .0000871	-2	-8.235294E-02	
  .0000872	-2.078431	-9.019608E-02	
  .0000873	-2.156863	-7.450981E-02	
  .0000874	-2	-7.450981E-02	
  .0000875	-2.156863	-7.450981E-02	
  .0000876	-2.078431	-7.450981E-02	
  .0000877	-2.078431	-7.450981E-02	
  .0000878	-2.078431	-6.666667E-02	
  .0000879	-2.078431	-5.882353E-02	
  .000088	-2.156863	-6.666667E-02	
  .0000881	-2.156863	-5.882353E-02	
  .0000882	-2.156863	-6.666667E-02	
  .0000883	-2.156863	-5.098039E-02	
  .0000884	-2.235294	-5.882353E-02	
  .0000885	-2.235294	-5.098039E-02	
  .0000886	-2.235294	-5.098039E-02	
  .0000887	-2.313725	-5.098039E-02	
  .0000888	-2.313725	-5.098039E-02	
  .0000889	-2.392157	-4.313726E-02	
  .000089	-2.313725	-5.098039E-02	
  .0000891	-2.392157	-5.098039E-02	
  .0000892	-2.392157	-4.313726E-02	
  .0000893	-2.470588	-3.529412E-02	
  .0000894	-2.470588	-5.098039E-02	
  .0000895	-2.470588	-3.529412E-02	
  .0000896	-2.470588	-3.529412E-02	
  .0000897	-2.627451	-2.745098E-02	
  .0000898	-2.470588	-2.745098E-02	
  .0000899	-2.54902	-2.745098E-02	
  .00009	-2.54902	-2.745098E-02	
  .0000901	-2.54902	-1.960784E-02	
  .0000902	-2.627451	-1.176471E-02	
  .0000903	-2.54902	-1.176471E-02	
  .0000904	-2.54902	-1.176471E-02	
  .0000905	-2.627451	-1.960784E-02	
  .0000906	-2.627451	-1.960784E-02	
  .0000907	-2.705882	-1.960784E-02	
  .0000908	-2.705882	-1.176471E-02	
  .0000909	-2.705882	-1.176471E-02	
  .000091	-2.627451	-1.176471E-02	
  .0000911	-2.705882	-1.176471E-02	
  .0000912	-2.705882	-1.176471E-02	
  .0000913	-2.705882	-3.921569E-03	
  .0000914	-2.784314	 3.921569E-03	
  .0000915	-2.705882	 1.176471E-02	
  .0000916	-2.784314	 3.921569E-03	
  .0000917	-2.784314	 3.921569E-03	
  .0000918	-2.784314	 1.176471E-02	
  .0000919	-2.784314	 1.176471E-02	
  .000092	-2.784314	 1.176471E-02	
  .0000921	-2.941176	 1.176471E-02	
  .0000922	-2.862745	 2.745098E-02	
  .0000923	-2.941176	 1.176471E-02	
  .0000924	-2.862745	 1.960784E-02	
  .0000925	-2.862745	 1.960784E-02	
  .0000926	-2.941176	 2.745098E-02	
  .0000927	-2.862745	 1.960784E-02	
  .0000928	-2.862745	 1.960784E-02	
  .0000929	-2.862745	 3.529412E-02	
  .000093	-2.941176	 1.960784E-02	
  .0000931	-2.941176	 3.529412E-02	
  .0000932	-3.098039	 3.529412E-02	
  .0000933	-2.941176	 4.313726E-02	
  .0000934	-3.019608	 4.313726E-02	
  .0000935	-3.019608	 5.098039E-02	
  .0000936	-3.019608	 5.882353E-02	
  .0000937	-2.941176	 5.882353E-02	
  .0000938	-3.098039	 5.098039E-02	
  .0000939	-3.098039	 4.313726E-02	
  .000094	-3.098039	 4.313726E-02	
  .0000941	-3.176471	 4.313726E-02	
  .0000942	-3.098039	 4.313726E-02	
  .0000943	-3.176471	 5.098039E-02	
  .0000944	-3.098039	 5.098039E-02	
  .0000945	-3.176471	 5.098039E-02	
  .0000946	-3.176471	 5.882353E-02	
  .0000947	-3.254902	 5.882353E-02	
  .0000948	-3.098039	 5.882353E-02	
  .0000949	-3.176471	 7.450981E-02	
  .000095	-3.176471	 8.235294E-02	
  .0000951	-3.254902	 7.450981E-02	
  .0000952	-3.254902	 7.450981E-02	
  .0000953	-3.254902	 7.450981E-02	
  .0000954	-3.254902	 7.450981E-02	
  .0000955	-3.176471	 7.450981E-02	
  .0000956	-3.254902	 7.450981E-02	
  .0000957	-3.254902	 8.235294E-02	
  .0000958	-3.333333	 7.450981E-02	
  .0000959	-3.254902	 9.019608E-02	
  .000096	-3.333333	 8.235294E-02	
  .0000961	-3.411765	 8.235294E-02	
  .0000962	-3.254902	 8.235294E-02	
  .0000963	-3.411765	 9.019608E-02	
  .0000964	-3.411765	 9.803922E-02	
  .0000965	-3.254902	 9.803922E-02	
  .0000966	-3.411765	 9.803922E-02	
  .0000967	-3.333333	 .1058824	
  .0000968	-3.333333	 .1058824	
  .0000969	-3.333333	 9.803922E-02	
  .000097	-3.411765	 .1058824	
  .0000971	-3.490196	 9.803922E-02	
  .0000972	-3.411765	 .1137255	
  .0000973	-3.490196	 .1137255	
  .0000974	-3.490196	 9.803922E-02	
  .0000975	-3.490196	 .1137255	
  .0000976	-3.411765	 .1058824	
  .0000977	-3.490196	 .1058824	
  .0000978	-3.411765	 .1137255	
  .0000979	-3.490196	 .1215686	
  .000098	-3.411765	 .1215686	
  .0000981	-3.411765	 .1215686	
  .0000982	-3.490196	 .1215686	
  .0000983	-3.490196	 .1294118	
  .0000984	-3.411765	 .1372549	
  .0000985	-3.490196	 .1372549	
  .0000986	-3.568627	 .1294118	
  .0000987	-3.490196	 .1372549	
  .0000988	-3.568627	 .1372549	
  .0000989	-3.568627	 .145098	
  .000099	-3.490196	 .1294118	
  .0000991	-3.568627	 .1294118	
  .0000992	-3.647059	 .1372549	
  .0000993	-3.568627	 .1372549	
  .0000994	-3.647059	 .1372549	
  .0000995	-3.490196	 .1372549	
  .0000996	-3.568627	 .145098	
  .0000997	-3.490196	 .145098	
  .0000998	-3.568627	 .145098	
  .0000999	-3.568627	 .1529412	
  .0001	-3.647059	 .1529412	
  .0001001	-3.647059	 .1529412	
  .0001002	-3.490196	 .1607843	
  .0001003	-3.568627	 .1607843	
  .0001004	-3.568627	 .1607843	
  .0001005	-3.647059	 .1607843	
  .0001006	-3.647059	 .1529412	
  .0001007	-3.647059	 .1529412	
  .0001008	-3.490196	 .1529412	
  .0001009	-3.568627	 .1607843	
  .000101	-3.647059	 .1607843	
  .0001011	-3.647059	 .1529412	
  .0001012	-3.568627	 .1686275	
  .0001013	-3.647059	 .1607843	
  .0001014	-3.490196	 .1686275	
  .0001015	-3.647059	 .1686275	
  .0001016	-3.647059	 .1686275	
  .0001017	-3.647059	 .1686275	
  .0001018	-3.568627	 .1843137	
  .0001019	-3.647059	 .1764706	
  .000102	-3.647059	 .1686275	
  .0001021	-3.647059	 .1921569	
  .0001022	-3.72549	 .1764706	
  .0001023	-3.568627	 .1843137	
  .0001024	-3.647059	 .1843137	
  .0001025	-3.647059	 .1921569	
  .0001026	-3.647059	 .1921569	
  .0001027	-3.568627	 .1764706	
  .0001028	-3.568627	 .1921569	
  .0001029	-3.647059	 .1921569	
  .000103	-3.568627	 .2	
  .0001031	-3.72549	 .2	
  .0001032	-3.647059	 .2	
  .0001033	-3.568627	 .2	
  .0001034	-3.647059	 .2078431	
  .0001035	-3.647059	 .2156863	
  .0001036	-3.647059	 .2078431	
  .0001037	-3.568627	 .2078431	
  .0001038	-3.72549	 .2078431	
  .0001039	-3.647059	 .2078431	
  .000104	-3.568627	 .2078431	
  .0001041	-3.647059	 .2078431	
  .0001042	-3.568627	 .2	
  .0001043	-3.568627	 .2078431	
  .0001044	-3.647059	 .2078431	
  .0001045	-3.568627	 .2078431	
  .0001046	-3.568627	 .2078431	
  .0001047	-3.490196	 .2156863	
  .0001048	-3.647059	 .2235294	
  .0001049	-3.568627	 .2235294	
  .000105	-3.568627	 .2235294	
  .0001051	-3.568627	 .2235294	
  .0001052	-3.568627	 .2156863	
  .0001053	-3.647059	 .2313726	
  .0001054	-3.647059	 .2235294	
  .0001055	-3.647059	 .2235294	
  .0001056	-3.568627	 .2156863	
  .0001057	-3.568627	 .2156863	
  .0001058	-3.568627	 .2235294	
  .0001059	-3.568627	 .2235294	
  .000106	-3.568627	 .2235294	
  .0001061	-3.490196	 .2235294	
  .0001062	-3.568627	 .2313726	
  .0001063	-3.647059	 .2392157	
  .0001064	-3.490196	 .2313726	
  .0001065	-3.647059	 .2392157	
  .0001066	-3.490196	 .2392157	
  .0001067	-3.568627	 .2470588	
  .0001068	-3.568627	 .2470588	
  .0001069	-3.568627	 .2392157	
  .000107	-3.490196	 .2313726	
  .0001071	-3.568627	 .2392157	
  .0001072	-3.568627	 .2470588	
  .0001073	-3.490196	 .2392157	
  .0001074	-3.568627	 .2470588	
  .0001075	-3.254902	 .2392157	
  .0001076	-3.176471	 .2392157	
  .0001077	-3.176471	 .2392157	
  .0001078	-3.019608	 .254902	
  .0001079	-3.254902	 .254902	
  .000108	-3.176471	 .2470588	
  .0001081	-3.176471	 .2470588	
  .0001082	-3.176471	 .2627451	
  .0001083	-3.098039	 .2627451	
  .0001084	-3.176471	 .254902	
  .0001085	-3.176471	 .254902	
  .0001086	-3.176471	 .254902	
  .0001087	-3.176471	 .2627451	
  .0001088	-3.019608	 .254902	
  .0001089	-3.019608	 .2392157	
  .000109	-3.098039	 .2470588	
  .0001091	-3.019608	 .2470588	
  .0001092	-3.019608	 .2392157	
  .0001093	-3.098039	 .2470588	
  .0001094	-3.176471	 .2470588	
  .0001095	-3.333333	 .254902	
  .0001096	-3.72549	 .254902	
  .0001097	-9.921569	 .2470588	
  .0001098	 4.509804	 .254902	
  .0001099	-.7450981	 .2627451	
  .00011	-7.333333	 .2627451	
  .0001101	-2.078431	 .2784314	
  .0001102	-2.470588	 .2627451	
  .0001103	-4.039216	 .2627451	
  .0001104	-3.098039	 .2705882	
  .0001105	-3.019608	 .2627451	
  .0001106	-3.333333	 .254902	
  .0001107	-3.176471	 .2627451	
  .0001108	-3.176471	 .2627451	
  .0001109	-3.176471	 .2627451	
  .000111	-3.254902	 .254902	
  .0001111	-3.254902	 .254902	
  .0001112	-3.176471	 .2627451	
  .0001113	-3.176471	 .2705882	
  .0001114	-3.098039	 .2705882	
  .0001115	-3.098039	 .2705882	
  .0001116	-3.176471	 .2705882	
  .0001117	-3.098039	 .2705882	
  .0001118	-3.098039	 .2784314	
  .0001119	-3.098039	 .2705882	
  .000112	-3.176471	 .2862745	
  .0001121	-3.176471	 .2705882	
  .0001122	-3.019608	 .2705882	
  .0001123	-3.176471	 .2784314	
  .0001124	-3.019608	 .2705882	
  .0001125	-3.098039	 .2705882	
  .0001126	-2.941176	 .2705882	
  .0001127	-3.019608	 .2784314	
  .0001128	-3.019608	 .2705882	
  .0001129	-3.019608	 .2784314	
  .000113	-3.019608	 .2784314	
  .0001131	-3.019608	 .2784314	
  .0001132	-2.941176	 .2784314	
  .0001133	-3.019608	 .2862745	
  .0001134	-3.019608	 .2941177	
  .0001135	-3.019608	 .2862745	
  .0001136	-3.019608	 .2862745	
  .0001137	-3.019608	 .2862745	
  .0001138	-3.019608	 .2784314	
  .0001139	-2.941176	 .2705882	
  .000114	-2.941176	 .2784314	
  .0001141	-2.941176	 .2784314	
  .0001142	-2.862745	 .2705882	
  .0001143	-2.941176	 .2705882	
  .0001144	-2.784314	 .2862745	
  .0001145	-3.019608	 .2784314	
  .0001146	-2.862745	 .2784314	
  .0001147	-2.941176	 .2862745	
  .0001148	-2.862745	 .2862745	
  .0001149	-2.862745	 .2784314	
  .000115	-2.862745	 .2862745	
  .0001151	-2.862745	 .2862745	
  .0001152	-2.784314	 .2862745	
  .0001153	-2.862745	 .2784314	
  .0001154	-2.784314	 .2784314	
  .0001155	-2.784314	 .2784314	
  .0001156	-2.784314	 .2784314	
  .0001157	-2.705882	 .2784314	
  .0001158	-2.784314	 .2784314	
  .0001159	-2.784314	 .2862745	
  .000116	-2.627451	 .2784314	
  .0001161	-2.705882	 .2862745	
  .0001162	-2.705882	 .2862745	
  .0001163	-2.627451	 .2862745	
  .0001164	-2.627451	 .2862745	
  .0001165	-2.705882	 .2941177	
  .0001166	-2.705882	 .2941177	
  .0001167	-2.705882	 .2862745	
  .0001168	-2.627451	 .2941177	
  .0001169	-2.627451	 .2784314	
  .000117	-2.705882	 .2862745	
  .0001171	-2.627451	 .2862745	
  .0001172	-2.627451	 .2862745	
  .0001173	-2.470588	 .2862745	
  .0001174	-2.54902	 .2784314	
  .0001175	-2.54902	 .2784314	
  .0001176	-2.470588	 .2862745	
  .0001177	-2.470588	 .2862745	
  .0001178	-2.54902	 .2862745	
  .0001179	-2.470588	 .2862745	
  .000118	-2.470588	 .2862745	
  .0001181	-2.470588	 .2941177	
  .0001182	-2.470588	 .2862745	
  .0001183	-2.470588	 .2941177	
  .0001184	-2.470588	 .2862745	
  .0001185	-2.392157	 .2862745	
  .0001186	-2.470588	 .2941177	
  .0001187	-2.313725	 .2784314	
  .0001188	-2.313725	 .2784314	
  .0001189	-2.313725	 .2784314	
  .000119	-2.392157	 .2784314	
  .0001191	-2.313725	 .2784314	
  .0001192	-2.313725	 .2784314	
  .0001193	-2.235294	 .2784314	
  .0001194	-2.313725	 .2862745	
  .0001195	-2.156863	 .2862745	
  .0001196	-2.392157	 .2862745	
  .0001197	-2.235294	 .2862745	
  .0001198	-2.235294	 .2862745	
  .0001199	-2.156863	 .2862745	
  .00012	-2.156863	 .2862745	
  .0001201	-2.078431	 .2862745	
  .0001202	-2.156863	 .2784314	
  .0001203	-2.156863	 .2862745	
  .0001204	-2.078431	 .2784314	
  .0001205	-2	 .2705882	
  .0001206	-1.843137	 .2705882	
  .0001207	-1.764706	 .2784314	
  .0001208	-1.843137	 .2705882	
  .0001209	-1.843137	 .2705882	
  .000121	-1.764706	 .2705882	
  .0001211	-1.843137	 .2784314	
  .0001212	-1.764706	 .2705882	
  .0001213	-1.764706	 .2705882	
  .0001214	-1.843137	 .2784314	
  .0001215	-1.764706	 .2784314	
  .0001216	-1.843137	 .2784314	
  .0001217	-1.686275	 .2784314	
  .0001218	-1.843137	 .2784314	
  .0001219	-1.764706	 .2862745	
  .000122	-1.764706	 .2627451	
  .0001221	-1.686275	 .2705882	
  .0001222	-1.764706	 .2784314	
  .0001223	-1.607843	 .2705882	
  .0001224	-1.686275	 .2705882	
  .0001225	-1.686275	 .2627451	
  .0001226	-1.529412	 .2705882	
  .0001227	-1.607843	 .2705882	
  .0001228	-1.529412	 .2705882	
  .0001229	-1.607843	 .2784314	
  .000123	-1.607843	 .2784314	
  .0001231	-1.45098	 .2627451	
  .0001232	-1.529412	 .2784314	
  .0001233	-1.529412	 .2784314	
  .0001234	-1.529412	 .2705882	
  .0001235	-1.607843	 .2784314	
  .0001236	-1.607843	 .2705882	
  .0001237	-1.529412	 .2627451	
  .0001238	-1.45098	 .254902	
  .0001239	-1.45098	 .254902	
  .000124	-1.372549	 .254902	
  .0001241	-1.294118	 .2627451	
  .0001242	-1.45098	 .254902	
  .0001243	-1.372549	 .2627451	
  .0001244	-1.372549	 .254902	
  .0001245	-1.372549	 .254902	
  .0001246	-1.372549	 .2627451	
  .0001247	-1.294118	 .2627451	
  .0001248	-1.294118	 .2627451	
  .0001249	-1.294118	 .2627451	
  .000125	-1.215686	 .254902	
  .0001251	-1.294118	 .254902	
  .0001252	-1.294118	 .254902	
  .0001253	-1.215686	 .2392157	
  .0001254	-1.215686	 .2470588	
  .0001255	-1.137255	 .2470588	
  .0001256	-1.137255	 .2470588	
  .0001257	-1.137255	 .2392157	
  .0001258	-1.137255	 .2392157	
  .0001259	-1.137255	 .2470588	
  .000126	-1.215686	 .2470588	
  .0001261	-1.058824	 .254902	
  .0001262	-1.058824	 .254902	
  .0001263	-1.137255	 .2470588	
  .0001264	-1.058824	 .254902	
  .0001265	-.9803922	 .2470588	
  .0001266	-1.058824	 .254902	
  .0001267	-1.058824	 .254902	
  .0001268	-1.058824	 .2470588	
  .0001269	-1.058824	 .2470588	
  .000127	-.8235294	 .2470588	
  .0001271	-.9803922	 .2392157	
  .0001272	-.9803922	 .2392157	
  .0001273	-.8235294	 .2392157	
  .0001274	-.9803922	 .2313726	
  .0001275	-.9019608	 .2392157	
  .0001276	-.9019608	 .2470588	
  .0001277	-.8235294	 .2470588	
  .0001278	-.9019608	 .2392157	
  .0001279	-.8235294	 .2392157	
  .000128	-.7450981	 .2392157	
  .0001281	-.8235294	 .2392157	
  .0001282	-.8235294	 .2313726	
  .0001283	-.8235294	 .2392157	
  .0001284	-.8235294	 .2313726	
  .0001285	-.8235294	 .2313726	
  .0001286	-.7450981	 .2313726	
  .0001287	-.6666667	 .2156863	
  .0001288	-.6666667	 .2235294	
  .0001289	-.6666667	 .2156863	
  .000129	-.6666667	 .2235294	
  .0001291	-.6666667	 .2235294	
  .0001292	-.5882353	 .2235294	
  .0001293	-.5882353	 .2235294	
  .0001294	-.509804	 .2235294	
  .0001295	-.6666667	 .2313726	
  .0001296	-.5882353	 .2235294	
  .0001297	-.5882353	 .2235294	
  .0001298	-.5882353	 .2235294	
  .0001299	-.509804	 .2313726	
  .00013	-.5882353	 .2235294	
  .0001301	-.509804	 .2235294	
  .0001302	-.4313726	 .2156863	
  .0001303	-.509804	 .2078431	
  .0001304	-.509804	 .2078431	
  .0001305	-.4313726	 .2078431	
  .0001306	-.509804	 .2078431	
  .0001307	-.4313726	 .2156863	
  .0001308	-.509804	 .2	
  .0001309	-.4313726	 .2078431	
  .000131	-.4313726	 .2156863	
  .0001311	-.2745098	 .2078431	
  .0001312	-.4313726	 .2078431	
  .0001313	-.4313726	 .2078431	
  .0001314	-.3529412	 .2078431	
  .0001315	-.3529412	 .2078431	
  .0001316	-.2745098	 .2156863	
  .0001317	-.2745098	 .2	
  .0001318	-.2745098	 .2156863	
  .0001319	-.1960784	 .1921569	
  .000132	-.1960784	 .2	
  .0001321	-.1960784	 .2078431	
  .0001322	-.1960784	 .2	
  .0001323	-.1176471	 .1921569	
  .0001324	-.1176471	 .1921569	
  .0001325	-3.921569E-02	 .2	
  .0001326	-3.921569E-02	 .2	
  .0001327	-3.921569E-02	 .2	
  .0001328	-3.921569E-02	 .2	
  .0001329	-3.921569E-02	 .2	
  .000133	 3.921569E-02	 .1921569	
  .0001331	-3.921569E-02	 .1921569	
  .0001332	 3.921569E-02	 .2	
  .0001333	-3.921569E-02	 .2	
  .0001334	-.1176471	 .2	
  .0001335	-3.921569E-02	 .1843137	
  .0001336	 3.921569E-02	 .1843137	
  .0001337	 3.921569E-02	 .1764706	
  .0001338	 .1176471	 .1764706	
  .0001339	 3.921569E-02	 .1764706	
  .000134	 .1176471	 .1686275	
  .0001341	 3.921569E-02	 .1764706	
  .0001342	 .1960784	 .1843137	
  .0001343	 .1176471	 .1764706	
  .0001344	 .2745098	 .1764706	
  .0001345	 .1960784	 .1764706	
  .0001346	 .1960784	 .1764706	
  .0001347	 .1960784	 .1764706	
  .0001348	 .2745098	 .1764706	
  .0001349	 .1960784	 .1686275	
  .000135	 .1960784	 .1686275	
  .0001351	 .2745098	 .1686275	
  .0001352	 .2745098	 .1607843	
  .0001353	 .3529412	 .1607843	
  .0001354	 .3529412	 .1607843	
  .0001355	 .2745098	 .1686275	
  .0001356	 .2745098	 .1607843	
  .0001357	 .2745098	 .1529412	
  .0001358	 .3529412	 .1529412	
  .0001359	 .4313726	 .1607843	
  .000136	 .3529412	 .1607843	
  .0001361	 .509804	 .1607843	
  .0001362	 .4313726	 .1607843	
  .0001363	 .509804	 .1607843	
  .0001364	 .4313726	 .1607843	
  .0001365	 .5882353	 .1529412	
  .0001366	 .4313726	 .1529412	
  .0001367	 .509804	 .145098	
  .0001368	 .509804	 .145098	
  .0001369	 .5882353	 .1529412	
  .000137	 .509804	 .145098	
  .0001371	 .5882353	 .145098	
  .0001372	 .5882353	 .1372549	
  .0001373	 .6666667	 .1372549	
  .0001374	 .6666667	 .145098	
  .0001375	 .5882353	 .1529412	
  .0001376	 .5882353	 .1372549	
  .0001377	 .7450981	 .145098	
  .0001378	 .7450981	 .1372549	
  .0001379	 .8235294	 .145098	
  .000138	 .6666667	 .1372549	
  .0001381	 .7450981	 .145098	
  .0001382	 .7450981	 .1372549	
  .0001383	 .7450981	 .1372549	
  .0001384	 .8235294	 .1372549	
  .0001385	 .8235294	 .1294118	
  .0001386	 .8235294	 .1215686	
  .0001387	 .8235294	 .1215686	
  .0001388	 .8235294	 .1215686	
  .0001389	 .7450981	 .1137255	
  .000139	 .8235294	 .1137255	
  .0001391	 .9019608	 .1137255	
  .0001392	 .7450981	 .1294118	
  .0001393	 .9019608	 .1137255	
  .0001394	 .9019608	 .1215686	
  .0001395	 .9019608	 .1137255	
  .0001396	 .9019608	 .1137255	
  .0001397	 .9019608	 .1215686	
  .0001398	 .9803922	 .1215686	
  .0001399	 .9019608	 .1137255	
  .00014	 .9803922	 .1137255	
  .0001401	 .9803922	 9.803922E-02	
  .0001402	 .9803922	 9.803922E-02	
  .0001403	 .9803922	 9.803922E-02	
  .0001404	 1.058824	 9.019608E-02	
  .0001405	 .9803922	 9.803922E-02	
  .0001406	 .9803922	 9.803922E-02	
  .0001407	 1.058824	 9.803922E-02	
  .0001408	 1.058824	 9.803922E-02	
  .0001409	 .9019608	 9.803922E-02	
  .000141	 1.137255	 9.019608E-02	
  .0001411	 .9803922	 9.019608E-02	
  .0001412	 1.058824	 9.803922E-02	
  .0001413	 1.215686	 9.019608E-02	
  .0001414	 1.215686	 9.019608E-02	
  .0001415	 1.137255	 9.019608E-02	
  .0001416	 1.137255	 8.235294E-02	
  .0001417	 1.215686	 9.803922E-02	
  .0001418	 1.215686	 9.019608E-02	
  .0001419	 1.215686	 8.235294E-02	
  .000142	 1.215686	 9.019608E-02	
  .0001421	 1.294118	 8.235294E-02	
  .0001422	 1.294118	 8.235294E-02	
  .0001423	 1.215686	 7.450981E-02	
  .0001424	 1.372549	 9.019608E-02	
  .0001425	 1.294118	 7.450981E-02	
  .0001426	 1.372549	 7.450981E-02	
  .0001427	 1.294118	 9.019608E-02	
  .0001428	 1.294118	 7.450981E-02	
  .0001429	 1.372549	 7.450981E-02	
  .000143	 1.294118	 8.235294E-02	
  .0001431	 1.372549	 8.235294E-02	
  .0001432	 1.45098	 8.235294E-02	
  .0001433	 1.294118	 7.450981E-02	
  .0001434	 1.372549	 6.666667E-02	
  .0001435	 1.372549	 5.882353E-02	
  .0001436	 1.45098	 5.882353E-02	
  .0001437	 1.372549	 5.882353E-02	
  .0001438	 1.45098	 5.882353E-02	
  .0001439	 1.529412	 4.313726E-02	
  .000144	 1.45098	 5.882353E-02	
  .0001441	 1.45098	 5.882353E-02	
  .0001442	 1.529412	 5.882353E-02	
  .0001443	 1.529412	 5.098039E-02	
  .0001444	 1.529412	 5.882353E-02	
  .0001445	 1.45098	 5.882353E-02	
  .0001446	 1.529412	 4.313726E-02	
  .0001447	 1.529412	 5.882353E-02	
  .0001448	 1.529412	 5.098039E-02	
  .0001449	 1.45098	 5.098039E-02	
  .000145	 1.607843	 5.098039E-02	
  .0001451	 1.529412	 4.313726E-02	
  .0001452	 1.607843	 4.313726E-02	
  .0001453	 1.529412	 4.313726E-02	
  .0001454	 1.607843	 4.313726E-02	
  .0001455	 1.607843	 3.529412E-02	
  .0001456	 1.607843	 4.313726E-02	
  .0001457	 1.607843	 2.745098E-02	
  .0001458	 1.607843	 4.313726E-02	
  .0001459	 1.607843	 4.313726E-02	
  .000146	 1.686275	 3.529412E-02	
  .0001461	 1.686275	 3.529412E-02	
  .0001462	 1.686275	 4.313726E-02	
  .0001463	 1.764706	 3.529412E-02	
  .0001464	 1.764706	 2.745098E-02	
  .0001465	 1.607843	 3.529412E-02	
  .0001466	 1.686275	 3.529412E-02	
  .0001467	 1.843137	 2.745098E-02	
  .0001468	 1.764706	 2.745098E-02	
  .0001469	 1.764706	 1.960784E-02	
  .000147	 1.764706	 2.745098E-02	
  .0001471	 1.764706	 1.960784E-02	
  .0001472	 1.843137	 1.960784E-02	
  .0001473	 1.921569	 1.960784E-02	
  .0001474	 1.764706	 2.745098E-02	
  .0001475	 1.764706	 2.745098E-02	
  .0001476	 1.843137	 1.960784E-02	
  .0001477	 1.921569	 1.960784E-02	
  .0001478	 1.921569	 2.745098E-02	
  .0001479	 1.843137	 1.960784E-02	
  .000148	 1.764706	 1.176471E-02	
  .0001481	 1.843137	 1.176471E-02	
  .0001482	 1.921569	 3.921569E-03	
  .0001483	 1.843137	 1.176471E-02	
  .0001484	 2	 3.921569E-03	
  .0001485	 2	-3.921569E-03	
  .0001486	 1.921569	-3.921569E-03	
  .0001487	 1.921569	 3.921569E-03	
  .0001488	 1.921569	-3.921569E-03	
  .0001489	 1.921569	-3.921569E-03	
  .000149	 2	-3.921569E-03	
  .0001491	 1.921569	 3.921569E-03	
  .0001492	 2	-3.921569E-03	
  .0001493	 2	-3.921569E-03	
  .0001494	 1.921569	-3.921569E-03	
  .0001495	 2	-3.921569E-03	
  .0001496	 1.921569	-1.176471E-02	
  .0001497	 2	 3.921569E-03	
  .0001498	 2	-3.921569E-03	
  .0001499	 1.843137	-1.960784E-02	
  .00015	 2.078431	-1.176471E-02	
  .0001501	 2	-1.960784E-02	
  .0001502	 1.921569	-1.176471E-02	
  .0001503	 2	-1.960784E-02	
  .0001504	 2	-1.960784E-02	
  .0001505	 2	-1.960784E-02	
  .0001506	 2.078431	-1.960784E-02	
  .0001507	 2	-1.960784E-02	
  .0001508	 2	-1.960784E-02	
  .0001509	 2.156863	-1.960784E-02	
  .000151	 2.078431	-1.960784E-02	
  .0001511	 2.156863	-2.745098E-02	
  .0001512	 2.078431	-2.745098E-02	
  .0001513	 2.156863	-2.745098E-02	
  .0001514	 2.078431	-2.745098E-02	
  .0001515	 2.078431	-2.745098E-02	
  .0001516	 2.156863	-1.960784E-02	
  .0001517	 2.156863	-2.745098E-02	
  .0001518	 2.235294	-3.529412E-02	
  .0001519	 2.078431	-2.745098E-02	
  .000152	 2.078431	-3.529412E-02	
  .0001521	 2.078431	-3.529412E-02	
  .0001522	 2.156863	-4.313726E-02	
  .0001523	 2.235294	-3.529412E-02	
  .0001524	 2.156863	-4.313726E-02	
  .0001525	 2.235294	-3.529412E-02	
  .0001526	 2.156863	-3.529412E-02	
  .0001527	 2.235294	-3.529412E-02	
  .0001528	 2.235294	-3.529412E-02	
  .0001529	 2.313725	-3.529412E-02	
  .000153	 2.156863	-3.529412E-02	
  .0001531	 2.235294	-4.313726E-02	
  .0001532	 2.235294	-3.529412E-02	
  .0001533	 2.313725	-5.098039E-02	
  .0001534	 2.235294	-5.882353E-02	
  .0001535	 2.235294	-5.098039E-02	
  .0001536	 2.235294	-5.882353E-02	
  .0001537	 2.156863	-5.098039E-02	
  .0001538	 2.235294	-5.882353E-02	
  .0001539	 2.235294	-6.666667E-02	
  .000154	 2.313725	-5.098039E-02	
  .0001541	 2.235294	-5.098039E-02	
  .0001542	 2.313725	-5.098039E-02	
  .0001543	 2.235294	-5.882353E-02	
  .0001544	 2.313725	-5.882353E-02	
  .0001545	 2.235294	-6.666667E-02	
  .0001546	 2.313725	-6.666667E-02	
  .0001547	 2.235294	-5.882353E-02	
  .0001548	 2.235294	-5.882353E-02	
  .0001549	 2.392157	-6.666667E-02	
  .000155	 2.313725	-7.450981E-02	
  .0001551	 2.313725	-6.666667E-02	
  .0001552	 2.313725	-7.450981E-02	
  .0001553	 2.313725	-6.666667E-02	
  .0001554	 2.392157	-7.450981E-02	
  .0001555	 2.313725	-7.450981E-02	
  .0001556	 2.392157	-7.450981E-02	
  .0001557	 2.313725	-6.666667E-02	
  .0001558	 2.313725	-6.666667E-02	
  .0001559	 2.470588	-7.450981E-02	
  .000156	 2.392157	-7.450981E-02	
  .0001561	 2.392157	-5.882353E-02	
  .0001562	 2.392157	-7.450981E-02	
  .0001563	 2.392157	-8.235294E-02	
  .0001564	 2.235294	-7.450981E-02	
  .0001565	 2.313725	-8.235294E-02	
  .0001566	 2.313725	-8.235294E-02	
  .0001567	 2.392157	-8.235294E-02	
  .0001568	 2.313725	-9.019608E-02	
  .0001569	 2.392157	-9.019608E-02	
  .000157	 2.392157	-9.019608E-02	
  .0001571	 2.392157	-9.019608E-02	
  .0001572	 2.470588	-8.235294E-02	
  .0001573	 2.313725	-8.235294E-02	
  .0001574	 2.313725	-8.235294E-02	
  .0001575	 2.392157	-9.019608E-02	
  .0001576	 2.470588	-9.019608E-02	
  .0001577	 2.470588	-9.019608E-02	
  .0001578	 2.313725	-9.019608E-02	
  .0001579	 2.470588	-9.019608E-02	
  .000158	 2.392157	-9.019608E-02	
  .0001581	 2.392157	-9.803922E-02	
  .0001582	 2.313725	-9.803922E-02	
  .0001583	 2.392157	-.1058824	
  .0001584	 2.392157	-.1058824	
  .0001585	 2.313725	-9.803922E-02	
  .0001586	 2.313725	-.1058824	
  .0001587	 2.392157	-.1058824	
  .0001588	 2.392157	-.1058824	
  .0001589	 2.470588	-.1137255	
  .000159	 2.313725	-9.803922E-02	
  .0001591	 2.392157	-9.803922E-02	
  .0001592	 2.392157	-.1058824	
  .0001593	 2.392157	-.1058824	
  .0001594	 2.313725	-.1058824	
  .0001595	 2.392157	-.1058824	
  .0001596	 2.470588	-9.803922E-02	
  .0001597	 2.392157	-.1058824	
  .0001598	 2.392157	-.1137255	
  .0001599	 2.470588	-.1137255	
  .00016	 2.392157	-.1137255	
  .0001601	 2.392157	-.1215686	
  .0001602	 2.392157	-.1215686	
  .0001603	 2.313725	-.1137255	
  .0001604	 2.313725	-.1137255	
  .0001605	 2.392157	-.1215686	
  .0001606	 2.313725	-.1137255	
  .0001607	 2.313725	-.1137255	
  .0001608	 2.470588	-.1137255	
  .0001609	 2.313725	-.1137255	
  .000161	 2.313725	-.1215686	
  .0001611	 2.392157	-.1215686	
  .0001612	 2.313725	-.1215686	
  .0001613	 2.313725	-.1215686	
  .0001614	 2.470588	-.1215686	
  .0001615	 2.470588	-.1137255	
  .0001616	 2.313725	-.1294118	
  .0001617	 2.470588	-.1215686	
  .0001618	 2.313725	-.1137255	
  .0001619	 2.392157	-.1294118	
  .000162	 2.392157	-.1294118	
  .0001621	 2.313725	-.1372549	
  .0001622	 2.392157	-.1215686	
  .0001623	 2.313725	-.1294118	
  .0001624	 2.313725	-.1294118	
  .0001625	 2.313725	-.1215686	
  .0001626	 2.392157	-.1215686	
  .0001627	 2.313725	-.1294118	
  .0001628	 2.392157	-.1215686	
  .0001629	 2.156863	-.1137255	
  .000163	 2.235294	-.1215686	
  .0001631	 2.156863	-.1294118	
  .0001632	 2.156863	-.1372549	
  .0001633	 2.156863	-.1372549	
  .0001634	 2.156863	-.1372549	
  .0001635	 2.235294	-.1372549	
  .0001636	 2.156863	-.1372549	
  .0001637	 2.156863	-.1372549	
  .0001638	 2.156863	-.1372549	
  .0001639	 2.156863	-.1294118	
  .000164	 2.078431	-.1372549	
  .0001641	 2.313725	-.1294118	
  .0001642	 2.078431	-.1372549	
  .0001643	 2.156863	-.1372549	
  .0001644	 2.156863	-.1372549	
  .0001645	 2.156863	-.1372549	
  .0001646	 2.156863	-.1294118	
  .0001647	 2.156863	-.1372549	
  .0001648	 2.156863	-.1372549	
  .0001649	 2.235294	-.145098	
  .000165	 2.156863	-.1372549	
  .0001651	 2.078431	-.145098	
  .0001652	 2.156863	-.145098	
  .0001653	 2.156863	-.145098	
  .0001654	 2.156863	-.1372549	
  .0001655	 2.156863	-.1372549	
  .0001656	 2.156863	-.145098	
  .0001657	 2.156863	-.1372549	
  .0001658	 2.156863	-.145098	
  .0001659	 2.078431	-.1372549	
  .000166	 2.078431	-.145098	
  .0001661	 2.235294	-.1372549	
  .0001662	 2.156863	-.1372549	
  .0001663	 2.156863	-.1372549	
  .0001664	 2.078431	-.145098	
  .0001665	 2.156863	-.1529412	
  .0001666	 2.235294	-.145098	
  .0001667	 2.078431	-.145098	
  .0001668	 2.078431	-.145098	
  .0001669	 2.078431	-.145098	
  .000167	 2.156863	-.1529412	
  .0001671	 2.156863	-.1529412	
  .0001672	 2.078431	-.145098	
  .0001673	 2.078431	-.145098	
  .0001674	 2.156863	-.1529412	
  .0001675	 2.235294	-.145098	
  .0001676	 2.078431	-.1372549	
  .0001677	 2.078431	-.1529412	
  .0001678	 2.078431	-.1529412	
  .0001679	 2	-.1529412	
  .000168	 2.156863	-.1529412	
  .0001681	 2.078431	-.145098	
  .0001682	 2.156863	-.1529412	
  .0001683	 2.078431	-.1529412	
  .0001684	 2.078431	-.145098	
  .0001685	 2	-.1529412	
  .0001686	 2	-.1607843	
  .0001687	 2.078431	-.1529412	
  .0001688	 2.078431	-.1607843	
  .0001689	 2	-.1529412	
  .000169	 2.078431	-.1529412	
  .0001691	 2	-.1529412	
  .0001692	 1.921569	-.145098	
  .0001693	 2	-.1529412	
  .0001694	 2	-.145098	
  .0001695	 2.078431	-.145098	
  .0001696	 2	-.145098	
  .0001697	 2	-.1529412	
  .0001698	 2	-.1607843	
  .0001699	 2	-.1529412	
  .00017	 1.921569	-.1529412	
  .0001701	 1.921569	-.1607843	
  .0001702	 1.843137	-.1607843	
  .0001703	 1.843137	-.1607843	
  .0001704	 1.843137	-.1607843	
  .0001705	 1.921569	-.1607843	
  .0001706	 1.921569	-.1529412	
  .0001707	 2	-.1607843	
  .0001708	 1.843137	-.1529412	
  .0001709	 2	-.1529412	
  .000171	 1.921569	-.1607843	
  .0001711	 2	-.1529412	
  .0001712	 1.921569	-.1607843	
  .0001713	 2	-.1529412	
  .0001714	 1.921569	-.1529412	
  .0001715	 1.921569	-.1607843	
  .0001716	 2	-.1607843	
  .0001717	 1.921569	-.1529412	
  .0001718	 1.921569	-.1529412	
  .0001719	 1.843137	-.1607843	
  .000172	 1.921569	-.1607843	
  .0001721	 2	-.1529412	
  .0001722	 1.921569	-.1607843	
  .0001723	 1.921569	-.1529412	
  .0001724	 1.843137	-.1529412	
  .0001725	 1.764706	-.1607843	
  .0001726	 1.843137	-.1607843	
  .0001727	 1.843137	-.1529412	
  .0001728	 1.843137	-.145098	
  .0001729	 1.843137	-.1607843	
  .000173	 1.686275	-.1529412	
  .0001731	 1.843137	-.1686275	
  .0001732	 1.764706	-.1686275	
  .0001733	 1.764706	-.1607843	
  .0001734	 1.764706	-.1607843	
  .0001735	 1.686275	-.1607843	
  .0001736	 1.764706	-.1607843	
  .0001737	 1.764706	-.1686275	
  .0001738	 1.764706	-.1607843	
  .0001739	 1.686275	-.1607843	
  .000174	 1.764706	-.1529412	
  .0001741	 1.686275	-.1607843	
  .0001742	 1.686275	-.1607843	
  .0001743	 1.764706	-.1607843	
  .0001744	 1.764706	-.1607843	
  .0001745	 1.686275	-.1607843	
  .0001746	 1.686275	-.1529412	
  .0001747	 1.764706	-.1686275	
  .0001748	 1.686275	-.1686275	
  .0001749	 1.686275	-.1607843	
  .000175	 1.607843	-.1686275	
  .0001751	 1.607843	-.1607843	
  .0001752	 1.607843	-.1607843	
  .0001753	 1.686275	-.1607843	
  .0001754	 1.686275	-.1686275	
  .0001755	 1.607843	-.1607843	
  .0001756	 1.607843	-.1607843	
  .0001757	 1.686275	-.1607843	
  .0001758	 1.529412	-.1529412	
  .0001759	 1.607843	-.1529412	
  .000176	 1.764706	-.1529412	
  .0001761	 1.686275	-.1529412	
  .0001762	 1.607843	-.1607843	
  .0001763	 1.607843	-.1607843	
  .0001764	 1.607843	-.1607843	
  .0001765	 1.607843	-.1529412	
  .0001766	 1.529412	-.1607843	
  .0001767	 1.529412	-.1607843	
  .0001768	 1.529412	-.1686275	
  .0001769	 1.45098	-.1607843	
  .000177	 1.529412	-.1529412	
  .0001771	 1.529412	-.1529412	
  .0001772	 1.529412	-.1607843	
  .0001773	 1.607843	-.1529412	
  .0001774	 1.607843	-.1529412	
  .0001775	 1.607843	-.1529412	
  .0001776	 1.45098	-.1529412	
  .0001777	 1.45098	-.1529412	
  .0001778	 1.45098	-.1529412	
  .0001779	 1.45098	-.1607843	
  .000178	 1.45098	-.1529412	
  .0001781	 1.45098	-.1686275	
  .0001782	 1.45098	-.1607843	
  .0001783	 1.372549	-.1529412	
  .0001784	 1.372549	-.1607843	
  .0001785	 1.45098	-.1607843	
  .0001786	 1.372549	-.1607843	
  .0001787	 1.372549	-.1686275	
  .0001788	 1.294118	-.1607843	
  .0001789	 1.45098	-.1607843	
  .000179	 1.215686	-.1529412	
  .0001791	 1.294118	-.1529412	
  .0001792	 1.294118	-.1529412	
  .0001793	 1.372549	-.1529412	
  .0001794	 1.294118	-.1529412	
  .0001795	 1.294118	-.145098	
  .0001796	 1.215686	-.1529412	
  .0001797	 1.294118	-.1607843	
  .0001798	 1.45098	-.1607843	
  .0001799	 1.215686	-.1529412	
  .00018	 1.294118	-.1607843	
  .0001801	 1.137255	-.1529412	
  .0001802	 1.137255	-.1529412	
  .0001803	 1.137255	-.1529412	
  .0001804	 1.058824	-.1607843	
  .0001805	 1.137255	-.145098	
  .0001806	 1.215686	-.1529412	
  .0001807	 1.215686	-.1529412	
  .0001808	 1.137255	-.145098	
  .0001809	 1.137255	-.1529412	
  .000181	 1.058824	-.145098	
  .0001811	 1.137255	-.145098	
  .0001812	 1.215686	-.1529412	
  .0001813	 1.137255	-.145098	
  .0001814	 1.215686	-.145098	
  .0001815	 1.215686	-.145098	
  .0001816	 1.058824	-.1529412	
  .0001817	 1.137255	-.145098	
  .0001818	 1.137255	-.1529412	
  .0001819	 1.058824	-.1529412	
  .000182	 1.137255	-.145098	
  .0001821	 1.058824	-.145098	
  .0001822	 1.137255	-.1372549	
  .0001823	 1.058824	-.1372549	
  .0001824	 1.058824	-.145098	
  .0001825	 1.137255	-.145098	
  .0001826	 .9803922	-.1372549	
  .0001827	 1.058824	-.1372549	
  .0001828	 .9803922	-.1372549	
  .0001829	 .9019608	-.145098	
  .000183	 .9803922	-.145098	
  .0001831	 .9803922	-.145098	
  .0001832	 .9019608	-.145098	
  .0001833	 .9019608	-.1529412	
  .0001834	 .9019608	-.145098	
  .0001835	 .9803922	-.145098	
  .0001836	 .9019608	-.1372549	
  .0001837	 .9019608	-.1372549	
  .0001838	 .9019608	-.145098	
  .0001839	 .9803922	-.1372549	
  .000184	 .8235294	-.1294118	
  .0001841	 .8235294	-.145098	
  .0001842	 .8235294	-.1294118	
  .0001843	 .9019608	-.1372549	
  .0001844	 .8235294	-.1372549	
  .0001845	 .8235294	-.1372549	
  .0001846	 .9019608	-.1372549	
  .0001847	 .9019608	-.145098	
  .0001848	 .9019608	-.145098	
  .0001849	 .8235294	-.145098	
  .000185	 .7450981	-.1372549	
  .0001851	 .7450981	-.1372549	
  .0001852	 .7450981	-.1372549	
  .0001853	 .8235294	-.1372549	
  .0001854	 .6666667	-.1294118	
  .0001855	 .7450981	-.1294118	
  .0001856	 .7450981	-.1294118	
  .0001857	 .6666667	-.1294118	
  .0001858	 .7450981	-.1294118	
  .0001859	 .8235294	-.1294118	
  .000186	 .7450981	-.1294118	
  .0001861	 .5882353	-.1215686	
  .0001862	 .6666667	-.1294118	
  .0001863	 .5882353	-.1294118	
  .0001864	 .6666667	-.1372549	
  .0001865	 .6666667	-.1294118	
  .0001866	 .5882353	-.1294118	
  .0001867	 .5882353	-.1294118	
  .0001868	 .6666667	-.1294118	
  .0001869	 .6666667	-.1215686	
  .000187	 .5882353	-.1215686	
  .0001871	 .5882353	-.1137255	
  .0001872	 .5882353	-.1215686	
  .0001873	 .5882353	-.1294118	
  .0001874	 .5882353	-.1137255	
  .0001875	 .5882353	-.1215686	
  .0001876	 .509804	-.1137255	
  .0001877	 .4313726	-.1137255	
  .0001878	 .4313726	-.1215686	
  .0001879	 .4313726	-.1137255	
  .000188	 .509804	-.1294118	
  .0001881	 .4313726	-.1215686	
  .0001882	 .4313726	-.1215686	
  .0001883	 .4313726	-.1215686	
  .0001884	 .4313726	-.1215686	
  .0001885	 .4313726	-.1215686	
  .0001886	 .4313726	-.1215686	
  .0001887	 .4313726	-.1137255	
  .0001888	 .509804	-.1215686	
  .0001889	 .3529412	-.1137255	
  .000189	 .4313726	-.1058824	
  .0001891	 .2745098	-.1137255	
  .0001892	 .3529412	-.1058824	
  .0001893	 .4313726	-.1058824	
  .0001894	 .2745098	-.1058824	
  .0001895	 .2745098	-.1137255	
  .0001896	 .3529412	-.1137255	
  .0001897	 .3529412	-.1137255	
  .0001898	 .2745098	-.1137255	
  .0001899	 .2745098	-.1137255	
  .00019	 .1960784	-.1137255	
  .0001901	 .1960784	-.1137255	
  .0001902	 .1960784	-.1137255	
  .0001903	 .2745098	-.1137255	
  .0001904	 .2745098	-.1058824	
  .0001905	 .1960784	-.1058824	
  .0001906	 .1176471	-.1058824	
  .0001907	 .2745098	-9.803922E-02	
  .0001908	 .1176471	-.1058824	
  .0001909	 .1176471	-9.803922E-02	
  .000191	 .1176471	-.1058824	
  .0001911	 .1960784	-9.803922E-02	
  .0001912	 .1176471	-9.019608E-02	
  .0001913	 .1176471	-9.803922E-02	
  .0001914	 .1960784	-.1058824	
  .0001915	 3.921569E-02	-9.803922E-02	
  .0001916	 .1176471	-9.803922E-02	
  .0001917	 3.921569E-02	-9.803922E-02	
  .0001918	 .1176471	-.1058824	
  .0001919	 .1960784	-9.019608E-02	
  .000192	 .1176471	-9.803922E-02	
  .0001921	 .1176471	-9.019608E-02	
  .0001922	 3.921569E-02	-9.803922E-02	
  .0001923	-3.921569E-02	-9.803922E-02	
  .0001924	 3.921569E-02	-8.235294E-02	
  .0001925	 3.921569E-02	-9.019608E-02	
  .0001926	 3.921569E-02	-8.235294E-02	
  .0001927	 3.921569E-02	-9.019608E-02	
  .0001928	 3.921569E-02	-9.019608E-02	
  .0001929	-.1176471	-9.803922E-02	
  .000193	-3.921569E-02	-9.803922E-02	
  .0001931	-3.921569E-02	-9.019608E-02	
  .0001932	-.1176471	-9.019608E-02	
  .0001933	-3.921569E-02	-8.235294E-02	
  .0001934	-3.921569E-02	-9.019608E-02	
  .0001935	-3.921569E-02	-8.235294E-02	
  .0001936	-3.921569E-02	-8.235294E-02	
  .0001937	-.1176471	-8.235294E-02	
  .0001938	-3.921569E-02	-8.235294E-02	
  .0001939	-.1960784	-7.450981E-02	
  .000194	-.1176471	-7.450981E-02	
  .0001941	-.1960784	-8.235294E-02	
  .0001942	-.1176471	-7.450981E-02	
  .0001943	-.1960784	-7.450981E-02	
  .0001944	-.2745098	-7.450981E-02	
  .0001945	-.1176471	-8.235294E-02	
  .0001946	-.1960784	-8.235294E-02	
  .0001947	-.1176471	-8.235294E-02	
  .0001948	-.1960784	-7.450981E-02	
  .0001949	-.1960784	-7.450981E-02	
  .000195	-.1960784	-7.450981E-02	
  .0001951	-.2745098	-7.450981E-02	
  .0001952	-.1960784	-8.235294E-02	
  .0001953	-.2745098	-6.666667E-02	
  .0001954	-.3529412	-6.666667E-02	
  .0001955	-.2745098	-6.666667E-02	
  .0001956	-.2745098	-6.666667E-02	
  .0001957	-.2745098	-5.882353E-02	
  .0001958	-.2745098	-6.666667E-02	
  .0001959	-.2745098	-6.666667E-02	
  .000196	-.3529412	-5.882353E-02	
  .0001961	-.3529412	-6.666667E-02	
  .0001962	-.3529412	-6.666667E-02	
  .0001963	-.2745098	-6.666667E-02	
  .0001964	-.2745098	-6.666667E-02	
  .0001965	-.4313726	-6.666667E-02	
  .0001966	-.4313726	-6.666667E-02	
  .0001967	-.4313726	-6.666667E-02	
  .0001968	-.2745098	-5.882353E-02	
  .0001969	-.4313726	-5.098039E-02	
  .000197	-.4313726	-4.313726E-02	
  .0001971	-.4313726	-5.882353E-02	
  .0001972	-.4313726	-5.882353E-02	
  .0001973	-.4313726	-5.098039E-02	
  .0001974	-.3529412	-4.313726E-02	
  .0001975	-.4313726	-5.098039E-02	
  .0001976	-.509804	-5.098039E-02	
  .0001977	-.509804	-5.098039E-02	
  .0001978	-.509804	-5.098039E-02	
  .0001979	-.4313726	-5.882353E-02	
  .000198	-.509804	-5.098039E-02	
  .0001981	-.509804	-5.098039E-02	
  .0001982	-.4313726	-5.098039E-02	
  .0001983	-.4313726	-5.098039E-02	
  .0001984	-.509804	-4.313726E-02	
  .0001985	-.509804	-5.098039E-02	
  .0001986	-.5882353	-4.313726E-02	
  .0001987	-.509804	-4.313726E-02	
  .0001988	-.509804	-5.098039E-02	
  .0001989	-.5882353	-3.529412E-02	
  .000199	-.5882353	-4.313726E-02	
  .0001991	-.5882353	-3.529412E-02	
  .0001992	-.509804	-3.529412E-02	
  .0001993	-.5882353	-3.529412E-02	
  .0001994	-.7450981	-4.313726E-02	
  .0001995	-.6666667	-4.313726E-02	
  .0001996	-.6666667	-5.098039E-02	
  .0001997	-.6666667	-4.313726E-02	
  .0001998	-.6666667	-4.313726E-02	
  .0001999	-.6666667	-3.529412E-02	
  .0002	-.6666667	-4.313726E-02	
  .0002001	-.7450981	-3.529412E-02	
  .0002002	-.7450981	-4.313726E-02	
  .0002003	-.7450981	-3.529412E-02	
  .0002004	-.6666667	-2.745098E-02	
  .0002005	-.6666667	-2.745098E-02	
  .0002006	-.6666667	-3.529412E-02	
  .0002007	-.6666667	-2.745098E-02	
  .0002008	-.8235294	-2.745098E-02	
  .0002009	-.7450981	-2.745098E-02	
  .000201	-.6666667	-1.960784E-02	
  .0002011	-.8235294	-3.921569E-03	
  .0002012	-.7450981	-3.529412E-02	
  .0002013	-.7450981	-2.745098E-02	
  .0002014	-.8235294	-1.960784E-02	
  .0002015	-.8235294	-1.960784E-02	
  .0002016	-.8235294	-2.745098E-02	
  .0002017	-.7450981	-2.745098E-02	
  .0002018	-.6666667	-1.176471E-02	
  .0002019	-.8235294	-2.745098E-02	
  .000202	-.7450981	-1.960784E-02	
  .0002021	-.9019608	-1.176471E-02	
  .0002022	-.9019608	-1.960784E-02	
  .0002023	-.8235294	-1.176471E-02	
  .0002024	-.9019608	-3.921569E-03	
  .0002025	-.8235294	-3.921569E-03	
  .0002026	-.7450981	-3.921569E-03	
  .0002027	-.9019608	-1.176471E-02	
  .0002028	-.9803922	-1.176471E-02	
  .0002029	-.9019608	-1.176471E-02	
  .000203	-.9019608	-1.176471E-02	
  .0002031	-.9803922	-1.176471E-02	
  .0002032	-.8235294	-1.176471E-02	
  .0002033	-.9019608	-1.176471E-02	
  .0002034	-.9019608	-3.921569E-03	
  .0002035	-.9019608	 3.921569E-03	
  .0002036	-.9803922	-3.921569E-03	
  .0002037	-.9019608	-3.921569E-03	
  .0002038	-.9803922	 3.921569E-03	
  .0002039	-.9019608	-3.921569E-03	
  .000204	-.9803922	-3.921569E-03	
  .0002041	-.9803922	 3.921569E-03	
  .0002042	-.9803922	 3.921569E-03	
  .0002043	-.9803922	-3.921569E-03	
  .0002044	-.9803922	-3.921569E-03	
  .0002045	-.9803922	-3.921569E-03	
  .0002046	-.9803922	-3.921569E-03	
  .0002047	-.9803922	-3.921569E-03	
  .0002048	-.9803922	-3.921569E-03	
  .0002049	-1.058824	-3.921569E-03	
  .000205	-1.058824	 3.921569E-03	
  .0002051	-.9803922	 3.921569E-03	
  .0002052	-1.058824	 1.176471E-02	
  .0002053	-1.058824	 1.176471E-02	
  .0002054	-.9019608	 1.176471E-02	
  .0002055	-1.058824	 1.176471E-02	
  .0002056	-.9803922	 1.176471E-02	
  .0002057	-.9803922	 1.176471E-02	
  .0002058	-1.058824	 1.176471E-02	
  .0002059	-1.058824	 1.960784E-02	
  .000206	-1.137255	 1.176471E-02	
  .0002061	-1.058824	 1.960784E-02	
  .0002062	-1.058824	 1.960784E-02	
  .0002063	-1.137255	 3.921569E-03	
  .0002064	-1.058824	 1.176471E-02	
  .0002065	-1.137255	 1.176471E-02	
  .0002066	-1.058824	 3.921569E-03	
  .0002067	-1.058824	 1.176471E-02	
  .0002068	-1.137255	 2.745098E-02	
  .0002069	-1.058824	 2.745098E-02	
  .000207	-1.058824	 1.960784E-02	
  .0002071	-1.058824	 2.745098E-02	
  .0002072	-1.137255	 1.960784E-02	
  .0002073	-1.137255	 3.529412E-02	
  .0002074	-1.137255	 2.745098E-02	
  .0002075	-1.137255	 2.745098E-02	
  .0002076	-1.137255	 2.745098E-02	
  .0002077	-1.294118	 2.745098E-02	
  .0002078	-1.137255	 1.960784E-02	
  .0002079	-1.137255	 1.960784E-02	
  .000208	-1.215686	 1.960784E-02	
  .0002081	-1.137255	 2.745098E-02	
  .0002082	-1.137255	 2.745098E-02	
  .0002083	-1.215686	 2.745098E-02	
  .0002084	-1.215686	 2.745098E-02	
  .0002085	-1.294118	 3.529412E-02	
  .0002086	-1.215686	 2.745098E-02	
  .0002087	-1.215686	 3.529412E-02	
  .0002088	-1.215686	 3.529412E-02	
  .0002089	-1.294118	 3.529412E-02	
  .000209	-1.294118	 4.313726E-02	
  .0002091	-1.215686	 4.313726E-02	
  .0002092	-1.215686	 3.529412E-02	
  .0002093	-1.294118	 4.313726E-02	
  .0002094	-1.215686	 3.529412E-02	
  .0002095	-1.215686	 3.529412E-02	
  .0002096	-1.294118	 3.529412E-02	
  .0002097	-1.294118	 3.529412E-02	
  .0002098	-1.294118	 3.529412E-02	
  .0002099	-1.294118	 4.313726E-02	
  .00021	-1.294118	 3.529412E-02	
  .0002101	-1.294118	 3.529412E-02	
  .0002102	-1.372549	 4.313726E-02	
  .0002103	-1.215686	 4.313726E-02	
  .0002104	-1.294118	 3.529412E-02	
  .0002105	-1.294118	 4.313726E-02	
  .0002106	-1.372549	 5.098039E-02	
  .0002107	-1.294118	 4.313726E-02	
  .0002108	-1.215686	 5.098039E-02	
  .0002109	-1.215686	 4.313726E-02	
  .000211	-1.294118	 6.666667E-02	
  .0002111	-1.372549	 5.098039E-02	
  .0002112	-1.215686	 4.313726E-02	
  .0002113	-1.294118	 5.882353E-02	
  .0002114	-1.294118	 5.882353E-02	
  .0002115	-1.294118	 5.098039E-02	
  .0002116	-1.294118	 5.098039E-02	
  .0002117	-1.215686	 5.882353E-02	
  .0002118	-1.372549	 5.098039E-02	
  .0002119	-1.294118	 5.882353E-02	
  .000212	-1.372549	 5.882353E-02	
  .0002121	-1.294118	 6.666667E-02	
  .0002122	-1.215686	 5.882353E-02	
  .0002123	-1.372549	 7.450981E-02	
  .0002124	-1.45098	 6.666667E-02	
  .0002125	-1.372549	 6.666667E-02	
  .0002126	-1.372549	 7.450981E-02	
  .0002127	-1.45098	 5.882353E-02	
  .0002128	-1.45098	 5.882353E-02	
  .0002129	-1.372549	 5.882353E-02	
  .000213	-1.372549	 5.882353E-02	
  .0002131	-1.372549	 5.882353E-02	
  .0002132	-1.372549	 5.882353E-02	
  .0002133	-1.372549	 6.666667E-02	
  .0002134	-1.372549	 6.666667E-02	
  .0002135	-1.45098	 7.450981E-02	
  .0002136	-1.372549	 7.450981E-02	
  .0002137	-1.45098	 7.450981E-02	
  .0002138	-1.372549	 7.450981E-02	
  .0002139	-1.372549	 7.450981E-02	
  .000214	-1.372549	 7.450981E-02	
  .0002141	-1.372549	 7.450981E-02	
  .0002142	-1.45098	 7.450981E-02	
  .0002143	-1.372549	 7.450981E-02	
  .0002144	-1.372549	 6.666667E-02	
  .0002145	-1.372549	 6.666667E-02	
  .0002146	-1.45098	 6.666667E-02	
  .0002147	-1.372549	 8.235294E-02	
  .0002148	-1.294118	 7.450981E-02	
  .0002149	-1.45098	 6.666667E-02	
  .000215	-1.372549	 7.450981E-02	
  .0002151	-1.372549	 8.235294E-02	
  .0002152	-1.45098	 8.235294E-02	
  .0002153	-1.372549	 8.235294E-02	
  .0002154	-1.45098	 8.235294E-02	
  .0002155	-1.45098	 8.235294E-02	
  .0002156	-1.294118	 8.235294E-02	
  .0002157	-1.372549	 8.235294E-02	
  .0002158	-1.45098	 9.019608E-02	
  .0002159	-1.45098	 7.450981E-02	
  .000216	-1.529412	 8.235294E-02	
  .0002161	-1.45098	 9.019608E-02	
  .0002162	-1.45098	 7.450981E-02	
  .0002163	-1.45098	 9.019608E-02	
  .0002164	-1.45098	 8.235294E-02	
  .0002165	-1.45098	 7.450981E-02	
  .0002166	-1.372549	 8.235294E-02	
  .0002167	-1.45098	 9.019608E-02	
  .0002168	-1.372549	 9.019608E-02	
  .0002169	-1.45098	 8.235294E-02	
  .000217	-1.372549	 9.803922E-02	
  .0002171	-1.529412	 9.019608E-02	
  .0002172	-1.45098	 9.803922E-02	
  .0002173	-1.372549	 9.803922E-02	
  .0002174	-1.45098	 9.019608E-02	
  .0002175	-1.45098	 9.019608E-02	
  .0002176	-1.45098	 9.803922E-02	
  .0002177	-1.372549	 9.019608E-02	
  .0002178	-1.45098	 9.019608E-02	
  .0002179	-1.45098	 8.235294E-02	
  .000218	-1.372549	 8.235294E-02	
  .0002181	-1.372549	 9.019608E-02	
  .0002182	-1.372549	 9.019608E-02	
  .0002183	-1.372549	 9.019608E-02	
  .0002184	-1.45098	 9.803922E-02	
  .0002185	-1.45098	 9.803922E-02	
  .0002186	-1.372549	 9.803922E-02	
  .0002187	-1.45098	 9.803922E-02	
  .0002188	-1.45098	 9.803922E-02	
  .0002189	-1.529412	 9.803922E-02	
  .000219	-1.45098	 .1058824	
  .0002191	-1.45098	 .1058824	
  .0002192	-1.45098	 9.803922E-02	
  .0002193	-1.45098	 9.803922E-02	
  .0002194	-1.372549	 9.019608E-02	
  .0002195	-1.529412	 9.803922E-02	
  .0002196	-1.529412	 9.019608E-02	
  .0002197	-1.45098	 9.803922E-02	
  .0002198	-1.45098	 9.803922E-02	
  .0002199	-1.372549	 9.019608E-02	
  .00022	-1.45098	 9.803922E-02	
  .0002201	-1.45098	 .1058824	
  .0002202	-1.372549	 9.803922E-02	
  .0002203	-1.45098	 9.803922E-02	
  .0002204	-1.45098	 .1058824	
  .0002205	-1.529412	 9.803922E-02	
  .0002206	-1.372549	 .1137255	
  .0002207	-1.45098	 .1058824	
  .0002208	-1.215686	 .1058824	
  .0002209	-1.372549	 .1215686	
  .000221	-1.45098	 .1058824	
  .0002211	-1.372549	 9.803922E-02	
  .0002212	-1.45098	 .1137255	
  .0002213	-1.372549	 .1058824	
  .0002214	-1.45098	 .1058824	
  .0002215	-1.372549	 .1058824	
  .0002216	-1.372549	 .1137255	
  .0002217	-1.372549	 .1058824	
  .0002218	-1.294118	 .1137255	
  .0002219	-1.372549	 .1215686	
  .000222	-1.529412	 .1137255	
  .0002221	-1.372549	 .1137255	
  .0002222	-1.372549	 .1215686	
  .0002223	-1.45098	 .1215686	
  .0002224	-1.372549	 .1294118	
  .0002225	-1.45098	 .1215686	
  .0002226	-1.372549	 .1215686	
  .0002227	-1.294118	 .1137255	
  .0002228	-1.294118	 .1137255	
  .0002229	-1.372549	 .1058824	
  .000223	-1.294118	 .1058824	
  .0002231	-1.372549	 .1215686	
  .0002232	-1.372549	 .1137255	
  .0002233	-1.294118	 .1137255	
  .0002234	-1.45098	 .1137255	
  .0002235	-1.215686	 .1137255	
  .0002236	-1.372549	 .1215686	
  .0002237	-1.372549	 .1294118	
  .0002238	-1.372549	 .1137255	
  .0002239	-1.372549	 .1215686	
  .000224	-1.372549	 .1215686	
  .0002241	-1.294118	 .1215686	
  .0002242	-1.294118	 .1215686	
  .0002243	-1.372549	 .1137255	
  .0002244	-1.294118	 .1137255	
  .0002245	-1.372549	 .1137255	
  .0002246	-1.294118	 .1215686	
  .0002247	-1.372549	 .1137255	
  .0002248	-1.294118	 .1137255	
  .0002249	-1.294118	 .1215686	
  .000225	-1.294118	 .1215686	
