 -.0000249	 .1176471	 2.941176E-02	
 -.0000248	 .1960784	 9.803922E-03	
 -.0000247	 .1176471	 9.803922E-03	
 -.0000246	 .1176471	 2.941176E-02	
 -.0000245	 .1176471	 2.941176E-02	
 -.0000244	 .1176471	 9.803922E-03	
 -.0000243	 .1176471	 9.803922E-03	
 -.0000242	 .1176471	 2.941176E-02	
 -.0000241	 .1960784	 2.941176E-02	
 -.000024	 3.921569E-02	 9.803922E-03	
 -.0000239	 .1176471	-9.803922E-03	
 -.0000238	-3.921569E-02	-9.803922E-03	
 -.0000237	 3.921569E-02	 9.803922E-03	
 -.0000236	 .1176471	 9.803922E-03	
 -.0000235	 .1176471	-9.803922E-03	
 -.0000234	 3.921569E-02	 9.803922E-03	
 -.0000233	 .1176471	 2.941176E-02	
 -.0000232	 .1176471	 9.803922E-03	
 -.0000231	 3.921569E-02	 2.941176E-02	
 -.000023	-3.921569E-02	 2.941176E-02	
 -.0000229	 3.921569E-02	 9.803922E-03	
 -.0000228	 .1176471	 9.803922E-03	
 -.0000227	 3.921569E-02	 4.901961E-02	
 -.0000226	 .1960784	 2.941176E-02	
 -.0000225	 .1960784	 9.803922E-03	
 -.0000224	 .1176471	 9.803922E-03	
 -.0000223	 3.921569E-02	 9.803922E-03	
 -.0000222	 .1176471	 9.803922E-03	
 -.0000221	 3.921569E-02	 9.803922E-03	
 -.000022	 3.921569E-02	-9.803922E-03	
 -.0000219	 3.921569E-02	 9.803922E-03	
 -.0000218	 .1176471	 9.803922E-03	
 -.0000217	 .1176471	 9.803922E-03	
 -.0000216	 .1960784	 9.803922E-03	
 -.0000215	 .1176471	 9.803922E-03	
 -.0000214	 .1176471	 9.803922E-03	
 -.0000213	 3.921569E-02	 9.803922E-03	
 -.0000212	 3.921569E-02	 9.803922E-03	
 -.0000211	 .1960784	 9.803922E-03	
 -.000021	 .1960784	 2.941176E-02	
 -.0000209	 3.921569E-02	 4.901961E-02	
 -.0000208	 .1176471	-9.803922E-03	
 -.0000207	 .1176471	 9.803922E-03	
 -.0000206	 3.921569E-02	 4.901961E-02	
 -.0000205	 .1176471	 2.941176E-02	
 -.0000204	 3.921569E-02	 9.803922E-03	
 -.0000203	 3.921569E-02	 9.803922E-03	
 -.0000202	 .1176471	 2.941176E-02	
 -.0000201	 .1176471	-9.803922E-03	
 -.00002	 .1176471	 9.803922E-03	
 -.0000199	 .1176471	 9.803922E-03	
 -.0000198	 .1176471	 2.941176E-02	
 -.0000197	 .1960784	 9.803922E-03	
 -.0000196	 .1960784	 4.901961E-02	
 -.0000195	 .1960784	 2.941176E-02	
 -.0000194	 3.921569E-02	 2.941176E-02	
 -.0000193	 3.921569E-02	 9.803922E-03	
 -.0000192	 3.921569E-02	 9.803922E-03	
 -.0000191	-3.921569E-02	-9.803922E-03	
 -.000019	 3.921569E-02	 9.803922E-03	
 -.0000189	-3.921569E-02	-9.803922E-03	
 -.0000188	 .1960784	-9.803922E-03	
 -.0000187	 3.921569E-02	 9.803922E-03	
 -.0000186	 .1176471	-9.803922E-03	
 -.0000185	 3.921569E-02	 2.941176E-02	
 -.0000184	 3.921569E-02	 9.803922E-03	
 -.0000183	 3.921569E-02	 9.803922E-03	
 -.0000182	 3.921569E-02	 9.803922E-03	
 -.0000181	 3.921569E-02	 2.941176E-02	
 -.000018	-3.921569E-02	 2.941176E-02	
 -.0000179	 3.921569E-02	 9.803922E-03	
 -.0000178	 3.921569E-02	 9.803922E-03	
 -.0000177	 3.921569E-02	 2.941176E-02	
 -.0000176	 .1176471	 9.803922E-03	
 -.0000175	 .1176471	-9.803922E-03	
 -.0000174	 .1176471	-9.803922E-03	
 -.0000173	 3.921569E-02	-9.803922E-03	
 -.0000172	 3.921569E-02	 9.803922E-03	
 -.0000171	 3.921569E-02	 9.803922E-03	
 -.000017	 3.921569E-02	 9.803922E-03	
 -.0000169	 .1176471	 9.803922E-03	
 -.0000168	 .1176471	 9.803922E-03	
 -.0000167	 3.921569E-02	 2.941176E-02	
 -.0000166	 .1176471	 9.803922E-03	
 -.0000165	-3.921569E-02	 9.803922E-03	
 -.0000164	 3.921569E-02	 4.901961E-02	
 -.0000163	 .1176471	 2.941176E-02	
 -.0000162	 .1176471	 9.803922E-03	
 -.0000161	 .1176471	 2.941176E-02	
 -.000016	 .1176471	 9.803922E-03	
 -.0000159	 .1176471	 2.941176E-02	
 -.0000158	 .1960784	 2.941176E-02	
 -.0000157	 .1176471	 9.803922E-03	
 -.0000156	 3.921569E-02	 9.803922E-03	
 -.0000155	 .1176471	 9.803922E-03	
 -.0000154	 .1176471	 9.803922E-03	
 -.0000153	 .1176471	-9.803922E-03	
 -.0000152	 .1960784	 2.941176E-02	
 -.0000151	 .1176471	 2.941176E-02	
 -.000015	 .1176471	 2.941176E-02	
 -.0000149	 .1176471	 2.941176E-02	
 -.0000148	 .1176471	 9.803922E-03	
 -.0000147	 .1176471	 2.941176E-02	
 -.0000146	 3.921569E-02	 9.803922E-03	
 -.0000145	 3.921569E-02	 9.803922E-03	
 -.0000144	 3.921569E-02	 9.803922E-03	
 -.0000143	 .1176471	-9.803922E-03	
 -.0000142	 .1176471	 9.803922E-03	
 -.0000141	 .1176471	 9.803922E-03	
 -.000014	 .1176471	 9.803922E-03	
 -.0000139	 .1176471	 9.803922E-03	
 -.0000138	 .1176471	-9.803922E-03	
 -.0000137	 .1960784	 2.941176E-02	
 -.0000136	 .1960784	-9.803922E-03	
 -.0000135	 3.921569E-02	 2.941176E-02	
 -.0000134	 .1960784	 9.803922E-03	
 -.0000133	 .1176471	 9.803922E-03	
 -.0000132	 3.921569E-02	 9.803922E-03	
 -.0000131	 .1176471	 2.941176E-02	
 -.000013	 .1176471	 2.941176E-02	
 -.0000129	 .1176471	 2.941176E-02	
 -.0000128	 3.921569E-02	 2.941176E-02	
 -.0000127	 .1176471	-9.803922E-03	
 -.0000126	 .1176471	-9.803922E-03	
 -.0000125	 .1176471	 9.803922E-03	
 -.0000124	 .1176471	-9.803922E-03	
 -.0000123	 .1176471	 9.803922E-03	
 -.0000122	 3.921569E-02	 9.803922E-03	
 -.0000121	 3.921569E-02	 2.941176E-02	
 -.000012	 .1176471	 9.803922E-03	
 -.0000119	 3.921569E-02	 9.803922E-03	
 -.0000118	 .1176471	 9.803922E-03	
 -.0000117	 .1176471	 2.941176E-02	
 -.0000116	 .1960784	-9.803922E-03	
 -.0000115	 .1176471	 9.803922E-03	
 -.0000114	-3.921569E-02	-9.803922E-03	
 -.0000113	 3.921569E-02	 2.941176E-02	
 -.0000112	 .1176471	 9.803922E-03	
 -.0000111	 .1960784	 9.803922E-03	
 -.000011	 3.921569E-02	 4.901961E-02	
 -.0000109	 .1176471	-9.803922E-03	
 -.0000108	 .1176471	 9.803922E-03	
 -.0000107	 .1176471	 2.941176E-02	
 -.0000106	 .1176471	 2.941176E-02	
 -.0000105	 3.921569E-02	 9.803922E-03	
 -.0000104	 .1176471	 9.803922E-03	
 -.0000103	 .1176471	 9.803922E-03	
 -.0000102	 .1176471	 9.803922E-03	
 -.0000101	 .1176471	 2.941176E-02	
 -.00001	 .1176471	 9.803922E-03	
 -.0000099	 .1176471	 2.941176E-02	
 -.0000098	 .1176471	 9.803922E-03	
 -.0000097	 .1176471	 4.901961E-02	
 -.0000096	 .1960784	 4.901961E-02	
 -.0000095	 3.921569E-02	 9.803922E-03	
 -.0000094	 .1176471	 2.941176E-02	
 -.0000093	 3.921569E-02	 9.803922E-03	
 -.0000092	 3.921569E-02	-9.803922E-03	
 -.0000091	 3.921569E-02	 2.941176E-02	
 -.000009	 3.921569E-02	-9.803922E-03	
 -.0000089	 3.921569E-02	 9.803922E-03	
 -.0000088	 .1176471	-9.803922E-03	
 -.0000087	 .1176471	 9.803922E-03	
 -.0000086	 .1176471	 2.941176E-02	
 -.0000085	 .1176471	 9.803922E-03	
 -.0000084	 .1960784	 2.941176E-02	
 -.0000083	 3.921569E-02	 9.803922E-03	
 -.0000082	 .1176471	 2.941176E-02	
 -.0000081	 .1176471	 9.803922E-03	
 -.000008	 .1176471	 9.803922E-03	
 -.0000079	 3.921569E-02	 2.941176E-02	
 -.0000078	 3.921569E-02	 9.803922E-03	
 -.0000077	 .1176471	 2.941176E-02	
 -.0000076	 .1176471	 9.803922E-03	
 -.0000075	 .1960784	-9.803922E-03	
 -.0000074	 .1176471	 9.803922E-03	
 -.0000073	 3.921569E-02	 2.941176E-02	
 -.0000072	 3.921569E-02	-9.803922E-03	
 -.0000071	 .1176471	 9.803922E-03	
 -.000007	 .1176471	-9.803922E-03	
 -.0000069	 3.921569E-02	 4.901961E-02	
 -.0000068	 .1176471	 4.901961E-02	
 -.0000067	 .1176471	 2.941176E-02	
 -.0000066	 3.921569E-02	 2.941176E-02	
 -.0000065	 .1176471	 2.941176E-02	
 -.0000064	 .1960784	 4.901961E-02	
 -.0000063	 .1960784	 9.803922E-03	
 -.0000062	 .1960784	 2.941176E-02	
 -.0000061	 .1176471	 9.803922E-03	
 -.000006	 3.921569E-02	 2.941176E-02	
 -.0000059	 .1960784	 2.941176E-02	
 -.0000058	 .1176471	-9.803922E-03	
 -.0000057	 3.921569E-02	 9.803922E-03	
 -.0000056	 .1176471	 9.803922E-03	
 -.0000055	 .1176471	 2.941176E-02	
 -.0000054	 .1176471	 2.941176E-02	
 -.0000053	 .1960784	 2.941176E-02	
 -.0000052	 .1176471	 9.803922E-03	
 -.0000051	 .1176471	-9.803922E-03	
 -.000005	 .1960784	 9.803922E-03	
 -.0000049	 .1176471	 2.941176E-02	
 -.0000048	 .1960784	 2.941176E-02	
 -.0000047	 .1176471	 9.803922E-03	
 -.0000046	 .1176471	 9.803922E-03	
 -.0000045	 .1176471	 2.941176E-02	
 -.0000044	 3.921569E-02	 9.803922E-03	
 -.0000043	 .1960784	 2.941176E-02	
 -.0000042	 .1176471	 9.803922E-03	
 -.0000041	 3.921569E-02	-9.803922E-03	
 -.000004	 3.921569E-02	 9.803922E-03	
 -.0000039	 3.921569E-02	-9.803922E-03	
 -.0000038	 .1960784	 9.803922E-03	
 -.0000037	 .1960784	 9.803922E-03	
 -.0000036	 3.921569E-02	 9.803922E-03	
 -.0000035	 .1176471	 9.803922E-03	
 -.0000034	 .1176471	 9.803922E-03	
 -.0000033	 3.921569E-02	 9.803922E-03	
 -.0000032	 3.921569E-02	 2.941176E-02	
 -.0000031	 3.921569E-02	 9.803922E-03	
 -.000003	 .1960784	 2.941176E-02	
 -.0000029	 .1176471	 2.941176E-02	
 -.0000028	 .1176471	 9.803922E-03	
 -.0000027	 .1176471	 9.803922E-03	
 -.0000026	 .1176471	-9.803922E-03	
 -.0000025	 .1176471	 2.941176E-02	
 -.0000024	 3.921569E-02	-2.941176E-02	
 -.0000023	 .1176471	 9.803922E-03	
 -.0000022	 3.921569E-02	-9.803922E-03	
 -.0000021	 3.921569E-02	-9.803922E-03	
 -.000002	 .1176471	-9.803922E-03	
 -.0000019	 .1176471	 2.941176E-02	
 -.0000018	 .1176471	 9.803922E-03	
 -.0000017	 .1176471	 2.941176E-02	
 -.0000016	 .1960784	 9.803922E-03	
 -.0000015	 3.921569E-02	 9.803922E-03	
 -.0000014	 .1176471	 4.901961E-02	
 -.0000013	 3.921569E-02	 2.941176E-02	
 -.0000012	 3.921569E-02	 9.803922E-03	
 -.0000011	 3.921569E-02	 2.941176E-02	
 -.000001	 3.921569E-02	-9.803922E-03	
 -.0000009	 .1176471	 9.803922E-03	
 -.0000008	 3.921569E-02	 2.941176E-02	
 -.0000007	 .1176471	 2.941176E-02	
 -.0000006	 3.921569E-02	 2.941176E-02	
 -.0000005	 .1176471	 9.803922E-03	
 -.0000004	 .1176471	 2.941176E-02	
 -.0000003	 .1176471	 9.803922E-03	
 -.0000002	 .1176471	 2.941176E-02	
 -.0000001	 3.921569E-02	 2.941176E-02	
  0	 .1176471	 9.803922E-03	
  .0000001	 .1176471	 2.941176E-02	
  .0000002	 .1176471	 4.901961E-02	
  .0000003	 .1960784	 4.901961E-02	
  .0000004	 3.921569E-02	 2.941176E-02	
  .0000005	 3.921569E-02	 2.941176E-02	
  .0000006	 .1176471	 9.803922E-03	
  .0000007	 3.921569E-02	 9.803922E-03	
  .0000008	 3.921569E-02	-9.803922E-03	
  .0000009	 3.921569E-02	-9.803922E-03	
  .000001	 3.921569E-02	 9.803922E-03	
  .0000011	 .1176471	 9.803922E-03	
  .0000012	 3.921569E-02	-9.803922E-03	
  .0000013	 .1176471	 9.803922E-03	
  .0000014	 .1176471	 9.803922E-03	
  .0000015	 .1176471	 9.803922E-03	
  .0000016	 3.921569E-02	 2.941176E-02	
  .0000017	 .1176471	 4.901961E-02	
  .0000018	 .1176471	 2.941176E-02	
  .0000019	 .1176471	 2.941176E-02	
  .000002	 .1176471	 9.803922E-03	
  .0000021	 3.921569E-02	 9.803922E-03	
  .0000022	 .1176471	 2.941176E-02	
  .0000023	 .1176471	-9.803922E-03	
  .0000024	 .1176471	 9.803922E-03	
  .0000025	 .1176471	 9.803922E-03	
  .0000026	 3.921569E-02	 9.803922E-03	
  .0000027	 3.921569E-02	 9.803922E-03	
  .0000028	 3.921569E-02	-9.803922E-03	
  .0000029	 .1960784	-2.941176E-02	
  .000003	 3.921569E-02	 2.941176E-02	
  .0000031	 3.921569E-02	 2.941176E-02	
  .0000032	 .1176471	 9.803922E-03	
  .0000033	 3.921569E-02	 2.941176E-02	
  .0000034	 .1176471	 2.941176E-02	
  .0000035	 .1960784	 9.803922E-03	
  .0000036	 .1960784	 9.803922E-03	
  .0000037	 .1176471	 9.803922E-03	
  .0000038	 3.921569E-02	 2.941176E-02	
  .0000039	 .1176471	 2.941176E-02	
  .000004	 .1960784	 2.941176E-02	
  .0000041	 3.921569E-02	 9.803922E-03	
  .0000042	 .1176471	 9.803922E-03	
  .0000043	 .1176471	 9.803922E-03	
  .0000044	 .1176471	-9.803922E-03	
  .0000045	 .1960784	 2.941176E-02	
  .0000046	 .1176471	 2.941176E-02	
  .0000047	 .1176471	 9.803922E-03	
  .0000048	 .1176471	 2.941176E-02	
  .0000049	 .1176471	 2.941176E-02	
  .000005	 .1176471	 2.941176E-02	
  .0000051	 .1960784	 9.803922E-03	
  .0000052	 .1176471	 2.941176E-02	
  .0000053	 3.921569E-02	 9.803922E-03	
  .0000054	 3.921569E-02	 9.803922E-03	
  .0000055	 3.921569E-02	 2.941176E-02	
  .0000056	 .1960784	 2.941176E-02	
  .0000057	 3.921569E-02	-9.803922E-03	
  .0000058	 .1176471	-9.803922E-03	
  .0000059	 3.921569E-02	 9.803922E-03	
  .000006	 3.921569E-02	 9.803922E-03	
  .0000061	 .1176471	 9.803922E-03	
  .0000062	 .1176471	-9.803922E-03	
  .0000063	 3.921569E-02	 2.941176E-02	
  .0000064	 .1176471	 2.941176E-02	
  .0000065	 3.921569E-02	 9.803922E-03	
  .0000066	 3.921569E-02	 9.803922E-03	
  .0000067	 3.921569E-02	 9.803922E-03	
  .0000068	 3.921569E-02	 9.803922E-03	
  .0000069	 .1960784	 2.941176E-02	
  .000007	 3.921569E-02	 2.941176E-02	
  .0000071	 .1176471	 9.803922E-03	
  .0000072	 .1176471	 9.803922E-03	
  .0000073	 .1176471	 9.803922E-03	
  .0000074	 3.921569E-02	 9.803922E-03	
  .0000075	 3.921569E-02	 9.803922E-03	
  .0000076	 3.921569E-02	 2.941176E-02	
  .0000077	 3.921569E-02	-9.803922E-03	
  .0000078	 3.921569E-02	-9.803922E-03	
  .0000079	 .1960784	 9.803922E-03	
  .000008	 3.921569E-02	-9.803922E-03	
  .0000081	 .1176471	 9.803922E-03	
  .0000082	 3.921569E-02	 9.803922E-03	
  .0000083	 .1176471	 9.803922E-03	
  .0000084	 3.921569E-02	 9.803922E-03	
  .0000085	 .1176471	 9.803922E-03	
  .0000086	 .1176471	 2.941176E-02	
  .0000087	 .1176471	-9.803922E-03	
  .0000088	 .1176471	 4.901961E-02	
  .0000089	 3.921569E-02	-9.803922E-03	
  .000009	 3.921569E-02	 2.941176E-02	
  .0000091	 3.921569E-02	 2.941176E-02	
  .0000092	 3.921569E-02	 2.941176E-02	
  .0000093	 3.921569E-02	 9.803922E-03	
  .0000094	 .1176471	-9.803922E-03	
  .0000095	 3.921569E-02	 2.941176E-02	
  .0000096	 .1176471	 9.803922E-03	
  .0000097	 .1176471	 9.803922E-03	
  .0000098	 3.921569E-02	 9.803922E-03	
  .0000099	 3.921569E-02	 2.941176E-02	
  .00001	 .1176471	 9.803922E-03	
  .0000101	 .1176471	 2.941176E-02	
  .0000102	 .1176471	 4.901961E-02	
  .0000103	-3.921569E-02	 2.941176E-02	
  .0000104	 .1176471	 2.941176E-02	
  .0000105	 .1176471	 9.803922E-03	
  .0000106	 .1176471	-9.803922E-03	
  .0000107	 3.921569E-02	 9.803922E-03	
  .0000108	 3.921569E-02	 9.803922E-03	
  .0000109	 3.921569E-02	-9.803922E-03	
  .000011	 .1176471	 9.803922E-03	
  .0000111	 .1176471	 9.803922E-03	
  .0000112	 .1176471	 9.803922E-03	
  .0000113	 3.921569E-02	 2.941176E-02	
  .0000114	 .1176471	 9.803922E-03	
  .0000115	 3.921569E-02	 2.941176E-02	
  .0000116	 3.921569E-02	 2.941176E-02	
  .0000117	 .1176471	 2.941176E-02	
  .0000118	 3.921569E-02	 2.941176E-02	
  .0000119	 .1176471	 2.941176E-02	
  .000012	 .1176471	 2.941176E-02	
  .0000121	 .1176471	 9.803922E-03	
  .0000122	 3.921569E-02	 9.803922E-03	
  .0000123	 .1960784	 2.941176E-02	
  .0000124	 .1176471	 9.803922E-03	
  .0000125	 3.921569E-02	 2.941176E-02	
  .0000126	 3.921569E-02	 9.803922E-03	
  .0000127	 3.921569E-02	 9.803922E-03	
  .0000128	 .1960784	 9.803922E-03	
  .0000129	 .1176471	 2.941176E-02	
  .000013	 3.921569E-02	 9.803922E-03	
  .0000131	 .1176471	 9.803922E-03	
  .0000132	 3.921569E-02	 9.803922E-03	
  .0000133	 .1176471	 9.803922E-03	
  .0000134	 .1960784	 9.803922E-03	
  .0000135	 .1960784	 9.803922E-03	
  .0000136	 .1176471	 2.941176E-02	
  .0000137	 .1176471	 9.803922E-03	
  .0000138	 .1176471	 9.803922E-03	
  .0000139	 3.921569E-02	 9.803922E-03	
  .000014	 3.921569E-02	 9.803922E-03	
  .0000141	 3.921569E-02	 9.803922E-03	
  .0000142	 3.921569E-02	 9.803922E-03	
  .0000143	 3.921569E-02	 9.803922E-03	
  .0000144	 .1176471	 9.803922E-03	
  .0000145	 .1176471	 2.941176E-02	
  .0000146	 .1176471	 2.941176E-02	
  .0000147	 .1176471	 2.941176E-02	
  .0000148	 .1960784	-9.803922E-03	
  .0000149	 .1176471	 2.941176E-02	
  .000015	 .1176471	 2.941176E-02	
  .0000151	 .1176471	 9.803922E-03	
  .0000152	 .1176471	 9.803922E-03	
  .0000153	 3.921569E-02	 9.803922E-03	
  .0000154	 3.921569E-02	 2.941176E-02	
  .0000155	 3.921569E-02	 9.803922E-03	
  .0000156	 .1960784	 9.803922E-03	
  .0000157	 .1176471	 9.803922E-03	
  .0000158	 .1176471	 2.941176E-02	
  .0000159	 3.921569E-02	 9.803922E-03	
  .000016	 .1176471	 9.803922E-03	
  .0000161	 .1960784	 9.803922E-03	
  .0000162	 3.921569E-02	 9.803922E-03	
  .0000163	 .1176471	 9.803922E-03	
  .0000164	 3.921569E-02	 9.803922E-03	
  .0000165	 3.921569E-02	 9.803922E-03	
  .0000166	 .1176471	 2.941176E-02	
  .0000167	 .1176471	 9.803922E-03	
  .0000168	 .1960784	 2.941176E-02	
  .0000169	 .1176471	 2.941176E-02	
  .000017	 3.921569E-02	 2.941176E-02	
  .0000171	 .1176471	 9.803922E-03	
  .0000172	 .1176471	-9.803922E-03	
  .0000173	 .1176471	 9.803922E-03	
  .0000174	 .1176471	 9.803922E-03	
  .0000175	 3.921569E-02	 9.803922E-03	
  .0000176	 3.921569E-02	-9.803922E-03	
  .0000177	 3.921569E-02	 9.803922E-03	
  .0000178	 3.921569E-02	-9.803922E-03	
  .0000179	 3.921569E-02	 2.941176E-02	
  .000018	 3.921569E-02	 9.803922E-03	
  .0000181	 .1176471	 2.941176E-02	
  .0000182	 .1176471	 9.803922E-03	
  .0000183	 3.921569E-02	 9.803922E-03	
  .0000184	 .1176471	 9.803922E-03	
  .0000185	 .1176471	 2.941176E-02	
  .0000186	 .1176471	 2.941176E-02	
  .0000187	 .1176471	 4.901961E-02	
  .0000188	 3.921569E-02	 9.803922E-03	
  .0000189	 3.921569E-02	 9.803922E-03	
  .000019	 3.921569E-02	 2.941176E-02	
  .0000191	 .1176471	-9.803922E-03	
  .0000192	 .1176471	 9.803922E-03	
  .0000193	 .1176471	 9.803922E-03	
  .0000194	 .1960784	 9.803922E-03	
  .0000195	 .1960784	-2.941176E-02	
  .0000196	 .1176471	 2.941176E-02	
  .0000197	 .1960784	 9.803922E-03	
  .0000198	 .1176471	 9.803922E-03	
  .0000199	 .1176471	 9.803922E-03	
  .00002	 .1176471	 4.901961E-02	
  .0000201	 .1176471	 4.901961E-02	
  .0000202	 .1176471	 2.941176E-02	
  .0000203	 .1960784	 2.941176E-02	
  .0000204	 3.921569E-02	 9.803922E-03	
  .0000205	 .1176471	 9.803922E-03	
  .0000206	 .1176471	 9.803922E-03	
  .0000207	 .1176471	 9.803922E-03	
  .0000208	-3.921569E-02	 2.941176E-02	
  .0000209	 3.921569E-02	 9.803922E-03	
  .000021	 .1176471	 9.803922E-03	
  .0000211	 .1176471	 9.803922E-03	
  .0000212	 3.921569E-02	 9.803922E-03	
  .0000213	 .1176471	 9.803922E-03	
  .0000214	 3.921569E-02	 2.941176E-02	
  .0000215	 .1176471	 2.941176E-02	
  .0000216	 .1176471	 2.941176E-02	
  .0000217	 .1176471	 9.803922E-03	
  .0000218	 .1176471	 2.941176E-02	
  .0000219	 .1176471	 2.941176E-02	
  .000022	 .1176471	 9.803922E-03	
  .0000221	 .1176471	-9.803922E-03	
  .0000222	 .1176471	 2.941176E-02	
  .0000223	 .1176471	 9.803922E-03	
  .0000224	 3.921569E-02	 9.803922E-03	
  .0000225	 3.921569E-02	 2.941176E-02	
  .0000226	 3.921569E-02	 9.803922E-03	
  .0000227	 .1176471	-2.941176E-02	
  .0000228	 3.921569E-02	 9.803922E-03	
  .0000229	 3.921569E-02	 4.901961E-02	
  .000023	 3.921569E-02	 9.803922E-03	
  .0000231	 .1176471	 9.803922E-03	
  .0000232	 .1960784	 2.941176E-02	
  .0000233	 .1960784	 2.941176E-02	
  .0000234	 .1176471	 9.803922E-03	
  .0000235	 .1176471	 2.941176E-02	
  .0000236	 .1176471	 9.803922E-03	
  .0000237	-3.921569E-02	 9.803922E-03	
  .0000238	 .1960784	 2.941176E-02	
  .0000239	 3.921569E-02	 9.803922E-03	
  .000024	 .1176471	 9.803922E-03	
  .0000241	 .1176471	-9.803922E-03	
  .0000242	 .2745098	-.0882353	
  .0000243	 1.843137	 .127451	
  .0000244	 1.529412	 .0882353	
  .0000245	 1.607843	 6.862745E-02	
  .0000246	 1.607843	 .1862745	
  .0000247	 1.607843	 .1078431	
  .0000248	 1.607843	 .0882353	
  .0000249	 1.686275	 .127451	
  .000025	 1.686275	 .1078431	
  .0000251	 1.843137	 .1078431	
  .0000252	 1.843137	 .127451	
  .0000253	 1.843137	 .1470588	
  .0000254	 2	 .1470588	
  .0000255	 1.921569	 .1078431	
  .0000256	 2.078431	 .1470588	
  .0000257	 2.156863	 .1470588	
  .0000258	 2.078431	 .127451	
  .0000259	 2.156863	 .1470588	
  .000026	 2.313725	 .1470588	
  .0000261	 2.313725	 .1470588	
  .0000262	 2.313725	 .1666667	
  .0000263	 2.392157	 .1470588	
  .0000264	 2.392157	 .1862745	
  .0000265	 2.392157	 .1862745	
  .0000266	 2.54902	 .1862745	
  .0000267	 2.705882	 .2058824	
  .0000268	 2.54902	 .2058824	
  .0000269	 2.627451	 .1862745	
  .000027	 2.705882	 .2058824	
  .0000271	 2.784314	 .2058824	
  .0000272	 2.627451	 .1862745	
  .0000273	 2.705882	 .2058824	
  .0000274	 2.784314	 .2254902	
  .0000275	 2.784314	 .2058824	
  .0000276	 2.862745	 .2058824	
  .0000277	 2.941176	 .2254902	
  .0000278	 2.862745	 .2254902	
  .0000279	 3.019608	 .2254902	
  .000028	 3.098039	 .2254902	
  .0000281	 3.019608	 .245098	
  .0000282	 3.019608	 .2254902	
  .0000283	 3.176471	 .245098	
  .0000284	 3.254902	 .2254902	
  .0000285	 3.254902	 .245098	
  .0000286	 3.254902	 .3039216	
  .0000287	 3.411765	 .2254902	
  .0000288	 3.411765	 .245098	
  .0000289	 3.333333	 .2647059	
  .000029	 3.490196	 .2647059	
  .0000291	 3.254902	 .245098	
  .0000292	 3.411765	 .2647059	
  .0000293	 3.647059	 .2647059	
  .0000294	 3.568627	 .2647059	
  .0000295	 3.568627	 .2647059	
  .0000296	 3.647059	 .2843137	
  .0000297	 3.647059	 .2647059	
  .0000298	 3.803921	 .2843137	
  .0000299	 3.72549	 .2843137	
  .00003	 3.803921	 .3039216	
  .0000301	 3.568627	 .2843137	
  .0000302	 3.72549	 .3039216	
  .0000303	 3.72549	 .2843137	
  .0000304	 3.882353	 .2843137	
  .0000305	 3.882353	 .245098	
  .0000306	 3.803921	 .2647059	
  .0000307	 3.882353	 .2843137	
  .0000308	 3.882353	 .3039216	
  .0000309	 3.803921	 .2647059	
  .000031	 3.960784	 .2843137	
  .0000311	 4.039216	 .2647059	
  .0000312	 3.960784	 .3039216	
  .0000313	 3.960784	 .3039216	
  .0000314	 4.039216	 .3039216	
  .0000315	 4.039216	 .2843137	
  .0000316	 4.196078	 .2843137	
  .0000317	 4.117647	 .3039216	
  .0000318	 4.117647	 .2843137	
  .0000319	 4.117647	 .2843137	
  .000032	 4.196078	 .2647059	
  .0000321	 4.196078	 .3039216	
  .0000322	 4.117647	 .2843137	
  .0000323	 4.196078	 .3235294	
  .0000324	 4.196078	 .3039216	
  .0000325	 4.196078	 .3039216	
  .0000326	 4.196078	 .3039216	
  .0000327	 4.196078	 .3039216	
  .0000328	 4.27451	 .3235294	
  .0000329	 4.27451	 .2843137	
  .000033	 4.27451	 .3039216	
  .0000331	 4.352941	 .3235294	
  .0000332	 4.431373	 .3235294	
  .0000333	 4.431373	 .3039216	
  .0000334	 4.352941	 .3235294	
  .0000335	 4.352941	 .3235294	
  .0000336	 4.352941	 .2843137	
  .0000337	 4.431373	 .3431373	
  .0000338	 4.431373	 .3039216	
  .0000339	 4.431373	 .3235294	
  .000034	 4.509804	 .3235294	
  .0000341	 4.431373	 .2843137	
  .0000342	 4.431373	 .3039216	
  .0000343	 4.509804	 .3235294	
  .0000344	 4.509804	 .3431373	
  .0000345	 4.509804	 .3235294	
  .0000346	 4.588235	 .3235294	
  .0000347	 4.588235	 .3627451	
  .0000348	 4.588235	 .3235294	
  .0000349	 4.588235	 .3235294	
  .000035	 4.588235	 .3235294	
  .0000351	 4.588235	 .3235294	
  .0000352	 4.666667	 .3235294	
  .0000353	 4.666667	 .3039216	
  .0000354	 4.588235	 .2843137	
  .0000355	 4.588235	 .3039216	
  .0000356	 4.666667	 .3235294	
  .0000357	 4.588235	 .3039216	
  .0000358	 4.666667	 .3039216	
  .0000359	 4.745098	 .3039216	
  .000036	 4.588235	 .3039216	
  .0000361	 4.666667	 .3039216	
  .0000362	 4.588235	 .3039216	
  .0000363	 4.509804	 .3039216	
  .0000364	 4.666667	 .3235294	
  .0000365	 4.666667	 .3039216	
  .0000366	 4.666667	 .3235294	
  .0000367	 4.745098	 .3431373	
  .0000368	 4.666667	 .2843137	
  .0000369	 4.745098	 .2843137	
  .000037	 4.745098	 .2843137	
  .0000371	 4.588235	 .3039216	
  .0000372	 4.588235	 .2843137	
  .0000373	 4.588235	 .2843137	
  .0000374	 4.588235	 .2843137	
  .0000375	 4.666667	 .2647059	
  .0000376	 4.745098	 .2843137	
  .0000377	 4.588235	 .2843137	
  .0000378	 4.666667	 .2254902	
  .0000379	 4.666667	 .2647059	
  .000038	 4.745098	 .2647059	
  .0000381	 4.666667	 .2254902	
  .0000382	 4.666667	 .245098	
  .0000383	 4.745098	 .2647059	
  .0000384	 4.745098	 .245098	
  .0000385	 4.745098	 .2843137	
  .0000386	 4.745098	 .2058824	
  .0000387	 4.666667	 .245098	
  .0000388	 4.588235	 .2254902	
  .0000389	 4.666667	 .245098	
  .000039	 4.588235	 .2254902	
  .0000391	 4.509804	 .2058824	
  .0000392	 4.666667	 .2058824	
  .0000393	 4.666667	 .2254902	
  .0000394	 4.666667	 .2254902	
  .0000395	 4.666667	 .2058824	
  .0000396	 4.588235	 .2254902	
  .0000397	 4.666667	 .1862745	
  .0000398	 4.666667	 .2058824	
  .0000399	 4.745098	 .2058824	
  .00004	 4.588235	 .2058824	
  .0000401	 4.666667	 .1862745	
  .0000402	 4.509804	 .1470588	
  .0000403	 4.588235	 .1470588	
  .0000404	 4.588235	 .127451	
  .0000405	 4.588235	 .1470588	
  .0000406	 4.509804	 .1470588	
  .0000407	 4.431373	 .127451	
  .0000408	 4.509804	 .127451	
  .0000409	 4.509804	 .1470588	
  .000041	 4.431373	 .1078431	
  .0000411	 4.509804	 .1078431	
  .0000412	 4.431373	 .127451	
  .0000413	 4.431373	 .1078431	
  .0000414	 4.431373	 .0882353	
  .0000415	 4.509804	 .1078431	
  .0000416	 4.509804	 .1078431	
  .0000417	 4.431373	 .1078431	
  .0000418	 4.431373	 .0882353	
  .0000419	 4.509804	 6.862745E-02	
  .000042	 4.431373	 6.862745E-02	
  .0000421	 4.509804	 4.901961E-02	
  .0000422	 4.509804	 .0882353	
  .0000423	 4.352941	 6.862745E-02	
  .0000424	 4.431373	 4.901961E-02	
  .0000425	 4.431373	 2.941176E-02	
  .0000426	 4.431373	 6.862745E-02	
  .0000427	 4.352941	 6.862745E-02	
  .0000428	 4.431373	 4.901961E-02	
  .0000429	 4.431373	 4.901961E-02	
  .000043	 4.431373	 4.901961E-02	
  .0000431	 4.431373	 9.803922E-03	
  .0000432	 4.509804	 2.941176E-02	
  .0000433	 4.431373	 9.803922E-03	
  .0000434	 4.352941	 9.803922E-03	
  .0000435	 4.431373	-9.803922E-03	
  .0000436	 4.431373	 2.941176E-02	
  .0000437	 4.27451	-9.803922E-03	
  .0000438	 4.27451	 9.803922E-03	
  .0000439	 4.196078	-2.941176E-02	
  .000044	 4.352941	-2.941176E-02	
  .0000441	 4.352941	-2.941176E-02	
  .0000442	 4.352941	-9.803922E-03	
  .0000443	 4.27451	-4.901961E-02	
  .0000444	 4.27451	-4.901961E-02	
  .0000445	 4.352941	-2.941176E-02	
  .0000446	 4.27451	-4.901961E-02	
  .0000447	 4.196078	-4.901961E-02	
  .0000448	 4.27451	-4.901961E-02	
  .0000449	 4.27451	-4.901961E-02	
  .000045	 4.27451	-.0882353	
  .0000451	 4.27451	-6.862745E-02	
  .0000452	 4.27451	-6.862745E-02	
  .0000453	 4.039216	-.1078431	
  .0000454	 4.039216	-.1078431	
  .0000455	 4.039216	-.1078431	
  .0000456	 3.960784	-.127451	
  .0000457	 4.039216	-.1078431	
  .0000458	 4.039216	-.127451	
  .0000459	 3.882353	-.1078431	
  .000046	 3.960784	-.1470588	
  .0000461	 3.882353	-.1470588	
  .0000462	 3.882353	-.1470588	
  .0000463	 3.960784	-.1470588	
  .0000464	 3.882353	-.1470588	
  .0000465	 3.960784	-.1470588	
  .0000466	 3.803921	-.1470588	
  .0000467	 3.803921	-.1862745	
  .0000468	 3.882353	-.1862745	
  .0000469	 3.803921	-.2058824	
  .000047	 3.647059	-.1862745	
  .0000471	 3.72549	-.2058824	
  .0000472	 3.647059	-.2058824	
  .0000473	 3.647059	-.2254902	
  .0000474	 3.647059	-.2254902	
  .0000475	 3.647059	-.2254902	
  .0000476	 3.568627	-.2254902	
  .0000477	 3.647059	-.2647059	
  .0000478	 3.568627	-.2254902	
  .0000479	 3.568627	-.245098	
  .000048	 3.490196	-.245098	
  .0000481	 3.490196	-.2647059	
  .0000482	 3.568627	-.2843137	
  .0000483	 3.568627	-.2843137	
  .0000484	 3.490196	-.2647059	
  .0000485	 3.490196	-.2843137	
  .0000486	 3.490196	-.3039216	
  .0000487	 3.333333	-.2843137	
  .0000488	 3.490196	-.3235294	
  .0000489	 3.254902	-.3039216	
  .000049	 3.333333	-.3235294	
  .0000491	 3.333333	-.3235294	
  .0000492	 3.333333	-.3431373	
  .0000493	 3.176471	-.3431373	
  .0000494	 3.254902	-.3431373	
  .0000495	 3.176471	-.3431373	
  .0000496	 3.254902	-.3627451	
  .0000497	 3.176471	-.3431373	
  .0000498	 3.254902	-.3627451	
  .0000499	 3.019608	-.3627451	
  .00005	 3.019608	-.3823529	
  .0000501	 3.019608	-.3823529	
  .0000502	 3.019608	-.4019608	
  .0000503	 2.941176	-.4215686	
  .0000504	 2.941176	-.4215686	
  .0000505	 2.941176	-.4215686	
  .0000506	 2.941176	-.4607843	
  .0000507	 2.862745	-.4215686	
  .0000508	 2.862745	-.4607843	
  .0000509	 2.862745	-.4803922	
  .000051	 2.784314	-.4607843	
  .0000511	 2.705882	-.4411765	
  .0000512	 2.784314	-.4607843	
  .0000513	 2.627451	-.4803922	
  .0000514	 2.705882	-.4607843	
  .0000515	 2.627451	-.4803922	
  .0000516	 2.54902	-.5	
  .0000517	 2.627451	-.5196078	
  .0000518	 2.627451	-.5196078	
  .0000519	 2.54902	-.5196078	
  .000052	 2.470588	-.5392157	
  .0000521	 2.470588	-.5196078	
  .0000522	 2.392157	-.5392157	
  .0000523	 2.313725	-.5392157	
  .0000524	 2.392157	-.5784314	
  .0000525	 2.392157	-.5588235	
  .0000526	 2.313725	-.5588235	
  .0000527	 2.313725	-.5588235	
  .0000528	 2.313725	-.5980392	
  .0000529	 2.313725	-.5784314	
  .000053	 2.313725	-.5980392	
  .0000531	 2.313725	-.5980392	
  .0000532	 2.156863	-.5980392	
  .0000533	 2.156863	-.5980392	
  .0000534	 2.156863	-.6176471	
  .0000535	 2.156863	-.6372549	
  .0000536	 2	-.6568627	
  .0000537	 2.078431	-.6372549	
  .0000538	 2	-.6568627	
  .0000539	 1.921569	-.6764706	
  .000054	 2	-.6568627	
  .0000541	 2	-.6372549	
  .0000542	 1.921569	-.6568627	
  .0000543	 1.921569	-.6960784	
  .0000544	 1.843137	-.6960784	
  .0000545	 1.843137	-.6960784	
  .0000546	 1.764706	-.6764706	
  .0000547	 1.686275	-.6960784	
  .0000548	 1.607843	-.7156863	
  .0000549	 1.686275	-.7352941	
  .000055	 1.686275	-.7352941	
  .0000551	 1.686275	-.7745098	
  .0000552	 1.607843	-.7549019	
  .0000553	 1.529412	-.7549019	
  .0000554	 1.45098	-.7549019	
  .0000555	 1.45098	-.7745098	
  .0000556	 1.45098	-.7941176	
  .0000557	 1.45098	-.7941176	
  .0000558	 1.372549	-.7549019	
  .0000559	 1.45098	-.7745098	
  .000056	 1.294118	-.7941176	
  .0000561	 1.294118	-.7941176	
  .0000562	 1.294118	-.7941176	
  .0000563	 1.215686	-.7941176	
  .0000564	 1.294118	-.8137255	
  .0000565	 1.215686	-.8137255	
  .0000566	 1.058824	-.8529412	
  .0000567	 1.137255	-.8333333	
  .0000568	 1.137255	-.8333333	
  .0000569	 .9803922	-.8529412	
  .000057	 1.058824	-.8529412	
  .0000571	 .9019608	-.8529412	
  .0000572	 .9803922	-.872549	
  .0000573	 .9019608	-.8529412	
  .0000574	 .9803922	-.872549	
  .0000575	 .7450981	-.872549	
  .0000576	 .8235294	-.8921568	
  .0000577	 .7450981	-.8921568	
  .0000578	 .7450981	-.8921568	
  .0000579	 .6666667	-.9117647	
  .000058	 .7450981	-.9117647	
  .0000581	 .6666667	-.9313725	
  .0000582	 .6666667	-.9117647	
  .0000583	 .6666667	-.9313725	
  .0000584	 .6666667	-.9509804	
  .0000585	 .6666667	-.9313725	
  .0000586	 .509804	-.9509804	
  .0000587	 .509804	-.9509804	
  .0000588	 .4313726	-.9509804	
  .0000589	 .4313726	-.9705882	
  .000059	 .509804	-.9705882	
  .0000591	 .4313726	-.9705882	
  .0000592	 .3529412	-.990196	
  .0000593	 .3529412	-1.009804	
  .0000594	 .3529412	-.9705882	
  .0000595	 .2745098	-.990196	
  .0000596	 .2745098	-1.009804	
  .0000597	 .1960784	-.990196	
  .0000598	 .1176471	-1.009804	
  .0000599	 .1176471	-1.009804	
  .00006	 3.921569E-02	-1.04902	
  .0000601	 3.921569E-02	-1.068627	
  .0000602	 3.921569E-02	-1.029412	
  .0000603	-3.921569E-02	-1.04902	
  .0000604	-.1176471	-1.029412	
  .0000605	-.1176471	-1.107843	
  .0000606	-.1176471	-1.088235	
  .0000607	-.1176471	-1.088235	
  .0000608	-.1960784	-1.068627	
  .0000609	-.1960784	-1.088235	
  .000061	-.2745098	-1.088235	
  .0000611	-.1960784	-1.088235	
  .0000612	-.3529412	-1.107843	
  .0000613	-.3529412	-1.107843	
  .0000614	-.4313726	-1.107843	
  .0000615	-.4313726	-1.088235	
  .0000616	-.509804	-1.147059	
  .0000617	-.509804	-1.147059	
  .0000618	-.509804	-1.147059	
  .0000619	-.509804	-1.147059	
  .000062	-.5882353	-1.147059	
  .0000621	-.6666667	-1.166667	
  .0000622	-.5882353	-1.147059	
  .0000623	-.509804	-1.186275	
  .0000624	-.7450981	-1.166667	
  .0000625	-.7450981	-1.166667	
  .0000626	-.7450981	-1.205882	
  .0000627	-.8235294	-1.205882	
  .0000628	-.8235294	-1.205882	
  .0000629	-.8235294	-1.205882	
  .000063	-.8235294	-1.22549	
  .0000631	-.9019608	-1.22549	
  .0000632	-1.137255	-1.22549	
  .0000633	-1.215686	-1.245098	
  .0000634	-1.137255	-1.245098	
  .0000635	-1.058824	-1.245098	
  .0000636	-1.215686	-1.245098	
  .0000637	-1.294118	-1.245098	
  .0000638	-1.215686	-1.264706	
  .0000639	-1.137255	-1.284314	
  .000064	-1.294118	-1.245098	
  .0000641	-1.372549	-1.264706	
  .0000642	-1.45098	-1.284314	
  .0000643	-1.294118	-1.284314	
  .0000644	-1.45098	-1.303922	
  .0000645	-1.372549	-1.284314	
  .0000646	-1.372549	-1.303922	
  .0000647	-1.45098	-1.323529	
  .0000648	-1.45098	-1.323529	
  .0000649	-1.764706	-1.323529	
  .000065	-1.607843	-1.362745	
  .0000651	-1.686275	-1.343137	
  .0000652	-1.764706	-1.323529	
  .0000653	-1.686275	-1.343137	
  .0000654	-1.843137	-1.343137	
  .0000655	-1.607843	-1.362745	
  .0000656	-1.686275	-1.382353	
  .0000657	-1.921569	-1.362745	
  .0000658	-1.843137	-1.362745	
  .0000659	-1.843137	-1.382353	
  .000066	-1.843137	-1.362745	
  .0000661	-2	-1.382353	
  .0000662	-2.078431	-1.362745	
  .0000663	-2	-1.362745	
  .0000664	-2.156863	-1.382353	
  .0000665	-2.078431	-1.421569	
  .0000666	-2.156863	-1.421569	
  .0000667	-2.235294	-1.401961	
  .0000668	-2.156863	-1.421569	
  .0000669	-2.235294	-1.382353	
  .000067	-2.235294	-1.421569	
  .0000671	-2.392157	-1.421569	
  .0000672	-2.235294	-1.421569	
  .0000673	-2.392157	-1.441176	
  .0000674	-2.313725	-1.401961	
  .0000675	-2.313725	-1.441176	
  .0000676	-2.392157	-1.421569	
  .0000677	-2.313725	-1.441176	
  .0000678	-2.392157	-1.441176	
  .0000679	-2.54902	-1.441176	
  .000068	-2.627451	-1.460784	
  .0000681	-2.470588	-1.441176	
  .0000682	-2.627451	-1.441176	
  .0000683	-2.705882	-1.5	
  .0000684	-2.705882	-1.480392	
  .0000685	-2.627451	-1.480392	
  .0000686	-2.627451	-1.480392	
  .0000687	-2.627451	-1.460784	
  .0000688	-2.705882	-1.480392	
  .0000689	-2.784314	-1.480392	
  .000069	-2.862745	-1.5	
  .0000691	-2.784314	-1.480392	
  .0000692	-2.784314	-1.480392	
  .0000693	-2.784314	-1.5	
  .0000694	-2.862745	-1.480392	
  .0000695	-3.019608	-1.480392	
  .0000696	-2.862745	-1.5	
  .0000697	-3.019608	-1.5	
  .0000698	-3.019608	-1.5	
  .0000699	-2.941176	-1.5	
  .00007	-3.098039	-1.5	
  .0000701	-3.019608	-1.5	
  .0000702	-3.098039	-1.5	
  .0000703	-3.098039	-1.519608	
  .0000704	-3.176471	-1.519608	
  .0000705	-3.019608	-1.5	
  .0000706	-3.098039	-1.5	
  .0000707	-3.176471	-1.5	
  .0000708	-3.098039	-1.5	
  .0000709	-3.176471	-1.519608	
  .000071	-3.254902	-1.519608	
  .0000711	-3.254902	-1.519608	
  .0000712	-3.254902	-1.519608	
  .0000713	-3.254902	-1.519608	
  .0000714	-3.333333	-1.519608	
  .0000715	-3.411765	-1.539216	
  .0000716	-3.411765	-1.558824	
  .0000717	-3.411765	-1.519608	
  .0000718	-3.490196	-1.519608	
  .0000719	-3.411765	-1.519608	
  .000072	-3.490196	-1.519608	
  .0000721	-3.490196	-1.519608	
  .0000722	-3.490196	-1.519608	
  .0000723	-3.490196	-1.519608	
  .0000724	-3.568627	-1.519608	
  .0000725	-3.568627	-1.519608	
  .0000726	-3.647059	-1.539216	
  .0000727	-3.647059	-1.519608	
  .0000728	-3.647059	-1.539216	
  .0000729	-3.647059	-1.558824	
  .000073	-3.647059	-1.539216	
  .0000731	-3.72549	-1.519608	
  .0000732	-3.882353	-1.558824	
  .0000733	-3.803921	-1.578431	
  .0000734	-3.803921	-1.539216	
  .0000735	-3.882353	-1.558824	
  .0000736	-3.882353	-1.539216	
  .0000737	-3.882353	-1.558824	
  .0000738	-3.803921	-1.539216	
  .0000739	-3.882353	-1.539216	
  .000074	-3.882353	-1.558824	
  .0000741	-3.882353	-1.539216	
  .0000742	-3.882353	-1.558824	
  .0000743	-4.039216	-1.539216	
  .0000744	-4.039216	-1.558824	
  .0000745	-4.117647	-1.558824	
  .0000746	-4.117647	-1.578431	
  .0000747	-4.117647	-1.558824	
  .0000748	-4.196078	-1.558824	
  .0000749	-4.117647	-1.558824	
  .000075	-4.117647	-1.558824	
  .0000751	-4.196078	-1.539216	
  .0000752	-4.27451	-1.558824	
  .0000753	-4.196078	-1.558824	
  .0000754	-4.27451	-1.539216	
  .0000755	-4.117647	-1.578431	
  .0000756	-4.27451	-1.539216	
  .0000757	-4.27451	-1.578431	
  .0000758	-4.27451	-1.558824	
  .0000759	-4.352941	-1.539216	
  .000076	-4.431373	-1.558824	
  .0000761	-4.352941	-1.558824	
  .0000762	-4.352941	-1.539216	
  .0000763	-4.352941	-1.558824	
  .0000764	-4.509804	-1.578431	
  .0000765	-4.431373	-1.598039	
  .0000766	-4.588235	-1.578431	
  .0000767	-4.509804	-1.558824	
  .0000768	-4.509804	-1.539216	
  .0000769	-4.588235	-1.578431	
  .000077	-4.588235	-1.558824	
  .0000771	-4.509804	-1.558824	
  .0000772	-4.509804	-1.578431	
  .0000773	-4.509804	-1.558824	
  .0000774	-4.588235	-1.578431	
  .0000775	-4.666667	-1.558824	
  .0000776	-4.666667	-1.578431	
  .0000777	-4.666667	-1.558824	
  .0000778	-4.666667	-1.558824	
  .0000779	-4.745098	-1.558824	
  .000078	-4.745098	-1.558824	
  .0000781	-4.823529	-1.558824	
  .0000782	-4.823529	-1.578431	
  .0000783	-4.823529	-1.578431	
  .0000784	-4.745098	-1.558824	
  .0000785	-4.823529	-1.558824	
  .0000786	-4.901961	-1.578431	
  .0000787	-4.823529	-1.558824	
  .0000788	-4.823529	-1.539216	
  .0000789	-4.745098	-1.578431	
  .000079	-4.823529	-1.558824	
  .0000791	-5.058824	-1.539216	
  .0000792	-4.901961	-1.558824	
  .0000793	-4.901961	-1.539216	
  .0000794	-4.901961	-1.539216	
  .0000795	-5.058824	-1.558824	
  .0000796	-4.980392	-1.539216	
  .0000797	-5.058824	-1.539216	
  .0000798	-4.980392	-1.578431	
  .0000799	-5.137255	-1.578431	
  .00008	-5.058824	-1.558824	
  .0000801	-5.137255	-1.539216	
  .0000802	-5.137255	-1.539216	
  .0000803	-5.058824	-1.539216	
  .0000804	-5.058824	-1.539216	
  .0000805	-5.058824	-1.539216	
  .0000806	-5.137255	-1.519608	
  .0000807	-5.137255	-1.539216	
  .0000808	-5.137255	-1.558824	
  .0000809	-5.137255	-1.539216	
  .000081	-5.137255	-1.558824	
  .0000811	-5.215686	-1.539216	
  .0000812	-5.137255	-1.519608	
  .0000813	-5.294117	-1.519608	
  .0000814	-5.215686	-1.539216	
  .0000815	-5.294117	-1.539216	
  .0000816	-5.215686	-1.519608	
  .0000817	-5.215686	-1.519608	
  .0000818	-5.294117	-1.480392	
  .0000819	-5.294117	-1.519608	
  .000082	-5.294117	-1.5	
  .0000821	-5.137255	-1.519608	
  .0000822	-5.215686	-1.5	
  .0000823	-5.215686	-1.480392	
  .0000824	-5.294117	-1.480392	
  .0000825	-5.294117	-1.480392	
  .0000826	-5.372549	-1.480392	
  .0000827	-5.372549	-1.5	
  .0000828	-5.372549	-1.460784	
  .0000829	-5.294117	-1.5	
  .000083	-5.372549	-1.460784	
  .0000831	-5.45098	-1.5	
  .0000832	-5.45098	-1.480392	
  .0000833	-5.372549	-1.460784	
  .0000834	-5.372549	-1.460784	
  .0000835	-5.45098	-1.460784	
  .0000836	-5.45098	-1.460784	
  .0000837	-5.372549	-1.441176	
  .0000838	-5.294117	-1.460784	
  .0000839	-5.372549	-1.421569	
  .000084	-5.45098	-1.421569	
  .0000841	-5.372549	-1.441176	
  .0000842	-5.45098	-1.421569	
  .0000843	-5.45098	-1.441176	
  .0000844	-5.529412	-1.421569	
  .0000845	-5.45098	-1.441176	
  .0000846	-5.529412	-1.421569	
  .0000847	-5.607843	-1.441176	
  .0000848	-5.529412	-1.421569	
  .0000849	-5.45098	-1.382353	
  .000085	-5.45098	-1.362745	
  .0000851	-5.529412	-1.401961	
  .0000852	-5.529412	-1.382353	
  .0000853	-5.45098	-1.382353	
  .0000854	-5.45098	-1.382353	
  .0000855	-5.529412	-1.362745	
  .0000856	-5.372549	-1.362745	
  .0000857	-5.529412	-1.343137	
  .0000858	-5.45098	-1.362745	
  .0000859	-5.45098	-1.343137	
  .000086	-5.529412	-1.343137	
  .0000861	-5.45098	-1.343137	
  .0000862	-5.45098	-1.323529	
  .0000863	-5.45098	-1.362745	
  .0000864	-5.529412	-1.362745	
  .0000865	-5.529412	-1.323529	
  .0000866	-5.529412	-1.323529	
  .0000867	-5.529412	-1.303922	
  .0000868	-5.45098	-1.303922	
  .0000869	-5.529412	-1.303922	
  .000087	-5.529412	-1.343137	
  .0000871	-5.45098	-1.323529	
  .0000872	-5.45098	-1.284314	
  .0000873	-5.45098	-1.303922	
  .0000874	-5.45098	-1.303922	
  .0000875	-5.529412	-1.284314	
  .0000876	-5.529412	-1.303922	
  .0000877	-5.45098	-1.284314	
  .0000878	-5.45098	-1.284314	
  .0000879	-5.529412	-1.284314	
  .000088	-5.607843	-1.245098	
  .0000881	-5.607843	-1.264706	
  .0000882	-5.45098	-1.264706	
  .0000883	-5.45098	-1.22549	
  .0000884	-5.45098	-1.245098	
  .0000885	-5.45098	-1.245098	
  .0000886	-5.529412	-1.245098	
  .0000887	-5.45098	-1.22549	
  .0000888	-5.372549	-1.245098	
  .0000889	-5.45098	-1.22549	
  .000089	-5.45098	-1.205882	
  .0000891	-5.45098	-1.205882	
  .0000892	-5.372549	-1.205882	
  .0000893	-5.45098	-1.166667	
  .0000894	-5.45098	-1.186275	
  .0000895	-5.45098	-1.186275	
  .0000896	-5.529412	-1.186275	
  .0000897	-5.45098	-1.186275	
  .0000898	-5.45098	-1.205882	
  .0000899	-5.45098	-1.147059	
  .00009	-5.45098	-1.166667	
  .0000901	-5.372549	-1.166667	
  .0000902	-5.372549	-1.166667	
  .0000903	-5.372549	-1.147059	
  .0000904	-5.294117	-1.127451	
  .0000905	-5.372549	-1.107843	
  .0000906	-5.372549	-1.127451	
  .0000907	-5.45098	-1.127451	
  .0000908	-5.372549	-1.127451	
  .0000909	-5.45098	-1.107843	
  .000091	-5.294117	-1.107843	
  .0000911	-5.294117	-1.127451	
  .0000912	-5.45098	-1.068627	
  .0000913	-5.372549	-1.107843	
  .0000914	-5.294117	-1.107843	
  .0000915	-5.294117	-1.088235	
  .0000916	-5.294117	-1.088235	
  .0000917	-5.372549	-1.04902	
  .0000918	-5.372549	-1.088235	
  .0000919	-5.45098	-1.04902	
  .000092	-5.215686	-1.068627	
  .0000921	-5.294117	-1.068627	
  .0000922	-5.137255	-1.009804	
  .0000923	-5.215686	-1.029412	
  .0000924	-5.215686	-1.009804	
  .0000925	-5.215686	-1.009804	
  .0000926	-5.294117	-1.04902	
  .0000927	-5.215686	-1.009804	
  .0000928	-5.215686	-.990196	
  .0000929	-5.294117	-.990196	
  .000093	-5.215686	-1.009804	
  .0000931	-5.294117	-1.009804	
  .0000932	-5.137255	-.990196	
  .0000933	-5.137255	-.990196	
  .0000934	-5.294117	-.9705882	
  .0000935	-5.215686	-.9705882	
  .0000936	-5.137255	-.9509804	
  .0000937	-5.058824	-.9313725	
  .0000938	-5.058824	-.9313725	
  .0000939	-5.215686	-.9313725	
  .000094	-5.137255	-.9509804	
  .0000941	-5.215686	-.9509804	
  .0000942	-5.137255	-.9117647	
  .0000943	-5.137255	-.9117647	
  .0000944	-5.058824	-.8921568	
  .0000945	-5.215686	-.9313725	
  .0000946	-5.215686	-.8921568	
  .0000947	-4.980392	-.9117647	
  .0000948	-4.901961	-.872549	
  .0000949	-5.058824	-.872549	
  .000095	-4.980392	-.872549	
  .0000951	-4.980392	-.872549	
  .0000952	-4.980392	-.8529412	
  .0000953	-4.980392	-.8333333	
  .0000954	-4.980392	-.8333333	
  .0000955	-4.980392	-.8529412	
  .0000956	-4.823529	-.7941176	
  .0000957	-4.901961	-.8137255	
  .0000958	-4.823529	-.7941176	
  .0000959	-4.901961	-.7941176	
  .000096	-4.901961	-.8137255	
  .0000961	-4.901961	-.7745098	
  .0000962	-4.901961	-.8137255	
  .0000963	-4.745098	-.8137255	
  .0000964	-4.823529	-.7745098	
  .0000965	-4.823529	-.7549019	
  .0000966	-4.823529	-.7745098	
  .0000967	-4.823529	-.7549019	
  .0000968	-4.823529	-.7745098	
  .0000969	-4.745098	-.7549019	
  .000097	-4.745098	-.7549019	
  .0000971	-4.745098	-.7549019	
  .0000972	-4.745098	-.7352941	
  .0000973	-4.588235	-.7156863	
  .0000974	-4.588235	-.7352941	
  .0000975	-4.666667	-.6960784	
  .0000976	-4.666667	-.7156863	
  .0000977	-4.666667	-.6960784	
  .0000978	-4.666667	-.6764706	
  .0000979	-4.588235	-.6764706	
  .000098	-4.666667	-.6764706	
  .0000981	-4.666667	-.6568627	
  .0000982	-4.588235	-.6568627	
  .0000983	-4.509804	-.6568627	
  .0000984	-4.666667	-.6568627	
  .0000985	-4.509804	-.6764706	
  .0000986	-4.431373	-.6176471	
  .0000987	-4.431373	-.6176471	
  .0000988	-4.588235	-.6176471	
  .0000989	-4.431373	-.6176471	
  .000099	-4.431373	-.5980392	
  .0000991	-4.431373	-.5784314	
  .0000992	-4.352941	-.5784314	
  .0000993	-4.352941	-.5588235	
  .0000994	-4.509804	-.5588235	
  .0000995	-4.352941	-.5588235	
  .0000996	-4.431373	-.5784314	
  .0000997	-4.352941	-.5980392	
  .0000998	-4.27451	-.5588235	
  .0000999	-4.352941	-.5588235	
  .0001	-4.27451	-.5392157	
  .0001001	-4.196078	-.5196078	
  .0001002	-4.196078	-.5196078	
  .0001003	-4.196078	-.5196078	
  .0001004	-4.117647	-.5	
  .0001005	-4.039216	-.5	
  .0001006	-4.196078	-.5	
  .0001007	-4.117647	-.4803922	
  .0001008	-4.117647	-.4803922	
  .0001009	-4.039216	-.4607843	
  .000101	-4.039216	-.4607843	
  .0001011	-4.117647	-.4411765	
  .0001012	-4.039216	-.4411765	
  .0001013	-4.117647	-.4607843	
  .0001014	-4.039216	-.4411765	
  .0001015	-4.039216	-.4215686	
  .0001016	-3.882353	-.4215686	
  .0001017	-4.039216	-.4215686	
  .0001018	-3.960784	-.4019608	
  .0001019	-3.882353	-.4215686	
  .000102	-3.882353	-.3823529	
  .0001021	-3.882353	-.3627451	
  .0001022	-3.882353	-.3627451	
  .0001023	-3.803921	-.3627451	
  .0001024	-3.803921	-.3431373	
  .0001025	-3.803921	-.3823529	
  .0001026	-3.72549	-.3627451	
  .0001027	-3.647059	-.3627451	
  .0001028	-3.72549	-.3235294	
  .0001029	-3.72549	-.3431373	
  .000103	-3.72549	-.3235294	
  .0001031	-3.647059	-.3235294	
  .0001032	-3.647059	-.3235294	
  .0001033	-3.72549	-.3039216	
  .0001034	-3.647059	-.3235294	
  .0001035	-3.568627	-.2843137	
  .0001036	-3.490196	-.2647059	
  .0001037	-3.490196	-.2647059	
  .0001038	-3.568627	-.2647059	
  .0001039	-3.411765	-.2647059	
  .000104	-3.490196	-.245098	
  .0001041	-3.411765	-.2254902	
  .0001042	-3.411765	-.2254902	
  .0001043	-3.490196	-.245098	
  .0001044	-3.490196	-.245098	
  .0001045	-3.490196	-.2254902	
  .0001046	-3.333333	-.2058824	
  .0001047	-3.254902	-.1862745	
  .0001048	-3.333333	-.1862745	
  .0001049	-3.254902	-.1862745	
  .000105	-3.333333	-.1862745	
  .0001051	-3.176471	-.1666667	
  .0001052	-3.098039	-.1862745	
  .0001053	-3.176471	-.1470588	
  .0001054	-3.098039	-.1470588	
  .0001055	-3.019608	-.127451	
  .0001056	-3.098039	-.127451	
  .0001057	-3.098039	-.127451	
  .0001058	-3.019608	-.1078431	
  .0001059	-3.019608	-.0882353	
  .000106	-3.019608	-.0882353	
  .0001061	-3.098039	-.1078431	
  .0001062	-3.019608	-.1078431	
  .0001063	-2.941176	-.0882353	
  .0001064	-3.019608	-6.862745E-02	
  .0001065	-2.941176	-6.862745E-02	
  .0001066	-2.862745	-6.862745E-02	
  .0001067	-2.862745	-4.901961E-02	
  .0001068	-2.784314	-4.901961E-02	
  .0001069	-2.784314	-4.901961E-02	
  .000107	-2.784314	-2.941176E-02	
  .0001071	-2.784314	-2.941176E-02	
  .0001072	-2.705882	-9.803922E-03	
  .0001073	-2.627451	-9.803922E-03	
  .0001074	-2.627451	-9.803922E-03	
  .0001075	-2.627451	 9.803922E-03	
  .0001076	-2.627451	 2.941176E-02	
  .0001077	-2.54902	 2.941176E-02	
  .0001078	-2.627451	 .0882353	
  .0001079	-2.627451	 2.941176E-02	
  .000108	-2.627451	 2.941176E-02	
  .0001081	-2.54902	 4.901961E-02	
  .0001082	-2.470588	 6.862745E-02	
  .0001083	-2.470588	 .0882353	
  .0001084	-2.54902	 4.901961E-02	
  .0001085	-2.313725	 .1078431	
  .0001086	-2.392157	 .0882353	
  .0001087	-2.392157	 .1078431	
  .0001088	-2.392157	 .1078431	
  .0001089	-2.392157	 .1078431	
  .000109	-2.313725	 .1470588	
  .0001091	-2.313725	 .1666667	
  .0001092	-2.235294	 .1666667	
  .0001093	-2.235294	 .1666667	
  .0001094	-2.235294	 .1666667	
  .0001095	-2.235294	 .1470588	
  .0001096	-2.156863	 .1666667	
  .0001097	-2.078431	 .1470588	
  .0001098	-2.078431	 .1666667	
  .0001099	-2.078431	 .1862745	
  .00011	-2.078431	 .1862745	
  .0001101	-2	 .1862745	
  .0001102	-1.921569	 .2058824	
  .0001103	-2	 .2254902	
  .0001104	-2	 .245098	
  .0001105	-1.921569	 .245098	
  .0001106	-1.843137	 .2647059	
  .0001107	-1.843137	 .2647059	
  .0001108	-1.843137	 .245098	
  .0001109	-1.843137	 .2647059	
  .000111	-1.843137	 .2647059	
  .0001111	-1.764706	 .245098	
  .0001112	-1.764706	 .2647059	
  .0001113	-1.686275	 .2647059	
  .0001114	-1.764706	 .2647059	
  .0001115	-1.686275	 .2843137	
  .0001116	-1.686275	 .2843137	
  .0001117	-1.686275	 .3039216	
  .0001118	-1.45098	 .3039216	
  .0001119	-1.529412	 .3431373	
  .000112	-1.529412	 .3431373	
  .0001121	-1.529412	 .3431373	
  .0001122	-1.529412	 .3431373	
  .0001123	-1.529412	 .3627451	
  .0001124	-1.372549	 .3627451	
  .0001125	-1.372549	 .3823529	
  .0001126	-1.294118	 .3627451	
  .0001127	-1.372549	 .3627451	
  .0001128	-1.372549	 .3823529	
  .0001129	-1.372549	 .4019608	
  .000113	-1.294118	 .3823529	
  .0001131	-1.215686	 .4019608	
  .0001132	-1.294118	 .4019608	
  .0001133	-1.294118	 .3823529	
  .0001134	-1.215686	 .4215686	
  .0001135	-1.215686	 .4411765	
  .0001136	-1.058824	 .4411765	
  .0001137	-1.137255	 .4411765	
  .0001138	-.9803922	 .4411765	
  .0001139	-1.058824	 .4607843	
  .000114	-1.058824	 .4803922	
  .0001141	-1.058824	 .4803922	
  .0001142	-.9019608	 .4411765	
  .0001143	-.9803922	 .4803922	
  .0001144	-.9803922	 .5	
  .0001145	-.9803922	 .5	
  .0001146	-.8235294	 .5	
  .0001147	-.9019608	 .4803922	
  .0001148	-.8235294	 .5	
  .0001149	-.8235294	 .5	
  .000115	-.7450981	 .5	
  .0001151	-.7450981	 .4803922	
  .0001152	-.8235294	 .5392157	
  .0001153	-.7450981	 .5392157	
  .0001154	-.7450981	 .5392157	
  .0001155	-.6666667	 .5392157	
  .0001156	-.6666667	 .5588235	
  .0001157	-.6666667	 .5392157	
  .0001158	-.509804	 .5588235	
  .0001159	-.5882353	 .5588235	
  .000116	-.5882353	 .5784314	
  .0001161	-.4313726	 .5784314	
  .0001162	-.4313726	 .5588235	
  .0001163	-.509804	 .5784314	
  .0001164	-.509804	 .5588235	
  .0001165	-.509804	 .6176471	
  .0001166	-.509804	 .5980392	
  .0001167	-.2745098	 .5980392	
  .0001168	-.3529412	 .5980392	
  .0001169	-.3529412	 .6176471	
  .000117	-.2745098	 .6176471	
  .0001171	-.2745098	 .6176471	
  .0001172	-.1960784	 .6372549	
  .0001173	-.2745098	 .6568627	
  .0001174	-.1960784	 .6372549	
  .0001175	-.1176471	 .6568627	
  .0001176	-.1960784	 .6568627	
  .0001177	-.1176471	 .6764706	
  .0001178	-.1176471	 .6764706	
  .0001179	-.1176471	 .6764706	
  .000118	-.1176471	 .6764706	
  .0001181	-3.921569E-02	 .6960784	
  .0001182	-3.921569E-02	 .6764706	
  .0001183	-3.921569E-02	 .6764706	
  .0001184	 .1176471	 .7156863	
  .0001185	 .1176471	 .6960784	
  .0001186	 3.921569E-02	 .6960784	
  .0001187	 .1176471	 .7156863	
  .0001188	 .2745098	 .7352941	
  .0001189	 .2745098	 .7352941	
  .000119	 .1960784	 .7549019	
  .0001191	 .1960784	 .7352941	
  .0001192	 .2745098	 .7549019	
  .0001193	 .2745098	 .7549019	
  .0001194	 .2745098	 .7745098	
  .0001195	 .3529412	 .7549019	
  .0001196	 .3529412	 .7352941	
  .0001197	 .3529412	 .7549019	
  .0001198	 .3529412	 .7549019	
  .0001199	 .3529412	 .7549019	
  .00012	 .5882353	 .7941176	
  .0001201	 .509804	 .7941176	
  .0001202	 .509804	 .7941176	
  .0001203	 .509804	 .7745098	
  .0001204	 .509804	 .8137255	
  .0001205	 .509804	 .8137255	
  .0001206	 .5882353	 .8137255	
  .0001207	 .7450981	 .8137255	
  .0001208	 .6666667	 .8333333	
  .0001209	 .5882353	 .8333333	
  .000121	 .7450981	 .8529412	
  .0001211	 .7450981	 .8137255	
  .0001212	 .8235294	 .8333333	
  .0001213	 .7450981	 .8137255	
  .0001214	 .8235294	 .8333333	
  .0001215	 .8235294	 .8333333	
  .0001216	 .7450981	 .8333333	
  .0001217	 .8235294	 .8529412	
  .0001218	 .8235294	 .8529412	
  .0001219	 .9019608	 .872549	
  .000122	 .9019608	 .8529412	
  .0001221	 .9803922	 .8529412	
  .0001222	 .9803922	 .8921568	
  .0001223	 1.137255	 .8921568	
  .0001224	 1.058824	 .9117647	
  .0001225	 1.058824	 .8921568	
  .0001226	 1.137255	 .9117647	
  .0001227	 1.137255	 .9117647	
  .0001228	 1.137255	 .9117647	
  .0001229	 1.137255	 .9117647	
  .000123	 1.058824	 .9117647	
  .0001231	 1.215686	 .9117647	
  .0001232	 1.137255	 .9117647	
  .0001233	 1.215686	 .9313725	
  .0001234	 1.215686	 .9509804	
  .0001235	 1.294118	 .9313725	
  .0001236	 1.294118	 .9509804	
  .0001237	 1.372549	 .9509804	
  .0001238	 1.372549	 .9509804	
  .0001239	 1.372549	 .9509804	
  .000124	 1.529412	 .9705882	
  .0001241	 1.529412	 .9509804	
  .0001242	 1.45098	 .9509804	
  .0001243	 1.45098	 .9705882	
  .0001244	 1.529412	 .9509804	
  .0001245	 1.607843	 .9509804	
  .0001246	 1.529412	 .9705882	
  .0001247	 1.607843	 .9509804	
  .0001248	 1.607843	 .9509804	
  .0001249	 1.686275	 .9509804	
  .000125	 1.764706	 .9705882	
  .0001251	 1.607843	 .9705882	
  .0001252	 1.686275	 .990196	
  .0001253	 1.686275	 .990196	
  .0001254	 1.764706	 .9705882	
  .0001255	 1.764706	 .990196	
  .0001256	 1.686275	 .990196	
  .0001257	 1.921569	 1.029412	
  .0001258	 1.764706	 1.009804	
  .0001259	 1.764706	 1.009804	
  .000126	 1.921569	 1.009804	
  .0001261	 1.921569	 .990196	
  .0001262	 1.764706	 1.009804	
  .0001263	 1.843137	 .990196	
  .0001264	 1.843137	 1.009804	
  .0001265	 1.843137	 1.009804	
  .0001266	 1.921569	 1.009804	
  .0001267	 2	 1.009804	
  .0001268	 1.921569	 1.04902	
  .0001269	 2	 1.009804	
  .000127	 2	 1.009804	
  .0001271	 2	 1.068627	
  .0001272	 1.921569	 1.04902	
  .0001273	 2.078431	 1.04902	
  .0001274	 2.078431	 1.04902	
  .0001275	 2.235294	 1.029412	
  .0001276	 2.156863	 1.068627	
  .0001277	 2.156863	 1.04902	
  .0001278	 2.156863	 1.04902	
  .0001279	 2.156863	 1.04902	
  .000128	 2.235294	 1.04902	
  .0001281	 2.156863	 1.04902	
  .0001282	 2.235294	 1.04902	
  .0001283	 2.313725	 1.068627	
  .0001284	 2.313725	 1.04902	
  .0001285	 2.313725	 1.04902	
  .0001286	 2.313725	 1.068627	
  .0001287	 2.313725	 1.088235	
  .0001288	 2.392157	 1.04902	
  .0001289	 2.470588	 1.088235	
  .000129	 2.470588	 1.088235	
  .0001291	 2.313725	 1.107843	
  .0001292	 2.392157	 1.088235	
  .0001293	 2.470588	 1.088235	
  .0001294	 2.470588	 1.107843	
  .0001295	 2.470588	 1.068627	
  .0001296	 2.470588	 1.068627	
  .0001297	 2.54902	 1.068627	
  .0001298	 2.470588	 1.088235	
  .0001299	 2.54902	 1.088235	
  .00013	 2.627451	 1.088235	
  .0001301	 2.627451	 1.068627	
  .0001302	 2.705882	 1.068627	
  .0001303	 2.705882	 1.127451	
  .0001304	 2.54902	 1.107843	
  .0001305	 2.705882	 1.088235	
  .0001306	 2.784314	 1.107843	
  .0001307	 2.705882	 1.088235	
  .0001308	 2.705882	 1.107843	
  .0001309	 2.784314	 1.127451	
  .000131	 2.784314	 1.088235	
  .0001311	 2.784314	 1.088235	
  .0001312	 2.784314	 1.088235	
  .0001313	 2.784314	 1.107843	
  .0001314	 2.784314	 1.088235	
  .0001315	 2.784314	 1.068627	
  .0001316	 2.862745	 1.088235	
  .0001317	 2.862745	 1.107843	
  .0001318	 2.862745	 1.107843	
  .0001319	 2.941176	 1.088235	
  .000132	 2.862745	 1.107843	
  .0001321	 2.941176	 1.107843	
  .0001322	 3.098039	 1.107843	
  .0001323	 3.019608	 1.107843	
  .0001324	 2.941176	 1.127451	
  .0001325	 3.019608	 1.088235	
  .0001326	 3.019608	 1.127451	
  .0001327	 3.098039	 1.107843	
  .0001328	 3.019608	 1.088235	
  .0001329	 3.019608	 1.127451	
  .000133	 3.019608	 1.127451	
  .0001331	 3.098039	 1.107843	
  .0001332	 3.019608	 1.127451	
  .0001333	 3.098039	 1.107843	
  .0001334	 3.176471	 1.127451	
  .0001335	 3.176471	 1.127451	
  .0001336	 3.254902	 1.107843	
  .0001337	 3.254902	 1.127451	
  .0001338	 3.176471	 1.147059	
  .0001339	 3.176471	 1.127451	
  .000134	 3.176471	 1.127451	
  .0001341	 3.254902	 1.127451	
  .0001342	 3.333333	 1.147059	
  .0001343	 3.254902	 1.127451	
  .0001344	 3.176471	 1.107843	
  .0001345	 3.254902	 1.107843	
  .0001346	 3.254902	 1.107843	
  .0001347	 3.254902	 1.107843	
  .0001348	 3.333333	 1.107843	
  .0001349	 3.411765	 1.088235	
  .000135	 3.333333	 1.127451	
  .0001351	 3.411765	 1.107843	
  .0001352	 3.411765	 1.107843	
  .0001353	 3.333333	 1.107843	
  .0001354	 3.411765	 1.147059	
  .0001355	 3.411765	 1.107843	
  .0001356	 3.490196	 1.127451	
  .0001357	 3.411765	 1.107843	
  .0001358	 3.411765	 1.107843	
  .0001359	 3.490196	 1.107843	
  .000136	 3.490196	 1.127451	
  .0001361	 3.411765	 1.107843	
  .0001362	 3.490196	 1.107843	
  .0001363	 3.411765	 1.107843	
  .0001364	 3.411765	 1.107843	
  .0001365	 3.490196	 1.088235	
  .0001366	 3.568627	 1.088235	
  .0001367	 3.490196	 1.107843	
  .0001368	 3.490196	 1.107843	
  .0001369	 3.568627	 1.088235	
  .000137	 3.490196	 1.127451	
  .0001371	 3.568627	 1.107843	
  .0001372	 3.568627	 1.107843	
  .0001373	 3.568627	 1.127451	
  .0001374	 3.647059	 1.088235	
  .0001375	 3.568627	 1.147059	
  .0001376	 3.568627	 1.107843	
  .0001377	 3.72549	 1.107843	
  .0001378	 3.647059	 1.107843	
  .0001379	 3.647059	 1.088235	
  .000138	 3.647059	 1.068627	
  .0001381	 3.647059	 1.068627	
  .0001382	 3.647059	 1.107843	
  .0001383	 3.803921	 1.068627	
  .0001384	 3.72549	 1.107843	
  .0001385	 3.72549	 1.088235	
  .0001386	 3.803921	 1.068627	
  .0001387	 3.803921	 1.088235	
  .0001388	 3.72549	 1.107843	
  .0001389	 3.803921	 1.107843	
  .000139	 3.647059	 1.127451	
  .0001391	 3.72549	 1.127451	
  .0001392	 3.72549	 1.088235	
  .0001393	 3.803921	 1.088235	
  .0001394	 3.803921	 1.04902	
  .0001395	 3.72549	 1.04902	
  .0001396	 3.72549	 1.04902	
  .0001397	 3.72549	 1.068627	
  .0001398	 3.803921	 1.04902	
  .0001399	 3.803921	 1.068627	
  .00014	 3.803921	 1.04902	
  .0001401	 3.882353	 1.068627	
  .0001402	 3.803921	 1.04902	
  .0001403	 3.803921	 1.068627	
  .0001404	 3.803921	 1.04902	
  .0001405	 3.882353	 1.068627	
  .0001406	 3.882353	 1.04902	
  .0001407	 3.803921	 1.029412	
  .0001408	 3.882353	 1.068627	
  .0001409	 3.882353	 1.029412	
  .000141	 3.960784	 1.029412	
  .0001411	 3.882353	 1.009804	
  .0001412	 3.882353	 1.04902	
  .0001413	 3.882353	 1.029412	
  .0001414	 3.882353	 1.029412	
  .0001415	 3.882353	 1.009804	
  .0001416	 3.960784	 1.029412	
  .0001417	 4.039216	 1.04902	
  .0001418	 3.960784	 1.029412	
  .0001419	 3.803921	 1.029412	
  .000142	 3.882353	 1.04902	
  .0001421	 4.039216	 1.029412	
  .0001422	 4.039216	 1.029412	
  .0001423	 3.960784	 1.009804	
  .0001424	 3.882353	 .990196	
  .0001425	 3.882353	 1.009804	
  .0001426	 4.039216	 1.009804	
  .0001427	 3.882353	 .990196	
  .0001428	 3.960784	 1.009804	
  .0001429	 3.960784	 .9705882	
  .000143	 3.960784	 .990196	
  .0001431	 3.960784	 .9705882	
  .0001432	 3.960784	 1.009804	
  .0001433	 4.039216	 .990196	
  .0001434	 4.039216	 .990196	
  .0001435	 4.039216	 .990196	
  .0001436	 4.039216	 .9705882	
  .0001437	 3.960784	 .990196	
  .0001438	 3.960784	 .990196	
  .0001439	 3.960784	 .990196	
  .000144	 4.039216	 .990196	
  .0001441	 4.039216	 .9705882	
  .0001442	 4.039216	 .9509804	
  .0001443	 3.960784	 .9313725	
  .0001444	 4.039216	 .9509804	
  .0001445	 3.960784	 .9509804	
  .0001446	 3.960784	 .9117647	
  .0001447	 3.960784	 .9509804	
  .0001448	 4.039216	 .9313725	
  .0001449	 4.039216	 .9509804	
  .000145	 3.960784	 .9509804	
  .0001451	 4.039216	 .9313725	
  .0001452	 4.039216	 .9117647	
  .0001453	 3.960784	 .9313725	
  .0001454	 3.960784	 .9117647	
  .0001455	 4.039216	 .9509804	
  .0001456	 3.960784	 .9117647	
  .0001457	 3.960784	 .9313725	
  .0001458	 4.039216	 .9117647	
  .0001459	 4.117647	 .8921568	
  .000146	 3.960784	 .8921568	
  .0001461	 3.960784	 .8921568	
  .0001462	 3.960784	 .8921568	
  .0001463	 3.960784	 .872549	
  .0001464	 3.960784	 .8529412	
  .0001465	 4.039216	 .872549	
  .0001466	 3.960784	 .872549	
  .0001467	 3.960784	 .872549	
  .0001468	 3.960784	 .872549	
  .0001469	 3.960784	 .872549	
  .000147	 3.960784	 .8529412	
  .0001471	 4.039216	 .872549	
  .0001472	 4.117647	 .8529412	
  .0001473	 4.039216	 .8921568	
  .0001474	 4.039216	 .8921568	
  .0001475	 4.117647	 .8529412	
  .0001476	 4.039216	 .8529412	
  .0001477	 3.960784	 .8529412	
  .0001478	 3.882353	 .8333333	
  .0001479	 3.960784	 .8529412	
  .000148	 3.960784	 .8137255	
  .0001481	 4.039216	 .8529412	
  .0001482	 4.039216	 .7941176	
  .0001483	 3.960784	 .8333333	
  .0001484	 3.960784	 .8137255	
  .0001485	 4.039216	 .8333333	
  .0001486	 4.117647	 .8137255	
  .0001487	 4.039216	 .8333333	
  .0001488	 4.039216	 .8137255	
  .0001489	 3.960784	 .8137255	
  .000149	 3.882353	 .8137255	
  .0001491	 3.803921	 .7549019	
  .0001492	 3.960784	 .7745098	
  .0001493	 3.882353	 .7549019	
  .0001494	 3.882353	 .7745098	
  .0001495	 3.882353	 .7549019	
  .0001496	 3.803921	 .7549019	
  .0001497	 3.960784	 .7156863	
  .0001498	 3.960784	 .7549019	
  .0001499	 3.882353	 .7549019	
  .00015	 3.882353	 .7352941	
  .0001501	 3.882353	 .7549019	
  .0001502	 3.803921	 .7549019	
  .0001503	 3.882353	 .7549019	
  .0001504	 3.882353	 .7352941	
  .0001505	 3.882353	 .7352941	
  .0001506	 3.882353	 .7352941	
  .0001507	 3.882353	 .7549019	
  .0001508	 3.882353	 .6764706	
  .0001509	 3.882353	 .6764706	
  .000151	 3.882353	 .6764706	
  .0001511	 3.72549	 .6960784	
  .0001512	 3.72549	 .6568627	
  .0001513	 3.72549	 .6764706	
  .0001514	 3.803921	 .6764706	
  .0001515	 3.72549	 .6764706	
  .0001516	 3.803921	 .6764706	
  .0001517	 3.803921	 .6764706	
  .0001518	 3.72549	 .6372549	
  .0001519	 3.803921	 .6568627	
  .000152	 3.960784	 .6568627	
  .0001521	 3.882353	 .6372549	
  .0001522	 3.882353	 .6764706	
  .0001523	 3.882353	 .6568627	
  .0001524	 3.72549	 .6372549	
  .0001525	 3.882353	 .6372549	
  .0001526	 3.72549	 .5980392	
  .0001527	 3.647059	 .6568627	
  .0001528	 3.647059	 .6176471	
  .0001529	 3.72549	 .5980392	
  .000153	 3.72549	 .6176471	
  .0001531	 3.72549	 .6176471	
  .0001532	 3.72549	 .6372549	
  .0001533	 3.647059	 .5980392	
  .0001534	 3.72549	 .5980392	
  .0001535	 3.72549	 .5980392	
  .0001536	 3.647059	 .5980392	
  .0001537	 3.72549	 .5980392	
  .0001538	 3.568627	 .5784314	
  .0001539	 3.647059	 .5588235	
  .000154	 3.647059	 .5980392	
  .0001541	 3.647059	 .5392157	
  .0001542	 3.568627	 .5196078	
  .0001543	 3.568627	 .5392157	
  .0001544	 3.490196	 .5392157	
  .0001545	 3.568627	 .5196078	
  .0001546	 3.568627	 .5392157	
  .0001547	 3.647059	 .5	
  .0001548	 3.411765	 .5196078	
  .0001549	 3.568627	 .5196078	
  .000155	 3.490196	 .5196078	
  .0001551	 3.490196	 .5	
  .0001552	 3.490196	 .5	
  .0001553	 3.568627	 .5	
  .0001554	 3.568627	 .5196078	
  .0001555	 3.490196	 .5196078	
  .0001556	 3.411765	 .4803922	
  .0001557	 3.490196	 .4803922	
  .0001558	 3.490196	 .4607843	
  .0001559	 3.333333	 .4607843	
  .000156	 3.411765	 .4607843	
  .0001561	 3.411765	 .4803922	
  .0001562	 3.254902	 .4607843	
  .0001563	 3.333333	 .4411765	
  .0001564	 3.333333	 .4411765	
  .0001565	 3.333333	 .4215686	
  .0001566	 3.333333	 .4215686	
  .0001567	 3.333333	 .4215686	
  .0001568	 3.333333	 .4215686	
  .0001569	 3.254902	 .4019608	
  .000157	 3.254902	 .4215686	
  .0001571	 3.333333	 .4215686	
  .0001572	 3.254902	 .4019608	
  .0001573	 3.254902	 .4411765	
  .0001574	 3.333333	 .3823529	
  .0001575	 3.333333	 .3823529	
  .0001576	 3.176471	 .4019608	
  .0001577	 3.176471	 .4019608	
  .0001578	 3.098039	 .3823529	
  .0001579	 3.176471	 .3627451	
  .000158	 3.254902	 .3627451	
  .0001581	 3.254902	 .3823529	
  .0001582	 3.176471	 .3627451	
  .0001583	 3.176471	 .3823529	
  .0001584	 3.098039	 .3627451	
  .0001585	 3.176471	 .3627451	
  .0001586	 3.176471	 .3627451	
  .0001587	 3.176471	 .3431373	
  .0001588	 3.019608	 .3431373	
  .0001589	 3.098039	 .3431373	
  .000159	 3.098039	 .3039216	
  .0001591	 3.019608	 .3235294	
  .0001592	 3.019608	 .3235294	
  .0001593	 2.941176	 .2843137	
  .0001594	 2.941176	 .2843137	
  .0001595	 3.019608	 .2843137	
  .0001596	 3.019608	 .2647059	
  .0001597	 2.941176	 .2843137	
  .0001598	 2.862745	 .2647059	
  .0001599	 2.941176	 .2647059	
  .00016	 2.941176	 .2647059	
  .0001601	 2.862745	 .2843137	
  .0001602	 2.862745	 .2647059	
  .0001603	 2.862745	 .2647059	
  .0001604	 2.941176	 .245098	
  .0001605	 2.862745	 .245098	
  .0001606	 2.941176	 .2254902	
  .0001607	 2.862745	 .2254902	
  .0001608	 2.784314	 .245098	
  .0001609	 2.705882	 .2058824	
  .000161	 2.705882	 .2254902	
  .0001611	 2.705882	 .2058824	
  .0001612	 2.627451	 .1862745	
  .0001613	 2.784314	 .1862745	
  .0001614	 2.784314	 .1862745	
  .0001615	 2.705882	 .2058824	
  .0001616	 2.705882	 .1862745	
  .0001617	 2.627451	 .1666667	
  .0001618	 2.705882	 .1666667	
  .0001619	 2.705882	 .1862745	
  .000162	 2.705882	 .1666667	
  .0001621	 2.705882	 .1470588	
  .0001622	 2.627451	 .1470588	
  .0001623	 2.54902	 .1470588	
  .0001624	 2.627451	 .1470588	
  .0001625	 2.54902	 .1078431	
  .0001626	 2.470588	 .127451	
  .0001627	 2.392157	 .1078431	
  .0001628	 2.470588	 .1078431	
  .0001629	 2.470588	 .1078431	
  .000163	 2.54902	 .127451	
  .0001631	 2.392157	 .127451	
  .0001632	 2.392157	 .1078431	
  .0001633	 2.470588	 .1078431	
  .0001634	 2.392157	 .0882353	
  .0001635	 2.313725	 .0882353	
  .0001636	 2.470588	 .0882353	
  .0001637	 2.392157	 6.862745E-02	
  .0001638	 2.313725	 6.862745E-02	
  .0001639	 2.235294	 4.901961E-02	
  .000164	 2.392157	 4.901961E-02	
  .0001641	 2.313725	 2.941176E-02	
  .0001642	 2.235294	 2.941176E-02	
  .0001643	 2.078431	 2.941176E-02	
  .0001644	 2.156863	 2.941176E-02	
  .0001645	 2.235294	 9.803922E-03	
  .0001646	 2.235294	-9.803922E-03	
  .0001647	 2.078431	 2.941176E-02	
  .0001648	 2.235294	 9.803922E-03	
  .0001649	 2.078431	-9.803922E-03	
  .000165	 2.078431	-9.803922E-03	
  .0001651	 2	-9.803922E-03	
  .0001652	 2	 9.803922E-03	
  .0001653	 2.156863	-9.803922E-03	
  .0001654	 2	-2.941176E-02	
  .0001655	 1.921569	-9.803922E-03	
  .0001656	 2	-2.941176E-02	
  .0001657	 2.078431	-4.901961E-02	
  .0001658	 1.921569	-2.941176E-02	
  .0001659	 1.921569	-6.862745E-02	
  .000166	 1.843137	-6.862745E-02	
  .0001661	 1.843137	-6.862745E-02	
  .0001662	 1.921569	-6.862745E-02	
  .0001663	 1.843137	-.1078431	
  .0001664	 1.843137	-.0882353	
  .0001665	 1.843137	-.0882353	
  .0001666	 1.764706	-6.862745E-02	
  .0001667	 1.843137	-.0882353	
  .0001668	 1.686275	-.1078431	
  .0001669	 1.764706	-.1078431	
  .000167	 1.764706	-.1078431	
  .0001671	 1.764706	-.1078431	
  .0001672	 1.764706	-6.862745E-02	
  .0001673	 1.764706	-.127451	
  .0001674	 1.764706	-.127451	
  .0001675	 1.607843	-.1078431	
  .0001676	 1.607843	-.127451	
  .0001677	 1.607843	-.127451	
  .0001678	 1.529412	-.1470588	
  .0001679	 1.686275	-.1666667	
  .000168	 1.607843	-.1470588	
  .0001681	 1.529412	-.1470588	
  .0001682	 1.529412	-.1470588	
  .0001683	 1.529412	-.1470588	
  .0001684	 1.529412	-.1862745	
  .0001685	 1.529412	-.1666667	
  .0001686	 1.529412	-.1666667	
  .0001687	 1.372549	-.1862745	
  .0001688	 1.45098	-.1862745	
  .0001689	 1.372549	-.1666667	
  .000169	 1.372549	-.2058824	
  .0001691	 1.372549	-.2058824	
  .0001692	 1.294118	-.2254902	
  .0001693	 1.372549	-.2254902	
  .0001694	 1.294118	-.2254902	
  .0001695	 1.294118	-.2254902	
  .0001696	 1.294118	-.2254902	
  .0001697	 1.215686	-.2254902	
  .0001698	 1.294118	-.245098	
  .0001699	 1.215686	-.2254902	
  .00017	 1.215686	-.245098	
  .0001701	 1.215686	-.2254902	
  .0001702	 1.137255	-.245098	
  .0001703	 1.215686	-.2647059	
  .0001704	 1.058824	-.2647059	
  .0001705	 1.058824	-.2843137	
  .0001706	 1.137255	-.2843137	
  .0001707	 1.215686	-.2843137	
  .0001708	 1.137255	-.3039216	
  .0001709	 .9803922	-.2647059	
  .000171	 1.058824	-.2843137	
  .0001711	 .9803922	-.2843137	
  .0001712	 1.058824	-.3235294	
  .0001713	 .9803922	-.3039216	
  .0001714	 .9803922	-.3039216	
  .0001715	 .9019608	-.3039216	
  .0001716	 .9019608	-.3039216	
  .0001717	 .9019608	-.3039216	
  .0001718	 1.058824	-.3235294	
  .0001719	 .9803922	-.3235294	
  .000172	 .9019608	-.3039216	
  .0001721	 .8235294	-.3235294	
  .0001722	 .7450981	-.3235294	
  .0001723	 .8235294	-.3431373	
  .0001724	 .8235294	-.3627451	
  .0001725	 .7450981	-.3431373	
  .0001726	 .7450981	-.3627451	
  .0001727	 .6666667	-.3431373	
  .0001728	 .7450981	-.3627451	
  .0001729	 .7450981	-.3627451	
  .000173	 .5882353	-.3431373	
  .0001731	 .6666667	-.3627451	
  .0001732	 .6666667	-.3823529	
  .0001733	 .7450981	-.3627451	
  .0001734	 .509804	-.4019608	
  .0001735	 .509804	-.3823529	
  .0001736	 .5882353	-.3627451	
  .0001737	 .6666667	-.3823529	
  .0001738	 .509804	-.4019608	
  .0001739	 .5882353	-.4215686	
  .000174	 .4313726	-.4215686	
  .0001741	 .4313726	-.4019608	
  .0001742	 .509804	-.4411765	
  .0001743	 .4313726	-.4411765	
  .0001744	 .4313726	-.4215686	
  .0001745	 .509804	-.4411765	
  .0001746	 .3529412	-.4215686	
  .0001747	 .509804	-.4411765	
  .0001748	 .3529412	-.4215686	
  .0001749	 .3529412	-.4215686	
  .000175	 .3529412	-.4607843	
  .0001751	 .2745098	-.4607843	
  .0001752	 .4313726	-.4411765	
  .0001753	 .1960784	-.4411765	
  .0001754	 .1960784	-.4803922	
  .0001755	 .2745098	-.4803922	
  .0001756	 .1960784	-.4803922	
  .0001757	 .1960784	-.4803922	
  .0001758	 .1960784	-.4803922	
  .0001759	 .1176471	-.4803922	
  .000176	 .1176471	-.4607843	
  .0001761	 .1176471	-.5	
  .0001762	 3.921569E-02	-.5	
  .0001763	 3.921569E-02	-.4803922	
  .0001764	 3.921569E-02	-.5	
  .0001765	 3.921569E-02	-.5	
  .0001766	 3.921569E-02	-.5	
  .0001767	-3.921569E-02	-.5196078	
  .0001768	-3.921569E-02	-.5196078	
  .0001769	 3.921569E-02	-.5196078	
  .000177	 3.921569E-02	-.5	
  .0001771	-.1176471	-.5	
  .0001772	-3.921569E-02	-.5392157	
  .0001773	-3.921569E-02	-.5196078	
  .0001774	-.1960784	-.5196078	
  .0001775	-.1176471	-.5392157	
  .0001776	-.1176471	-.5392157	
  .0001777	-.1960784	-.5392157	
  .0001778	-.1960784	-.5196078	
  .0001779	-.1176471	-.5588235	
  .000178	-.1960784	-.5392157	
  .0001781	-.1960784	-.5588235	
  .0001782	-.2745098	-.5392157	
  .0001783	-.2745098	-.5784314	
  .0001784	-.2745098	-.5392157	
  .0001785	-.2745098	-.5392157	
  .0001786	-.4313726	-.5588235	
  .0001787	-.3529412	-.5588235	
  .0001788	-.3529412	-.5980392	
  .0001789	-.4313726	-.5980392	
  .000179	-.3529412	-.5784314	
  .0001791	-.509804	-.5980392	
  .0001792	-.509804	-.5980392	
  .0001793	-.4313726	-.5784314	
  .0001794	-.4313726	-.5980392	
  .0001795	-.509804	-.5980392	
  .0001796	-.4313726	-.5784314	
  .0001797	-.509804	-.5980392	
  .0001798	-.509804	-.6176471	
  .0001799	-.509804	-.5980392	
  .00018	-.509804	-.5980392	
  .0001801	-.5882353	-.6176471	
  .0001802	-.6666667	-.5980392	
  .0001803	-.6666667	-.6176471	
  .0001804	-.5882353	-.6176471	
  .0001805	-.6666667	-.6372549	
  .0001806	-.5882353	-.6568627	
  .0001807	-.6666667	-.6372549	
  .0001808	-.6666667	-.6372549	
  .0001809	-.7450981	-.6372549	
  .000181	-.8235294	-.6372549	
  .0001811	-.6666667	-.6568627	
  .0001812	-.7450981	-.6568627	
  .0001813	-.7450981	-.6372549	
  .0001814	-.7450981	-.6568627	
  .0001815	-.8235294	-.6372549	
  .0001816	-.8235294	-.6568627	
  .0001817	-.7450981	-.6372549	
  .0001818	-.7450981	-.6372549	
  .0001819	-.8235294	-.6568627	
  .000182	-.9019608	-.6764706	
  .0001821	-.9019608	-.6568627	
  .0001822	-.7450981	-.6568627	
  .0001823	-.9803922	-.6568627	
  .0001824	-.9019608	-.6568627	
  .0001825	-.9803922	-.6960784	
  .0001826	-.9019608	-.6960784	
  .0001827	-.9803922	-.6764706	
  .0001828	-.9803922	-.6764706	
  .0001829	-.9019608	-.6568627	
  .000183	-1.058824	-.6764706	
  .0001831	-.9803922	-.6764706	
  .0001832	-.9803922	-.6960784	
  .0001833	-1.058824	-.6568627	
  .0001834	-1.137255	-.6568627	
  .0001835	-1.058824	-.6960784	
  .0001836	-1.137255	-.6764706	
  .0001837	-1.215686	-.6764706	
  .0001838	-1.137255	-.7156863	
  .0001839	-1.137255	-.7156863	
  .000184	-1.215686	-.6960784	
  .0001841	-1.215686	-.7156863	
  .0001842	-1.215686	-.7352941	
  .0001843	-1.215686	-.7156863	
  .0001844	-1.215686	-.7156863	
  .0001845	-1.294118	-.7156863	
  .0001846	-1.294118	-.6960784	
  .0001847	-1.215686	-.6960784	
  .0001848	-1.294118	-.7156863	
  .0001849	-1.294118	-.7156863	
  .000185	-1.294118	-.7156863	
  .0001851	-1.215686	-.7156863	
  .0001852	-1.372549	-.7156863	
  .0001853	-1.45098	-.7352941	
  .0001854	-1.215686	-.7549019	
  .0001855	-1.294118	-.7156863	
  .0001856	-1.45098	-.7352941	
  .0001857	-1.45098	-.7352941	
  .0001858	-1.45098	-.7352941	
  .0001859	-1.45098	-.7156863	
  .000186	-1.372549	-.6960784	
  .0001861	-1.45098	-.7156863	
  .0001862	-1.529412	-.7352941	
  .0001863	-1.45098	-.7352941	
  .0001864	-1.45098	-.7352941	
  .0001865	-1.45098	-.7156863	
  .0001866	-1.529412	-.7549019	
  .0001867	-1.607843	-.7352941	
  .0001868	-1.529412	-.7549019	
  .0001869	-1.529412	-.7352941	
  .000187	-1.607843	-.7156863	
  .0001871	-1.607843	-.7549019	
  .0001872	-1.607843	-.7352941	
  .0001873	-1.607843	-.7352941	
  .0001874	-1.607843	-.7352941	
  .0001875	-1.607843	-.7352941	
  .0001876	-1.607843	-.7549019	
  .0001877	-1.529412	-.7352941	
  .0001878	-1.686275	-.7549019	
  .0001879	-1.686275	-.7549019	
  .000188	-1.607843	-.7549019	
  .0001881	-1.686275	-.7549019	
  .0001882	-1.686275	-.7549019	
  .0001883	-1.607843	-.7549019	
  .0001884	-1.686275	-.7549019	
  .0001885	-1.843137	-.7549019	
  .0001886	-1.764706	-.7745098	
  .0001887	-1.921569	-.7549019	
  .0001888	-1.843137	-.7745098	
  .0001889	-1.843137	-.7549019	
  .000189	-1.843137	-.7549019	
  .0001891	-1.843137	-.7745098	
  .0001892	-1.843137	-.7745098	
  .0001893	-1.764706	-.7745098	
  .0001894	-1.843137	-.7549019	
  .0001895	-1.843137	-.7549019	
  .0001896	-1.843137	-.7745098	
  .0001897	-1.921569	-.7549019	
  .0001898	-1.843137	-.7549019	
  .0001899	-1.921569	-.7549019	
  .00019	-1.843137	-.7549019	
  .0001901	-1.921569	-.7549019	
  .0001902	-1.921569	-.7745098	
  .0001903	-1.921569	-.7745098	
  .0001904	-2	-.7941176	
  .0001905	-2	-.7941176	
  .0001906	-2	-.7549019	
  .0001907	-2	-.7549019	
  .0001908	-1.921569	-.7745098	
  .0001909	-2.078431	-.7549019	
  .000191	-2	-.7745098	
  .0001911	-2.078431	-.7745098	
  .0001912	-2.078431	-.7549019	
  .0001913	-2.078431	-.7745098	
  .0001914	-2	-.7549019	
  .0001915	-2	-.7352941	
  .0001916	-1.921569	-.7549019	
  .0001917	-2	-.7549019	
  .0001918	-2	-.7941176	
  .0001919	-2.078431	-.7745098	
  .000192	-2.156863	-.7549019	
  .0001921	-2.156863	-.7549019	
  .0001922	-2.156863	-.7941176	
  .0001923	-2.156863	-.7745098	
  .0001924	-2.156863	-.7549019	
  .0001925	-2.156863	-.7745098	
  .0001926	-2.156863	-.7549019	
  .0001927	-2.156863	-.7549019	
  .0001928	-2.156863	-.7352941	
  .0001929	-2.235294	-.7549019	
  .000193	-2.156863	-.7745098	
  .0001931	-2.156863	-.7549019	
  .0001932	-2.156863	-.7352941	
  .0001933	-2.235294	-.7352941	
  .0001934	-2.235294	-.7549019	
  .0001935	-2.235294	-.7549019	
  .0001936	-2.313725	-.7745098	
  .0001937	-2.313725	-.7941176	
  .0001938	-2.235294	-.7549019	
  .0001939	-2.313725	-.7549019	
  .000194	-2.313725	-.7745098	
  .0001941	-2.313725	-.7549019	
  .0001942	-2.235294	-.7549019	
  .0001943	-2.235294	-.7549019	
  .0001944	-2.313725	-.7549019	
  .0001945	-2.235294	-.7352941	
  .0001946	-2.392157	-.7745098	
  .0001947	-2.392157	-.7352941	
  .0001948	-2.313725	-.7352941	
  .0001949	-2.313725	-.7352941	
  .000195	-2.313725	-.7352941	
  .0001951	-2.470588	-.7549019	
  .0001952	-2.392157	-.7745098	
  .0001953	-2.470588	-.7745098	
  .0001954	-2.392157	-.7352941	
  .0001955	-2.470588	-.7352941	
  .0001956	-2.392157	-.7549019	
  .0001957	-2.470588	-.7549019	
  .0001958	-2.470588	-.7549019	
  .0001959	-2.392157	-.7549019	
  .000196	-2.392157	-.7549019	
  .0001961	-2.470588	-.7352941	
  .0001962	-2.392157	-.7549019	
  .0001963	-2.392157	-.7352941	
  .0001964	-2.392157	-.7352941	
  .0001965	-2.54902	-.7549019	
  .0001966	-2.470588	-.7352941	
  .0001967	-2.392157	-.7352941	
  .0001968	-2.392157	-.7352941	
  .0001969	-2.470588	-.7352941	
  .000197	-2.470588	-.7745098	
  .0001971	-2.470588	-.7352941	
  .0001972	-2.470588	-.7156863	
  .0001973	-2.470588	-.7352941	
  .0001974	-2.54902	-.7352941	
  .0001975	-2.470588	-.7352941	
  .0001976	-2.470588	-.7352941	
  .0001977	-2.470588	-.7156863	
  .0001978	-2.470588	-.7156863	
  .0001979	-2.470588	-.7156863	
  .000198	-2.54902	-.6960784	
  .0001981	-2.470588	-.6960784	
  .0001982	-2.54902	-.6960784	
  .0001983	-2.54902	-.6960784	
  .0001984	-2.54902	-.6960784	
  .0001985	-2.54902	-.6960784	
  .0001986	-2.54902	-.7156863	
  .0001987	-2.627451	-.7352941	
  .0001988	-2.54902	-.6764706	
  .0001989	-2.627451	-.7156863	
  .000199	-2.54902	-.6960784	
  .0001991	-2.627451	-.7156863	
  .0001992	-2.470588	-.6960784	
  .0001993	-2.54902	-.6960784	
  .0001994	-2.470588	-.6960784	
  .0001995	-2.54902	-.6764706	
  .0001996	-2.627451	-.6764706	
  .0001997	-2.54902	-.6764706	
  .0001998	-2.627451	-.6764706	
  .0001999	-2.470588	-.6764706	
  .0002	-2.54902	-.6568627	
  .0002001	-2.627451	-.6960784	
  .0002002	-2.54902	-.6960784	
  .0002003	-2.627451	-.6960784	
  .0002004	-2.54902	-.6960784	
  .0002005	-2.627451	-.6568627	
  .0002006	-2.54902	-.6568627	
  .0002007	-2.627451	-.6764706	
  .0002008	-2.627451	-.6568627	
  .0002009	-2.470588	-.6960784	
  .000201	-2.627451	-.6568627	
  .0002011	-2.627451	-.6568627	
  .0002012	-2.627451	-.6568627	
  .0002013	-2.627451	-.6372549	
  .0002014	-2.54902	-.6568627	
  .0002015	-2.627451	-.6568627	
  .0002016	-2.54902	-.6372549	
  .0002017	-2.627451	-.6372549	
  .0002018	-2.705882	-.6372549	
  .0002019	-2.627451	-.6372549	
  .000202	-2.627451	-.6372549	
  .0002021	-2.54902	-.6372549	
  .0002022	-2.627451	-.6372549	
  .0002023	-2.627451	-.6176471	
  .0002024	-2.627451	-.6176471	
  .0002025	-2.54902	-.6176471	
  .0002026	-2.627451	-.6176471	
  .0002027	-2.54902	-.6176471	
  .0002028	-2.627451	-.5980392	
  .0002029	-2.627451	-.6372549	
  .000203	-2.54902	-.5980392	
  .0002031	-2.705882	-.6176471	
  .0002032	-2.627451	-.6176471	
  .0002033	-2.54902	-.6176471	
  .0002034	-2.627451	-.6176471	
  .0002035	-2.705882	-.5784314	
  .0002036	-2.627451	-.6176471	
  .0002037	-2.54902	-.5980392	
  .0002038	-2.54902	-.5784314	
  .0002039	-2.54902	-.5980392	
  .000204	-2.705882	-.5980392	
  .0002041	-2.54902	-.5980392	
  .0002042	-2.54902	-.5980392	
  .0002043	-2.627451	-.5980392	
  .0002044	-2.54902	-.5980392	
  .0002045	-2.627451	-.5784314	
  .0002046	-2.627451	-.5784314	
  .0002047	-2.627451	-.5784314	
  .0002048	-2.705882	-.5588235	
  .0002049	-2.54902	-.5588235	
  .000205	-2.705882	-.5392157	
  .0002051	-2.627451	-.5784314	
  .0002052	-2.627451	-.5588235	
  .0002053	-2.627451	-.5588235	
  .0002054	-2.627451	-.5588235	
  .0002055	-2.627451	-.5588235	
  .0002056	-2.54902	-.5588235	
  .0002057	-2.627451	-.5588235	
  .0002058	-2.54902	-.5588235	
  .0002059	-2.54902	-.5392157	
  .000206	-2.627451	-.5392157	
  .0002061	-2.54902	-.5392157	
  .0002062	-2.54902	-.5196078	
  .0002063	-2.470588	-.5392157	
  .0002064	-2.627451	-.5392157	
  .0002065	-2.54902	-.5196078	
  .0002066	-2.54902	-.5196078	
  .0002067	-2.54902	-.5196078	
  .0002068	-2.627451	-.5	
  .0002069	-2.627451	-.5196078	
  .000207	-2.54902	-.5	
  .0002071	-2.627451	-.5196078	
  .0002072	-2.470588	-.5	
  .0002073	-2.54902	-.5	
  .0002074	-2.470588	-.5196078	
  .0002075	-2.470588	-.4803922	
  .0002076	-2.54902	-.5	
  .0002077	-2.470588	-.4803922	
  .0002078	-2.470588	-.4803922	
  .0002079	-2.54902	-.4803922	
  .000208	-2.392157	-.4607843	
  .0002081	-2.470588	-.4607843	
  .0002082	-2.54902	-.4607843	
  .0002083	-2.54902	-.4607843	
  .0002084	-2.54902	-.4411765	
  .0002085	-2.470588	-.4803922	
  .0002086	-2.54902	-.4803922	
  .0002087	-2.470588	-.4607843	
  .0002088	-2.470588	-.4411765	
  .0002089	-2.392157	-.4607843	
  .000209	-2.470588	-.4411765	
  .0002091	-2.392157	-.4411765	
  .0002092	-2.470588	-.4411765	
  .0002093	-2.392157	-.4215686	
  .0002094	-2.392157	-.4215686	
  .0002095	-2.470588	-.4215686	
  .0002096	-2.470588	-.4215686	
  .0002097	-2.392157	-.4411765	
  .0002098	-2.392157	-.4019608	
  .0002099	-2.392157	-.4411765	
  .00021	-2.392157	-.4411765	
  .0002101	-2.392157	-.4019608	
  .0002102	-2.470588	-.4215686	
  .0002103	-2.392157	-.4019608	
  .0002104	-2.392157	-.3823529	
  .0002105	-2.313725	-.4019608	
  .0002106	-2.392157	-.4019608	
  .0002107	-2.470588	-.4019608	
  .0002108	-2.313725	-.4019608	
  .0002109	-2.392157	-.3823529	
  .000211	-2.235294	-.3627451	
  .0002111	-2.313725	-.4019608	
  .0002112	-2.313725	-.3823529	
  .0002113	-2.313725	-.3823529	
  .0002114	-2.235294	-.3431373	
  .0002115	-2.235294	-.3627451	
  .0002116	-2.235294	-.3627451	
  .0002117	-2.313725	-.3823529	
  .0002118	-2.313725	-.3627451	
  .0002119	-2.235294	-.3627451	
  .000212	-2.235294	-.3627451	
  .0002121	-2.313725	-.3431373	
  .0002122	-2.235294	-.3431373	
  .0002123	-2.313725	-.3627451	
  .0002124	-2.235294	-.3235294	
  .0002125	-2.156863	-.3039216	
  .0002126	-2.156863	-.3235294	
  .0002127	-2.235294	-.3431373	
  .0002128	-2.156863	-.3235294	
  .0002129	-2.156863	-.3235294	
  .000213	-2.235294	-.3039216	
  .0002131	-2.156863	-.3039216	
  .0002132	-2.235294	-.3235294	
  .0002133	-2.156863	-.3039216	
  .0002134	-2.156863	-.3039216	
  .0002135	-2.156863	-.3235294	
  .0002136	-2.078431	-.3039216	
  .0002137	-2.156863	-.2843137	
  .0002138	-2.078431	-.2843137	
  .0002139	-2.156863	-.3039216	
  .000214	-2	-.2843137	
  .0002141	-2	-.3039216	
  .0002142	-2.078431	-.2843137	
  .0002143	-2.078431	-.2843137	
  .0002144	-2.078431	-.2843137	
  .0002145	-2.078431	-.2647059	
  .0002146	-2.078431	-.2843137	
  .0002147	-2.078431	-.2843137	
  .0002148	-2	-.2647059	
  .0002149	-2.078431	-.2647059	
  .000215	-2.078431	-.2647059	
  .0002151	-1.921569	-.2843137	
  .0002152	-2	-.245098	
  .0002153	-2	-.245098	
  .0002154	-2	-.245098	
  .0002155	-2	-.2254902	
  .0002156	-1.921569	-.245098	
  .0002157	-1.921569	-.2254902	
  .0002158	-1.921569	-.2254902	
  .0002159	-2	-.2254902	
  .000216	-1.921569	-.2254902	
  .0002161	-2	-.2254902	
  .0002162	-1.921569	-.2058824	
  .0002163	-1.921569	-.2058824	
  .0002164	-1.921569	-.2058824	
  .0002165	-1.843137	-.1862745	
  .0002166	-1.843137	-.2058824	
  .0002167	-1.843137	-.1862745	
  .0002168	-1.764706	-.2058824	
  .0002169	-1.843137	-.1862745	
  .000217	-1.843137	-.1666667	
  .0002171	-1.843137	-.1666667	
  .0002172	-1.843137	-.1666667	
  .0002173	-1.843137	-.1862745	
  .0002174	-1.764706	-.1666667	
  .0002175	-1.764706	-.1666667	
  .0002176	-1.764706	-.1666667	
  .0002177	-1.686275	-.1470588	
  .0002178	-1.686275	-.127451	
  .0002179	-1.764706	-.1666667	
  .000218	-1.686275	-.127451	
  .0002181	-1.686275	-.127451	
  .0002182	-1.764706	-.1078431	
  .0002183	-1.686275	-.1078431	
  .0002184	-1.686275	-.127451	
  .0002185	-1.686275	-.1470588	
  .0002186	-1.686275	-.1470588	
  .0002187	-1.686275	-.127451	
  .0002188	-1.607843	-.127451	
  .0002189	-1.607843	-.127451	
  .000219	-1.529412	-.127451	
  .0002191	-1.529412	-.127451	
  .0002192	-1.529412	-.0882353	
  .0002193	-1.372549	-.0882353	
  .0002194	-1.372549	-.0882353	
  .0002195	-1.294118	-.0882353	
  .0002196	-1.294118	-.1078431	
  .0002197	-1.294118	-.0882353	
  .0002198	-1.215686	-.0882353	
  .0002199	-1.372549	-6.862745E-02	
  .00022	-1.215686	-6.862745E-02	
  .0002201	-1.215686	-.0882353	
  .0002202	-1.137255	-.0882353	
  .0002203	-1.215686	-4.901961E-02	
  .0002204	-1.058824	-4.901961E-02	
  .0002205	-1.137255	-2.941176E-02	
  .0002206	-1.137255	-2.941176E-02	
  .0002207	-1.137255	-6.862745E-02	
  .0002208	-.9803922	-9.803922E-03	
  .0002209	-1.058824	-9.803922E-03	
  .000221	-1.058824	-2.941176E-02	
  .0002211	-.9803922	-9.803922E-03	
  .0002212	-.9803922	 2.941176E-02	
  .0002213	-.9019608	-9.803922E-03	
  .0002214	-.9019608	 9.803922E-03	
  .0002215	-.9019608	 2.941176E-02	
  .0002216	-.9803922	 9.803922E-03	
  .0002217	-.9019608	 9.803922E-03	
  .0002218	-.9019608	 9.803922E-03	
  .0002219	-.9019608	-9.803922E-03	
  .000222	-.9019608	 2.941176E-02	
  .0002221	-.8235294	 2.941176E-02	
  .0002222	-.9019608	 9.803922E-03	
  .0002223	-.8235294	 4.901961E-02	
  .0002224	-.7450981	 4.901961E-02	
  .0002225	-.7450981	 6.862745E-02	
  .0002226	-.7450981	 2.941176E-02	
  .0002227	-.7450981	 4.901961E-02	
  .0002228	-.6666667	 6.862745E-02	
  .0002229	-.7450981	 6.862745E-02	
  .000223	-.7450981	 6.862745E-02	
  .0002231	-.5882353	 6.862745E-02	
  .0002232	-.7450981	 6.862745E-02	
  .0002233	-.6666667	 6.862745E-02	
  .0002234	-.5882353	 6.862745E-02	
  .0002235	-.5882353	 6.862745E-02	
  .0002236	-.5882353	 .0882353	
  .0002237	-.509804	 .0882353	
  .0002238	-.509804	 6.862745E-02	
  .0002239	-.5882353	 6.862745E-02	
  .000224	-.4313726	 6.862745E-02	
  .0002241	-.4313726	 .1078431	
  .0002242	-.4313726	 .0882353	
  .0002243	-.509804	 .1078431	
  .0002244	-.509804	 .1078431	
  .0002245	-.4313726	 .1078431	
  .0002246	-.3529412	 .1470588	
  .0002247	-.3529412	 .127451	
  .0002248	-.4313726	 .127451	
  .0002249	-.3529412	 .127451	
  .000225	-.4313726	 .1078431	
