 -.0000498	 .1176471	-9.803922E-03	
 -.0000496	 .1960784	 9.803922E-03	
 -.0000494	 .1176471	 2.941176E-02	
 -.0000492	 .1176471	 2.941176E-02	
 -.000049	 .1176471	 2.941176E-02	
 -.0000488	 3.921569E-02	 2.941176E-02	
 -.0000486	 .1176471	 9.803922E-03	
 -.0000484	 3.921569E-02	 9.803922E-03	
 -.0000482	 3.921569E-02	-9.803922E-03	
 -.000048	 .1176471	 9.803922E-03	
 -.0000478	 .1176471	 2.941176E-02	
 -.0000476	 3.921569E-02	 2.941176E-02	
 -.0000474	 .1176471	-9.803922E-03	
 -.0000472	-3.921569E-02	 9.803922E-03	
 -.000047	 .1176471	 9.803922E-03	
 -.0000468	 3.921569E-02	 9.803922E-03	
 -.0000466	 3.921569E-02	 9.803922E-03	
 -.0000464	 3.921569E-02	-9.803922E-03	
 -.0000462	-3.921569E-02	-2.941176E-02	
 -.000046	 3.921569E-02	 9.803922E-03	
 -.0000458	 .1176471	 9.803922E-03	
 -.0000456	 .1176471	 9.803922E-03	
 -.0000454	 3.921569E-02	 9.803922E-03	
 -.0000452	 .1960784	 9.803922E-03	
 -.000045	 .1176471	 2.941176E-02	
 -.0000448	 .1176471	 9.803922E-03	
 -.0000446	 .1176471	 9.803922E-03	
 -.0000444	 3.921569E-02	 9.803922E-03	
 -.0000442	 .1176471	 2.941176E-02	
 -.000044	 .1176471	 6.862745E-02	
 -.0000438	 3.921569E-02	 4.901961E-02	
 -.0000436	 3.921569E-02	 9.803922E-03	
 -.0000434	 3.921569E-02	 9.803922E-03	
 -.0000432	 .1176471	 9.803922E-03	
 -.000043	 .1176471	 9.803922E-03	
 -.0000428	 .1176471	-9.803922E-03	
 -.0000426	 3.921569E-02	 9.803922E-03	
 -.0000424	 .1176471	 9.803922E-03	
 -.0000422	 3.921569E-02	 9.803922E-03	
 -.000042	 .1176471	 9.803922E-03	
 -.0000418	 .1176471	 9.803922E-03	
 -.0000416	 .1176471	 9.803922E-03	
 -.0000414	 .1176471	 2.941176E-02	
 -.0000412	 .1960784	 2.941176E-02	
 -.000041	 3.921569E-02	 9.803922E-03	
 -.0000408	 .1176471	 2.941176E-02	
 -.0000406	 3.921569E-02	 2.941176E-02	
 -.0000404	 3.921569E-02	 2.941176E-02	
 -.0000402	 .1176471	 9.803922E-03	
 -.00004	 3.921569E-02	 9.803922E-03	
 -.0000398	 .1960784	-9.803922E-03	
 -.0000396	 .1176471	 9.803922E-03	
 -.0000394	 .1960784	 2.941176E-02	
 -.0000392	 3.921569E-02	 4.901961E-02	
 -.000039	 .1176471	 9.803922E-03	
 -.0000388	 .1176471	 4.901961E-02	
 -.0000386	-3.921569E-02	-9.803922E-03	
 -.0000384	 3.921569E-02	-9.803922E-03	
 -.0000382	 .1176471	 9.803922E-03	
 -.000038	 .1176471	 9.803922E-03	
 -.0000378	 3.921569E-02	-9.803922E-03	
 -.0000376	 .1960784	 9.803922E-03	
 -.0000374	 .1960784	 2.941176E-02	
 -.0000372	 .1176471	 9.803922E-03	
 -.000037	 .1176471	-9.803922E-03	
 -.0000368	 3.921569E-02	-9.803922E-03	
 -.0000366	 3.921569E-02	 9.803922E-03	
 -.0000364	 .1176471	 9.803922E-03	
 -.0000362	 .1176471	 9.803922E-03	
 -.000036	 .1176471	 2.941176E-02	
 -.0000358	 .1176471	 2.941176E-02	
 -.0000356	 .1176471	 2.941176E-02	
 -.0000354	 3.921569E-02	-9.803922E-03	
 -.0000352	-3.921569E-02	 2.941176E-02	
 -.000035	 .1176471	 2.941176E-02	
 -.0000348	 .1960784	 9.803922E-03	
 -.0000346	 3.921569E-02	 9.803922E-03	
 -.0000344	 .1176471	 9.803922E-03	
 -.0000342	 .1176471	 4.901961E-02	
 -.000034	-3.921569E-02	 2.941176E-02	
 -.0000338	 3.921569E-02	 2.941176E-02	
 -.0000336	 3.921569E-02	 2.941176E-02	
 -.0000334	 3.921569E-02	 9.803922E-03	
 -.0000332	 .1176471	-9.803922E-03	
 -.000033	 3.921569E-02	-9.803922E-03	
 -.0000328	 .1176471	 2.941176E-02	
 -.0000326	 .1176471	 9.803922E-03	
 -.0000324	 .1176471	 2.941176E-02	
 -.0000322	 .1176471	 9.803922E-03	
 -.000032	 .1176471	-9.803922E-03	
 -.0000318	 .1176471	 9.803922E-03	
 -.0000316	 .1176471	 9.803922E-03	
 -.0000314	 3.921569E-02	 2.941176E-02	
 -.0000312	 .1176471	 9.803922E-03	
 -.000031	 .1176471	 2.941176E-02	
 -.0000308	 .2745098	 2.941176E-02	
 -.0000306	 .1176471	-9.803922E-03	
 -.0000304	 .1176471	 4.901961E-02	
 -.0000302	 .1176471	 9.803922E-03	
 -.00003	 .1176471	-9.803922E-03	
 -.0000298	 .1176471	 9.803922E-03	
 -.0000296	 3.921569E-02	 2.941176E-02	
 -.0000294	 .1176471	 2.941176E-02	
 -.0000292	 .1176471	 2.941176E-02	
 -.000029	 .1176471	 9.803922E-03	
 -.0000288	 .1176471	 9.803922E-03	
 -.0000286	-3.921569E-02	 4.901961E-02	
 -.0000284	-3.921569E-02	-9.803922E-03	
 -.0000282	 .1960784	-9.803922E-03	
 -.000028	 .1960784	 9.803922E-03	
 -.0000278	 .1176471	 9.803922E-03	
 -.0000276	 .1176471	 9.803922E-03	
 -.0000274	 .1176471	 2.941176E-02	
 -.0000272	 .1176471	 9.803922E-03	
 -.000027	 3.921569E-02	 9.803922E-03	
 -.0000268	 3.921569E-02	 9.803922E-03	
 -.0000266	 .1176471	-9.803922E-03	
 -.0000264	 .1176471	 9.803922E-03	
 -.0000262	 .1176471	 9.803922E-03	
 -.000026	 3.921569E-02	-9.803922E-03	
 -.0000258	 3.921569E-02	 2.941176E-02	
 -.0000256	 .1176471	 6.862745E-02	
 -.0000254	 .1176471	 2.941176E-02	
 -.0000252	 .1176471	 2.941176E-02	
 -.000025	 3.921569E-02	 9.803922E-03	
 -.0000248	 .1176471	 2.941176E-02	
 -.0000246	 3.921569E-02	 9.803922E-03	
 -.0000244	 .1176471	 2.941176E-02	
 -.0000242	 .1960784	 2.941176E-02	
 -.000024	 3.921569E-02	 9.803922E-03	
 -.0000238	 .1176471	-2.941176E-02	
 -.0000236	 3.921569E-02	-9.803922E-03	
 -.0000234	 3.921569E-02	 9.803922E-03	
 -.0000232	 .1176471	 2.941176E-02	
 -.000023	 .1176471	 9.803922E-03	
 -.0000228	 .1176471	 9.803922E-03	
 -.0000226	 .1176471	 2.941176E-02	
 -.0000224	 .1176471	 9.803922E-03	
 -.0000222	 .1176471	-9.803922E-03	
 -.000022	 .1176471	 9.803922E-03	
 -.0000218	 3.921569E-02	 9.803922E-03	
 -.0000216	 .1176471	 2.941176E-02	
 -.0000214	 3.921569E-02	 2.941176E-02	
 -.0000212	 3.921569E-02	 9.803922E-03	
 -.000021	 .2745098	 2.941176E-02	
 -.0000208	 .1960784	 2.941176E-02	
 -.0000206	 .1176471	 9.803922E-03	
 -.0000204	 3.921569E-02	 9.803922E-03	
 -.0000202	 3.921569E-02	 9.803922E-03	
 -.00002	 .1176471	 9.803922E-03	
 -.0000198	 .1176471	 9.803922E-03	
 -.0000196	 .1960784	 9.803922E-03	
 -.0000194	 .1176471	 2.941176E-02	
 -.0000192	 3.921569E-02	 2.941176E-02	
 -.000019	 3.921569E-02	 9.803922E-03	
 -.0000188	 .1176471	 9.803922E-03	
 -.0000186	 3.921569E-02	 9.803922E-03	
 -.0000184	 .1176471	 9.803922E-03	
 -.0000182	 .1176471	 2.941176E-02	
 -.000018	 .1176471	-9.803922E-03	
 -.0000178	 3.921569E-02	 9.803922E-03	
 -.0000176	 .1176471	 9.803922E-03	
 -.0000174	 3.921569E-02	 2.941176E-02	
 -.0000172	 .1176471	-9.803922E-03	
 -.000017	 .1176471	-9.803922E-03	
 -.0000168	 3.921569E-02	 9.803922E-03	
 -.0000166	 .1176471	 9.803922E-03	
 -.0000164	 .1176471	 9.803922E-03	
 -.0000162	 .1960784	 2.941176E-02	
 -.000016	 .1176471	 2.941176E-02	
 -.0000158	 .1176471	 2.941176E-02	
 -.0000156	 .1176471	-9.803922E-03	
 -.0000154	 .1176471	 2.941176E-02	
 -.0000152	 3.921569E-02	 2.941176E-02	
 -.000015	 .1960784	 9.803922E-03	
 -.0000148	 .1176471	 9.803922E-03	
 -.0000146	 .1960784	 2.941176E-02	
 -.0000144	 .1960784	 4.901961E-02	
 -.0000142	 .1176471	 2.941176E-02	
 -.000014	 3.921569E-02	 9.803922E-03	
 -.0000138	 .1176471	-9.803922E-03	
 -.0000136	 3.921569E-02	 9.803922E-03	
 -.0000134	 3.921569E-02	-9.803922E-03	
 -.0000132	 .1176471	 9.803922E-03	
 -.000013	 3.921569E-02	 2.941176E-02	
 -.0000128	 3.921569E-02	 9.803922E-03	
 -.0000126	 .1176471	 2.941176E-02	
 -.0000124	 .1176471	 9.803922E-03	
 -.0000122	 .1960784	-9.803922E-03	
 -.000012	 3.921569E-02	 2.941176E-02	
 -.0000118	 3.921569E-02	 2.941176E-02	
 -.0000116	 3.921569E-02	 2.941176E-02	
 -.0000114	 .1176471	 9.803922E-03	
 -.0000112	 .1176471	 9.803922E-03	
 -.000011	 .1960784	 2.941176E-02	
 -.0000108	 .1176471	 9.803922E-03	
 -.0000106	 .1176471	 4.901961E-02	
 -.0000104	 .1176471	 2.941176E-02	
 -.0000102	 .1176471	 9.803922E-03	
 -.00001	 .1176471	 9.803922E-03	
 -.0000098	 3.921569E-02	 9.803922E-03	
 -.0000096	 .1960784	 2.941176E-02	
 -.0000094	 .1176471	 9.803922E-03	
 -.0000092	 .1176471	-9.803922E-03	
 -.000009	 .1176471	 9.803922E-03	
 -.0000088	 .1176471	 9.803922E-03	
 -.0000086	 .1176471	 9.803922E-03	
 -.0000084	 .1960784	 9.803922E-03	
 -.0000082	 .1960784	 9.803922E-03	
 -.000008	 .1176471	 9.803922E-03	
 -.0000078	 .1176471	 9.803922E-03	
 -.0000076	 .1176471	 2.941176E-02	
 -.0000074	 .1176471	-9.803922E-03	
 -.0000072	 3.921569E-02	 9.803922E-03	
 -.000007	 3.921569E-02	 9.803922E-03	
 -.0000068	 .1176471	-9.803922E-03	
 -.0000066	 3.921569E-02	 9.803922E-03	
 -.0000064	 .1176471	 2.941176E-02	
 -.0000062	 3.921569E-02	 2.941176E-02	
 -.000006	 .1176471	 9.803922E-03	
 -.0000058	 .1176471	 2.941176E-02	
 -.0000056	 .1176471	 9.803922E-03	
 -.0000054	 3.921569E-02	 2.941176E-02	
 -.0000052	 .1176471	 9.803922E-03	
 -.000005	 .1960784	 2.941176E-02	
 -.0000048	 .1176471	 9.803922E-03	
 -.0000046	 .1176471	 2.941176E-02	
 -.0000044	 .1960784	 4.901961E-02	
 -.0000042	 .1960784	 2.941176E-02	
 -.000004	 .1176471	-9.803922E-03	
 -.0000038	 .1176471	-9.803922E-03	
 -.0000036	 .1176471	 9.803922E-03	
 -.0000034	 .1176471	 2.941176E-02	
 -.0000032	 .1176471	 2.941176E-02	
 -.000003	 3.921569E-02	 2.941176E-02	
 -.0000028	 .1960784	 9.803922E-03	
 -.0000026	 .1176471	 9.803922E-03	
 -.0000024	 .1176471	-9.803922E-03	
 -.0000022	 .1176471	 2.941176E-02	
 -.000002	 3.921569E-02	 9.803922E-03	
 -.0000018	 .1176471	 9.803922E-03	
 -.0000016	 3.921569E-02	 9.803922E-03	
 -.0000014	 3.921569E-02	 2.941176E-02	
 -.0000012	 .2745098	 2.941176E-02	
 -.000001	 3.921569E-02	 2.941176E-02	
 -.0000008	 .1960784	 2.941176E-02	
 -.0000006	 .1176471	-9.803922E-03	
 -.0000004	 .1176471	 9.803922E-03	
 -.0000002	 .1176471	-9.803922E-03	
  0	 .1176471	 2.941176E-02	
  .0000002	 .1176471	 2.941176E-02	
  .0000004	 .8235294	-6.862745E-02	
  .0000006	 1.137255	 2.941176E-02	
  .0000008	 1.294118	 6.862745E-02	
  .000001	 1.45098	 6.862745E-02	
  .0000012	 1.529412	 .1078431	
  .0000014	 1.607843	 .1078431	
  .0000016	 1.686275	 .1078431	
  .0000018	 1.686275	 .1470588	
  .000002	 1.686275	 .1078431	
  .0000022	 1.843137	 .1470588	
  .0000024	 1.764706	 .1470588	
  .0000026	 1.921569	 .127451	
  .0000028	 2	 .1470588	
  .000003	 2.078431	 .1470588	
  .0000032	 2.156863	 .1470588	
  .0000034	 2.156863	 .1666667	
  .0000036	 2.313725	 .1862745	
  .0000038	 2.392157	 .1862745	
  .000004	 2.392157	 .1862745	
  .0000042	 2.470588	 .1862745	
  .0000044	 2.470588	 .1862745	
  .0000046	 2.54902	 .2058824	
  .0000048	 2.627451	 .1862745	
  .000005	 2.627451	 .2254902	
  .0000052	 2.627451	 .2058824	
  .0000054	 2.784314	 .2058824	
  .0000056	 2.784314	 .2254902	
  .0000058	 2.784314	 .2254902	
  .000006	 2.862745	 .1666667	
  .0000062	 2.862745	 .2058824	
  .0000064	 2.862745	 .2058824	
  .0000066	 2.862745	 .2058824	
  .0000068	 2.941176	 .2254902	
  .000007	 3.098039	 .2058824	
  .0000072	 3.019608	 .2254902	
  .0000074	 3.176471	 .2254902	
  .0000076	 3.098039	 .2254902	
  .0000078	 3.176471	 .2254902	
  .000008	 3.098039	 .2058824	
  .0000082	 3.176471	 .2254902	
  .0000084	 3.176471	 .2058824	
  .0000086	 3.176471	 .2254902	
  .0000088	 3.254902	 .2254902	
  .000009	 3.411765	 .2254902	
  .0000092	 3.568627	 .245098	
  .0000094	 3.490196	 .245098	
  .0000096	 3.411765	 .2058824	
  .0000098	 3.490196	 .245098	
  .00001	 3.490196	 .245098	
  .0000102	 3.647059	 .2647059	
  .0000104	 3.568627	 .2254902	
  .0000106	 3.647059	 .245098	
  .0000108	 3.647059	 .2254902	
  .000011	 3.568627	 .2254902	
  .0000112	 3.568627	 .2254902	
  .0000114	 3.647059	 .2058824	
  .0000116	 3.647059	 .2254902	
  .0000118	 3.647059	 .2058824	
  .000012	 3.647059	 .2058824	
  .0000122	 3.647059	 .245098	
  .0000124	 3.72549	 .2058824	
  .0000126	 3.647059	 .2058824	
  .0000128	 3.72549	 .2058824	
  .000013	 3.803921	 .1862745	
  .0000132	 3.803921	 .1666667	
  .0000134	 3.803921	 .1862745	
  .0000136	 3.882353	 .2058824	
  .0000138	 3.882353	 .2058824	
  .000014	 3.960784	 .2058824	
  .0000142	 3.882353	 .1666667	
  .0000144	 3.882353	 .2058824	
  .0000146	 3.882353	 .1470588	
  .0000148	 3.960784	 .1666667	
  .000015	 3.960784	 .1666667	
  .0000152	 4.039216	 .1470588	
  .0000154	 3.960784	 .1666667	
  .0000156	 3.960784	 .1666667	
  .0000158	 3.960784	 .127451	
  .000016	 3.882353	 .127451	
  .0000162	 3.882353	 .1078431	
  .0000164	 3.882353	 .1078431	
  .0000166	 3.882353	 .0882353	
  .0000168	 3.882353	 .1078431	
  .000017	 3.882353	 .0882353	
  .0000172	 3.882353	 6.862745E-02	
  .0000174	 3.803921	 6.862745E-02	
  .0000176	 3.803921	 4.901961E-02	
  .0000178	 3.72549	 2.941176E-02	
  .000018	 3.803921	 4.901961E-02	
  .0000182	 3.72549	 6.862745E-02	
  .0000184	 3.803921	 9.803922E-03	
  .0000186	 3.882353	 2.941176E-02	
  .0000188	 3.803921	 2.941176E-02	
  .000019	 3.72549	-9.803922E-03	
  .0000192	 3.72549	-9.803922E-03	
  .0000194	 3.647059	-2.941176E-02	
  .0000196	 3.647059	-4.901961E-02	
  .0000198	 3.647059	-4.901961E-02	
  .00002	 3.647059	-4.901961E-02	
  .0000202	 3.490196	-6.862745E-02	
  .0000204	 3.490196	-.0882353	
  .0000206	 3.490196	-6.862745E-02	
  .0000208	 3.333333	-.0882353	
  .000021	 3.333333	-.1078431	
  .0000212	 3.333333	-.0882353	
  .0000214	 3.254902	-.1078431	
  .0000216	 3.333333	-.1470588	
  .0000218	 3.254902	-.1470588	
  .000022	 3.254902	-.127451	
  .0000222	 3.176471	-.1470588	
  .0000224	 3.098039	-.1666667	
  .0000226	 3.098039	-.1666667	
  .0000228	 3.019608	-.1862745	
  .000023	 3.019608	-.2058824	
  .0000232	 3.019608	-.1862745	
  .0000234	 3.019608	-.2058824	
  .0000236	 2.862745	-.2254902	
  .0000238	 2.941176	-.2254902	
  .000024	 2.862745	-.2647059	
  .0000242	 2.784314	-.245098	
  .0000244	 2.784314	-.245098	
  .0000246	 2.784314	-.2647059	
  .0000248	 2.705882	-.2843137	
  .000025	 2.627451	-.3039216	
  .0000252	 2.705882	-.2843137	
  .0000254	 2.470588	-.3039216	
  .0000256	 2.54902	-.3235294	
  .0000258	 2.470588	-.3627451	
  .000026	 2.392157	-.3627451	
  .0000262	 2.392157	-.3627451	
  .0000264	 2.313725	-.3823529	
  .0000266	 2.313725	-.4019608	
  .0000268	 2.235294	-.4019608	
  .000027	 2.235294	-.4215686	
  .0000272	 2.235294	-.4215686	
  .0000274	 2.156863	-.4411765	
  .0000276	 2.156863	-.4411765	
  .0000278	 1.921569	-.4607843	
  .000028	 2	-.4607843	
  .0000282	 2	-.5	
  .0000284	 1.921569	-.4803922	
  .0000286	 1.921569	-.5196078	
  .0000288	 1.764706	-.5196078	
  .000029	 1.843137	-.5392157	
  .0000292	 1.686275	-.5392157	
  .0000294	 1.686275	-.5784314	
  .0000296	 1.607843	-.5980392	
  .0000298	 1.607843	-.5980392	
  .00003	 1.529412	-.6176471	
  .0000302	 1.529412	-.6176471	
  .0000304	 1.372549	-.6372549	
  .0000306	 1.45098	-.6764706	
  .0000308	 1.294118	-.6764706	
  .000031	 1.215686	-.6960784	
  .0000312	 1.294118	-.6960784	
  .0000314	 1.137255	-.7156863	
  .0000316	 1.137255	-.6960784	
  .0000318	 1.058824	-.7156863	
  .000032	 .9019608	-.7156863	
  .0000322	 .9803922	-.7549019	
  .0000324	 .9019608	-.7352941	
  .0000326	 .7450981	-.7549019	
  .0000328	 .8235294	-.7941176	
  .000033	 .7450981	-.7941176	
  .0000332	 .6666667	-.7745098	
  .0000334	 .5882353	-.7941176	
  .0000336	 .509804	-.8137255	
  .0000338	 .4313726	-.8137255	
  .000034	 .4313726	-.8137255	
  .0000342	 .4313726	-.8333333	
  .0000344	 .2745098	-.8529412	
  .0000346	 .2745098	-.8333333	
  .0000348	 .1960784	-.8529412	
  .000035	 .1176471	-.8529412	
  .0000352	 .1960784	-.872549	
  .0000354	 3.921569E-02	-.872549	
  .0000356	 3.921569E-02	-.9313725	
  .0000358	-.1176471	-.9117647	
  .000036	-.1176471	-.9117647	
  .0000362	-.1176471	-.9313725	
  .0000364	-.1960784	-.9509804	
  .0000366	-.1960784	-.9509804	
  .0000368	-.2745098	-.9705882	
  .000037	-.4313726	-.9509804	
  .0000372	-.3529412	-1.009804	
  .0000374	-.509804	-.990196	
  .0000376	-.509804	-.990196	
  .0000378	-.509804	-1.009804	
  .000038	-.5882353	-1.009804	
  .0000382	-.7450981	-1.029412	
  .0000384	-.6666667	-1.04902	
  .0000386	-.6666667	-1.029412	
  .0000388	-.8235294	-1.068627	
  .000039	-.9803922	-1.068627	
  .0000392	-.9803922	-1.088235	
  .0000394	-.9803922	-1.088235	
  .0000396	-.9803922	-1.068627	
  .0000398	-1.137255	-1.127451	
  .00004	-1.137255	-1.107843	
  .0000402	-1.215686	-1.147059	
  .0000404	-1.294118	-1.147059	
  .0000406	-1.372549	-1.147059	
  .0000408	-1.45098	-1.186275	
  .000041	-1.45098	-1.166667	
  .0000412	-1.45098	-1.166667	
  .0000414	-1.529412	-1.166667	
  .0000416	-1.529412	-1.186275	
  .0000418	-1.529412	-1.186275	
  .000042	-1.607843	-1.186275	
  .0000422	-1.764706	-1.22549	
  .0000424	-1.843137	-1.186275	
  .0000426	-1.843137	-1.22549	
  .0000428	-1.843137	-1.22549	
  .000043	-1.921569	-1.22549	
  .0000432	-2	-1.245098	
  .0000434	-2.078431	-1.245098	
  .0000436	-2	-1.245098	
  .0000438	-2.078431	-1.264706	
  .000044	-2.156863	-1.245098	
  .0000442	-2.156863	-1.245098	
  .0000444	-2.235294	-1.245098	
  .0000446	-2.235294	-1.264706	
  .0000448	-2.313725	-1.264706	
  .000045	-2.313725	-1.264706	
  .0000452	-2.470588	-1.264706	
  .0000454	-2.54902	-1.284314	
  .0000456	-2.470588	-1.284314	
  .0000458	-2.54902	-1.284314	
  .000046	-2.470588	-1.284314	
  .0000462	-2.627451	-1.264706	
  .0000464	-2.705882	-1.303922	
  .0000466	-2.705882	-1.284314	
  .0000468	-2.705882	-1.303922	
  .000047	-2.784314	-1.343137	
  .0000472	-2.784314	-1.323529	
  .0000474	-2.862745	-1.303922	
  .0000476	-2.862745	-1.284314	
  .0000478	-2.862745	-1.323529	
  .000048	-2.862745	-1.264706	
  .0000482	-2.941176	-1.303922	
  .0000484	-2.941176	-1.284314	
  .0000486	-3.019608	-1.284314	
  .0000488	-3.098039	-1.303922	
  .000049	-3.019608	-1.284314	
  .0000492	-3.098039	-1.303922	
  .0000494	-3.098039	-1.303922	
  .0000496	-3.254902	-1.284314	
  .0000498	-3.254902	-1.284314	
  .00005	-3.254902	-1.284314	
  .0000502	-3.333333	-1.323529	
  .0000504	-3.333333	-1.343137	
  .0000506	-3.490196	-1.284314	
  .0000508	-3.411765	-1.323529	
  .000051	-3.490196	-1.303922	
  .0000512	-3.490196	-1.323529	
  .0000514	-3.568627	-1.303922	
  .0000516	-3.568627	-1.303922	
  .0000518	-3.647059	-1.303922	
  .000052	-3.72549	-1.343137	
  .0000522	-3.72549	-1.303922	
  .0000524	-3.72549	-1.303922	
  .0000526	-3.72549	-1.323529	
  .0000528	-3.72549	-1.303922	
  .000053	-3.803921	-1.303922	
  .0000532	-3.803921	-1.323529	
  .0000534	-3.882353	-1.303922	
  .0000536	-3.960784	-1.323529	
  .0000538	-3.960784	-1.303922	
  .000054	-3.882353	-1.323529	
  .0000542	-3.960784	-1.303922	
  .0000544	-3.882353	-1.303922	
  .0000546	-4.117647	-1.303922	
  .0000548	-4.039216	-1.303922	
  .000055	-4.117647	-1.303922	
  .0000552	-4.117647	-1.284314	
  .0000554	-4.117647	-1.343137	
  .0000556	-4.196078	-1.303922	
  .0000558	-4.117647	-1.284314	
  .000056	-4.117647	-1.264706	
  .0000562	-4.117647	-1.303922	
  .0000564	-4.196078	-1.264706	
  .0000566	-4.196078	-1.284314	
  .0000568	-4.27451	-1.284314	
  .000057	-4.27451	-1.264706	
  .0000572	-4.27451	-1.264706	
  .0000574	-4.196078	-1.245098	
  .0000576	-4.196078	-1.245098	
  .0000578	-4.196078	-1.22549	
  .000058	-4.352941	-1.205882	
  .0000582	-4.352941	-1.22549	
  .0000584	-4.27451	-1.245098	
  .0000586	-4.352941	-1.264706	
  .0000588	-4.117647	-1.22549	
  .000059	-4.039216	-1.186275	
  .0000592	-4.117647	-1.205882	
  .0000594	-4.117647	-1.166667	
  .0000596	-4.039216	-1.186275	
  .0000598	-4.039216	-1.166667	
  .00006	-4.117647	-1.166667	
  .0000602	-4.196078	-1.166667	
  .0000604	-4.117647	-1.147059	
  .0000606	-4.039216	-1.127451	
  .0000608	-3.882353	-1.127451	
  .000061	-4.039216	-1.088235	
  .0000612	-4.039216	-1.107843	
  .0000614	-4.039216	-1.107843	
  .0000616	-3.960784	-1.088235	
  .0000618	-4.117647	-1.068627	
  .000062	-3.960784	-1.088235	
  .0000622	-3.960784	-1.068627	
  .0000624	-4.039216	-1.068627	
  .0000626	-3.882353	-1.04902	
  .0000628	-4.039216	-1.04902	
  .000063	-3.960784	-1.04902	
  .0000632	-3.960784	-1.029412	
  .0000634	-3.960784	-1.009804	
  .0000636	-3.960784	-1.029412	
  .0000638	-3.960784	-.9705882	
  .000064	-3.960784	-.990196	
  .0000642	-3.882353	-.9705882	
  .0000644	-3.960784	-.9705882	
  .0000646	-3.882353	-.9509804	
  .0000648	-3.882353	-.9509804	
  .000065	-3.960784	-.9313725	
  .0000652	-3.882353	-.9705882	
  .0000654	-3.882353	-.9117647	
  .0000656	-3.882353	-.9117647	
  .0000658	-3.882353	-.9313725	
  .000066	-3.803921	-.8921568	
  .0000662	-3.803921	-.872549	
  .0000664	-3.803921	-.872549	
  .0000666	-3.72549	-.872549	
  .0000668	-3.803921	-.872549	
  .000067	-3.72549	-.8529412	
  .0000672	-3.803921	-.8529412	
  .0000674	-3.72549	-.8529412	
  .0000676	-3.647059	-.8333333	
  .0000678	-3.72549	-.8137255	
  .000068	-3.72549	-.7941176	
  .0000682	-3.647059	-.7941176	
  .0000684	-3.647059	-.7941176	
  .0000686	-3.72549	-.7941176	
  .0000688	-3.647059	-.7745098	
  .000069	-3.568627	-.7549019	
  .0000692	-3.568627	-.7549019	
  .0000694	-3.490196	-.7352941	
  .0000696	-3.490196	-.7352941	
  .0000698	-3.490196	-.7156863	
  .00007	-3.490196	-.7352941	
  .0000702	-3.490196	-.7352941	
  .0000704	-3.490196	-.6764706	
  .0000706	-3.411765	-.6960784	
  .0000708	-3.333333	-.6568627	
  .000071	-3.490196	-.6568627	
  .0000712	-3.411765	-.6372549	
  .0000714	-3.333333	-.6372549	
  .0000716	-3.333333	-.6176471	
  .0000718	-3.333333	-.6372549	
  .000072	-3.254902	-.6372549	
  .0000722	-3.411765	-.5980392	
  .0000724	-3.254902	-.5784314	
  .0000726	-3.333333	-.5980392	
  .0000728	-3.176471	-.5588235	
  .000073	-3.254902	-.5980392	
  .0000732	-3.176471	-.5588235	
  .0000734	-3.254902	-.5588235	
  .0000736	-3.176471	-.5196078	
  .0000738	-3.098039	-.5392157	
  .000074	-3.176471	-.5196078	
  .0000742	-3.019608	-.4607843	
  .0000744	-3.098039	-.4803922	
  .0000746	-3.098039	-.4411765	
  .0000748	-3.019608	-.4607843	
  .000075	-3.019608	-.4411765	
  .0000752	-3.019608	-.4411765	
  .0000754	-3.019608	-.4215686	
  .0000756	-2.941176	-.4215686	
  .0000758	-2.862745	-.3823529	
  .000076	-2.862745	-.3823529	
  .0000762	-2.941176	-.3823529	
  .0000764	-2.862745	-.3627451	
  .0000766	-2.784314	-.3627451	
  .0000768	-2.784314	-.3823529	
  .000077	-2.784314	-.3235294	
  .0000772	-2.784314	-.3235294	
  .0000774	-2.705882	-.3235294	
  .0000776	-2.627451	-.2843137	
  .0000778	-2.705882	-.2843137	
  .000078	-2.627451	-.2843137	
  .0000782	-2.627451	-.2843137	
  .0000784	-2.54902	-.2843137	
  .0000786	-2.54902	-.2843137	
  .0000788	-2.54902	-.245098	
  .000079	-2.470588	-.245098	
  .0000792	-2.392157	-.2254902	
  .0000794	-2.392157	-.2058824	
  .0000796	-2.392157	-.2058824	
  .0000798	-2.392157	-.1862745	
  .00008	-2.392157	-.2058824	
  .0000802	-2.313725	-.1862745	
  .0000804	-2.235294	-.1666667	
  .0000806	-2.313725	-.1666667	
  .0000808	-2.235294	-.1470588	
  .000081	-2.156863	-.1470588	
  .0000812	-2.156863	-.1470588	
  .0000814	-2.078431	-.127451	
  .0000816	-2.078431	-.127451	
  .0000818	-2	-.127451	
  .000082	-2.078431	-.1078431	
  .0000822	-2.078431	-.0882353	
  .0000824	-1.921569	-.0882353	
  .0000826	-1.843137	-4.901961E-02	
  .0000828	-1.921569	-6.862745E-02	
  .000083	-1.921569	-4.901961E-02	
  .0000832	-1.843137	-2.941176E-02	
  .0000834	-1.764706	-9.803922E-03	
  .0000836	-1.764706	 2.941176E-02	
  .0000838	-1.764706	-9.803922E-03	
  .000084	-1.686275	 9.803922E-03	
  .0000842	-1.686275	 9.803922E-03	
  .0000844	-1.686275	 2.941176E-02	
  .0000846	-1.529412	 2.941176E-02	
  .0000848	-1.607843	 6.862745E-02	
  .000085	-1.529412	 4.901961E-02	
  .0000852	-1.45098	 6.862745E-02	
  .0000854	-1.607843	 6.862745E-02	
  .0000856	-1.372549	 6.862745E-02	
  .0000858	-1.294118	 .0882353	
  .000086	-1.372549	 .1078431	
  .0000862	-1.372549	 .0882353	
  .0000864	-1.294118	 .127451	
  .0000866	-1.294118	 .127451	
  .0000868	-1.215686	 .127451	
  .000087	-1.215686	 .1666667	
  .0000872	-1.215686	 .1470588	
  .0000874	-1.137255	 .1862745	
  .0000876	-1.058824	 .1862745	
  .0000878	-1.137255	 .2058824	
  .000088	-.9803922	 .1862745	
  .0000882	-1.058824	 .1862745	
  .0000884	-.9019608	 .2254902	
  .0000886	-.9803922	 .2254902	
  .0000888	-.9019608	 .2254902	
  .000089	-.8235294	 .2254902	
  .0000892	-.8235294	 .245098	
  .0000894	-.7450981	 .2647059	
  .0000896	-.8235294	 .2647059	
  .0000898	-.7450981	 .2647059	
  .00009	-.6666667	 .2843137	
  .0000902	-.6666667	 .2647059	
  .0000904	-.6666667	 .2843137	
  .0000906	-.509804	 .2647059	
  .0000908	-.5882353	 .3039216	
  .000091	-.509804	 .3235294	
  .0000912	-.509804	 .3235294	
  .0000914	-.509804	 .3431373	
  .0000916	-.3529412	 .3627451	
  .0000918	-.4313726	 .3431373	
  .000092	-.4313726	 .3627451	
  .0000922	-.2745098	 .3431373	
  .0000924	-.3529412	 .3431373	
  .0000926	-.3529412	 .3627451	
  .0000928	-.3529412	 .3823529	
  .000093	-.1960784	 .4019608	
  .0000932	-.1960784	 .4411765	
  .0000934	-.1960784	 .3823529	
  .0000936	-.1960784	 .4019608	
  .0000938	-.1176471	 .3823529	
  .000094	-3.921569E-02	 .4607843	
  .0000942	-3.921569E-02	 .4411765	
  .0000944	-3.921569E-02	 .4411765	
  .0000946	 3.921569E-02	 .4803922	
  .0000948	 .1176471	 .4803922	
  .000095	 3.921569E-02	 .4411765	
  .0000952	 .1176471	 .4215686	
  .0000954	 .1960784	 .4607843	
  .0000956	 .1176471	 .4607843	
  .0000958	 .2745098	 .4803922	
  .000096	 .1960784	 .5196078	
  .0000962	 .2745098	 .5	
  .0000964	 .2745098	 .5196078	
  .0000966	 .3529412	 .5	
  .0000968	 .3529412	 .5196078	
  .000097	 .509804	 .5196078	
  .0000972	 .4313726	 .5196078	
  .0000974	 .509804	 .5588235	
  .0000976	 .4313726	 .5392157	
  .0000978	 .7450981	 .5392157	
  .000098	 .509804	 .5784314	
  .0000982	 .5882353	 .5784314	
  .0000984	 .5882353	 .5588235	
  .0000986	 .7450981	 .5392157	
  .0000988	 .6666667	 .5392157	
  .000099	 .7450981	 .5588235	
  .0000992	 .7450981	 .5588235	
  .0000994	 .9019608	 .6176471	
  .0000996	 .9019608	 .5784314	
  .0000998	 .7450981	 .6176471	
  .0001	 .9803922	 .5784314	
  .0001002	 .9019608	 .5784314	
  .0001004	 1.058824	 .5980392	
  .0001006	 1.058824	 .5980392	
  .0001008	 .9803922	 .5784314	
  .000101	 .9803922	 .5980392	
  .0001012	 1.215686	 .6176471	
  .0001014	 1.058824	 .6372549	
  .0001016	 1.137255	 .6176471	
  .0001018	 1.215686	 .6176471	
  .000102	 1.215686	 .6176471	
  .0001022	 1.137255	 .6176471	
  .0001024	 1.215686	 .6372549	
  .0001026	 1.215686	 .6568627	
  .0001028	 1.215686	 .6176471	
  .000103	 1.294118	 .6372549	
  .0001032	 1.529412	 .6372549	
  .0001034	 1.215686	 .6568627	
  .0001036	 1.294118	 .6568627	
  .0001038	 1.372549	 .6568627	
  .000104	 1.45098	 .6568627	
  .0001042	 1.45098	 .6568627	
  .0001044	 1.45098	 .6960784	
  .0001046	 1.45098	 .6960784	
  .0001048	 1.45098	 .6764706	
  .000105	 1.529412	 .6764706	
  .0001052	 1.529412	 .6568627	
  .0001054	 1.529412	 .6568627	
  .0001056	 1.607843	 .6764706	
  .0001058	 1.607843	 .6960784	
  .000106	 1.607843	 .6764706	
  .0001062	 1.686275	 .6960784	
  .0001064	 1.843137	 .6960784	
  .0001066	 1.764706	 .6568627	
  .0001068	 1.764706	 .6960784	
  .000107	 1.686275	 .6960784	
  .0001072	 1.764706	 .7156863	
  .0001074	 1.764706	 .6764706	
  .0001076	 1.843137	 .7156863	
  .0001078	 1.921569	 .6960784	
  .000108	 1.921569	 .6764706	
  .0001082	 1.921569	 .7156863	
  .0001084	 1.921569	 .7156863	
  .0001086	 1.921569	 .6960784	
  .0001088	 1.921569	 .7156863	
  .000109	 2	 .6960784	
  .0001092	 2	 .7352941	
  .0001094	 1.921569	 .6764706	
  .0001096	 2.078431	 .7156863	
  .0001098	 2.078431	 .7156863	
  .00011	 2.078431	 .6764706	
  .0001102	 2	 .6960784	
  .0001104	 2.156863	 .6960784	
  .0001106	 2.078431	 .7156863	
  .0001108	 2.078431	 .6960784	
  .000111	 2.078431	 .7156863	
  .0001112	 2.156863	 .6960784	
  .0001114	 2.235294	 .6960784	
  .0001116	 2.156863	 .6960784	
  .0001118	 2.078431	 .6960784	
  .000112	 2.156863	 .6764706	
  .0001122	 2.156863	 .6764706	
  .0001124	 2.235294	 .6764706	
  .0001126	 2.156863	 .6764706	
  .0001128	 2.313725	 .7156863	
  .000113	 2.235294	 .7156863	
  .0001132	 2.313725	 .6960784	
  .0001134	 2.313725	 .6764706	
  .0001136	 2.313725	 .6568627	
  .0001138	 2.313725	 .6960784	
  .000114	 2.313725	 .6764706	
  .0001142	 2.470588	 .6764706	
  .0001144	 2.313725	 .7156863	
  .0001146	 2.392157	 .7156863	
  .0001148	 2.313725	 .6764706	
  .000115	 2.313725	 .6568627	
  .0001152	 2.313725	 .6764706	
  .0001154	 2.470588	 .6960784	
  .0001156	 2.54902	 .6568627	
  .0001158	 2.392157	 .6764706	
  .000116	 2.392157	 .6764706	
  .0001162	 2.392157	 .6960784	
  .0001164	 2.470588	 .6568627	
  .0001166	 2.392157	 .6372549	
  .0001168	 2.392157	 .6568627	
  .000117	 2.470588	 .6764706	
  .0001172	 2.54902	 .6764706	
  .0001174	 2.470588	 .6568627	
  .0001176	 2.627451	 .6568627	
  .0001178	 2.54902	 .6568627	
  .000118	 2.54902	 .6568627	
  .0001182	 2.54902	 .6372549	
  .0001184	 2.470588	 .6176471	
  .0001186	 2.470588	 .5980392	
  .0001188	 2.54902	 .6372549	
  .000119	 2.627451	 .6176471	
  .0001192	 2.470588	 .6372549	
  .0001194	 2.54902	 .6372549	
  .0001196	 2.54902	 .6372549	
  .0001198	 2.54902	 .6176471	
  .00012	 2.54902	 .5980392	
  .0001202	 2.627451	 .6176471	
  .0001204	 2.54902	 .6176471	
  .0001206	 2.54902	 .5980392	
  .0001208	 2.54902	 .5980392	
  .000121	 2.627451	 .6176471	
  .0001212	 2.54902	 .5980392	
  .0001214	 2.627451	 .5784314	
  .0001216	 2.54902	 .5784314	
  .0001218	 2.470588	 .5588235	
  .000122	 2.54902	 .5588235	
  .0001222	 2.627451	 .5588235	
  .0001224	 2.54902	 .5588235	
  .0001226	 2.470588	 .5588235	
  .0001228	 2.627451	 .5784314	
  .000123	 2.627451	 .5588235	
  .0001232	 2.627451	 .5392157	
  .0001234	 2.470588	 .5392157	
  .0001236	 2.54902	 .5392157	
  .0001238	 2.54902	 .5392157	
  .000124	 2.54902	 .5392157	
  .0001242	 2.54902	 .5392157	
  .0001244	 2.54902	 .5392157	
  .0001246	 2.470588	 .5	
  .0001248	 2.470588	 .5	
  .000125	 2.470588	 .4803922	
  .0001252	 2.54902	 .4607843	
  .0001254	 2.470588	 .5	
  .0001256	 2.54902	 .4803922	
  .0001258	 2.470588	 .4803922	
  .000126	 2.54902	 .4607843	
  .0001262	 2.54902	 .4803922	
  .0001264	 2.54902	 .4607843	
  .0001266	 2.470588	 .4607843	
  .0001268	 2.470588	 .4411765	
  .000127	 2.54902	 .4607843	
  .0001272	 2.470588	 .4607843	
  .0001274	 2.54902	 .4411765	
  .0001276	 2.54902	 .4215686	
  .0001278	 2.470588	 .4019608	
  .000128	 2.54902	 .4411765	
  .0001282	 2.392157	 .4215686	
  .0001284	 2.392157	 .3823529	
  .0001286	 2.470588	 .3823529	
  .0001288	 2.392157	 .4019608	
  .000129	 2.470588	 .4019608	
  .0001292	 2.470588	 .3823529	
  .0001294	 2.392157	 .3823529	
  .0001296	 2.392157	 .3823529	
  .0001298	 2.392157	 .3431373	
  .00013	 2.235294	 .3235294	
  .0001302	 2.392157	 .3235294	
  .0001304	 2.392157	 .3431373	
  .0001306	 2.313725	 .3235294	
  .0001308	 2.235294	 .3431373	
  .000131	 2.313725	 .3431373	
  .0001312	 2.313725	 .3039216	
  .0001314	 2.078431	 .3039216	
  .0001316	 2.156863	 .3039216	
  .0001318	 2.235294	 .2843137	
  .000132	 2.156863	 .3039216	
  .0001322	 2.156863	 .2843137	
  .0001324	 2.078431	 .2647059	
  .0001326	 2.235294	 .2647059	
  .0001328	 2.156863	 .2843137	
  .000133	 2.156863	 .2647059	
  .0001332	 2.078431	 .2647059	
  .0001334	 2.078431	 .245098	
  .0001336	 2.156863	 .245098	
  .0001338	 2.156863	 .245098	
  .000134	 2.156863	 .245098	
  .0001342	 2.078431	 .245098	
  .0001344	 2	 .245098	
  .0001346	 1.921569	 .1862745	
  .0001348	 2	 .1862745	
  .000135	 1.921569	 .2058824	
  .0001352	 2	 .2058824	
  .0001354	 2	 .1666667	
  .0001356	 1.921569	 .1862745	
  .0001358	 1.921569	 .1862745	
  .000136	 1.843137	 .1470588	
  .0001362	 2	 .1470588	
  .0001364	 1.764706	 .127451	
  .0001366	 1.764706	 .1470588	
  .0001368	 1.843137	 .1470588	
  .000137	 1.843137	 .1470588	
  .0001372	 1.686275	 .127451	
  .0001374	 1.764706	 .127451	
  .0001376	 1.843137	 .1078431	
  .0001378	 1.686275	 .1078431	
  .000138	 1.686275	 .0882353	
  .0001382	 1.686275	 .1078431	
  .0001384	 1.686275	 .0882353	
  .0001386	 1.686275	 .0882353	
  .0001388	 1.764706	 .0882353	
  .000139	 1.686275	 .0882353	
  .0001392	 1.607843	 6.862745E-02	
  .0001394	 1.607843	 4.901961E-02	
  .0001396	 1.529412	 2.941176E-02	
  .0001398	 1.45098	 2.941176E-02	
  .00014	 1.529412	 2.941176E-02	
  .0001402	 1.372549	 2.941176E-02	
  .0001404	 1.45098	 9.803922E-03	
  .0001406	 1.372549	 9.803922E-03	
  .0001408	 1.45098	 2.941176E-02	
  .000141	 1.372549	-9.803922E-03	
  .0001412	 1.372549	-9.803922E-03	
  .0001414	 1.294118	-2.941176E-02	
  .0001416	 1.294118	-9.803922E-03	
  .0001418	 1.294118	-2.941176E-02	
  .000142	 1.294118	-9.803922E-03	
  .0001422	 1.215686	-2.941176E-02	
  .0001424	 1.215686	-2.941176E-02	
  .0001426	 1.215686	-2.941176E-02	
  .0001428	 1.215686	-6.862745E-02	
  .000143	 1.137255	-4.901961E-02	
  .0001432	 1.137255	-6.862745E-02	
  .0001434	 1.137255	-6.862745E-02	
  .0001436	 1.137255	-.0882353	
  .0001438	 1.137255	-6.862745E-02	
  .000144	 .9803922	-6.862745E-02	
  .0001442	 .9803922	-6.862745E-02	
  .0001444	 .9803922	-.1078431	
  .0001446	 .9019608	-.127451	
  .0001448	 .9019608	-.127451	
  .000145	 .9019608	-.127451	
  .0001452	 .9019608	-.127451	
  .0001454	 .9019608	-.1078431	
  .0001456	 .9803922	-.1470588	
  .0001458	 .8235294	-.1470588	
  .000146	 .8235294	-.1666667	
  .0001462	 .9019608	-.1470588	
  .0001464	 .8235294	-.127451	
  .0001466	 .6666667	-.1666667	
  .0001468	 .7450981	-.1470588	
  .000147	 .6666667	-.1862745	
  .0001472	 .6666667	-.1862745	
  .0001474	 .8235294	-.1862745	
  .0001476	 .6666667	-.2058824	
  .0001478	 .8235294	-.2058824	
  .000148	 .6666667	-.1862745	
  .0001482	 .5882353	-.2058824	
  .0001484	 .5882353	-.2058824	
  .0001486	 .5882353	-.2254902	
  .0001488	 .6666667	-.2254902	
  .000149	 .509804	-.2254902	
  .0001492	 .509804	-.245098	
  .0001494	 .5882353	-.245098	
  .0001496	 .509804	-.2254902	
  .0001498	 .2745098	-.2647059	
  .00015	 .4313726	-.245098	
  .0001502	 .4313726	-.2647059	
  .0001504	 .2745098	-.245098	
  .0001506	 .2745098	-.2254902	
  .0001508	 .2745098	-.2647059	
  .000151	 .2745098	-.2843137	
  .0001512	 .2745098	-.2843137	
  .0001514	 .1960784	-.2843137	
  .0001516	 .1960784	-.3039216	
  .0001518	 .1960784	-.2843137	
  .000152	 .1176471	-.2647059	
  .0001522	 3.921569E-02	-.3039216	
  .0001524	 .1176471	-.3039216	
  .0001526	 3.921569E-02	-.3039216	
  .0001528	 .1176471	-.3039216	
  .000153	 3.921569E-02	-.3039216	
  .0001532	-3.921569E-02	-.3235294	
  .0001534	 .1176471	-.3235294	
  .0001536	-3.921569E-02	-.3431373	
  .0001538	-3.921569E-02	-.3431373	
  .000154	 3.921569E-02	-.2843137	
  .0001542	-3.921569E-02	-.3431373	
  .0001544	-.1176471	-.3627451	
  .0001546	-.1960784	-.3627451	
  .0001548	-.1176471	-.3627451	
  .000155	-.1960784	-.3431373	
  .0001552	-.1960784	-.3627451	
  .0001554	-.1960784	-.3627451	
  .0001556	-.1960784	-.3431373	
  .0001558	-.2745098	-.3627451	
  .000156	-.2745098	-.4019608	
  .0001562	-.3529412	-.4019608	
  .0001564	-.3529412	-.3823529	
  .0001566	-.2745098	-.3627451	
  .0001568	-.4313726	-.3823529	
  .000157	-.4313726	-.4019608	
  .0001572	-.2745098	-.4019608	
  .0001574	-.3529412	-.4019608	
  .0001576	-.4313726	-.4215686	
  .0001578	-.4313726	-.4215686	
  .000158	-.4313726	-.4019608	
  .0001582	-.509804	-.4215686	
  .0001584	-.509804	-.4019608	
  .0001586	-.4313726	-.4215686	
  .0001588	-.509804	-.4019608	
  .000159	-.5882353	-.4411765	
  .0001592	-.6666667	-.4215686	
  .0001594	-.6666667	-.4607843	
  .0001596	-.6666667	-.4411765	
  .0001598	-.6666667	-.4215686	
  .00016	-.6666667	-.4411765	
  .0001602	-.7450981	-.4215686	
  .0001604	-.7450981	-.4411765	
  .0001606	-.6666667	-.4215686	
  .0001608	-.8235294	-.4411765	
  .000161	-.7450981	-.4607843	
  .0001612	-.7450981	-.4411765	
  .0001614	-.9019608	-.4607843	
  .0001616	-.7450981	-.4607843	
  .0001618	-.8235294	-.4607843	
  .000162	-.9019608	-.4607843	
  .0001622	-.8235294	-.4411765	
  .0001624	-.9803922	-.4607843	
  .0001626	-.9019608	-.4803922	
  .0001628	-.9803922	-.4411765	
  .000163	-1.058824	-.4411765	
  .0001632	-.9803922	-.4803922	
  .0001634	-.9803922	-.4803922	
  .0001636	-.9803922	-.4607843	
  .0001638	-.9019608	-.4803922	
  .000164	-1.058824	-.4607843	
  .0001642	-1.058824	-.5	
  .0001644	-1.058824	-.5	
  .0001646	-1.058824	-.4803922	
  .0001648	-1.058824	-.4607843	
  .000165	-1.058824	-.4607843	
  .0001652	-1.137255	-.4607843	
  .0001654	-1.215686	-.4411765	
  .0001656	-1.137255	-.4607843	
  .0001658	-1.058824	-.4803922	
  .000166	-1.058824	-.4803922	
  .0001662	-1.215686	-.4607843	
  .0001664	-1.215686	-.5	
  .0001666	-1.215686	-.4607843	
  .0001668	-1.215686	-.4803922	
  .000167	-1.215686	-.4803922	
  .0001672	-1.215686	-.4803922	
  .0001674	-1.294118	-.4803922	
  .0001676	-1.294118	-.4607843	
  .0001678	-1.294118	-.4803922	
  .000168	-1.294118	-.4803922	
  .0001682	-1.215686	-.4803922	
  .0001684	-1.294118	-.4607843	
  .0001686	-1.294118	-.4607843	
  .0001688	-1.294118	-.4803922	
  .000169	-1.372549	-.4803922	
  .0001692	-1.372549	-.5	
  .0001694	-1.372549	-.4607843	
  .0001696	-1.45098	-.4607843	
  .0001698	-1.372549	-.5	
  .00017	-1.372549	-.4607843	
  .0001702	-1.45098	-.4607843	
  .0001704	-1.372549	-.4803922	
  .0001706	-1.45098	-.4607843	
  .0001708	-1.45098	-.4803922	
  .000171	-1.45098	-.4803922	
  .0001712	-1.45098	-.5	
  .0001714	-1.45098	-.4803922	
  .0001716	-1.45098	-.4803922	
  .0001718	-1.45098	-.4607843	
  .000172	-1.529412	-.4803922	
  .0001722	-1.529412	-.4607843	
  .0001724	-1.529412	-.4607843	
  .0001726	-1.45098	-.4607843	
  .0001728	-1.45098	-.4607843	
  .000173	-1.529412	-.4607843	
  .0001732	-1.45098	-.4607843	
  .0001734	-1.529412	-.4411765	
  .0001736	-1.529412	-.4607843	
  .0001738	-1.45098	-.4215686	
  .000174	-1.607843	-.4411765	
  .0001742	-1.529412	-.4803922	
  .0001744	-1.607843	-.4411765	
  .0001746	-1.607843	-.4607843	
  .0001748	-1.529412	-.4411765	
  .000175	-1.607843	-.4215686	
  .0001752	-1.607843	-.4215686	
  .0001754	-1.529412	-.4215686	
  .0001756	-1.607843	-.4215686	
  .0001758	-1.607843	-.4411765	
  .000176	-1.529412	-.4411765	
  .0001762	-1.607843	-.4411765	
  .0001764	-1.529412	-.4215686	
  .0001766	-1.607843	-.4215686	
  .0001768	-1.607843	-.4215686	
  .000177	-1.607843	-.4215686	
  .0001772	-1.607843	-.3823529	
  .0001774	-1.607843	-.4215686	
  .0001776	-1.607843	-.4411765	
  .0001778	-1.607843	-.4215686	
  .000178	-1.607843	-.4215686	
  .0001782	-1.529412	-.3823529	
  .0001784	-1.529412	-.4019608	
  .0001786	-1.607843	-.3823529	
  .0001788	-1.607843	-.4019608	
  .000179	-1.686275	-.3627451	
  .0001792	-1.529412	-.4019608	
  .0001794	-1.607843	-.3823529	
  .0001796	-1.607843	-.3823529	
  .0001798	-1.686275	-.3823529	
  .00018	-1.607843	-.3823529	
  .0001802	-1.607843	-.3823529	
  .0001804	-1.607843	-.3627451	
  .0001806	-1.607843	-.3431373	
  .0001808	-1.607843	-.3431373	
  .000181	-1.607843	-.3627451	
  .0001812	-1.686275	-.3627451	
  .0001814	-1.607843	-.3627451	
  .0001816	-1.607843	-.3431373	
  .0001818	-1.607843	-.3431373	
  .000182	-1.607843	-.3431373	
  .0001822	-1.529412	-.3235294	
  .0001824	-1.607843	-.3431373	
  .0001826	-1.686275	-.3235294	
  .0001828	-1.607843	-.3431373	
  .000183	-1.529412	-.3235294	
  .0001832	-1.529412	-.3235294	
  .0001834	-1.529412	-.3039216	
  .0001836	-1.529412	-.3039216	
  .0001838	-1.607843	-.3039216	
  .000184	-1.607843	-.3039216	
  .0001842	-1.529412	-.3039216	
  .0001844	-1.686275	-.3039216	
  .0001846	-1.45098	-.3039216	
  .0001848	-1.607843	-.3039216	
  .000185	-1.529412	-.2843137	
  .0001852	-1.529412	-.2843137	
  .0001854	-1.45098	-.2843137	
  .0001856	-1.529412	-.2843137	
  .0001858	-1.45098	-.2843137	
  .000186	-1.45098	-.2647059	
  .0001862	-1.529412	-.245098	
  .0001864	-1.45098	-.2647059	
  .0001866	-1.45098	-.245098	
  .0001868	-1.372549	-.245098	
  .000187	-1.45098	-.245098	
  .0001872	-1.45098	-.245098	
  .0001874	-1.45098	-.245098	
  .0001876	-1.372549	-.2254902	
  .0001878	-1.372549	-.245098	
  .000188	-1.372549	-.245098	
  .0001882	-1.45098	-.2058824	
  .0001884	-1.372549	-.2058824	
  .0001886	-1.45098	-.2058824	
  .0001888	-1.45098	-.2058824	
  .000189	-1.45098	-.2058824	
  .0001892	-1.372549	-.2254902	
  .0001894	-1.372549	-.2254902	
  .0001896	-1.294118	-.2254902	
  .0001898	-1.45098	-.1666667	
  .00019	-1.294118	-.1666667	
  .0001902	-1.294118	-.1862745	
  .0001904	-1.294118	-.1862745	
  .0001906	-1.294118	-.1862745	
  .0001908	-1.294118	-.1666667	
  .000191	-1.294118	-.1666667	
  .0001912	-1.215686	-.1470588	
  .0001914	-1.294118	-.1666667	
  .0001916	-1.215686	-.127451	
  .0001918	-1.294118	-.1470588	
  .000192	-1.215686	-.1470588	
  .0001922	-1.294118	-.127451	
  .0001924	-1.215686	-.127451	
  .0001926	-1.137255	-.127451	
  .0001928	-1.215686	-.127451	
  .000193	-1.058824	-.127451	
  .0001932	-1.137255	-.1078431	
  .0001934	-1.137255	-.1078431	
  .0001936	-1.058824	-6.862745E-02	
  .0001938	-1.058824	-.0882353	
  .000194	-1.137255	-.0882353	
  .0001942	-1.137255	-.1078431	
  .0001944	-1.058824	-.1078431	
  .0001946	-.9803922	-6.862745E-02	
  .0001948	-.9803922	-6.862745E-02	
  .000195	-1.058824	-4.901961E-02	
  .0001952	-.9803922	-4.901961E-02	
  .0001954	-1.058824	-4.901961E-02	
  .0001956	-1.058824	-.0882353	
  .0001958	-1.058824	-2.941176E-02	
  .000196	-.9803922	-4.901961E-02	
  .0001962	-.8235294	-4.901961E-02	
  .0001964	-.9019608	-2.941176E-02	
  .0001966	-.9019608	-4.901961E-02	
  .0001968	-.8235294	-9.803922E-03	
  .000197	-.9019608	-9.803922E-03	
  .0001972	-1.058824	-2.941176E-02	
  .0001974	-.9803922	-9.803922E-03	
  .0001976	-.8235294	-2.941176E-02	
  .0001978	-.8235294	-2.941176E-02	
  .000198	-.8235294	 9.803922E-03	
  .0001982	-.7450981	-9.803922E-03	
  .0001984	-.8235294	 9.803922E-03	
  .0001986	-.7450981	 9.803922E-03	
  .0001988	-.8235294	 9.803922E-03	
  .000199	-.7450981	 9.803922E-03	
  .0001992	-.7450981	 2.941176E-02	
  .0001994	-.7450981	 9.803922E-03	
  .0001996	-.7450981	 9.803922E-03	
  .0001998	-.7450981	 2.941176E-02	
  .0002	-.6666667	 9.803922E-03	
  .0002002	-.509804	 4.901961E-02	
  .0002004	-.6666667	 4.901961E-02	
  .0002006	-.5882353	 4.901961E-02	
  .0002008	-.6666667	 4.901961E-02	
  .000201	-.7450981	 4.901961E-02	
  .0002012	-.509804	 6.862745E-02	
  .0002014	-.5882353	 4.901961E-02	
  .0002016	-.5882353	 .0882353	
  .0002018	-.509804	 6.862745E-02	
  .000202	-.509804	 6.862745E-02	
  .0002022	-.509804	 4.901961E-02	
  .0002024	-.509804	 .1078431	
  .0002026	-.5882353	 .0882353	
  .0002028	-.4313726	 .0882353	
  .000203	-.4313726	 .1078431	
  .0002032	-.4313726	 .127451	
  .0002034	-.4313726	 .127451	
  .0002036	-.509804	 .127451	
  .0002038	-.3529412	 .1078431	
  .000204	-.3529412	 .0882353	
  .0002042	-.3529412	 .0882353	
  .0002044	-.3529412	 .1078431	
  .0002046	-.2745098	 .1078431	
  .0002048	-.2745098	 .1470588	
  .000205	-.2745098	 .127451	
  .0002052	-.1960784	 .127451	
  .0002054	-.2745098	 .1666667	
  .0002056	-.1960784	 .127451	
  .0002058	-.1960784	 .1666667	
  .000206	-.1960784	 .1470588	
  .0002062	-.1960784	 .1666667	
  .0002064	-.1960784	 .1666667	
  .0002066	-.1176471	 .1862745	
  .0002068	-3.921569E-02	 .1666667	
  .000207	-.1960784	 .1666667	
  .0002072	-.1176471	 .2058824	
  .0002074	-.1176471	 .1666667	
  .0002076	-.1176471	 .1666667	
  .0002078	-3.921569E-02	 .1862745	
  .000208	 3.921569E-02	 .1666667	
  .0002082	 3.921569E-02	 .1862745	
  .0002084	 3.921569E-02	 .1862745	
  .0002086	-3.921569E-02	 .2058824	
  .0002088	 3.921569E-02	 .1862745	
  .000209	 3.921569E-02	 .2058824	
  .0002092	 3.921569E-02	 .2058824	
  .0002094	 .1960784	 .1862745	
  .0002096	 .1176471	 .2254902	
  .0002098	 3.921569E-02	 .2254902	
  .00021	 .1176471	 .2254902	
  .0002102	 3.921569E-02	 .245098	
  .0002104	 .1176471	 .2058824	
  .0002106	 .1176471	 .2254902	
  .0002108	 .1176471	 .245098	
  .000211	 .1960784	 .2254902	
  .0002112	 .1960784	 .245098	
  .0002114	 .1960784	 .245098	
  .0002116	 .1176471	 .2254902	
  .0002118	 .2745098	 .245098	
  .000212	 .1960784	 .3039216	
  .0002122	 .2745098	 .2647059	
  .0002124	 .2745098	 .2647059	
  .0002126	 .2745098	 .245098	
  .0002128	 .2745098	 .3039216	
  .000213	 .3529412	 .2843137	
  .0002132	 .4313726	 .2843137	
  .0002134	 .4313726	 .3039216	
  .0002136	 .2745098	 .3039216	
  .0002138	 .3529412	 .2843137	
  .000214	 .3529412	 .2843137	
  .0002142	 .4313726	 .3039216	
  .0002144	 .4313726	 .2843137	
  .0002146	 .4313726	 .2843137	
  .0002148	 .4313726	 .3039216	
  .000215	 .509804	 .3039216	
  .0002152	 .4313726	 .2843137	
  .0002154	 .509804	 .2843137	
  .0002156	 .509804	 .2843137	
  .0002158	 .509804	 .2843137	
  .000216	 .509804	 .3039216	
  .0002162	 .5882353	 .3431373	
  .0002164	 .509804	 .3039216	
  .0002166	 .6666667	 .3235294	
  .0002168	 .5882353	 .3235294	
  .000217	 .509804	 .3235294	
  .0002172	 .5882353	 .3039216	
  .0002174	 .6666667	 .3039216	
  .0002176	 .6666667	 .3039216	
  .0002178	 .6666667	 .3431373	
  .000218	 .8235294	 .3235294	
  .0002182	 .6666667	 .3431373	
  .0002184	 .7450981	 .3235294	
  .0002186	 .7450981	 .3235294	
  .0002188	 .7450981	 .3235294	
  .000219	 .7450981	 .3235294	
  .0002192	 .7450981	 .3235294	
  .0002194	 .7450981	 .3235294	
  .0002196	 .7450981	 .3431373	
  .0002198	 .8235294	 .3235294	
  .00022	 .8235294	 .3627451	
  .0002202	 .7450981	 .3431373	
  .0002204	 .8235294	 .3235294	
  .0002206	 .8235294	 .3431373	
  .0002208	 .7450981	 .3431373	
  .000221	 .8235294	 .3431373	
  .0002212	 .8235294	 .3235294	
  .0002214	 .7450981	 .3627451	
  .0002216	 .8235294	 .3235294	
  .0002218	 .9019608	 .3431373	
  .000222	 .9019608	 .3235294	
  .0002222	 .9019608	 .3431373	
  .0002224	 .9019608	 .3235294	
  .0002226	 .9803922	 .3431373	
  .0002228	 .9019608	 .3627451	
  .000223	 .9019608	 .3431373	
  .0002232	 .9803922	 .3627451	
  .0002234	 .9019608	 .3627451	
  .0002236	 .9803922	 .3627451	
  .0002238	 .9803922	 .3235294	
  .000224	 .9019608	 .3235294	
  .0002242	 .9803922	 .3431373	
  .0002244	 .9803922	 .3431373	
  .0002246	 .9803922	 .3627451	
  .0002248	 .9803922	 .3235294	
  .000225	 1.058824	 .3627451	
  .0002252	 1.058824	 .3627451	
  .0002254	 1.137255	 .3627451	
  .0002256	 1.058824	 .3823529	
  .0002258	 .9803922	 .3431373	
  .000226	 1.058824	 .3431373	
  .0002262	 1.137255	 .3627451	
  .0002264	 1.137255	 .3627451	
  .0002266	 1.215686	 .3431373	
  .0002268	 1.137255	 .3431373	
  .000227	 1.137255	 .3627451	
  .0002272	 1.058824	 .3627451	
  .0002274	 1.215686	 .3431373	
  .0002276	 1.137255	 .3627451	
  .0002278	 1.137255	 .3431373	
  .000228	 1.215686	 .3627451	
  .0002282	 1.137255	 .3627451	
  .0002284	 1.137255	 .3627451	
  .0002286	 1.215686	 .3627451	
  .0002288	 1.215686	 .3431373	
  .000229	 1.215686	 .3431373	
  .0002292	 1.294118	 .3431373	
  .0002294	 1.215686	 .3431373	
  .0002296	 1.215686	 .3431373	
  .0002298	 1.137255	 .3431373	
  .00023	 1.137255	 .3627451	
  .0002302	 1.294118	 .3431373	
  .0002304	 1.137255	 .3431373	
  .0002306	 1.137255	 .3431373	
  .0002308	 1.137255	 .3039216	
  .000231	 1.058824	 .3235294	
  .0002312	 1.215686	 .3235294	
  .0002314	 1.215686	 .3235294	
  .0002316	 1.215686	 .3431373	
  .0002318	 1.215686	 .3627451	
  .000232	 1.215686	 .3431373	
  .0002322	 1.137255	 .3627451	
  .0002324	 1.215686	 .3235294	
  .0002326	 1.372549	 .3431373	
  .0002328	 1.215686	 .3235294	
  .000233	 1.372549	 .3431373	
  .0002332	 1.45098	 .3431373	
  .0002334	 1.372549	 .3431373	
  .0002336	 1.294118	 .3235294	
  .0002338	 1.215686	 .3039216	
  .000234	 1.137255	 .3039216	
  .0002342	 1.372549	 .3235294	
  .0002344	 1.372549	 .3235294	
  .0002346	 1.215686	 .3235294	
  .0002348	 1.372549	 .3235294	
  .000235	 1.294118	 .3235294	
  .0002352	 1.215686	 .3039216	
  .0002354	 1.294118	 .3039216	
  .0002356	 1.137255	 .2647059	
  .0002358	 1.215686	 .3039216	
  .000236	 1.294118	 .3235294	
  .0002362	 1.215686	 .2843137	
  .0002364	 1.372549	 .3431373	
  .0002366	 1.294118	 .3039216	
  .0002368	 1.294118	 .3039216	
  .000237	 1.215686	 .2647059	
  .0002372	 1.137255	 .2843137	
  .0002374	 1.372549	 .2647059	
  .0002376	 1.294118	 .2843137	
  .0002378	 1.372549	 .2843137	
  .000238	 1.294118	 .3039216	
  .0002382	 1.294118	 .3039216	
  .0002384	 1.294118	 .2843137	
  .0002386	 1.294118	 .245098	
  .0002388	 1.215686	 .2647059	
  .000239	 1.294118	 .245098	
  .0002392	 1.215686	 .2647059	
  .0002394	 1.215686	 .2647059	
  .0002396	 1.294118	 .245098	
  .0002398	 1.294118	 .2647059	
  .00024	 1.215686	 .2647059	
  .0002402	 1.215686	 .245098	
  .0002404	 1.215686	 .2254902	
  .0002406	 1.137255	 .2254902	
  .0002408	 1.215686	 .2058824	
  .000241	 1.294118	 .2254902	
  .0002412	 1.215686	 .2254902	
  .0002414	 1.294118	 .2254902	
  .0002416	 1.215686	 .2254902	
  .0002418	 1.215686	 .2058824	
  .000242	 1.137255	 .2254902	
  .0002422	 1.215686	 .2254902	
  .0002424	 1.215686	 .245098	
  .0002426	 1.215686	 .1862745	
  .0002428	 1.215686	 .245098	
  .000243	 1.215686	 .245098	
  .0002432	 1.137255	 .245098	
  .0002434	 1.137255	 .2058824	
  .0002436	 1.215686	 .1862745	
  .0002438	 1.215686	 .2058824	
  .000244	 1.215686	 .1862745	
  .0002442	 1.137255	 .1862745	
  .0002444	 1.137255	 .2058824	
  .0002446	 1.137255	 .2058824	
  .0002448	 1.215686	 .2058824	
  .000245	 1.215686	 .1862745	
  .0002452	 1.137255	 .2058824	
  .0002454	 1.215686	 .1862745	
  .0002456	 1.058824	 .1862745	
  .0002458	 1.137255	 .2058824	
  .000246	 1.137255	 .1862745	
  .0002462	 1.137255	 .1666667	
  .0002464	 1.215686	 .1862745	
  .0002466	 1.215686	 .1666667	
  .0002468	 1.215686	 .1862745	
  .000247	 1.137255	 .1666667	
  .0002472	 1.137255	 .127451	
  .0002474	 1.215686	 .1666667	
  .0002476	 1.215686	 .1470588	
  .0002478	 1.137255	 .1470588	
  .000248	 1.058824	 .1666667	
  .0002482	 1.137255	 .1470588	
  .0002484	 1.137255	 .1470588	
  .0002486	 1.058824	 .127451	
  .0002488	 .9803922	 .127451	
  .000249	 1.137255	 .1078431	
  .0002492	 1.058824	 .127451	
  .0002494	 1.058824	 .127451	
  .0002496	 .9803922	 .127451	
  .0002498	 .9803922	 .127451	
  .00025	 1.058824	 .1078431	
  .0002502	 .9803922	 .1078431	
  .0002504	 .9803922	 .1078431	
  .0002506	 .9803922	 .0882353	
  .0002508	 .8235294	 6.862745E-02	
  .000251	 .9019608	 .0882353	
  .0002512	 1.058824	 .0882353	
  .0002514	 .9803922	 .0882353	
  .0002516	 .9019608	 .0882353	
  .0002518	 .9803922	 6.862745E-02	
  .000252	 .9803922	 .1078431	
  .0002522	 .9019608	 6.862745E-02	
  .0002524	 1.058824	 6.862745E-02	
  .0002526	 .9803922	 .0882353	
  .0002528	 .9019608	 6.862745E-02	
  .000253	 .9803922	 .1078431	
  .0002532	 .9019608	 .0882353	
  .0002534	 .7450981	 6.862745E-02	
  .0002536	 .8235294	 6.862745E-02	
  .0002538	 .8235294	 2.941176E-02	
  .000254	 .8235294	 4.901961E-02	
  .0002542	 .9019608	 2.941176E-02	
  .0002544	 .8235294	 4.901961E-02	
  .0002546	 .8235294	 .0882353	
  .0002548	 .8235294	 2.941176E-02	
  .000255	 .8235294	 9.803922E-03	
  .0002552	 .7450981	 9.803922E-03	
  .0002554	 .7450981	 9.803922E-03	
  .0002556	 .7450981	 9.803922E-03	
  .0002558	 .7450981	 4.901961E-02	
  .000256	 .7450981	 9.803922E-03	
  .0002562	 .8235294	 2.941176E-02	
  .0002564	 .7450981	 2.941176E-02	
  .0002566	 .7450981	 9.803922E-03	
  .0002568	 .7450981	-9.803922E-03	
  .000257	 .7450981	-9.803922E-03	
  .0002572	 .8235294	-9.803922E-03	
  .0002574	 .7450981	 2.941176E-02	
  .0002576	 .7450981	 9.803922E-03	
  .0002578	 .6666667	 2.941176E-02	
  .000258	 .5882353	 9.803922E-03	
  .0002582	 .5882353	-9.803922E-03	
  .0002584	 .5882353	-4.901961E-02	
  .0002586	 .5882353	-9.803922E-03	
  .0002588	 .6666667	-2.941176E-02	
  .000259	 .5882353	-2.941176E-02	
  .0002592	 .5882353	-2.941176E-02	
  .0002594	 .509804	-2.941176E-02	
  .0002596	 .5882353	-2.941176E-02	
  .0002598	 .509804	-9.803922E-03	
  .00026	 .5882353	-2.941176E-02	
  .0002602	 .4313726	-2.941176E-02	
  .0002604	 .4313726	-4.901961E-02	
  .0002606	 .509804	-4.901961E-02	
  .0002608	 .5882353	-4.901961E-02	
  .000261	 .4313726	-4.901961E-02	
  .0002612	 .509804	-4.901961E-02	
  .0002614	 .4313726	-2.941176E-02	
  .0002616	 .509804	-4.901961E-02	
  .0002618	 .4313726	-4.901961E-02	
  .000262	 .3529412	-4.901961E-02	
  .0002622	 .509804	-6.862745E-02	
  .0002624	 .4313726	-.0882353	
  .0002626	 .3529412	-6.862745E-02	
  .0002628	 .509804	-4.901961E-02	
  .000263	 .3529412	-.0882353	
  .0002632	 .2745098	-6.862745E-02	
  .0002634	 .3529412	-.0882353	
  .0002636	 .1960784	-.0882353	
  .0002638	 .3529412	-.1078431	
  .000264	 .2745098	-.0882353	
  .0002642	 .2745098	-.0882353	
  .0002644	 .2745098	-.0882353	
  .0002646	 .2745098	-.0882353	
  .0002648	 .2745098	-.1078431	
  .000265	 .2745098	-.127451	
  .0002652	 .1960784	-.0882353	
  .0002654	 .1960784	-.127451	
  .0002656	 .1960784	-.1078431	
  .0002658	 .1960784	-.127451	
  .000266	 .2745098	-.0882353	
  .0002662	 .2745098	-.127451	
  .0002664	 .1960784	-.1078431	
  .0002666	 .1960784	-.127451	
  .0002668	 .1176471	-.127451	
  .000267	 .1176471	-.1470588	
  .0002672	 .1960784	-.127451	
  .0002674	 .1176471	-.127451	
  .0002676	 .1960784	-.1470588	
  .0002678	 3.921569E-02	-.127451	
  .000268	 3.921569E-02	-.1470588	
  .0002682	 .1176471	-.1470588	
  .0002684	 3.921569E-02	-.1666667	
  .0002686	 3.921569E-02	-.1470588	
  .0002688	 .1176471	-.1470588	
  .000269	 .1176471	-.1666667	
  .0002692	 3.921569E-02	-.1666667	
  .0002694	-3.921569E-02	-.1666667	
  .0002696	-3.921569E-02	-.1470588	
  .0002698	 .1176471	-.1470588	
  .00027	-3.921569E-02	-.1666667	
  .0002702	-.1176471	-.1470588	
  .0002704	 3.921569E-02	-.1666667	
  .0002706	-.1176471	-.1862745	
  .0002708	-3.921569E-02	-.1666667	
  .000271	-.1176471	-.1666667	
  .0002712	-3.921569E-02	-.1666667	
  .0002714	-3.921569E-02	-.1666667	
  .0002716	-3.921569E-02	-.1862745	
  .0002718	-.1176471	-.1666667	
  .000272	-.1960784	-.1862745	
  .0002722	-.1176471	-.1862745	
  .0002724	-.1176471	-.1470588	
  .0002726	-.1176471	-.1666667	
  .0002728	-.1960784	-.1470588	
  .000273	-.1176471	-.1470588	
  .0002732	-.1176471	-.2058824	
  .0002734	-.2745098	-.1862745	
  .0002736	-.1960784	-.2058824	
  .0002738	-.1960784	-.2058824	
  .000274	-.1176471	-.1862745	
  .0002742	-.1176471	-.1862745	
  .0002744	-.2745098	-.2058824	
  .0002746	-.2745098	-.1862745	
  .0002748	-.2745098	-.2254902	
  .000275	-.1176471	-.1862745	
  .0002752	-.3529412	-.2058824	
  .0002754	-.2745098	-.2254902	
  .0002756	-.2745098	-.1862745	
  .0002758	-.2745098	-.2058824	
  .000276	-.1960784	-.2058824	
  .0002762	-.3529412	-.2058824	
  .0002764	-.4313726	-.2058824	
  .0002766	-.3529412	-.2058824	
  .0002768	-.3529412	-.2058824	
  .000277	-.2745098	-.2058824	
  .0002772	-.2745098	-.2058824	
  .0002774	-.3529412	-.2058824	
  .0002776	-.4313726	-.1862745	
  .0002778	-.3529412	-.2058824	
  .000278	-.509804	-.2058824	
  .0002782	-.4313726	-.2254902	
  .0002784	-.4313726	-.2254902	
  .0002786	-.3529412	-.2058824	
  .0002788	-.4313726	-.2058824	
  .000279	-.4313726	-.2254902	
  .0002792	-.4313726	-.2254902	
  .0002794	-.2745098	-.2254902	
  .0002796	-.4313726	-.2058824	
  .0002798	-.4313726	-.2058824	
  .00028	-.4313726	-.2058824	
  .0002802	-.509804	-.2254902	
  .0002804	-.509804	-.245098	
  .0002806	-.4313726	-.2058824	
  .0002808	-.4313726	-.2254902	
  .000281	-.509804	-.2254902	
  .0002812	-.4313726	-.2254902	
  .0002814	-.509804	-.245098	
  .0002816	-.5882353	-.2058824	
  .0002818	-.509804	-.2058824	
  .000282	-.4313726	-.2058824	
  .0002822	-.509804	-.2058824	
  .0002824	-.509804	-.2058824	
  .0002826	-.4313726	-.1862745	
  .0002828	-.5882353	-.2254902	
  .000283	-.5882353	-.245098	
  .0002832	-.509804	-.245098	
  .0002834	-.509804	-.2254902	
  .0002836	-.4313726	-.245098	
  .0002838	-.509804	-.2254902	
  .000284	-.5882353	-.2058824	
  .0002842	-.5882353	-.2254902	
  .0002844	-.5882353	-.2058824	
  .0002846	-.5882353	-.2058824	
  .0002848	-.5882353	-.245098	
  .000285	-.5882353	-.2254902	
  .0002852	-.5882353	-.2254902	
  .0002854	-.5882353	-.2058824	
  .0002856	-.5882353	-.2254902	
  .0002858	-.5882353	-.2058824	
  .000286	-.5882353	-.2058824	
  .0002862	-.6666667	-.2254902	
  .0002864	-.5882353	-.2058824	
  .0002866	-.6666667	-.2254902	
  .0002868	-.5882353	-.2254902	
  .000287	-.6666667	-.2254902	
  .0002872	-.6666667	-.2254902	
  .0002874	-.6666667	-.2058824	
  .0002876	-.6666667	-.2058824	
  .0002878	-.5882353	-.2254902	
  .000288	-.5882353	-.2058824	
  .0002882	-.6666667	-.2058824	
  .0002884	-.6666667	-.2254902	
  .0002886	-.5882353	-.245098	
  .0002888	-.6666667	-.2254902	
  .000289	-.6666667	-.2058824	
  .0002892	-.7450981	-.2058824	
  .0002894	-.6666667	-.1862745	
  .0002896	-.6666667	-.2254902	
  .0002898	-.7450981	-.2254902	
  .00029	-.7450981	-.1862745	
  .0002902	-.6666667	-.2254902	
  .0002904	-.7450981	-.2254902	
  .0002906	-.6666667	-.1862745	
  .0002908	-.6666667	-.2058824	
  .000291	-.7450981	-.1862745	
  .0002912	-.6666667	-.1862745	
  .0002914	-.6666667	-.2058824	
  .0002916	-.6666667	-.2058824	
  .0002918	-.6666667	-.1862745	
  .000292	-.7450981	-.1862745	
  .0002922	-.7450981	-.2058824	
  .0002924	-.6666667	-.1862745	
  .0002926	-.6666667	-.1666667	
  .0002928	-.8235294	-.1666667	
  .000293	-.6666667	-.1862745	
  .0002932	-.8235294	-.1862745	
  .0002934	-.7450981	-.1862745	
  .0002936	-.6666667	-.1862745	
  .0002938	-.6666667	-.1666667	
  .000294	-.7450981	-.1862745	
  .0002942	-.6666667	-.1862745	
  .0002944	-.8235294	-.1862745	
  .0002946	-.7450981	-.2058824	
  .0002948	-.8235294	-.1862745	
  .000295	-.7450981	-.1862745	
  .0002952	-.7450981	-.1666667	
  .0002954	-.7450981	-.1470588	
  .0002956	-.7450981	-.1666667	
  .0002958	-.5882353	-.1470588	
  .000296	-.6666667	-.1666667	
  .0002962	-.7450981	-.1666667	
  .0002964	-.7450981	-.1862745	
  .0002966	-.8235294	-.1666667	
  .0002968	-.6666667	-.1666667	
  .000297	-.7450981	-.1470588	
  .0002972	-.5882353	-.1470588	
  .0002974	-.7450981	-.1470588	
  .0002976	-.7450981	-.1666667	
  .0002978	-.7450981	-.1666667	
  .000298	-.6666667	-.1666667	
  .0002982	-.7450981	-.1666667	
  .0002984	-.5882353	-.1666667	
  .0002986	-.7450981	-.1470588	
  .0002988	-.7450981	-.127451	
  .000299	-.7450981	-.1666667	
  .0002992	-.5882353	-.127451	
  .0002994	-.6666667	-.127451	
  .0002996	-.6666667	-.127451	
  .0002998	-.6666667	-.127451	
  .0003	-.7450981	-.127451	
  .0003002	-.6666667	-.1470588	
  .0003004	-.6666667	-.1470588	
  .0003006	-.5882353	-.127451	
  .0003008	-.6666667	-.127451	
  .000301	-.6666667	-.1078431	
  .0003012	-.6666667	-.1470588	
  .0003014	-.7450981	-.1078431	
  .0003016	-.6666667	-.127451	
  .0003018	-.5882353	-.1078431	
  .000302	-.5882353	-.1078431	
  .0003022	-.7450981	-.127451	
  .0003024	-.5882353	-.0882353	
  .0003026	-.6666667	-.1078431	
  .0003028	-.7450981	-.127451	
  .000303	-.6666667	-.127451	
  .0003032	-.5882353	-.1078431	
  .0003034	-.5882353	-.1078431	
  .0003036	-.5882353	-.1078431	
  .0003038	-.6666667	-.0882353	
  .000304	-.5882353	-.1078431	
  .0003042	-.5882353	-.1078431	
  .0003044	-.5882353	-.1078431	
  .0003046	-.5882353	-.1078431	
  .0003048	-.6666667	-.0882353	
  .000305	-.6666667	-.1078431	
  .0003052	-.5882353	-.0882353	
  .0003054	-.5882353	-.1078431	
  .0003056	-.6666667	-6.862745E-02	
  .0003058	-.509804	-6.862745E-02	
  .000306	-.5882353	-.0882353	
  .0003062	-.509804	-6.862745E-02	
  .0003064	-.6666667	-6.862745E-02	
  .0003066	-.5882353	-6.862745E-02	
  .0003068	-.509804	-6.862745E-02	
  .000307	-.5882353	-4.901961E-02	
  .0003072	-.509804	-6.862745E-02	
  .0003074	-.509804	-6.862745E-02	
  .0003076	-.509804	-6.862745E-02	
  .0003078	-.509804	-.0882353	
  .000308	-.4313726	-6.862745E-02	
  .0003082	-.5882353	-6.862745E-02	
  .0003084	-.3529412	-.0882353	
  .0003086	-.509804	-4.901961E-02	
  .0003088	-.4313726	-4.901961E-02	
  .000309	-.509804	-2.941176E-02	
  .0003092	-.509804	-2.941176E-02	
  .0003094	-.4313726	-2.941176E-02	
  .0003096	-.509804	-2.941176E-02	
  .0003098	-.509804	-6.862745E-02	
  .00031	-.509804	-4.901961E-02	
  .0003102	-.4313726	-4.901961E-02	
  .0003104	-.4313726	-2.941176E-02	
  .0003106	-.4313726	-2.941176E-02	
  .0003108	-.3529412	-2.941176E-02	
  .000311	-.509804	-9.803922E-03	
  .0003112	-.4313726	-2.941176E-02	
  .0003114	-.4313726	-9.803922E-03	
  .0003116	-.4313726	-2.941176E-02	
  .0003118	-.2745098	 9.803922E-03	
  .000312	-.4313726	-9.803922E-03	
  .0003122	-.2745098	-2.941176E-02	
  .0003124	-.3529412	 2.941176E-02	
  .0003126	-.4313726	 9.803922E-03	
  .0003128	-.3529412	-9.803922E-03	
  .000313	-.4313726	-9.803922E-03	
  .0003132	-.3529412	-9.803922E-03	
  .0003134	-.2745098	 9.803922E-03	
  .0003136	-.3529412	-9.803922E-03	
  .0003138	-.2745098	 9.803922E-03	
  .000314	-.2745098	 9.803922E-03	
  .0003142	-.3529412	 9.803922E-03	
  .0003144	-.3529412	 9.803922E-03	
  .0003146	-.2745098	-9.803922E-03	
  .0003148	-.3529412	 9.803922E-03	
  .000315	-.2745098	 2.941176E-02	
  .0003152	-.2745098	 2.941176E-02	
  .0003154	-.2745098	 2.941176E-02	
  .0003156	-.1960784	 4.901961E-02	
  .0003158	-.1176471	 2.941176E-02	
  .000316	-.2745098	 9.803922E-03	
  .0003162	-.2745098	 9.803922E-03	
  .0003164	-.2745098	 9.803922E-03	
  .0003166	-.1960784	 2.941176E-02	
  .0003168	-.1960784	 4.901961E-02	
  .000317	-.1960784	 2.941176E-02	
  .0003172	-.1176471	 6.862745E-02	
  .0003174	-.1960784	 4.901961E-02	
  .0003176	-.1960784	 4.901961E-02	
  .0003178	-.1960784	 2.941176E-02	
  .000318	-.1960784	 4.901961E-02	
  .0003182	-.1960784	 2.941176E-02	
  .0003184	-.1960784	 4.901961E-02	
  .0003186	-.1960784	 4.901961E-02	
  .0003188	-.1960784	 2.941176E-02	
  .000319	-.1176471	 6.862745E-02	
  .0003192	-.1960784	 6.862745E-02	
  .0003194	-3.921569E-02	 4.901961E-02	
  .0003196	-.1960784	 4.901961E-02	
  .0003198	-.1960784	 6.862745E-02	
  .00032	-.1176471	 4.901961E-02	
  .0003202	-.1176471	 4.901961E-02	
  .0003204	-.1176471	 6.862745E-02	
  .0003206	-.1176471	 .0882353	
  .0003208	-3.921569E-02	 6.862745E-02	
  .000321	-.1176471	 6.862745E-02	
  .0003212	-.1176471	 .0882353	
  .0003214	-.1176471	 4.901961E-02	
  .0003216	 3.921569E-02	 6.862745E-02	
  .0003218	-3.921569E-02	 .0882353	
  .000322	-3.921569E-02	 .0882353	
  .0003222	 3.921569E-02	 .127451	
  .0003224	-.1176471	 .1078431	
  .0003226	-.1176471	 6.862745E-02	
  .0003228	-3.921569E-02	 6.862745E-02	
  .000323	-3.921569E-02	 6.862745E-02	
  .0003232	 3.921569E-02	 6.862745E-02	
  .0003234	 .1176471	 6.862745E-02	
  .0003236	 3.921569E-02	 .1078431	
  .0003238	-3.921569E-02	 .0882353	
  .000324	 .1176471	 .0882353	
  .0003242	 .1176471	 .0882353	
  .0003244	 .1176471	 .0882353	
  .0003246	 3.921569E-02	 .1078431	
  .0003248	-.1176471	 .0882353	
  .000325	 3.921569E-02	 .1078431	
  .0003252	 3.921569E-02	 .1078431	
  .0003254	 .1176471	 .127451	
  .0003256	 .1960784	 .0882353	
  .0003258	 .1176471	 .1078431	
  .000326	 .1176471	 .127451	
  .0003262	 3.921569E-02	 .127451	
  .0003264	 .1176471	 .0882353	
  .0003266	 .1176471	 .127451	
  .0003268	 .1176471	 .127451	
  .000327	 .1960784	 .1666667	
  .0003272	 .1176471	 .1470588	
  .0003274	 .1176471	 .1470588	
  .0003276	 .1176471	 .1470588	
  .0003278	 .1960784	 .1470588	
  .000328	 .1176471	 .127451	
  .0003282	 .2745098	 .1078431	
  .0003284	 .2745098	 .127451	
  .0003286	 .1176471	 .1470588	
  .0003288	 .1960784	 .127451	
  .000329	 .1960784	 .1470588	
  .0003292	 .2745098	 .1470588	
  .0003294	 .1960784	 .1470588	
  .0003296	 .1176471	 .1470588	
  .0003298	 .2745098	 .127451	
  .00033	 .1960784	 .127451	
  .0003302	 .2745098	 .1078431	
  .0003304	 .1960784	 .127451	
  .0003306	 .2745098	 .1666667	
  .0003308	 .2745098	 .1666667	
  .000331	 .3529412	 .1470588	
  .0003312	 .2745098	 .1666667	
  .0003314	 .2745098	 .127451	
  .0003316	 .3529412	 .1666667	
  .0003318	 .3529412	 .1666667	
  .000332	 .4313726	 .1470588	
  .0003322	 .4313726	 .1862745	
  .0003324	 .2745098	 .1666667	
  .0003326	 .2745098	 .1470588	
  .0003328	 .2745098	 .127451	
  .000333	 .2745098	 .1470588	
  .0003332	 .4313726	 .1666667	
  .0003334	 .3529412	 .1666667	
  .0003336	 .3529412	 .1666667	
  .0003338	 .4313726	 .1666667	
  .000334	 .3529412	 .1862745	
  .0003342	 .4313726	 .1470588	
  .0003344	 .4313726	 .1666667	
  .0003346	 .3529412	 .127451	
  .0003348	 .4313726	 .1666667	
  .000335	 .4313726	 .1862745	
  .0003352	 .3529412	 .1666667	
  .0003354	 .509804	 .1666667	
  .0003356	 .4313726	 .1862745	
  .0003358	 .4313726	 .1666667	
  .000336	 .4313726	 .1666667	
  .0003362	 .4313726	 .1666667	
  .0003364	 .509804	 .1470588	
  .0003366	 .509804	 .1666667	
  .0003368	 .509804	 .1666667	
  .000337	 .509804	 .1862745	
  .0003372	 .509804	 .1862745	
  .0003374	 .4313726	 .1862745	
  .0003376	 .4313726	 .1666667	
  .0003378	 .509804	 .1666667	
  .000338	 .509804	 .1470588	
  .0003382	 .4313726	 .1666667	
  .0003384	 .509804	 .1862745	
  .0003386	 .4313726	 .1666667	
  .0003388	 .5882353	 .2058824	
  .000339	 .4313726	 .1862745	
  .0003392	 .5882353	 .1862745	
  .0003394	 .509804	 .1470588	
  .0003396	 .509804	 .1666667	
  .0003398	 .5882353	 .1470588	
  .00034	 .509804	 .1862745	
  .0003402	 .5882353	 .1862745	
  .0003404	 .509804	 .1666667	
  .0003406	 .6666667	 .1666667	
  .0003408	 .5882353	 .1862745	
  .000341	 .509804	 .1862745	
  .0003412	 .4313726	 .1666667	
  .0003414	 .5882353	 .1862745	
  .0003416	 .509804	 .1862745	
  .0003418	 .5882353	 .1862745	
  .000342	 .5882353	 .2058824	
  .0003422	 .509804	 .2058824	
  .0003424	 .509804	 .1666667	
  .0003426	 .509804	 .1666667	
  .0003428	 .509804	 .1666667	
  .000343	 .6666667	 .1666667	
  .0003432	 .5882353	 .1862745	
  .0003434	 .509804	 .1862745	
  .0003436	 .5882353	 .1862745	
  .0003438	 .5882353	 .1666667	
  .000344	 .6666667	 .1666667	
  .0003442	 .5882353	 .1666667	
  .0003444	 .5882353	 .1862745	
  .0003446	 .5882353	 .1666667	
  .0003448	 .5882353	 .1862745	
  .000345	 .5882353	 .1666667	
  .0003452	 .6666667	 .2058824	
  .0003454	 .6666667	 .1666667	
  .0003456	 .6666667	 .1666667	
  .0003458	 .7450981	 .2058824	
  .000346	 .5882353	 .1862745	
  .0003462	 .5882353	 .127451	
  .0003464	 .6666667	 .1666667	
  .0003466	 .6666667	 .1666667	
  .0003468	 .7450981	 .1862745	
  .000347	 .5882353	 .1862745	
  .0003472	 .5882353	 .1666667	
  .0003474	 .6666667	 .1666667	
  .0003476	 .6666667	 .1666667	
  .0003478	 .5882353	 .1470588	
  .000348	 .7450981	 .1470588	
  .0003482	 .5882353	 .1666667	
  .0003484	 .6666667	 .1666667	
  .0003486	 .6666667	 .1666667	
  .0003488	 .6666667	 .1862745	
  .000349	 .7450981	 .1470588	
  .0003492	 .6666667	 .1666667	
  .0003494	 .5882353	 .1666667	
  .0003496	 .6666667	 .127451	
  .0003498	 .6666667	 .1470588	
  .00035	 .5882353	 .1470588	
  .0003502	 .6666667	 .1470588	
  .0003504	 .6666667	 .1470588	
  .0003506	 .6666667	 .1666667	
  .0003508	 .6666667	 .1470588	
  .000351	 .6666667	 .1666667	
  .0003512	 .7450981	 .127451	
  .0003514	 .6666667	 .1862745	
  .0003516	 .6666667	 .1666667	
  .0003518	 .6666667	 .1666667	
  .000352	 .7450981	 .1862745	
  .0003522	 .6666667	 .1666667	
  .0003524	 .6666667	 .127451	
  .0003526	 .5882353	 .127451	
  .0003528	 .6666667	 .1470588	
  .000353	 .7450981	 .127451	
  .0003532	 .5882353	 .1470588	
  .0003534	 .6666667	 .1470588	
  .0003536	 .5882353	 .1470588	
  .0003538	 .5882353	 .1666667	
  .000354	 .6666667	 .127451	
  .0003542	 .6666667	 .1470588	
  .0003544	 .5882353	 .127451	
  .0003546	 .6666667	 .127451	
  .0003548	 .5882353	 .1666667	
  .000355	 .6666667	 .127451	
  .0003552	 .7450981	 .127451	
  .0003554	 .7450981	 .1666667	
  .0003556	 .6666667	 .1078431	
  .0003558	 .6666667	 .127451	
  .000356	 .6666667	 .127451	
  .0003562	 .7450981	 .127451	
  .0003564	 .7450981	 .1470588	
  .0003566	 .6666667	 .127451	
  .0003568	 .6666667	 .127451	
  .000357	 .7450981	 .127451	
  .0003572	 .6666667	 .1078431	
  .0003574	 .6666667	 .1078431	
  .0003576	 .6666667	 .1078431	
  .0003578	 .6666667	 .1470588	
  .000358	 .6666667	 .127451	
  .0003582	 .6666667	 .1078431	
  .0003584	 .7450981	 .1078431	
  .0003586	 .7450981	 .1470588	
  .0003588	 .5882353	 .127451	
  .000359	 .7450981	 .1078431	
  .0003592	 .5882353	 .1078431	
  .0003594	 .5882353	 .1078431	
  .0003596	 .5882353	 .0882353	
  .0003598	 .5882353	 .1078431	
  .00036	 .6666667	 .1078431	
  .0003602	 .5882353	 .1078431	
  .0003604	 .6666667	 .1078431	
  .0003606	 .6666667	 .0882353	
  .0003608	 .5882353	 .127451	
  .000361	 .5882353	 .0882353	
  .0003612	 .5882353	 .1078431	
  .0003614	 .5882353	 .1078431	
  .0003616	 .5882353	 .0882353	
  .0003618	 .5882353	 .1078431	
  .000362	 .509804	 .1078431	
  .0003622	 .5882353	 6.862745E-02	
  .0003624	 .5882353	 4.901961E-02	
  .0003626	 .509804	 .0882353	
  .0003628	 .5882353	 6.862745E-02	
  .000363	 .5882353	 6.862745E-02	
  .0003632	 .5882353	 .0882353	
  .0003634	 .5882353	 .1078431	
  .0003636	 .509804	 6.862745E-02	
  .0003638	 .5882353	 .0882353	
  .000364	 .5882353	 6.862745E-02	
  .0003642	 .5882353	 .0882353	
  .0003644	 .5882353	 6.862745E-02	
  .0003646	 .509804	 .0882353	
  .0003648	 .5882353	 .0882353	
  .000365	 .509804	 .0882353	
  .0003652	 .5882353	 6.862745E-02	
  .0003654	 .509804	 6.862745E-02	
  .0003656	 .509804	 .0882353	
  .0003658	 .509804	 6.862745E-02	
  .000366	 .509804	 6.862745E-02	
  .0003662	 .509804	 6.862745E-02	
  .0003664	 .4313726	 4.901961E-02	
  .0003666	 .509804	 6.862745E-02	
  .0003668	 .509804	 6.862745E-02	
  .000367	 .509804	 6.862745E-02	
  .0003672	 .5882353	 4.901961E-02	
  .0003674	 .509804	 4.901961E-02	
  .0003676	 .4313726	 6.862745E-02	
  .0003678	 .5882353	 2.941176E-02	
  .000368	 .509804	 2.941176E-02	
  .0003682	 .4313726	 2.941176E-02	
  .0003684	 .509804	 4.901961E-02	
  .0003686	 .4313726	 4.901961E-02	
  .0003688	 .509804	 9.803922E-03	
  .000369	 .4313726	 4.901961E-02	
  .0003692	 .4313726	 2.941176E-02	
  .0003694	 .4313726	 2.941176E-02	
  .0003696	 .4313726	 9.803922E-03	
  .0003698	 .509804	 2.941176E-02	
  .00037	 .4313726	 9.803922E-03	
  .0003702	 .4313726	 9.803922E-03	
  .0003704	 .4313726	 4.901961E-02	
  .0003706	 .4313726	 2.941176E-02	
  .0003708	 .3529412	 4.901961E-02	
  .000371	 .3529412	 9.803922E-03	
  .0003712	 .4313726	 2.941176E-02	
  .0003714	 .4313726	 2.941176E-02	
  .0003716	 .4313726	 9.803922E-03	
  .0003718	 .4313726	 4.901961E-02	
  .000372	 .4313726	 2.941176E-02	
  .0003722	 .3529412	 9.803922E-03	
  .0003724	 .2745098	 9.803922E-03	
  .0003726	 .3529412	 9.803922E-03	
  .0003728	 .3529412	 9.803922E-03	
  .000373	 .3529412	 9.803922E-03	
  .0003732	 .3529412	 2.941176E-02	
  .0003734	 .3529412	 2.941176E-02	
  .0003736	 .2745098	 9.803922E-03	
  .0003738	 .3529412	-9.803922E-03	
  .000374	 .3529412	-9.803922E-03	
  .0003742	 .2745098	-2.941176E-02	
  .0003744	 .2745098	-9.803922E-03	
  .0003746	 .3529412	 9.803922E-03	
  .0003748	 .3529412	 9.803922E-03	
  .000375	 .509804	-9.803922E-03	
  .0003752	 .3529412	 9.803922E-03	
  .0003754	 .2745098	-9.803922E-03	
  .0003756	 .2745098	-9.803922E-03	
  .0003758	 .2745098	-2.941176E-02	
  .000376	 .3529412	-9.803922E-03	
  .0003762	 .3529412	-9.803922E-03	
  .0003764	 .4313726	 9.803922E-03	
  .0003766	 .2745098	 9.803922E-03	
  .0003768	 .3529412	-2.941176E-02	
  .000377	 .2745098	-2.941176E-02	
  .0003772	 .2745098	-4.901961E-02	
  .0003774	 .2745098	-2.941176E-02	
  .0003776	 .2745098	-2.941176E-02	
  .0003778	 .2745098	-2.941176E-02	
  .000378	 .2745098	-2.941176E-02	
  .0003782	 .2745098	-2.941176E-02	
  .0003784	 .3529412	-2.941176E-02	
  .0003786	 .1960784	 9.803922E-03	
  .0003788	 .2745098	-2.941176E-02	
  .000379	 .1960784	-2.941176E-02	
  .0003792	 .1176471	-2.941176E-02	
  .0003794	 .1176471	-2.941176E-02	
  .0003796	 .1960784	-2.941176E-02	
  .0003798	 .1960784	-2.941176E-02	
  .00038	 .2745098	-2.941176E-02	
  .0003802	 .1960784	-2.941176E-02	
  .0003804	 .1960784	-4.901961E-02	
  .0003806	 .1960784	-9.803922E-03	
  .0003808	 3.921569E-02	-4.901961E-02	
  .000381	 .1960784	-9.803922E-03	
  .0003812	 .1960784	-2.941176E-02	
  .0003814	 .1176471	-2.941176E-02	
  .0003816	 .1960784	-2.941176E-02	
  .0003818	 3.921569E-02	-2.941176E-02	
  .000382	 .1176471	-6.862745E-02	
  .0003822	 .1176471	-6.862745E-02	
  .0003824	 3.921569E-02	-4.901961E-02	
  .0003826	 .1176471	-4.901961E-02	
  .0003828	 .1176471	-4.901961E-02	
  .000383	 3.921569E-02	-4.901961E-02	
  .0003832	 3.921569E-02	-2.941176E-02	
  .0003834	 .1960784	-4.901961E-02	
  .0003836	 .1960784	-4.901961E-02	
  .0003838	 .1176471	-6.862745E-02	
  .000384	 3.921569E-02	-6.862745E-02	
  .0003842	 3.921569E-02	-.0882353	
  .0003844	 3.921569E-02	-4.901961E-02	
  .0003846	 3.921569E-02	-6.862745E-02	
  .0003848	 3.921569E-02	-4.901961E-02	
  .000385	 .1960784	-4.901961E-02	
  .0003852	 3.921569E-02	-6.862745E-02	
  .0003854	 .1176471	-2.941176E-02	
  .0003856	-3.921569E-02	-6.862745E-02	
  .0003858	 3.921569E-02	-.0882353	
  .000386	 .1176471	-.0882353	
  .0003862	 3.921569E-02	-.0882353	
  .0003864	 3.921569E-02	-6.862745E-02	
  .0003866	 3.921569E-02	-6.862745E-02	
  .0003868	 3.921569E-02	-6.862745E-02	
  .000387	 .1176471	-.0882353	
  .0003872	-3.921569E-02	-.0882353	
  .0003874	-3.921569E-02	-.0882353	
  .0003876	 3.921569E-02	-.0882353	
  .0003878	 3.921569E-02	-.0882353	
  .000388	 3.921569E-02	-.0882353	
  .0003882	-3.921569E-02	-6.862745E-02	
  .0003884	-3.921569E-02	-.0882353	
  .0003886	-3.921569E-02	-.0882353	
  .0003888	-3.921569E-02	-6.862745E-02	
  .000389	-.1176471	-6.862745E-02	
  .0003892	-3.921569E-02	-.0882353	
  .0003894	-.1176471	-.0882353	
  .0003896	-.1176471	-.0882353	
  .0003898	-3.921569E-02	-.0882353	
  .00039	-3.921569E-02	-.0882353	
  .0003902	-3.921569E-02	-6.862745E-02	
  .0003904	-3.921569E-02	-6.862745E-02	
  .0003906	-3.921569E-02	-6.862745E-02	
  .0003908	-.1176471	-.1078431	
  .000391	 3.921569E-02	-6.862745E-02	
  .0003912	-.1176471	-6.862745E-02	
  .0003914	 3.921569E-02	-.0882353	
  .0003916	-3.921569E-02	-4.901961E-02	
  .0003918	-3.921569E-02	-6.862745E-02	
  .000392	-.1176471	-.0882353	
  .0003922	-.1176471	-.1078431	
  .0003924	-.1960784	-.0882353	
  .0003926	-.1176471	-6.862745E-02	
  .0003928	-.1176471	-.0882353	
  .000393	-.1176471	-.0882353	
  .0003932	-.1176471	-.1078431	
  .0003934	-.1176471	-.0882353	
  .0003936	-3.921569E-02	-.1078431	
  .0003938	-.1960784	-.0882353	
  .000394	-.1960784	-.1078431	
  .0003942	-.1960784	-.1078431	
  .0003944	-.1176471	-.0882353	
  .0003946	-.1960784	-.1078431	
  .0003948	-3.921569E-02	-.0882353	
  .000395	-.1176471	-.0882353	
  .0003952	-.1960784	-.0882353	
  .0003954	-.2745098	-.1078431	
  .0003956	-.1960784	-6.862745E-02	
  .0003958	-.1176471	-.1078431	
  .000396	-.1176471	-.0882353	
  .0003962	-.1176471	-.0882353	
  .0003964	-.2745098	-.0882353	
  .0003966	-.1960784	-.1078431	
  .0003968	-.1960784	-.1078431	
  .000397	-.1960784	-.127451	
  .0003972	-.2745098	-.1078431	
  .0003974	-.1176471	-.127451	
  .0003976	-.1960784	-.1078431	
  .0003978	-.1960784	-.1078431	
  .000398	-.2745098	-.127451	
  .0003982	-.1176471	-6.862745E-02	
  .0003984	-.1960784	-.0882353	
  .0003986	-.1176471	-.1078431	
  .0003988	-.1960784	-.0882353	
  .000399	-.3529412	-.1078431	
  .0003992	-.2745098	-.127451	
  .0003994	-.2745098	-.0882353	
  .0003996	-.1960784	-.0882353	
  .0003998	-.2745098	-.0882353	
  .0004	-.1960784	-.0882353	
  .0004002	-.2745098	-.1078431	
  .0004004	-.1960784	-.1078431	
  .0004006	-.3529412	-.1078431	
  .0004008	-.2745098	-.0882353	
  .000401	-.2745098	-.0882353	
  .0004012	-.3529412	-.1078431	
  .0004014	-.1960784	-.0882353	
  .0004016	-.3529412	-6.862745E-02	
  .0004018	-.2745098	-.0882353	
  .000402	-.2745098	-.1078431	
  .0004022	-.3529412	-.1078431	
  .0004024	-.1960784	-.0882353	
  .0004026	-.2745098	-.0882353	
  .0004028	-.2745098	-.0882353	
  .000403	-.2745098	-.0882353	
  .0004032	-.2745098	-.1078431	
  .0004034	-.2745098	-.0882353	
  .0004036	-.2745098	-.1078431	
  .0004038	-.2745098	-.0882353	
  .000404	-.3529412	-.1078431	
  .0004042	-.2745098	-.1078431	
  .0004044	-.2745098	-.1078431	
  .0004046	-.2745098	-.1078431	
  .0004048	-.1960784	-.0882353	
  .000405	-.2745098	-.0882353	
  .0004052	-.1960784	-.0882353	
  .0004054	-.3529412	-.0882353	
  .0004056	-.2745098	-.1078431	
  .0004058	-.2745098	-.1078431	
  .000406	-.2745098	-.0882353	
  .0004062	-.3529412	-.0882353	
  .0004064	-.2745098	-.1078431	
  .0004066	-.2745098	-.0882353	
  .0004068	-.2745098	-.0882353	
  .000407	-.2745098	-.1078431	
  .0004072	-.3529412	-.1078431	
  .0004074	-.1960784	-.0882353	
  .0004076	-.1960784	-.0882353	
  .0004078	-.3529412	-.1078431	
  .000408	-.3529412	-6.862745E-02	
  .0004082	-.3529412	-.0882353	
  .0004084	-.2745098	-.0882353	
  .0004086	-.3529412	-6.862745E-02	
  .0004088	-.3529412	-.0882353	
  .000409	-.2745098	-.1078431	
  .0004092	-.3529412	-.1078431	
  .0004094	-.2745098	-.1078431	
  .0004096	-.4313726	-.0882353	
  .0004098	-.2745098	-.0882353	
  .00041	-.2745098	-6.862745E-02	
  .0004102	-.2745098	-.0882353	
  .0004104	-.3529412	-.0882353	
  .0004106	-.3529412	-.1078431	
  .0004108	-.1960784	-6.862745E-02	
  .000411	-.2745098	-.0882353	
  .0004112	-.2745098	-.0882353	
  .0004114	-.2745098	-4.901961E-02	
  .0004116	-.3529412	-4.901961E-02	
  .0004118	-.2745098	-6.862745E-02	
  .000412	-.3529412	-6.862745E-02	
  .0004122	-.3529412	-6.862745E-02	
  .0004124	-.1960784	-.0882353	
  .0004126	-.2745098	-6.862745E-02	
  .0004128	-.2745098	-4.901961E-02	
  .000413	-.2745098	-6.862745E-02	
  .0004132	-.2745098	-6.862745E-02	
  .0004134	-.2745098	-.0882353	
  .0004136	-.2745098	-6.862745E-02	
  .0004138	-.2745098	-6.862745E-02	
  .000414	-.2745098	-6.862745E-02	
  .0004142	-.1960784	-6.862745E-02	
  .0004144	-.2745098	-6.862745E-02	
  .0004146	-.1960784	-6.862745E-02	
  .0004148	-.2745098	-4.901961E-02	
  .000415	-.3529412	-6.862745E-02	
  .0004152	-.2745098	-6.862745E-02	
  .0004154	-.3529412	-6.862745E-02	
  .0004156	-.2745098	-6.862745E-02	
  .0004158	-.1960784	-4.901961E-02	
  .000416	-.1176471	-6.862745E-02	
  .0004162	-.2745098	-2.941176E-02	
  .0004164	-.1960784	-4.901961E-02	
  .0004166	-.2745098	-4.901961E-02	
  .0004168	-.3529412	-6.862745E-02	
  .000417	-.1960784	-4.901961E-02	
  .0004172	-.1960784	-2.941176E-02	
  .0004174	-.1960784	-6.862745E-02	
  .0004176	-.2745098	-6.862745E-02	
  .0004178	-.1960784	-4.901961E-02	
  .000418	-.1960784	-2.941176E-02	
  .0004182	-.2745098	-6.862745E-02	
  .0004184	-.2745098	-6.862745E-02	
  .0004186	-.2745098	-2.941176E-02	
  .0004188	-.2745098	-4.901961E-02	
  .000419	-.1960784	-6.862745E-02	
  .0004192	-.2745098	-2.941176E-02	
  .0004194	-.2745098	-2.941176E-02	
  .0004196	-.1960784	-4.901961E-02	
  .0004198	-.2745098	-4.901961E-02	
  .00042	-.2745098	-4.901961E-02	
  .0004202	-.3529412	-2.941176E-02	
  .0004204	-.1960784	-4.901961E-02	
  .0004206	-.1960784	-9.803922E-03	
  .0004208	-.1960784	-2.941176E-02	
  .000421	-.1960784	-2.941176E-02	
  .0004212	-.1176471	-2.941176E-02	
  .0004214	-.3529412	-9.803922E-03	
  .0004216	-.2745098	-4.901961E-02	
  .0004218	-.1960784	-4.901961E-02	
  .000422	-.2745098	-2.941176E-02	
  .0004222	-.1960784	-2.941176E-02	
  .0004224	-.2745098	-2.941176E-02	
  .0004226	-.1960784	-4.901961E-02	
  .0004228	-.1960784	-9.803922E-03	
  .000423	-.1176471	-2.941176E-02	
  .0004232	-.1960784	-9.803922E-03	
  .0004234	-.1176471	-2.941176E-02	
  .0004236	-.1960784	-2.941176E-02	
  .0004238	-.1960784	-2.941176E-02	
  .000424	-.1176471	-2.941176E-02	
  .0004242	-.1960784	-2.941176E-02	
  .0004244	-.1960784	-9.803922E-03	
  .0004246	-.1960784	-2.941176E-02	
  .0004248	-.1960784	-2.941176E-02	
  .000425	-.1176471	 9.803922E-03	
  .0004252	-.1960784	-9.803922E-03	
  .0004254	-.1960784	-2.941176E-02	
  .0004256	-.1960784	-2.941176E-02	
  .0004258	-.1176471	-9.803922E-03	
  .000426	-3.921569E-02	-9.803922E-03	
  .0004262	-.1960784	-9.803922E-03	
  .0004264	-.1960784	 9.803922E-03	
  .0004266	-.1960784	-2.941176E-02	
  .0004268	-.1176471	-2.941176E-02	
  .000427	-.1176471	-9.803922E-03	
  .0004272	-3.921569E-02	-2.941176E-02	
  .0004274	 3.921569E-02	 9.803922E-03	
  .0004276	-.1176471	 9.803922E-03	
  .0004278	-.1960784	-9.803922E-03	
  .000428	-.1960784	 2.941176E-02	
  .0004282	-.1176471	 9.803922E-03	
  .0004284	-.1176471	 9.803922E-03	
  .0004286	-.1176471	 2.941176E-02	
  .0004288	-.1176471	-9.803922E-03	
  .000429	-.1960784	-2.941176E-02	
  .0004292	-.1960784	 9.803922E-03	
  .0004294	-3.921569E-02	-9.803922E-03	
  .0004296	-3.921569E-02	 9.803922E-03	
  .0004298	-.1176471	 2.941176E-02	
  .00043	-3.921569E-02	 9.803922E-03	
  .0004302	-.1176471	 2.941176E-02	
  .0004304	-.1176471	-9.803922E-03	
  .0004306	 3.921569E-02	 2.941176E-02	
  .0004308	-3.921569E-02	 9.803922E-03	
  .000431	-3.921569E-02	 9.803922E-03	
  .0004312	-3.921569E-02	 4.901961E-02	
  .0004314	-3.921569E-02	 4.901961E-02	
  .0004316	-.1176471	-9.803922E-03	
  .0004318	-.1176471	 9.803922E-03	
  .000432	-3.921569E-02	 2.941176E-02	
  .0004322	-3.921569E-02	 2.941176E-02	
  .0004324	-3.921569E-02	 9.803922E-03	
  .0004326	-3.921569E-02	 2.941176E-02	
  .0004328	-3.921569E-02	 9.803922E-03	
  .000433	-3.921569E-02	 9.803922E-03	
  .0004332	-3.921569E-02	 9.803922E-03	
  .0004334	-3.921569E-02	 9.803922E-03	
  .0004336	-3.921569E-02	 9.803922E-03	
  .0004338	-3.921569E-02	 9.803922E-03	
  .000434	 3.921569E-02	 2.941176E-02	
  .0004342	-3.921569E-02	 2.941176E-02	
  .0004344	 .1176471	 4.901961E-02	
  .0004346	 3.921569E-02	 2.941176E-02	
  .0004348	-3.921569E-02	 2.941176E-02	
  .000435	-3.921569E-02	 2.941176E-02	
  .0004352	-3.921569E-02	 2.941176E-02	
  .0004354	 3.921569E-02	 2.941176E-02	
  .0004356	 3.921569E-02	 2.941176E-02	
  .0004358	 3.921569E-02	 4.901961E-02	
  .000436	 3.921569E-02	 4.901961E-02	
  .0004362	 3.921569E-02	 4.901961E-02	
  .0004364	-.1176471	 4.901961E-02	
  .0004366	 3.921569E-02	 9.803922E-03	
  .0004368	 3.921569E-02	 4.901961E-02	
  .000437	 3.921569E-02	 4.901961E-02	
  .0004372	 .1176471	 6.862745E-02	
  .0004374	 3.921569E-02	 4.901961E-02	
  .0004376	-3.921569E-02	 2.941176E-02	
  .0004378	 .1960784	 .0882353	
  .000438	 3.921569E-02	 6.862745E-02	
  .0004382	 3.921569E-02	 4.901961E-02	
  .0004384	 3.921569E-02	 2.941176E-02	
  .0004386	 3.921569E-02	 4.901961E-02	
  .0004388	 .1176471	 4.901961E-02	
  .000439	 .1176471	 4.901961E-02	
  .0004392	-3.921569E-02	 6.862745E-02	
  .0004394	 .1176471	 4.901961E-02	
  .0004396	 .1176471	 6.862745E-02	
  .0004398	 3.921569E-02	 2.941176E-02	
  .00044	 .1176471	 .0882353	
  .0004402	 3.921569E-02	 .0882353	
  .0004404	 .1176471	 6.862745E-02	
  .0004406	 3.921569E-02	 6.862745E-02	
  .0004408	 .1960784	 .0882353	
  .000441	 .1176471	 .0882353	
  .0004412	 3.921569E-02	 6.862745E-02	
  .0004414	 3.921569E-02	 4.901961E-02	
  .0004416	 3.921569E-02	 4.901961E-02	
  .0004418	 3.921569E-02	 6.862745E-02	
  .000442	 .1960784	 4.901961E-02	
  .0004422	 .1176471	 6.862745E-02	
  .0004424	 .1176471	 .1078431	
  .0004426	 .1960784	 6.862745E-02	
  .0004428	 .1960784	 6.862745E-02	
  .000443	 .1960784	 6.862745E-02	
  .0004432	 .1960784	 6.862745E-02	
  .0004434	 .1176471	 .0882353	
  .0004436	 3.921569E-02	 6.862745E-02	
  .0004438	 .1960784	 .0882353	
  .000444	 .2745098	 4.901961E-02	
  .0004442	 .1176471	 .0882353	
  .0004444	 .2745098	 6.862745E-02	
  .0004446	 .1960784	 .0882353	
  .0004448	 .1960784	 .1078431	
  .000445	 .1176471	 .0882353	
  .0004452	 .1960784	 4.901961E-02	
  .0004454	 .1960784	 6.862745E-02	
  .0004456	 .1960784	 .0882353	
  .0004458	 .2745098	 .0882353	
  .000446	 .2745098	 .0882353	
  .0004462	 .2745098	 6.862745E-02	
  .0004464	 .1960784	 .0882353	
  .0004466	 .1960784	 .0882353	
  .0004468	 .1176471	 4.901961E-02	
  .000447	 .1960784	 6.862745E-02	
  .0004472	 .3529412	 6.862745E-02	
  .0004474	 .1960784	 6.862745E-02	
  .0004476	 .1960784	 6.862745E-02	
  .0004478	 .1176471	 .0882353	
  .000448	 .3529412	 6.862745E-02	
  .0004482	 .1960784	 .0882353	
  .0004484	 .1960784	 .0882353	
  .0004486	 .1960784	 4.901961E-02	
  .0004488	 .1176471	 6.862745E-02	
  .000449	 .2745098	 .1078431	
  .0004492	 .1176471	 6.862745E-02	
  .0004494	 .2745098	 .0882353	
  .0004496	 .1960784	 .127451	
  .0004498	 .2745098	 6.862745E-02	
  .00045	 .2745098	 .1078431	
