 -.0000498	 9.803922E-02	 4.901961E-02	
 -.0000496	 9.803922E-02	-9.803922E-03	
 -.0000494	 9.803922E-02	 9.803922E-03	
 -.0000492	 9.803922E-02	-9.803922E-03	
 -.000049	 .2941177	 2.941176E-02	
 -.0000488	 .2941177	 2.941176E-02	
 -.0000486	 9.803922E-02	 2.941176E-02	
 -.0000484	 .2941177	 9.803922E-03	
 -.0000482	 9.803922E-02	 2.941176E-02	
 -.000048	 .2941177	 9.803922E-03	
 -.0000478	 .2941177	 9.803922E-03	
 -.0000476	 .2941177	 9.803922E-03	
 -.0000474	 .2941177	 9.803922E-03	
 -.0000472	 9.803922E-02	 2.941176E-02	
 -.000047	 9.803922E-02	 2.941176E-02	
 -.0000468	 .4901961	 2.941176E-02	
 -.0000466	 .2941177	 2.941176E-02	
 -.0000464	 .2941177	 9.803922E-03	
 -.0000462	 9.803922E-02	 9.803922E-03	
 -.000046	 9.803922E-02	 9.803922E-03	
 -.0000458	 .2941177	-9.803922E-03	
 -.0000456	 .2941177	 2.941176E-02	
 -.0000454	 .4901961	 2.941176E-02	
 -.0000452	 9.803922E-02	 2.941176E-02	
 -.000045	 .2941177	 9.803922E-03	
 -.0000448	 9.803922E-02	 9.803922E-03	
 -.0000446	 .2941177	 9.803922E-03	
 -.0000444	 .2941177	 9.803922E-03	
 -.0000442	 .2941177	 2.941176E-02	
 -.000044	 .2941177	 2.941176E-02	
 -.0000438	 9.803922E-02	 9.803922E-03	
 -.0000436	 .2941177	-9.803922E-03	
 -.0000434	 .4901961	 2.941176E-02	
 -.0000432	 9.803922E-02	 2.941176E-02	
 -.000043	 .2941177	-9.803922E-03	
 -.0000428	 .2941177	 9.803922E-03	
 -.0000426	 9.803922E-02	 9.803922E-03	
 -.0000424	 .2941177	 9.803922E-03	
 -.0000422	 .4901961	 2.941176E-02	
 -.000042	 .2941177	 2.941176E-02	
 -.0000418	 .2941177	 9.803922E-03	
 -.0000416	 .2941177	 4.901961E-02	
 -.0000414	 .2941177	 9.803922E-03	
 -.0000412	 .2941177	 2.941176E-02	
 -.000041	 9.803922E-02	 9.803922E-03	
 -.0000408	 .2941177	 2.941176E-02	
 -.0000406	 .2941177	 4.901961E-02	
 -.0000404	 .4901961	 4.901961E-02	
 -.0000402	 .2941177	 4.901961E-02	
 -.00004	 9.803922E-02	 2.941176E-02	
 -.0000398	 9.803922E-02	 9.803922E-03	
 -.0000396	 9.803922E-02	 9.803922E-03	
 -.0000394	 9.803922E-02	 9.803922E-03	
 -.0000392	 .2941177	-9.803922E-03	
 -.000039	 9.803922E-02	 2.941176E-02	
 -.0000388	 .2941177	 2.941176E-02	
 -.0000386	 .4901961	 9.803922E-03	
 -.0000384	 .4901961	 9.803922E-03	
 -.0000382	 .2941177	 2.941176E-02	
 -.000038	 .2941177	 9.803922E-03	
 -.0000378	 .2941177	 2.941176E-02	
 -.0000376	 9.803922E-02	 9.803922E-03	
 -.0000374	 .4901961	 4.901961E-02	
 -.0000372	 9.803922E-02	 2.941176E-02	
 -.000037	 .4901961	 2.941176E-02	
 -.0000368	 .2941177	 2.941176E-02	
 -.0000366	 .2941177	 2.941176E-02	
 -.0000364	 .4901961	 4.901961E-02	
 -.0000362	 9.803922E-02	 4.901961E-02	
 -.000036	 9.803922E-02	 9.803922E-03	
 -.0000358	 .2941177	 2.941176E-02	
 -.0000356	 .2941177	 9.803922E-03	
 -.0000354	 .2941177	 2.941176E-02	
 -.0000352	 .2941177	 2.941176E-02	
 -.000035	 .2941177	 2.941176E-02	
 -.0000348	 .4901961	 9.803922E-03	
 -.0000346	 .2941177	 2.941176E-02	
 -.0000344	 9.803922E-02	 9.803922E-03	
 -.0000342	 .4901961	 9.803922E-03	
 -.000034	 .2941177	 2.941176E-02	
 -.0000338	 9.803922E-02	 2.941176E-02	
 -.0000336	 .2941177	 2.941176E-02	
 -.0000334	 .4901961	 2.941176E-02	
 -.0000332	 .2941177	 9.803922E-03	
 -.000033	 9.803922E-02	 9.803922E-03	
 -.0000328	 9.803922E-02	 9.803922E-03	
 -.0000326	 .2941177	 9.803922E-03	
 -.0000324	 .2941177	 9.803922E-03	
 -.0000322	 .2941177	 9.803922E-03	
 -.000032	 9.803922E-02	 2.941176E-02	
 -.0000318	 .2941177	 9.803922E-03	
 -.0000316	 .2941177	 4.901961E-02	
 -.0000314	 9.803922E-02	 9.803922E-03	
 -.0000312	 9.803922E-02	 2.941176E-02	
 -.000031	 9.803922E-02	 2.941176E-02	
 -.0000308	 9.803922E-02	 4.901961E-02	
 -.0000306	 .2941177	 2.941176E-02	
 -.0000304	 .4901961	 2.941176E-02	
 -.0000302	 .2941177	 4.901961E-02	
 -.00003	 .2941177	 4.901961E-02	
 -.0000298	 9.803922E-02	-9.803922E-03	
 -.0000296	 9.803922E-02	 2.941176E-02	
 -.0000294	 9.803922E-02	 9.803922E-03	
 -.0000292	 .2941177	 4.901961E-02	
 -.000029	 .2941177	 2.941176E-02	
 -.0000288	 .2941177	 4.901961E-02	
 -.0000286	 .4901961	 2.941176E-02	
 -.0000284	 9.803922E-02	 2.941176E-02	
 -.0000282	 .2941177	 9.803922E-03	
 -.000028	 9.803922E-02	 9.803922E-03	
 -.0000278	 .2941177	-9.803922E-03	
 -.0000276	 9.803922E-02	 2.941176E-02	
 -.0000274	 9.803922E-02	 4.901961E-02	
 -.0000272	 9.803922E-02	 2.941176E-02	
 -.000027	 .4901961	 2.941176E-02	
 -.0000268	 .2941177	 9.803922E-03	
 -.0000266	 9.803922E-02	 2.941176E-02	
 -.0000264	 9.803922E-02	-9.803922E-03	
 -.0000262	 .2941177	 2.941176E-02	
 -.000026	 .2941177	-9.803922E-03	
 -.0000258	 .2941177	 9.803922E-03	
 -.0000256	 .2941177	 2.941176E-02	
 -.0000254	 .2941177	 4.901961E-02	
 -.0000252	 .2941177	 9.803922E-03	
 -.000025	 9.803922E-02	 9.803922E-03	
 -.0000248	 .2941177	 9.803922E-03	
 -.0000246	 9.803922E-02	 9.803922E-03	
 -.0000244	 .2941177	 2.941176E-02	
 -.0000242	 9.803922E-02	 9.803922E-03	
 -.000024	 .2941177	 2.941176E-02	
 -.0000238	 9.803922E-02	-9.803922E-03	
 -.0000236	 .4901961	 2.941176E-02	
 -.0000234	 9.803922E-02	 2.941176E-02	
 -.0000232	 .2941177	-9.803922E-03	
 -.000023	 9.803922E-02	-9.803922E-03	
 -.0000228	 9.803922E-02	 9.803922E-03	
 -.0000226	 9.803922E-02	 9.803922E-03	
 -.0000224	 .2941177	 2.941176E-02	
 -.0000222	 .2941177	 2.941176E-02	
 -.000022	 .2941177	 2.941176E-02	
 -.0000218	 .2941177	 2.941176E-02	
 -.0000216	 9.803922E-02	-9.803922E-03	
 -.0000214	 9.803922E-02	 2.941176E-02	
 -.0000212	 9.803922E-02	 9.803922E-03	
 -.000021	 .2941177	 2.941176E-02	
 -.0000208	 .2941177	 2.941176E-02	
 -.0000206	 .2941177	 2.941176E-02	
 -.0000204	 .4901961	 4.901961E-02	
 -.0000202	 9.803922E-02	 4.901961E-02	
 -.00002	 9.803922E-02	 9.803922E-03	
 -.0000198	 9.803922E-02	 9.803922E-03	
 -.0000196	 9.803922E-02	 9.803922E-03	
 -.0000194	 9.803922E-02	 2.941176E-02	
 -.0000192	 9.803922E-02	 2.941176E-02	
 -.000019	 9.803922E-02	 2.941176E-02	
 -.0000188	 .2941177	 2.941176E-02	
 -.0000186	 .2941177	 9.803922E-03	
 -.0000184	 .2941177	 2.941176E-02	
 -.0000182	 .2941177	 9.803922E-03	
 -.000018	 9.803922E-02	 2.941176E-02	
 -.0000178	-9.803922E-02	 9.803922E-03	
 -.0000176	 9.803922E-02	 2.941176E-02	
 -.0000174	 9.803922E-02	 2.941176E-02	
 -.0000172	 9.803922E-02	 2.941176E-02	
 -.000017	 .4901961	 2.941176E-02	
 -.0000168	 9.803922E-02	 9.803922E-03	
 -.0000166	 .4901961	 2.941176E-02	
 -.0000164	 .2941177	 2.941176E-02	
 -.0000162	 9.803922E-02	 9.803922E-03	
 -.000016	 .2941177	 2.941176E-02	
 -.0000158	 .2941177	 9.803922E-03	
 -.0000156	 .2941177	 4.901961E-02	
 -.0000154	 .2941177	 9.803922E-03	
 -.0000152	 9.803922E-02	 2.941176E-02	
 -.000015	 .2941177	 2.941176E-02	
 -.0000148	 .2941177	 9.803922E-03	
 -.0000146	 .2941177	 9.803922E-03	
 -.0000144	 .4901961	 9.803922E-03	
 -.0000142	 .2941177	 2.941176E-02	
 -.000014	 9.803922E-02	 9.803922E-03	
 -.0000138	 9.803922E-02	 2.941176E-02	
 -.0000136	 9.803922E-02	 4.901961E-02	
 -.0000134	 .2941177	 2.941176E-02	
 -.0000132	 .2941177	 9.803922E-03	
 -.000013	 .2941177	 2.941176E-02	
 -.0000128	 .4901961	 9.803922E-03	
 -.0000126	 .2941177	 9.803922E-03	
 -.0000124	 .2941177	 2.941176E-02	
 -.0000122	 9.803922E-02	 9.803922E-03	
 -.000012	 .2941177	 9.803922E-03	
 -.0000118	 .2941177	 2.941176E-02	
 -.0000116	 .4901961	 9.803922E-03	
 -.0000114	 .2941177	 2.941176E-02	
 -.0000112	 .2941177	 9.803922E-03	
 -.000011	 .2941177	 2.941176E-02	
 -.0000108	 9.803922E-02	 9.803922E-03	
 -.0000106	 .4901961	 2.941176E-02	
 -.0000104	 .2941177	 6.862745E-02	
 -.0000102	 .4901961	 2.941176E-02	
 -.00001	 9.803922E-02	-9.803922E-03	
 -.0000098	 9.803922E-02	 9.803922E-03	
 -.0000096	 .2941177	 2.941176E-02	
 -.0000094	 .2941177	 2.941176E-02	
 -.0000092	 .2941177	 2.941176E-02	
 -.000009	 .2941177	 2.941176E-02	
 -.0000088	 .2941177	 2.941176E-02	
 -.0000086	 9.803922E-02	 9.803922E-03	
 -.0000084	 .2941177	 9.803922E-03	
 -.0000082	 9.803922E-02	-9.803922E-03	
 -.000008	 9.803922E-02	 9.803922E-03	
 -.0000078	 .2941177	 2.941176E-02	
 -.0000076	 9.803922E-02	 2.941176E-02	
 -.0000074	 .2941177	 2.941176E-02	
 -.0000072	 .4901961	 2.941176E-02	
 -.000007	 .2941177	 4.901961E-02	
 -.0000068	 .2941177	 2.941176E-02	
 -.0000066	 9.803922E-02	-9.803922E-03	
 -.0000064	 .2941177	 9.803922E-03	
 -.0000062	 .2941177	 9.803922E-03	
 -.000006	 .4901961	 2.941176E-02	
 -.0000058	 .4901961	 2.941176E-02	
 -.0000056	 .4901961	 2.941176E-02	
 -.0000054	 .2941177	 9.803922E-03	
 -.0000052	 9.803922E-02	 2.941176E-02	
 -.000005	 .4901961	-9.803922E-03	
 -.0000048	 9.803922E-02	 9.803922E-03	
 -.0000046	 9.803922E-02	 2.941176E-02	
 -.0000044	 .2941177	 2.941176E-02	
 -.0000042	 .2941177	 9.803922E-03	
 -.000004	 9.803922E-02	 9.803922E-03	
 -.0000038	 .4901961	 2.941176E-02	
 -.0000036	 .2941177	 4.901961E-02	
 -.0000034	 .2941177	 9.803922E-03	
 -.0000032	 .2941177	 9.803922E-03	
 -.000003	 9.803922E-02	 9.803922E-03	
 -.0000028	 .2941177	 9.803922E-03	
 -.0000026	 .4901961	 9.803922E-03	
 -.0000024	 .2941177	 2.941176E-02	
 -.0000022	 .2941177	 2.941176E-02	
 -.000002	 .2941177	 2.941176E-02	
 -.0000018	 .2941177	 9.803922E-03	
 -.0000016	 9.803922E-02	 4.901961E-02	
 -.0000014	 9.803922E-02	 2.941176E-02	
 -.0000012	 .2941177	 2.941176E-02	
 -.000001	 .2941177	 2.941176E-02	
 -.0000008	 9.803922E-02	 4.901961E-02	
 -.0000006	 .2941177	 4.901961E-02	
 -.0000004	 9.803922E-02	 2.941176E-02	
 -.0000002	 9.803922E-02	 2.941176E-02	
  0	 .2941177	 2.941176E-02	
  .0000002	 .2941177	 9.803922E-03	
  .0000004	 .2941177	-.127451	
  .0000006	 1.666667	 4.901961E-02	
  .0000008	 2.058824	 .0882353	
  .000001	 2.45098	 .0882353	
  .0000012	 2.45098	 .0882353	
  .0000014	 2.843137	 .0882353	
  .0000016	 3.235294	 .0882353	
  .0000018	 3.235294	 .127451	
  .000002	 3.235294	 .1078431	
  .0000022	 3.627451	 .127451	
  .0000024	 3.823529	 .127451	
  .0000026	 4.215686	 .127451	
  .0000028	 4.411765	 .1470588	
  .000003	 4.803922	 .127451	
  .0000032	 4.803922	 .1470588	
  .0000034	 4.803922	 .1470588	
  .0000036	 5	 .1666667	
  .0000038	 5.392157	 .1666667	
  .000004	 5.588235	 .1862745	
  .0000042	 5.784314	 .2058824	
  .0000044	 5.784314	 .1862745	
  .0000046	 5.784314	 .1862745	
  .0000048	 6.372549	 .1666667	
  .000005	 6.372549	 .1666667	
  .0000052	 6.372549	 .1666667	
  .0000054	 6.960784	 .1666667	
  .0000056	 6.764706	 .2058824	
  .0000058	 6.960784	 .1862745	
  .000006	 6.960784	 .2058824	
  .0000062	 7.156863	 .2254902	
  .0000064	 7.352941	 .1862745	
  .0000066	 7.745098	 .1862745	
  .0000068	 7.54902	 .1862745	
  .000007	 7.745098	 .1862745	
  .0000072	 7.745098	 .2058824	
  .0000074	 8.137255	 .2254902	
  .0000076	 8.333333	 .2058824	
  .0000078	 8.725491	 .2254902	
  .000008	 8.725491	 .2647059	
  .0000082	 8.921569	 .245098	
  .0000084	 8.921569	 .245098	
  .0000086	 9.117647	 .2058824	
  .0000088	 9.509804	 .2254902	
  .000009	 9.313725	 .2254902	
  .0000092	 9.705882	 .245098	
  .0000094	 9.90196	 .2647059	
  .0000096	 9.705882	 .245098	
  .0000098	 10.09804	 .2254902	
  .00001	 9.90196	 .2058824	
  .0000102	 10.09804	 .2254902	
  .0000104	 10.29412	 .2058824	
  .0000106	 10.29412	 .2254902	
  .0000108	 10.29412	 .245098	
  .000011	 10.68627	 .2647059	
  .0000112	 10.68627	 .2647059	
  .0000114	 10.68627	 .2254902	
  .0000116	 10.88235	 .2254902	
  .0000118	 10.68627	 .2254902	
  .000012	 11.07843	 .2647059	
  .0000122	 11.07843	 .2647059	
  .0000124	 11.07843	 .2254902	
  .0000126	 11.47059	 .2254902	
  .0000128	 11.27451	 .245098	
  .000013	 11.07843	 .2254902	
  .0000132	 11.47059	 .1862745	
  .0000134	 11.27451	 .2254902	
  .0000136	 11.47059	 .2058824	
  .0000138	 11.66667	 .2254902	
  .000014	 11.86275	 .2058824	
  .0000142	 11.86275	 .2254902	
  .0000144	 11.86275	 .1862745	
  .0000146	 12.05882	 .2058824	
  .0000148	 12.05882	 .1666667	
  .000015	 11.86275	 .1862745	
  .0000152	 12.2549	 .2058824	
  .0000154	 11.86275	 .1666667	
  .0000156	 11.86275	 .1862745	
  .0000158	 11.86275	 .1470588	
  .000016	 12.05882	 .1666667	
  .0000162	 12.05882	 .1666667	
  .0000164	 12.05882	 .1470588	
  .0000166	 12.05882	 .127451	
  .0000168	 11.86275	 .1078431	
  .000017	 12.05882	 .127451	
  .0000172	 12.05882	 .127451	
  .0000174	 12.05882	 .1078431	
  .0000176	 12.05882	 .1078431	
  .0000178	 12.2549	 .1078431	
  .000018	 12.05882	 6.862745E-02	
  .0000182	 12.05882	 .1078431	
  .0000184	 12.05882	 6.862745E-02	
  .0000186	 12.2549	 6.862745E-02	
  .0000188	 12.05882	 6.862745E-02	
  .000019	 12.05882	 6.862745E-02	
  .0000192	 12.05882	 6.862745E-02	
  .0000194	 11.86275	 6.862745E-02	
  .0000196	 11.86275	 4.901961E-02	
  .0000198	 12.05882	 2.941176E-02	
  .00002	 12.05882	 2.941176E-02	
  .0000202	 11.86275	 9.803922E-03	
  .0000204	 11.86275	 9.803922E-03	
  .0000206	 11.86275	 2.941176E-02	
  .0000208	 12.05882	-9.803922E-03	
  .000021	 11.66667	-9.803922E-03	
  .0000212	 11.86275	-9.803922E-03	
  .0000214	 11.86275	-4.901961E-02	
  .0000216	 11.86275	-2.941176E-02	
  .0000218	 11.07843	-2.941176E-02	
  .000022	 11.47059	-4.901961E-02	
  .0000222	 11.47059	-4.901961E-02	
  .0000224	 11.66667	-4.901961E-02	
  .0000226	 11.47059	-6.862745E-02	
  .0000228	 11.47059	-6.862745E-02	
  .000023	 11.47059	-.0882353	
  .0000232	 11.27451	-.0882353	
  .0000234	 11.27451	-.1078431	
  .0000236	 11.07843	-.1078431	
  .0000238	 11.07843	-.1078431	
  .000024	 10.88235	-.1078431	
  .0000242	 11.07843	-.127451	
  .0000244	 10.68627	-.1470588	
  .0000246	 10.68627	-.1666667	
  .0000248	 10.68627	-.1666667	
  .000025	 10.68627	-.1666667	
  .0000252	 10.88235	-.1862745	
  .0000254	 10.4902	-.1470588	
  .0000256	 10.4902	-.1862745	
  .0000258	 10.4902	-.2058824	
  .000026	 10.4902	-.2058824	
  .0000262	 10.4902	-.2058824	
  .0000264	 10.09804	-.2254902	
  .0000266	 10.09804	-.245098	
  .0000268	 10.09804	-.2254902	
  .000027	 9.90196	-.245098	
  .0000272	 10.09804	-.245098	
  .0000274	 9.90196	-.2647059	
  .0000276	 9.90196	-.2647059	
  .0000278	 9.509804	-.2843137	
  .000028	 9.705882	-.2843137	
  .0000282	 9.509804	-.2843137	
  .0000284	 9.509804	-.3039216	
  .0000286	 9.509804	-.3039216	
  .0000288	 9.313725	-.3039216	
  .000029	 9.509804	-.3235294	
  .0000292	 9.313725	-.3039216	
  .0000294	 9.117647	-.3431373	
  .0000296	 9.117647	-.3431373	
  .0000298	 8.725491	-.3823529	
  .00003	 8.725491	-.3627451	
  .0000302	 8.725491	-.3431373	
  .0000304	 8.725491	-.3823529	
  .0000306	 8.529411	-.3627451	
  .0000308	 8.529411	-.4019608	
  .000031	 8.333333	-.3823529	
  .0000312	 8.333333	-.4215686	
  .0000314	 7.941176	-.4215686	
  .0000316	 7.941176	-.4215686	
  .0000318	 7.941176	-.4019608	
  .000032	 7.54902	-.4019608	
  .0000322	 7.941176	-.4607843	
  .0000324	 7.941176	-.4411765	
  .0000326	 7.352941	-.4411765	
  .0000328	 7.352941	-.4803922	
  .000033	 7.156863	-.4607843	
  .0000332	 7.156863	-.4803922	
  .0000334	 7.156863	-.5	
  .0000336	 6.960784	-.4803922	
  .0000338	 6.960784	-.4803922	
  .000034	 6.764706	-.4803922	
  .0000342	 6.960784	-.5196078	
  .0000344	 6.568627	-.5392157	
  .0000346	 6.372549	-.5392157	
  .0000348	 5.980392	-.5392157	
  .000035	 6.176471	-.5392157	
  .0000352	 5.980392	-.5588235	
  .0000354	 5.980392	-.5392157	
  .0000356	 5.588235	-.5588235	
  .0000358	 5.980392	-.5588235	
  .000036	 5.588235	-.5588235	
  .0000362	 5.588235	-.5784314	
  .0000364	 5.196078	-.5980392	
  .0000366	 4.803922	-.5980392	
  .0000368	 5	-.5980392	
  .000037	 4.803922	-.6176471	
  .0000372	 4.607843	-.5980392	
  .0000374	 4.607843	-.6176471	
  .0000376	 4.411765	-.6372549	
  .0000378	 4.411765	-.6568627	
  .000038	 3.627451	-.6372549	
  .0000382	 3.627451	-.6568627	
  .0000384	 3.627451	-.6372549	
  .0000386	 3.431373	-.6764706	
  .0000388	 3.431373	-.6568627	
  .000039	 3.431373	-.6568627	
  .0000392	 2.647059	-.6960784	
  .0000394	 2.647059	-.7156863	
  .0000396	 2.647059	-.7156863	
  .0000398	 2.45098	-.7156863	
  .00004	 2.254902	-.7156863	
  .0000402	 2.254902	-.7352941	
  .0000404	 2.058824	-.7352941	
  .0000406	 1.862745	-.7549019	
  .0000408	 1.862745	-.7352941	
  .000041	 1.666667	-.7549019	
  .0000412	 1.666667	-.7745098	
  .0000414	 1.27451	-.7549019	
  .0000416	 1.078431	-.7941176	
  .0000418	 1.078431	-.7745098	
  .000042	 .6862745	-.7941176	
  .0000422	 .6862745	-.7745098	
  .0000424	 .6862745	-.7941176	
  .0000426	 .2941177	-.8137255	
  .0000428	 .2941177	-.8137255	
  .000043	 9.803922E-02	-.8137255	
  .0000432	-.2941177	-.8333333	
  .0000434	-9.803922E-02	-.8333333	
  .0000436	-.4901961	-.8333333	
  .0000438	-.2941177	-.8529412	
  .000044	-.6862745	-.872549	
  .0000442	-.6862745	-.8333333	
  .0000444	-1.078431	-.872549	
  .0000446	-1.27451	-.8529412	
  .0000448	-1.470588	-.872549	
  .000045	-1.27451	-.872549	
  .0000452	-1.470588	-.872549	
  .0000454	-1.862745	-.872549	
  .0000456	-1.862745	-.872549	
  .0000458	-2.058824	-.8529412	
  .000046	-2.254902	-.8921568	
  .0000462	-2.45098	-.8921568	
  .0000464	-2.647059	-.8921568	
  .0000466	-2.647059	-.8921568	
  .0000468	-2.843137	-.9117647	
  .000047	-3.039216	-.8921568	
  .0000472	-3.235294	-.9313725	
  .0000474	-3.431373	-.9117647	
  .0000476	-3.235294	-.8921568	
  .0000478	-3.627451	-.9117647	
  .000048	-3.823529	-.8921568	
  .0000482	-3.823529	-.9117647	
  .0000484	-3.823529	-.8921568	
  .0000486	-4.019608	-.8921568	
  .0000488	-4.019608	-.9117647	
  .000049	-4.411765	-.9117647	
  .0000492	-4.411765	-.9117647	
  .0000494	-4.803922	-.9509804	
  .0000496	-5	-.9313725	
  .0000498	-4.803922	-.9313725	
  .00005	-5	-.9117647	
  .0000502	-5.196078	-.9313725	
  .0000504	-5.392157	-.9313725	
  .0000506	-5.588235	-.9313725	
  .0000508	-5.784314	-.9313725	
  .000051	-5.784314	-.9705882	
  .0000512	-5.980392	-.9509804	
  .0000514	-5.980392	-.9313725	
  .0000516	-6.176471	-.9313725	
  .0000518	-6.176471	-.9117647	
  .000052	-6.568627	-.9117647	
  .0000522	-6.764706	-.9509804	
  .0000524	-6.764706	-.9509804	
  .0000526	-6.960784	-.9509804	
  .0000528	-6.960784	-.9509804	
  .000053	-7.156863	-.9313725	
  .0000532	-7.156863	-.9509804	
  .0000534	-7.352941	-.9313725	
  .0000536	-7.54902	-.9313725	
  .0000538	-7.745098	-.9313725	
  .000054	-7.745098	-.9509804	
  .0000542	-7.941176	-.9705882	
  .0000544	-8.137255	-.9509804	
  .0000546	-8.529411	-.9509804	
  .0000548	-8.333333	-.9313725	
  .000055	-8.529411	-.9313725	
  .0000552	-8.725491	-.9509804	
  .0000554	-8.725491	-.9509804	
  .0000556	-8.921569	-.9313725	
  .0000558	-9.117647	-.9509804	
  .000056	-9.509804	-.9509804	
  .0000562	-9.509804	-.9509804	
  .0000564	-9.705882	-.9313725	
  .0000566	-9.313725	-.9509804	
  .0000568	-9.509804	-.9313725	
  .000057	-9.90196	-.9313725	
  .0000572	-9.90196	-.9313725	
  .0000574	-10.09804	-.9313725	
  .0000576	-10.09804	-.9509804	
  .0000578	-10.09804	-.9313725	
  .000058	-10.29412	-.9313725	
  .0000582	-10.29412	-.9117647	
  .0000584	-10.4902	-.9117647	
  .0000586	-10.68627	-.8921568	
  .0000588	-10.68627	-.8921568	
  .000059	-11.27451	-.9117647	
  .0000592	-11.27451	-.9313725	
  .0000594	-11.27451	-.8921568	
  .0000596	-11.07843	-.872549	
  .0000598	-11.07843	-.8921568	
  .00006	-11.47059	-.8921568	
  .0000602	-11.27451	-.872549	
  .0000604	-11.66667	-.8921568	
  .0000606	-11.66667	-.872549	
  .0000608	-11.86275	-.8921568	
  .000061	-12.05882	-.872549	
  .0000612	-11.86275	-.872549	
  .0000614	-12.2549	-.872549	
  .0000616	-11.86275	-.8529412	
  .0000618	-12.05882	-.8529412	
  .000062	-12.45098	-.8529412	
  .0000622	-12.05882	-.8529412	
  .0000624	-12.45098	-.8333333	
  .0000626	-12.64706	-.8529412	
  .0000628	-12.45098	-.8529412	
  .000063	-12.45098	-.8333333	
  .0000632	-12.45098	-.8137255	
  .0000634	-13.03922	-.8137255	
  .0000636	-12.84314	-.8137255	
  .0000638	-13.23529	-.8137255	
  .000064	-12.84314	-.8333333	
  .0000642	-13.03922	-.8333333	
  .0000644	-13.23529	-.7941176	
  .0000646	-13.23529	-.7941176	
  .0000648	-13.03922	-.7941176	
  .000065	-13.23529	-.7745098	
  .0000652	-13.43137	-.7745098	
  .0000654	-13.43137	-.7745098	
  .0000656	-13.62745	-.7745098	
  .0000658	-13.62745	-.7941176	
  .000066	-13.62745	-.7745098	
  .0000662	-13.82353	-.7549019	
  .0000664	-13.62745	-.7549019	
  .0000666	-13.82353	-.7745098	
  .0000668	-13.62745	-.7352941	
  .000067	-14.01961	-.7352941	
  .0000672	-13.62745	-.7156863	
  .0000674	-14.01961	-.7156863	
  .0000676	-14.21569	-.7352941	
  .0000678	-13.82353	-.7156863	
  .000068	-13.82353	-.7156863	
  .0000682	-14.01961	-.6960784	
  .0000684	-13.82353	-.6764706	
  .0000686	-13.82353	-.6764706	
  .0000688	-14.21569	-.6764706	
  .000069	-14.01961	-.6764706	
  .0000692	-14.21569	-.6764706	
  .0000694	-14.41177	-.6568627	
  .0000696	-14.21569	-.6568627	
  .0000698	-13.82353	-.6176471	
  .00007	-14.21569	-.6372549	
  .0000702	-14.41177	-.6372549	
  .0000704	-14.21569	-.6176471	
  .0000706	-14.41177	-.5980392	
  .0000708	-14.41177	-.6176471	
  .000071	-13.82353	-.6176471	
  .0000712	-14.41177	-.5980392	
  .0000714	-14.41177	-.5784314	
  .0000716	-14.41177	-.5784314	
  .0000718	-14.01961	-.5784314	
  .000072	-14.21569	-.5588235	
  .0000722	-13.82353	-.5588235	
  .0000724	-14.21569	-.5588235	
  .0000726	-14.21569	-.5588235	
  .0000728	-14.01961	-.5588235	
  .000073	-14.01961	-.5588235	
  .0000732	-14.01961	-.5196078	
  .0000734	-14.01961	-.5196078	
  .0000736	-14.01961	-.5	
  .0000738	-14.01961	-.4803922	
  .000074	-14.21569	-.5	
  .0000742	-14.01961	-.4803922	
  .0000744	-14.01961	-.5	
  .0000746	-13.82353	-.4607843	
  .0000748	-13.82353	-.4607843	
  .000075	-13.82353	-.4607843	
  .0000752	-13.82353	-.4411765	
  .0000754	-13.82353	-.4411765	
  .0000756	-13.82353	-.4019608	
  .0000758	-13.82353	-.4411765	
  .000076	-13.82353	-.4411765	
  .0000762	-13.82353	-.4215686	
  .0000764	-13.43137	-.4019608	
  .0000766	-13.43137	-.4019608	
  .0000768	-13.43137	-.3823529	
  .000077	-13.43137	-.3627451	
  .0000772	-13.43137	-.3823529	
  .0000774	-13.62745	-.3627451	
  .0000776	-13.43137	-.3431373	
  .0000778	-13.43137	-.3235294	
  .000078	-13.23529	-.3235294	
  .0000782	-13.23529	-.3431373	
  .0000784	-13.23529	-.3039216	
  .0000786	-13.23529	-.3039216	
  .0000788	-13.23529	-.3039216	
  .000079	-13.03922	-.3039216	
  .0000792	-13.03922	-.2843137	
  .0000794	-12.84314	-.2843137	
  .0000796	-12.84314	-.2647059	
  .0000798	-12.84314	-.245098	
  .00008	-12.84314	-.245098	
  .0000802	-12.64706	-.245098	
  .0000804	-12.45098	-.2254902	
  .0000806	-12.64706	-.2254902	
  .0000808	-12.64706	-.2254902	
  .000081	-12.45098	-.2058824	
  .0000812	-12.64706	-.2058824	
  .0000814	-12.2549	-.1666667	
  .0000816	-12.2549	-.1862745	
  .0000818	-12.2549	-.1666667	
  .000082	-12.05882	-.1666667	
  .0000822	-12.05882	-.1666667	
  .0000824	-12.05882	-.1470588	
  .0000826	-11.86275	-.1470588	
  .0000828	-11.66667	-.1470588	
  .000083	-11.47059	-.127451	
  .0000832	-11.66667	-.1078431	
  .0000834	-11.47059	-.0882353	
  .0000836	-11.47059	-.0882353	
  .0000838	-11.27451	-.1078431	
  .000084	-11.27451	-.0882353	
  .0000842	-11.27451	-6.862745E-02	
  .0000844	-11.27451	-6.862745E-02	
  .0000846	-10.88235	-6.862745E-02	
  .0000848	-10.88235	-4.901961E-02	
  .000085	-10.88235	-2.941176E-02	
  .0000852	-10.88235	-9.803922E-03	
  .0000854	-10.88235	-9.803922E-03	
  .0000856	-10.4902	-2.941176E-02	
  .0000858	-10.4902	-9.803922E-03	
  .000086	-10.4902	 9.803922E-03	
  .0000862	-10.29412	 9.803922E-03	
  .0000864	-10.29412	 9.803922E-03	
  .0000866	-10.09804	 2.941176E-02	
  .0000868	-10.29412	 2.941176E-02	
  .000087	-9.705882	 6.862745E-02	
  .0000872	-9.90196	 4.901961E-02	
  .0000874	-9.705882	 4.901961E-02	
  .0000876	-9.509804	 .1078431	
  .0000878	-9.705882	 6.862745E-02	
  .000088	-9.313725	 .0882353	
  .0000882	-9.313725	 .1470588	
  .0000884	-9.313725	 .1078431	
  .0000886	-8.921569	 .1666667	
  .0000888	-9.117647	 .1470588	
  .000089	-8.921569	 .1470588	
  .0000892	-8.921569	 .127451	
  .0000894	-8.529411	 .1666667	
  .0000896	-8.529411	 .1666667	
  .0000898	-8.333333	 .1862745	
  .00009	-8.137255	 .2058824	
  .0000902	-8.137255	 .2254902	
  .0000904	-8.333333	 .1862745	
  .0000906	-7.941176	 .2058824	
  .0000908	-8.137255	 .2058824	
  .000091	-7.941176	 .1862745	
  .0000912	-7.54902	 .2058824	
  .0000914	-7.745098	 .2647059	
  .0000916	-7.352941	 .245098	
  .0000918	-7.352941	 .2254902	
  .000092	-7.156863	 .2843137	
  .0000922	-6.960784	 .2843137	
  .0000924	-7.156863	 .2647059	
  .0000926	-6.960784	 .2647059	
  .0000928	-6.568627	 .2647059	
  .000093	-6.568627	 .3039216	
  .0000932	-6.568627	 .3039216	
  .0000934	-6.372549	 .3431373	
  .0000936	-6.176471	 .3039216	
  .0000938	-5.980392	 .3431373	
  .000094	-5.588235	 .3039216	
  .0000942	-5.784314	 .3627451	
  .0000944	-5.392157	 .3235294	
  .0000946	-5.588235	 .3627451	
  .0000948	-5.196078	 .3627451	
  .000095	-5.196078	 .3431373	
  .0000952	-5	 .4019608	
  .0000954	-5.196078	 .3823529	
  .0000956	-4.803922	 .3431373	
  .0000958	-4.607843	 .3431373	
  .000096	-4.803922	 .3627451	
  .0000962	-4.411765	 .3823529	
  .0000964	-4.215686	 .4215686	
  .0000966	-4.215686	 .4019608	
  .0000968	-4.019608	 .4215686	
  .000097	-4.019608	 .4607843	
  .0000972	-4.019608	 .4215686	
  .0000974	-3.823529	 .4411765	
  .0000976	-3.627451	 .4411765	
  .0000978	-3.431373	 .4411765	
  .000098	-3.431373	 .4803922	
  .0000982	-3.235294	 .4803922	
  .0000984	-2.843137	 .4803922	
  .0000986	-3.235294	 .5196078	
  .0000988	-3.039216	 .4607843	
  .000099	-2.647059	 .4803922	
  .0000992	-2.647059	 .4803922	
  .0000994	-2.254902	 .4803922	
  .0000996	-2.254902	 .4803922	
  .0000998	-2.254902	 .5196078	
  .0001	-2.058824	 .5	
  .0001002	-1.862745	 .5392157	
  .0001004	-1.862745	 .5	
  .0001006	-1.862745	 .5	
  .0001008	-1.666667	 .5196078	
  .000101	-1.666667	 .5196078	
  .0001012	-1.470588	 .5392157	
  .0001014	-1.27451	 .5196078	
  .0001016	-1.27451	 .5588235	
  .0001018	-.8823529	 .5392157	
  .000102	-.8823529	 .5392157	
  .0001022	-.6862745	 .5588235	
  .0001024	-.6862745	 .5588235	
  .0001026	-.6862745	 .5392157	
  .0001028	-.2941177	 .5588235	
  .000103	-.2941177	 .5588235	
  .0001032	-9.803922E-02	 .5784314	
  .0001034	-.2941177	 .5784314	
  .0001036	-9.803922E-02	 .5784314	
  .0001038	 9.803922E-02	 .5784314	
  .000104	 .4901961	 .5784314	
  .0001042	 .6862745	 .5784314	
  .0001044	 .8823529	 .5784314	
  .0001046	 1.078431	 .5980392	
  .0001048	 .6862745	 .5784314	
  .000105	 .8823529	 .5980392	
  .0001052	 .8823529	 .6176471	
  .0001054	 1.27451	 .5980392	
  .0001056	 1.27451	 .5980392	
  .0001058	 1.27451	 .6176471	
  .000106	 1.27451	 .6176471	
  .0001062	 1.666667	 .6176471	
  .0001064	 1.862745	 .6176471	
  .0001066	 1.666667	 .6176471	
  .0001068	 1.862745	 .6372549	
  .000107	 2.254902	 .6372549	
  .0001072	 2.254902	 .6372549	
  .0001074	 2.254902	 .6176471	
  .0001076	 2.254902	 .6176471	
  .0001078	 2.647059	 .6372549	
  .000108	 2.647059	 .6568627	
  .0001082	 2.843137	 .6568627	
  .0001084	 2.843137	 .6568627	
  .0001086	 3.039216	 .6568627	
  .0001088	 3.039216	 .6372549	
  .000109	 3.235294	 .6372549	
  .0001092	 3.431373	 .6568627	
  .0001094	 3.627451	 .6568627	
  .0001096	 3.627451	 .6568627	
  .0001098	 3.627451	 .6568627	
  .00011	 3.823529	 .6568627	
  .0001102	 3.823529	 .6568627	
  .0001104	 4.019608	 .6568627	
  .0001106	 4.019608	 .6568627	
  .0001108	 4.215686	 .6568627	
  .000111	 4.215686	 .6764706	
  .0001112	 4.607843	 .6960784	
  .0001114	 4.215686	 .6568627	
  .0001116	 4.803922	 .6568627	
  .0001118	 4.803922	 .6764706	
  .000112	 4.803922	 .6568627	
  .0001122	 5	 .6568627	
  .0001124	 4.803922	 .6764706	
  .0001126	 5.392157	 .6372549	
  .0001128	 5.392157	 .6764706	
  .000113	 5.588235	 .6568627	
  .0001132	 5.392157	 .6764706	
  .0001134	 5.588235	 .6764706	
  .0001136	 5.588235	 .6764706	
  .0001138	 5.784314	 .6372549	
  .000114	 5.784314	 .6568627	
  .0001142	 5.980392	 .6568627	
  .0001144	 5.980392	 .6764706	
  .0001146	 6.176471	 .6568627	
  .0001148	 6.176471	 .6568627	
  .000115	 6.568627	 .6960784	
  .0001152	 6.372549	 .6960784	
  .0001154	 6.568627	 .6764706	
  .0001156	 6.372549	 .6372549	
  .0001158	 6.372549	 .6568627	
  .000116	 6.568627	 .6568627	
  .0001162	 6.764706	 .6568627	
  .0001164	 6.764706	 .6764706	
  .0001166	 6.764706	 .6764706	
  .0001168	 7.352941	 .6764706	
  .000117	 7.156863	 .6372549	
  .0001172	 6.960784	 .6568627	
  .0001174	 7.156863	 .6568627	
  .0001176	 7.352941	 .6764706	
  .0001178	 7.352941	 .6568627	
  .000118	 7.745098	 .6568627	
  .0001182	 7.54902	 .6568627	
  .0001184	 7.352941	 .6568627	
  .0001186	 7.54902	 .6372549	
  .0001188	 7.745098	 .6176471	
  .000119	 7.745098	 .6176471	
  .0001192	 7.941176	 .5980392	
  .0001194	 7.941176	 .6176471	
  .0001196	 7.941176	 .6372549	
  .0001198	 7.941176	 .6372549	
  .00012	 8.333333	 .6176471	
  .0001202	 8.529411	 .6176471	
  .0001204	 8.333333	 .6176471	
  .0001206	 8.333333	 .5980392	
  .0001208	 8.529411	 .5980392	
  .000121	 8.529411	 .6176471	
  .0001212	 8.529411	 .6176471	
  .0001214	 8.529411	 .6176471	
  .0001216	 8.725491	 .5980392	
  .0001218	 8.725491	 .5784314	
  .000122	 9.117647	 .6176471	
  .0001222	 8.529411	 .5980392	
  .0001224	 8.725491	 .5588235	
  .0001226	 8.725491	 .5980392	
  .0001228	 8.921569	 .5784314	
  .000123	 9.117647	 .5980392	
  .0001232	 9.117647	 .5980392	
  .0001234	 9.117647	 .5784314	
  .0001236	 9.313725	 .5784314	
  .0001238	 9.313725	 .5588235	
  .000124	 8.921569	 .5392157	
  .0001242	 9.509804	 .5196078	
  .0001244	 9.313725	 .5392157	
  .0001246	 9.313725	 .5392157	
  .0001248	 9.313725	 .5392157	
  .000125	 9.313725	 .5588235	
  .0001252	 9.509804	 .5392157	
  .0001254	 9.509804	 .5	
  .0001256	 9.117647	 .5196078	
  .0001258	 9.509804	 .5196078	
  .000126	 9.117647	 .5	
  .0001262	 9.509804	 .5	
  .0001264	 9.509804	 .5	
  .0001266	 9.313725	 .5	
  .0001268	 9.313725	 .5196078	
  .000127	 9.509804	 .5	
  .0001272	 9.313725	 .4803922	
  .0001274	 9.313725	 .4803922	
  .0001276	 9.705882	 .4803922	
  .0001278	 9.313725	 .4803922	
  .000128	 9.509804	 .4803922	
  .0001282	 9.705882	 .5	
  .0001284	 9.509804	 .5	
  .0001286	 9.509804	 .4411765	
  .0001288	 9.509804	 .4411765	
  .000129	 9.705882	 .4215686	
  .0001292	 9.705882	 .4411765	
  .0001294	 9.705882	 .4411765	
  .0001296	 9.509804	 .4215686	
  .0001298	 9.90196	 .4411765	
  .00013	 9.705882	 .4411765	
  .0001302	 9.705882	 .4019608	
  .0001304	 9.509804	 .3823529	
  .0001306	 9.509804	 .3823529	
  .0001308	 9.705882	 .4019608	
  .000131	 9.705882	 .4215686	
  .0001312	 9.313725	 .4019608	
  .0001314	 9.90196	 .3823529	
  .0001316	 9.705882	 .4019608	
  .0001318	 9.705882	 .3823529	
  .000132	 9.509804	 .3431373	
  .0001322	 9.313725	 .3431373	
  .0001324	 9.705882	 .3431373	
  .0001326	 9.509804	 .3627451	
  .0001328	 9.90196	 .3627451	
  .000133	 9.509804	 .3431373	
  .0001332	 9.509804	 .3235294	
  .0001334	 9.90196	 .3431373	
  .0001336	 9.313725	 .3235294	
  .0001338	 9.509804	 .3039216	
  .000134	 9.509804	 .2843137	
  .0001342	 9.313725	 .3039216	
  .0001344	 9.509804	 .3039216	
  .0001346	 9.117647	 .2647059	
  .0001348	 9.705882	 .3039216	
  .000135	 9.313725	 .2843137	
  .0001352	 9.509804	 .2647059	
  .0001354	 9.117647	 .2647059	
  .0001356	 9.117647	 .245098	
  .0001358	 9.117647	 .2647059	
  .000136	 9.313725	 .2647059	
  .0001362	 9.117647	 .245098	
  .0001364	 9.313725	 .2647059	
  .0001366	 9.313725	 .2647059	
  .0001368	 9.117647	 .2254902	
  .000137	 8.921569	 .245098	
  .0001372	 8.921569	 .2254902	
  .0001374	 9.117647	 .2254902	
  .0001376	 9.117647	 .2254902	
  .0001378	 8.725491	 .2058824	
  .000138	 8.725491	 .2254902	
  .0001382	 8.725491	 .1862745	
  .0001384	 8.725491	 .1666667	
  .0001386	 8.921569	 .1470588	
  .0001388	 8.529411	 .1470588	
  .000139	 8.725491	 .1470588	
  .0001392	 8.529411	 .1470588	
  .0001394	 8.529411	 .1470588	
  .0001396	 8.529411	 .127451	
  .0001398	 8.529411	 .127451	
  .00014	 8.529411	 .127451	
  .0001402	 8.333333	 .1078431	
  .0001404	 8.529411	 .127451	
  .0001406	 8.137255	 .1078431	
  .0001408	 8.333333	 .1078431	
  .000141	 8.137255	 .0882353	
  .0001412	 8.137255	 .1078431	
  .0001414	 8.529411	 .0882353	
  .0001416	 7.941176	 6.862745E-02	
  .0001418	 8.137255	 .0882353	
  .000142	 7.745098	 6.862745E-02	
  .0001422	 7.745098	 4.901961E-02	
  .0001424	 7.745098	 2.941176E-02	
  .0001426	 7.745098	 6.862745E-02	
  .0001428	 7.745098	 4.901961E-02	
  .000143	 7.745098	 4.901961E-02	
  .0001432	 7.54902	 2.941176E-02	
  .0001434	 7.54902	 9.803922E-03	
  .0001436	 7.352941	 9.803922E-03	
  .0001438	 7.156863	-9.803922E-03	
  .000144	 7.54902	-9.803922E-03	
  .0001442	 7.352941	-9.803922E-03	
  .0001444	 7.156863	-9.803922E-03	
  .0001446	 7.156863	-9.803922E-03	
  .0001448	 7.156863	-9.803922E-03	
  .000145	 7.352941	-9.803922E-03	
  .0001452	 6.764706	-2.941176E-02	
  .0001454	 6.568627	-4.901961E-02	
  .0001456	 6.568627	-4.901961E-02	
  .0001458	 6.764706	-6.862745E-02	
  .000146	 6.568627	-4.901961E-02	
  .0001462	 6.568627	-6.862745E-02	
  .0001464	 6.372549	-6.862745E-02	
  .0001466	 6.568627	-4.901961E-02	
  .0001468	 6.372549	-.0882353	
  .000147	 6.176471	-6.862745E-02	
  .0001472	 5.980392	-.0882353	
  .0001474	 6.372549	-6.862745E-02	
  .0001476	 6.176471	-.0882353	
  .0001478	 6.176471	-.0882353	
  .000148	 5.980392	-4.901961E-02	
  .0001482	 5.784314	-.0882353	
  .0001484	 5.784314	-.127451	
  .0001486	 5.392157	-.127451	
  .0001488	 5.392157	-.127451	
  .000149	 5.588235	-.127451	
  .0001492	 5.196078	-.127451	
  .0001494	 5.392157	-.127451	
  .0001496	 5.392157	-.127451	
  .0001498	 5.196078	-.1470588	
  .00015	 5.392157	-.1666667	
  .0001502	 5	-.1862745	
  .0001504	 4.607843	-.1862745	
  .0001506	 4.803922	-.1862745	
  .0001508	 4.803922	-.1666667	
  .000151	 4.803922	-.1862745	
  .0001512	 4.803922	-.1666667	
  .0001514	 4.607843	-.1862745	
  .0001516	 4.411765	-.2058824	
  .0001518	 4.215686	-.2254902	
  .000152	 4.019608	-.2254902	
  .0001522	 4.215686	-.2058824	
  .0001524	 4.215686	-.2058824	
  .0001526	 4.215686	-.2058824	
  .0001528	 3.823529	-.2058824	
  .000153	 3.823529	-.245098	
  .0001532	 3.823529	-.2058824	
  .0001534	 3.627451	-.245098	
  .0001536	 3.431373	-.245098	
  .0001538	 3.431373	-.2647059	
  .000154	 3.235294	-.245098	
  .0001542	 3.039216	-.2647059	
  .0001544	 3.235294	-.2843137	
  .0001546	 3.235294	-.245098	
  .0001548	 3.039216	-.2647059	
  .000155	 3.235294	-.2647059	
  .0001552	 2.843137	-.2843137	
  .0001554	 2.647059	-.2647059	
  .0001556	 2.45098	-.3039216	
  .0001558	 2.45098	-.3039216	
  .000156	 2.254902	-.2647059	
  .0001562	 2.45098	-.2843137	
  .0001564	 2.45098	-.3039216	
  .0001566	 2.254902	-.3039216	
  .0001568	 2.058824	-.3039216	
  .000157	 1.862745	-.3235294	
  .0001572	 2.058824	-.3039216	
  .0001574	 1.862745	-.3235294	
  .0001576	 1.862745	-.3235294	
  .0001578	 1.862745	-.3039216	
  .000158	 1.666667	-.3039216	
  .0001582	 1.470588	-.3235294	
  .0001584	 1.078431	-.3431373	
  .0001586	 1.078431	-.3431373	
  .0001588	 1.27451	-.3431373	
  .000159	 1.27451	-.3431373	
  .0001592	 .8823529	-.3235294	
  .0001594	 .8823529	-.3431373	
  .0001596	 .8823529	-.3431373	
  .0001598	 1.078431	-.3431373	
  .00016	 1.078431	-.3627451	
  .0001602	 .6862745	-.3627451	
  .0001604	 .2941177	-.3627451	
  .0001606	 .4901961	-.3627451	
  .0001608	 .2941177	-.3627451	
  .000161	 .2941177	-.3627451	
  .0001612	 9.803922E-02	-.3823529	
  .0001614	-.2941177	-.3823529	
  .0001616	-.2941177	-.3823529	
  .0001618	-.4901961	-.3823529	
  .000162	-.4901961	-.4019608	
  .0001622	-.4901961	-.4019608	
  .0001624	-.6862745	-.3823529	
  .0001626	-.6862745	-.3627451	
  .0001628	-.6862745	-.3823529	
  .000163	-.8823529	-.4019608	
  .0001632	-.6862745	-.4019608	
  .0001634	-1.078431	-.3823529	
  .0001636	-1.27451	-.4215686	
  .0001638	-.8823529	-.4215686	
  .000164	-1.27451	-.4019608	
  .0001642	-1.470588	-.4019608	
  .0001644	-1.470588	-.4019608	
  .0001646	-1.666667	-.3823529	
  .0001648	-1.470588	-.4215686	
  .000165	-1.862745	-.4019608	
  .0001652	-2.058824	-.4019608	
  .0001654	-1.666667	-.4215686	
  .0001656	-2.058824	-.4215686	
  .0001658	-1.862745	-.4215686	
  .000166	-2.058824	-.4411765	
  .0001662	-2.058824	-.4215686	
  .0001664	-2.254902	-.4215686	
  .0001666	-2.058824	-.4215686	
  .0001668	-2.058824	-.4215686	
  .000167	-2.647059	-.4411765	
  .0001672	-2.45098	-.4019608	
  .0001674	-2.647059	-.4215686	
  .0001676	-2.647059	-.4215686	
  .0001678	-2.647059	-.4019608	
  .000168	-3.039216	-.4019608	
  .0001682	-3.039216	-.4411765	
  .0001684	-3.039216	-.4411765	
  .0001686	-3.039216	-.4411765	
  .0001688	-2.843137	-.4215686	
  .000169	-3.235294	-.4215686	
  .0001692	-3.235294	-.4411765	
  .0001694	-3.039216	-.4411765	
  .0001696	-3.431373	-.4019608	
  .0001698	-3.431373	-.4411765	
  .00017	-3.627451	-.4215686	
  .0001702	-3.627451	-.4411765	
  .0001704	-3.627451	-.4215686	
  .0001706	-3.627451	-.4215686	
  .0001708	-3.823529	-.4215686	
  .000171	-3.627451	-.4411765	
  .0001712	-4.019608	-.4019608	
  .0001714	-4.019608	-.4215686	
  .0001716	-4.019608	-.4215686	
  .0001718	-4.215686	-.4411765	
  .000172	-4.215686	-.4411765	
  .0001722	-4.215686	-.4019608	
  .0001724	-4.019608	-.4215686	
  .0001726	-4.411765	-.4019608	
  .0001728	-4.411765	-.4215686	
  .000173	-4.607843	-.4215686	
  .0001732	-4.607843	-.4215686	
  .0001734	-4.803922	-.4215686	
  .0001736	-4.411765	-.4215686	
  .0001738	-4.607843	-.4215686	
  .000174	-4.607843	-.4215686	
  .0001742	-5	-.4215686	
  .0001744	-4.607843	-.4019608	
  .0001746	-4.803922	-.4215686	
  .0001748	-5	-.4215686	
  .000175	-5	-.4215686	
  .0001752	-5.196078	-.4215686	
  .0001754	-4.803922	-.4215686	
  .0001756	-5.196078	-.4215686	
  .0001758	-5	-.4019608	
  .000176	-5.196078	-.4215686	
  .0001762	-5	-.4019608	
  .0001764	-5.392157	-.4019608	
  .0001766	-5.392157	-.4019608	
  .0001768	-5.588235	-.4019608	
  .000177	-5.196078	-.3627451	
  .0001772	-5.392157	-.4019608	
  .0001774	-5.588235	-.4019608	
  .0001776	-5.392157	-.3627451	
  .0001778	-5.784314	-.3823529	
  .000178	-5.980392	-.4019608	
  .0001782	-5.784314	-.4019608	
  .0001784	-5.784314	-.3823529	
  .0001786	-5.588235	-.3823529	
  .0001788	-5.980392	-.3627451	
  .000179	-5.980392	-.3627451	
  .0001792	-5.980392	-.3627451	
  .0001794	-5.980392	-.3823529	
  .0001796	-5.980392	-.3823529	
  .0001798	-5.980392	-.3823529	
  .00018	-5.980392	-.3431373	
  .0001802	-6.372549	-.3627451	
  .0001804	-6.176471	-.3627451	
  .0001806	-6.176471	-.3627451	
  .0001808	-6.176471	-.3627451	
  .000181	-6.176471	-.3627451	
  .0001812	-6.372549	-.3431373	
  .0001814	-6.176471	-.3627451	
  .0001816	-6.372549	-.3431373	
  .0001818	-6.372549	-.3627451	
  .000182	-6.372549	-.3431373	
  .0001822	-6.568627	-.3235294	
  .0001824	-6.372549	-.3235294	
  .0001826	-6.372549	-.3235294	
  .0001828	-6.568627	-.3431373	
  .000183	-6.568627	-.3431373	
  .0001832	-6.764706	-.3235294	
  .0001834	-6.568627	-.3235294	
  .0001836	-6.568627	-.3039216	
  .0001838	-6.568627	-.3039216	
  .000184	-6.764706	-.3039216	
  .0001842	-6.764706	-.3039216	
  .0001844	-6.764706	-.2843137	
  .0001846	-6.568627	-.3235294	
  .0001848	-6.764706	-.3039216	
  .000185	-6.960784	-.2843137	
  .0001852	-6.568627	-.3039216	
  .0001854	-6.568627	-.3039216	
  .0001856	-6.764706	-.2843137	
  .0001858	-6.764706	-.2843137	
  .000186	-6.568627	-.2843137	
  .0001862	-6.764706	-.2647059	
  .0001864	-6.764706	-.3039216	
  .0001866	-6.764706	-.2647059	
  .0001868	-6.568627	-.2843137	
  .000187	-6.764706	-.245098	
  .0001872	-6.764706	-.245098	
  .0001874	-6.764706	-.2254902	
  .0001876	-6.764706	-.2254902	
  .0001878	-6.960784	-.245098	
  .000188	-6.764706	-.2647059	
  .0001882	-6.764706	-.245098	
  .0001884	-6.764706	-.2254902	
  .0001886	-6.568627	-.2254902	
  .0001888	-6.372549	-.2254902	
  .000189	-6.568627	-.2254902	
  .0001892	-6.764706	-.2254902	
  .0001894	-6.960784	-.2058824	
  .0001896	-6.764706	-.2058824	
  .0001898	-6.568627	-.2058824	
  .00019	-6.960784	-.2058824	
  .0001902	-6.568627	-.2058824	
  .0001904	-6.568627	-.1862745	
  .0001906	-6.764706	-.2058824	
  .0001908	-6.568627	-.1862745	
  .000191	-6.568627	-.1666667	
  .0001912	-6.764706	-.1862745	
  .0001914	-6.764706	-.1862745	
  .0001916	-6.568627	-.1666667	
  .0001918	-6.568627	-.1666667	
  .000192	-6.568627	-.127451	
  .0001922	-6.372549	-.1666667	
  .0001924	-6.372549	-.1470588	
  .0001926	-6.568627	-.1470588	
  .0001928	-6.568627	-.127451	
  .000193	-6.568627	-.1666667	
  .0001932	-6.372549	-.1470588	
  .0001934	-6.372549	-.127451	
  .0001936	-6.372549	-.1078431	
  .0001938	-6.372549	-.127451	
  .000194	-6.372549	-.127451	
  .0001942	-6.176471	-.1078431	
  .0001944	-6.764706	-.1078431	
  .0001946	-6.568627	-.127451	
  .0001948	-6.372549	-.127451	
  .000195	-6.372549	-.1078431	
  .0001952	-6.372549	-.127451	
  .0001954	-6.176471	-.0882353	
  .0001956	-5.980392	-.1078431	
  .0001958	-5.980392	-.0882353	
  .000196	-5.980392	-6.862745E-02	
  .0001962	-6.176471	-.0882353	
  .0001964	-6.176471	-6.862745E-02	
  .0001966	-5.980392	-6.862745E-02	
  .0001968	-5.784314	-4.901961E-02	
  .000197	-5.980392	-6.862745E-02	
  .0001972	-5.980392	-4.901961E-02	
  .0001974	-5.980392	-2.941176E-02	
  .0001976	-5.784314	-2.941176E-02	
  .0001978	-5.980392	-6.862745E-02	
  .000198	-5.784314	-4.901961E-02	
  .0001982	-5.588235	-2.941176E-02	
  .0001984	-5.392157	-2.941176E-02	
  .0001986	-5.588235	-9.803922E-03	
  .0001988	-5.588235	-2.941176E-02	
  .000199	-5.392157	-2.941176E-02	
  .0001992	-5.392157	-9.803922E-03	
  .0001994	-5.392157	-2.941176E-02	
  .0001996	-5.392157	-2.941176E-02	
  .0001998	-5.392157	-9.803922E-03	
  .0002	-5.392157	-9.803922E-03	
  .0002002	-5.196078	 9.803922E-03	
  .0002004	-5.196078	 9.803922E-03	
  .0002006	-5.196078	 9.803922E-03	
  .0002008	-5	 9.803922E-03	
  .000201	-5.196078	 2.941176E-02	
  .0002012	-5	 4.901961E-02	
  .0002014	-5	 2.941176E-02	
  .0002016	-5	 9.803922E-03	
  .0002018	-4.803922	 2.941176E-02	
  .000202	-4.803922	 2.941176E-02	
  .0002022	-4.803922	 6.862745E-02	
  .0002024	-4.803922	 4.901961E-02	
  .0002026	-4.803922	 4.901961E-02	
  .0002028	-4.607843	 4.901961E-02	
  .000203	-4.607843	 4.901961E-02	
  .0002032	-4.607843	 4.901961E-02	
  .0002034	-4.215686	 6.862745E-02	
  .0002036	-4.411765	 .0882353	
  .0002038	-4.607843	 4.901961E-02	
  .000204	-4.411765	 .0882353	
  .0002042	-4.411765	 .0882353	
  .0002044	-4.411765	 6.862745E-02	
  .0002046	-4.411765	 .0882353	
  .0002048	-4.215686	 .0882353	
  .000205	-4.019608	 .0882353	
  .0002052	-4.019608	 .0882353	
  .0002054	-3.823529	 .1078431	
  .0002056	-3.823529	 .1078431	
  .0002058	-4.019608	 .1078431	
  .000206	-3.823529	 .127451	
  .0002062	-3.823529	 .1078431	
  .0002064	-3.823529	 .127451	
  .0002066	-3.823529	 .1078431	
  .0002068	-3.431373	 .127451	
  .000207	-3.627451	 .1470588	
  .0002072	-3.235294	 .1470588	
  .0002074	-3.431373	 .1862745	
  .0002076	-3.431373	 .1666667	
  .0002078	-3.431373	 .127451	
  .000208	-3.431373	 .1470588	
  .0002082	-3.235294	 .1470588	
  .0002084	-3.235294	 .1666667	
  .0002086	-3.039216	 .1666667	
  .0002088	-2.843137	 .1666667	
  .000209	-2.843137	 .1862745	
  .0002092	-3.039216	 .1862745	
  .0002094	-2.843137	 .1470588	
  .0002096	-2.843137	 .1666667	
  .0002098	-2.843137	 .1666667	
  .00021	-2.45098	 .1862745	
  .0002102	-2.647059	 .2058824	
  .0002104	-2.45098	 .2058824	
  .0002106	-2.254902	 .2058824	
  .0002108	-2.254902	 .2254902	
  .000211	-2.45098	 .1862745	
  .0002112	-2.254902	 .2058824	
  .0002114	-2.254902	 .2058824	
  .0002116	-2.254902	 .1862745	
  .0002118	-1.862745	 .2058824	
  .000212	-1.862745	 .2254902	
  .0002122	-1.862745	 .2254902	
  .0002124	-1.862745	 .2254902	
  .0002126	-1.862745	 .2254902	
  .0002128	-1.862745	 .2254902	
  .000213	-1.666667	 .2254902	
  .0002132	-1.666667	 .245098	
  .0002134	-1.666667	 .2254902	
  .0002136	-1.666667	 .245098	
  .0002138	-1.470588	 .2254902	
  .000214	-1.078431	 .2647059	
  .0002142	-1.27451	 .2647059	
  .0002144	-1.27451	 .2647059	
  .0002146	-1.27451	 .245098	
  .0002148	-1.27451	 .2647059	
  .000215	-1.27451	 .245098	
  .0002152	-1.078431	 .2647059	
  .0002154	-.6862745	 .2647059	
  .0002156	-.8823529	 .2647059	
  .0002158	-.6862745	 .2647059	
  .000216	-.6862745	 .2843137	
  .0002162	-.6862745	 .2843137	
  .0002164	-.8823529	 .2647059	
  .0002166	-.4901961	 .2843137	
  .0002168	-.2941177	 .2843137	
  .000217	-9.803922E-02	 .2843137	
  .0002172	-.4901961	 .3039216	
  .0002174	-.4901961	 .3039216	
  .0002176	-.2941177	 .2647059	
  .0002178	-9.803922E-02	 .2843137	
  .000218	-.4901961	 .2843137	
  .0002182	 9.803922E-02	 .2843137	
  .0002184	 9.803922E-02	 .3039216	
  .0002186	 9.803922E-02	 .3039216	
  .0002188	 9.803922E-02	 .3039216	
  .000219	 .2941177	 .3235294	
  .0002192	 .2941177	 .3039216	
  .0002194	 .4901961	 .2843137	
  .0002196	 .2941177	 .3039216	
  .0002198	 .2941177	 .2843137	
  .00022	 .4901961	 .3431373	
  .0002202	 .4901961	 .3039216	
  .0002204	 .6862745	 .3039216	
  .0002206	 .8823529	 .3039216	
  .0002208	 .8823529	 .3039216	
  .000221	 .8823529	 .3235294	
  .0002212	 .6862745	 .3235294	
  .0002214	 .8823529	 .2843137	
  .0002216	 .8823529	 .3235294	
  .0002218	 .8823529	 .3039216	
  .000222	 1.078431	 .3235294	
  .0002222	 1.27451	 .3235294	
  .0002224	 1.27451	 .3235294	
  .0002226	 1.27451	 .3235294	
  .0002228	 1.078431	 .3235294	
  .000223	 1.27451	 .3039216	
  .0002232	 1.666667	 .3235294	
  .0002234	 1.470588	 .3235294	
  .0002236	 1.470588	 .3431373	
  .0002238	 1.470588	 .3431373	
  .000224	 1.666667	 .3235294	
  .0002242	 1.862745	 .3235294	
  .0002244	 1.470588	 .3235294	
  .0002246	 1.470588	 .3431373	
  .0002248	 1.666667	 .3039216	
  .000225	 1.666667	 .3235294	
  .0002252	 1.862745	 .3235294	
  .0002254	 1.862745	 .3431373	
  .0002256	 2.058824	 .3431373	
  .0002258	 2.058824	 .3431373	
  .000226	 2.058824	 .3431373	
  .0002262	 2.254902	 .3627451	
  .0002264	 2.254902	 .3235294	
  .0002266	 2.45098	 .3431373	
  .0002268	 2.45098	 .3431373	
  .000227	 2.647059	 .3627451	
  .0002272	 2.647059	 .3431373	
  .0002274	 2.45098	 .3823529	
  .0002276	 2.647059	 .3431373	
  .0002278	 2.45098	 .3235294	
  .000228	 2.254902	 .3431373	
  .0002282	 2.843137	 .3431373	
  .0002284	 2.843137	 .3627451	
  .0002286	 2.647059	 .3431373	
  .0002288	 3.039216	 .3431373	
  .000229	 2.843137	 .3235294	
  .0002292	 3.039216	 .3235294	
  .0002294	 3.039216	 .3235294	
  .0002296	 2.843137	 .3235294	
  .0002298	 3.039216	 .3431373	
  .00023	 3.039216	 .3627451	
  .0002302	 3.235294	 .3431373	
  .0002304	 3.627451	 .3627451	
  .0002306	 3.431373	 .3627451	
  .0002308	 3.039216	 .3235294	
  .000231	 3.235294	 .3039216	
  .0002312	 3.431373	 .3431373	
  .0002314	 3.431373	 .3235294	
  .0002316	 3.627451	 .3431373	
  .0002318	 3.627451	 .3431373	
  .000232	 3.431373	 .3431373	
  .0002322	 3.627451	 .3235294	
  .0002324	 3.627451	 .3431373	
  .0002326	 3.627451	 .3039216	
  .0002328	 3.627451	 .3235294	
  .000233	 4.019608	 .3235294	
  .0002332	 3.823529	 .3235294	
  .0002334	 3.627451	 .3235294	
  .0002336	 3.823529	 .3235294	
  .0002338	 4.019608	 .3431373	
  .000234	 3.823529	 .3431373	
  .0002342	 4.215686	 .2843137	
  .0002344	 3.823529	 .3039216	
  .0002346	 3.627451	 .2843137	
  .0002348	 4.019608	 .3235294	
  .000235	 3.823529	 .3235294	
  .0002352	 4.019608	 .3235294	
  .0002354	 4.019608	 .3235294	
  .0002356	 4.215686	 .3235294	
  .0002358	 4.215686	 .3039216	
  .000236	 4.019608	 .3039216	
  .0002362	 4.019608	 .2843137	
  .0002364	 4.215686	 .3039216	
  .0002366	 4.215686	 .3039216	
  .0002368	 4.215686	 .3039216	
  .000237	 4.411765	 .3235294	
  .0002372	 4.215686	 .3235294	
  .0002374	 4.411765	 .2843137	
  .0002376	 4.411765	 .2647059	
  .0002378	 4.215686	 .2843137	
  .000238	 4.411765	 .2843137	
  .0002382	 4.215686	 .2647059	
  .0002384	 4.411765	 .3235294	
  .0002386	 4.411765	 .2647059	
  .0002388	 4.411765	 .2843137	
  .000239	 4.607843	 .3039216	
  .0002392	 4.607843	 .2647059	
  .0002394	 4.411765	 .3039216	
  .0002396	 4.607843	 .2647059	
  .0002398	 4.607843	 .2843137	
  .00024	 4.803922	 .2647059	
  .0002402	 4.803922	 .2843137	
  .0002404	 4.803922	 .2647059	
  .0002406	 4.803922	 .245098	
  .0002408	 4.803922	 .2843137	
  .000241	 4.607843	 .2647059	
  .0002412	 4.803922	 .245098	
  .0002414	 4.803922	 .2647059	
  .0002416	 4.607843	 .2647059	
  .0002418	 4.803922	 .2843137	
  .000242	 4.803922	 .2647059	
  .0002422	 4.607843	 .245098	
  .0002424	 4.803922	 .245098	
  .0002426	 4.803922	 .245098	
  .0002428	 4.803922	 .2254902	
  .000243	 5.196078	 .2254902	
  .0002432	 4.803922	 .245098	
  .0002434	 4.803922	 .245098	
  .0002436	 4.803922	 .245098	
  .0002438	 4.803922	 .245098	
  .000244	 4.803922	 .2254902	
  .0002442	 4.607843	 .2254902	
  .0002444	 4.803922	 .2058824	
  .0002446	 5	 .2254902	
  .0002448	 4.607843	 .2058824	
  .000245	 4.803922	 .1862745	
  .0002452	 4.607843	 .2058824	
  .0002454	 5	 .2254902	
  .0002456	 5	 .2058824	
  .0002458	 5	 .2058824	
  .000246	 5	 .2058824	
  .0002462	 4.607843	 .1862745	
  .0002464	 5	 .2058824	
  .0002466	 4.803922	 .1862745	
  .0002468	 5	 .2058824	
  .000247	 5	 .2058824	
  .0002472	 5	 .2058824	
  .0002474	 4.803922	 .1862745	
  .0002476	 5	 .1862745	
  .0002478	 4.803922	 .1862745	
  .000248	 4.803922	 .1862745	
  .0002482	 4.803922	 .1470588	
  .0002484	 5	 .1862745	
  .0002486	 4.803922	 .1666667	
  .0002488	 4.803922	 .1666667	
  .000249	 5	 .1470588	
  .0002492	 4.803922	 .1470588	
  .0002494	 4.803922	 .1470588	
  .0002496	 4.803922	 .1666667	
  .0002498	 4.803922	 .1470588	
  .00025	 4.803922	 .1470588	
  .0002502	 5.196078	 .1666667	
  .0002504	 5	 .1470588	
  .0002506	 4.803922	 .127451	
  .0002508	 4.803922	 .1078431	
  .000251	 4.607843	 .1078431	
  .0002512	 4.607843	 .127451	
  .0002514	 4.607843	 .1470588	
  .0002516	 5	 .127451	
  .0002518	 4.803922	 .1470588	
  .000252	 5	 .127451	
  .0002522	 4.607843	 .1078431	
  .0002524	 4.607843	 .0882353	
  .0002526	 4.607843	 .127451	
  .0002528	 4.607843	 .1078431	
  .000253	 4.607843	 .1078431	
  .0002532	 4.607843	 .1078431	
  .0002534	 4.411765	 .0882353	
  .0002536	 4.803922	 .1078431	
  .0002538	 4.411765	 .0882353	
  .000254	 4.607843	 .0882353	
  .0002542	 4.411765	 6.862745E-02	
  .0002544	 4.411765	 6.862745E-02	
  .0002546	 4.411765	 .0882353	
  .0002548	 4.411765	 .0882353	
  .000255	 4.215686	 6.862745E-02	
  .0002552	 4.411765	 6.862745E-02	
  .0002554	 4.411765	 .0882353	
  .0002556	 4.411765	 4.901961E-02	
  .0002558	 4.215686	 6.862745E-02	
  .000256	 4.215686	 4.901961E-02	
  .0002562	 4.215686	 6.862745E-02	
  .0002564	 4.411765	 6.862745E-02	
  .0002566	 4.215686	 4.901961E-02	
  .0002568	 4.215686	 6.862745E-02	
  .000257	 4.019608	 6.862745E-02	
  .0002572	 4.215686	 2.941176E-02	
  .0002574	 4.019608	 2.941176E-02	
  .0002576	 4.019608	 2.941176E-02	
  .0002578	 4.019608	 2.941176E-02	
  .000258	 3.823529	 9.803922E-03	
  .0002582	 4.019608	 2.941176E-02	
  .0002584	 4.019608	 2.941176E-02	
  .0002586	 4.019608	 9.803922E-03	
  .0002588	 3.823529	 9.803922E-03	
  .000259	 4.019608	 9.803922E-03	
  .0002592	 3.627451	 9.803922E-03	
  .0002594	 3.627451	 9.803922E-03	
  .0002596	 3.823529	 2.941176E-02	
  .0002598	 3.823529	 9.803922E-03	
  .00026	 3.823529	 2.941176E-02	
  .0002602	 3.823529	-9.803922E-03	
  .0002604	 3.431373	-9.803922E-03	
  .0002606	 3.627451	 9.803922E-03	
  .0002608	 3.431373	-9.803922E-03	
  .000261	 3.627451	-9.803922E-03	
  .0002612	 3.627451	-9.803922E-03	
  .0002614	 3.431373	-9.803922E-03	
  .0002616	 3.627451	-9.803922E-03	
  .0002618	 3.627451	-2.941176E-02	
  .000262	 3.235294	-2.941176E-02	
  .0002622	 3.431373	-2.941176E-02	
  .0002624	 3.235294	-2.941176E-02	
  .0002626	 3.039216	-2.941176E-02	
  .0002628	 3.431373	-4.901961E-02	
  .000263	 3.235294	-2.941176E-02	
  .0002632	 3.235294	-4.901961E-02	
  .0002634	 3.039216	-4.901961E-02	
  .0002636	 3.039216	-2.941176E-02	
  .0002638	 3.039216	-4.901961E-02	
  .000264	 2.843137	-2.941176E-02	
  .0002642	 2.647059	-6.862745E-02	
  .0002644	 2.843137	-6.862745E-02	
  .0002646	 2.647059	-6.862745E-02	
  .0002648	 2.843137	-4.901961E-02	
  .000265	 2.647059	-6.862745E-02	
  .0002652	 2.647059	-4.901961E-02	
  .0002654	 2.647059	-4.901961E-02	
  .0002656	 2.647059	-6.862745E-02	
  .0002658	 2.647059	-6.862745E-02	
  .000266	 2.45098	-.0882353	
  .0002662	 2.843137	-6.862745E-02	
  .0002664	 2.45098	-6.862745E-02	
  .0002666	 2.45098	-6.862745E-02	
  .0002668	 2.45098	-4.901961E-02	
  .000267	 2.254902	-6.862745E-02	
  .0002672	 2.45098	-.127451	
  .0002674	 2.058824	-.1078431	
  .0002676	 2.058824	-.0882353	
  .0002678	 2.058824	-.0882353	
  .000268	 2.254902	-.0882353	
  .0002682	 1.862745	-.0882353	
  .0002684	 2.058824	-.0882353	
  .0002686	 1.862745	-.1078431	
  .0002688	 2.058824	-.1078431	
  .000269	 1.862745	-.127451	
  .0002692	 1.666667	-.127451	
  .0002694	 1.862745	-.0882353	
  .0002696	 1.862745	-.0882353	
  .0002698	 1.666667	-.0882353	
  .00027	 2.058824	-.1078431	
  .0002702	 1.862745	-.1078431	
  .0002704	 1.470588	-.127451	
  .0002706	 1.666667	-.127451	
  .0002708	 1.27451	-.127451	
  .000271	 1.470588	-.1666667	
  .0002712	 1.470588	-.127451	
  .0002714	 1.27451	-.127451	
  .0002716	 1.27451	-.1078431	
  .0002718	 1.470588	-.127451	
  .000272	 1.078431	-.127451	
  .0002722	 1.27451	-.1470588	
  .0002724	 1.078431	-.1666667	
  .0002726	 1.078431	-.1470588	
  .0002728	 1.078431	-.127451	
  .000273	 1.078431	-.1470588	
  .0002732	 1.078431	-.1666667	
  .0002734	 1.078431	-.1078431	
  .0002736	 .6862745	-.1470588	
  .0002738	 .8823529	-.1470588	
  .000274	 .8823529	-.1470588	
  .0002742	 .6862745	-.1470588	
  .0002744	 .8823529	-.1470588	
  .0002746	 .4901961	-.1470588	
  .0002748	 .4901961	-.1470588	
  .000275	 .6862745	-.1666667	
  .0002752	 .6862745	-.1470588	
  .0002754	 .4901961	-.1666667	
  .0002756	 .4901961	-.1862745	
  .0002758	 .2941177	-.1470588	
  .000276	 .4901961	-.1470588	
  .0002762	 .2941177	-.1666667	
  .0002764	 .2941177	-.1666667	
  .0002766	 .4901961	-.1470588	
  .0002768	 9.803922E-02	-.1666667	
  .000277	 9.803922E-02	-.1862745	
  .0002772	 9.803922E-02	-.1862745	
  .0002774	-.2941177	-.1862745	
  .0002776	 9.803922E-02	-.1862745	
  .0002778	-9.803922E-02	-.1666667	
  .000278	-9.803922E-02	-.1666667	
  .0002782	-9.803922E-02	-.1666667	
  .0002784	-9.803922E-02	-.1862745	
  .0002786	-9.803922E-02	-.1666667	
  .0002788	 9.803922E-02	-.1862745	
  .000279	-.2941177	-.1862745	
  .0002792	-.4901961	-.1862745	
  .0002794	-.2941177	-.1862745	
  .0002796	-9.803922E-02	-.1862745	
  .0002798	-.2941177	-.1666667	
  .00028	-.2941177	-.1862745	
  .0002802	-.4901961	-.1862745	
  .0002804	-.4901961	-.1862745	
  .0002806	-.4901961	-.1666667	
  .0002808	-.6862745	-.2058824	
  .000281	-.4901961	-.1862745	
  .0002812	-.6862745	-.1666667	
  .0002814	-.6862745	-.1862745	
  .0002816	-.6862745	-.1666667	
  .0002818	-.6862745	-.2058824	
  .000282	-.6862745	-.2254902	
  .0002822	-.8823529	-.1862745	
  .0002824	-1.078431	-.2058824	
  .0002826	-.8823529	-.2254902	
  .0002828	-.6862745	-.1862745	
  .000283	-1.078431	-.1862745	
  .0002832	-1.078431	-.2058824	
  .0002834	-1.078431	-.2058824	
  .0002836	-1.078431	-.2058824	
  .0002838	-1.27451	-.1862745	
  .000284	-1.470588	-.2058824	
  .0002842	-1.470588	-.2058824	
  .0002844	-1.27451	-.2254902	
  .0002846	-1.470588	-.1862745	
  .0002848	-1.470588	-.2058824	
  .000285	-1.27451	-.1862745	
  .0002852	-1.470588	-.1862745	
  .0002854	-1.470588	-.2058824	
  .0002856	-1.470588	-.1862745	
  .0002858	-1.470588	-.2254902	
  .000286	-1.27451	-.1666667	
  .0002862	-1.666667	-.1862745	
  .0002864	-1.470588	-.1862745	
  .0002866	-1.470588	-.1666667	
  .0002868	-1.666667	-.1862745	
  .000287	-1.666667	-.2058824	
  .0002872	-1.862745	-.2058824	
  .0002874	-1.862745	-.2058824	
  .0002876	-1.666667	-.1862745	
  .0002878	-1.862745	-.1862745	
  .000288	-1.862745	-.1862745	
  .0002882	-1.862745	-.2058824	
  .0002884	-2.058824	-.2058824	
  .0002886	-2.058824	-.2058824	
  .0002888	-1.862745	-.2058824	
  .000289	-2.058824	-.2058824	
  .0002892	-2.058824	-.1862745	
  .0002894	-2.058824	-.1666667	
  .0002896	-2.058824	-.2058824	
  .0002898	-1.862745	-.1862745	
  .00029	-2.058824	-.1862745	
  .0002902	-2.45098	-.1862745	
  .0002904	-2.254902	-.2058824	
  .0002906	-2.254902	-.1862745	
  .0002908	-2.254902	-.1862745	
  .000291	-2.058824	-.1666667	
  .0002912	-2.058824	-.1862745	
  .0002914	-2.254902	-.1666667	
  .0002916	-2.254902	-.1862745	
  .0002918	-2.45098	-.1862745	
  .000292	-2.254902	-.2058824	
  .0002922	-2.647059	-.1666667	
  .0002924	-2.45098	-.2058824	
  .0002926	-2.647059	-.1666667	
  .0002928	-2.45098	-.1862745	
  .000293	-2.647059	-.2058824	
  .0002932	-2.254902	-.1666667	
  .0002934	-2.647059	-.1470588	
  .0002936	-2.45098	-.1862745	
  .0002938	-2.647059	-.1862745	
  .000294	-2.843137	-.1666667	
  .0002942	-2.647059	-.1666667	
  .0002944	-2.647059	-.1666667	
  .0002946	-2.45098	-.1862745	
  .0002948	-2.647059	-.1666667	
  .000295	-2.647059	-.1470588	
  .0002952	-2.843137	-.1862745	
  .0002954	-2.843137	-.1470588	
  .0002956	-3.039216	-.1666667	
  .0002958	-2.647059	-.1470588	
  .000296	-2.843137	-.1666667	
  .0002962	-2.647059	-.1666667	
  .0002964	-2.647059	-.127451	
  .0002966	-3.039216	-.127451	
  .0002968	-2.843137	-.1666667	
  .000297	-3.039216	-.1666667	
  .0002972	-3.039216	-.1666667	
  .0002974	-3.039216	-.1666667	
  .0002976	-3.039216	-.1666667	
  .0002978	-3.039216	-.1470588	
  .000298	-2.843137	-.127451	
  .0002982	-2.843137	-.1470588	
  .0002984	-3.039216	-.1666667	
  .0002986	-3.039216	-.1470588	
  .0002988	-3.039216	-.1470588	
  .000299	-3.039216	-.1470588	
  .0002992	-2.843137	-.127451	
  .0002994	-2.843137	-.127451	
  .0002996	-3.039216	-.127451	
  .0002998	-2.843137	-.127451	
  .0003	-3.039216	-.1078431	
  .0003002	-2.843137	-.1470588	
  .0003004	-3.235294	-.1470588	
  .0003006	-3.039216	-.1470588	
  .0003008	-3.039216	-.1470588	
  .000301	-3.039216	-.1078431	
  .0003012	-3.039216	-.127451	
  .0003014	-3.235294	-.1078431	
  .0003016	-3.235294	-.1078431	
  .0003018	-3.039216	-.127451	
  .000302	-2.843137	-.1078431	
  .0003022	-3.235294	-.127451	
  .0003024	-2.843137	-.1470588	
  .0003026	-3.039216	-.127451	
  .0003028	-3.039216	-.1078431	
  .000303	-2.843137	-.0882353	
  .0003032	-3.235294	-.0882353	
  .0003034	-3.039216	-.127451	
  .0003036	-3.039216	-.1078431	
  .0003038	-3.235294	-.1078431	
  .000304	-2.843137	-.1078431	
  .0003042	-3.235294	-.1078431	
  .0003044	-3.235294	-.1078431	
  .0003046	-3.039216	-.1078431	
  .0003048	-3.039216	-.1078431	
  .000305	-3.235294	-.0882353	
  .0003052	-3.039216	-.1078431	
  .0003054	-3.235294	-.0882353	
  .0003056	-3.039216	-.0882353	
  .0003058	-2.843137	-6.862745E-02	
  .000306	-2.843137	-6.862745E-02	
  .0003062	-3.039216	-6.862745E-02	
  .0003064	-3.039216	-4.901961E-02	
  .0003066	-3.235294	-6.862745E-02	
  .0003068	-3.039216	-.1078431	
  .000307	-3.235294	-.0882353	
  .0003072	-3.235294	-.0882353	
  .0003074	-3.039216	-6.862745E-02	
  .0003076	-3.039216	-6.862745E-02	
  .0003078	-3.039216	-6.862745E-02	
  .000308	-3.039216	-6.862745E-02	
  .0003082	-3.235294	-6.862745E-02	
  .0003084	-3.039216	-6.862745E-02	
  .0003086	-3.039216	-6.862745E-02	
  .0003088	-3.235294	-6.862745E-02	
  .000309	-2.843137	-4.901961E-02	
  .0003092	-2.843137	-2.941176E-02	
  .0003094	-2.843137	-4.901961E-02	
  .0003096	-2.843137	-4.901961E-02	
  .0003098	-2.843137	-2.941176E-02	
  .00031	-3.039216	-2.941176E-02	
  .0003102	-2.843137	-6.862745E-02	
  .0003104	-3.039216	-4.901961E-02	
  .0003106	-2.843137	-6.862745E-02	
  .0003108	-2.843137	-2.941176E-02	
  .000311	-2.647059	-9.803922E-03	
  .0003112	-2.843137	-9.803922E-03	
  .0003114	-2.843137	-2.941176E-02	
  .0003116	-3.039216	-2.941176E-02	
  .0003118	-2.843137	-4.901961E-02	
  .000312	-3.039216	-4.901961E-02	
  .0003122	-2.647059	-2.941176E-02	
  .0003124	-2.647059	-9.803922E-03	
  .0003126	-2.843137	-9.803922E-03	
  .0003128	-2.647059	-2.941176E-02	
  .000313	-2.45098	-2.941176E-02	
  .0003132	-2.843137	 9.803922E-03	
  .0003134	-2.45098	-2.941176E-02	
  .0003136	-2.843137	-2.941176E-02	
  .0003138	-2.647059	-2.941176E-02	
  .000314	-2.647059	-4.901961E-02	
  .0003142	-2.647059	-9.803922E-03	
  .0003144	-2.45098	-9.803922E-03	
  .0003146	-2.647059	 9.803922E-03	
  .0003148	-2.45098	 9.803922E-03	
  .000315	-2.647059	-2.941176E-02	
  .0003152	-2.843137	 2.941176E-02	
  .0003154	-2.647059	-9.803922E-03	
  .0003156	-2.45098	 2.941176E-02	
  .0003158	-2.45098	 2.941176E-02	
  .000316	-2.45098	 9.803922E-03	
  .0003162	-2.254902	 2.941176E-02	
  .0003164	-2.647059	 2.941176E-02	
  .0003166	-2.254902	 9.803922E-03	
  .0003168	-2.254902	 9.803922E-03	
  .000317	-2.254902	 9.803922E-03	
  .0003172	-2.058824	 9.803922E-03	
  .0003174	-2.254902	 2.941176E-02	
  .0003176	-2.254902	 2.941176E-02	
  .0003178	-2.254902	 9.803922E-03	
  .000318	-2.058824	 2.941176E-02	
  .0003182	-2.058824	 2.941176E-02	
  .0003184	-2.058824	 9.803922E-03	
  .0003186	-2.254902	 2.941176E-02	
  .0003188	-2.254902	 2.941176E-02	
  .000319	-1.862745	 2.941176E-02	
  .0003192	-2.058824	 4.901961E-02	
  .0003194	-2.058824	 6.862745E-02	
  .0003196	-1.862745	 2.941176E-02	
  .0003198	-1.862745	 4.901961E-02	
  .00032	-1.862745	 6.862745E-02	
  .0003202	-2.058824	 4.901961E-02	
  .0003204	-2.058824	 4.901961E-02	
  .0003206	-1.666667	 4.901961E-02	
  .0003208	-1.862745	 6.862745E-02	
  .000321	-1.666667	 6.862745E-02	
  .0003212	-1.862745	 6.862745E-02	
  .0003214	-1.666667	 6.862745E-02	
  .0003216	-1.862745	 4.901961E-02	
  .0003218	-1.666667	 6.862745E-02	
  .000322	-1.862745	 6.862745E-02	
  .0003222	-1.666667	 2.941176E-02	
  .0003224	-1.470588	 6.862745E-02	
  .0003226	-1.666667	 6.862745E-02	
  .0003228	-1.666667	 .0882353	
  .000323	-1.666667	 6.862745E-02	
  .0003232	-1.470588	 6.862745E-02	
  .0003234	-1.666667	 6.862745E-02	
  .0003236	-1.666667	 .0882353	
  .0003238	-1.27451	 6.862745E-02	
  .000324	-1.27451	 6.862745E-02	
  .0003242	-1.27451	 .0882353	
  .0003244	-1.470588	 6.862745E-02	
  .0003246	-1.27451	 .0882353	
  .0003248	-1.078431	 .1078431	
  .000325	-1.27451	 .0882353	
  .0003252	-1.27451	 .0882353	
  .0003254	-1.27451	 .0882353	
  .0003256	-.8823529	 .0882353	
  .0003258	-1.078431	 .1078431	
  .000326	-1.078431	 .0882353	
  .0003262	-.8823529	 .127451	
  .0003264	-1.078431	 .127451	
  .0003266	-1.078431	 .0882353	
  .0003268	-1.078431	 .0882353	
  .000327	-.8823529	 .0882353	
  .0003272	-.8823529	 .0882353	
  .0003274	-.8823529	 .1078431	
  .0003276	-.6862745	 .1470588	
  .0003278	-1.078431	 .127451	
  .000328	-.8823529	 .127451	
  .0003282	-.6862745	 .0882353	
  .0003284	-.8823529	 .0882353	
  .0003286	-.6862745	 .127451	
  .0003288	-.4901961	 .1078431	
  .000329	-.4901961	 .127451	
  .0003292	-.4901961	 .127451	
  .0003294	-.2941177	 .1470588	
  .0003296	-.4901961	 .1470588	
  .0003298	-.4901961	 .127451	
  .00033	-.4901961	 .1078431	
  .0003302	-.4901961	 .127451	
  .0003304	-.2941177	 .127451	
  .0003306	-.2941177	 .127451	
  .0003308	-.2941177	 .1470588	
  .000331	-.4901961	 .1470588	
  .0003312	-.2941177	 .127451	
  .0003314	-.2941177	 .1470588	
  .0003316	-.2941177	 .127451	
  .0003318	-9.803922E-02	 .127451	
  .000332	 9.803922E-02	 .1470588	
  .0003322	-9.803922E-02	 .1470588	
  .0003324	-9.803922E-02	 .127451	
  .0003326	-.2941177	 .127451	
  .0003328	 9.803922E-02	 .1470588	
  .000333	 9.803922E-02	 .1470588	
  .0003332	 9.803922E-02	 .127451	
  .0003334	 9.803922E-02	 .127451	
  .0003336	-9.803922E-02	 .127451	
  .0003338	 9.803922E-02	 .1470588	
  .000334	 9.803922E-02	 .1470588	
  .0003342	 9.803922E-02	 .1470588	
  .0003344	 .2941177	 .1470588	
  .0003346	 .4901961	 .1666667	
  .0003348	 .2941177	 .127451	
  .000335	 9.803922E-02	 .1470588	
  .0003352	 .2941177	 .1470588	
  .0003354	 .4901961	 .1862745	
  .0003356	 .4901961	 .1666667	
  .0003358	 .2941177	 .1666667	
  .000336	 .4901961	 .1862745	
  .0003362	 .2941177	 .1862745	
  .0003364	 .2941177	 .1470588	
  .0003366	 .4901961	 .1470588	
  .0003368	 .2941177	 .127451	
  .000337	 .4901961	 .1666667	
  .0003372	 .6862745	 .1470588	
  .0003374	 .4901961	 .1666667	
  .0003376	 .4901961	 .1666667	
  .0003378	 .8823529	 .1666667	
  .000338	 .6862745	 .1666667	
  .0003382	 1.078431	 .1470588	
  .0003384	 .6862745	 .1862745	
  .0003386	 .6862745	 .1470588	
  .0003388	 .8823529	 .1666667	
  .000339	 .8823529	 .1666667	
  .0003392	 .8823529	 .1862745	
  .0003394	 1.27451	 .1666667	
  .0003396	 1.078431	 .1666667	
  .0003398	 1.078431	 .1862745	
  .00034	 .8823529	 .1666667	
  .0003402	 1.078431	 .1470588	
  .0003404	 1.078431	 .1666667	
  .0003406	 1.078431	 .1666667	
  .0003408	 1.078431	 .1666667	
  .000341	 1.078431	 .1862745	
  .0003412	 1.078431	 .1862745	
  .0003414	 1.078431	 .1470588	
  .0003416	 1.27451	 .1862745	
  .0003418	 1.078431	 .1470588	
  .000342	 1.470588	 .1666667	
  .0003422	 1.27451	 .1666667	
  .0003424	 1.27451	 .1666667	
  .0003426	 1.27451	 .1666667	
  .0003428	 1.078431	 .1862745	
  .000343	 1.27451	 .1666667	
  .0003432	 1.078431	 .1470588	
  .0003434	 1.27451	 .1470588	
  .0003436	 1.470588	 .127451	
  .0003438	 1.27451	 .1470588	
  .000344	 1.470588	 .1666667	
  .0003442	 1.27451	 .1666667	
  .0003444	 1.666667	 .1862745	
  .0003446	 1.470588	 .1862745	
  .0003448	 1.666667	 .1666667	
  .000345	 1.666667	 .1862745	
  .0003452	 1.666667	 .1666667	
  .0003454	 1.666667	 .1862745	
  .0003456	 1.666667	 .1666667	
  .0003458	 1.666667	 .1666667	
  .000346	 1.862745	 .1862745	
  .0003462	 1.666667	 .2058824	
  .0003464	 1.666667	 .1666667	
  .0003466	 1.862745	 .1666667	
  .0003468	 1.666667	 .1666667	
  .000347	 1.862745	 .1666667	
  .0003472	 1.862745	 .1470588	
  .0003474	 1.666667	 .1666667	
  .0003476	 1.862745	 .1862745	
  .0003478	 1.862745	 .1666667	
  .000348	 1.666667	 .1470588	
  .0003482	 1.862745	 .1470588	
  .0003484	 1.862745	 .1470588	
  .0003486	 2.058824	 .1470588	
  .0003488	 2.058824	 .1862745	
  .000349	 2.058824	 .1666667	
  .0003492	 2.254902	 .1666667	
  .0003494	 2.058824	 .1470588	
  .0003496	 1.862745	 .1666667	
  .0003498	 1.862745	 .1666667	
  .00035	 1.862745	 .1470588	
  .0003502	 2.058824	 .127451	
  .0003504	 2.058824	 .1666667	
  .0003506	 2.254902	 .1666667	
  .0003508	 2.058824	 .1862745	
  .000351	 2.254902	 .1470588	
  .0003512	 2.254902	 .1470588	
  .0003514	 2.058824	 .1470588	
  .0003516	 2.058824	 .1470588	
  .0003518	 2.254902	 .1666667	
  .000352	 2.254902	 .1470588	
  .0003522	 2.254902	 .1666667	
  .0003524	 2.254902	 .1470588	
  .0003526	 2.647059	 .1666667	
  .0003528	 2.058824	 .1666667	
  .000353	 2.254902	 .1470588	
  .0003532	 2.254902	 .1078431	
  .0003534	 2.058824	 .1470588	
  .0003536	 2.45098	 .1470588	
  .0003538	 2.254902	 .127451	
  .000354	 2.254902	 .1666667	
  .0003542	 2.254902	 .1666667	
  .0003544	 2.45098	 .1666667	
  .0003546	 2.45098	 .127451	
  .0003548	 2.254902	 .1470588	
  .000355	 2.254902	 .1666667	
  .0003552	 2.45098	 .1666667	
  .0003554	 2.45098	 .1666667	
  .0003556	 2.45098	 .1470588	
  .0003558	 2.647059	 .1666667	
  .000356	 2.254902	 .1666667	
  .0003562	 2.254902	 .127451	
  .0003564	 2.45098	 .127451	
  .0003566	 2.45098	 .1078431	
  .0003568	 2.45098	 .1078431	
  .000357	 2.45098	 .127451	
  .0003572	 2.45098	 .127451	
  .0003574	 2.45098	 .1470588	
  .0003576	 2.45098	 .127451	
  .0003578	 2.45098	 .127451	
  .000358	 2.647059	 .127451	
  .0003582	 2.45098	 .1470588	
  .0003584	 2.45098	 .127451	
  .0003586	 2.45098	 .1470588	
  .0003588	 2.45098	 .127451	
  .000359	 2.647059	 .127451	
  .0003592	 2.843137	 .127451	
  .0003594	 2.647059	 .1078431	
  .0003596	 2.647059	 .1470588	
  .0003598	 2.45098	 .127451	
  .00036	 2.647059	 .1078431	
  .0003602	 2.647059	 .127451	
  .0003604	 2.45098	 .127451	
  .0003606	 2.647059	 .1470588	
  .0003608	 2.45098	 .127451	
  .000361	 2.45098	 .1078431	
  .0003612	 2.647059	 .1078431	
  .0003614	 2.45098	 .0882353	
  .0003616	 2.45098	 .0882353	
  .0003618	 2.843137	 .0882353	
  .000362	 2.45098	 .1078431	
  .0003622	 2.45098	 .0882353	
  .0003624	 2.45098	 .1078431	
  .0003626	 2.254902	 .127451	
  .0003628	 2.647059	 .0882353	
  .000363	 2.254902	 .0882353	
  .0003632	 2.45098	 .1078431	
  .0003634	 2.45098	 .0882353	
  .0003636	 2.45098	 6.862745E-02	
  .0003638	 2.647059	 .1078431	
  .000364	 2.45098	 .1078431	
  .0003642	 2.45098	 .1078431	
  .0003644	 2.647059	 .127451	
  .0003646	 2.647059	 .1078431	
  .0003648	 2.647059	 .127451	
  .000365	 2.254902	 .1078431	
  .0003652	 2.45098	 .0882353	
  .0003654	 2.45098	 .1078431	
  .0003656	 2.647059	 .0882353	
  .0003658	 2.647059	 .1078431	
  .000366	 2.45098	 .0882353	
  .0003662	 2.254902	 6.862745E-02	
  .0003664	 2.254902	 4.901961E-02	
  .0003666	 2.45098	 6.862745E-02	
  .0003668	 2.647059	 .0882353	
  .000367	 2.45098	 6.862745E-02	
  .0003672	 2.45098	 .0882353	
  .0003674	 2.45098	 .0882353	
  .0003676	 2.254902	 6.862745E-02	
  .0003678	 2.45098	 4.901961E-02	
  .000368	 2.254902	 6.862745E-02	
  .0003682	 2.45098	 4.901961E-02	
  .0003684	 2.45098	 6.862745E-02	
  .0003686	 2.254902	 .0882353	
  .0003688	 2.254902	 6.862745E-02	
  .000369	 2.647059	 6.862745E-02	
  .0003692	 2.45098	 6.862745E-02	
  .0003694	 2.45098	 4.901961E-02	
  .0003696	 2.254902	 2.941176E-02	
  .0003698	 2.058824	 4.901961E-02	
  .00037	 2.45098	 4.901961E-02	
  .0003702	 2.254902	 4.901961E-02	
  .0003704	 2.45098	 6.862745E-02	
  .0003706	 2.45098	 6.862745E-02	
  .0003708	 2.254902	 4.901961E-02	
  .000371	 2.254902	 4.901961E-02	
  .0003712	 2.058824	 2.941176E-02	
  .0003714	 2.254902	 4.901961E-02	
  .0003716	 2.254902	 2.941176E-02	
  .0003718	 2.058824	 4.901961E-02	
  .000372	 2.254902	 4.901961E-02	
  .0003722	 2.254902	 2.941176E-02	
  .0003724	 2.254902	 6.862745E-02	
  .0003726	 2.058824	 4.901961E-02	
  .0003728	 2.254902	 2.941176E-02	
  .000373	 2.254902	 9.803922E-03	
  .0003732	 2.058824	 2.941176E-02	
  .0003734	 2.058824	 9.803922E-03	
  .0003736	 1.862745	 2.941176E-02	
  .0003738	 2.058824	 2.941176E-02	
  .000374	 2.058824	 2.941176E-02	
  .0003742	 1.862745	 4.901961E-02	
  .0003744	 2.058824	 9.803922E-03	
  .0003746	 1.862745	 4.901961E-02	
  .0003748	 1.666667	 9.803922E-03	
  .000375	 2.058824	 2.941176E-02	
  .0003752	 2.058824	 9.803922E-03	
  .0003754	 1.862745	 2.941176E-02	
  .0003756	 2.058824	 4.901961E-02	
  .0003758	 1.666667	 2.941176E-02	
  .000376	 1.666667	-9.803922E-03	
  .0003762	 1.862745	 9.803922E-03	
  .0003764	 1.470588	-9.803922E-03	
  .0003766	 1.862745	 9.803922E-03	
  .0003768	 1.666667	 9.803922E-03	
  .000377	 1.666667	 9.803922E-03	
  .0003772	 1.666667	 9.803922E-03	
  .0003774	 1.862745	 9.803922E-03	
  .0003776	 1.666667	-9.803922E-03	
  .0003778	 1.862745	-2.941176E-02	
  .000378	 1.666667	 9.803922E-03	
  .0003782	 1.666667	-9.803922E-03	
  .0003784	 1.666667	 9.803922E-03	
  .0003786	 1.666667	-9.803922E-03	
  .0003788	 1.666667	 9.803922E-03	
  .000379	 1.666667	-9.803922E-03	
  .0003792	 1.666667	-9.803922E-03	
  .0003794	 1.666667	 9.803922E-03	
  .0003796	 1.27451	-9.803922E-03	
  .0003798	 1.470588	-9.803922E-03	
  .00038	 1.470588	-2.941176E-02	
  .0003802	 1.470588	-9.803922E-03	
  .0003804	 1.666667	 9.803922E-03	
  .0003806	 1.470588	-9.803922E-03	
  .0003808	 1.27451	-9.803922E-03	
  .000381	 1.470588	-9.803922E-03	
  .0003812	 1.27451	-2.941176E-02	
  .0003814	 1.078431	-4.901961E-02	
  .0003816	 1.666667	-4.901961E-02	
  .0003818	 1.27451	-2.941176E-02	
  .000382	 1.27451	-2.941176E-02	
  .0003822	 1.078431	-2.941176E-02	
  .0003824	 1.078431	-2.941176E-02	
  .0003826	 1.27451	-6.862745E-02	
  .0003828	 1.078431	-2.941176E-02	
  .000383	 .8823529	-2.941176E-02	
  .0003832	 1.078431	-4.901961E-02	
  .0003834	 .8823529	-4.901961E-02	
  .0003836	 1.078431	-2.941176E-02	
  .0003838	 .8823529	-2.941176E-02	
  .000384	 1.078431	-9.803922E-03	
  .0003842	 1.078431	-2.941176E-02	
  .0003844	 1.27451	-4.901961E-02	
  .0003846	 .8823529	-4.901961E-02	
  .0003848	 .8823529	-6.862745E-02	
  .000385	 1.078431	-9.803922E-03	
  .0003852	 1.078431	-2.941176E-02	
  .0003854	 1.078431	-2.941176E-02	
  .0003856	 1.078431	-9.803922E-03	
  .0003858	 .8823529	-4.901961E-02	
  .000386	 .8823529	-6.862745E-02	
  .0003862	 .8823529	-6.862745E-02	
  .0003864	 .6862745	-4.901961E-02	
  .0003866	 .8823529	-2.941176E-02	
  .0003868	 .8823529	-4.901961E-02	
  .000387	 .6862745	-2.941176E-02	
  .0003872	 .8823529	-4.901961E-02	
  .0003874	 .6862745	-4.901961E-02	
  .0003876	 .6862745	-6.862745E-02	
  .0003878	 .6862745	-6.862745E-02	
  .000388	 .2941177	-6.862745E-02	
  .0003882	 .8823529	-4.901961E-02	
  .0003884	 .4901961	-4.901961E-02	
  .0003886	 .2941177	-4.901961E-02	
  .0003888	 .8823529	-6.862745E-02	
  .000389	 .6862745	-4.901961E-02	
  .0003892	 .6862745	-6.862745E-02	
  .0003894	 .4901961	-6.862745E-02	
  .0003896	 .4901961	-6.862745E-02	
  .0003898	 .4901961	-.0882353	
  .00039	 .4901961	-2.941176E-02	
  .0003902	 .4901961	-4.901961E-02	
  .0003904	 .2941177	-2.941176E-02	
  .0003906	 .4901961	-.0882353	
  .0003908	 .2941177	-4.901961E-02	
  .000391	 .2941177	-6.862745E-02	
  .0003912	 .2941177	-.0882353	
  .0003914	 .2941177	-.0882353	
  .0003916	 .2941177	-.0882353	
  .0003918	 9.803922E-02	-.0882353	
  .000392	 9.803922E-02	-.1078431	
  .0003922	 .2941177	-6.862745E-02	
  .0003924	-9.803922E-02	-6.862745E-02	
  .0003926	 9.803922E-02	-.0882353	
  .0003928	 9.803922E-02	-.0882353	
  .000393	-9.803922E-02	-.0882353	
  .0003932	 9.803922E-02	-.0882353	
  .0003934	-9.803922E-02	-6.862745E-02	
  .0003936	 9.803922E-02	-.0882353	
  .0003938	-9.803922E-02	-.0882353	
  .000394	-9.803922E-02	-.0882353	
  .0003942	-9.803922E-02	-.0882353	
  .0003944	-9.803922E-02	-6.862745E-02	
  .0003946	-9.803922E-02	-6.862745E-02	
  .0003948	-9.803922E-02	-6.862745E-02	
  .000395	-9.803922E-02	-.0882353	
  .0003952	-.2941177	-6.862745E-02	
  .0003954	 9.803922E-02	-6.862745E-02	
  .0003956	-.2941177	-6.862745E-02	
  .0003958	-.2941177	-.0882353	
  .000396	-9.803922E-02	-.1078431	
  .0003962	-.2941177	-.0882353	
  .0003964	-.2941177	-.0882353	
  .0003966	-.4901961	-.0882353	
  .0003968	-.4901961	-6.862745E-02	
  .000397	-.2941177	-.0882353	
  .0003972	-.4901961	-.0882353	
  .0003974	-.2941177	-.0882353	
  .0003976	-.2941177	-.1078431	
  .0003978	-.2941177	-6.862745E-02	
  .000398	-.6862745	-.0882353	
  .0003982	-.6862745	-.0882353	
  .0003984	-.4901961	-.0882353	
  .0003986	-.4901961	-.0882353	
  .0003988	-.2941177	-.0882353	
  .000399	-.6862745	-.0882353	
  .0003992	-.2941177	-6.862745E-02	
  .0003994	-.6862745	-.0882353	
  .0003996	-.6862745	-.1078431	
  .0003998	-.4901961	-6.862745E-02	
  .0004	-.4901961	-6.862745E-02	
  .0004002	-.4901961	-6.862745E-02	
  .0004004	-.6862745	-.0882353	
  .0004006	-.4901961	-.0882353	
  .0004008	-.6862745	-.0882353	
  .000401	-.6862745	-.0882353	
  .0004012	-.6862745	-.0882353	
  .0004014	-.4901961	-.1078431	
  .0004016	-.6862745	-6.862745E-02	
  .0004018	-.6862745	-.1078431	
  .000402	-.8823529	-6.862745E-02	
  .0004022	-.8823529	-6.862745E-02	
  .0004024	-.8823529	-.0882353	
  .0004026	-.8823529	-.1078431	
  .0004028	-.8823529	-.0882353	
  .000403	-.6862745	-.1078431	
  .0004032	-.8823529	-.1078431	
  .0004034	-.8823529	-.0882353	
  .0004036	-.8823529	-.1078431	
  .0004038	-.8823529	-.0882353	
  .000404	-.8823529	-6.862745E-02	
  .0004042	-1.078431	-.0882353	
  .0004044	-.8823529	-6.862745E-02	
  .0004046	-.8823529	-.1078431	
  .0004048	-.8823529	-6.862745E-02	
  .000405	-.8823529	-6.862745E-02	
  .0004052	-.6862745	-.0882353	
  .0004054	-.8823529	-6.862745E-02	
  .0004056	-1.078431	-6.862745E-02	
  .0004058	-1.078431	-.1078431	
  .000406	-1.27451	-.0882353	
  .0004062	-1.078431	-.0882353	
  .0004064	-1.078431	-6.862745E-02	
  .0004066	-1.078431	-6.862745E-02	
  .0004068	-1.078431	-.0882353	
  .000407	-1.078431	-.0882353	
  .0004072	-1.078431	-6.862745E-02	
  .0004074	-1.078431	-.0882353	
  .0004076	-1.27451	-.0882353	
  .0004078	-1.078431	-.1078431	
  .000408	-1.078431	-6.862745E-02	
  .0004082	-.8823529	-4.901961E-02	
  .0004084	-1.078431	-.0882353	
  .0004086	-1.078431	-4.901961E-02	
  .0004088	-.8823529	-6.862745E-02	
  .000409	-1.078431	-.0882353	
  .0004092	-1.27451	-.0882353	
  .0004094	-1.078431	-.0882353	
  .0004096	-1.078431	-.0882353	
  .0004098	-1.27451	-6.862745E-02	
  .00041	-1.078431	-6.862745E-02	
  .0004102	-1.27451	-6.862745E-02	
  .0004104	-1.27451	-.0882353	
  .0004106	-1.27451	-6.862745E-02	
  .0004108	-1.078431	-.1078431	
  .000411	-1.078431	-6.862745E-02	
  .0004112	-1.078431	-6.862745E-02	
  .0004114	-1.27451	-6.862745E-02	
  .0004116	-1.27451	-6.862745E-02	
  .0004118	-1.27451	-.0882353	
  .000412	-1.078431	-4.901961E-02	
  .0004122	-1.27451	-4.901961E-02	
  .0004124	-1.27451	-6.862745E-02	
  .0004126	-1.470588	-.0882353	
  .0004128	-1.666667	-6.862745E-02	
  .000413	-1.27451	-6.862745E-02	
  .0004132	-1.27451	-6.862745E-02	
  .0004134	-1.27451	-6.862745E-02	
  .0004136	-1.27451	-4.901961E-02	
  .0004138	-1.27451	-4.901961E-02	
  .000414	-1.27451	-.0882353	
  .0004142	-1.27451	-4.901961E-02	
  .0004144	-1.27451	-4.901961E-02	
  .0004146	-1.27451	-4.901961E-02	
  .0004148	-1.27451	-4.901961E-02	
  .000415	-1.27451	-4.901961E-02	
  .0004152	-1.27451	-2.941176E-02	
  .0004154	-1.666667	-4.901961E-02	
  .0004156	-1.27451	-4.901961E-02	
  .0004158	-1.27451	-.0882353	
  .000416	-1.470588	-6.862745E-02	
  .0004162	-1.27451	-6.862745E-02	
  .0004164	-1.470588	-4.901961E-02	
  .0004166	-1.470588	-4.901961E-02	
  .0004168	-1.27451	-4.901961E-02	
  .000417	-1.27451	-6.862745E-02	
  .0004172	-1.470588	-4.901961E-02	
  .0004174	-1.27451	-6.862745E-02	
  .0004176	-1.27451	-4.901961E-02	
  .0004178	-1.470588	-4.901961E-02	
  .000418	-1.27451	-2.941176E-02	
  .0004182	-1.27451	-6.862745E-02	
  .0004184	-1.27451	-2.941176E-02	
  .0004186	-1.27451	-4.901961E-02	
  .0004188	-1.470588	-2.941176E-02	
  .000419	-1.470588	-2.941176E-02	
  .0004192	-1.470588	-2.941176E-02	
  .0004194	-1.27451	-4.901961E-02	
  .0004196	-1.27451	-4.901961E-02	
  .0004198	-1.27451	-9.803922E-03	
  .00042	-1.27451	-2.941176E-02	
  .0004202	-1.27451	-2.941176E-02	
  .0004204	-1.470588	-4.901961E-02	
  .0004206	-1.078431	-4.901961E-02	
  .0004208	-1.27451	-2.941176E-02	
  .000421	-1.470588	-4.901961E-02	
  .0004212	-1.27451	-4.901961E-02	
  .0004214	-1.27451	-2.941176E-02	
  .0004216	-1.470588	-2.941176E-02	
  .0004218	-1.27451	-2.941176E-02	
  .000422	-1.470588	-2.941176E-02	
  .0004222	-1.470588	-4.901961E-02	
  .0004224	-1.27451	-9.803922E-03	
  .0004226	-1.27451	-9.803922E-03	
  .0004228	-1.470588	-2.941176E-02	
  .000423	-1.470588	-2.941176E-02	
  .0004232	-1.27451	-2.941176E-02	
  .0004234	-1.27451	-9.803922E-03	
  .0004236	-1.27451	-9.803922E-03	
  .0004238	-1.27451	-9.803922E-03	
  .000424	-1.27451	-2.941176E-02	
  .0004242	-1.27451	-2.941176E-02	
  .0004244	-1.27451	-4.901961E-02	
  .0004246	-1.27451	-9.803922E-03	
  .0004248	-1.27451	-9.803922E-03	
  .000425	-1.078431	-2.941176E-02	
  .0004252	-1.27451	 9.803922E-03	
  .0004254	-1.27451	-9.803922E-03	
  .0004256	-1.27451	-9.803922E-03	
  .0004258	-1.470588	-2.941176E-02	
  .000426	-1.078431	-9.803922E-03	
  .0004262	-1.078431	-9.803922E-03	
  .0004264	-1.078431	-9.803922E-03	
  .0004266	-1.078431	-9.803922E-03	
  .0004268	-1.27451	-9.803922E-03	
  .000427	-1.27451	 9.803922E-03	
  .0004272	-1.27451	-2.941176E-02	
  .0004274	-1.27451	-2.941176E-02	
  .0004276	-1.27451	 9.803922E-03	
  .0004278	-.8823529	-9.803922E-03	
  .000428	-1.078431	 9.803922E-03	
  .0004282	-1.078431	-9.803922E-03	
  .0004284	-.8823529	 9.803922E-03	
  .0004286	-.8823529	 9.803922E-03	
  .0004288	-1.078431	 9.803922E-03	
  .000429	-1.078431	-9.803922E-03	
  .0004292	-1.078431	 9.803922E-03	
  .0004294	-1.078431	-9.803922E-03	
  .0004296	-1.078431	 9.803922E-03	
  .0004298	-1.078431	 9.803922E-03	
  .00043	-.8823529	 2.941176E-02	
  .0004302	-.8823529	 9.803922E-03	
  .0004304	-.8823529	 2.941176E-02	
  .0004306	-.8823529	 9.803922E-03	
  .0004308	-1.078431	-9.803922E-03	
  .000431	-1.078431	-9.803922E-03	
  .0004312	-.6862745	 9.803922E-03	
  .0004314	-1.078431	 2.941176E-02	
  .0004316	-.8823529	 9.803922E-03	
  .0004318	-.6862745	 2.941176E-02	
  .000432	-.8823529	 2.941176E-02	
  .0004322	-.8823529	-9.803922E-03	
  .0004324	-1.078431	 9.803922E-03	
  .0004326	-1.078431	 9.803922E-03	
  .0004328	-.8823529	 9.803922E-03	
  .000433	-.8823529	 9.803922E-03	
  .0004332	-.8823529	 2.941176E-02	
  .0004334	-.8823529	 9.803922E-03	
  .0004336	-.6862745	 9.803922E-03	
  .0004338	-.8823529	 9.803922E-03	
  .000434	-.8823529	 2.941176E-02	
  .0004342	-.8823529	 4.901961E-02	
  .0004344	-.6862745	 2.941176E-02	
  .0004346	-.8823529	 4.901961E-02	
  .0004348	-.6862745	 4.901961E-02	
  .000435	-.6862745	 4.901961E-02	
  .0004352	-.6862745	 4.901961E-02	
  .0004354	-.8823529	 2.941176E-02	
  .0004356	-.6862745	 9.803922E-03	
  .0004358	-.6862745	 9.803922E-03	
  .000436	-.6862745	 9.803922E-03	
  .0004362	-.8823529	 4.901961E-02	
  .0004364	-.6862745	 6.862745E-02	
  .0004366	-.4901961	 4.901961E-02	
  .0004368	-.6862745	 2.941176E-02	
  .000437	-.6862745	 2.941176E-02	
  .0004372	-.4901961	 2.941176E-02	
  .0004374	-.6862745	 6.862745E-02	
  .0004376	-.8823529	 2.941176E-02	
  .0004378	-.4901961	 4.901961E-02	
  .000438	-.4901961	 4.901961E-02	
  .0004382	-.6862745	 4.901961E-02	
  .0004384	-.4901961	 4.901961E-02	
  .0004386	-.4901961	 4.901961E-02	
  .0004388	-.4901961	 4.901961E-02	
  .000439	-.4901961	 4.901961E-02	
  .0004392	-.4901961	 2.941176E-02	
  .0004394	-.2941177	 4.901961E-02	
  .0004396	-.4901961	 4.901961E-02	
  .0004398	-.2941177	 .0882353	
  .00044	-.2941177	 6.862745E-02	
  .0004402	-.2941177	 6.862745E-02	
  .0004404	-.2941177	 4.901961E-02	
  .0004406	-.4901961	 4.901961E-02	
  .0004408	-.4901961	 2.941176E-02	
  .000441	-.2941177	 4.901961E-02	
  .0004412	-.2941177	 6.862745E-02	
  .0004414	-.2941177	 4.901961E-02	
  .0004416	-.4901961	 .0882353	
  .0004418	-.2941177	 .0882353	
  .000442	-9.803922E-02	 2.941176E-02	
  .0004422	-.4901961	 4.901961E-02	
  .0004424	-.2941177	 4.901961E-02	
  .0004426	-.2941177	 2.941176E-02	
  .0004428	-.2941177	 4.901961E-02	
  .000443	-.2941177	 6.862745E-02	
  .0004432	-.2941177	 6.862745E-02	
  .0004434	-.2941177	 6.862745E-02	
  .0004436	-.2941177	 6.862745E-02	
  .0004438	-9.803922E-02	 6.862745E-02	
  .000444	-9.803922E-02	 .0882353	
  .0004442	-9.803922E-02	 4.901961E-02	
  .0004444	 9.803922E-02	 6.862745E-02	
  .0004446	-9.803922E-02	 .0882353	
  .0004448	 .2941177	 6.862745E-02	
  .000445	 9.803922E-02	 .0882353	
  .0004452	-9.803922E-02	 .0882353	
  .0004454	-9.803922E-02	 6.862745E-02	
  .0004456	-9.803922E-02	 4.901961E-02	
  .0004458	-.2941177	 6.862745E-02	
  .000446	-9.803922E-02	 .0882353	
  .0004462	 9.803922E-02	 6.862745E-02	
  .0004464	-9.803922E-02	 .1078431	
  .0004466	 9.803922E-02	 .0882353	
  .0004468	-9.803922E-02	 .0882353	
  .000447	 9.803922E-02	 6.862745E-02	
  .0004472	 .2941177	 6.862745E-02	
  .0004474	 9.803922E-02	 4.901961E-02	
  .0004476	 9.803922E-02	 .0882353	
  .0004478	 .2941177	 .0882353	
  .000448	 9.803922E-02	 .0882353	
  .0004482	 .2941177	 .1078431	
  .0004484	 .2941177	 .0882353	
  .0004486	 9.803922E-02	 6.862745E-02	
  .0004488	 9.803922E-02	 6.862745E-02	
  .000449	 9.803922E-02	 .0882353	
  .0004492	 .2941177	 6.862745E-02	
  .0004494	 .2941177	 .0882353	
  .0004496	 .2941177	 .0882353	
  .0004498	 .4901961	 .0882353	
  .00045	 .2941177	 6.862745E-02	
