 -.0000498	 .2941177	 2.941176E-02	
 -.0000496	 .2941177	 9.803922E-03	
 -.0000494	 .4901961	 2.941176E-02	
 -.0000492	 .2941177	 2.941176E-02	
 -.000049	 .2941177	 9.803922E-03	
 -.0000488	 9.803922E-02	 9.803922E-03	
 -.0000486	 9.803922E-02	 2.941176E-02	
 -.0000484	 .2941177	 9.803922E-03	
 -.0000482	 .2941177	 2.941176E-02	
 -.000048	 .2941177	 9.803922E-03	
 -.0000478	 .2941177	 2.941176E-02	
 -.0000476	 .2941177	 9.803922E-03	
 -.0000474	 .2941177	 2.941176E-02	
 -.0000472	 .2941177	-9.803922E-03	
 -.000047	 .2941177	-9.803922E-03	
 -.0000468	 .2941177	 9.803922E-03	
 -.0000466	 .2941177	 2.941176E-02	
 -.0000464	 .2941177	 2.941176E-02	
 -.0000462	 .2941177	 9.803922E-03	
 -.000046	 .4901961	 4.901961E-02	
 -.0000458	 .2941177	 2.941176E-02	
 -.0000456	 .2941177	 9.803922E-03	
 -.0000454	 .2941177	 9.803922E-03	
 -.0000452	 9.803922E-02	 2.941176E-02	
 -.000045	 .2941177	 2.941176E-02	
 -.0000448	 .2941177	 2.941176E-02	
 -.0000446	 .2941177	 2.941176E-02	
 -.0000444	 9.803922E-02	 2.941176E-02	
 -.0000442	 .4901961	 2.941176E-02	
 -.000044	 .2941177	 9.803922E-03	
 -.0000438	 9.803922E-02	 4.901961E-02	
 -.0000436	 9.803922E-02	 2.941176E-02	
 -.0000434	 .2941177	 2.941176E-02	
 -.0000432	 .2941177	 9.803922E-03	
 -.000043	 .2941177	 4.901961E-02	
 -.0000428	 .4901961	 4.901961E-02	
 -.0000426	 .2941177	 2.941176E-02	
 -.0000424	 9.803922E-02	 2.941176E-02	
 -.0000422	 .2941177	 9.803922E-03	
 -.000042	 9.803922E-02	-9.803922E-03	
 -.0000418	 .2941177	 2.941176E-02	
 -.0000416	 9.803922E-02	 2.941176E-02	
 -.0000414	 .2941177	 2.941176E-02	
 -.0000412	 .2941177	 9.803922E-03	
 -.000041	 .2941177	 9.803922E-03	
 -.0000408	-9.803922E-02	 9.803922E-03	
 -.0000406	 .2941177	 9.803922E-03	
 -.0000404	 9.803922E-02	 2.941176E-02	
 -.0000402	 9.803922E-02	 9.803922E-03	
 -.00004	 9.803922E-02	 9.803922E-03	
 -.0000398	 .2941177	 2.941176E-02	
 -.0000396	 .2941177	 4.901961E-02	
 -.0000394	 .4901961	 2.941176E-02	
 -.0000392	 .2941177	 2.941176E-02	
 -.000039	 .2941177	 9.803922E-03	
 -.0000388	 .2941177	 2.941176E-02	
 -.0000386	 .2941177	 9.803922E-03	
 -.0000384	 .4901961	 2.941176E-02	
 -.0000382	 .2941177	 4.901961E-02	
 -.000038	 .4901961	 2.941176E-02	
 -.0000378	 .2941177	 2.941176E-02	
 -.0000376	 .2941177	 9.803922E-03	
 -.0000374	 .2941177	 9.803922E-03	
 -.0000372	 .2941177	 9.803922E-03	
 -.000037	 9.803922E-02	-9.803922E-03	
 -.0000368	 .4901961	 9.803922E-03	
 -.0000366	 .4901961	 9.803922E-03	
 -.0000364	 .2941177	 2.941176E-02	
 -.0000362	 .2941177	 2.941176E-02	
 -.000036	 9.803922E-02	 2.941176E-02	
 -.0000358	 .2941177	 9.803922E-03	
 -.0000356	 9.803922E-02	 9.803922E-03	
 -.0000354	 9.803922E-02	 9.803922E-03	
 -.0000352	 .2941177	-9.803922E-03	
 -.000035	 .2941177	 2.941176E-02	
 -.0000348	 9.803922E-02	 2.941176E-02	
 -.0000346	 .2941177	 9.803922E-03	
 -.0000344	 .2941177	 2.941176E-02	
 -.0000342	 9.803922E-02	 2.941176E-02	
 -.000034	 .2941177	 2.941176E-02	
 -.0000338	 9.803922E-02	 2.941176E-02	
 -.0000336	 9.803922E-02	 9.803922E-03	
 -.0000334	 .2941177	 2.941176E-02	
 -.0000332	 .2941177	 2.941176E-02	
 -.000033	 .4901961	 9.803922E-03	
 -.0000328	 .2941177	 4.901961E-02	
 -.0000326	 9.803922E-02	 4.901961E-02	
 -.0000324	 9.803922E-02	 9.803922E-03	
 -.0000322	 9.803922E-02	-9.803922E-03	
 -.000032	 9.803922E-02	 9.803922E-03	
 -.0000318	 .2941177	 9.803922E-03	
 -.0000316	 .2941177	 9.803922E-03	
 -.0000314	 9.803922E-02	 2.941176E-02	
 -.0000312	 .2941177	 2.941176E-02	
 -.000031	 9.803922E-02	 2.941176E-02	
 -.0000308	 .2941177	 9.803922E-03	
 -.0000306	 .2941177	 9.803922E-03	
 -.0000304	 .2941177	 9.803922E-03	
 -.0000302	 .2941177	 2.941176E-02	
 -.00003	 .2941177	 2.941176E-02	
 -.0000298	 9.803922E-02	 2.941176E-02	
 -.0000296	 .4901961	 2.941176E-02	
 -.0000294	 .2941177	 2.941176E-02	
 -.0000292	 9.803922E-02	 2.941176E-02	
 -.000029	 .2941177	-9.803922E-03	
 -.0000288	 .2941177	 2.941176E-02	
 -.0000286	 .2941177	 9.803922E-03	
 -.0000284	 .2941177	 4.901961E-02	
 -.0000282	 .2941177	 2.941176E-02	
 -.000028	-.6862745	 .1470588	
 -.0000278	-3.627451	 6.862745E-02	
 -.0000276	-6.176471	 .1078431	
 -.0000274	-7.941176	 .1078431	
 -.0000272	-8.725491	 .127451	
 -.000027	-9.509804	 .1862745	
 -.0000268	-9.705882	 .1862745	
 -.0000266	-10.09804	 .1862745	
 -.0000264	-10.29412	 .1470588	
 -.0000262	-10.29412	 .1666667	
 -.000026	-10.88235	 .1666667	
 -.0000258	-11.07843	 .1666667	
 -.0000256	-11.07843	 .1862745	
 -.0000254	-11.27451	 .2058824	
 -.0000252	-11.07843	 .1862745	
 -.000025	-11.27451	 .2254902	
 -.0000248	-11.47059	 .2254902	
 -.0000246	-11.47059	 .2254902	
 -.0000244	-11.66667	 .2058824	
 -.0000242	-11.86275	 .2058824	
 -.000024	-12.05882	 .2647059	
 -.0000238	-12.2549	 .2647059	
 -.0000236	-12.05882	 .3039216	
 -.0000234	-11.86275	 .2843137	
 -.0000232	-11.86275	 .2843137	
 -.000023	-11.86275	 .2843137	
 -.0000228	-11.86275	 .2843137	
 -.0000226	-11.66667	 .2843137	
 -.0000224	-11.66667	 .2843137	
 -.0000222	-11.47059	 .2843137	
 -.000022	-11.66667	 .2843137	
 -.0000218	-11.47059	 .2843137	
 -.0000216	-11.27451	 .3235294	
 -.0000214	-11.47059	 .3431373	
 -.0000212	-11.07843	 .3039216	
 -.000021	-11.27451	 .3039216	
 -.0000208	-11.07843	 .3039216	
 -.0000206	-11.07843	 .3235294	
 -.0000204	-11.07843	 .3235294	
 -.0000202	-10.88235	 .3235294	
 -.00002	-10.68627	 .3431373	
 -.0000198	-10.68627	 .3431373	
 -.0000196	-10.68627	 .3235294	
 -.0000194	-10.88235	 .3235294	
 -.0000192	-10.68627	 .3431373	
 -.000019	-10.4902	 .3431373	
 -.0000188	-10.4902	 .3235294	
 -.0000186	-10.09804	 .3627451	
 -.0000184	-10.29412	 .3627451	
 -.0000182	-10.29412	 .3627451	
 -.000018	-10.09804	 .3627451	
 -.0000178	-10.09804	 .3431373	
 -.0000176	-9.90196	 .3627451	
 -.0000174	-9.90196	 .3627451	
 -.0000172	-9.90196	 .3627451	
 -.000017	-9.705882	 .3627451	
 -.0000168	-9.509804	 .3627451	
 -.0000166	-9.509804	 .3823529	
 -.0000164	-9.313725	 .3627451	
 -.0000162	-9.313725	 .4019608	
 -.000016	-9.509804	 .3823529	
 -.0000158	-9.313725	 .3431373	
 -.0000156	-9.313725	 .3627451	
 -.0000154	-9.117647	 .3627451	
 -.0000152	-8.921569	 .3627451	
 -.000015	-8.921569	 .3627451	
 -.0000148	-8.921569	 .3823529	
 -.0000146	-8.725491	 .4019608	
 -.0000144	-8.725491	 .4215686	
 -.0000142	-8.725491	 .3823529	
 -.000014	-8.725491	 .4019608	
 -.0000138	-8.529411	 .3823529	
 -.0000136	-8.333333	 .4215686	
 -.0000134	-8.333333	 .4019608	
 -.0000132	-8.333333	 .4215686	
 -.000013	-8.137255	 .4411765	
 -.0000128	-8.137255	 .4019608	
 -.0000126	-8.137255	 .3627451	
 -.0000124	-8.137255	 .3823529	
 -.0000122	-7.745098	 .4019608	
 -.000012	-7.54902	 .4019608	
 -.0000118	-7.54902	 .4019608	
 -.0000116	-7.54902	 .4215686	
 -.0000114	-7.352941	 .4215686	
 -.0000112	-7.352941	 .4019608	
 -.000011	-7.352941	 .3823529	
 -.0000108	-7.352941	 .3823529	
 -.0000106	-7.156863	 .3823529	
 -.0000104	-7.156863	 .4019608	
 -.0000102	-6.960784	 .4215686	
 -.00001	-6.960784	 .4019608	
 -.0000098	-6.960784	 .4215686	
 -.0000096	-7.54902	 .4411765	
 -.0000094	-7.745098	 .4215686	
 -.0000092	-7.941176	 .4019608	
 -.000009	-8.137255	 .4019608	
 -.0000088	-7.54902	 .3823529	
 -.0000086	-7.54902	 .4215686	
 -.0000084	-7.352941	 .4215686	
 -.0000082	-7.352941	 .4215686	
 -.000008	-7.352941	 .4215686	
 -.0000078	-7.54902	 .4215686	
 -.0000076	-7.156863	 .3823529	
 -.0000074	-6.960784	 .4019608	
 -.0000072	-6.764706	 .4019608	
 -.000007	-6.764706	 .4215686	
 -.0000068	-6.372549	 .4215686	
 -.0000066	-6.372549	 .3823529	
 -.0000064	-6.176471	 .4215686	
 -.0000062	-6.176471	 .4215686	
 -.000006	-5.980392	 .3823529	
 -.0000058	-5.784314	 .3823529	
 -.0000056	-5.980392	 .4019608	
 -.0000054	-5.392157	 .3823529	
 -.0000052	-5.196078	 .4019608	
 -.000005	-5.196078	 .3823529	
 -.0000048	-5	 .3823529	
 -.0000046	-5	 .3823529	
 -.0000044	-4.803922	 .3823529	
 -.0000042	-4.803922	 .3823529	
 -.000004	-4.607843	 .3823529	
 -.0000038	-4.215686	 .4019608	
 -.0000036	-3.627451	 .3823529	
 -.0000034	-4.019608	 .3823529	
 -.0000032	-3.627451	 .4019608	
 -.000003	-3.627451	 .4019608	
 -.0000028	-3.431373	 .3627451	
 -.0000026	-3.235294	 .3431373	
 -.0000024	-3.039216	 .3627451	
 -.0000022	-2.843137	 .3431373	
 -.000002	-2.647059	 .3627451	
 -.0000018	-2.647059	 .3627451	
 -.0000016	-2.45098	 .3431373	
 -.0000014	-2.254902	 .3431373	
 -.0000012	-2.254902	 .3627451	
 -.000001	-1.862745	 .3431373	
 -.0000008	-1.862745	 .3627451	
 -.0000006	-1.666667	 .3235294	
 -.0000004	-1.470588	 .3627451	
 -.0000002	-1.470588	 .3235294	
  0	-1.27451	 .3431373	
  .0000002	-1.078431	 .3235294	
  .0000004	-1.078431	 .3235294	
  .0000006	-.6862745	 .3235294	
  .0000008	-.8823529	 .3235294	
  .000001	-.6862745	 .3039216	
  .0000012	-.4901961	 .3039216	
  .0000014	-.2941177	 .3039216	
  .0000016	 9.803922E-02	 .3235294	
  .0000018	 9.803922E-02	 .3235294	
  .000002	 9.803922E-02	 .3039216	
  .0000022	 .2941177	 .3039216	
  .0000024	 .4901961	 .2843137	
  .0000026	 .2941177	 .2647059	
  .0000028	 .8823529	 .2647059	
  .000003	 .8823529	 .2843137	
  .0000032	 1.078431	 .2843137	
  .0000034	 1.27451	 .2647059	
  .0000036	 1.078431	 .2843137	
  .0000038	 1.27451	 .245098	
  .000004	 1.470588	 .2647059	
  .0000042	 1.27451	 .245098	
  .0000044	 1.666667	 .2254902	
  .0000046	 1.862745	 .245098	
  .0000048	 1.862745	 .2254902	
  .000005	 2.058824	 .2254902	
  .0000052	 2.254902	 .2254902	
  .0000054	 2.45098	 .2647059	
  .0000056	 2.647059	 .2254902	
  .0000058	 2.647059	 .2058824	
  .000006	 2.647059	 .2058824	
  .0000062	 2.843137	 .245098	
  .0000064	 3.235294	 .2254902	
  .0000066	 3.235294	 .2058824	
  .0000068	 3.627451	 .2254902	
  .000007	 3.627451	 .2254902	
  .0000072	 3.627451	 .1666667	
  .0000074	 3.627451	 .1666667	
  .0000076	 3.823529	 .1862745	
  .0000078	 4.215686	 .1862745	
  .000008	 4.215686	 .1666667	
  .0000082	 4.019608	 .1862745	
  .0000084	 4.411765	 .1666667	
  .0000086	 4.215686	 .1470588	
  .0000088	 4.607843	 .1470588	
  .000009	 4.607843	 .127451	
  .0000092	 4.803922	 .127451	
  .0000094	 5	 .127451	
  .0000096	 5.196078	 .1666667	
  .0000098	 5.196078	 .127451	
  .00001	 5.784314	 .127451	
  .0000102	 5.588235	 .127451	
  .0000104	 5.588235	 .1078431	
  .0000106	 5.588235	 .0882353	
  .0000108	 5.784314	 6.862745E-02	
  .000011	 5.980392	 .0882353	
  .0000112	 6.176471	 .1078431	
  .0000114	 6.372549	 .0882353	
  .0000116	 6.372549	 .1078431	
  .0000118	 6.568627	 6.862745E-02	
  .000012	 6.764706	 6.862745E-02	
  .0000122	 6.764706	 4.901961E-02	
  .0000124	 6.764706	 2.941176E-02	
  .0000126	 6.960784	 6.862745E-02	
  .0000128	 6.960784	 4.901961E-02	
  .000013	 7.352941	 2.941176E-02	
  .0000132	 7.156863	 2.941176E-02	
  .0000134	 7.745098	 4.901961E-02	
  .0000136	 7.54902	 2.941176E-02	
  .0000138	 7.745098	 9.803922E-03	
  .000014	 7.745098	 9.803922E-03	
  .0000142	 7.745098	-9.803922E-03	
  .0000144	 8.137255	-9.803922E-03	
  .0000146	 8.333333	 9.803922E-03	
  .0000148	 8.333333	-9.803922E-03	
  .000015	 8.333333	-9.803922E-03	
  .0000152	 8.725491	-9.803922E-03	
  .0000154	 8.921569	-2.941176E-02	
  .0000156	 9.117647	-2.941176E-02	
  .0000158	 9.705882	-4.901961E-02	
  .000016	 10.29412	-4.901961E-02	
  .0000162	 10.68627	-6.862745E-02	
  .0000164	 10.68627	-4.901961E-02	
  .0000166	 10.88235	-4.901961E-02	
  .0000168	 10.68627	-6.862745E-02	
  .000017	 11.07843	-.0882353	
  .0000172	 11.27451	-.1078431	
  .0000174	 11.47059	-.1078431	
  .0000176	 11.47059	-.127451	
  .0000178	 11.66667	-.1078431	
  .000018	 11.66667	-.1078431	
  .0000182	 11.66667	-.1078431	
  .0000184	 11.86275	-.127451	
  .0000186	 11.66667	-.127451	
  .0000188	 11.66667	-.1470588	
  .000019	 11.66667	-.127451	
  .0000192	 11.66667	-.1666667	
  .0000194	 11.86275	-.1666667	
  .0000196	 11.86275	-.1470588	
  .0000198	 12.05882	-.1470588	
  .00002	 12.05882	-.1862745	
  .0000202	 12.05882	-.1862745	
  .0000204	 11.86275	-.1862745	
  .0000206	 11.86275	-.1862745	
  .0000208	 11.86275	-.2058824	
  .000021	 12.05882	-.1862745	
  .0000212	 12.2549	-.1862745	
  .0000214	 12.2549	-.2058824	
  .0000216	 12.2549	-.2254902	
  .0000218	 12.05882	-.2254902	
  .000022	 12.2549	-.245098	
  .0000222	 12.2549	-.245098	
  .0000224	 12.05882	-.2647059	
  .0000226	 12.45098	-.245098	
  .0000228	 12.2549	-.245098	
  .000023	 12.2549	-.245098	
  .0000232	 12.45098	-.245098	
  .0000234	 12.2549	-.245098	
  .0000236	 12.45098	-.2647059	
  .0000238	 12.05882	-.2647059	
  .000024	 12.2549	-.2843137	
  .0000242	 12.45098	-.2843137	
  .0000244	 12.2549	-.2843137	
  .0000246	 12.45098	-.2843137	
  .0000248	 12.2549	-.3039216	
  .000025	 12.64706	-.2843137	
  .0000252	 12.45098	-.2843137	
  .0000254	 12.45098	-.3039216	
  .0000256	 12.64706	-.3039216	
  .0000258	 12.45098	-.3235294	
  .000026	 12.64706	-.3235294	
  .0000262	 12.45098	-.3431373	
  .0000264	 12.84314	-.3235294	
  .0000266	 12.64706	-.3039216	
  .0000268	 12.64706	-.3235294	
  .000027	 12.45098	-.3431373	
  .0000272	 12.45098	-.3627451	
  .0000274	 12.64706	-.3431373	
  .0000276	 12.84314	-.3235294	
  .0000278	 12.84314	-.3627451	
  .000028	 12.64706	-.3431373	
  .0000282	 12.64706	-.3627451	
  .0000284	 12.45098	-.3431373	
  .0000286	 12.45098	-.3823529	
  .0000288	 12.05882	-.3823529	
  .000029	 12.2549	-.3627451	
  .0000292	 12.45098	-.3627451	
  .0000294	 12.2549	-.3627451	
  .0000296	 11.86275	-.3823529	
  .0000298	 11.86275	-.3431373	
  .00003	 11.07843	-.3431373	
  .0000302	 10.68627	-.3627451	
  .0000304	 10.09804	-.3823529	
  .0000306	 9.90196	-.3823529	
  .0000308	 9.90196	-.4019608	
  .000031	 9.705882	-.3627451	
  .0000312	 9.705882	-.3627451	
  .0000314	 9.705882	-.3431373	
  .0000316	 9.509804	-.3627451	
  .0000318	 9.509804	-.4019608	
  .000032	 9.313725	-.3823529	
  .0000322	 9.117647	-.3823529	
  .0000324	 9.509804	-.3823529	
  .0000326	 9.117647	-.3627451	
  .0000328	 9.117647	-.3823529	
  .000033	 9.117647	-.3823529	
  .0000332	 8.529411	-.3235294	
  .0000334	 7.54902	-.3431373	
  .0000336	 7.352941	-.3431373	
  .0000338	 6.764706	-.3627451	
  .000034	 6.372549	-.3627451	
  .0000342	 6.372549	-.3627451	
  .0000344	 6.372549	-.3431373	
  .0000346	 6.372549	-.3235294	
  .0000348	 6.176471	-.3431373	
  .000035	 6.372549	-.3235294	
  .0000352	 6.372549	-.3431373	
  .0000354	 5.980392	-.3235294	
  .0000356	 5.980392	-.3431373	
  .0000358	 5.980392	-.3431373	
  .000036	 6.176471	-.3431373	
  .0000362	 6.176471	-.3431373	
  .0000364	 6.176471	-.3039216	
  .0000366	 5.784314	-.3431373	
  .0000368	 5.784314	-.3431373	
  .000037	 5.784314	-.3235294	
  .0000372	 5.588235	-.3431373	
  .0000374	 5.784314	-.3431373	
  .0000376	 5.784314	-.3235294	
  .0000378	 5.980392	-.3039216	
  .000038	 5.784314	-.3235294	
  .0000382	 5.784314	-.3235294	
  .0000384	 5.784314	-.3235294	
  .0000386	 5.784314	-.3431373	
  .0000388	 5.392157	-.3235294	
  .000039	 5.392157	-.3235294	
  .0000392	 5.588235	-.3235294	
  .0000394	 5.588235	-.3235294	
  .0000396	 5.588235	-.3039216	
  .0000398	 5.784314	-.3039216	
  .00004	 5.588235	-.3431373	
  .0000402	 5.588235	-.3039216	
  .0000404	 5.392157	-.3039216	
  .0000406	 5.392157	-.3235294	
  .0000408	 5.196078	-.3235294	
  .000041	 5.392157	-.3431373	
  .0000412	 5.196078	-.3039216	
  .0000414	 5.392157	-.3039216	
  .0000416	 5.196078	-.3235294	
  .0000418	 5.392157	-.3235294	
  .000042	 5	-.3235294	
  .0000422	 4.803922	-.3235294	
  .0000424	 5.196078	-.3235294	
  .0000426	 5	-.2843137	
  .0000428	 4.803922	-.3039216	
  .000043	 5	-.2843137	
  .0000432	 4.607843	-.2843137	
  .0000434	 4.803922	-.3431373	
  .0000436	 4.607843	-.3039216	
  .0000438	 4.411765	-.3039216	
  .000044	 4.607843	-.3039216	
  .0000442	 4.411765	-.3039216	
  .0000444	 4.607843	-.3039216	
  .0000446	 4.411765	-.3039216	
  .0000448	 4.019608	-.3039216	
  .000045	 4.019608	-.2843137	
  .0000452	 4.019608	-.2843137	
  .0000454	 4.019608	-.2843137	
  .0000456	 3.823529	-.3039216	
  .0000458	 4.019608	-.2843137	
  .000046	 4.019608	-.2647059	
  .0000462	 4.019608	-.2843137	
  .0000464	 4.019608	-.2647059	
  .0000466	 3.627451	-.2647059	
  .0000468	 3.627451	-.3039216	
  .000047	 3.431373	-.2843137	
  .0000472	 3.235294	-.2843137	
  .0000474	 3.627451	-.2647059	
  .0000476	 3.431373	-.2647059	
  .0000478	 3.235294	-.245098	
  .000048	 3.235294	-.245098	
  .0000482	 3.039216	-.2647059	
  .0000484	 3.235294	-.2647059	
  .0000486	 3.039216	-.2843137	
  .0000488	 3.039216	-.2843137	
  .000049	 3.039216	-.2647059	
  .0000492	 2.843137	-.245098	
  .0000494	 2.843137	-.245098	
  .0000496	 3.039216	-.245098	
  .0000498	 2.647059	-.245098	
  .00005	 2.45098	-.245098	
  .0000502	 2.45098	-.2647059	
  .0000504	 2.647059	-.2647059	
  .0000506	 2.647059	-.245098	
  .0000508	 2.647059	-.2254902	
  .000051	 2.647059	-.2254902	
  .0000512	 2.45098	-.2058824	
  .0000514	 2.45098	-.2254902	
  .0000516	 2.058824	-.2254902	
  .0000518	 2.254902	-.2254902	
  .000052	 1.862745	-.245098	
  .0000522	 2.254902	-.245098	
  .0000524	 1.862745	-.2254902	
  .0000526	 1.862745	-.2058824	
  .0000528	 1.666667	-.2254902	
  .000053	 2.058824	-.2058824	
  .0000532	 1.470588	-.2058824	
  .0000534	 1.666667	-.2058824	
  .0000536	 1.470588	-.2254902	
  .0000538	 1.27451	-.2058824	
  .000054	 1.27451	-.2254902	
  .0000542	 1.470588	-.1666667	
  .0000544	 1.27451	-.1862745	
  .0000546	 1.078431	-.1862745	
  .0000548	 1.078431	-.1862745	
  .000055	 .8823529	-.2254902	
  .0000552	 .8823529	-.1666667	
  .0000554	 .8823529	-.2058824	
  .0000556	 .8823529	-.1666667	
  .0000558	 .6862745	-.1862745	
  .000056	 .8823529	-.1666667	
  .0000562	 .4901961	-.1470588	
  .0000564	 .4901961	-.1470588	
  .0000566	 .2941177	-.1862745	
  .0000568	 .2941177	-.1862745	
  .000057	 9.803922E-02	-.1666667	
  .0000572	 9.803922E-02	-.1666667	
  .0000574	 9.803922E-02	-.1666667	
  .0000576	-9.803922E-02	-.1470588	
  .0000578	 9.803922E-02	-.1470588	
  .000058	-9.803922E-02	-.1666667	
  .0000582	-9.803922E-02	-.1470588	
  .0000584	-9.803922E-02	-.1666667	
  .0000586	-.2941177	-.1470588	
  .0000588	-.4901961	-.1470588	
  .000059	-.4901961	-.127451	
  .0000592	-.4901961	-.127451	
  .0000594	-.4901961	-.127451	
  .0000596	-.4901961	-.127451	
  .0000598	-.6862745	-.127451	
  .00006	-.6862745	-.127451	
  .0000602	-.8823529	-.127451	
  .0000604	-1.078431	-.127451	
  .0000606	-.8823529	-.127451	
  .0000608	-1.078431	-.127451	
  .000061	-.6862745	-.1078431	
  .0000612	-1.078431	-.1078431	
  .0000614	-1.27451	-.1078431	
  .0000616	-1.078431	-.0882353	
  .0000618	-1.27451	-6.862745E-02	
  .000062	-1.470588	-.127451	
  .0000622	-1.27451	-.0882353	
  .0000624	-1.27451	-.1078431	
  .0000626	-1.470588	-.1078431	
  .0000628	-1.666667	-6.862745E-02	
  .000063	-1.470588	-6.862745E-02	
  .0000632	-1.666667	-.0882353	
  .0000634	-1.862745	-.0882353	
  .0000636	-1.862745	-.0882353	
  .0000638	-1.666667	-.0882353	
  .000064	-1.666667	-.0882353	
  .0000642	-1.862745	-6.862745E-02	
  .0000644	-2.058824	-6.862745E-02	
  .0000646	-1.862745	-6.862745E-02	
  .0000648	-1.862745	-6.862745E-02	
  .000065	-2.058824	-4.901961E-02	
  .0000652	-2.058824	-4.901961E-02	
  .0000654	-2.254902	-6.862745E-02	
  .0000656	-2.058824	-6.862745E-02	
  .0000658	-2.45098	-4.901961E-02	
  .000066	-2.254902	-2.941176E-02	
  .0000662	-2.254902	-9.803922E-03	
  .0000664	-2.45098	-2.941176E-02	
  .0000666	-2.647059	-4.901961E-02	
  .0000668	-2.647059	-4.901961E-02	
  .000067	-2.45098	-4.901961E-02	
  .0000672	-2.45098	-2.941176E-02	
  .0000674	-2.45098	-9.803922E-03	
  .0000676	-2.45098	-9.803922E-03	
  .0000678	-2.45098	-9.803922E-03	
  .000068	-2.647059	-9.803922E-03	
  .0000682	-2.647059	-4.901961E-02	
  .0000684	-2.843137	-4.901961E-02	
  .0000686	-2.843137	-4.901961E-02	
  .0000688	-2.647059	-2.941176E-02	
  .000069	-2.843137	-9.803922E-03	
  .0000692	-2.843137	 9.803922E-03	
  .0000694	-2.647059	-9.803922E-03	
  .0000696	-2.843137	 9.803922E-03	
  .0000698	-3.039216	-9.803922E-03	
  .00007	-3.039216	-9.803922E-03	
  .0000702	-3.039216	-9.803922E-03	
  .0000704	-3.039216	-9.803922E-03	
  .0000706	-3.039216	 2.941176E-02	
  .0000708	-3.039216	 9.803922E-03	
  .000071	-3.039216	 2.941176E-02	
  .0000712	-3.235294	 2.941176E-02	
  .0000714	-3.431373	 2.941176E-02	
  .0000716	-3.431373	 9.803922E-03	
  .0000718	-3.627451	 2.941176E-02	
  .000072	-3.431373	 9.803922E-03	
  .0000722	-3.431373	 2.941176E-02	
  .0000724	-3.431373	 2.941176E-02	
  .0000726	-3.627451	 2.941176E-02	
  .0000728	-3.235294	 4.901961E-02	
  .000073	-3.823529	 4.901961E-02	
  .0000732	-3.431373	 9.803922E-03	
  .0000734	-3.627451	 2.941176E-02	
  .0000736	-3.823529	 2.941176E-02	
  .0000738	-3.431373	 4.901961E-02	
  .000074	-3.431373	 4.901961E-02	
  .0000742	-3.431373	 6.862745E-02	
  .0000744	-3.431373	 4.901961E-02	
  .0000746	-3.627451	 4.901961E-02	
  .0000748	-3.823529	 2.941176E-02	
  .000075	-3.627451	 .0882353	
  .0000752	-3.823529	 6.862745E-02	
  .0000754	-3.627451	 6.862745E-02	
  .0000756	-3.627451	 .0882353	
  .0000758	-3.823529	 .0882353	
  .000076	-3.627451	 .0882353	
  .0000762	-4.019608	 .0882353	
  .0000764	-3.823529	 6.862745E-02	
  .0000766	-3.627451	 6.862745E-02	
  .0000768	-3.823529	 6.862745E-02	
  .000077	-3.627451	 6.862745E-02	
  .0000772	-3.627451	 .0882353	
  .0000774	-3.431373	 .1078431	
  .0000776	-3.235294	 6.862745E-02	
  .0000778	-2.647059	 6.862745E-02	
  .000078	-2.647059	 6.862745E-02	
  .0000782	-2.45098	 6.862745E-02	
  .0000784	-2.647059	 6.862745E-02	
  .0000786	-2.647059	 6.862745E-02	
  .0000788	-2.45098	 .0882353	
  .000079	-2.254902	 6.862745E-02	
  .0000792	-2.254902	 6.862745E-02	
  .0000794	-2.254902	 6.862745E-02	
  .0000796	-2.45098	 6.862745E-02	
  .0000798	-2.254902	 .0882353	
  .00008	-2.254902	 .0882353	
  .0000802	-2.647059	 6.862745E-02	
  .0000804	-2.254902	 .0882353	
  .0000806	-2.254902	 .0882353	
  .0000808	-2.45098	 .1078431	
  .000081	-2.254902	 .0882353	
  .0000812	-2.647059	 .0882353	
  .0000814	-2.647059	 .0882353	
  .0000816	-2.647059	 .0882353	
  .0000818	-2.843137	 .0882353	
  .000082	-2.45098	 6.862745E-02	
  .0000822	-2.647059	 .1078431	
  .0000824	-2.647059	 .0882353	
  .0000826	-2.647059	 .0882353	
  .0000828	-2.843137	 .1078431	
  .000083	-2.843137	 .0882353	
  .0000832	-2.843137	 .0882353	
  .0000834	-2.843137	 .0882353	
  .0000836	-2.843137	 .0882353	
  .0000838	-2.843137	 .0882353	
  .000084	-2.843137	 .1078431	
  .0000842	-2.843137	 .0882353	
  .0000844	-2.843137	 .1078431	
  .0000846	-3.039216	 .1470588	
  .0000848	-2.843137	 .1078431	
  .000085	-3.039216	 .127451	
  .0000852	-3.039216	 .0882353	
  .0000854	-2.843137	 .127451	
  .0000856	-3.039216	 .127451	
  .0000858	-2.843137	 .127451	
  .000086	-2.843137	 .1666667	
  .0000862	-3.039216	 .127451	
  .0000864	-3.039216	 .1078431	
  .0000866	-3.235294	 .127451	
  .0000868	-3.039216	 .127451	
  .000087	-2.843137	 .1078431	
  .0000872	-2.843137	 .1078431	
  .0000874	-3.039216	 .1470588	
  .0000876	-3.039216	 .127451	
  .0000878	-3.235294	 .127451	
  .000088	-3.235294	 .1078431	
  .0000882	-3.039216	 .127451	
  .0000884	-3.235294	 .127451	
  .0000886	-3.039216	 .127451	
  .0000888	-3.039216	 .1470588	
  .000089	-3.235294	 .1470588	
  .0000892	-2.843137	 .127451	
  .0000894	-3.039216	 .1470588	
  .0000896	-3.235294	 .127451	
  .0000898	-3.039216	 .127451	
  .00009	-3.235294	 .127451	
  .0000902	-3.039216	 .127451	
  .0000904	-3.235294	 .1470588	
  .0000906	-3.039216	 .1470588	
  .0000908	-3.039216	 .1470588	
  .000091	-3.235294	 .127451	
  .0000912	-3.235294	 .1666667	
  .0000914	-3.039216	 .1078431	
  .0000916	-3.235294	 .127451	
  .0000918	-3.039216	 .127451	
  .000092	-3.039216	 .127451	
  .0000922	-3.235294	 .1470588	
  .0000924	-3.039216	 .127451	
  .0000926	-3.235294	 .1470588	
  .0000928	-3.039216	 .1666667	
  .000093	-3.235294	 .1470588	
  .0000932	-3.235294	 .127451	
  .0000934	-3.235294	 .1470588	
  .0000936	-3.039216	 .127451	
  .0000938	-3.039216	 .127451	
  .000094	-2.843137	 .1470588	
  .0000942	-3.039216	 .1470588	
  .0000944	-3.039216	 .1666667	
  .0000946	-3.235294	 .1470588	
  .0000948	-3.235294	 .1470588	
  .000095	-3.235294	 .1470588	
  .0000952	-2.843137	 .1470588	
  .0000954	-3.039216	 .1470588	
  .0000956	-3.039216	 .1666667	
  .0000958	-2.843137	 .1862745	
  .000096	-3.039216	 .1862745	
  .0000962	-3.235294	 .1666667	
  .0000964	-3.039216	 .1470588	
  .0000966	-3.039216	 .1666667	
  .0000968	-2.843137	 .1470588	
  .000097	-3.039216	 .1470588	
  .0000972	-2.843137	 .1666667	
  .0000974	-2.843137	 .1666667	
  .0000976	-2.647059	 .1666667	
  .0000978	-2.843137	 .1470588	
  .000098	-2.843137	 .1470588	
  .0000982	-2.843137	 .1470588	
  .0000984	-3.039216	 .1470588	
  .0000986	-2.843137	 .1470588	
  .0000988	-2.647059	 .1862745	
  .000099	-2.647059	 .1666667	
  .0000992	-2.647059	 .1470588	
  .0000994	-2.647059	 .1470588	
  .0000996	-2.843137	 .1470588	
  .0000998	-2.647059	 .1666667	
  .0001	-2.647059	 .1470588	
  .0001002	-2.647059	 .1470588	
  .0001004	-2.647059	 .1666667	
  .0001006	-2.843137	 .1666667	
  .0001008	-2.647059	 .1862745	
  .000101	-2.647059	 .1470588	
  .0001012	-2.647059	 .1470588	
  .0001014	-2.647059	 .1470588	
  .0001016	-2.647059	 .127451	
  .0001018	-2.254902	 .1470588	
  .000102	-2.647059	 .1666667	
  .0001022	-2.647059	 .1666667	
  .0001024	-2.45098	 .1666667	
  .0001026	-2.45098	 .1666667	
  .0001028	-2.647059	 .1666667	
  .000103	-2.45098	 .1470588	
  .0001032	-2.647059	 .1470588	
  .0001034	-2.45098	 .1666667	
  .0001036	-2.45098	 .1666667	
  .0001038	-2.254902	 .1666667	
  .000104	-2.45098	 .1470588	
  .0001042	-2.254902	 .1666667	
  .0001044	-2.45098	 .1666667	
  .0001046	-2.254902	 .1470588	
  .0001048	-2.058824	 .1666667	
  .000105	-2.058824	 .1666667	
  .0001052	-2.058824	 .1666667	
  .0001054	-2.254902	 .1666667	
  .0001056	-2.254902	 .1666667	
  .0001058	-2.058824	 .2058824	
  .000106	-2.254902	 .1862745	
  .0001062	-2.254902	 .1666667	
  .0001064	-2.058824	 .1666667	
  .0001066	-2.058824	 .1470588	
  .0001068	-1.862745	 .1862745	
  .000107	-2.058824	 .1666667	
  .0001072	-1.862745	 .1666667	
  .0001074	-1.862745	 .1470588	
  .0001076	-1.862745	 .1666667	
  .0001078	-1.862745	 .127451	
  .000108	-1.862745	 .127451	
  .0001082	-2.058824	 .1666667	
  .0001084	-1.666667	 .1666667	
  .0001086	-1.862745	 .1862745	
  .0001088	-1.862745	 .1470588	
  .000109	-1.470588	 .1666667	
  .0001092	-1.666667	 .1862745	
  .0001094	-1.862745	 .1470588	
  .0001096	-1.862745	 .1470588	
  .0001098	-1.666667	 .1470588	
  .00011	-1.666667	 .1470588	
  .0001102	-1.666667	 .1666667	
  .0001104	-1.470588	 .1666667	
  .0001106	-1.470588	 .1470588	
  .0001108	-1.27451	 .1666667	
  .000111	-1.666667	 .1666667	
  .0001112	-1.470588	 .127451	
  .0001114	-1.470588	 .1470588	
  .0001116	-1.27451	 .127451	
  .0001118	-1.27451	 .127451	
  .000112	-1.27451	 .1470588	
  .0001122	-1.27451	 .127451	
  .0001124	-1.078431	 .1666667	
  .0001126	-1.27451	 .1666667	
  .0001128	-1.27451	 .1470588	
  .000113	-1.27451	 .127451	
  .0001132	-1.27451	 .1470588	
  .0001134	-1.078431	 .1470588	
  .0001136	-1.078431	 .127451	
  .0001138	-.8823529	 .127451	
  .000114	-.8823529	 .127451	
  .0001142	-.8823529	 .1470588	
  .0001144	-1.078431	 .127451	
  .0001146	-1.078431	 .1470588	
  .0001148	-1.078431	 .127451	
  .000115	-.6862745	 .1470588	
  .0001152	-.8823529	 .1470588	
  .0001154	-.6862745	 .1666667	
  .0001156	-.6862745	 .1666667	
  .0001158	-1.078431	 .1470588	
  .000116	-.8823529	 .127451	
  .0001162	-.6862745	 .127451	
  .0001164	-.4901961	 .127451	
  .0001166	-.6862745	 .1078431	
  .0001168	-.4901961	 .127451	
  .000117	-.4901961	 .127451	
  .0001172	-.4901961	 .127451	
  .0001174	-.2941177	 .127451	
  .0001176	-.4901961	 .127451	
  .0001178	-.2941177	 .1078431	
  .000118	-.4901961	 .127451	
  .0001182	-.2941177	 .1078431	
  .0001184	-.2941177	 .127451	
  .0001186	-.2941177	 .1078431	
  .0001188	-9.803922E-02	 .127451	
  .000119	-9.803922E-02	 .127451	
  .0001192	-9.803922E-02	 .127451	
  .0001194	-9.803922E-02	 .1470588	
  .0001196	-9.803922E-02	 .1078431	
  .0001198	-.2941177	 .1078431	
  .00012	 9.803922E-02	 .1078431	
  .0001202	-9.803922E-02	 .127451	
  .0001204	 9.803922E-02	 .127451	
  .0001206	 9.803922E-02	 .127451	
  .0001208	-9.803922E-02	 .127451	
  .000121	 9.803922E-02	 .1078431	
  .0001212	 9.803922E-02	 .0882353	
  .0001214	 9.803922E-02	 6.862745E-02	
  .0001216	 .4901961	 .1078431	
  .0001218	 .2941177	 .1078431	
  .000122	 9.803922E-02	 .0882353	
  .0001222	 .2941177	 .1078431	
  .0001224	 9.803922E-02	 .127451	
  .0001226	 .4901961	 .1078431	
  .0001228	 9.803922E-02	 .0882353	
  .000123	 .2941177	 .0882353	
  .0001232	 .4901961	 .0882353	
  .0001234	 .2941177	 .0882353	
  .0001236	 .4901961	 .0882353	
  .0001238	 .4901961	 .0882353	
  .000124	 .4901961	 .1078431	
  .0001242	 .4901961	 .127451	
  .0001244	 .6862745	 .0882353	
  .0001246	 .6862745	 .1078431	
  .0001248	 .6862745	 4.901961E-02	
  .000125	 .8823529	 .1078431	
  .0001252	 .8823529	 6.862745E-02	
  .0001254	 1.862745	 4.901961E-02	
  .0001256	 2.45098	 6.862745E-02	
  .0001258	 2.647059	 .0882353	
  .000126	 2.843137	 2.941176E-02	
  .0001262	 3.039216	 6.862745E-02	
  .0001264	 3.431373	 6.862745E-02	
  .0001266	 3.431373	 4.901961E-02	
  .0001268	 3.431373	 2.941176E-02	
  .000127	 3.431373	 4.901961E-02	
  .0001272	 3.823529	 2.941176E-02	
  .0001274	 3.627451	 2.941176E-02	
  .0001276	 3.627451	 2.941176E-02	
  .0001278	 3.431373	 2.941176E-02	
  .000128	 3.627451	 2.941176E-02	
  .0001282	 3.627451	 2.941176E-02	
  .0001284	 3.627451	 4.901961E-02	
  .0001286	 3.431373	 2.941176E-02	
  .0001288	 3.823529	 2.941176E-02	
  .000129	 3.627451	 2.941176E-02	
  .0001292	 3.627451	 9.803922E-03	
  .0001294	 3.627451	 9.803922E-03	
  .0001296	 3.627451	-9.803922E-03	
  .0001298	 3.823529	-9.803922E-03	
  .00013	 3.823529	 9.803922E-03	
  .0001302	 3.823529	 9.803922E-03	
  .0001304	 3.627451	 9.803922E-03	
  .0001306	 3.627451	 9.803922E-03	
  .0001308	 3.823529	-9.803922E-03	
  .000131	 3.823529	 9.803922E-03	
  .0001312	 3.627451	-9.803922E-03	
  .0001314	 3.823529	-2.941176E-02	
  .0001316	 3.823529	-9.803922E-03	
  .0001318	 3.627451	-9.803922E-03	
  .000132	 3.627451	-9.803922E-03	
  .0001322	 3.823529	-9.803922E-03	
  .0001324	 3.431373	-9.803922E-03	
  .0001326	 3.627451	-2.941176E-02	
  .0001328	 3.627451	-9.803922E-03	
  .000133	 3.431373	-9.803922E-03	
  .0001332	 3.431373	-2.941176E-02	
  .0001334	 3.823529	-2.941176E-02	
  .0001336	 3.627451	-9.803922E-03	
  .0001338	 3.627451	-2.941176E-02	
  .000134	 3.627451	-2.941176E-02	
  .0001342	 3.627451	-4.901961E-02	
  .0001344	 3.627451	-9.803922E-03	
  .0001346	 3.431373	-2.941176E-02	
  .0001348	 3.823529	-2.941176E-02	
  .000135	 3.823529	-2.941176E-02	
  .0001352	 3.627451	-9.803922E-03	
  .0001354	 3.627451	-2.941176E-02	
  .0001356	 3.431373	-2.941176E-02	
  .0001358	 3.627451	-4.901961E-02	
  .000136	 3.627451	-6.862745E-02	
  .0001362	 3.627451	-4.901961E-02	
  .0001364	 3.627451	-4.901961E-02	
  .0001366	 3.431373	-4.901961E-02	
  .0001368	 3.627451	-4.901961E-02	
  .000137	 3.823529	-4.901961E-02	
  .0001372	 3.823529	-4.901961E-02	
  .0001374	 3.627451	-4.901961E-02	
  .0001376	 3.627451	-6.862745E-02	
  .0001378	 3.627451	-4.901961E-02	
  .000138	 3.431373	-.0882353	
  .0001382	 3.627451	-4.901961E-02	
  .0001384	 3.627451	-4.901961E-02	
  .0001386	 3.627451	-2.941176E-02	
  .0001388	 3.823529	-6.862745E-02	
  .000139	 3.627451	-4.901961E-02	
  .0001392	 3.627451	-4.901961E-02	
  .0001394	 3.235294	-6.862745E-02	
  .0001396	 3.431373	-6.862745E-02	
  .0001398	 3.039216	-2.941176E-02	
  .00014	 2.254902	-2.941176E-02	
  .0001402	 1.862745	-2.941176E-02	
  .0001404	 1.470588	-4.901961E-02	
  .0001406	 1.078431	-6.862745E-02	
  .0001408	 .8823529	-4.901961E-02	
  .000141	 .6862745	-4.901961E-02	
  .0001412	 .4901961	-4.901961E-02	
  .0001414	 .6862745	-4.901961E-02	
  .0001416	 .4901961	-2.941176E-02	
  .0001418	 .4901961	-2.941176E-02	
  .000142	 .4901961	-4.901961E-02	
  .0001422	 .2941177	-2.941176E-02	
  .0001424	 .2941177	-2.941176E-02	
  .0001426	 .4901961	-4.901961E-02	
  .0001428	 .4901961	-2.941176E-02	
  .000143	 .4901961	-6.862745E-02	
  .0001432	 .6862745	-6.862745E-02	
  .0001434	 .8823529	-2.941176E-02	
  .0001436	 .6862745	-2.941176E-02	
  .0001438	 1.078431	-9.803922E-03	
  .000144	 .8823529	-9.803922E-03	
  .0001442	 1.078431	-2.941176E-02	
  .0001444	 .8823529	-2.941176E-02	
  .0001446	 .8823529	-6.862745E-02	
  .0001448	 1.27451	-2.941176E-02	
  .000145	 1.078431	-2.941176E-02	
  .0001452	 1.078431	 9.803922E-03	
  .0001454	 .2941177	 2.941176E-02	
  .0001456	-.2941177	-9.803922E-03	
  .0001458	-.6862745	-2.941176E-02	
  .000146	-1.078431	-2.941176E-02	
  .0001462	-1.078431	-2.941176E-02	
  .0001464	-.6862745	 9.803922E-03	
  .0001466	-.2941177	-9.803922E-03	
  .0001468	-.4901961	-9.803922E-03	
  .000147	 9.803922E-02	-9.803922E-03	
  .0001472	-9.803922E-02	-9.803922E-03	
  .0001474	 9.803922E-02	-4.901961E-02	
  .0001476	 .2941177	-2.941176E-02	
  .0001478	 9.803922E-02	-2.941176E-02	
  .000148	 9.803922E-02	-2.941176E-02	
  .0001482	 .2941177	-9.803922E-03	
  .0001484	 .2941177	-9.803922E-03	
  .0001486	 .4901961	-9.803922E-03	
  .0001488	 .6862745	-9.803922E-03	
  .000149	 9.803922E-02	 9.803922E-03	
  .0001492	 9.803922E-02	-4.901961E-02	
  .0001494	 9.803922E-02	-9.803922E-03	
  .0001496	 .2941177	-9.803922E-03	
  .0001498	 9.803922E-02	 9.803922E-03	
  .00015	 .4901961	 9.803922E-03	
  .0001502	 .2941177	-9.803922E-03	
  .0001504	 9.803922E-02	-9.803922E-03	
  .0001506	 .2941177	-9.803922E-03	
  .0001508	 .2941177	-9.803922E-03	
  .000151	 .4901961	-2.941176E-02	
  .0001512	 .4901961	-9.803922E-03	
  .0001514	 .2941177	-6.862745E-02	
  .0001516	 .2941177	-4.901961E-02	
  .0001518	 .2941177	-6.862745E-02	
  .000152	 .2941177	-9.803922E-03	
  .0001522	 .2941177	-9.803922E-03	
  .0001524	 .2941177	-9.803922E-03	
  .0001526	 9.803922E-02	-9.803922E-03	
  .0001528	-9.803922E-02	-9.803922E-03	
  .000153	 .2941177	-9.803922E-03	
  .0001532	 .2941177	-9.803922E-03	
  .0001534	 .4901961	-4.901961E-02	
  .0001536	 .8823529	-2.941176E-02	
  .0001538	 .6862745	-2.941176E-02	
  .000154	 .6862745	-2.941176E-02	
  .0001542	-9.803922E-02	 9.803922E-03	
  .0001544	-.2941177	-9.803922E-03	
  .0001546	 9.803922E-02	 2.941176E-02	
  .0001548	 9.803922E-02	 9.803922E-03	
  .000155	 9.803922E-02	 9.803922E-03	
  .0001552	 .2941177	-9.803922E-03	
  .0001554	 9.803922E-02	-9.803922E-03	
  .0001556	 9.803922E-02	-9.803922E-03	
  .0001558	-9.803922E-02	-9.803922E-03	
  .000156	 .2941177	 9.803922E-03	
  .0001562	 .2941177	-2.941176E-02	
  .0001564	 .2941177	 2.941176E-02	
  .0001566	 9.803922E-02	 2.941176E-02	
  .0001568	 .2941177	 9.803922E-03	
  .000157	 .2941177	-9.803922E-03	
  .0001572	 .2941177	-2.941176E-02	
  .0001574	 .2941177	-2.941176E-02	
  .0001576	 .2941177	-9.803922E-03	
  .0001578	 .2941177	 9.803922E-03	
  .000158	 .2941177	 2.941176E-02	
  .0001582	 .2941177	 9.803922E-03	
  .0001584	 .4901961	 9.803922E-03	
  .0001586	 .4901961	-9.803922E-03	
  .0001588	 .2941177	-9.803922E-03	
  .000159	 .4901961	 9.803922E-03	
  .0001592	 .2941177	 9.803922E-03	
  .0001594	 .2941177	-9.803922E-03	
  .0001596	 .2941177	 2.941176E-02	
  .0001598	 .2941177	 9.803922E-03	
  .00016	 .2941177	 2.941176E-02	
  .0001602	 .2941177	 9.803922E-03	
  .0001604	 .2941177	-9.803922E-03	
  .0001606	 .2941177	-9.803922E-03	
  .0001608	 9.803922E-02	-9.803922E-03	
  .000161	 9.803922E-02	-9.803922E-03	
  .0001612	 .4901961	-2.941176E-02	
  .0001614	 .2941177	 9.803922E-03	
  .0001616	 9.803922E-02	 9.803922E-03	
  .0001618	 .2941177	 9.803922E-03	
  .000162	 .2941177	 9.803922E-03	
  .0001622	 .4901961	-9.803922E-03	
  .0001624	 .2941177	-9.803922E-03	
  .0001626	 9.803922E-02	-9.803922E-03	
  .0001628	 9.803922E-02	-9.803922E-03	
  .000163	 9.803922E-02	-9.803922E-03	
  .0001632	 9.803922E-02	-9.803922E-03	
  .0001634	 .2941177	 9.803922E-03	
  .0001636	 .2941177	 9.803922E-03	
  .0001638	 9.803922E-02	 9.803922E-03	
  .000164	 .2941177	-9.803922E-03	
  .0001642	 .2941177	 9.803922E-03	
  .0001644	 9.803922E-02	 9.803922E-03	
  .0001646	 .2941177	 9.803922E-03	
  .0001648	 .2941177	 2.941176E-02	
  .000165	 .2941177	 9.803922E-03	
  .0001652	 .4901961	 4.901961E-02	
  .0001654	 9.803922E-02	 2.941176E-02	
  .0001656	 .2941177	-9.803922E-03	
  .0001658	 9.803922E-02	-9.803922E-03	
  .000166	 .2941177	-9.803922E-03	
  .0001662	 .2941177	-9.803922E-03	
  .0001664	 .2941177	-9.803922E-03	
  .0001666	 .2941177	 2.941176E-02	
  .0001668	 9.803922E-02	 2.941176E-02	
  .000167	 9.803922E-02	 9.803922E-03	
  .0001672	 .2941177	-9.803922E-03	
  .0001674	 .2941177	-9.803922E-03	
  .0001676	 .2941177	-9.803922E-03	
  .0001678	 .2941177	 9.803922E-03	
  .000168	 9.803922E-02	 2.941176E-02	
  .0001682	 .2941177	 9.803922E-03	
  .0001684	 .4901961	 9.803922E-03	
  .0001686	 .2941177	 9.803922E-03	
  .0001688	 .2941177	 9.803922E-03	
  .000169	 .2941177	 9.803922E-03	
  .0001692	 .2941177	-9.803922E-03	
  .0001694	 .4901961	 9.803922E-03	
  .0001696	 .2941177	 2.941176E-02	
  .0001698	 .2941177	 2.941176E-02	
  .00017	 .4901961	 4.901961E-02	
  .0001702	 .2941177	 9.803922E-03	
  .0001704	 9.803922E-02	 2.941176E-02	
  .0001706	 .2941177	-9.803922E-03	
  .0001708	 9.803922E-02	 9.803922E-03	
  .000171	 .2941177	 9.803922E-03	
  .0001712	 9.803922E-02	 2.941176E-02	
  .0001714	 .2941177	 9.803922E-03	
  .0001716	 9.803922E-02	 9.803922E-03	
  .0001718	 .4901961	 9.803922E-03	
  .000172	 9.803922E-02	 9.803922E-03	
  .0001722	 .2941177	 9.803922E-03	
  .0001724	 9.803922E-02	 9.803922E-03	
  .0001726	-9.803922E-02	-9.803922E-03	
  .0001728	 .2941177	 9.803922E-03	
  .000173	 .2941177	 9.803922E-03	
  .0001732	 .2941177	 9.803922E-03	
  .0001734	 .2941177	 2.941176E-02	
  .0001736	 .4901961	 9.803922E-03	
  .0001738	 .2941177	 9.803922E-03	
  .000174	 9.803922E-02	 4.901961E-02	
  .0001742	 9.803922E-02	 2.941176E-02	
  .0001744	 .4901961	 2.941176E-02	
  .0001746	 .2941177	 2.941176E-02	
  .0001748	 .2941177	 2.941176E-02	
  .000175	 .4901961	 2.941176E-02	
  .0001752	 9.803922E-02	 2.941176E-02	
  .0001754	 9.803922E-02	 9.803922E-03	
  .0001756	 .2941177	 2.941176E-02	
  .0001758	 9.803922E-02	-9.803922E-03	
  .000176	 .2941177	 9.803922E-03	
  .0001762	 .2941177	 2.941176E-02	
  .0001764	 .2941177	 2.941176E-02	
  .0001766	 .2941177	 2.941176E-02	
  .0001768	 .2941177	 2.941176E-02	
  .000177	 .2941177	 2.941176E-02	
  .0001772	 .2941177	-9.803922E-03	
  .0001774	 9.803922E-02	 9.803922E-03	
  .0001776	 .2941177	 9.803922E-03	
  .0001778	 9.803922E-02	 2.941176E-02	
  .000178	 .4901961	-9.803922E-03	
  .0001782	 .8823529	 4.901961E-02	
  .0001784	 1.27451	-9.803922E-03	
  .0001786	 .8823529	-9.803922E-03	
  .0001788	 1.078431	 9.803922E-03	
  .000179	 .8823529	-9.803922E-03	
  .0001792	 1.27451	-9.803922E-03	
  .0001794	 1.27451	 9.803922E-03	
  .0001796	 1.078431	 9.803922E-03	
  .0001798	 1.27451	 9.803922E-03	
  .00018	 1.27451	 9.803922E-03	
  .0001802	 1.078431	 9.803922E-03	
  .0001804	 1.27451	-9.803922E-03	
  .0001806	 1.27451	 9.803922E-03	
  .0001808	 1.27451	-9.803922E-03	
  .000181	 1.470588	-9.803922E-03	
  .0001812	 1.27451	-9.803922E-03	
  .0001814	 1.27451	-9.803922E-03	
  .0001816	 1.078431	-9.803922E-03	
  .0001818	 1.27451	 9.803922E-03	
  .000182	 1.27451	-2.941176E-02	
  .0001822	 1.27451	-9.803922E-03	
  .0001824	 1.078431	 9.803922E-03	
  .0001826	 1.078431	-9.803922E-03	
  .0001828	 1.078431	-9.803922E-03	
  .000183	 1.27451	-9.803922E-03	
  .0001832	 1.078431	-2.941176E-02	
  .0001834	 1.27451	-9.803922E-03	
  .0001836	 1.27451	 9.803922E-03	
  .0001838	 1.27451	 9.803922E-03	
  .000184	 1.078431	-9.803922E-03	
  .0001842	 1.078431	-9.803922E-03	
  .0001844	 1.27451	-9.803922E-03	
  .0001846	 1.078431	 9.803922E-03	
  .0001848	 1.27451	 9.803922E-03	
  .000185	 1.078431	 2.941176E-02	
  .0001852	 1.078431	 9.803922E-03	
  .0001854	 1.078431	-2.941176E-02	
  .0001856	 .8823529	-9.803922E-03	
  .0001858	 1.078431	-9.803922E-03	
  .000186	 1.27451	-9.803922E-03	
  .0001862	 1.27451	-9.803922E-03	
  .0001864	 .8823529	 9.803922E-03	
  .0001866	 1.078431	-9.803922E-03	
  .0001868	 .8823529	 9.803922E-03	
  .000187	 .8823529	-9.803922E-03	
  .0001872	 1.078431	-2.941176E-02	
  .0001874	 1.078431	-2.941176E-02	
  .0001876	 1.078431	-9.803922E-03	
  .0001878	 .8823529	-9.803922E-03	
  .000188	 .8823529	-9.803922E-03	
  .0001882	 1.27451	 9.803922E-03	
  .0001884	 1.078431	 9.803922E-03	
  .0001886	 .8823529	-9.803922E-03	
  .0001888	 .8823529	-2.941176E-02	
  .000189	 .8823529	-9.803922E-03	
  .0001892	 1.078431	-2.941176E-02	
  .0001894	 .8823529	-9.803922E-03	
  .0001896	 1.078431	-9.803922E-03	
  .0001898	 .8823529	 9.803922E-03	
  .00019	 .8823529	-9.803922E-03	
  .0001902	 .6862745	-9.803922E-03	
  .0001904	 .8823529	-2.941176E-02	
  .0001906	 .8823529	-9.803922E-03	
  .0001908	 1.078431	-2.941176E-02	
  .000191	 .8823529	 9.803922E-03	
  .0001912	 .8823529	-2.941176E-02	
  .0001914	 .8823529	-2.941176E-02	
  .0001916	 1.078431	 9.803922E-03	
  .0001918	 .8823529	 9.803922E-03	
  .000192	 .8823529	-9.803922E-03	
  .0001922	 .8823529	-2.941176E-02	
  .0001924	 .6862745	-2.941176E-02	
  .0001926	 .6862745	-9.803922E-03	
  .0001928	 .8823529	-9.803922E-03	
  .000193	 .8823529	-9.803922E-03	
  .0001932	 .6862745	-9.803922E-03	
  .0001934	 1.078431	-9.803922E-03	
  .0001936	 .8823529	-9.803922E-03	
  .0001938	 .6862745	 9.803922E-03	
  .000194	 .6862745	 9.803922E-03	
  .0001942	 .8823529	-9.803922E-03	
  .0001944	 .8823529	 2.941176E-02	
  .0001946	 1.078431	-2.941176E-02	
  .0001948	 .8823529	 9.803922E-03	
  .000195	 .6862745	 9.803922E-03	
  .0001952	 .6862745	-2.941176E-02	
  .0001954	 .6862745	-2.941176E-02	
  .0001956	 .6862745	-2.941176E-02	
  .0001958	 .8823529	-2.941176E-02	
  .000196	 .6862745	-9.803922E-03	
  .0001962	 .8823529	-9.803922E-03	
  .0001964	 .6862745	 9.803922E-03	
  .0001966	 .6862745	 9.803922E-03	
  .0001968	 .6862745	-9.803922E-03	
  .000197	 .8823529	-9.803922E-03	
  .0001972	 .4901961	-9.803922E-03	
  .0001974	 .6862745	-9.803922E-03	
  .0001976	 .6862745	 9.803922E-03	
  .0001978	 .6862745	 9.803922E-03	
  .000198	 .6862745	 9.803922E-03	
  .0001982	 .8823529	 9.803922E-03	
  .0001984	 .4901961	-2.941176E-02	
  .0001986	 .8823529	-9.803922E-03	
  .0001988	 .4901961	-9.803922E-03	
  .000199	 .6862745	-2.941176E-02	
  .0001992	 .4901961	-9.803922E-03	
  .0001994	 .6862745	-9.803922E-03	
  .0001996	 .6862745	 2.941176E-02	
  .0001998	 .6862745	-9.803922E-03	
  .0002	 .4901961	-9.803922E-03	
  .0002002	 .4901961	-9.803922E-03	
  .0002004	 .4901961	 9.803922E-03	
  .0002006	 .2941177	-9.803922E-03	
  .0002008	 .8823529	-9.803922E-03	
  .000201	 .4901961	 9.803922E-03	
  .0002012	 .4901961	 9.803922E-03	
  .0002014	 .2941177	-9.803922E-03	
  .0002016	 .2941177	-9.803922E-03	
  .0002018	 .4901961	-2.941176E-02	
  .000202	 .2941177	-9.803922E-03	
  .0002022	 .2941177	 9.803922E-03	
  .0002024	 .4901961	-2.941176E-02	
  .0002026	 9.803922E-02	 9.803922E-03	
  .0002028	 .4901961	 2.941176E-02	
  .000203	 .4901961	-9.803922E-03	
  .0002032	 .2941177	 9.803922E-03	
  .0002034	 .4901961	 9.803922E-03	
  .0002036	 .4901961	-9.803922E-03	
  .0002038	 9.803922E-02	 9.803922E-03	
  .000204	 .2941177	-9.803922E-03	
  .0002042	 .2941177	-9.803922E-03	
  .0002044	 .2941177	 2.941176E-02	
  .0002046	 .4901961	 9.803922E-03	
  .0002048	 .2941177	 4.901961E-02	
  .000205	 .2941177	 2.941176E-02	
  .0002052	 9.803922E-02	-9.803922E-03	
  .0002054	 .2941177	-9.803922E-03	
  .0002056	 9.803922E-02	-9.803922E-03	
  .0002058	 .2941177	 9.803922E-03	
  .000206	 9.803922E-02	 9.803922E-03	
  .0002062	 9.803922E-02	 9.803922E-03	
  .0002064	 .4901961	 9.803922E-03	
  .0002066	 9.803922E-02	 9.803922E-03	
  .0002068	 9.803922E-02	 9.803922E-03	
  .000207	 9.803922E-02	-9.803922E-03	
  .0002072	 9.803922E-02	-9.803922E-03	
  .0002074	 9.803922E-02	 9.803922E-03	
  .0002076	 .2941177	 4.901961E-02	
  .0002078	-9.803922E-02	 9.803922E-03	
  .000208	 .4901961	 2.941176E-02	
  .0002082	 .2941177	 2.941176E-02	
  .0002084	 9.803922E-02	-9.803922E-03	
  .0002086	-9.803922E-02	-9.803922E-03	
  .0002088	 9.803922E-02	 9.803922E-03	
  .000209	 .2941177	-9.803922E-03	
  .0002092	 9.803922E-02	 9.803922E-03	
  .0002094	 .2941177	 9.803922E-03	
  .0002096	 9.803922E-02	 2.941176E-02	
  .0002098	-9.803922E-02	 9.803922E-03	
  .00021	-.2941177	 9.803922E-03	
  .0002102	-9.803922E-02	-9.803922E-03	
  .0002104	 9.803922E-02	-9.803922E-03	
  .0002106	 9.803922E-02	-9.803922E-03	
  .0002108	-9.803922E-02	 9.803922E-03	
  .000211	 9.803922E-02	 9.803922E-03	
  .0002112	-9.803922E-02	-2.941176E-02	
  .0002114	 .4901961	 2.941176E-02	
  .0002116	-9.803922E-02	 2.941176E-02	
  .0002118	-9.803922E-02	 9.803922E-03	
  .000212	 9.803922E-02	 9.803922E-03	
  .0002122	-.2941177	-9.803922E-03	
  .0002124	-9.803922E-02	 9.803922E-03	
  .0002126	 9.803922E-02	 9.803922E-03	
  .0002128	-9.803922E-02	 2.941176E-02	
  .000213	 9.803922E-02	 9.803922E-03	
  .0002132	 9.803922E-02	 2.941176E-02	
  .0002134	-9.803922E-02	 9.803922E-03	
  .0002136	-9.803922E-02	 9.803922E-03	
  .0002138	-.2941177	 2.941176E-02	
  .000214	 9.803922E-02	 2.941176E-02	
  .0002142	 9.803922E-02	 2.941176E-02	
  .0002144	-9.803922E-02	 2.941176E-02	
  .0002146	-9.803922E-02	 2.941176E-02	
  .0002148	-.2941177	 2.941176E-02	
  .000215	-.2941177	-9.803922E-03	
  .0002152	-9.803922E-02	 9.803922E-03	
  .0002154	-.4901961	-9.803922E-03	
  .0002156	-9.803922E-02	-9.803922E-03	
  .0002158	-9.803922E-02	 2.941176E-02	
  .000216	-9.803922E-02	 2.941176E-02	
  .0002162	-9.803922E-02	 2.941176E-02	
  .0002164	-9.803922E-02	 9.803922E-03	
  .0002166	-9.803922E-02	 9.803922E-03	
  .0002168	-9.803922E-02	-9.803922E-03	
  .000217	-.2941177	 2.941176E-02	
  .0002172	-9.803922E-02	-9.803922E-03	
  .0002174	-.2941177	 2.941176E-02	
  .0002176	-9.803922E-02	 9.803922E-03	
  .0002178	-9.803922E-02	 2.941176E-02	
  .000218	 9.803922E-02	 2.941176E-02	
  .0002182	-.2941177	 9.803922E-03	
  .0002184	-.2941177	 4.901961E-02	
  .0002186	-.4901961	 9.803922E-03	
  .0002188	-.2941177	 9.803922E-03	
  .000219	-9.803922E-02	 2.941176E-02	
  .0002192	-9.803922E-02	 2.941176E-02	
  .0002194	-9.803922E-02	 4.901961E-02	
  .0002196	-.2941177	 2.941176E-02	
  .0002198	-.2941177	 2.941176E-02	
  .00022	-.2941177	 2.941176E-02	
  .0002202	-.2941177	 2.941176E-02	
  .0002204	-.4901961	 9.803922E-03	
  .0002206	-9.803922E-02	-9.803922E-03	
  .0002208	-.2941177	 2.941176E-02	
  .000221	-.2941177	 2.941176E-02	
  .0002212	-9.803922E-02	 2.941176E-02	
  .0002214	-.2941177	 4.901961E-02	
  .0002216	-.2941177	 9.803922E-03	
  .0002218	-.4901961	 2.941176E-02	
  .000222	-.4901961	 9.803922E-03	
  .0002222	-.4901961	 2.941176E-02	
  .0002224	-.2941177	 9.803922E-03	
  .0002226	-.4901961	 2.941176E-02	
  .0002228	-.2941177	 2.941176E-02	
  .000223	-.2941177	 2.941176E-02	
  .0002232	-.2941177	 4.901961E-02	
  .0002234	-.4901961	 2.941176E-02	
  .0002236	-.2941177	 2.941176E-02	
  .0002238	-.2941177	 2.941176E-02	
  .000224	-9.803922E-02	 4.901961E-02	
  .0002242	-.2941177	 4.901961E-02	
  .0002244	-.2941177	 2.941176E-02	
  .0002246	-.2941177	 6.862745E-02	
  .0002248	-.4901961	 6.862745E-02	
  .000225	-.4901961	 9.803922E-03	
  .0002252	-.4901961	 2.941176E-02	
  .0002254	-.6862745	 2.941176E-02	
  .0002256	-.2941177	 2.941176E-02	
  .0002258	-.2941177	 2.941176E-02	
  .000226	-.4901961	 6.862745E-02	
  .0002262	-9.803922E-02	 4.901961E-02	
  .0002264	-.4901961	 4.901961E-02	
  .0002266	-.4901961	 2.941176E-02	
  .0002268	-.4901961	 2.941176E-02	
  .000227	-.6862745	 2.941176E-02	
  .0002272	-.4901961	 2.941176E-02	
  .0002274	-.2941177	 4.901961E-02	
  .0002276	-.2941177	 2.941176E-02	
  .0002278	-9.803922E-02	 6.862745E-02	
  .000228	-.2941177	 4.901961E-02	
  .0002282	-.4901961	 2.941176E-02	
  .0002284	-.4901961	 9.803922E-03	
  .0002286	-.4901961	 2.941176E-02	
  .0002288	-.4901961	 2.941176E-02	
  .000229	-.2941177	 4.901961E-02	
  .0002292	-.2941177	 4.901961E-02	
  .0002294	-.4901961	 4.901961E-02	
  .0002296	-.4901961	 4.901961E-02	
  .0002298	-.4901961	 4.901961E-02	
  .00023	-.4901961	 9.803922E-03	
  .0002302	-.6862745	 2.941176E-02	
  .0002304	-.4901961	 2.941176E-02	
  .0002306	-.4901961	 2.941176E-02	
  .0002308	-.4901961	 2.941176E-02	
  .000231	-.2941177	 2.941176E-02	
  .0002312	-.2941177	 4.901961E-02	
  .0002314	-.4901961	 4.901961E-02	
  .0002316	-.4901961	 2.941176E-02	
  .0002318	-.2941177	 2.941176E-02	
  .000232	-.6862745	 2.941176E-02	
  .0002322	-.4901961	 2.941176E-02	
  .0002324	-.4901961	 2.941176E-02	
  .0002326	-.4901961	 4.901961E-02	
  .0002328	-.4901961	 4.901961E-02	
  .000233	-.2941177	 4.901961E-02	
  .0002332	-.4901961	 2.941176E-02	
  .0002334	-.6862745	 4.901961E-02	
  .0002336	-.4901961	 2.941176E-02	
  .0002338	-.2941177	 4.901961E-02	
  .000234	-.2941177	 4.901961E-02	
  .0002342	-.2941177	 6.862745E-02	
  .0002344	-.2941177	 .0882353	
  .0002346	-.6862745	 6.862745E-02	
  .0002348	-.6862745	 4.901961E-02	
  .000235	-.4901961	 2.941176E-02	
  .0002352	-.4901961	 2.941176E-02	
  .0002354	-.2941177	 2.941176E-02	
  .0002356	-.4901961	 4.901961E-02	
  .0002358	-.4901961	 2.941176E-02	
  .000236	-.4901961	 6.862745E-02	
  .0002362	-.4901961	 4.901961E-02	
  .0002364	-.2941177	 4.901961E-02	
  .0002366	-.2941177	 2.941176E-02	
  .0002368	-.6862745	 4.901961E-02	
  .000237	-.6862745	 4.901961E-02	
  .0002372	-.4901961	 6.862745E-02	
  .0002374	-.4901961	 4.901961E-02	
  .0002376	-.2941177	 6.862745E-02	
  .0002378	-.2941177	 2.941176E-02	
  .000238	-.4901961	 4.901961E-02	
  .0002382	-.4901961	 4.901961E-02	
  .0002384	-.4901961	 4.901961E-02	
  .0002386	-.4901961	 2.941176E-02	
  .0002388	-.2941177	 4.901961E-02	
  .000239	-.4901961	 4.901961E-02	
  .0002392	-9.803922E-02	 6.862745E-02	
  .0002394	-.4901961	 6.862745E-02	
  .0002396	-.4901961	 4.901961E-02	
  .0002398	-.4901961	 4.901961E-02	
  .00024	-.4901961	 4.901961E-02	
  .0002402	-.4901961	 2.941176E-02	
  .0002404	-9.803922E-02	 2.941176E-02	
  .0002406	-.2941177	 4.901961E-02	
  .0002408	-.2941177	 4.901961E-02	
  .000241	-.2941177	 4.901961E-02	
  .0002412	-.4901961	 4.901961E-02	
  .0002414	-9.803922E-02	 2.941176E-02	
  .0002416	-.4901961	 4.901961E-02	
  .0002418	-.6862745	 4.901961E-02	
  .000242	-.2941177	 2.941176E-02	
  .0002422	-.2941177	 2.941176E-02	
  .0002424	-9.803922E-02	 4.901961E-02	
  .0002426	-.2941177	 2.941176E-02	
  .0002428	-9.803922E-02	 4.901961E-02	
  .000243	-.2941177	 6.862745E-02	
  .0002432	-9.803922E-02	 2.941176E-02	
  .0002434	-9.803922E-02	 6.862745E-02	
  .0002436	-.2941177	 2.941176E-02	
  .0002438	-9.803922E-02	 6.862745E-02	
  .000244	-9.803922E-02	 4.901961E-02	
  .0002442	-9.803922E-02	 4.901961E-02	
  .0002444	-9.803922E-02	 .1078431	
  .0002446	-.4901961	 6.862745E-02	
  .0002448	-.2941177	 4.901961E-02	
  .000245	-.4901961	 2.941176E-02	
  .0002452	-9.803922E-02	 4.901961E-02	
  .0002454	-9.803922E-02	 4.901961E-02	
  .0002456	-9.803922E-02	 4.901961E-02	
  .0002458	-.2941177	 6.862745E-02	
  .000246	-9.803922E-02	 4.901961E-02	
  .0002462	-.2941177	 4.901961E-02	
  .0002464	-9.803922E-02	 2.941176E-02	
  .0002466	-9.803922E-02	 4.901961E-02	
  .0002468	-.4901961	 2.941176E-02	
  .000247	-.2941177	 4.901961E-02	
  .0002472	-9.803922E-02	 6.862745E-02	
  .0002474	-.2941177	 2.941176E-02	
  .0002476	 9.803922E-02	 4.901961E-02	
  .0002478	-9.803922E-02	 4.901961E-02	
  .000248	-.2941177	 2.941176E-02	
  .0002482	-9.803922E-02	 2.941176E-02	
  .0002484	-.2941177	 2.941176E-02	
  .0002486	-9.803922E-02	 2.941176E-02	
  .0002488	-9.803922E-02	 4.901961E-02	
  .000249	 9.803922E-02	 4.901961E-02	
  .0002492	-9.803922E-02	 6.862745E-02	
  .0002494	-9.803922E-02	 6.862745E-02	
  .0002496	-.2941177	 4.901961E-02	
  .0002498	-9.803922E-02	 4.901961E-02	
  .00025	-9.803922E-02	 4.901961E-02	
  .0002502	-9.803922E-02	 4.901961E-02	
  .0002504	-9.803922E-02	 4.901961E-02	
  .0002506	-9.803922E-02	 4.901961E-02	
  .0002508	-9.803922E-02	 2.941176E-02	
  .000251	 .2941177	 4.901961E-02	
  .0002512	-.2941177	 4.901961E-02	
  .0002514	-9.803922E-02	 2.941176E-02	
  .0002516	-.2941177	 9.803922E-03	
  .0002518	-.2941177	 4.901961E-02	
  .000252	-9.803922E-02	 2.941176E-02	
  .0002522	-9.803922E-02	 2.941176E-02	
  .0002524	 9.803922E-02	 4.901961E-02	
  .0002526	-9.803922E-02	 4.901961E-02	
  .0002528	 9.803922E-02	 4.901961E-02	
  .000253	-9.803922E-02	 2.941176E-02	
  .0002532	-9.803922E-02	 4.901961E-02	
  .0002534	-.2941177	 2.941176E-02	
  .0002536	 9.803922E-02	 6.862745E-02	
  .0002538	-9.803922E-02	 4.901961E-02	
  .000254	 9.803922E-02	 2.941176E-02	
  .0002542	 9.803922E-02	 6.862745E-02	
  .0002544	-9.803922E-02	 4.901961E-02	
  .0002546	-.2941177	 2.941176E-02	
  .0002548	-9.803922E-02	 2.941176E-02	
  .000255	-9.803922E-02	 4.901961E-02	
  .0002552	 9.803922E-02	 2.941176E-02	
  .0002554	-9.803922E-02	 4.901961E-02	
  .0002556	 9.803922E-02	 4.901961E-02	
  .0002558	-9.803922E-02	 4.901961E-02	
  .000256	 9.803922E-02	 4.901961E-02	
  .0002562	 9.803922E-02	 2.941176E-02	
  .0002564	 9.803922E-02	 4.901961E-02	
  .0002566	 9.803922E-02	 4.901961E-02	
  .0002568	-9.803922E-02	 2.941176E-02	
  .000257	 9.803922E-02	 6.862745E-02	
  .0002572	-9.803922E-02	 4.901961E-02	
  .0002574	 9.803922E-02	 4.901961E-02	
  .0002576	 .2941177	 2.941176E-02	
  .0002578	 .2941177	 4.901961E-02	
  .000258	 .2941177	 2.941176E-02	
  .0002582	-9.803922E-02	 2.941176E-02	
  .0002584	-9.803922E-02	 2.941176E-02	
  .0002586	 .2941177	 4.901961E-02	
  .0002588	 9.803922E-02	 2.941176E-02	
  .000259	 .2941177	 4.901961E-02	
  .0002592	 9.803922E-02	 6.862745E-02	
  .0002594	 9.803922E-02	 4.901961E-02	
  .0002596	 .2941177	 4.901961E-02	
  .0002598	 9.803922E-02	 4.901961E-02	
  .00026	 9.803922E-02	 2.941176E-02	
  .0002602	 .2941177	 2.941176E-02	
  .0002604	 9.803922E-02	 4.901961E-02	
  .0002606	 9.803922E-02	 2.941176E-02	
  .0002608	 9.803922E-02	 2.941176E-02	
  .000261	 9.803922E-02	 4.901961E-02	
  .0002612	 .2941177	 2.941176E-02	
  .0002614	 9.803922E-02	 9.803922E-03	
  .0002616	-9.803922E-02	 2.941176E-02	
  .0002618	 9.803922E-02	 9.803922E-03	
  .000262	 9.803922E-02	 2.941176E-02	
  .0002622	 .2941177	 2.941176E-02	
  .0002624	 9.803922E-02	 9.803922E-03	
  .0002626	 .2941177	 2.941176E-02	
  .0002628	 .2941177	 4.901961E-02	
  .000263	 9.803922E-02	 2.941176E-02	
  .0002632	 .2941177	 4.901961E-02	
  .0002634	 .2941177	 2.941176E-02	
  .0002636	 .2941177	 4.901961E-02	
  .0002638	 .2941177	 2.941176E-02	
  .000264	 .4901961	 4.901961E-02	
  .0002642	 .4901961	 4.901961E-02	
  .0002644	 .2941177	 4.901961E-02	
  .0002646	 .2941177	 9.803922E-03	
  .0002648	 9.803922E-02	 2.941176E-02	
  .000265	 .2941177	 2.941176E-02	
  .0002652	 .4901961	 2.941176E-02	
  .0002654	 .4901961	 9.803922E-03	
  .0002656	 .2941177	 4.901961E-02	
  .0002658	 .2941177	 2.941176E-02	
  .000266	 .2941177	 4.901961E-02	
  .0002662	 .2941177	 2.941176E-02	
  .0002664	 .4901961	 2.941176E-02	
  .0002666	 9.803922E-02	 2.941176E-02	
  .0002668	 .4901961	 2.941176E-02	
  .000267	 .2941177	 4.901961E-02	
  .0002672	 .4901961	 2.941176E-02	
  .0002674	 .6862745	 2.941176E-02	
  .0002676	 .4901961	 4.901961E-02	
  .0002678	 .2941177	 2.941176E-02	
  .000268	 .4901961	 2.941176E-02	
  .0002682	 .2941177	 2.941176E-02	
  .0002684	 .4901961	 9.803922E-03	
  .0002686	 .4901961	 4.901961E-02	
  .0002688	 .4901961	 2.941176E-02	
  .000269	 .4901961	 4.901961E-02	
  .0002692	 .6862745	 2.941176E-02	
  .0002694	 .2941177	 2.941176E-02	
  .0002696	 .4901961	 2.941176E-02	
  .0002698	 .4901961	 2.941176E-02	
  .00027	 .6862745	 2.941176E-02	
  .0002702	 .4901961	 2.941176E-02	
  .0002704	 .4901961	 2.941176E-02	
  .0002706	 .4901961	 2.941176E-02	
  .0002708	 .8823529	 4.901961E-02	
  .000271	 .2941177	 2.941176E-02	
  .0002712	 .4901961	 9.803922E-03	
  .0002714	 .4901961	 2.941176E-02	
  .0002716	 .4901961	 2.941176E-02	
  .0002718	 .6862745	 9.803922E-03	
  .000272	 .2941177	 2.941176E-02	
  .0002722	 .6862745	 2.941176E-02	
  .0002724	 .6862745	 2.941176E-02	
  .0002726	 .6862745	 2.941176E-02	
  .0002728	 .6862745	 2.941176E-02	
  .000273	 .2941177	 2.941176E-02	
  .0002732	 .4901961	 9.803922E-03	
  .0002734	 .6862745	 2.941176E-02	
  .0002736	 .6862745	 2.941176E-02	
  .0002738	 .4901961	 2.941176E-02	
  .000274	 .6862745	 4.901961E-02	
  .0002742	 .4901961	 2.941176E-02	
  .0002744	 .4901961	 2.941176E-02	
  .0002746	 .4901961	 9.803922E-03	
  .0002748	 .4901961	 2.941176E-02	
  .000275	 .6862745	 9.803922E-03	
  .0002752	 .6862745	 2.941176E-02	
  .0002754	 .6862745	 2.941176E-02	
  .0002756	 .6862745	 2.941176E-02	
  .0002758	 .4901961	 2.941176E-02	
  .000276	 .6862745	 9.803922E-03	
  .0002762	 .8823529	 2.941176E-02	
  .0002764	 .6862745	 2.941176E-02	
  .0002766	 .4901961	 9.803922E-03	
  .0002768	 .6862745	 2.941176E-02	
  .000277	 .6862745	 2.941176E-02	
  .0002772	 .8823529	 4.901961E-02	
  .0002774	 .8823529	 2.941176E-02	
  .0002776	 .6862745	 9.803922E-03	
  .0002778	 .6862745	 4.901961E-02	
  .000278	 .4901961	 9.803922E-03	
  .0002782	 .4901961	 9.803922E-03	
  .0002784	 .6862745	 9.803922E-03	
  .0002786	 .6862745	 2.941176E-02	
  .0002788	 .6862745	 2.941176E-02	
  .000279	 .6862745	 2.941176E-02	
  .0002792	 .6862745	 2.941176E-02	
  .0002794	 .8823529	 9.803922E-03	
  .0002796	 .6862745	 9.803922E-03	
  .0002798	 .4901961	-9.803922E-03	
  .00028	 .8823529	 9.803922E-03	
  .0002802	 .8823529	 9.803922E-03	
  .0002804	 .6862745	 2.941176E-02	
  .0002806	 .6862745	 2.941176E-02	
  .0002808	 .6862745	 4.901961E-02	
  .000281	 .6862745	 9.803922E-03	
  .0002812	 .6862745	 2.941176E-02	
  .0002814	 .6862745	 2.941176E-02	
  .0002816	 .6862745	 9.803922E-03	
  .0002818	 .6862745	 9.803922E-03	
  .000282	 .8823529	 2.941176E-02	
  .0002822	 .8823529	 9.803922E-03	
  .0002824	 .6862745	 9.803922E-03	
  .0002826	 .6862745	 2.941176E-02	
  .0002828	 .8823529	-9.803922E-03	
  .000283	 .6862745	 2.941176E-02	
  .0002832	 .4901961	-9.803922E-03	
  .0002834	 .6862745	 9.803922E-03	
  .0002836	 .6862745	 2.941176E-02	
  .0002838	 .8823529	 2.941176E-02	
  .000284	 .8823529	 4.901961E-02	
  .0002842	 .6862745	 2.941176E-02	
  .0002844	 .6862745	-9.803922E-03	
  .0002846	 .4901961	 9.803922E-03	
  .0002848	 .4901961	 9.803922E-03	
  .000285	 .8823529	 9.803922E-03	
  .0002852	 .8823529	 9.803922E-03	
  .0002854	 .6862745	 9.803922E-03	
  .0002856	 .6862745	 9.803922E-03	
  .0002858	 .6862745	 9.803922E-03	
  .000286	 .6862745	-9.803922E-03	
  .0002862	 .6862745	-9.803922E-03	
  .0002864	 .6862745	-9.803922E-03	
  .0002866	 .8823529	-9.803922E-03	
  .0002868	 .8823529	 9.803922E-03	
  .000287	 .6862745	 2.941176E-02	
  .0002872	 1.27451	 9.803922E-03	
  .0002874	 .8823529	 9.803922E-03	
  .0002876	 .6862745	 9.803922E-03	
  .0002878	 .6862745	 9.803922E-03	
  .000288	 .6862745	-9.803922E-03	
  .0002882	 .8823529	-9.803922E-03	
  .0002884	 .6862745	 9.803922E-03	
  .0002886	 1.078431	 2.941176E-02	
  .0002888	 .8823529	 2.941176E-02	
  .000289	 .8823529	 9.803922E-03	
  .0002892	 .4901961	 9.803922E-03	
  .0002894	 .8823529	-9.803922E-03	
  .0002896	 .6862745	 9.803922E-03	
  .0002898	 .8823529	 2.941176E-02	
  .00029	 .8823529	 2.941176E-02	
  .0002902	 .6862745	 9.803922E-03	
  .0002904	 .6862745	-9.803922E-03	
  .0002906	 1.078431	 2.941176E-02	
  .0002908	 .6862745	 2.941176E-02	
  .000291	 .8823529	 9.803922E-03	
  .0002912	 .6862745	 9.803922E-03	
  .0002914	 .6862745	 9.803922E-03	
  .0002916	 .6862745	-9.803922E-03	
  .0002918	 .8823529	 9.803922E-03	
  .000292	 .6862745	 9.803922E-03	
  .0002922	 .8823529	 9.803922E-03	
  .0002924	 .8823529	 9.803922E-03	
  .0002926	 .8823529	-9.803922E-03	
  .0002928	 .6862745	 9.803922E-03	
  .000293	 .6862745	-9.803922E-03	
  .0002932	 1.078431	 2.941176E-02	
  .0002934	 .8823529	 2.941176E-02	
  .0002936	 .8823529	 2.941176E-02	
  .0002938	 .8823529	 9.803922E-03	
  .000294	 .8823529	 2.941176E-02	
  .0002942	 .6862745	-9.803922E-03	
  .0002944	 .8823529	 9.803922E-03	
  .0002946	 .6862745	-9.803922E-03	
  .0002948	 .8823529	-9.803922E-03	
  .000295	 .8823529	 9.803922E-03	
  .0002952	 .8823529	 2.941176E-02	
  .0002954	 .6862745	 2.941176E-02	
  .0002956	 .8823529	 9.803922E-03	
  .0002958	 .8823529	 9.803922E-03	
  .000296	 .8823529	-2.941176E-02	
  .0002962	 .6862745	 9.803922E-03	
  .0002964	 .6862745	-9.803922E-03	
  .0002966	 .6862745	 2.941176E-02	
  .0002968	 .6862745	 9.803922E-03	
  .000297	 .8823529	 9.803922E-03	
  .0002972	 1.078431	 9.803922E-03	
  .0002974	 .8823529	-9.803922E-03	
  .0002976	 .8823529	 9.803922E-03	
  .0002978	 .4901961	-9.803922E-03	
  .000298	 .6862745	-2.941176E-02	
  .0002982	 .6862745	 9.803922E-03	
  .0002984	 .6862745	 9.803922E-03	
  .0002986	 .8823529	 9.803922E-03	
  .0002988	 .8823529	-9.803922E-03	
  .000299	 .6862745	 9.803922E-03	
  .0002992	 .6862745	 9.803922E-03	
  .0002994	 .6862745	-9.803922E-03	
  .0002996	 .6862745	-9.803922E-03	
  .0002998	 .8823529	-9.803922E-03	
  .0003	 .6862745	 9.803922E-03	
  .0003002	 .8823529	-9.803922E-03	
  .0003004	 .6862745	 2.941176E-02	
  .0003006	 .6862745	 9.803922E-03	
  .0003008	 .6862745	-2.941176E-02	
  .000301	 .6862745	-9.803922E-03	
  .0003012	 .4901961	 9.803922E-03	
  .0003014	 .6862745	-9.803922E-03	
  .0003016	 .4901961	-2.941176E-02	
  .0003018	 .6862745	-9.803922E-03	
  .000302	 .6862745	 9.803922E-03	
  .0003022	 .4901961	 9.803922E-03	
  .0003024	 .8823529	 2.941176E-02	
  .0003026	 .4901961	 9.803922E-03	
  .0003028	 .6862745	 9.803922E-03	
  .000303	 .4901961	-9.803922E-03	
  .0003032	 .8823529	 9.803922E-03	
  .0003034	 .6862745	 2.941176E-02	
  .0003036	 .8823529	-9.803922E-03	
  .0003038	 .8823529	 4.901961E-02	
  .000304	 .6862745	 2.941176E-02	
  .0003042	 .4901961	-9.803922E-03	
  .0003044	 .4901961	-9.803922E-03	
  .0003046	 .2941177	-9.803922E-03	
  .0003048	 .6862745	 9.803922E-03	
  .000305	 .4901961	 9.803922E-03	
  .0003052	 .4901961	 2.941176E-02	
  .0003054	 .6862745	 9.803922E-03	
  .0003056	 .4901961	 2.941176E-02	
  .0003058	 .6862745	-9.803922E-03	
  .000306	 .2941177	-9.803922E-03	
  .0003062	 .4901961	-9.803922E-03	
  .0003064	 .6862745	 9.803922E-03	
  .0003066	 .6862745	 2.941176E-02	
  .0003068	 .4901961	-9.803922E-03	
  .000307	 .8823529	 9.803922E-03	
  .0003072	 .6862745	 2.941176E-02	
  .0003074	 .4901961	 9.803922E-03	
  .0003076	 .2941177	-9.803922E-03	
  .0003078	 .4901961	 9.803922E-03	
  .000308	 .6862745	-9.803922E-03	
  .0003082	 .6862745	 9.803922E-03	
  .0003084	 .6862745	 2.941176E-02	
  .0003086	 .6862745	 9.803922E-03	
  .0003088	 .6862745	 9.803922E-03	
  .000309	 .4901961	 9.803922E-03	
  .0003092	 .2941177	-9.803922E-03	
  .0003094	 .2941177	-9.803922E-03	
  .0003096	 .6862745	-9.803922E-03	
  .0003098	 .4901961	 9.803922E-03	
  .00031	 .4901961	-9.803922E-03	
  .0003102	 .4901961	-2.941176E-02	
  .0003104	 .6862745	 2.941176E-02	
  .0003106	 .4901961	 9.803922E-03	
  .0003108	 .4901961	-9.803922E-03	
  .000311	 .2941177	-9.803922E-03	
  .0003112	 .2941177	-9.803922E-03	
  .0003114	 .2941177	-9.803922E-03	
  .0003116	 .2941177	 9.803922E-03	
  .0003118	 .4901961	 9.803922E-03	
  .000312	 .4901961	 9.803922E-03	
  .0003122	 .6862745	 9.803922E-03	
  .0003124	 .4901961	-9.803922E-03	
  .0003126	 .4901961	 9.803922E-03	
  .0003128	 .2941177	 9.803922E-03	
  .000313	 .4901961	-9.803922E-03	
  .0003132	 .2941177	-9.803922E-03	
  .0003134	 .2941177	-9.803922E-03	
  .0003136	 .4901961	 2.941176E-02	
  .0003138	 .2941177	 2.941176E-02	
  .000314	 .4901961	-9.803922E-03	
  .0003142	 .4901961	 9.803922E-03	
  .0003144	 .2941177	-9.803922E-03	
  .0003146	 .4901961	 9.803922E-03	
  .0003148	 .2941177	 9.803922E-03	
  .000315	 .4901961	 2.941176E-02	
  .0003152	 .4901961	 9.803922E-03	
  .0003154	 .6862745	 9.803922E-03	
  .0003156	 .2941177	-9.803922E-03	
  .0003158	 .4901961	-2.941176E-02	
  .000316	 .2941177	 9.803922E-03	
  .0003162	 .2941177	-2.941176E-02	
  .0003164	 .2941177	 9.803922E-03	
  .0003166	 .4901961	 9.803922E-03	
  .0003168	 .2941177	 2.941176E-02	
  .000317	 .4901961	 9.803922E-03	
  .0003172	 .2941177	-9.803922E-03	
  .0003174	 .4901961	 9.803922E-03	
  .0003176	 .2941177	 9.803922E-03	
  .0003178	 .2941177	-9.803922E-03	
  .000318	 .4901961	 9.803922E-03	
  .0003182	 .2941177	 9.803922E-03	
  .0003184	 .4901961	 2.941176E-02	
  .0003186	 .2941177	 9.803922E-03	
  .0003188	 .2941177	 9.803922E-03	
  .000319	 .2941177	-9.803922E-03	
  .0003192	 .2941177	-9.803922E-03	
  .0003194	 .2941177	 9.803922E-03	
  .0003196	 .4901961	 9.803922E-03	
  .0003198	 .2941177	 9.803922E-03	
  .00032	 .2941177	 9.803922E-03	
  .0003202	 .2941177	 9.803922E-03	
  .0003204	 9.803922E-02	 9.803922E-03	
  .0003206	 .4901961	-9.803922E-03	
  .0003208	 9.803922E-02	 9.803922E-03	
  .000321	 9.803922E-02	-9.803922E-03	
  .0003212	 .4901961	-9.803922E-03	
  .0003214	 .2941177	-9.803922E-03	
  .0003216	 .2941177	 9.803922E-03	
  .0003218	 9.803922E-02	-9.803922E-03	
  .000322	 9.803922E-02	 9.803922E-03	
  .0003222	 .2941177	 2.941176E-02	
  .0003224	 9.803922E-02	-9.803922E-03	
  .0003226	 9.803922E-02	 9.803922E-03	
  .0003228	 9.803922E-02	 9.803922E-03	
  .000323	 .2941177	 9.803922E-03	
  .0003232	 .2941177	 9.803922E-03	
  .0003234	 .2941177	 9.803922E-03	
  .0003236	 .2941177	 4.901961E-02	
  .0003238	 9.803922E-02	 2.941176E-02	
  .000324	 .2941177	-9.803922E-03	
  .0003242	 .2941177	 9.803922E-03	
  .0003244	-9.803922E-02	 9.803922E-03	
  .0003246	 .4901961	 9.803922E-03	
  .0003248	 .2941177	 9.803922E-03	
  .000325	 9.803922E-02	 9.803922E-03	
  .0003252	 9.803922E-02	 2.941176E-02	
  .0003254	 9.803922E-02	 9.803922E-03	
  .0003256	 9.803922E-02	-9.803922E-03	
  .0003258	 9.803922E-02	 9.803922E-03	
  .000326	 9.803922E-02	-9.803922E-03	
  .0003262	 .2941177	 9.803922E-03	
  .0003264	 .2941177	 2.941176E-02	
  .0003266	 9.803922E-02	 2.941176E-02	
  .0003268	 .4901961	 2.941176E-02	
  .000327	 9.803922E-02	 2.941176E-02	
  .0003272	-9.803922E-02	 9.803922E-03	
  .0003274	 9.803922E-02	 9.803922E-03	
  .0003276	 9.803922E-02	 9.803922E-03	
  .0003278	 .2941177	-9.803922E-03	
  .000328	 .2941177	 2.941176E-02	
  .0003282	 .2941177	 9.803922E-03	
  .0003284	 .2941177	 2.941176E-02	
  .0003286	 .2941177	 9.803922E-03	
  .0003288	 9.803922E-02	 2.941176E-02	
  .000329	 9.803922E-02	-9.803922E-03	
  .0003292	 9.803922E-02	 9.803922E-03	
  .0003294	 9.803922E-02	 9.803922E-03	
  .0003296	 9.803922E-02	 2.941176E-02	
  .0003298	 9.803922E-02	 9.803922E-03	
  .00033	 9.803922E-02	 9.803922E-03	
  .0003302	 9.803922E-02	 2.941176E-02	
  .0003304	-9.803922E-02	 9.803922E-03	
  .0003306	 9.803922E-02	 9.803922E-03	
  .0003308	 9.803922E-02	 9.803922E-03	
  .000331	-.2941177	 9.803922E-03	
  .0003312	-9.803922E-02	-9.803922E-03	
  .0003314	 9.803922E-02	 9.803922E-03	
  .0003316	 9.803922E-02	 2.941176E-02	
  .0003318	 9.803922E-02	 9.803922E-03	
  .000332	 9.803922E-02	 2.941176E-02	
  .0003322	-9.803922E-02	 9.803922E-03	
  .0003324	-.2941177	 2.941176E-02	
  .0003326	-9.803922E-02	 9.803922E-03	
  .0003328	 9.803922E-02	 2.941176E-02	
  .000333	 9.803922E-02	 2.941176E-02	
  .0003332	 9.803922E-02	 9.803922E-03	
  .0003334	 9.803922E-02	 4.901961E-02	
  .0003336	-.2941177	 2.941176E-02	
  .0003338	 9.803922E-02	 9.803922E-03	
  .000334	-9.803922E-02	-9.803922E-03	
  .0003342	-9.803922E-02	 9.803922E-03	
  .0003344	 9.803922E-02	 9.803922E-03	
  .0003346	-9.803922E-02	 9.803922E-03	
  .0003348	 9.803922E-02	 2.941176E-02	
  .000335	 9.803922E-02	 9.803922E-03	
  .0003352	 9.803922E-02	 2.941176E-02	
  .0003354	-.2941177	 2.941176E-02	
  .0003356	 9.803922E-02	 9.803922E-03	
  .0003358	 9.803922E-02	 2.941176E-02	
  .000336	-9.803922E-02	 9.803922E-03	
  .0003362	 9.803922E-02	 4.901961E-02	
  .0003364	-9.803922E-02	 9.803922E-03	
  .0003366	-9.803922E-02	 2.941176E-02	
  .0003368	 .2941177	 9.803922E-03	
  .000337	-9.803922E-02	 9.803922E-03	
  .0003372	 9.803922E-02	 2.941176E-02	
  .0003374	-9.803922E-02	 2.941176E-02	
  .0003376	 9.803922E-02	 2.941176E-02	
  .0003378	-9.803922E-02	 2.941176E-02	
  .000338	 9.803922E-02	 2.941176E-02	
  .0003382	 .2941177	 2.941176E-02	
  .0003384	-9.803922E-02	 2.941176E-02	
  .0003386	-9.803922E-02	 2.941176E-02	
  .0003388	 9.803922E-02	 2.941176E-02	
  .000339	-9.803922E-02	 9.803922E-03	
  .0003392	-.2941177	 9.803922E-03	
  .0003394	 .2941177	 9.803922E-03	
  .0003396	 9.803922E-02	 2.941176E-02	
  .0003398	-9.803922E-02	 2.941176E-02	
  .00034	-9.803922E-02	 2.941176E-02	
  .0003402	-9.803922E-02	 2.941176E-02	
  .0003404	-9.803922E-02	 9.803922E-03	
  .0003406	-9.803922E-02	 2.941176E-02	
  .0003408	-.2941177	 2.941176E-02	
  .000341	-9.803922E-02	 9.803922E-03	
  .0003412	-9.803922E-02	-9.803922E-03	
  .0003414	-9.803922E-02	 2.941176E-02	
  .0003416	-9.803922E-02	 2.941176E-02	
  .0003418	 9.803922E-02	 4.901961E-02	
  .000342	-9.803922E-02	 2.941176E-02	
  .0003422	-9.803922E-02	 2.941176E-02	
  .0003424	-9.803922E-02	 2.941176E-02	
  .0003426	-9.803922E-02	 9.803922E-03	
  .0003428	 9.803922E-02	 2.941176E-02	
  .000343	-9.803922E-02	 2.941176E-02	
  .0003432	-9.803922E-02	 2.941176E-02	
  .0003434	-9.803922E-02	 4.901961E-02	
  .0003436	-9.803922E-02	 4.901961E-02	
  .0003438	-9.803922E-02	 9.803922E-03	
  .000344	-.2941177	 9.803922E-03	
  .0003442	-9.803922E-02	 2.941176E-02	
  .0003444	-9.803922E-02	 2.941176E-02	
  .0003446	 9.803922E-02	 2.941176E-02	
  .0003448	-.2941177	 2.941176E-02	
  .000345	-9.803922E-02	 2.941176E-02	
  .0003452	-.2941177	 9.803922E-03	
  .0003454	-9.803922E-02	 9.803922E-03	
  .0003456	 9.803922E-02	 9.803922E-03	
  .0003458	-9.803922E-02	 2.941176E-02	
  .000346	-9.803922E-02	 2.941176E-02	
  .0003462	-9.803922E-02	 4.901961E-02	
  .0003464	-9.803922E-02	 2.941176E-02	
  .0003466	 9.803922E-02	 4.901961E-02	
  .0003468	 9.803922E-02	 4.901961E-02	
  .000347	-.2941177	 2.941176E-02	
  .0003472	-9.803922E-02	 9.803922E-03	
  .0003474	-.2941177	 2.941176E-02	
  .0003476	-9.803922E-02	 9.803922E-03	
  .0003478	 9.803922E-02	 4.901961E-02	
  .000348	 9.803922E-02	 4.901961E-02	
  .0003482	-9.803922E-02	 6.862745E-02	
  .0003484	-9.803922E-02	 9.803922E-03	
  .0003486	-.4901961	 2.941176E-02	
  .0003488	-9.803922E-02	 2.941176E-02	
  .000349	-.2941177	 2.941176E-02	
  .0003492	-9.803922E-02	 2.941176E-02	
  .0003494	-9.803922E-02	 2.941176E-02	
  .0003496	-9.803922E-02	 4.901961E-02	
  .0003498	-9.803922E-02	 9.803922E-03	
  .00035	 9.803922E-02	 4.901961E-02	
  .0003502	-.2941177	 2.941176E-02	
  .0003504	-9.803922E-02	 4.901961E-02	
  .0003506	-9.803922E-02	 9.803922E-03	
  .0003508	-9.803922E-02	 2.941176E-02	
  .000351	-9.803922E-02	 2.941176E-02	
  .0003512	-9.803922E-02	 2.941176E-02	
  .0003514	-9.803922E-02	 2.941176E-02	
  .0003516	-9.803922E-02	 4.901961E-02	
  .0003518	-9.803922E-02	 4.901961E-02	
  .000352	-9.803922E-02	 2.941176E-02	
  .0003522	-9.803922E-02	 4.901961E-02	
  .0003524	-.2941177	 2.941176E-02	
  .0003526	 9.803922E-02	 4.901961E-02	
  .0003528	-9.803922E-02	 4.901961E-02	
  .000353	 9.803922E-02	 6.862745E-02	
  .0003532	 9.803922E-02	 6.862745E-02	
  .0003534	-9.803922E-02	 4.901961E-02	
  .0003536	-.2941177	 2.941176E-02	
  .0003538	-.2941177	 9.803922E-03	
  .000354	-9.803922E-02	 9.803922E-03	
  .0003542	 9.803922E-02	 9.803922E-03	
  .0003544	-9.803922E-02	 4.901961E-02	
  .0003546	-9.803922E-02	 4.901961E-02	
  .0003548	-9.803922E-02	 2.941176E-02	
  .000355	 9.803922E-02	 9.803922E-03	
  .0003552	 9.803922E-02	 4.901961E-02	
  .0003554	 9.803922E-02	 2.941176E-02	
  .0003556	-.2941177	 4.901961E-02	
  .0003558	-.2941177	 2.941176E-02	
  .000356	-9.803922E-02	 4.901961E-02	
  .0003562	 9.803922E-02	 2.941176E-02	
  .0003564	 9.803922E-02	 4.901961E-02	
  .0003566	 .2941177	 2.941176E-02	
  .0003568	 9.803922E-02	 2.941176E-02	
  .000357	 9.803922E-02	 4.901961E-02	
  .0003572	-9.803922E-02	 2.941176E-02	
  .0003574	-9.803922E-02	 9.803922E-03	
  .0003576	 9.803922E-02	 2.941176E-02	
  .0003578	 9.803922E-02	 4.901961E-02	
  .000358	 .2941177	 4.901961E-02	
  .0003582	 9.803922E-02	 6.862745E-02	
  .0003584	 9.803922E-02	 2.941176E-02	
  .0003586	 9.803922E-02	 2.941176E-02	
  .0003588	-9.803922E-02	 2.941176E-02	
  .000359	-.2941177	 9.803922E-03	
  .0003592	 9.803922E-02	 9.803922E-03	
  .0003594	 9.803922E-02	 4.901961E-02	
  .0003596	-9.803922E-02	 4.901961E-02	
  .0003598	-9.803922E-02	 9.803922E-03	
  .00036	-9.803922E-02	 2.941176E-02	
  .0003602	-9.803922E-02	 2.941176E-02	
  .0003604	-.2941177	 2.941176E-02	
  .0003606	-9.803922E-02	 4.901961E-02	
  .0003608	 9.803922E-02	 9.803922E-03	
  .000361	 9.803922E-02	 9.803922E-03	
  .0003612	 9.803922E-02	 4.901961E-02	
  .0003614	-9.803922E-02	 2.941176E-02	
  .0003616	 9.803922E-02	 2.941176E-02	
  .0003618	 9.803922E-02	 6.862745E-02	
  .000362	 9.803922E-02	 2.941176E-02	
  .0003622	 9.803922E-02	 4.901961E-02	
  .0003624	 9.803922E-02	 2.941176E-02	
  .0003626	 .2941177	 4.901961E-02	
  .0003628	 9.803922E-02	 4.901961E-02	
  .000363	 .2941177	 4.901961E-02	
  .0003632	 .2941177	 6.862745E-02	
  .0003634	 9.803922E-02	 .0882353	
  .0003636	 9.803922E-02	 2.941176E-02	
  .0003638	-9.803922E-02	 2.941176E-02	
  .000364	-9.803922E-02	 2.941176E-02	
  .0003642	 9.803922E-02	 4.901961E-02	
  .0003644	 9.803922E-02	 2.941176E-02	
  .0003646	 9.803922E-02	 6.862745E-02	
  .0003648	 9.803922E-02	 4.901961E-02	
  .000365	-9.803922E-02	 4.901961E-02	
  .0003652	 9.803922E-02	 2.941176E-02	
  .0003654	 9.803922E-02	 9.803922E-03	
  .0003656	-9.803922E-02	 2.941176E-02	
  .0003658	 9.803922E-02	 4.901961E-02	
  .000366	-9.803922E-02	 4.901961E-02	
  .0003662	 .2941177	 2.941176E-02	
  .0003664	 .4901961	 4.901961E-02	
  .0003666	 9.803922E-02	 4.901961E-02	
  .0003668	-9.803922E-02	 2.941176E-02	
  .000367	 9.803922E-02	 2.941176E-02	
  .0003672	 9.803922E-02	 2.941176E-02	
  .0003674	 9.803922E-02	 9.803922E-03	
  .0003676	 9.803922E-02	 4.901961E-02	
  .0003678	 .2941177	 4.901961E-02	
  .000368	 .2941177	 4.901961E-02	
  .0003682	 9.803922E-02	 2.941176E-02	
  .0003684	 9.803922E-02	 4.901961E-02	
  .0003686	 .2941177	 2.941176E-02	
  .0003688	 9.803922E-02	 2.941176E-02	
  .000369	 .2941177	 2.941176E-02	
  .0003692	 9.803922E-02	 4.901961E-02	
  .0003694	 .2941177	 2.941176E-02	
  .0003696	 .2941177	 9.803922E-03	
  .0003698	 .4901961	 4.901961E-02	
  .00037	-9.803922E-02	 4.901961E-02	
  .0003702	 .2941177	 2.941176E-02	
  .0003704	 9.803922E-02	 9.803922E-03	
  .0003706	 9.803922E-02	 2.941176E-02	
  .0003708	 9.803922E-02	 2.941176E-02	
  .000371	 9.803922E-02	 2.941176E-02	
  .0003712	 .2941177	 2.941176E-02	
  .0003714	 .2941177	 4.901961E-02	
  .0003716	 9.803922E-02	 2.941176E-02	
  .0003718	 9.803922E-02	 2.941176E-02	
  .000372	 .2941177	 4.901961E-02	
  .0003722	-9.803922E-02	 2.941176E-02	
  .0003724	 .2941177	 2.941176E-02	
  .0003726	 .2941177	 4.901961E-02	
  .0003728	 .2941177	 4.901961E-02	
  .000373	 .2941177	 4.901961E-02	
  .0003732	 9.803922E-02	 4.901961E-02	
  .0003734	 9.803922E-02	 2.941176E-02	
  .0003736	 .2941177	 9.803922E-03	
  .0003738	 9.803922E-02	 2.941176E-02	
  .000374	 .4901961	 2.941176E-02	
  .0003742	 9.803922E-02	 2.941176E-02	
  .0003744	 .2941177	 6.862745E-02	
  .0003746	 .2941177	 4.901961E-02	
  .0003748	 .2941177	 2.941176E-02	
  .000375	 .2941177	 2.941176E-02	
  .0003752	 .2941177	 9.803922E-03	
  .0003754	 9.803922E-02	 2.941176E-02	
  .0003756	 9.803922E-02	 2.941176E-02	
  .0003758	 .2941177	 4.901961E-02	
  .000376	 .2941177	 2.941176E-02	
  .0003762	 .2941177	 4.901961E-02	
  .0003764	 .4901961	 9.803922E-03	
  .0003766	 .2941177	 2.941176E-02	
  .0003768	 .2941177	 4.901961E-02	
  .000377	 9.803922E-02	 2.941176E-02	
  .0003772	 .2941177	 2.941176E-02	
  .0003774	 .4901961	 2.941176E-02	
  .0003776	 .4901961	 2.941176E-02	
  .0003778	 .4901961	 4.901961E-02	
  .000378	 .4901961	 4.901961E-02	
  .0003782	 9.803922E-02	 4.901961E-02	
  .0003784	 .4901961	 2.941176E-02	
  .0003786	 .2941177	 2.941176E-02	
  .0003788	 9.803922E-02	 9.803922E-03	
  .000379	 .6862745	 9.803922E-03	
  .0003792	 .4901961	 4.901961E-02	
  .0003794	 .2941177	 2.941176E-02	
  .0003796	 .4901961	 2.941176E-02	
  .0003798	 .2941177	 2.941176E-02	
  .00038	 .2941177	 9.803922E-03	
  .0003802	 .2941177	 2.941176E-02	
  .0003804	 9.803922E-02	 2.941176E-02	
  .0003806	 .4901961	 9.803922E-03	
  .0003808	 9.803922E-02	 9.803922E-03	
  .000381	 .2941177	 2.941176E-02	
  .0003812	 .2941177	 9.803922E-03	
  .0003814	 .4901961	 2.941176E-02	
  .0003816	 .2941177	 4.901961E-02	
  .0003818	 .4901961	 2.941176E-02	
  .000382	 9.803922E-02	 2.941176E-02	
  .0003822	 .2941177	 9.803922E-03	
  .0003824	 .6862745	 2.941176E-02	
  .0003826	 .2941177	 4.901961E-02	
  .0003828	 .4901961	 2.941176E-02	
  .000383	 .4901961	 4.901961E-02	
  .0003832	 .2941177	 4.901961E-02	
  .0003834	 .2941177	 9.803922E-03	
  .0003836	 .2941177	 9.803922E-03	
  .0003838	 .4901961	 2.941176E-02	
  .000384	 .4901961	 2.941176E-02	
  .0003842	 .4901961	 9.803922E-03	
  .0003844	 .4901961	 4.901961E-02	
  .0003846	 .4901961	 4.901961E-02	
  .0003848	 .4901961	 2.941176E-02	
  .000385	 .4901961	 2.941176E-02	
  .0003852	 9.803922E-02	 9.803922E-03	
  .0003854	 9.803922E-02	 9.803922E-03	
  .0003856	 .4901961	 9.803922E-03	
  .0003858	 .4901961	 4.901961E-02	
  .000386	 .4901961	 2.941176E-02	
  .0003862	 .6862745	 2.941176E-02	
  .0003864	 .2941177	 2.941176E-02	
  .0003866	 .2941177	 2.941176E-02	
  .0003868	 .2941177	-9.803922E-03	
  .000387	 .4901961	 9.803922E-03	
  .0003872	 .4901961	 9.803922E-03	
  .0003874	 .4901961	 4.901961E-02	
  .0003876	 .6862745	 4.901961E-02	
  .0003878	 .4901961	 2.941176E-02	
  .000388	 .6862745	 2.941176E-02	
  .0003882	 .2941177	 9.803922E-03	
  .0003884	 .4901961	 9.803922E-03	
  .0003886	 .2941177	 9.803922E-03	
  .0003888	 .4901961	 2.941176E-02	
  .000389	 .4901961	 2.941176E-02	
  .0003892	 .4901961	 9.803922E-03	
  .0003894	 .4901961	 9.803922E-03	
  .0003896	 .6862745	 2.941176E-02	
  .0003898	 .2941177	 2.941176E-02	
  .00039	 .2941177	 9.803922E-03	
  .0003902	 .2941177	-9.803922E-03	
  .0003904	 .2941177	 9.803922E-03	
  .0003906	 .2941177	-9.803922E-03	
  .0003908	 .4901961	 9.803922E-03	
  .000391	 .4901961	 2.941176E-02	
  .0003912	 .4901961	 2.941176E-02	
  .0003914	 .4901961	 2.941176E-02	
  .0003916	 .4901961	 9.803922E-03	
  .0003918	 .2941177	 4.901961E-02	
  .000392	 9.803922E-02	 9.803922E-03	
  .0003922	 .4901961	 9.803922E-03	
  .0003924	 .2941177	 2.941176E-02	
  .0003926	 .4901961	 9.803922E-03	
  .0003928	 .4901961	 4.901961E-02	
  .000393	 .2941177	 2.941176E-02	
  .0003932	 .2941177	 9.803922E-03	
  .0003934	 .4901961	 9.803922E-03	
  .0003936	 .4901961	 9.803922E-03	
  .0003938	 .4901961	 9.803922E-03	
  .000394	 .4901961	 2.941176E-02	
  .0003942	 .4901961	 4.901961E-02	
  .0003944	 .4901961	 9.803922E-03	
  .0003946	 .4901961	 2.941176E-02	
  .0003948	 .2941177	 2.941176E-02	
  .000395	 .4901961	 9.803922E-03	
  .0003952	 .4901961	 9.803922E-03	
  .0003954	 .2941177	 9.803922E-03	
  .0003956	 .6862745	 9.803922E-03	
  .0003958	 .4901961	 2.941176E-02	
  .000396	 .4901961	 2.941176E-02	
  .0003962	 .4901961	-9.803922E-03	
  .0003964	 .6862745	 9.803922E-03	
  .0003966	 .4901961	 2.941176E-02	
  .0003968	 .2941177	 2.941176E-02	
  .000397	 .2941177	 2.941176E-02	
  .0003972	 .6862745	 9.803922E-03	
  .0003974	 .4901961	 2.941176E-02	
  .0003976	 .6862745	 2.941176E-02	
  .0003978	 .4901961	 4.901961E-02	
  .000398	 .4901961	 2.941176E-02	
  .0003982	 .4901961	 9.803922E-03	
  .0003984	 .4901961	 9.803922E-03	
  .0003986	 .2941177	 2.941176E-02	
  .0003988	 .6862745	 9.803922E-03	
  .000399	 .6862745	 9.803922E-03	
  .0003992	 .2941177	-9.803922E-03	
  .0003994	 .4901961	 2.941176E-02	
  .0003996	 .2941177	 9.803922E-03	
  .0003998	 .4901961	-9.803922E-03	
  .0004	 .4901961	 9.803922E-03	
  .0004002	 .4901961	 9.803922E-03	
  .0004004	 .4901961	 9.803922E-03	
  .0004006	 .4901961	-9.803922E-03	
  .0004008	 .4901961	 9.803922E-03	
  .000401	 .4901961	 9.803922E-03	
  .0004012	 .4901961	 9.803922E-03	
  .0004014	 .4901961	 4.901961E-02	
  .0004016	 .4901961	 9.803922E-03	
  .0004018	 .4901961	-9.803922E-03	
  .000402	 .4901961	-9.803922E-03	
  .0004022	 .6862745	 9.803922E-03	
  .0004024	 .6862745	 2.941176E-02	
  .0004026	 .6862745	 2.941176E-02	
  .0004028	 .6862745	 4.901961E-02	
  .000403	 .4901961	 4.901961E-02	
  .0004032	 .2941177	 9.803922E-03	
  .0004034	 .4901961	 9.803922E-03	
  .0004036	 .4901961	 9.803922E-03	
  .0004038	 .4901961	-9.803922E-03	
  .000404	 .6862745	-9.803922E-03	
  .0004042	 .4901961	 2.941176E-02	
  .0004044	 .4901961	 2.941176E-02	
  .0004046	 .2941177	 9.803922E-03	
  .0004048	 .2941177	-9.803922E-03	
  .000405	 .4901961	 9.803922E-03	
  .0004052	 .4901961	 9.803922E-03	
  .0004054	 .6862745	 9.803922E-03	
  .0004056	 .4901961	 2.941176E-02	
  .0004058	 .4901961	-9.803922E-03	
  .000406	 .8823529	 9.803922E-03	
  .0004062	 .4901961	 2.941176E-02	
  .0004064	 .2941177	 9.803922E-03	
  .0004066	 .6862745	-9.803922E-03	
  .0004068	 .4901961	 9.803922E-03	
  .000407	 .6862745	 2.941176E-02	
  .0004072	 .4901961	 9.803922E-03	
  .0004074	 .6862745	 2.941176E-02	
  .0004076	 .4901961	 2.941176E-02	
  .0004078	 .4901961	 2.941176E-02	
  .000408	 .4901961	 2.941176E-02	
  .0004082	 .2941177	 9.803922E-03	
  .0004084	 .4901961	-9.803922E-03	
  .0004086	 .4901961	 9.803922E-03	
  .0004088	 .4901961	 2.941176E-02	
  .000409	 .4901961	 2.941176E-02	
  .0004092	 .4901961	-9.803922E-03	
  .0004094	 .4901961	 2.941176E-02	
  .0004096	 .4901961	 2.941176E-02	
  .0004098	 .2941177	-9.803922E-03	
  .00041	 .4901961	-9.803922E-03	
  .0004102	 .2941177	 9.803922E-03	
  .0004104	 .4901961	 9.803922E-03	
  .0004106	 .4901961	 9.803922E-03	
  .0004108	 .4901961	 9.803922E-03	
  .000411	 .4901961	 9.803922E-03	
  .0004112	 .4901961	 2.941176E-02	
  .0004114	 .6862745	 9.803922E-03	
  .0004116	 .4901961	 2.941176E-02	
  .0004118	 .4901961	 9.803922E-03	
  .000412	 .4901961	 2.941176E-02	
  .0004122	 .4901961	 2.941176E-02	
  .0004124	 .4901961	 9.803922E-03	
  .0004126	 .4901961	 2.941176E-02	
  .0004128	 .2941177	 4.901961E-02	
  .000413	 .4901961	 9.803922E-03	
  .0004132	 .2941177	-9.803922E-03	
  .0004134	 .2941177	-9.803922E-03	
  .0004136	 .4901961	 9.803922E-03	
  .0004138	 .4901961	 9.803922E-03	
  .000414	 .4901961	 9.803922E-03	
  .0004142	 .6862745	 9.803922E-03	
  .0004144	 .4901961	 9.803922E-03	
  .0004146	 .2941177	 9.803922E-03	
  .0004148	 .6862745	-9.803922E-03	
  .000415	 .4901961	 2.941176E-02	
  .0004152	 .4901961	-9.803922E-03	
  .0004154	 .4901961	 2.941176E-02	
  .0004156	 .4901961	 9.803922E-03	
  .0004158	 .4901961	 2.941176E-02	
  .000416	 .6862745	 9.803922E-03	
  .0004162	 .2941177	-9.803922E-03	
  .0004164	 .4901961	 2.941176E-02	
  .0004166	 .4901961	-9.803922E-03	
  .0004168	 .2941177	-9.803922E-03	
  .000417	 .4901961	 9.803922E-03	
  .0004172	 .4901961	 9.803922E-03	
  .0004174	 .4901961	 9.803922E-03	
  .0004176	 .2941177	 2.941176E-02	
  .0004178	 .4901961	 9.803922E-03	
  .000418	 .4901961	-9.803922E-03	
  .0004182	 .4901961	 2.941176E-02	
  .0004184	 .2941177	-9.803922E-03	
  .0004186	 .4901961	-9.803922E-03	
  .0004188	 .4901961	 9.803922E-03	
  .000419	 .4901961	 9.803922E-03	
  .0004192	 .2941177	 9.803922E-03	
  .0004194	 .4901961	 2.941176E-02	
  .0004196	 .4901961	 9.803922E-03	
  .0004198	 .2941177	-9.803922E-03	
  .00042	 .2941177	 9.803922E-03	
  .0004202	 .4901961	-9.803922E-03	
  .0004204	 .2941177	-2.941176E-02	
  .0004206	 .2941177	 9.803922E-03	
  .0004208	 .2941177	 9.803922E-03	
  .000421	 .4901961	 2.941176E-02	
  .0004212	 .2941177	 2.941176E-02	
  .0004214	 .4901961	-9.803922E-03	
  .0004216	 .4901961	 2.941176E-02	
  .0004218	 .4901961	 9.803922E-03	
  .000422	 .4901961	 2.941176E-02	
  .0004222	 .2941177	-9.803922E-03	
  .0004224	 .6862745	 9.803922E-03	
  .0004226	 .4901961	 6.862745E-02	
  .0004228	 .2941177	 4.901961E-02	
  .000423	 .2941177	 9.803922E-03	
  .0004232	 .2941177	 9.803922E-03	
  .0004234	 9.803922E-02	 9.803922E-03	
  .0004236	 .4901961	 9.803922E-03	
  .0004238	 .4901961	 9.803922E-03	
  .000424	 .2941177	 9.803922E-03	
  .0004242	 .4901961	 2.941176E-02	
  .0004244	 .2941177	-9.803922E-03	
  .0004246	 .4901961	 9.803922E-03	
  .0004248	 .2941177	 9.803922E-03	
  .000425	 .2941177	-9.803922E-03	
  .0004252	 .4901961	 2.941176E-02	
  .0004254	 .4901961	 2.941176E-02	
  .0004256	 .2941177	 9.803922E-03	
  .0004258	 .4901961	 2.941176E-02	
  .000426	 .2941177	 2.941176E-02	
  .0004262	 9.803922E-02	-9.803922E-03	
  .0004264	 .2941177	 9.803922E-03	
  .0004266	 9.803922E-02	 9.803922E-03	
  .0004268	 .2941177	-2.941176E-02	
  .000427	 .2941177	 9.803922E-03	
  .0004272	 .4901961	 9.803922E-03	
  .0004274	 .2941177	 2.941176E-02	
  .0004276	 .2941177	 9.803922E-03	
  .0004278	-.4901961	 4.901961E-02	
  .000428	-.8823529	 9.803922E-03	
  .0004282	-1.078431	 2.941176E-02	
  .0004284	-1.078431	 2.941176E-02	
  .0004286	-1.470588	 2.941176E-02	
  .0004288	-1.470588	 4.901961E-02	
  .000429	-1.470588	 2.941176E-02	
  .0004292	-1.078431	 2.941176E-02	
  .0004294	-1.078431	 2.941176E-02	
  .0004296	-.4901961	 2.941176E-02	
  .0004298	-.4901961	 9.803922E-03	
  .00043	-9.803922E-02	 2.941176E-02	
  .0004302	 9.803922E-02	 2.941176E-02	
  .0004304	 9.803922E-02	 9.803922E-03	
  .0004306	 .2941177	 2.941176E-02	
  .0004308	-9.803922E-02	 2.941176E-02	
  .000431	 .2941177	 2.941176E-02	
  .0004312	 9.803922E-02	-9.803922E-03	
  .0004314	 9.803922E-02	 .0882353	
  .0004316	-9.803922E-02	 9.803922E-03	
  .0004318	 .2941177	 4.901961E-02	
  .000432	 9.803922E-02	 2.941176E-02	
  .0004322	 9.803922E-02	 2.941176E-02	
  .0004324	 .4901961	 4.901961E-02	
  .0004326	-9.803922E-02	 2.941176E-02	
  .0004328	 9.803922E-02	 2.941176E-02	
  .000433	 .2941177	 9.803922E-03	
  .0004332	 .2941177	 9.803922E-03	
  .0004334	 .2941177	 9.803922E-03	
  .0004336	 9.803922E-02	 9.803922E-03	
  .0004338	 .2941177	 2.941176E-02	
  .000434	 .2941177	 2.941176E-02	
  .0004342	 .2941177	 2.941176E-02	
  .0004344	 .2941177	 9.803922E-03	
  .0004346	 .2941177	 9.803922E-03	
  .0004348	 .2941177	 2.941176E-02	
  .000435	 .2941177	 2.941176E-02	
  .0004352	 9.803922E-02	 4.901961E-02	
  .0004354	 .2941177	 2.941176E-02	
  .0004356	 .2941177	 4.901961E-02	
  .0004358	 .6862745	 2.941176E-02	
  .000436	 .4901961	-9.803922E-03	
  .0004362	 .2941177	 4.901961E-02	
  .0004364	 .2941177	 9.803922E-03	
  .0004366	 .2941177	 9.803922E-03	
  .0004368	 .2941177	 2.941176E-02	
  .000437	 .2941177	 4.901961E-02	
  .0004372	 .4901961	 4.901961E-02	
  .0004374	 .4901961	 4.901961E-02	
  .0004376	 .2941177	 2.941176E-02	
  .0004378	 .2941177	 2.941176E-02	
  .000438	 .2941177	 2.941176E-02	
  .0004382	 9.803922E-02	-9.803922E-03	
  .0004384	 .4901961	 9.803922E-03	
  .0004386	 .4901961	 9.803922E-03	
  .0004388	 .4901961	 2.941176E-02	
  .000439	 .2941177	 9.803922E-03	
  .0004392	 .2941177	 2.941176E-02	
  .0004394	 .2941177	 9.803922E-03	
  .0004396	 9.803922E-02	 9.803922E-03	
  .0004398	 9.803922E-02	 2.941176E-02	
  .00044	 .2941177	 2.941176E-02	
  .0004402	 .2941177	 9.803922E-03	
  .0004404	 .4901961	 2.941176E-02	
  .0004406	 .2941177	 2.941176E-02	
  .0004408	 .2941177	 2.941176E-02	
  .000441	 .2941177	 2.941176E-02	
  .0004412	 .2941177	 9.803922E-03	
  .0004414	 9.803922E-02	 2.941176E-02	
  .0004416	 9.803922E-02	 9.803922E-03	
  .0004418	 .2941177	 2.941176E-02	
  .000442	 .2941177	 2.941176E-02	
  .0004422	 .4901961	 2.941176E-02	
  .0004424	 .2941177	 4.901961E-02	
  .0004426	 .2941177	 4.901961E-02	
  .0004428	 9.803922E-02	 9.803922E-03	
  .000443	 .2941177	 9.803922E-03	
  .0004432	 9.803922E-02	 9.803922E-03	
  .0004434	 .4901961	 4.901961E-02	
  .0004436	 .4901961	 2.941176E-02	
  .0004438	 .2941177	 2.941176E-02	
  .000444	 .4901961	 2.941176E-02	
  .0004442	 .2941177	 2.941176E-02	
  .0004444	 .2941177	 9.803922E-03	
  .0004446	 .2941177	 9.803922E-03	
  .0004448	 9.803922E-02	 9.803922E-03	
  .000445	 .2941177	 2.941176E-02	
  .0004452	 .2941177	 2.941176E-02	
  .0004454	 .2941177	 9.803922E-03	
  .0004456	 .6862745	 2.941176E-02	
  .0004458	 .2941177	 2.941176E-02	
  .000446	 .2941177	 2.941176E-02	
  .0004462	 .2941177	-9.803922E-03	
  .0004464	 9.803922E-02	 9.803922E-03	
  .0004466	 .4901961	 9.803922E-03	
  .0004468	 .2941177	 9.803922E-03	
  .000447	 .4901961	 2.941176E-02	
  .0004472	 .4901961	 2.941176E-02	
  .0004474	 9.803922E-02	 2.941176E-02	
  .0004476	 9.803922E-02	 9.803922E-03	
  .0004478	 9.803922E-02	 9.803922E-03	
  .000448	 .2941177	 2.941176E-02	
  .0004482	 .2941177	 9.803922E-03	
  .0004484	 .2941177	 2.941176E-02	
  .0004486	 9.803922E-02	 2.941176E-02	
  .0004488	 9.803922E-02	-9.803922E-03	
  .000449	 .4901961	 2.941176E-02	
  .0004492	 .2941177	 2.941176E-02	
  .0004494	 .2941177	 9.803922E-03	
  .0004496	 .2941177	 2.941176E-02	
  .0004498	 9.803922E-02	 9.803922E-03	
  .00045	 .2941177	 9.803922E-03	
