 -.0000249	 9.803922E-02	 9.803922E-03	
 -.0000248	 .2941177	-9.803922E-03	
 -.0000247	 .2941177	 2.941176E-02	
 -.0000246	 .2941177	 9.803922E-03	
 -.0000245	 9.803922E-02	-9.803922E-03	
 -.0000244	-9.803922E-02	 9.803922E-03	
 -.0000243	 .2941177	-9.803922E-03	
 -.0000242	 .2941177	 9.803922E-03	
 -.0000241	 9.803922E-02	 9.803922E-03	
 -.000024	 9.803922E-02	 2.941176E-02	
 -.0000239	 .2941177	 9.803922E-03	
 -.0000238	 9.803922E-02	 2.941176E-02	
 -.0000237	 9.803922E-02	 9.803922E-03	
 -.0000236	 9.803922E-02	-9.803922E-03	
 -.0000235	 .4901961	 9.803922E-03	
 -.0000234	 9.803922E-02	 9.803922E-03	
 -.0000233	 9.803922E-02	 2.941176E-02	
 -.0000232	 9.803922E-02	 9.803922E-03	
 -.0000231	 .2941177	 2.941176E-02	
 -.000023	 9.803922E-02	 9.803922E-03	
 -.0000229	 9.803922E-02	-9.803922E-03	
 -.0000228	 9.803922E-02	 9.803922E-03	
 -.0000227	 9.803922E-02	-9.803922E-03	
 -.0000226	 9.803922E-02	 9.803922E-03	
 -.0000225	 9.803922E-02	 9.803922E-03	
 -.0000224	 .2941177	-9.803922E-03	
 -.0000223	 9.803922E-02	 9.803922E-03	
 -.0000222	 .2941177	-9.803922E-03	
 -.0000221	 9.803922E-02	-9.803922E-03	
 -.000022	-9.803922E-02	-9.803922E-03	
 -.0000219	 .2941177	 2.941176E-02	
 -.0000218	 .2941177	 9.803922E-03	
 -.0000217	 .2941177	-9.803922E-03	
 -.0000216	-9.803922E-02	 2.941176E-02	
 -.0000215	 .2941177	 9.803922E-03	
 -.0000214	 .2941177	-9.803922E-03	
 -.0000213	 9.803922E-02	-9.803922E-03	
 -.0000212	 9.803922E-02	 9.803922E-03	
 -.0000211	 .2941177	 9.803922E-03	
 -.000021	 .4901961	-9.803922E-03	
 -.0000209	 .2941177	-9.803922E-03	
 -.0000208	 9.803922E-02	 9.803922E-03	
 -.0000207	 9.803922E-02	-9.803922E-03	
 -.0000206	 9.803922E-02	-9.803922E-03	
 -.0000205	 .2941177	 9.803922E-03	
 -.0000204	 9.803922E-02	 9.803922E-03	
 -.0000203	 9.803922E-02	 9.803922E-03	
 -.0000202	-9.803922E-02	-9.803922E-03	
 -.0000201	-9.803922E-02	-9.803922E-03	
 -.00002	 .2941177	 9.803922E-03	
 -.0000199	 9.803922E-02	 9.803922E-03	
 -.0000198	 9.803922E-02	 9.803922E-03	
 -.0000197	 .4901961	 9.803922E-03	
 -.0000196	 9.803922E-02	-9.803922E-03	
 -.0000195	 9.803922E-02	 9.803922E-03	
 -.0000194	 9.803922E-02	 2.941176E-02	
 -.0000193	 .2941177	 9.803922E-03	
 -.0000192	 .2941177	 9.803922E-03	
 -.0000191	 .2941177	-9.803922E-03	
 -.000019	-9.803922E-02	 9.803922E-03	
 -.0000189	 9.803922E-02	 2.941176E-02	
 -.0000188	 9.803922E-02	 4.901961E-02	
 -.0000187	 9.803922E-02	-9.803922E-03	
 -.0000186	 .2941177	 9.803922E-03	
 -.0000185	 9.803922E-02	 9.803922E-03	
 -.0000184	 .2941177	 9.803922E-03	
 -.0000183	 .2941177	-9.803922E-03	
 -.0000182	 9.803922E-02	 9.803922E-03	
 -.0000181	 .2941177	 2.941176E-02	
 -.000018	 .2941177	-9.803922E-03	
 -.0000179	 .2941177	 2.941176E-02	
 -.0000178	 9.803922E-02	-9.803922E-03	
 -.0000177	 9.803922E-02	-9.803922E-03	
 -.0000176	 9.803922E-02	 2.941176E-02	
 -.0000175	 9.803922E-02	 2.941176E-02	
 -.0000174	 .2941177	 2.941176E-02	
 -.0000173	 .2941177	 2.941176E-02	
 -.0000172	-9.803922E-02	 9.803922E-03	
 -.0000171	 9.803922E-02	 9.803922E-03	
 -.000017	 9.803922E-02	 9.803922E-03	
 -.0000169	 9.803922E-02	 2.941176E-02	
 -.0000168	 9.803922E-02	 9.803922E-03	
 -.0000167	 .2941177	 9.803922E-03	
 -.0000166	 .2941177	 9.803922E-03	
 -.0000165	-9.803922E-02	 2.941176E-02	
 -.0000164	 9.803922E-02	 2.941176E-02	
 -.0000163	 .2941177	-9.803922E-03	
 -.0000162	 9.803922E-02	 9.803922E-03	
 -.0000161	 9.803922E-02	 9.803922E-03	
 -.000016	 .2941177	 9.803922E-03	
 -.0000159	 9.803922E-02	 2.941176E-02	
 -.0000158	 9.803922E-02	 9.803922E-03	
 -.0000157	 9.803922E-02	 9.803922E-03	
 -.0000156	 9.803922E-02	-9.803922E-03	
 -.0000155	 .2941177	 9.803922E-03	
 -.0000154	 .2941177	-9.803922E-03	
 -.0000153	 .2941177	 2.941176E-02	
 -.0000152	 .2941177	 2.941176E-02	
 -.0000151	 9.803922E-02	 9.803922E-03	
 -.000015	 .2941177	 9.803922E-03	
 -.0000149	 .2941177	 9.803922E-03	
 -.0000148	 .2941177	 2.941176E-02	
 -.0000147	 .2941177	 9.803922E-03	
 -.0000146	 .2941177	 9.803922E-03	
 -.0000145	 .2941177	-9.803922E-03	
 -.0000144	 9.803922E-02	-9.803922E-03	
 -.0000143	 9.803922E-02	 9.803922E-03	
 -.0000142	 .2941177	 9.803922E-03	
 -.0000141	-9.803922E-02	 9.803922E-03	
 -.000014	 9.803922E-02	 9.803922E-03	
 -.0000139	 9.803922E-02	-9.803922E-03	
 -.0000138	 .2941177	 9.803922E-03	
 -.0000137	 9.803922E-02	 9.803922E-03	
 -.0000136	 .4901961	 2.941176E-02	
 -.0000135	 .2941177	-9.803922E-03	
 -.0000134	 9.803922E-02	 2.941176E-02	
 -.0000133	 9.803922E-02	 2.941176E-02	
 -.0000132	 .2941177	 9.803922E-03	
 -.0000131	 .2941177	 2.941176E-02	
 -.000013	 9.803922E-02	 9.803922E-03	
 -.0000129	 .2941177	 2.941176E-02	
 -.0000128	 .2941177	 9.803922E-03	
 -.0000127	 9.803922E-02	 9.803922E-03	
 -.0000126	 9.803922E-02	-9.803922E-03	
 -.0000125	-9.803922E-02	-9.803922E-03	
 -.0000124	-9.803922E-02	 9.803922E-03	
 -.0000123	 9.803922E-02	 9.803922E-03	
 -.0000122	 .2941177	 9.803922E-03	
 -.0000121	 9.803922E-02	-9.803922E-03	
 -.000012	 .4901961	 9.803922E-03	
 -.0000119	 9.803922E-02	 2.941176E-02	
 -.0000118	 .4901961	-9.803922E-03	
 -.0000117	 .2941177	 2.941176E-02	
 -.0000116	 9.803922E-02	 9.803922E-03	
 -.0000115	 .2941177	 2.941176E-02	
 -.0000114	 .2941177	 9.803922E-03	
 -.0000113	 .2941177	-9.803922E-03	
 -.0000112	 .2941177	 2.941176E-02	
 -.0000111	 .2941177	 9.803922E-03	
 -.000011	 9.803922E-02	 9.803922E-03	
 -.0000109	 9.803922E-02	 9.803922E-03	
 -.0000108	 9.803922E-02	-9.803922E-03	
 -.0000107	 9.803922E-02	 9.803922E-03	
 -.0000106	 9.803922E-02	 2.941176E-02	
 -.0000105	 .4901961	 9.803922E-03	
 -.0000104	 .2941177	 2.941176E-02	
 -.0000103	 9.803922E-02	 9.803922E-03	
 -.0000102	 .2941177	 9.803922E-03	
 -.0000101	 .2941177	 2.941176E-02	
 -.00001	 .2941177	 9.803922E-03	
 -.0000099	 .2941177	 9.803922E-03	
 -.0000098	 9.803922E-02	 9.803922E-03	
 -.0000097	 .4901961	 9.803922E-03	
 -.0000096	 9.803922E-02	 9.803922E-03	
 -.0000095	 9.803922E-02	 2.941176E-02	
 -.0000094	 .2941177	 2.941176E-02	
 -.0000093	 .2941177	-9.803922E-03	
 -.0000092	 9.803922E-02	 9.803922E-03	
 -.0000091	 9.803922E-02	 9.803922E-03	
 -.000009	 9.803922E-02	 2.941176E-02	
 -.0000089	 .2941177	 9.803922E-03	
 -.0000088	 9.803922E-02	 9.803922E-03	
 -.0000087	 .2941177	 9.803922E-03	
 -.0000086	 9.803922E-02	 9.803922E-03	
 -.0000085	 .2941177	 9.803922E-03	
 -.0000084	 .2941177	 9.803922E-03	
 -.0000083	 9.803922E-02	 9.803922E-03	
 -.0000082	 9.803922E-02	 2.941176E-02	
 -.0000081	 .2941177	-9.803922E-03	
 -.000008	 .4901961	 2.941176E-02	
 -.0000079	 .2941177	-9.803922E-03	
 -.0000078	 9.803922E-02	 9.803922E-03	
 -.0000077	 .2941177	-9.803922E-03	
 -.0000076	 .2941177	 9.803922E-03	
 -.0000075	 9.803922E-02	 2.941176E-02	
 -.0000074	 .2941177	 2.941176E-02	
 -.0000073	 9.803922E-02	 9.803922E-03	
 -.0000072	 9.803922E-02	 9.803922E-03	
 -.0000071	 .2941177	-9.803922E-03	
 -.000007	 .2941177	 2.941176E-02	
 -.0000069	 9.803922E-02	 9.803922E-03	
 -.0000068	 9.803922E-02	 9.803922E-03	
 -.0000067	 .2941177	 9.803922E-03	
 -.0000066	 9.803922E-02	 9.803922E-03	
 -.0000065	 9.803922E-02	 2.941176E-02	
 -.0000064	 .2941177	 9.803922E-03	
 -.0000063	 .2941177	-9.803922E-03	
 -.0000062	 .2941177	-9.803922E-03	
 -.0000061	 9.803922E-02	 9.803922E-03	
 -.000006	 9.803922E-02	 9.803922E-03	
 -.0000059	 .2941177	 9.803922E-03	
 -.0000058	 9.803922E-02	-9.803922E-03	
 -.0000057	 9.803922E-02	-9.803922E-03	
 -.0000056	 9.803922E-02	-9.803922E-03	
 -.0000055	 .2941177	 9.803922E-03	
 -.0000054	 .2941177	 9.803922E-03	
 -.0000053	 .2941177	 2.941176E-02	
 -.0000052	 .2941177	-9.803922E-03	
 -.0000051	 .2941177	 2.941176E-02	
 -.000005	-9.803922E-02	 9.803922E-03	
 -.0000049	 .2941177	 2.941176E-02	
 -.0000048	 9.803922E-02	 2.941176E-02	
 -.0000047	 .2941177	 9.803922E-03	
 -.0000046	 9.803922E-02	 2.941176E-02	
 -.0000045	 9.803922E-02	-9.803922E-03	
 -.0000044	 9.803922E-02	 9.803922E-03	
 -.0000043	 .2941177	 4.901961E-02	
 -.0000042	 .2941177	 9.803922E-03	
 -.0000041	 .2941177	 9.803922E-03	
 -.000004	 9.803922E-02	 9.803922E-03	
 -.0000039	 .2941177	 9.803922E-03	
 -.0000038	 9.803922E-02	 9.803922E-03	
 -.0000037	 .4901961	 2.941176E-02	
 -.0000036	 9.803922E-02	 9.803922E-03	
 -.0000035	-9.803922E-02	 2.941176E-02	
 -.0000034	 .2941177	 9.803922E-03	
 -.0000033	 .4901961	 2.941176E-02	
 -.0000032	 9.803922E-02	-9.803922E-03	
 -.0000031	 9.803922E-02	 9.803922E-03	
 -.000003	 .2941177	 9.803922E-03	
 -.0000029	 .2941177	 2.941176E-02	
 -.0000028	 .2941177	 2.941176E-02	
 -.0000027	 9.803922E-02	 9.803922E-03	
 -.0000026	 9.803922E-02	-9.803922E-03	
 -.0000025	 9.803922E-02	 9.803922E-03	
 -.0000024	 9.803922E-02	 9.803922E-03	
 -.0000023	 .2941177	 9.803922E-03	
 -.0000022	 9.803922E-02	-9.803922E-03	
 -.0000021	 .4901961	 9.803922E-03	
 -.000002	 .2941177	 2.941176E-02	
 -.0000019	 .2941177	-9.803922E-03	
 -.0000018	 9.803922E-02	 4.901961E-02	
 -.0000017	 9.803922E-02	-9.803922E-03	
 -.0000016	 .2941177	 2.941176E-02	
 -.0000015	 .2941177	-9.803922E-03	
 -.0000014	 .2941177	 9.803922E-03	
 -.0000013	 .4901961	 2.941176E-02	
 -.0000012	 9.803922E-02	-9.803922E-03	
 -.0000011	 .2941177	 9.803922E-03	
 -.000001	 9.803922E-02	 9.803922E-03	
 -.0000009	 9.803922E-02	-9.803922E-03	
 -.0000008	 9.803922E-02	 9.803922E-03	
 -.0000007	 .2941177	 9.803922E-03	
 -.0000006	 .2941177	 9.803922E-03	
 -.0000005	 .2941177	 9.803922E-03	
 -.0000004	 .2941177	 9.803922E-03	
 -.0000003	-9.803922E-02	 9.803922E-03	
 -.0000002	 .2941177	 2.941176E-02	
 -.0000001	 9.803922E-02	 9.803922E-03	
  0	 9.803922E-02	-9.803922E-03	
  .0000001	 .2941177	 2.941176E-02	
  .0000002	 9.803922E-02	 9.803922E-03	
  .0000003	 .2941177	 9.803922E-03	
  .0000004	 9.803922E-02	 2.941176E-02	
  .0000005	 .2941177	 9.803922E-03	
  .0000006	 .2941177	 9.803922E-03	
  .0000007	 9.803922E-02	 9.803922E-03	
  .0000008	 .2941177	 9.803922E-03	
  .0000009	 9.803922E-02	 9.803922E-03	
  .000001	 9.803922E-02	 9.803922E-03	
  .0000011	 9.803922E-02	 9.803922E-03	
  .0000012	 9.803922E-02	 9.803922E-03	
  .0000013	 9.803922E-02	 2.941176E-02	
  .0000014	 9.803922E-02	-9.803922E-03	
  .0000015	 .4901961	 9.803922E-03	
  .0000016	 9.803922E-02	-9.803922E-03	
  .0000017	 9.803922E-02	 2.941176E-02	
  .0000018	 .2941177	-9.803922E-03	
  .0000019	 .4901961	 9.803922E-03	
  .000002	 9.803922E-02	 9.803922E-03	
  .0000021	 9.803922E-02	 9.803922E-03	
  .0000022	 .2941177	 9.803922E-03	
  .0000023	 9.803922E-02	 9.803922E-03	
  .0000024	 9.803922E-02	 9.803922E-03	
  .0000025	 9.803922E-02	 2.941176E-02	
  .0000026	-9.803922E-02	 2.941176E-02	
  .0000027	 .2941177	 9.803922E-03	
  .0000028	 .2941177	-9.803922E-03	
  .0000029	 9.803922E-02	 2.941176E-02	
  .000003	 9.803922E-02	 9.803922E-03	
  .0000031	 9.803922E-02	 9.803922E-03	
  .0000032	 .2941177	-9.803922E-03	
  .0000033	 9.803922E-02	 9.803922E-03	
  .0000034	 .2941177	 2.941176E-02	
  .0000035	 .2941177	-9.803922E-03	
  .0000036	 9.803922E-02	-9.803922E-03	
  .0000037	 .2941177	-9.803922E-03	
  .0000038	-9.803922E-02	-9.803922E-03	
  .0000039	-9.803922E-02	 2.941176E-02	
  .000004	 9.803922E-02	 9.803922E-03	
  .0000041	 .2941177	-.7352941	
  .0000042	-.8823529	 .1862745	
  .0000043	-.4901961	 .1666667	
  .0000044	-.8823529	 .1470588	
  .0000045	-1.27451	 .1078431	
  .0000046	-1.666667	 .0882353	
  .0000047	-2.058824	 .127451	
  .0000048	-2.45098	 .1666667	
  .0000049	-2.647059	 .2058824	
  .000005	-2.647059	 .1862745	
  .0000051	-2.843137	 .1078431	
  .0000052	-3.039216	 .0882353	
  .0000053	-3.235294	 .1470588	
  .0000054	-3.627451	 .2058824	
  .0000055	-3.823529	 .2254902	
  .0000056	-3.627451	 .1666667	
  .0000057	-4.019608	 .127451	
  .0000058	-4.215686	 .1078431	
  .0000059	-4.215686	 .1666667	
  .000006	-4.607843	 .2254902	
  .0000061	-4.607843	 .1666667	
  .0000062	-4.607843	 .1470588	
  .0000063	-4.607843	 .1078431	
  .0000064	-4.803922	 .1666667	
  .0000065	-4.803922	 .2058824	
  .0000066	-4.803922	 .2254902	
  .0000067	-5	 .2254902	
  .0000068	-5.196078	 .1470588	
  .0000069	-5.196078	 .127451	
  .000007	-5.196078	 .1666667	
  .0000071	-5.196078	 .2254902	
  .0000072	-5.392157	 .2254902	
  .0000073	-5.392157	 .1666667	
  .0000074	-5.196078	 .127451	
  .0000075	-5.392157	 .1666667	
  .0000076	-5.392157	 .1862745	
  .0000077	-5.392157	 .2058824	
  .0000078	-5.392157	 .2058824	
  .0000079	-5.392157	 .1862745	
  .000008	-5.588235	 .127451	
  .0000081	-5.588235	 .2058824	
  .0000082	-5.588235	 .2058824	
  .0000083	-5.588235	 .245098	
  .0000084	-5.588235	 .2058824	
  .0000085	-5.588235	 .1470588	
  .0000086	-5.588235	 .1666667	
  .0000087	-5.588235	 .1862745	
  .0000088	-5.784314	 .2254902	
  .0000089	-5.784314	 .2254902	
  .000009	-5.784314	 .1862745	
  .0000091	-5.784314	 .1862745	
  .0000092	-5.588235	 .2058824	
  .0000093	-5.784314	 .2058824	
  .0000094	-5.980392	 .245098	
  .0000095	-5.784314	 .245098	
  .0000096	-5.784314	 .1862745	
  .0000097	-5.588235	 .1862745	
  .0000098	-5.784314	 .2058824	
  .0000099	-5.784314	 .2254902	
  .00001	-5.980392	 .2647059	
  .0000101	-5.588235	 .2254902	
  .0000102	-5.784314	 .2254902	
  .0000103	-5.784314	 .2254902	
  .0000104	-5.588235	 .2254902	
  .0000105	-5.784314	 .2254902	
  .0000106	-5.784314	 .2254902	
  .0000107	-5.784314	 .2254902	
  .0000108	-5.980392	 .2254902	
  .0000109	-5.784314	 .2254902	
  .000011	-5.980392	 .2254902	
  .0000111	-5.784314	 .245098	
  .0000112	-5.980392	 .245098	
  .0000113	-5.784314	 .2254902	
  .0000114	-5.784314	 .2058824	
  .0000115	-5.980392	 .2254902	
  .0000116	-5.784314	 .245098	
  .0000117	-5.980392	 .245098	
  .0000118	-5.784314	 .2647059	
  .0000119	-5.588235	 .2254902	
  .000012	-5.784314	 .2058824	
  .0000121	-5.784314	 .245098	
  .0000122	-5.784314	 .2647059	
  .0000123	-5.784314	 .2843137	
  .0000124	-5.588235	 .2647059	
  .0000125	-5.784314	 .245098	
  .0000126	-6.176471	 .245098	
  .0000127	-5.588235	 .245098	
  .0000128	-5.784314	 .3039216	
  .0000129	-5.588235	 .2647059	
  .000013	-5.784314	 .245098	
  .0000131	-5.588235	 .245098	
  .0000132	-5.784314	 .245098	
  .0000133	-5.980392	 .2843137	
  .0000134	-5.784314	 .2647059	
  .0000135	-5.980392	 .245098	
  .0000136	-5.588235	 .2647059	
  .0000137	-5.588235	 .2647059	
  .0000138	-5.784314	 .2647059	
  .0000139	-5.588235	 .2843137	
  .000014	-5.784314	 .2843137	
  .0000141	-5.784314	 .2647059	
  .0000142	-5.784314	 .2647059	
  .0000143	-5.784314	 .245098	
  .0000144	-5.588235	 .2647059	
  .0000145	-5.588235	 .3235294	
  .0000146	-5.588235	 .2647059	
  .0000147	-5.588235	 .2843137	
  .0000148	-5.588235	 .2647059	
  .0000149	-5.392157	 .2647059	
  .000015	-5.784314	 .2843137	
  .0000151	-5.784314	 .2843137	
  .0000152	-5.784314	 .3039216	
  .0000153	-5.784314	 .2647059	
  .0000154	-5.588235	 .2843137	
  .0000155	-5.784314	 .2843137	
  .0000156	-5.784314	 .2843137	
  .0000157	-5.784314	 .2843137	
  .0000158	-5.784314	 .2843137	
  .0000159	-5.588235	 .3039216	
  .000016	-5.588235	 .2647059	
  .0000161	-5.392157	 .2843137	
  .0000162	-5.784314	 .2843137	
  .0000163	-5.784314	 .3039216	
  .0000164	-5.588235	 .3039216	
  .0000165	-5.588235	 .3235294	
  .0000166	-5.588235	 .3039216	
  .0000167	-5.784314	 .2843137	
  .0000168	-5.588235	 .2843137	
  .0000169	-5.588235	 .3039216	
  .000017	-5.784314	 .3039216	
  .0000171	-5.588235	 .3039216	
  .0000172	-5.588235	 .2843137	
  .0000173	-5.392157	 .3039216	
  .0000174	-5.588235	 .2647059	
  .0000175	-5.392157	 .3039216	
  .0000176	-5.588235	 .2843137	
  .0000177	-5.392157	 .2647059	
  .0000178	-5.392157	 .3039216	
  .0000179	-5.392157	 .2843137	
  .000018	-5.588235	 .3431373	
  .0000181	-5.588235	 .3039216	
  .0000182	-5.392157	 .3039216	
  .0000183	-5.196078	 .2843137	
  .0000184	-5.392157	 .2843137	
  .0000185	-5.392157	 .3235294	
  .0000186	-5.196078	 .2843137	
  .0000187	-5.392157	 .3039216	
  .0000188	-5.392157	 .3235294	
  .0000189	-5.392157	 .2647059	
  .000019	-5.392157	 .3039216	
  .0000191	-5.392157	 .3235294	
  .0000192	-5.392157	 .3039216	
  .0000193	-5.392157	 .2843137	
  .0000194	-5.588235	 .3039216	
  .0000195	-5.588235	 .3039216	
  .0000196	-5.196078	 .3039216	
  .0000197	-5.392157	 .3235294	
  .0000198	-5.392157	 .3039216	
  .0000199	-5.196078	 .3431373	
  .00002	-5.196078	 .3235294	
  .0000201	-5.392157	 .3235294	
  .0000202	-5.392157	 .3235294	
  .0000203	-5.392157	 .3235294	
  .0000204	-5.196078	 .3039216	
  .0000205	-5.196078	 .2647059	
  .0000206	-5.392157	 .3235294	
  .0000207	-5.588235	 .3235294	
  .0000208	-5.196078	 .3431373	
  .0000209	-5.196078	 .3235294	
  .000021	-5	 .3039216	
  .0000211	-5.392157	 .3235294	
  .0000212	-5	 .3235294	
  .0000213	-5.196078	 .3039216	
  .0000214	-5.392157	 .3235294	
  .0000215	-5.196078	 .3627451	
  .0000216	-5.196078	 .3039216	
  .0000217	-5	 .3235294	
  .0000218	-5.196078	 .3039216	
  .0000219	-5.196078	 .3039216	
  .000022	-5.196078	 .3627451	
  .0000221	-5.196078	 .3431373	
  .0000222	-5.392157	 .3627451	
  .0000223	-5.196078	 .3627451	
  .0000224	-5.196078	 .3431373	
  .0000225	-5.392157	 .3431373	
  .0000226	-5.196078	 .3431373	
  .0000227	-5.392157	 .3627451	
  .0000228	-5	 .3431373	
  .0000229	-5	 .3431373	
  .000023	-5.196078	 .3235294	
  .0000231	-5	 .3627451	
  .0000232	-5.196078	 .3431373	
  .0000233	-5	 .3235294	
  .0000234	-5.196078	 .3235294	
  .0000235	-5.196078	 .3235294	
  .0000236	-5.196078	 .3235294	
  .0000237	-5.196078	 .3431373	
  .0000238	-4.803922	 .3431373	
  .0000239	-5.196078	 .3431373	
  .000024	-5	 .3235294	
  .0000241	-5	 .3431373	
  .0000242	-4.803922	 .3235294	
  .0000243	-4.803922	 .3627451	
  .0000244	-4.803922	 .3823529	
  .0000245	-5	 .3431373	
  .0000246	-4.803922	 .3627451	
  .0000247	-5	 .3431373	
  .0000248	-4.803922	 .3431373	
  .0000249	-4.803922	 .3431373	
  .000025	-5	 .3627451	
  .0000251	-5	 .3627451	
  .0000252	-5	 .3431373	
  .0000253	-5	 .3627451	
  .0000254	-4.803922	 .3823529	
  .0000255	-5	 .3627451	
  .0000256	-4.803922	 .3431373	
  .0000257	-5.196078	 .3627451	
  .0000258	-4.803922	 .3627451	
  .0000259	-5	 .3627451	
  .000026	-4.607843	 .3627451	
  .0000261	-4.803922	 .3431373	
  .0000262	-4.803922	 .3823529	
  .0000263	-4.803922	 .3431373	
  .0000264	-4.803922	 .3627451	
  .0000265	-4.803922	 .3627451	
  .0000266	-4.607843	 .3627451	
  .0000267	-4.607843	 .3627451	
  .0000268	-4.803922	 .3627451	
  .0000269	-4.803922	 .3823529	
  .000027	-5	 .3627451	
  .0000271	-4.803922	 .3627451	
  .0000272	-4.607843	 .3823529	
  .0000273	-4.803922	 .3627451	
  .0000274	-4.803922	 .3627451	
  .0000275	-4.803922	 .3431373	
  .0000276	-4.803922	 .3627451	
  .0000277	-4.607843	 .3627451	
  .0000278	-4.607843	 .3627451	
  .0000279	-4.803922	 .4019608	
  .000028	-4.607843	 .3627451	
  .0000281	-4.803922	 .3823529	
  .0000282	-4.411765	 .3627451	
  .0000283	-4.411765	 .3431373	
  .0000284	-4.411765	 .3823529	
  .0000285	-4.607843	 .3431373	
  .0000286	-4.411765	 .3627451	
  .0000287	-4.411765	 .3823529	
  .0000288	-4.607843	 .3431373	
  .0000289	-4.607843	 .3431373	
  .000029	-4.607843	 .3823529	
  .0000291	-4.411765	 .3823529	
  .0000292	-4.411765	 .3627451	
  .0000293	-4.411765	 .3823529	
  .0000294	-4.607843	 .3627451	
  .0000295	-4.411765	 .4019608	
  .0000296	-4.411765	 .3823529	
  .0000297	-4.411765	 .3627451	
  .0000298	-4.411765	 .3823529	
  .0000299	-4.607843	 .3823529	
  .00003	-4.607843	 .3823529	
  .0000301	-4.607843	 .3823529	
  .0000302	-4.215686	 .3627451	
  .0000303	-4.411765	 .3627451	
  .0000304	-4.411765	 .3627451	
  .0000305	-4.411765	 .3627451	
  .0000306	-4.215686	 .4019608	
  .0000307	-4.215686	 .4019608	
  .0000308	-4.607843	 .3823529	
  .0000309	-4.411765	 .3823529	
  .000031	-4.607843	 .3823529	
  .0000311	-4.215686	 .3823529	
  .0000312	-4.411765	 .3823529	
  .0000313	-4.411765	 .4019608	
  .0000314	-4.215686	 .4019608	
  .0000315	-4.215686	 .3627451	
  .0000316	-4.215686	 .3823529	
  .0000317	-4.019608	 .3431373	
  .0000318	-4.411765	 .3627451	
  .0000319	-4.215686	 .3823529	
  .000032	-4.215686	 .3627451	
  .0000321	-4.215686	 .4215686	
  .0000322	-4.019608	 .4215686	
  .0000323	-4.411765	 .3627451	
  .0000324	-4.411765	 .3823529	
  .0000325	-4.411765	 .3823529	
  .0000326	-4.215686	 .4019608	
  .0000327	-4.411765	 .4019608	
  .0000328	-4.215686	 .3823529	
  .0000329	-4.019608	 .3823529	
  .000033	-4.215686	 .3823529	
  .0000331	-4.215686	 .3823529	
  .0000332	-4.215686	 .3823529	
  .0000333	-4.019608	 .3627451	
  .0000334	-4.019608	 .3627451	
  .0000335	-4.215686	 .3823529	
  .0000336	-4.215686	 .3823529	
  .0000337	-4.215686	 .3823529	
  .0000338	-4.019608	 .3823529	
  .0000339	-4.019608	 .3823529	
  .000034	-4.215686	 .4019608	
  .0000341	-3.627451	 .3823529	
  .0000342	-4.019608	 .3823529	
  .0000343	-4.019608	 .4215686	
  .0000344	-4.019608	 .3823529	
  .0000345	-3.823529	 .4215686	
  .0000346	-4.019608	 .3823529	
  .0000347	-3.823529	 .3823529	
  .0000348	-3.823529	 .3823529	
  .0000349	-4.019608	 .3823529	
  .000035	-4.019608	 .4215686	
  .0000351	-4.019608	 .3823529	
  .0000352	-4.019608	 .4019608	
  .0000353	-3.823529	 .4215686	
  .0000354	-4.019608	 .4019608	
  .0000355	-4.019608	 .4019608	
  .0000356	-4.019608	 .3823529	
  .0000357	-3.823529	 .4019608	
  .0000358	-3.823529	 .3823529	
  .0000359	-3.431373	 .4019608	
  .000036	-3.823529	 .3823529	
  .0000361	-4.019608	 .4215686	
  .0000362	-3.823529	 .3823529	
  .0000363	-3.627451	 .4019608	
  .0000364	-3.823529	 .4215686	
  .0000365	-3.823529	 .4019608	
  .0000366	-3.823529	 .3823529	
  .0000367	-3.627451	 .3823529	
  .0000368	-3.823529	 .4019608	
  .0000369	-3.823529	 .4019608	
  .000037	-3.823529	 .3823529	
  .0000371	-3.627451	 .3823529	
  .0000372	-3.627451	 .4019608	
  .0000373	-3.431373	 .3823529	
  .0000374	-3.627451	 .3627451	
  .0000375	-3.627451	 .4019608	
  .0000376	-3.627451	 .4215686	
  .0000377	-3.627451	 .3823529	
  .0000378	-3.627451	 .4411765	
  .0000379	-3.431373	 .4019608	
  .000038	-3.823529	 .4019608	
  .0000381	-3.235294	 .3823529	
  .0000382	-3.431373	 .3823529	
  .0000383	-3.431373	 .4215686	
  .0000384	-3.235294	 .3627451	
  .0000385	-3.431373	 .4019608	
  .0000386	-3.431373	 .4215686	
  .0000387	-3.431373	 .3823529	
  .0000388	-3.627451	 .4019608	
  .0000389	-3.431373	 .3823529	
  .000039	-3.235294	 .4215686	
  .0000391	-3.431373	 .3823529	
  .0000392	-3.431373	 .3823529	
  .0000393	-3.431373	 .3823529	
  .0000394	-3.431373	 .4411765	
  .0000395	-3.431373	 .3823529	
  .0000396	-3.235294	 .3823529	
  .0000397	-3.039216	 .4019608	
  .0000398	-3.431373	 .4019608	
  .0000399	-3.431373	 .4019608	
  .00004	-3.235294	 .4215686	
  .0000401	-3.039216	 .3823529	
  .0000402	-3.235294	 .3823529	
  .0000403	-3.235294	 .3823529	
  .0000404	-3.431373	 .3823529	
  .0000405	-3.431373	 .4019608	
  .0000406	-3.235294	 .4019608	
  .0000407	-3.235294	 .3823529	
  .0000408	-3.235294	 .4019608	
  .0000409	-3.431373	 .3823529	
  .000041	-3.039216	 .4019608	
  .0000411	-3.039216	 .4019608	
  .0000412	-3.235294	 .4019608	
  .0000413	-3.431373	 .4215686	
  .0000414	-3.039216	 .3627451	
  .0000415	-3.039216	 .3823529	
  .0000416	-3.039216	 .3627451	
  .0000417	-3.235294	 .3823529	
  .0000418	-3.039216	 .4019608	
  .0000419	-3.039216	 .3823529	
  .000042	-3.235294	 .4215686	
  .0000421	-3.039216	 .4019608	
  .0000422	-3.235294	 .4019608	
  .0000423	-3.039216	 .3823529	
  .0000424	-3.039216	 .4019608	
  .0000425	-3.039216	 .4019608	
  .0000426	-3.039216	 .4215686	
  .0000427	-2.843137	 .3823529	
  .0000428	-2.843137	 .3823529	
  .0000429	-3.039216	 .4019608	
  .000043	-3.039216	 .4215686	
  .0000431	-2.843137	 .3823529	
  .0000432	-2.843137	 .3627451	
  .0000433	-2.843137	 .3823529	
  .0000434	-3.039216	 .4019608	
  .0000435	-2.843137	 .4019608	
  .0000436	-2.843137	 .4019608	
  .0000437	-2.843137	 .4019608	
  .0000438	-2.843137	 .4019608	
  .0000439	-2.843137	 .3823529	
  .000044	-2.647059	 .4019608	
  .0000441	-2.647059	 .4215686	
  .0000442	-2.647059	 .4215686	
  .0000443	-2.843137	 .3823529	
  .0000444	-2.647059	 .4215686	
  .0000445	-2.843137	 .3823529	
  .0000446	-2.647059	 .3823529	
  .0000447	-2.647059	 .4019608	
  .0000448	-2.647059	 .3823529	
  .0000449	-2.647059	 .4019608	
  .000045	-2.647059	 .3823529	
  .0000451	-2.647059	 .4019608	
  .0000452	-2.647059	 .4019608	
  .0000453	-2.45098	 .4019608	
  .0000454	-2.45098	 .4019608	
  .0000455	-2.647059	 .3823529	
  .0000456	-2.647059	 .4019608	
  .0000457	-2.45098	 .3823529	
  .0000458	-2.254902	 .4215686	
  .0000459	-2.647059	 .3823529	
  .000046	-2.254902	 .4215686	
  .0000461	-2.45098	 .4019608	
  .0000462	-2.45098	 .3823529	
  .0000463	-2.45098	 .4215686	
  .0000464	-2.647059	 .3823529	
  .0000465	-2.254902	 .3823529	
  .0000466	-2.254902	 .3823529	
  .0000467	-2.45098	 .4019608	
  .0000468	-2.45098	 .4019608	
  .0000469	-2.45098	 .4019608	
  .000047	-2.254902	 .4019608	
  .0000471	-2.254902	 .3823529	
  .0000472	-2.254902	 .3823529	
  .0000473	-2.058824	 .3823529	
  .0000474	-2.254902	 .4019608	
  .0000475	-2.058824	 .4019608	
  .0000476	-1.862745	 .3823529	
  .0000477	-2.254902	 .4019608	
  .0000478	-2.058824	 .3823529	
  .0000479	-2.058824	 .4019608	
  .000048	-1.862745	 .3627451	
  .0000481	-2.058824	 .3627451	
  .0000482	-2.058824	 .4215686	
  .0000483	-1.862745	 .3823529	
  .0000484	-2.058824	 .4019608	
  .0000485	-2.058824	 .4019608	
  .0000486	-2.254902	 .3627451	
  .0000487	-1.862745	 .3823529	
  .0000488	-1.862745	 .4019608	
  .0000489	-2.058824	 .3823529	
  .000049	-1.862745	 .3627451	
  .0000491	-1.862745	 .3823529	
  .0000492	-1.862745	 .3823529	
  .0000493	-1.470588	 .4019608	
  .0000494	-1.862745	 .3627451	
  .0000495	-1.862745	 .3823529	
  .0000496	-2.058824	 .4019608	
  .0000497	-1.862745	 .3823529	
  .0000498	-1.862745	 .4019608	
  .0000499	-1.470588	 .4019608	
  .00005	-1.862745	 .3823529	
  .0000501	-1.666667	 .3823529	
  .0000502	-1.470588	 .3627451	
  .0000503	-1.666667	 .3823529	
  .0000504	-1.862745	 .4019608	
  .0000505	-1.666667	 .4019608	
  .0000506	-1.862745	 .3823529	
  .0000507	-1.666667	 .3823529	
  .0000508	-1.666667	 .3823529	
  .0000509	-1.470588	 .3823529	
  .000051	-1.470588	 .3823529	
  .0000511	-1.666667	 .3627451	
  .0000512	-1.666667	 .4215686	
  .0000513	-1.470588	 .3627451	
  .0000514	-1.470588	 .3627451	
  .0000515	-1.666667	 .3431373	
  .0000516	-1.666667	 .3627451	
  .0000517	-1.470588	 .4019608	
  .0000518	-1.078431	 .3823529	
  .0000519	-1.27451	 .4215686	
  .000052	-1.27451	 .4019608	
  .0000521	-1.666667	 .3627451	
  .0000522	-1.470588	 .3627451	
  .0000523	-1.470588	 .3627451	
  .0000524	-1.27451	 .4019608	
  .0000525	-1.27451	 .4019608	
  .0000526	-1.470588	 .3823529	
  .0000527	-1.27451	 .3627451	
  .0000528	-1.27451	 .3823529	
  .0000529	-1.470588	 .4019608	
  .000053	-1.078431	 .3627451	
  .0000531	-1.27451	 .3627451	
  .0000532	-.8823529	 .3627451	
  .0000533	-1.27451	 .3627451	
  .0000534	-1.27451	 .3823529	
  .0000535	-1.078431	 .3823529	
  .0000536	-1.27451	 .3627451	
  .0000537	-1.078431	 .3823529	
  .0000538	-1.078431	 .3627451	
  .0000539	-.8823529	 .3627451	
  .000054	-.8823529	 .3627451	
  .0000541	-.8823529	 .4019608	
  .0000542	-1.078431	 .3431373	
  .0000543	-.8823529	 .3823529	
  .0000544	-.8823529	 .3627451	
  .0000545	-.6862745	 .3823529	
  .0000546	-.6862745	 .3823529	
  .0000547	-.6862745	 .3627451	
  .0000548	-.8823529	 .3823529	
  .0000549	-.8823529	 .3627451	
  .000055	-.8823529	 .3627451	
  .0000551	-.8823529	 .3823529	
  .0000552	-.8823529	 .3823529	
  .0000553	-.8823529	 .3627451	
  .0000554	-1.078431	 .3431373	
  .0000555	-.6862745	 .3627451	
  .0000556	-.8823529	 .3627451	
  .0000557	-.2941177	 .3627451	
  .0000558	-.6862745	 .3627451	
  .0000559	-.6862745	 .3823529	
  .000056	-.6862745	 .3431373	
  .0000561	-.6862745	 .3627451	
  .0000562	-.6862745	 .3823529	
  .0000563	-.6862745	 .3431373	
  .0000564	-.4901961	 .3627451	
  .0000565	-.4901961	 .3431373	
  .0000566	-.6862745	 .3431373	
  .0000567	-.6862745	 .3627451	
  .0000568	-.4901961	 .3235294	
  .0000569	-.2941177	 .3627451	
  .000057	-.4901961	 .3431373	
  .0000571	-.2941177	 .3431373	
  .0000572	-.4901961	 .3431373	
  .0000573	-.2941177	 .3431373	
  .0000574	-.4901961	 .3431373	
  .0000575	-9.803922E-02	 .3235294	
  .0000576	-.2941177	 .3823529	
  .0000577	-.2941177	 .3627451	
  .0000578	-.4901961	 .3627451	
  .0000579	 9.803922E-02	 .3431373	
  .000058	 9.803922E-02	 .3431373	
  .0000581	-9.803922E-02	 .3627451	
  .0000582	-9.803922E-02	 .3235294	
  .0000583	-.2941177	 .3431373	
  .0000584	-9.803922E-02	 .3627451	
  .0000585	-9.803922E-02	 .3235294	
  .0000586	-9.803922E-02	 .3431373	
  .0000587	-9.803922E-02	 .3431373	
  .0000588	-9.803922E-02	 .3431373	
  .0000589	 9.803922E-02	 .3431373	
  .000059	-9.803922E-02	 .3431373	
  .0000591	-9.803922E-02	 .3235294	
  .0000592	 9.803922E-02	 .3627451	
  .0000593	 9.803922E-02	 .3235294	
  .0000594	-9.803922E-02	 .3431373	
  .0000595	-9.803922E-02	 .3431373	
  .0000596	 9.803922E-02	 .3627451	
  .0000597	 9.803922E-02	 .3627451	
  .0000598	 9.803922E-02	 .3627451	
  .0000599	 .2941177	 .3431373	
  .00006	 .2941177	 .3431373	
  .0000601	 9.803922E-02	 .3039216	
  .0000602	 9.803922E-02	 .3235294	
  .0000603	 .2941177	 .3431373	
  .0000604	 .2941177	 .3627451	
  .0000605	 .2941177	 .3431373	
  .0000606	 .4901961	 .3235294	
  .0000607	 9.803922E-02	 .3431373	
  .0000608	 .2941177	 .3235294	
  .0000609	 .2941177	 .3039216	
  .000061	 9.803922E-02	 .3235294	
  .0000611	 .2941177	 .3431373	
  .0000612	 .4901961	 .3039216	
  .0000613	 .4901961	 .3431373	
  .0000614	 .4901961	 .3039216	
  .0000615	 9.803922E-02	 .2843137	
  .0000616	 .4901961	 .3431373	
  .0000617	 .4901961	 .3235294	
  .0000618	 .4901961	 .3627451	
  .0000619	 .6862745	 .3627451	
  .000062	 .4901961	 .3235294	
  .0000621	 .4901961	 .3235294	
  .0000622	 .2941177	 .3235294	
  .0000623	 .6862745	 .3431373	
  .0000624	 .6862745	 .3235294	
  .0000625	 .6862745	 .3235294	
  .0000626	 .6862745	 .3235294	
  .0000627	 .8823529	 .3235294	
  .0000628	 .6862745	 .3235294	
  .0000629	 .8823529	 .2843137	
  .000063	 .6862745	 .3039216	
  .0000631	 1.078431	 .3039216	
  .0000632	 .8823529	 .3235294	
  .0000633	 .6862745	 .3039216	
  .0000634	 .8823529	 .3235294	
  .0000635	 .8823529	 .3039216	
  .0000636	 1.078431	 .3039216	
  .0000637	 .6862745	 .3039216	
  .0000638	 1.078431	 .2843137	
  .0000639	 1.078431	 .3235294	
  .000064	 .8823529	 .3431373	
  .0000641	 .8823529	 .3039216	
  .0000642	 1.27451	 .3431373	
  .0000643	 .6862745	 .3039216	
  .0000644	 1.27451	 .3039216	
  .0000645	 1.27451	 .2843137	
  .0000646	 .8823529	 .3039216	
  .0000647	 .8823529	 .3039216	
  .0000648	 1.078431	 .2647059	
  .0000649	 1.27451	 .3039216	
  .000065	 .8823529	 .3235294	
  .0000651	 1.078431	 .3039216	
  .0000652	 1.27451	 .3039216	
  .0000653	 1.078431	 .2843137	
  .0000654	 1.27451	 .2843137	
  .0000655	 1.27451	 .2843137	
  .0000656	 1.666667	 .3235294	
  .0000657	 1.27451	 .2647059	
  .0000658	 1.27451	 .3235294	
  .0000659	 1.27451	 .2843137	
  .000066	 1.27451	 .3039216	
  .0000661	 1.078431	 .3039216	
  .0000662	 1.27451	 .2843137	
  .0000663	 1.470588	 .2647059	
  .0000664	 1.470588	 .2843137	
  .0000665	 1.27451	 .2843137	
  .0000666	 1.078431	 .2843137	
  .0000667	 1.470588	 .2647059	
  .0000668	 1.470588	 .2647059	
  .0000669	 1.470588	 .245098	
  .000067	 1.862745	 .2647059	
  .0000671	 1.666667	 .2647059	
  .0000672	 1.666667	 .2647059	
  .0000673	 1.666667	 .3039216	
  .0000674	 1.666667	 .245098	
  .0000675	 1.862745	 .3235294	
  .0000676	 1.862745	 .2843137	
  .0000677	 1.470588	 .2843137	
  .0000678	 2.058824	 .245098	
  .0000679	 2.058824	 .245098	
  .000068	 2.058824	 .2843137	
  .0000681	 2.254902	 .245098	
  .0000682	 1.862745	 .2647059	
  .0000683	 1.862745	 .2843137	
  .0000684	 1.666667	 .245098	
  .0000685	 2.058824	 .245098	
  .0000686	 2.058824	 .2647059	
  .0000687	 2.058824	 .245098	
  .0000688	 2.058824	 .245098	
  .0000689	 2.058824	 .245098	
  .000069	 2.058824	 .2254902	
  .0000691	 2.254902	 .2647059	
  .0000692	 2.254902	 .245098	
  .0000693	 2.254902	 .245098	
  .0000694	 2.254902	 .245098	
  .0000695	 2.058824	 .245098	
  .0000696	 2.254902	 .2254902	
  .0000697	 2.254902	 .2647059	
  .0000698	 2.45098	 .245098	
  .0000699	 2.254902	 .2254902	
  .00007	 2.254902	 .2058824	
  .0000701	 2.254902	 .2254902	
  .0000702	 2.254902	 .245098	
  .0000703	 2.647059	 .245098	
  .0000704	 2.45098	 .2058824	
  .0000705	 2.647059	 .2058824	
  .0000706	 2.647059	 .2254902	
  .0000707	 2.647059	 .2254902	
  .0000708	 3.039216	 .2058824	
  .0000709	 2.647059	 .2254902	
  .000071	 2.843137	 .245098	
  .0000711	 3.039216	 .1862745	
  .0000712	 3.627451	 .2058824	
  .0000713	 3.823529	 .2058824	
  .0000714	 4.019608	 .1666667	
  .0000715	 4.411765	 .2058824	
  .0000716	 4.803922	 .1862745	
  .0000717	 5.196078	 .2058824	
  .0000718	 5.196078	 .2058824	
  .0000719	 4.607843	 .1862745	
  .000072	 5	 .1862745	
  .0000721	 4.803922	 .2058824	
  .0000722	 5	 .2058824	
  .0000723	 4.803922	 .1862745	
  .0000724	 4.607843	 .1862745	
  .0000725	 4.803922	 .1666667	
  .0000726	 4.607843	 .1862745	
  .0000727	 4.607843	 .1862745	
  .0000728	 4.803922	 .1470588	
  .0000729	 4.607843	 .127451	
  .000073	 4.803922	 .1470588	
  .0000731	 4.607843	 .1666667	
  .0000732	 4.803922	 .1666667	
  .0000733	 4.803922	 .1666667	
  .0000734	 4.607843	 .1470588	
  .0000735	 4.803922	 .1470588	
  .0000736	 4.803922	 .1666667	
  .0000737	 4.803922	 .1470588	
  .0000738	 5	 .1470588	
  .0000739	 4.803922	 .1666667	
  .000074	 4.803922	 .127451	
  .0000741	 5	 .1666667	
  .0000742	 4.803922	 .1470588	
  .0000743	 5	 .127451	
  .0000744	 5	 .1470588	
  .0000745	 5	 .127451	
  .0000746	 5	 .1470588	
  .0000747	 5	 .1078431	
  .0000748	 5	 .1470588	
  .0000749	 5	 .127451	
  .000075	 5	 .1078431	
  .0000751	 5.196078	 .1078431	
  .0000752	 4.803922	 .127451	
  .0000753	 5.196078	 .127451	
  .0000754	 5.196078	 .1078431	
  .0000755	 5.392157	 .1078431	
  .0000756	 5.392157	 .1078431	
  .0000757	 5.392157	 .127451	
  .0000758	 5.588235	 .1078431	
  .0000759	 5.588235	 .127451	
  .000076	 5.784314	 .0882353	
  .0000761	 6.960784	 .0882353	
  .0000762	 7.941176	 6.862745E-02	
  .0000763	 8.137255	 .1078431	
  .0000764	 8.137255	 .1470588	
  .0000765	 8.137255	 .127451	
  .0000766	 7.941176	 6.862745E-02	
  .0000767	 7.941176	 6.862745E-02	
  .0000768	 7.941176	 4.901961E-02	
  .0000769	 7.941176	 .0882353	
  .000077	 7.745098	 .0882353	
  .0000771	 8.137255	 .0882353	
  .0000772	 8.529411	 4.901961E-02	
  .0000773	 8.725491	 9.803922E-03	
  .0000774	 8.921569	 .0882353	
  .0000775	 9.117647	 .0882353	
  .0000776	 9.313725	 .0882353	
  .0000777	 9.509804	 6.862745E-02	
  .0000778	 9.705882	-9.803922E-03	
  .0000779	 9.705882	 4.901961E-02	
  .000078	 25	 2.941176E-02	
  .0000781	 25	 .1470588	
  .0000782	 25	 .1666667	
  .0000783	 25	 .127451	
  .0000784	 25	 4.901961E-02	
  .0000785	 25	 6.862745E-02	
  .0000786	 25	 .127451	
  .0000787	 25	 .1862745	
  .0000788	 25	 .2254902	
  .0000789	 25	 .127451	
  .000079	 25	 .0882353	
  .0000791	 25	 6.862745E-02	
  .0000792	 25	 .1470588	
  .0000793	 25	 .2254902	
  .0000794	 25	 .1862745	
  .0000795	 25	 .127451	
  .0000796	 25	 .1078431	
  .0000797	 25	 .1078431	
  .0000798	 25	 .1470588	
  .0000799	 25	 .1862745	
  .00008	 25	 .1666667	
  .0000801	 25	 .127451	
  .0000802	 25	 .0882353	
  .0000803	 25	 .0882353	
  .0000804	 25	 .1666667	
  .0000805	 25	 .1666667	
  .0000806	 23.62745	 .1470588	
  .0000807	 22.2549	 .0882353	
  .0000808	 20.88235	 .0882353	
  .0000809	 19.5098	 .1470588	
  .000081	 18.33333	 .1470588	
  .0000811	 17.15686	 .127451	
  .0000812	 16.37255	 .0882353	
  .0000813	 15	 4.901961E-02	
  .0000814	 14.21569	 .0882353	
  .0000815	 13.23529	 .127451	
  .0000816	 12.2549	 .1862745	
  .0000817	 11.66667	 .1666667	
  .0000818	 10.68627	 .0882353	
  .0000819	 10.09804	 6.862745E-02	
  .000082	 9.705882	 .1078431	
  .0000821	 9.117647	 .1862745	
  .0000822	 8.529411	 .1470588	
  .0000823	 7.941176	 .127451	
  .0000824	 7.54902	 6.862745E-02	
  .0000825	 6.960784	 .1078431	
  .0000826	 6.568627	 .1078431	
  .0000827	 6.372549	 .1470588	
  .0000828	 5.588235	 .127451	
  .0000829	 5.588235	 .0882353	
  .000083	 5.196078	 .0882353	
  .0000831	 5	 .0882353	
  .0000832	 4.803922	 .127451	
  .0000833	 4.411765	 .1470588	
  .0000834	 4.215686	 .127451	
  .0000835	 4.019608	 .1078431	
  .0000836	 4.215686	 6.862745E-02	
  .0000837	 3.823529	 .1078431	
  .0000838	 3.627451	 .1666667	
  .0000839	 3.431373	 .127451	
  .000084	 3.431373	 .127451	
  .0000841	 3.039216	 .0882353	
  .0000842	 3.235294	 .0882353	
  .0000843	 2.843137	 .1078431	
  .0000844	 2.843137	 .127451	
  .0000845	 2.647059	 .1470588	
  .0000846	 2.45098	 .0882353	
  .0000847	 2.45098	 .1078431	
  .0000848	 2.45098	 .1078431	
  .0000849	 2.254902	 .1078431	
  .000085	 2.254902	 .127451	
  .0000851	 1.862745	 .127451	
  .0000852	 2.058824	 .1078431	
  .0000853	 2.058824	 .0882353	
  .0000854	 2.254902	 .1078431	
  .0000855	 1.862745	 .0882353	
  .0000856	 1.862745	 .1470588	
  .0000857	 2.058824	 .1078431	
  .0000858	 1.666667	 .0882353	
  .0000859	 1.862745	 6.862745E-02	
  .000086	 1.666667	 .0882353	
  .0000861	 1.470588	 .1078431	
  .0000862	 1.862745	 .1078431	
  .0000863	 1.666667	 .1078431	
  .0000864	 1.470588	 .0882353	
  .0000865	 1.27451	 4.901961E-02	
  .0000866	 1.470588	 .1078431	
  .0000867	 1.27451	 .1078431	
  .0000868	 1.666667	 .1078431	
  .0000869	 1.470588	 6.862745E-02	
  .000087	 1.666667	 6.862745E-02	
  .0000871	 1.470588	 .0882353	
  .0000872	 1.470588	 .0882353	
  .0000873	 1.470588	 .1470588	
  .0000874	 1.470588	 .0882353	
  .0000875	 1.470588	 .1078431	
  .0000876	 1.27451	 6.862745E-02	
  .0000877	 1.27451	 6.862745E-02	
  .0000878	 1.27451	 .1078431	
  .0000879	 1.666667	 .0882353	
  .000088	 1.27451	 .0882353	
  .0000881	 1.27451	 .0882353	
  .0000882	 .8823529	 4.901961E-02	
  .0000883	 1.27451	 6.862745E-02	
  .0000884	 1.470588	 .1078431	
  .0000885	 1.27451	 .1078431	
  .0000886	 1.27451	 6.862745E-02	
  .0000887	 1.27451	 .0882353	
  .0000888	 .8823529	 4.901961E-02	
  .0000889	 1.27451	 .1078431	
  .000089	 1.27451	 6.862745E-02	
  .0000891	 1.27451	 .0882353	
  .0000892	 .8823529	 .0882353	
  .0000893	 .8823529	 6.862745E-02	
  .0000894	 1.27451	 .1078431	
  .0000895	 1.27451	 .1078431	
  .0000896	 1.27451	 .1078431	
  .0000897	 1.27451	 .0882353	
  .0000898	 1.27451	 4.901961E-02	
  .0000899	 .8823529	 6.862745E-02	
  .00009	 .8823529	 .0882353	
  .0000901	 .8823529	 .0882353	
  .0000902	 .6862745	 .0882353	
  .0000903	 .8823529	 6.862745E-02	
  .0000904	 .8823529	 6.862745E-02	
  .0000905	 1.078431	 6.862745E-02	
  .0000906	 1.078431	 6.862745E-02	
  .0000907	 .6862745	 .0882353	
  .0000908	 .6862745	 .1078431	
  .0000909	 .6862745	 4.901961E-02	
  .000091	 1.078431	 6.862745E-02	
  .0000911	 .8823529	 2.941176E-02	
  .0000912	 .4901961	 2.941176E-02	
  .0000913	 .8823529	 4.901961E-02	
  .0000914	 .8823529	 4.901961E-02	
  .0000915	 .6862745	 6.862745E-02	
  .0000916	 1.078431	 .0882353	
  .0000917	 .4901961	 4.901961E-02	
  .0000918	 .6862745	 6.862745E-02	
  .0000919	 .6862745	 4.901961E-02	
  .000092	 .6862745	 .0882353	
  .0000921	 1.078431	 4.901961E-02	
  .0000922	 .6862745	 4.901961E-02	
  .0000923	 .8823529	 4.901961E-02	
  .0000924	 .6862745	 6.862745E-02	
  .0000925	 .8823529	 .0882353	
  .0000926	 1.078431	 4.901961E-02	
  .0000927	 .6862745	 4.901961E-02	
  .0000928	 .8823529	 4.901961E-02	
  .0000929	 .6862745	 6.862745E-02	
  .000093	 .8823529	 6.862745E-02	
  .0000931	 .6862745	 2.941176E-02	
  .0000932	 .6862745	 4.901961E-02	
  .0000933	 .8823529	 4.901961E-02	
  .0000934	 .6862745	 4.901961E-02	
  .0000935	 .8823529	 4.901961E-02	
  .0000936	 .8823529	 4.901961E-02	
  .0000937	 .6862745	 6.862745E-02	
  .0000938	 .6862745	 2.941176E-02	
  .0000939	 .8823529	 4.901961E-02	
  .000094	 .6862745	 4.901961E-02	
  .0000941	 .6862745	 4.901961E-02	
  .0000942	 .6862745	 4.901961E-02	
  .0000943	 .6862745	 2.941176E-02	
  .0000944	 .8823529	 2.941176E-02	
  .0000945	 .4901961	 2.941176E-02	
  .0000946	 .4901961	 4.901961E-02	
  .0000947	 .6862745	 6.862745E-02	
  .0000948	 .4901961	 4.901961E-02	
  .0000949	 .8823529	 2.941176E-02	
  .000095	 .6862745	 2.941176E-02	
  .0000951	 .6862745	 4.901961E-02	
  .0000952	 .6862745	 9.803922E-03	
  .0000953	 .8823529	 4.901961E-02	
  .0000954	 .8823529	 2.941176E-02	
  .0000955	 .6862745	 2.941176E-02	
  .0000956	 .6862745	 2.941176E-02	
  .0000957	 .6862745	 2.941176E-02	
  .0000958	 .6862745	 2.941176E-02	
  .0000959	 .4901961	 2.941176E-02	
  .000096	 .6862745	 2.941176E-02	
  .0000961	 .4901961	 2.941176E-02	
  .0000962	 .4901961	 4.901961E-02	
  .0000963	 .6862745	 4.901961E-02	
  .0000964	 .4901961	 2.941176E-02	
  .0000965	 .6862745	 2.941176E-02	
  .0000966	 .4901961	 9.803922E-03	
  .0000967	 .6862745	 9.803922E-03	
  .0000968	 .6862745	 2.941176E-02	
  .0000969	 .8823529	 9.803922E-03	
  .000097	 .6862745	 2.941176E-02	
  .0000971	 .6862745	 2.941176E-02	
  .0000972	 .4901961	 4.901961E-02	
  .0000973	 .6862745	 9.803922E-03	
  .0000974	 .6862745	 2.941176E-02	
  .0000975	 .8823529	 9.803922E-03	
  .0000976	 .6862745	-9.803922E-03	
  .0000977	 .6862745	 2.941176E-02	
  .0000978	 .6862745	-9.803922E-03	
  .0000979	 .4901961	 9.803922E-03	
  .000098	 .6862745	 4.901961E-02	
  .0000981	 .6862745	 9.803922E-03	
  .0000982	 .4901961	 9.803922E-03	
  .0000983	 .6862745	 9.803922E-03	
  .0000984	 .4901961	 9.803922E-03	
  .0000985	 .4901961	-9.803922E-03	
  .0000986	 .4901961	-9.803922E-03	
  .0000987	 .4901961	 9.803922E-03	
  .0000988	 .6862745	 9.803922E-03	
  .0000989	 .6862745	-9.803922E-03	
  .000099	 .4901961	-2.941176E-02	
  .0000991	 .4901961	 9.803922E-03	
  .0000992	 .4901961	 9.803922E-03	
  .0000993	 .4901961	 9.803922E-03	
  .0000994	 .4901961	 2.941176E-02	
  .0000995	 .4901961	 9.803922E-03	
  .0000996	 .4901961	 9.803922E-03	
  .0000997	 .6862745	-9.803922E-03	
  .0000998	 .6862745	-9.803922E-03	
  .0000999	 .6862745	-9.803922E-03	
  .0001	 .4901961	 9.803922E-03	
  .0001001	 .2941177	-9.803922E-03	
  .0001002	 .6862745	-9.803922E-03	
  .0001003	 .4901961	 9.803922E-03	
  .0001004	 .4901961	-9.803922E-03	
  .0001005	 .4901961	-2.941176E-02	
  .0001006	 .4901961	 9.803922E-03	
  .0001007	 .4901961	 9.803922E-03	
  .0001008	 .6862745	-9.803922E-03	
  .0001009	 .4901961	-9.803922E-03	
  .000101	 .6862745	-2.941176E-02	
  .0001011	 .4901961	-2.941176E-02	
  .0001012	 .4901961	 9.803922E-03	
  .0001013	 .4901961	-9.803922E-03	
  .0001014	 .4901961	-2.941176E-02	
  .0001015	 .4901961	 9.803922E-03	
  .0001016	 .2941177	-9.803922E-03	
  .0001017	 .4901961	-2.941176E-02	
  .0001018	 .4901961	-9.803922E-03	
  .0001019	 .6862745	 2.941176E-02	
  .000102	 .6862745	-9.803922E-03	
  .0001021	 .4901961	-9.803922E-03	
  .0001022	 .4901961	-2.941176E-02	
  .0001023	 .2941177	-9.803922E-03	
  .0001024	 .4901961	-9.803922E-03	
  .0001025	 .6862745	-2.941176E-02	
  .0001026	 .4901961	-2.941176E-02	
  .0001027	 .6862745	-2.941176E-02	
  .0001028	 .4901961	-2.941176E-02	
  .0001029	 .2941177	-9.803922E-03	
  .000103	 .4901961	-2.941176E-02	
  .0001031	 .4901961	-9.803922E-03	
  .0001032	 .4901961	-2.941176E-02	
  .0001033	 .4901961	-2.941176E-02	
  .0001034	 .2941177	-2.941176E-02	
  .0001035	 .6862745	-9.803922E-03	
  .0001036	 .6862745	-9.803922E-03	
  .0001037	 .4901961	-2.941176E-02	
  .0001038	 .6862745	-2.941176E-02	
  .0001039	 .4901961	-4.901961E-02	
  .000104	 .6862745	-2.941176E-02	
  .0001041	 .4901961	-9.803922E-03	
  .0001042	 .4901961	-2.941176E-02	
  .0001043	 .4901961	-9.803922E-03	
  .0001044	 .4901961	-4.901961E-02	
  .0001045	 .4901961	-2.941176E-02	
  .0001046	 .4901961	-9.803922E-03	
  .0001047	 .2941177	-4.901961E-02	
  .0001048	 .2941177	-4.901961E-02	
  .0001049	 9.803922E-02	-4.901961E-02	
  .000105	 .6862745	-2.941176E-02	
  .0001051	 .4901961	-2.941176E-02	
  .0001052	 .6862745	-2.941176E-02	
  .0001053	 .2941177	-4.901961E-02	
  .0001054	 .4901961	-2.941176E-02	
  .0001055	 .6862745	-4.901961E-02	
  .0001056	 .2941177	-2.941176E-02	
  .0001057	 .4901961	-4.901961E-02	
  .0001058	 .4901961	-4.901961E-02	
  .0001059	 .4901961	-4.901961E-02	
  .000106	 .4901961	-4.901961E-02	
  .0001061	 .4901961	-4.901961E-02	
  .0001062	 .4901961	-6.862745E-02	
  .0001063	 .4901961	-6.862745E-02	
  .0001064	 .4901961	-4.901961E-02	
  .0001065	 .2941177	-6.862745E-02	
  .0001066	 .4901961	-6.862745E-02	
  .0001067	 .4901961	-6.862745E-02	
  .0001068	 .4901961	-6.862745E-02	
  .0001069	 .4901961	-4.901961E-02	
  .000107	 .6862745	-6.862745E-02	
  .0001071	 .6862745	-4.901961E-02	
  .0001072	 .2941177	-6.862745E-02	
  .0001073	 .4901961	-4.901961E-02	
  .0001074	 .4901961	-6.862745E-02	
  .0001075	 .6862745	-6.862745E-02	
  .0001076	 .4901961	-6.862745E-02	
  .0001077	 .6862745	-6.862745E-02	
  .0001078	 .2941177	-4.901961E-02	
  .0001079	 .4901961	-6.862745E-02	
  .000108	 .4901961	-.0882353	
  .0001081	 .2941177	-.0882353	
  .0001082	 .4901961	-4.901961E-02	
  .0001083	 .6862745	-6.862745E-02	
  .0001084	 .4901961	-6.862745E-02	
  .0001085	 .4901961	-.0882353	
  .0001086	 .2941177	-.0882353	
  .0001087	 .4901961	-4.901961E-02	
  .0001088	 .4901961	-.0882353	
  .0001089	 .2941177	-.0882353	
  .000109	 .2941177	-6.862745E-02	
  .0001091	 .4901961	-.0882353	
  .0001092	 .4901961	-6.862745E-02	
  .0001093	 .2941177	-6.862745E-02	
  .0001094	 .4901961	-6.862745E-02	
  .0001095	 .6862745	-.0882353	
  .0001096	 .4901961	-.0882353	
  .0001097	 .2941177	-.0882353	
  .0001098	 .4901961	-6.862745E-02	
  .0001099	 .4901961	-6.862745E-02	
  .00011	 .2941177	-.0882353	
  .0001101	 .6862745	-6.862745E-02	
  .0001102	 .2941177	-.0882353	
  .0001103	 .4901961	-.0882353	
  .0001104	 .6862745	-.0882353	
  .0001105	 .2941177	-.0882353	
  .0001106	 .4901961	-4.901961E-02	
  .0001107	 .6862745	-.0882353	
  .0001108	 .6862745	-.0882353	
  .0001109	 .4901961	-.0882353	
  .000111	 .4901961	-.1078431	
  .0001111	 .4901961	-.0882353	
  .0001112	 .2941177	-.0882353	
  .0001113	 .2941177	-.0882353	
  .0001114	 .2941177	-6.862745E-02	
  .0001115	 9.803922E-02	-.0882353	
  .0001116	 .4901961	-.1078431	
  .0001117	 .2941177	-6.862745E-02	
  .0001118	 .4901961	-6.862745E-02	
  .0001119	 .4901961	-.0882353	
  .000112	 .4901961	-.0882353	
  .0001121	 .2941177	-.1078431	
  .0001122	 .2941177	-.0882353	
  .0001123	 .2941177	-.0882353	
  .0001124	 .4901961	-.0882353	
  .0001125	 .2941177	-.1078431	
  .0001126	 .2941177	-.1078431	
  .0001127	 .2941177	-.1078431	
  .0001128	 .4901961	-.1078431	
  .0001129	 .2941177	-.0882353	
  .000113	 .2941177	-.1078431	
  .0001131	 .2941177	-.0882353	
  .0001132	 .2941177	-.1078431	
  .0001133	 .2941177	-.1078431	
  .0001134	 .4901961	-.0882353	
  .0001135	 .4901961	-.0882353	
  .0001136	 .4901961	-.1078431	
  .0001137	 .4901961	-.0882353	
  .0001138	 .2941177	-.1078431	
  .0001139	 .4901961	-.1078431	
  .000114	 .4901961	-.1078431	
  .0001141	 .2941177	-.0882353	
  .0001142	 .2941177	-.1078431	
  .0001143	 .2941177	-.1078431	
  .0001144	 .4901961	-.127451	
  .0001145	 .2941177	-.1078431	
  .0001146	 9.803922E-02	-.1078431	
  .0001147	 .4901961	-.1078431	
  .0001148	 .4901961	-.127451	
  .0001149	 .4901961	-.127451	
  .000115	 .2941177	-.127451	
  .0001151	 .6862745	-.1078431	
  .0001152	 .2941177	-.1078431	
  .0001153	 .2941177	-.1078431	
  .0001154	 .4901961	-.1470588	
  .0001155	 .2941177	-.0882353	
  .0001156	 .2941177	-.127451	
  .0001157	 .2941177	-.127451	
  .0001158	 .2941177	-.127451	
  .0001159	 .2941177	-.127451	
  .000116	 .4901961	-.0882353	
  .0001161	 .4901961	-.1078431	
  .0001162	 .2941177	-.1470588	
  .0001163	 .2941177	-.1078431	
  .0001164	 .2941177	-.127451	
  .0001165	 .4901961	-.127451	
  .0001166	 .2941177	-.127451	
  .0001167	 .2941177	-.127451	
  .0001168	 .4901961	-.127451	
  .0001169	 .4901961	-.1470588	
  .000117	 .4901961	-.1078431	
  .0001171	 .4901961	-.127451	
  .0001172	 .4901961	-.127451	
  .0001173	 .4901961	-.1470588	
  .0001174	 .4901961	-.1666667	
  .0001175	 .4901961	-.127451	
  .0001176	 .2941177	-.1666667	
  .0001177	 .2941177	-.1470588	
  .0001178	 .2941177	-.1078431	
  .0001179	 .4901961	-.1470588	
  .000118	 .4901961	-.1470588	
  .0001181	 .4901961	-.127451	
  .0001182	 .4901961	-.127451	
  .0001183	 .2941177	-.1470588	
  .0001184	 .2941177	-.1470588	
  .0001185	 .2941177	-.1470588	
  .0001186	 .2941177	-.127451	
  .0001187	 .2941177	-.1470588	
  .0001188	 .2941177	-.1666667	
  .0001189	 .2941177	-.1470588	
  .000119	 .4901961	-.1666667	
  .0001191	 .2941177	-.127451	
  .0001192	 .2941177	-.127451	
  .0001193	 .4901961	-.1470588	
  .0001194	 .4901961	-.1666667	
  .0001195	 .2941177	-.1666667	
  .0001196	 .4901961	-.1666667	
  .0001197	 9.803922E-02	-.1470588	
  .0001198	 .4901961	-.1470588	
  .0001199	 .2941177	-.1666667	
  .00012	 .4901961	-.127451	
  .0001201	 .4901961	-.1470588	
  .0001202	 .4901961	-.1470588	
  .0001203	 .4901961	-.1470588	
  .0001204	 .2941177	-.1666667	
  .0001205	 .2941177	-.1470588	
  .0001206	 .2941177	-.1666667	
  .0001207	 .4901961	-.1666667	
  .0001208	 .2941177	-.1666667	
  .0001209	 .2941177	-.1470588	
  .000121	 .2941177	-.1470588	
  .0001211	 .2941177	-.1666667	
  .0001212	 .2941177	-.1470588	
  .0001213	 .2941177	-.1666667	
  .0001214	 9.803922E-02	-.1666667	
  .0001215	 .2941177	-.1666667	
  .0001216	 .2941177	-.1666667	
  .0001217	 .2941177	-.1470588	
  .0001218	 .2941177	-.1666667	
  .0001219	 9.803922E-02	-.1666667	
  .000122	 9.803922E-02	-.1666667	
  .0001221	 .2941177	-.1666667	
  .0001222	 9.803922E-02	-.1470588	
  .0001223	 .2941177	-.1666667	
  .0001224	 9.803922E-02	-.1862745	
  .0001225	 .2941177	-.1666667	
  .0001226	 .2941177	-.2058824	
  .0001227	 .2941177	-.1862745	
  .0001228	 .2941177	-.1666667	
  .0001229	 9.803922E-02	-.1666667	
  .000123	 9.803922E-02	-.1862745	
  .0001231	 9.803922E-02	-.1862745	
  .0001232	 .2941177	-.1666667	
  .0001233	 .4901961	-.1470588	
  .0001234	 .2941177	-.1470588	
  .0001235	 .4901961	-.1666667	
  .0001236	 .2941177	-.1666667	
  .0001237	 .2941177	-.1862745	
  .0001238	 .2941177	-.1666667	
  .0001239	 9.803922E-02	-.2058824	
  .000124	 9.803922E-02	-.1666667	
  .0001241	 9.803922E-02	-.1862745	
  .0001242	 9.803922E-02	-.1666667	
  .0001243	 9.803922E-02	-.2058824	
  .0001244	 .4901961	-.1666667	
  .0001245	 .2941177	-.1862745	
  .0001246	 .4901961	-.1666667	
  .0001247	 9.803922E-02	-.1666667	
  .0001248	 .2941177	-.1862745	
  .0001249	 .4901961	-.1862745	
  .000125	 .4901961	-.2058824	
  .0001251	 .2941177	-.2058824	
  .0001252	 9.803922E-02	-.1862745	
  .0001253	 .2941177	-.1862745	
  .0001254	 .2941177	-.1666667	
  .0001255	 .2941177	-.1862745	
  .0001256	-9.803922E-02	-.1862745	
  .0001257	 .2941177	-.1862745	
  .0001258	 .2941177	-.1862745	
  .0001259	 .2941177	-.1666667	
  .000126	 .2941177	-.2058824	
  .0001261	 9.803922E-02	-.2058824	
  .0001262	 .2941177	-.2058824	
  .0001263	 .2941177	-.1862745	
  .0001264	 .4901961	-.2254902	
  .0001265	 .2941177	-.2058824	
  .0001266	 .4901961	-.2058824	
  .0001267	 .2941177	-.2058824	
  .0001268	 .2941177	-.2058824	
  .0001269	 .2941177	-.1862745	
  .000127	 .2941177	-.2058824	
  .0001271	 .2941177	-.2058824	
  .0001272	 .2941177	-.2058824	
  .0001273	 .2941177	-.2058824	
  .0001274	 .2941177	-.2058824	
  .0001275	 .2941177	-.2254902	
  .0001276	 .2941177	-.2058824	
  .0001277	 .4901961	-.2058824	
  .0001278	 .2941177	-.2254902	
  .0001279	 .2941177	-.2254902	
  .000128	 .2941177	-.2058824	
  .0001281	 9.803922E-02	-.2058824	
  .0001282	 9.803922E-02	-.2058824	
  .0001283	 .2941177	-.1862745	
  .0001284	 9.803922E-02	-.2058824	
  .0001285	 .2941177	-.2058824	
  .0001286	 .2941177	-.2254902	
  .0001287	 9.803922E-02	-.2058824	
  .0001288	 .2941177	-.2058824	
  .0001289	 .2941177	-.2058824	
  .000129	 .4901961	-.2254902	
  .0001291	 9.803922E-02	-.2058824	
  .0001292	 .4901961	-.2058824	
  .0001293	 .2941177	-.2058824	
  .0001294	 .2941177	-.2058824	
  .0001295	 .2941177	-.2254902	
  .0001296	 .2941177	-.2058824	
  .0001297	 9.803922E-02	-.2254902	
  .0001298	 9.803922E-02	-.2254902	
  .0001299	 .4901961	-.2254902	
  .00013	 .2941177	-.2254902	
  .0001301	 .2941177	-.2058824	
  .0001302	 9.803922E-02	-.2254902	
  .0001303	 .2941177	-.2254902	
  .0001304	 9.803922E-02	-.2254902	
  .0001305	 .4901961	-.2254902	
  .0001306	 .4901961	-.2254902	
  .0001307	 .2941177	-.2254902	
  .0001308	 .2941177	-.2254902	
  .0001309	 .4901961	-.2254902	
  .000131	 .2941177	-.2254902	
  .0001311	 .2941177	-.2254902	
  .0001312	 .2941177	-.2254902	
  .0001313	 9.803922E-02	-.2254902	
  .0001314	 9.803922E-02	-.2254902	
  .0001315	 .2941177	-.2254902	
  .0001316	 .2941177	-.2058824	
  .0001317	 .2941177	-.2254902	
  .0001318	 .2941177	-.2254902	
  .0001319	 .2941177	-.2254902	
  .000132	 9.803922E-02	-.2058824	
  .0001321	 .2941177	-.2254902	
  .0001322	 .2941177	-.245098	
  .0001323	 9.803922E-02	-.2254902	
  .0001324	 .2941177	-.2254902	
  .0001325	 .2941177	-.245098	
  .0001326	 .2941177	-.2058824	
  .0001327	 .2941177	-.245098	
  .0001328	 .2941177	-.245098	
  .0001329	 .2941177	-.2254902	
  .000133	 .2941177	-.245098	
  .0001331	 9.803922E-02	-.2254902	
  .0001332	 .4901961	-.2254902	
  .0001333	 9.803922E-02	-.245098	
  .0001334	 .2941177	-.245098	
  .0001335	 .2941177	-.2254902	
  .0001336	 .2941177	-.245098	
  .0001337	 .2941177	-.245098	
  .0001338	 .2941177	-.245098	
  .0001339	 .2941177	-.2254902	
  .000134	 .2941177	-.2254902	
  .0001341	 9.803922E-02	-.245098	
  .0001342	 .2941177	-.2254902	
  .0001343	 .2941177	-.2254902	
  .0001344	 .2941177	-.245098	
  .0001345	 .2941177	-.2254902	
  .0001346	 9.803922E-02	-.2254902	
  .0001347	 .2941177	-.245098	
  .0001348	 .2941177	-.2647059	
  .0001349	 .2941177	-.2647059	
  .000135	 9.803922E-02	-.2647059	
  .0001351	 9.803922E-02	-.245098	
  .0001352	 .2941177	-.245098	
  .0001353	 .2941177	-.2254902	
  .0001354	 .4901961	-.245098	
  .0001355	 9.803922E-02	-.245098	
  .0001356	 9.803922E-02	-.2647059	
  .0001357	 .2941177	-.245098	
  .0001358	 .2941177	-.2254902	
  .0001359	 .2941177	-.2647059	
  .000136	 .2941177	-.2647059	
  .0001361	 .2941177	-.2647059	
  .0001362	 .2941177	-.2647059	
  .0001363	 .2941177	-.2647059	
  .0001364	 9.803922E-02	-.2647059	
  .0001365	 .2941177	-.245098	
  .0001366	 .2941177	-.245098	
  .0001367	 .2941177	-.245098	
  .0001368	 .2941177	-.245098	
  .0001369	 9.803922E-02	-.245098	
  .000137	 .2941177	-.245098	
  .0001371	 .4901961	-.2647059	
  .0001372	 .2941177	-.2647059	
  .0001373	 .4901961	-.2647059	
  .0001374	 .2941177	-.2647059	
  .0001375	 .2941177	-.2647059	
  .0001376	 .2941177	-.245098	
  .0001377	 9.803922E-02	-.2647059	
  .0001378	 9.803922E-02	-.2647059	
  .0001379	 .2941177	-.245098	
  .000138	 .2941177	-.2647059	
  .0001381	 9.803922E-02	-.245098	
  .0001382	 .2941177	-.2843137	
  .0001383	 9.803922E-02	-.2843137	
  .0001384	 .2941177	-.2843137	
  .0001385	 .4901961	-.2843137	
  .0001386	 9.803922E-02	-.2647059	
  .0001387	 9.803922E-02	-.2647059	
  .0001388	 .4901961	-.2647059	
  .0001389	 .2941177	-.2647059	
  .000139	 9.803922E-02	-.2647059	
  .0001391	 .2941177	-.2647059	
  .0001392	 .2941177	-.2843137	
  .0001393	 .2941177	-.2843137	
  .0001394	 .2941177	-.2843137	
  .0001395	 .2941177	-.2647059	
  .0001396	 .4901961	-.2647059	
  .0001397	 9.803922E-02	-.2647059	
  .0001398	 .2941177	-.2843137	
  .0001399	 .4901961	-.2647059	
  .00014	 .2941177	-.2647059	
  .0001401	 .4901961	-.2843137	
  .0001402	 .2941177	-.2647059	
  .0001403	 9.803922E-02	-.2843137	
  .0001404	 .4901961	-.2647059	
  .0001405	 .4901961	-.2647059	
  .0001406	 .2941177	-.2843137	
  .0001407	 .2941177	-.2843137	
  .0001408	 .2941177	-.2647059	
  .0001409	 .2941177	-.2843137	
  .000141	 .2941177	-.2647059	
  .0001411	 .2941177	-.2843137	
  .0001412	 9.803922E-02	-.2843137	
  .0001413	 .2941177	-.2647059	
  .0001414	 .2941177	-.2843137	
  .0001415	 .4901961	-.2647059	
  .0001416	 .4901961	-.2647059	
  .0001417	 9.803922E-02	-.2647059	
  .0001418	 9.803922E-02	-.2843137	
  .0001419	 9.803922E-02	-.2843137	
  .000142	 .2941177	-.2843137	
  .0001421	 .2941177	-.2647059	
  .0001422	 9.803922E-02	-.2843137	
  .0001423	 .2941177	-.2843137	
  .0001424	 .2941177	-.2843137	
  .0001425	 9.803922E-02	-.3039216	
  .0001426	 9.803922E-02	-.2843137	
  .0001427	 9.803922E-02	-.2647059	
  .0001428	 9.803922E-02	-.3039216	
  .0001429	 .4901961	-.3039216	
  .000143	 .2941177	-.2843137	
  .0001431	 .2941177	-.245098	
  .0001432	 .2941177	-.2843137	
  .0001433	 .2941177	-.2843137	
  .0001434	 .4901961	-.2843137	
  .0001435	 .2941177	-.3039216	
  .0001436	 .2941177	-.2843137	
  .0001437	 .2941177	-.2843137	
  .0001438	 9.803922E-02	-.3039216	
  .0001439	 .2941177	-.2843137	
  .000144	 .4901961	-.2843137	
  .0001441	 .2941177	-.2843137	
  .0001442	 .2941177	-.2843137	
  .0001443	 9.803922E-02	-.2647059	
  .0001444	 .2941177	-.2843137	
  .0001445	 9.803922E-02	-.2843137	
  .0001446	 .4901961	-.2843137	
  .0001447	 .2941177	-.3039216	
  .0001448	 .2941177	-.2843137	
  .0001449	 9.803922E-02	-.2843137	
  .000145	 9.803922E-02	-.2843137	
  .0001451	 .2941177	-.3235294	
  .0001452	 .2941177	-.3039216	
  .0001453	 .2941177	-.3039216	
  .0001454	 9.803922E-02	-.2843137	
  .0001455	 9.803922E-02	-.3039216	
  .0001456	 .2941177	-.3039216	
  .0001457	 .2941177	-.2843137	
  .0001458	 .2941177	-.3235294	
  .0001459	 9.803922E-02	-.3039216	
  .000146	 .2941177	-.3039216	
  .0001461	 .2941177	-.3039216	
  .0001462	 .2941177	-.3039216	
  .0001463	 .2941177	-.3235294	
  .0001464	 .2941177	-.2843137	
  .0001465	 .2941177	-.3235294	
  .0001466	 .2941177	-.2647059	
  .0001467	 .2941177	-.2843137	
  .0001468	 .2941177	-.3039216	
  .0001469	 9.803922E-02	-.2843137	
  .000147	 .2941177	-.3039216	
  .0001471	 .4901961	-.3039216	
  .0001472	 .4901961	-.2647059	
  .0001473	 .2941177	-.3039216	
  .0001474	 9.803922E-02	-.3039216	
  .0001475	 9.803922E-02	-.2843137	
  .0001476	 9.803922E-02	-.2843137	
  .0001477	 9.803922E-02	-.2843137	
  .0001478	 9.803922E-02	-.2843137	
  .0001479	 .2941177	-.3039216	
  .000148	 9.803922E-02	-.3039216	
  .0001481	 9.803922E-02	-.2843137	
  .0001482	 9.803922E-02	-.2843137	
  .0001483	 .2941177	-.2843137	
  .0001484	 9.803922E-02	-.3039216	
  .0001485	 9.803922E-02	-.3235294	
  .0001486	 .2941177	-.3039216	
  .0001487	 .2941177	-.2843137	
  .0001488	 .2941177	-.3039216	
  .0001489	 9.803922E-02	-.2843137	
  .000149	 .4901961	-.2843137	
  .0001491	 .2941177	-.3039216	
  .0001492	 9.803922E-02	-.3039216	
  .0001493	 .2941177	-.3235294	
  .0001494	 9.803922E-02	-.2843137	
  .0001495	 9.803922E-02	-.2843137	
  .0001496	 9.803922E-02	-.3039216	
  .0001497	 .4901961	-.3039216	
  .0001498	 9.803922E-02	-.2843137	
  .0001499	 .2941177	-.3039216	
  .00015	 .2941177	-.2843137	
  .0001501	 9.803922E-02	-.2843137	
  .0001502	 9.803922E-02	-.3039216	
  .0001503	 .2941177	-.3039216	
  .0001504	 .2941177	-.3039216	
  .0001505	 .2941177	-.3039216	
  .0001506	 .2941177	-.2843137	
  .0001507	 9.803922E-02	-.2843137	
  .0001508	 9.803922E-02	-.3039216	
  .0001509	 9.803922E-02	-.3039216	
  .000151	 .2941177	-.3039216	
  .0001511	 9.803922E-02	-.2843137	
  .0001512	 .2941177	-.3039216	
  .0001513	 .2941177	-.3039216	
  .0001514	 .2941177	-.2843137	
  .0001515	 .2941177	-.3039216	
  .0001516	 9.803922E-02	-.2843137	
  .0001517	 .2941177	-.3039216	
  .0001518	 9.803922E-02	-.2843137	
  .0001519	 9.803922E-02	-.3039216	
  .000152	 9.803922E-02	-.3039216	
  .0001521	 9.803922E-02	-.3039216	
  .0001522	 .2941177	-.3039216	
  .0001523	 9.803922E-02	-.3039216	
  .0001524	 .2941177	-.3039216	
  .0001525	 9.803922E-02	-.3039216	
  .0001526	 9.803922E-02	-.3039216	
  .0001527	 9.803922E-02	-.3039216	
  .0001528	 .2941177	-.3039216	
  .0001529	 .2941177	-.3039216	
  .000153	 .2941177	-.2843137	
  .0001531	 .2941177	-.2843137	
  .0001532	 9.803922E-02	-.3039216	
  .0001533	 .4901961	-.3039216	
  .0001534	 .2941177	-.2843137	
  .0001535	 9.803922E-02	-.2843137	
  .0001536	 .2941177	-.3039216	
  .0001537	 .2941177	-.3039216	
  .0001538	-9.803922E-02	-.3039216	
  .0001539	 9.803922E-02	-.3039216	
  .000154	 9.803922E-02	-.3039216	
  .0001541	 .2941177	-.3235294	
  .0001542	 .2941177	-.2843137	
  .0001543	 .4901961	-.3235294	
  .0001544	 9.803922E-02	-.2843137	
  .0001545	 .2941177	-.3039216	
  .0001546	 .2941177	-.3039216	
  .0001547	 .2941177	-.3235294	
  .0001548	 9.803922E-02	-.3039216	
  .0001549	 9.803922E-02	-.3039216	
  .000155	 .4901961	-.3235294	
  .0001551	 9.803922E-02	-.2843137	
  .0001552	 9.803922E-02	-.3039216	
  .0001553	 9.803922E-02	-.3235294	
  .0001554	-9.803922E-02	-.2843137	
  .0001555	 9.803922E-02	-.3039216	
  .0001556	 .2941177	-.3039216	
  .0001557	 .2941177	-.2843137	
  .0001558	 9.803922E-02	-.3235294	
  .0001559	 9.803922E-02	-.3235294	
  .000156	 .2941177	-.3039216	
  .0001561	 9.803922E-02	-.3039216	
  .0001562	 9.803922E-02	-.3039216	
  .0001563	 .2941177	-.2843137	
  .0001564	 .2941177	-.3039216	
  .0001565	 .2941177	-.3039216	
  .0001566	 .2941177	-.3039216	
  .0001567	 9.803922E-02	-.3039216	
  .0001568	 9.803922E-02	-.3039216	
  .0001569	 .2941177	-.3039216	
  .000157	 .2941177	-.3039216	
  .0001571	 .2941177	-.3235294	
  .0001572	 .2941177	-.3235294	
  .0001573	 9.803922E-02	-.2843137	
  .0001574	 9.803922E-02	-.3235294	
  .0001575	 9.803922E-02	-.3039216	
  .0001576	 9.803922E-02	-.3235294	
  .0001577	 9.803922E-02	-.3039216	
  .0001578	 .2941177	-.3235294	
  .0001579	 9.803922E-02	-.3039216	
  .000158	 .2941177	-.3039216	
  .0001581	-9.803922E-02	-.3235294	
  .0001582	 9.803922E-02	-.3235294	
  .0001583	 9.803922E-02	-.3235294	
  .0001584	 9.803922E-02	-.3235294	
  .0001585	 .2941177	-.3039216	
  .0001586	 9.803922E-02	-.3039216	
  .0001587	 9.803922E-02	-.3235294	
  .0001588	-9.803922E-02	-.3039216	
  .0001589	 .2941177	-.3039216	
  .000159	 .2941177	-.3235294	
  .0001591	 9.803922E-02	-.3039216	
  .0001592	 9.803922E-02	-.3039216	
  .0001593	 9.803922E-02	-.3235294	
  .0001594	 9.803922E-02	-.3039216	
  .0001595	 9.803922E-02	-.3039216	
  .0001596	 .2941177	-.3039216	
  .0001597	 9.803922E-02	-.3039216	
  .0001598	 9.803922E-02	-.3039216	
  .0001599	 .2941177	-.3039216	
  .00016	 9.803922E-02	-.3039216	
  .0001601	 9.803922E-02	-.3039216	
  .0001602	 9.803922E-02	-.3039216	
  .0001603	 .4901961	-.3431373	
  .0001604	 9.803922E-02	-.3039216	
  .0001605	 9.803922E-02	-.3235294	
  .0001606	-9.803922E-02	-.3039216	
  .0001607	 9.803922E-02	-.3039216	
  .0001608	 9.803922E-02	-.3039216	
  .0001609	 9.803922E-02	-.3235294	
  .000161	 9.803922E-02	-.3235294	
  .0001611	 9.803922E-02	-.3039216	
  .0001612	 9.803922E-02	-.3235294	
  .0001613	 .2941177	-.3235294	
  .0001614	 .2941177	-.3235294	
  .0001615	 9.803922E-02	-.3039216	
  .0001616	 .2941177	-.3039216	
  .0001617	 9.803922E-02	-.3039216	
  .0001618	 9.803922E-02	-.3039216	
  .0001619	 9.803922E-02	-.3235294	
  .000162	-.2941177	-.3235294	
  .0001621	-9.803922E-02	-.3235294	
  .0001622	 .2941177	-.3235294	
  .0001623	 .2941177	-.3039216	
  .0001624	 9.803922E-02	-.3235294	
  .0001625	 .2941177	-.3039216	
  .0001626	 9.803922E-02	-.3235294	
  .0001627	 .2941177	-.3235294	
  .0001628	 9.803922E-02	-.3235294	
  .0001629	 .2941177	-.3039216	
  .000163	 .2941177	-.3039216	
  .0001631	 .2941177	-.3235294	
  .0001632	 9.803922E-02	-.3235294	
  .0001633	 .2941177	-.3235294	
  .0001634	 9.803922E-02	-.3235294	
  .0001635	 9.803922E-02	-.3235294	
  .0001636	-9.803922E-02	-.3235294	
  .0001637	 .2941177	-.3235294	
  .0001638	 9.803922E-02	-.3235294	
  .0001639	 9.803922E-02	-.3235294	
  .000164	 .2941177	-.3235294	
  .0001641	 9.803922E-02	-.3039216	
  .0001642	 .2941177	-.3039216	
  .0001643	 .2941177	-.3039216	
  .0001644	 9.803922E-02	-.3235294	
  .0001645	 9.803922E-02	-.3235294	
  .0001646	 .2941177	-.3235294	
  .0001647	 9.803922E-02	-.3431373	
  .0001648	-9.803922E-02	-.3235294	
  .0001649	 9.803922E-02	-.3235294	
  .000165	 9.803922E-02	-.2843137	
  .0001651	 .2941177	-.3235294	
  .0001652	-9.803922E-02	-.3039216	
  .0001653	 9.803922E-02	-.3431373	
  .0001654	 .2941177	-.3235294	
  .0001655	 .2941177	-.2843137	
  .0001656	 .2941177	-.3235294	
  .0001657	-9.803922E-02	-.3235294	
  .0001658	 9.803922E-02	-.3039216	
  .0001659	 9.803922E-02	-.3235294	
  .000166	 9.803922E-02	-.3431373	
  .0001661	 9.803922E-02	-.3039216	
  .0001662	 .2941177	-.3039216	
  .0001663	 9.803922E-02	-.2843137	
  .0001664	 .2941177	-.3235294	
  .0001665	 .2941177	-.3235294	
  .0001666	-9.803922E-02	-.3235294	
  .0001667	 9.803922E-02	-.3039216	
  .0001668	 9.803922E-02	-.3235294	
  .0001669	 .2941177	-.3235294	
  .000167	 .2941177	-.3235294	
  .0001671	 .2941177	-.3235294	
  .0001672	 9.803922E-02	-.3039216	
  .0001673	 9.803922E-02	-.3235294	
  .0001674	 9.803922E-02	-.3235294	
  .0001675	-9.803922E-02	-.3235294	
  .0001676	 9.803922E-02	-.3039216	
  .0001677	-9.803922E-02	-.3235294	
  .0001678	 9.803922E-02	-.3039216	
  .0001679	 9.803922E-02	-.3039216	
  .000168	 9.803922E-02	-.3235294	
  .0001681	 9.803922E-02	-.3235294	
  .0001682	 9.803922E-02	-.3039216	
  .0001683	 9.803922E-02	-.3431373	
  .0001684	 .2941177	-.3235294	
  .0001685	 .2941177	-.3039216	
  .0001686	 9.803922E-02	-.3039216	
  .0001687	-9.803922E-02	-.3039216	
  .0001688	 .2941177	-.3235294	
  .0001689	 .2941177	-.3039216	
  .000169	 .2941177	-.3235294	
  .0001691	 .2941177	-.3235294	
  .0001692	 9.803922E-02	-.3235294	
  .0001693	 9.803922E-02	-.3235294	
  .0001694	-9.803922E-02	-.3431373	
  .0001695	 .2941177	-.3235294	
  .0001696	 9.803922E-02	-.3235294	
  .0001697	 9.803922E-02	-.3039216	
  .0001698	 .2941177	-.3235294	
  .0001699	 9.803922E-02	-.3039216	
  .00017	 9.803922E-02	-.3235294	
  .0001701	 9.803922E-02	-.3039216	
  .0001702	 .4901961	-.3431373	
  .0001703	 9.803922E-02	-.3039216	
  .0001704	 9.803922E-02	-.3235294	
  .0001705	-9.803922E-02	-.3235294	
  .0001706	 9.803922E-02	-.3235294	
  .0001707	 9.803922E-02	-.3235294	
  .0001708	 9.803922E-02	-.3039216	
  .0001709	-9.803922E-02	-.3039216	
  .000171	 9.803922E-02	-.3039216	
  .0001711	 9.803922E-02	-.3235294	
  .0001712	 .2941177	-.2843137	
  .0001713	 .2941177	-.3235294	
  .0001714	 9.803922E-02	-.3039216	
  .0001715	 9.803922E-02	-.3039216	
  .0001716	-9.803922E-02	-.3039216	
  .0001717	 9.803922E-02	-.3039216	
  .0001718	 9.803922E-02	-.3235294	
  .0001719	-9.803922E-02	-.3235294	
  .000172	 9.803922E-02	-.3235294	
  .0001721	 9.803922E-02	-.3235294	
  .0001722	 9.803922E-02	-.3235294	
  .0001723	 9.803922E-02	-.3235294	
  .0001724	 .2941177	-.3039216	
  .0001725	 9.803922E-02	-.3039216	
  .0001726	 9.803922E-02	-.3235294	
  .0001727	 9.803922E-02	-.3235294	
  .0001728	 .2941177	-.3039216	
  .0001729	 9.803922E-02	-.3039216	
  .000173	 9.803922E-02	-.3235294	
  .0001731	 .2941177	-.3039216	
  .0001732	 .2941177	-.3235294	
  .0001733	 9.803922E-02	-.3039216	
  .0001734	 .2941177	-.3039216	
  .0001735	-9.803922E-02	-.3235294	
  .0001736	 9.803922E-02	-.3235294	
  .0001737	 9.803922E-02	-.3235294	
  .0001738	-9.803922E-02	-.3039216	
  .0001739	 .2941177	-.3039216	
  .000174	-9.803922E-02	-.3039216	
  .0001741	 .2941177	-.3235294	
  .0001742	 .2941177	-.3039216	
  .0001743	 9.803922E-02	-.3235294	
  .0001744	 9.803922E-02	-.3039216	
  .0001745	 9.803922E-02	-.3039216	
  .0001746	 9.803922E-02	-.3235294	
  .0001747	-9.803922E-02	-.3039216	
  .0001748	 .2941177	-.3235294	
  .0001749	 9.803922E-02	-.2843137	
  .000175	 9.803922E-02	-.3235294	
  .0001751	-9.803922E-02	-.3235294	
  .0001752	-9.803922E-02	-.3039216	
  .0001753	 9.803922E-02	-.3235294	
  .0001754	 9.803922E-02	-.3039216	
  .0001755	 .2941177	-.3039216	
  .0001756	 9.803922E-02	-.3235294	
  .0001757	-9.803922E-02	-.3039216	
  .0001758	 9.803922E-02	-.3235294	
  .0001759	 .2941177	-.3235294	
  .000176	 9.803922E-02	-.3235294	
  .0001761	 .2941177	-.3039216	
  .0001762	 .2941177	-.2843137	
  .0001763	 9.803922E-02	-.3039216	
  .0001764	-9.803922E-02	-.3235294	
  .0001765	 9.803922E-02	-.3039216	
  .0001766	 9.803922E-02	-.3039216	
  .0001767	 9.803922E-02	-.3235294	
  .0001768	 9.803922E-02	-.3235294	
  .0001769	 .2941177	-.3039216	
  .000177	 .2941177	-.3235294	
  .0001771	 9.803922E-02	-.3039216	
  .0001772	 9.803922E-02	-.3039216	
  .0001773	 9.803922E-02	-.3039216	
  .0001774	-9.803922E-02	-.3039216	
  .0001775	-9.803922E-02	-.3039216	
  .0001776	 9.803922E-02	-.3235294	
  .0001777	-9.803922E-02	-.3039216	
  .0001778	 9.803922E-02	-.2843137	
  .0001779	-9.803922E-02	-.3039216	
  .000178	 9.803922E-02	-.3039216	
  .0001781	 9.803922E-02	-.3235294	
  .0001782	-9.803922E-02	-.3235294	
  .0001783	 9.803922E-02	-.3039216	
  .0001784	 9.803922E-02	-.2843137	
  .0001785	 9.803922E-02	-.3039216	
  .0001786	-9.803922E-02	-.2843137	
  .0001787	 .2941177	-.3235294	
  .0001788	 .2941177	-.3039216	
  .0001789	 9.803922E-02	-.3039216	
  .000179	-9.803922E-02	-.3235294	
  .0001791	 9.803922E-02	-.3039216	
  .0001792	 9.803922E-02	-.3039216	
  .0001793	-9.803922E-02	-.3039216	
  .0001794	 .4901961	-.3039216	
  .0001795	 9.803922E-02	-.3235294	
  .0001796	 9.803922E-02	-.3039216	
  .0001797	 9.803922E-02	-.3039216	
  .0001798	 .2941177	-.3039216	
  .0001799	-9.803922E-02	-.3039216	
  .00018	 .2941177	-.2843137	
  .0001801	 .4901961	-.3039216	
  .0001802	 9.803922E-02	-.3039216	
  .0001803	 .2941177	-.3039216	
  .0001804	 9.803922E-02	-.3039216	
  .0001805	 9.803922E-02	-.2843137	
  .0001806	 9.803922E-02	-.3039216	
  .0001807	 .2941177	-.3039216	
  .0001808	-9.803922E-02	-.3039216	
  .0001809	 9.803922E-02	-.3039216	
  .000181	 9.803922E-02	-.3039216	
  .0001811	 9.803922E-02	-.2843137	
  .0001812	 .2941177	-.3039216	
  .0001813	 9.803922E-02	-.2843137	
  .0001814	 9.803922E-02	-.2843137	
  .0001815	-9.803922E-02	-.2843137	
  .0001816	 9.803922E-02	-.3039216	
  .0001817	 9.803922E-02	-.3039216	
  .0001818	-9.803922E-02	-.3039216	
  .0001819	-9.803922E-02	-.3039216	
  .000182	-9.803922E-02	-.3039216	
  .0001821	 9.803922E-02	-.3039216	
  .0001822	 9.803922E-02	-.3039216	
  .0001823	 9.803922E-02	-.3039216	
  .0001824	-9.803922E-02	-.3039216	
  .0001825	 .2941177	-.3039216	
  .0001826	-9.803922E-02	-.2843137	
  .0001827	 9.803922E-02	-.2843137	
  .0001828	 9.803922E-02	-.2843137	
  .0001829	 9.803922E-02	-.3039216	
  .000183	 9.803922E-02	-.2843137	
  .0001831	 9.803922E-02	-.3039216	
  .0001832	-9.803922E-02	-.3039216	
  .0001833	 9.803922E-02	-.3235294	
  .0001834	 9.803922E-02	-.3039216	
  .0001835	 9.803922E-02	-.3039216	
  .0001836	 9.803922E-02	-.3039216	
  .0001837	 9.803922E-02	-.3039216	
  .0001838	 9.803922E-02	-.2843137	
  .0001839	 9.803922E-02	-.3039216	
  .000184	 .2941177	-.3039216	
  .0001841	-9.803922E-02	-.2843137	
  .0001842	 .2941177	-.2843137	
  .0001843	 9.803922E-02	-.2843137	
  .0001844	 9.803922E-02	-.3039216	
  .0001845	-9.803922E-02	-.3039216	
  .0001846	-9.803922E-02	-.2843137	
  .0001847	 9.803922E-02	-.3039216	
  .0001848	 9.803922E-02	-.2647059	
  .0001849	 .2941177	-.3039216	
  .000185	 9.803922E-02	-.3039216	
  .0001851	 9.803922E-02	-.3039216	
  .0001852	 .2941177	-.3039216	
  .0001853	 .2941177	-.2843137	
  .0001854	-9.803922E-02	-.2843137	
  .0001855	-9.803922E-02	-.3235294	
  .0001856	-9.803922E-02	-.3039216	
  .0001857	 9.803922E-02	-.3039216	
  .0001858	 9.803922E-02	-.3039216	
  .0001859	-9.803922E-02	-.3039216	
  .000186	 .2941177	-.2843137	
  .0001861	 .2941177	-.2843137	
  .0001862	 9.803922E-02	-.3039216	
  .0001863	 9.803922E-02	-.3039216	
  .0001864	 9.803922E-02	-.3039216	
  .0001865	-9.803922E-02	-.2843137	
  .0001866	 .2941177	-.3039216	
  .0001867	 .2941177	-.2843137	
  .0001868	 .2941177	-.2843137	
  .0001869	 .2941177	-.2843137	
  .000187	-9.803922E-02	-.2647059	
  .0001871	 9.803922E-02	-.2843137	
  .0001872	-9.803922E-02	-.2843137	
  .0001873	-9.803922E-02	-.3039216	
  .0001874	 .2941177	-.2843137	
  .0001875	 9.803922E-02	-.2843137	
  .0001876	 9.803922E-02	-.2843137	
  .0001877	 9.803922E-02	-.2843137	
  .0001878	-9.803922E-02	-.3039216	
  .0001879	 .2941177	-.3039216	
  .000188	 9.803922E-02	-.2843137	
  .0001881	-9.803922E-02	-.2843137	
  .0001882	 9.803922E-02	-.2843137	
  .0001883	 .2941177	-.3039216	
  .0001884	 .2941177	-.2843137	
  .0001885	-9.803922E-02	-.2843137	
  .0001886	 9.803922E-02	-.2843137	
  .0001887	 9.803922E-02	-.3039216	
  .0001888	 9.803922E-02	-.2647059	
  .0001889	 9.803922E-02	-.3039216	
  .000189	-9.803922E-02	-.2843137	
  .0001891	 9.803922E-02	-.3039216	
  .0001892	-9.803922E-02	-.2843137	
  .0001893	 .2941177	-.2843137	
  .0001894	 9.803922E-02	-.2843137	
  .0001895	-9.803922E-02	-.3039216	
  .0001896	 .4901961	-.2843137	
  .0001897	 9.803922E-02	-.2843137	
  .0001898	 9.803922E-02	-.2647059	
  .0001899	 9.803922E-02	-.2843137	
  .00019	 .2941177	-.2843137	
  .0001901	 .2941177	-.2843137	
  .0001902	 9.803922E-02	-.2843137	
  .0001903	-9.803922E-02	-.2843137	
  .0001904	-9.803922E-02	-.2843137	
  .0001905	 9.803922E-02	-.2843137	
  .0001906	 9.803922E-02	-.2843137	
  .0001907	 9.803922E-02	-.2843137	
  .0001908	 9.803922E-02	-.2843137	
  .0001909	 9.803922E-02	-.2647059	
  .000191	 9.803922E-02	-.2647059	
  .0001911	 9.803922E-02	-.2843137	
  .0001912	-9.803922E-02	-.2647059	
  .0001913	 9.803922E-02	-.2843137	
  .0001914	-9.803922E-02	-.2647059	
  .0001915	 9.803922E-02	-.2647059	
  .0001916	 9.803922E-02	-.2647059	
  .0001917	-.2941177	-.2647059	
  .0001918	-9.803922E-02	-.2843137	
  .0001919	 9.803922E-02	-.2647059	
  .000192	 9.803922E-02	-.2843137	
  .0001921	-9.803922E-02	-.2843137	
  .0001922	 9.803922E-02	-.2843137	
  .0001923	 9.803922E-02	-.2843137	
  .0001924	 9.803922E-02	-.2843137	
  .0001925	 9.803922E-02	-.2647059	
  .0001926	 .2941177	-.2647059	
  .0001927	 9.803922E-02	-.2647059	
  .0001928	 .2941177	-.3039216	
  .0001929	-9.803922E-02	-.2647059	
  .000193	 9.803922E-02	-.2843137	
  .0001931	 .2941177	-.3039216	
  .0001932	 9.803922E-02	-.2843137	
  .0001933	-9.803922E-02	-.2843137	
  .0001934	-9.803922E-02	-.2843137	
  .0001935	 9.803922E-02	-.245098	
  .0001936	 9.803922E-02	-.2647059	
  .0001937	 9.803922E-02	-.2647059	
  .0001938	 9.803922E-02	-.2647059	
  .0001939	 9.803922E-02	-.2647059	
  .000194	 9.803922E-02	-.2647059	
  .0001941	 9.803922E-02	-.245098	
  .0001942	 9.803922E-02	-.2647059	
  .0001943	 9.803922E-02	-.2647059	
  .0001944	-9.803922E-02	-.2647059	
  .0001945	-9.803922E-02	-.2647059	
  .0001946	 9.803922E-02	-.2647059	
  .0001947	 9.803922E-02	-.2647059	
  .0001948	 .2941177	-.2647059	
  .0001949	 9.803922E-02	-.2843137	
  .000195	 9.803922E-02	-.2647059	
  .0001951	 9.803922E-02	-.2647059	
  .0001952	-9.803922E-02	-.2647059	
  .0001953	 9.803922E-02	-.2647059	
  .0001954	 9.803922E-02	-.2843137	
  .0001955	-9.803922E-02	-.2647059	
  .0001956	 9.803922E-02	-.2843137	
  .0001957	 9.803922E-02	-.2843137	
  .0001958	 9.803922E-02	-.2647059	
  .0001959	 .2941177	-.2647059	
  .000196	 .2941177	-.2647059	
  .0001961	 9.803922E-02	-.2647059	
  .0001962	 9.803922E-02	-.245098	
  .0001963	 9.803922E-02	-.2647059	
  .0001964	 .2941177	-.2647059	
  .0001965	 9.803922E-02	-.2843137	
  .0001966	 .2941177	-.2647059	
  .0001967	 .2941177	-.245098	
  .0001968	 9.803922E-02	-.2647059	
  .0001969	 9.803922E-02	-.2647059	
  .000197	-9.803922E-02	-.245098	
  .0001971	-9.803922E-02	-.2647059	
  .0001972	 9.803922E-02	-.2647059	
  .0001973	 9.803922E-02	-.245098	
  .0001974	-9.803922E-02	-.2647059	
  .0001975	-9.803922E-02	-.245098	
  .0001976	-9.803922E-02	-.2254902	
  .0001977	 9.803922E-02	-.2647059	
  .0001978	 .2941177	-.2843137	
  .0001979	-9.803922E-02	-.2647059	
  .000198	-9.803922E-02	-.2647059	
  .0001981	 9.803922E-02	-.245098	
  .0001982	 9.803922E-02	-.245098	
  .0001983	 9.803922E-02	-.2647059	
  .0001984	-9.803922E-02	-.245098	
  .0001985	 .2941177	-.245098	
  .0001986	 9.803922E-02	-.245098	
  .0001987	 9.803922E-02	-.245098	
  .0001988	-9.803922E-02	-.2647059	
  .0001989	-9.803922E-02	-.2647059	
  .000199	 9.803922E-02	-.245098	
  .0001991	-9.803922E-02	-.2647059	
  .0001992	 9.803922E-02	-.245098	
  .0001993	 9.803922E-02	-.245098	
  .0001994	 9.803922E-02	-.245098	
  .0001995	 9.803922E-02	-.245098	
  .0001996	 9.803922E-02	-.245098	
  .0001997	 9.803922E-02	-.2254902	
  .0001998	 .2941177	-.2647059	
  .0001999	 .2941177	-.2647059	
  .0002	 9.803922E-02	-.2647059	
  .0002001	 9.803922E-02	-.245098	
  .0002002	-9.803922E-02	-.2254902	
  .0002003	-9.803922E-02	-.245098	
  .0002004	 9.803922E-02	-.245098	
  .0002005	 9.803922E-02	-.245098	
  .0002006	-9.803922E-02	-.2647059	
  .0002007	 9.803922E-02	-.2254902	
  .0002008	-9.803922E-02	-.245098	
  .0002009	 9.803922E-02	-.2254902	
  .000201	 9.803922E-02	-.2647059	
  .0002011	 9.803922E-02	-.245098	
  .0002012	-9.803922E-02	-.245098	
  .0002013	 9.803922E-02	-.245098	
  .0002014	-9.803922E-02	-.245098	
  .0002015	-9.803922E-02	-.245098	
  .0002016	-9.803922E-02	-.245098	
  .0002017	 9.803922E-02	-.2647059	
  .0002018	-9.803922E-02	-.2647059	
  .0002019	 9.803922E-02	-.245098	
  .000202	 9.803922E-02	-.2647059	
  .0002021	 9.803922E-02	-.245098	
  .0002022	-9.803922E-02	-.245098	
  .0002023	-9.803922E-02	-.245098	
  .0002024	-9.803922E-02	-.245098	
  .0002025	 9.803922E-02	-.2254902	
  .0002026	-9.803922E-02	-.2254902	
  .0002027	 9.803922E-02	-.245098	
  .0002028	 9.803922E-02	-.2254902	
  .0002029	 .2941177	-.2647059	
  .000203	-9.803922E-02	-.2254902	
  .0002031	-9.803922E-02	-.2254902	
  .0002032	-9.803922E-02	-.245098	
  .0002033	-9.803922E-02	-.245098	
  .0002034	 9.803922E-02	-.2254902	
  .0002035	 9.803922E-02	-.245098	
  .0002036	-9.803922E-02	-.2254902	
  .0002037	 9.803922E-02	-.2254902	
  .0002038	 .2941177	-.2254902	
  .0002039	 9.803922E-02	-.2254902	
  .000204	 9.803922E-02	-.245098	
  .0002041	 9.803922E-02	-.2647059	
  .0002042	 9.803922E-02	-.2254902	
  .0002043	 9.803922E-02	-.245098	
  .0002044	-9.803922E-02	-.2254902	
  .0002045	 9.803922E-02	-.245098	
  .0002046	 9.803922E-02	-.2058824	
  .0002047	 9.803922E-02	-.2254902	
  .0002048	-9.803922E-02	-.2254902	
  .0002049	-9.803922E-02	-.2254902	
  .000205	-9.803922E-02	-.245098	
  .0002051	-9.803922E-02	-.2058824	
  .0002052	-9.803922E-02	-.2254902	
  .0002053	 9.803922E-02	-.2254902	
  .0002054	 9.803922E-02	-.2254902	
  .0002055	 9.803922E-02	-.2254902	
  .0002056	 9.803922E-02	-.2254902	
  .0002057	-9.803922E-02	-.245098	
  .0002058	 9.803922E-02	-.2254902	
  .0002059	 9.803922E-02	-.2058824	
  .000206	 9.803922E-02	-.245098	
  .0002061	 9.803922E-02	-.2254902	
  .0002062	-9.803922E-02	-.245098	
  .0002063	 9.803922E-02	-.2058824	
  .0002064	 9.803922E-02	-.2058824	
  .0002065	 9.803922E-02	-.2058824	
  .0002066	 .2941177	-.2254902	
  .0002067	 .2941177	-.245098	
  .0002068	-9.803922E-02	-.2254902	
  .0002069	-9.803922E-02	-.2058824	
  .000207	-9.803922E-02	-.2254902	
  .0002071	 9.803922E-02	-.2254902	
  .0002072	-9.803922E-02	-.1862745	
  .0002073	 9.803922E-02	-.2254902	
  .0002074	 9.803922E-02	-.2254902	
  .0002075	-9.803922E-02	-.2254902	
  .0002076	-9.803922E-02	-.2058824	
  .0002077	 9.803922E-02	-.245098	
  .0002078	 9.803922E-02	-.2254902	
  .0002079	-9.803922E-02	-.2254902	
  .000208	 9.803922E-02	-.2058824	
  .0002081	 9.803922E-02	-.2254902	
  .0002082	 9.803922E-02	-.2058824	
  .0002083	-9.803922E-02	-.2058824	
  .0002084	 9.803922E-02	-.2254902	
  .0002085	-9.803922E-02	-.2058824	
  .0002086	 9.803922E-02	-.2254902	
  .0002087	-9.803922E-02	-.2058824	
  .0002088	 9.803922E-02	-.2058824	
  .0002089	-9.803922E-02	-.2058824	
  .000209	-9.803922E-02	-.2254902	
  .0002091	 .4901961	-.2058824	
  .0002092	 9.803922E-02	-.2058824	
  .0002093	 9.803922E-02	-.2058824	
  .0002094	 9.803922E-02	-.2058824	
  .0002095	-9.803922E-02	-.2058824	
  .0002096	-9.803922E-02	-.2058824	
  .0002097	 9.803922E-02	-.2058824	
  .0002098	 .2941177	-.2254902	
  .0002099	 9.803922E-02	-.2254902	
  .00021	 9.803922E-02	-.2058824	
  .0002101	 9.803922E-02	-.2058824	
  .0002102	 9.803922E-02	-.2058824	
  .0002103	-9.803922E-02	-.1862745	
  .0002104	 9.803922E-02	-.2058824	
  .0002105	-9.803922E-02	-.2058824	
  .0002106	 9.803922E-02	-.1862745	
  .0002107	 9.803922E-02	-.2058824	
  .0002108	-9.803922E-02	-.2058824	
  .0002109	 9.803922E-02	-.2058824	
  .000211	 9.803922E-02	-.1862745	
  .0002111	-9.803922E-02	-.2058824	
  .0002112	-9.803922E-02	-.2058824	
  .0002113	 9.803922E-02	-.1862745	
  .0002114	-9.803922E-02	-.2058824	
  .0002115	-.2941177	-.2058824	
  .0002116	-9.803922E-02	-.2058824	
  .0002117	-9.803922E-02	-.2058824	
  .0002118	-9.803922E-02	-.1862745	
  .0002119	 9.803922E-02	-.2058824	
  .000212	 9.803922E-02	-.1862745	
  .0002121	 9.803922E-02	-.1862745	
  .0002122	 .2941177	-.2058824	
  .0002123	-9.803922E-02	-.1862745	
  .0002124	 9.803922E-02	-.1666667	
  .0002125	 9.803922E-02	-.1862745	
  .0002126	 .2941177	-.2058824	
  .0002127	 9.803922E-02	-.1666667	
  .0002128	 9.803922E-02	-.1862745	
  .0002129	-9.803922E-02	-.1862745	
  .000213	-9.803922E-02	-.1862745	
  .0002131	-9.803922E-02	-.1862745	
  .0002132	 9.803922E-02	-.2058824	
  .0002133	-9.803922E-02	-.1862745	
  .0002134	-9.803922E-02	-.1666667	
  .0002135	 9.803922E-02	-.2058824	
  .0002136	-9.803922E-02	-.1666667	
  .0002137	 9.803922E-02	-.1862745	
  .0002138	-9.803922E-02	-.1862745	
  .0002139	 9.803922E-02	-.1666667	
  .000214	 9.803922E-02	-.1862745	
  .0002141	 9.803922E-02	-.1862745	
  .0002142	 9.803922E-02	-.1862745	
  .0002143	-9.803922E-02	-.1862745	
  .0002144	 9.803922E-02	-.1862745	
  .0002145	 9.803922E-02	-.1862745	
  .0002146	-9.803922E-02	-.1666667	
  .0002147	-9.803922E-02	-.1862745	
  .0002148	-9.803922E-02	-.1862745	
  .0002149	-9.803922E-02	-.1666667	
  .000215	-9.803922E-02	-.1666667	
  .0002151	-9.803922E-02	-.1862745	
  .0002152	-9.803922E-02	-.1862745	
  .0002153	-.2941177	-.1862745	
  .0002154	 9.803922E-02	-.1862745	
  .0002155	 .2941177	-.1862745	
  .0002156	-9.803922E-02	-.1862745	
  .0002157	 9.803922E-02	-.2058824	
  .0002158	 9.803922E-02	-.1666667	
  .0002159	 .2941177	-.1862745	
  .000216	-9.803922E-02	-.1666667	
  .0002161	-9.803922E-02	-.1862745	
  .0002162	 9.803922E-02	-.1666667	
  .0002163	-9.803922E-02	-.1862745	
  .0002164	 9.803922E-02	-.1666667	
  .0002165	 9.803922E-02	-.1862745	
  .0002166	 9.803922E-02	-.2058824	
  .0002167	-9.803922E-02	-.1862745	
  .0002168	 9.803922E-02	-.1862745	
  .0002169	-9.803922E-02	-.1862745	
  .000217	-9.803922E-02	-.1470588	
  .0002171	-9.803922E-02	-.1470588	
  .0002172	-9.803922E-02	-.1862745	
  .0002173	-9.803922E-02	-.1470588	
  .0002174	 9.803922E-02	-.1862745	
  .0002175	-9.803922E-02	-.1666667	
  .0002176	 9.803922E-02	-.1666667	
  .0002177	 9.803922E-02	-.1470588	
  .0002178	-9.803922E-02	-.1666667	
  .0002179	 9.803922E-02	-.1666667	
  .000218	 9.803922E-02	-.1666667	
  .0002181	 9.803922E-02	-.1666667	
  .0002182	-9.803922E-02	-.1470588	
  .0002183	-9.803922E-02	-.1470588	
  .0002184	 9.803922E-02	-.1470588	
  .0002185	 9.803922E-02	-.1666667	
  .0002186	-9.803922E-02	-.1666667	
  .0002187	-9.803922E-02	-.1470588	
  .0002188	 9.803922E-02	-.1666667	
  .0002189	-9.803922E-02	-.1666667	
  .000219	 .2941177	-.1470588	
  .0002191	 9.803922E-02	-.1470588	
  .0002192	 9.803922E-02	-.1666667	
  .0002193	 9.803922E-02	-.1470588	
  .0002194	-9.803922E-02	-.1666667	
  .0002195	-9.803922E-02	-.1470588	
  .0002196	 9.803922E-02	-.1666667	
  .0002197	 9.803922E-02	-.1470588	
  .0002198	 9.803922E-02	-.1666667	
  .0002199	 9.803922E-02	-.1666667	
  .00022	-9.803922E-02	-.1470588	
  .0002201	 9.803922E-02	-.1470588	
  .0002202	 9.803922E-02	-.127451	
  .0002203	 .2941177	-.127451	
  .0002204	 9.803922E-02	-.1470588	
  .0002205	 9.803922E-02	-.1470588	
  .0002206	-9.803922E-02	-.1470588	
  .0002207	-9.803922E-02	-.127451	
  .0002208	 9.803922E-02	-.1470588	
  .0002209	-9.803922E-02	-.1470588	
  .000221	 9.803922E-02	-.1666667	
  .0002211	-9.803922E-02	-.127451	
  .0002212	-9.803922E-02	-.1470588	
  .0002213	-9.803922E-02	-.1470588	
  .0002214	-9.803922E-02	-.1666667	
  .0002215	-9.803922E-02	-.1666667	
  .0002216	 9.803922E-02	-.1470588	
  .0002217	 9.803922E-02	-.1470588	
  .0002218	 9.803922E-02	-.1666667	
  .0002219	 9.803922E-02	-.1470588	
  .000222	 9.803922E-02	-.127451	
  .0002221	-9.803922E-02	-.1470588	
  .0002222	-9.803922E-02	-.1470588	
  .0002223	 9.803922E-02	-.127451	
  .0002224	-9.803922E-02	-.127451	
  .0002225	 9.803922E-02	-.1470588	
  .0002226	 .2941177	-.127451	
  .0002227	 9.803922E-02	-.1470588	
  .0002228	 9.803922E-02	-.127451	
  .0002229	 9.803922E-02	-.127451	
  .000223	-9.803922E-02	-.127451	
  .0002231	 9.803922E-02	-.127451	
  .0002232	-9.803922E-02	-.1470588	
  .0002233	 9.803922E-02	-.1470588	
  .0002234	 9.803922E-02	-.1078431	
  .0002235	 9.803922E-02	-.127451	
  .0002236	 9.803922E-02	-.127451	
  .0002237	 9.803922E-02	-.127451	
  .0002238	 9.803922E-02	-.127451	
  .0002239	 9.803922E-02	-.1470588	
  .000224	 9.803922E-02	-.127451	
  .0002241	-9.803922E-02	-.1470588	
  .0002242	-9.803922E-02	-.127451	
  .0002243	 9.803922E-02	-.1470588	
  .0002244	 9.803922E-02	-.1078431	
  .0002245	 9.803922E-02	-.1470588	
  .0002246	-9.803922E-02	-.127451	
  .0002247	 9.803922E-02	-.1470588	
  .0002248	-9.803922E-02	-.127451	
  .0002249	-9.803922E-02	-.127451	
  .000225	-9.803922E-02	-.127451	
