 -.0000498	 1.176471E-02	-9.803922E-04	
 -.0000496	 3.921569E-03	 9.803922E-04	
 -.0000494	 1.960784E-02	 9.803922E-04	
 -.0000492	 3.921569E-03	 9.803922E-04	
 -.000049	 1.960784E-02	 2.941177E-03	
 -.0000488	 1.176471E-02	 9.803922E-04	
 -.0000486	 1.960784E-02	 2.941177E-03	
 -.0000484	 1.176471E-02	 2.941177E-03	
 -.0000482	 1.960784E-02	 9.803922E-04	
 -.000048	 1.176471E-02	 9.803922E-04	
 -.0000478	 1.960784E-02	 9.803922E-04	
 -.0000476	 3.921569E-03	 2.941177E-03	
 -.0000474	 2.745098E-02	 2.941177E-03	
 -.0000472	 1.176471E-02	 9.803922E-04	
 -.000047	 3.921569E-03	-9.803922E-04	
 -.0000468	 3.921569E-03	-9.803922E-04	
 -.0000466	 3.921569E-03	-9.803922E-04	
 -.0000464	 1.960784E-02	 9.803922E-04	
 -.0000462	 1.960784E-02	 9.803922E-04	
 -.000046	 1.176471E-02	-9.803922E-04	
 -.0000458	 1.176471E-02	 2.941177E-03	
 -.0000456	 1.176471E-02	-9.803922E-04	
 -.0000454	 1.176471E-02	 9.803922E-04	
 -.0000452	 1.176471E-02	 2.941177E-03	
 -.000045	 1.176471E-02	-9.803922E-04	
 -.0000448	 1.960784E-02	 2.941177E-03	
 -.0000446	 3.921569E-03	 2.941177E-03	
 -.0000444	 1.176471E-02	 9.803922E-04	
 -.0000442	 2.745098E-02	 9.803922E-04	
 -.000044	 1.176471E-02	 9.803922E-04	
 -.0000438	 1.176471E-02	 9.803922E-04	
 -.0000436	 1.960784E-02	 9.803922E-04	
 -.0000434	 1.176471E-02	 9.803922E-04	
 -.0000432	-3.921569E-03	-9.803922E-04	
 -.000043	 3.921569E-03	-2.941177E-03	
 -.0000428	 1.176471E-02	 9.803922E-04	
 -.0000426	 1.176471E-02	 9.803922E-04	
 -.0000424	 1.176471E-02	 2.941177E-03	
 -.0000422	 3.921569E-03	 9.803922E-04	
 -.000042	-3.921569E-03	 9.803922E-04	
 -.0000418	 3.921569E-03	-9.803922E-04	
 -.0000416	 3.921569E-03	 2.941177E-03	
 -.0000414	 1.176471E-02	 2.941177E-03	
 -.0000412	 1.176471E-02	 2.941177E-03	
 -.000041	 1.176471E-02	 4.901961E-03	
 -.0000408	 1.960784E-02	-9.803922E-04	
 -.0000406	 1.960784E-02	 9.803922E-04	
 -.0000404	 3.921569E-03	 2.941177E-03	
 -.0000402	 1.176471E-02	 2.941177E-03	
 -.00004	 3.921569E-03	 9.803922E-04	
 -.0000398	 1.176471E-02	-2.941177E-03	
 -.0000396	 1.176471E-02	 9.803922E-04	
 -.0000394	 1.176471E-02	 9.803922E-04	
 -.0000392	 1.960784E-02	 9.803922E-04	
 -.000039	 3.921569E-03	 9.803922E-04	
 -.0000388	 1.176471E-02	 2.941177E-03	
 -.0000386	 1.960784E-02	 9.803922E-04	
 -.0000384	 1.176471E-02	 2.941177E-03	
 -.0000382	 1.176471E-02	 2.941177E-03	
 -.000038	 3.921569E-03	 2.941177E-03	
 -.0000378	 1.960784E-02	 9.803922E-04	
 -.0000376	 3.921569E-03	 9.803922E-04	
 -.0000374	 1.176471E-02	-9.803922E-04	
 -.0000372	 1.176471E-02	 9.803922E-04	
 -.000037	 3.921569E-03	-9.803922E-04	
 -.0000368	 1.176471E-02	-9.803922E-04	
 -.0000366	 3.921569E-03	-9.803922E-04	
 -.0000364	 1.176471E-02	-9.803922E-04	
 -.0000362	 1.176471E-02	 2.941177E-03	
 -.000036	 1.176471E-02	 9.803922E-04	
 -.0000358	 1.176471E-02	 9.803922E-04	
 -.0000356	 3.921569E-03	 2.941177E-03	
 -.0000354	 3.921569E-03	 9.803922E-04	
 -.0000352	 3.921569E-03	 9.803922E-04	
 -.000035	 1.176471E-02	 9.803922E-04	
 -.0000348	 1.176471E-02	 9.803922E-04	
 -.0000346	 1.176471E-02	 9.803922E-04	
 -.0000344	 1.960784E-02	 2.941177E-03	
 -.0000342	 1.176471E-02	 9.803922E-04	
 -.000034	 1.960784E-02	 9.803922E-04	
 -.0000338	 1.176471E-02	 9.803922E-04	
 -.0000336	 3.921569E-03	 9.803922E-04	
 -.0000334	 3.921569E-03	 2.941177E-03	
 -.0000332	 1.176471E-02	 9.803922E-04	
 -.000033	 1.176471E-02	-9.803922E-04	
 -.0000328	 3.921569E-03	 2.941177E-03	
 -.0000326	-3.921569E-03	 2.941177E-03	
 -.0000324	 1.176471E-02	-9.803922E-04	
 -.0000322	 3.921569E-03	 9.803922E-04	
 -.000032	 1.176471E-02	 9.803922E-04	
 -.0000318	 1.960784E-02	 9.803922E-04	
 -.0000316	 1.176471E-02	 9.803922E-04	
 -.0000314	 1.176471E-02	 2.941177E-03	
 -.0000312	 1.176471E-02	 9.803922E-04	
 -.000031	 1.176471E-02	 9.803922E-04	
 -.0000308	 1.176471E-02	 2.941177E-03	
 -.0000306	 1.176471E-02	-9.803922E-04	
 -.0000304	 3.921569E-03	 9.803922E-04	
 -.0000302	 1.176471E-02	 9.803922E-04	
 -.00003	 1.176471E-02	 9.803922E-04	
 -.0000298	 3.921569E-03	 9.803922E-04	
 -.0000296	 1.960784E-02	 2.941177E-03	
 -.0000294	 1.176471E-02	 2.941177E-03	
 -.0000292	 1.960784E-02	 2.941177E-03	
 -.000029	 1.960784E-02	 2.941177E-03	
 -.0000288	 1.176471E-02	 2.941177E-03	
 -.0000286	 1.176471E-02	 2.941177E-03	
 -.0000284	 1.176471E-02	 9.803922E-04	
 -.0000282	 1.960784E-02	 9.803922E-04	
 -.000028	 3.921569E-03	-9.803922E-04	
 -.0000278	 1.960784E-02	 9.803922E-04	
 -.0000276	 1.960784E-02	 9.803922E-04	
 -.0000274	 1.960784E-02	-9.803922E-04	
 -.0000272	 1.960784E-02	 9.803922E-04	
 -.000027	 3.921569E-03	 9.803922E-04	
 -.0000268	 3.921569E-03	 9.803922E-04	
 -.0000266	 1.960784E-02	 9.803922E-04	
 -.0000264	 1.960784E-02	-2.941177E-03	
 -.0000262	 1.176471E-02	 4.901961E-03	
 -.000026	 1.176471E-02	 2.941177E-03	
 -.0000258	 3.921569E-03	-9.803922E-04	
 -.0000256	 1.176471E-02	 9.803922E-04	
 -.0000254	 1.176471E-02	 2.941177E-03	
 -.0000252	 1.176471E-02	 9.803922E-04	
 -.000025	 1.960784E-02	 2.941177E-03	
 -.0000248	 1.176471E-02	 9.803922E-04	
 -.0000246	 1.960784E-02	 9.803922E-04	
 -.0000244	 1.960784E-02	-9.803922E-04	
 -.0000242	 1.960784E-02	 9.803922E-04	
 -.000024	 3.921569E-03	 9.803922E-04	
 -.0000238	 1.176471E-02	 9.803922E-04	
 -.0000236	 3.921569E-03	 9.803922E-04	
 -.0000234	 3.921569E-03	-9.803922E-04	
 -.0000232	 1.960784E-02	-9.803922E-04	
 -.000023	 3.921569E-03	-9.803922E-04	
 -.0000228	 3.921569E-03	 2.941177E-03	
 -.0000226	 1.176471E-02	 9.803922E-04	
 -.0000224	 1.960784E-02	 2.941177E-03	
 -.0000222	 3.921569E-03	 9.803922E-04	
 -.000022	-3.921569E-03	 2.941177E-03	
 -.0000218	 3.921569E-03	 9.803922E-04	
 -.0000216	 1.176471E-02	 9.803922E-04	
 -.0000214	 1.176471E-02	 9.803922E-04	
 -.0000212	 1.176471E-02	 4.901961E-03	
 -.000021	 1.176471E-02	-9.803922E-04	
 -.0000208	 1.176471E-02	 9.803922E-04	
 -.0000206	 1.960784E-02	 4.901961E-03	
 -.0000204	 1.176471E-02	 2.941177E-03	
 -.0000202	 3.921569E-03	-9.803922E-04	
 -.00002	 3.921569E-03	 2.941177E-03	
 -.0000198	 1.176471E-02	 9.803922E-04	
 -.0000196	 1.176471E-02	 9.803922E-04	
 -.0000194	 1.960784E-02	 2.941177E-03	
 -.0000192	 1.176471E-02	 9.803922E-04	
 -.000019	 3.921569E-03	 4.901961E-03	
 -.0000188	 1.176471E-02	 9.803922E-04	
 -.0000186	 1.176471E-02	 2.941177E-03	
 -.0000184	 1.960784E-02	 2.941177E-03	
 -.0000182	-3.921569E-03	 9.803922E-04	
 -.000018	 3.921569E-03	 4.901961E-03	
 -.0000178	 1.176471E-02	 9.803922E-04	
 -.0000176	 3.921569E-03	-2.941177E-03	
 -.0000174	 1.176471E-02	 9.803922E-04	
 -.0000172	 3.921569E-03	-9.803922E-04	
 -.000017	 3.921569E-03	 2.941177E-03	
 -.0000168	 1.176471E-02	 9.803922E-04	
 -.0000166	 1.176471E-02	-2.941177E-03	
 -.0000164	 3.921569E-03	 2.941177E-03	
 -.0000162	 1.176471E-02	 9.803922E-04	
 -.000016	 3.921569E-03	-9.803922E-04	
 -.0000158	 1.176471E-02	 2.941177E-03	
 -.0000156	 3.921569E-03	 2.941177E-03	
 -.0000154	 1.176471E-02	 9.803922E-04	
 -.0000152	 1.960784E-02	 9.803922E-04	
 -.000015	 1.176471E-02	 9.803922E-04	
 -.0000148	 1.176471E-02	 9.803922E-04	
 -.0000146	 1.960784E-02	 9.803922E-04	
 -.0000144	 1.176471E-02	-9.803922E-04	
 -.0000142	 2.745098E-02	-9.803922E-04	
 -.000014	 1.176471E-02	 9.803922E-04	
 -.0000138	 1.176471E-02	 2.941177E-03	
 -.0000136	 3.921569E-03	-9.803922E-04	
 -.0000134	 3.921569E-03	 9.803922E-04	
 -.0000132	 1.176471E-02	 9.803922E-04	
 -.000013	 1.176471E-02	 2.941177E-03	
 -.0000128	 1.960784E-02	 2.941177E-03	
 -.0000126	 1.176471E-02	 9.803922E-04	
 -.0000124	 3.921569E-03	 9.803922E-04	
 -.0000122	 1.176471E-02	 2.941177E-03	
 -.000012	 1.960784E-02	 9.803922E-04	
 -.0000118	 2.745098E-02	 9.803922E-04	
 -.0000116	 1.176471E-02	 9.803922E-04	
 -.0000114	 1.176471E-02	-9.803922E-04	
 -.0000112	 1.176471E-02	 9.803922E-04	
 -.000011	 1.960784E-02	 9.803922E-04	
 -.0000108	 1.176471E-02	-9.803922E-04	
 -.0000106	 1.176471E-02	 2.941177E-03	
 -.0000104	 1.176471E-02	 9.803922E-04	
 -.0000102	 1.176471E-02	 9.803922E-04	
 -.00001	 1.960784E-02	 9.803922E-04	
 -.0000098	 1.960784E-02	 2.941177E-03	
 -.0000096	 1.960784E-02	 2.941177E-03	
 -.0000094	 1.176471E-02	 9.803922E-04	
 -.0000092	 1.960784E-02	 2.941177E-03	
 -.000009	 1.176471E-02	 9.803922E-04	
 -.0000088	 1.176471E-02	 2.941177E-03	
 -.0000086	 1.176471E-02	 9.803922E-04	
 -.0000084	 1.176471E-02	 9.803922E-04	
 -.0000082	 2.745098E-02	 9.803922E-04	
 -.000008	 1.960784E-02	 9.803922E-04	
 -.0000078	 1.960784E-02	 2.941177E-03	
 -.0000076	 1.176471E-02	 9.803922E-04	
 -.0000074	 1.176471E-02	 9.803922E-04	
 -.0000072	 1.176471E-02	 9.803922E-04	
 -.000007	 1.176471E-02	 9.803922E-04	
 -.0000068	 1.960784E-02	 9.803922E-04	
 -.0000066	 1.960784E-02	 2.941177E-03	
 -.0000064	 3.921569E-03	 2.941177E-03	
 -.0000062	 1.176471E-02	 2.941177E-03	
 -.000006	 3.921569E-03	 9.803922E-04	
 -.0000058	 3.921569E-03	 9.803922E-04	
 -.0000056	 3.921569E-03	 9.803922E-04	
 -.0000054	 1.176471E-02	 9.803922E-04	
 -.0000052	 1.960784E-02	 9.803922E-04	
 -.000005	 1.960784E-02	 2.941177E-03	
 -.0000048	 1.176471E-02	 9.803922E-04	
 -.0000046	 1.176471E-02	 9.803922E-04	
 -.0000044	 1.176471E-02	 9.803922E-04	
 -.0000042	 1.176471E-02	-9.803922E-04	
 -.000004	 1.176471E-02	 9.803922E-04	
 -.0000038	 1.176471E-02	 9.803922E-04	
 -.0000036	 1.176471E-02	-9.803922E-04	
 -.0000034	 1.960784E-02	-9.803922E-04	
 -.0000032	 1.176471E-02	 9.803922E-04	
 -.000003	 3.921569E-03	 2.941177E-03	
 -.0000028	 3.921569E-03	 9.803922E-04	
 -.0000026	 1.176471E-02	 2.941177E-03	
 -.0000024	 1.176471E-02	 9.803922E-04	
 -.0000022	 3.921569E-03	 9.803922E-04	
 -.000002	 1.176471E-02	 2.941177E-03	
 -.0000018	 1.176471E-02	-9.803922E-04	
 -.0000016	 1.176471E-02	 9.803922E-04	
 -.0000014	 1.176471E-02	 4.901961E-03	
 -.0000012	 1.960784E-02	-9.803922E-04	
 -.000001	 1.176471E-02	 9.803922E-04	
 -.0000008	 1.176471E-02	 2.941177E-03	
 -.0000006	 3.921569E-03	 4.901961E-03	
 -.0000004	 3.921569E-03	 9.803922E-04	
 -.0000002	 3.921569E-03	 9.803922E-04	
  0	 1.176471E-02	 9.803922E-04	
  .0000002	 1.176471E-02	 9.803922E-04	
  .0000004	 3.921569E-03	 9.803922E-04	
  .0000006	 3.921569E-03	 9.803922E-04	
  .0000008	 1.960784E-02	 2.941177E-03	
  .000001	 1.960784E-02	 9.803922E-04	
  .0000012	 1.176471E-02	 2.941177E-03	
  .0000014	 1.176471E-02	 4.901961E-03	
  .0000016	 3.921569E-03	 2.941177E-03	
  .0000018	 1.176471E-02	 2.941177E-03	
  .000002	 1.960784E-02	-9.803922E-04	
  .0000022	 3.921569E-03	 9.803922E-04	
  .0000024	 3.921569E-03	-9.803922E-04	
  .0000026	 1.176471E-02	 9.803922E-04	
  .0000028	 3.921569E-03	-9.803922E-04	
  .000003	 1.176471E-02	 2.941177E-03	
  .0000032	 3.921569E-03	 9.803922E-04	
  .0000034	 1.960784E-02	 9.803922E-04	
  .0000036	 1.176471E-02	 2.941177E-03	
  .0000038	 1.176471E-02	 2.941177E-03	
  .000004	-3.921569E-03	 9.803922E-04	
  .0000042	 1.176471E-02	 2.941177E-03	
  .0000044	 1.960784E-02	 2.941177E-03	
  .0000046	 1.176471E-02	 9.803922E-04	
  .0000048	 1.176471E-02	 9.803922E-04	
  .000005	 1.176471E-02	 2.941177E-03	
  .0000052	 1.960784E-02	 9.803922E-04	
  .0000054	 3.921569E-03	-9.803922E-04	
  .0000056	 1.960784E-02	-9.803922E-04	
  .0000058	 1.960784E-02	 9.803922E-04	
  .000006	 1.176471E-02	 9.803922E-04	
  .0000062	 1.960784E-02	 9.803922E-04	
  .0000064	 3.921569E-03	-2.941177E-03	
  .0000066	 1.960784E-02	-2.941177E-03	
  .0000068	 3.921569E-03	 2.941177E-03	
  .000007	 1.176471E-02	 2.941177E-03	
  .0000072	 1.176471E-02	-9.803922E-04	
  .0000074	 1.176471E-02	 2.941177E-03	
  .0000076	 1.176471E-02	 4.901961E-03	
  .0000078	 1.960784E-02	 9.803922E-04	
  .000008	 1.176471E-02	 9.803922E-04	
  .0000082	 1.960784E-02	 9.803922E-04	
  .0000084	 1.176471E-02	 9.803922E-04	
  .0000086	 1.176471E-02	 9.803922E-04	
  .0000088	 1.960784E-02	 2.941177E-03	
  .000009	 1.176471E-02	-9.803922E-04	
  .0000092	 1.960784E-02	 9.803922E-04	
  .0000094	 1.960784E-02	-9.803922E-04	
  .0000096	 1.176471E-02	-9.803922E-04	
  .0000098	 1.960784E-02	 9.803922E-04	
  .00001	 1.960784E-02	 9.803922E-04	
  .0000102	 1.176471E-02	 2.941177E-03	
  .0000104	 1.176471E-02	 2.941177E-03	
  .0000106	 1.176471E-02	-9.803922E-04	
  .0000108	 1.960784E-02	 9.803922E-04	
  .000011	 1.960784E-02	 2.941177E-03	
  .0000112	 1.176471E-02	 9.803922E-04	
  .0000114	 1.176471E-02	-9.803922E-04	
  .0000116	 1.176471E-02	 9.803922E-04	
  .0000118	 1.960784E-02	 2.941177E-03	
  .000012	 1.960784E-02	 2.941177E-03	
  .0000122	 1.176471E-02	-9.803922E-04	
  .0000124	 1.176471E-02	 9.803922E-04	
  .0000126	 3.921569E-03	 2.941177E-03	
  .0000128	 3.921569E-03	 9.803922E-04	
  .000013	 1.960784E-02	-9.803922E-04	
  .0000132	 1.960784E-02	-9.803922E-04	
  .0000134	 1.176471E-02	 9.803922E-04	
  .0000136	 1.176471E-02	 9.803922E-04	
  .0000138	 3.921569E-03	 9.803922E-04	
  .000014	-3.921569E-03	 9.803922E-04	
  .0000142	 3.921569E-03	 9.803922E-04	
  .0000144	-3.529412E-02	 2.647059E-02	
  .0000146	 7.450981E-02	 8.82353E-03	
  .0000148	 7.450981E-02	 6.862745E-03	
  .000015	 8.235294E-02	 4.901961E-03	
  .0000152	 9.803922E-02	 6.862745E-03	
  .0000154	 9.019608E-02	 6.862745E-03	
  .0000156	 9.803922E-02	 6.862745E-03	
  .0000158	 9.019608E-02	 6.862745E-03	
  .000016	 9.803922E-02	 8.82353E-03	
  .0000162	 9.803922E-02	 8.82353E-03	
  .0000164	 .1137255	 1.078431E-02	
  .0000166	 .1215686	 1.078431E-02	
  .0000168	 .1137255	 1.078431E-02	
  .000017	 .1294118	 .0127451	
  .0000172	 .1294118	 1.078431E-02	
  .0000174	 .1294118	 .0127451	
  .0000176	 .1294118	 .0127451	
  .0000178	 .1372549	 .0127451	
  .000018	 .1529412	 1.470588E-02	
  .0000182	 .1529412	 1.470588E-02	
  .0000184	 .1607843	 1.862745E-02	
  .0000186	 .1686275	 .0127451	
  .0000188	 .1764706	 1.666667E-02	
  .000019	 .1686275	 1.862745E-02	
  .0000192	 .1686275	 1.862745E-02	
  .0000194	 .1686275	 1.862745E-02	
  .0000196	 .1843137	 1.666667E-02	
  .0000198	 .1843137	 1.862745E-02	
  .00002	 .1843137	 1.862745E-02	
  .0000202	 .1843137	 1.862745E-02	
  .0000204	 .1921569	 1.862745E-02	
  .0000206	 .1843137	 2.058824E-02	
  .0000208	 .2078431	 2.058824E-02	
  .000021	 .2078431	 2.254902E-02	
  .0000212	 .2156863	 .0245098	
  .0000214	 .2078431	 2.058824E-02	
  .0000216	 .2156863	 2.254902E-02	
  .0000218	 .2156863	 2.254902E-02	
  .000022	 .2235294	 2.058824E-02	
  .0000222	 .2235294	 2.058824E-02	
  .0000224	 .2235294	 2.058824E-02	
  .0000226	 .2235294	 2.058824E-02	
  .0000228	 .2156863	 2.254902E-02	
  .000023	 .2392157	 2.058824E-02	
  .0000232	 .2313726	 2.254902E-02	
  .0000234	 .2392157	 2.254902E-02	
  .0000236	 .2470588	 2.254902E-02	
  .0000238	 .2470588	 .0245098	
  .000024	 .2470588	 2.647059E-02	
  .0000242	 .254902	 2.647059E-02	
  .0000244	 .2627451	 .0245098	
  .0000246	 .2627451	 .0245098	
  .0000248	 .254902	 .0245098	
  .000025	 .2627451	 .0245098	
  .0000252	 .254902	 2.254902E-02	
  .0000254	 .2784314	 2.647059E-02	
  .0000256	 .2705882	 2.647059E-02	
  .0000258	 .2705882	 2.647059E-02	
  .000026	 .2627451	 2.254902E-02	
  .0000262	 .2705882	 .0245098	
  .0000264	 .2784314	 .0245098	
  .0000266	 .2784314	 2.843137E-02	
  .0000268	 .2784314	 2.843137E-02	
  .000027	 .2862745	 2.647059E-02	
  .0000272	 .2862745	 2.647059E-02	
  .0000274	 .2862745	 2.647059E-02	
  .0000276	 .3019608	 2.843137E-02	
  .0000278	 .3019608	 .0245098	
  .000028	 .3019608	 2.843137E-02	
  .0000282	 .3098039	 2.647059E-02	
  .0000284	 .3098039	 2.843137E-02	
  .0000286	 .3098039	 3.039216E-02	
  .0000288	 .3098039	 2.647059E-02	
  .000029	 .3098039	 2.843137E-02	
  .0000292	 .3098039	 2.843137E-02	
  .0000294	 .3098039	 2.647059E-02	
  .0000296	 .3176471	 3.039216E-02	
  .0000298	 .3254902	 2.843137E-02	
  .00003	 .3254902	 3.039216E-02	
  .0000302	 .3176471	 3.039216E-02	
  .0000304	 .3254902	 2.843137E-02	
  .0000306	 .3254902	 3.235294E-02	
  .0000308	 .3176471	 3.235294E-02	
  .000031	 .3411765	 3.235294E-02	
  .0000312	 .3411765	 2.843137E-02	
  .0000314	 .3254902	 3.039216E-02	
  .0000316	 .3490196	 3.235294E-02	
  .0000318	 .3568628	 3.039216E-02	
  .000032	 .3490196	 2.843137E-02	
  .0000322	 .3411765	 3.039216E-02	
  .0000324	 .3490196	 3.039216E-02	
  .0000326	 .3490196	 2.843137E-02	
  .0000328	 .3568628	 3.235294E-02	
  .000033	 .3568628	 2.843137E-02	
  .0000332	 .3490196	 3.039216E-02	
  .0000334	 .3568628	 3.235294E-02	
  .0000336	 .3490196	 3.039216E-02	
  .0000338	 .3568628	 2.843137E-02	
  .000034	 .3568628	 3.039216E-02	
  .0000342	 .3647059	 3.235294E-02	
  .0000344	 .3647059	 3.431373E-02	
  .0000346	 .3568628	 3.235294E-02	
  .0000348	 .3568628	 3.235294E-02	
  .000035	 .3647059	 3.235294E-02	
  .0000352	 .3647059	 3.039216E-02	
  .0000354	 .3647059	 3.235294E-02	
  .0000356	 .3647059	 3.235294E-02	
  .0000358	 .3568628	 3.039216E-02	
  .000036	 .3490196	 3.039216E-02	
  .0000362	 .3647059	 3.235294E-02	
  .0000364	 .3568628	 3.039216E-02	
  .0000366	 .3647059	 3.431373E-02	
  .0000368	 .372549	 3.039216E-02	
  .000037	 .372549	 3.235294E-02	
  .0000372	 .3803922	 3.235294E-02	
  .0000374	 .372549	 3.039216E-02	
  .0000376	 .372549	 3.235294E-02	
  .0000378	 .372549	 3.235294E-02	
  .000038	 .3803922	 3.235294E-02	
  .0000382	 .372549	 3.627451E-02	
  .0000384	 .3882353	 2.843137E-02	
  .0000386	 .3803922	 3.235294E-02	
  .0000388	 .372549	 3.431373E-02	
  .000039	 .3882353	 3.235294E-02	
  .0000392	 .372549	 3.039216E-02	
  .0000394	 .3882353	 3.039216E-02	
  .0000396	 .3960784	 3.235294E-02	
  .0000398	 .3882353	 2.843137E-02	
  .00004	 .3803922	 3.235294E-02	
  .0000402	 .3882353	 3.039216E-02	
  .0000404	 .3803922	 3.235294E-02	
  .0000406	 .3882353	 3.039216E-02	
  .0000408	 .3882353	 3.431373E-02	
  .000041	 .4039216	 3.431373E-02	
  .0000412	 .3882353	 3.235294E-02	
  .0000414	 .3882353	 3.235294E-02	
  .0000416	 .3882353	 3.235294E-02	
  .0000418	 .3960784	 3.039216E-02	
  .000042	 .3882353	 2.843137E-02	
  .0000422	 .3882353	 2.843137E-02	
  .0000424	 .3960784	 2.843137E-02	
  .0000426	 .3882353	 2.647059E-02	
  .0000428	 .3960784	 2.843137E-02	
  .000043	 .3882353	 3.039216E-02	
  .0000432	 .3882353	 2.647059E-02	
  .0000434	 .3882353	 2.647059E-02	
  .0000436	 .3803922	 2.843137E-02	
  .0000438	 .3803922	 2.843137E-02	
  .000044	 .3882353	 2.647059E-02	
  .0000442	 .3960784	 2.843137E-02	
  .0000444	 .3882353	 2.647059E-02	
  .0000446	 .3960784	 2.647059E-02	
  .0000448	 .3960784	 .0245098	
  .000045	 .3882353	 .0245098	
  .0000452	 .3960784	 .0245098	
  .0000454	 .3803922	 2.254902E-02	
  .0000456	 .3960784	 .0245098	
  .0000458	 .3803922	 .0245098	
  .000046	 .3882353	 .0245098	
  .0000462	 .3960784	 2.058824E-02	
  .0000464	 .3803922	 .0245098	
  .0000466	 .3882353	 2.647059E-02	
  .0000468	 .3882353	 2.254902E-02	
  .000047	 .3882353	 2.254902E-02	
  .0000472	 .3960784	 2.254902E-02	
  .0000474	 .3960784	 2.254902E-02	
  .0000476	 .3960784	 2.058824E-02	
  .0000478	 .3882353	 2.254902E-02	
  .000048	 .3960784	 1.862745E-02	
  .0000482	 .3803922	 1.862745E-02	
  .0000484	 .4039216	 2.058824E-02	
  .0000486	 .3803922	 1.862745E-02	
  .0000488	 .3803922	 1.862745E-02	
  .000049	 .3803922	 1.862745E-02	
  .0000492	 .3882353	 1.666667E-02	
  .0000494	 .3882353	 1.666667E-02	
  .0000496	 .3803922	 1.666667E-02	
  .0000498	 .3803922	 1.862745E-02	
  .00005	 .372549	 1.666667E-02	
  .0000502	 .3882353	 1.862745E-02	
  .0000504	 .3803922	 1.862745E-02	
  .0000506	 .3647059	 1.666667E-02	
  .0000508	 .3882353	 1.470588E-02	
  .000051	 .3803922	 1.470588E-02	
  .0000512	 .3803922	 .0127451	
  .0000514	 .3882353	 1.666667E-02	
  .0000516	 .372549	 .0127451	
  .0000518	 .3647059	 .0127451	
  .000052	 .372549	 .0127451	
  .0000522	 .3647059	 .0127451	
  .0000524	 .3647059	 1.078431E-02	
  .0000526	 .372549	 1.078431E-02	
  .0000528	 .3803922	 8.82353E-03	
  .000053	 .3647059	 1.078431E-02	
  .0000532	 .372549	 1.078431E-02	
  .0000534	 .3568628	 6.862745E-03	
  .0000536	 .3568628	 8.82353E-03	
  .0000538	 .3568628	 8.82353E-03	
  .000054	 .3647059	 8.82353E-03	
  .0000542	 .3803922	 1.078431E-02	
  .0000544	 .3568628	 6.862745E-03	
  .0000546	 .3568628	 6.862745E-03	
  .0000548	 .3647059	 6.862745E-03	
  .000055	 .3647059	 6.862745E-03	
  .0000552	 .3411765	 6.862745E-03	
  .0000554	 .3411765	 4.901961E-03	
  .0000556	 .3490196	 4.901961E-03	
  .0000558	 .3411765	 4.901961E-03	
  .000056	 .3490196	 2.941177E-03	
  .0000562	 .3490196	 2.941177E-03	
  .0000564	 .3333333	 4.901961E-03	
  .0000566	 .3490196	 2.941177E-03	
  .0000568	 .3490196	 2.941177E-03	
  .000057	 .3333333	 9.803922E-04	
  .0000572	 .3333333	 9.803922E-04	
  .0000574	 .3411765	 9.803922E-04	
  .0000576	 .3411765	-9.803922E-04	
  .0000578	 .3333333	 2.941177E-03	
  .000058	 .3333333	 2.941177E-03	
  .0000582	 .3411765	-9.803922E-04	
  .0000584	 .3333333	-9.803922E-04	
  .0000586	 .3254902	 9.803922E-04	
  .0000588	 .3333333	 9.803922E-04	
  .000059	 .3176471	-9.803922E-04	
  .0000592	 .3176471	-4.901961E-03	
  .0000594	 .3254902	-2.941177E-03	
  .0000596	 .3254902	-4.901961E-03	
  .0000598	 .3176471	-2.941177E-03	
  .00006	 .3254902	-2.941177E-03	
  .0000602	 .3098039	-4.901961E-03	
  .0000604	 .3176471	-4.901961E-03	
  .0000606	 .3176471	-4.901961E-03	
  .0000608	 .3176471	-2.941177E-03	
  .000061	 .3098039	-6.862745E-03	
  .0000612	 .3176471	-4.901961E-03	
  .0000614	 .3019608	-6.862745E-03	
  .0000616	 .3176471	-8.82353E-03	
  .0000618	 .3098039	-1.078431E-02	
  .000062	 .2941177	-.0127451	
  .0000622	 .2941177	-1.078431E-02	
  .0000624	 .2941177	-8.82353E-03	
  .0000626	 .2941177	-1.078431E-02	
  .0000628	 .3019608	-1.078431E-02	
  .000063	 .2941177	-.0127451	
  .0000632	 .2862745	-.0127451	
  .0000634	 .2862745	-.0127451	
  .0000636	 .2862745	-1.078431E-02	
  .0000638	 .2862745	-1.470588E-02	
  .000064	 .2941177	-1.470588E-02	
  .0000642	 .2862745	-1.470588E-02	
  .0000644	 .2784314	-1.470588E-02	
  .0000646	 .2862745	-1.666667E-02	
  .0000648	 .2784314	-1.862745E-02	
  .000065	 .2862745	-1.666667E-02	
  .0000652	 .2705882	-1.666667E-02	
  .0000654	 .2705882	-1.470588E-02	
  .0000656	 .2705882	-1.666667E-02	
  .0000658	 .2627451	-2.058824E-02	
  .000066	 .2627451	-1.862745E-02	
  .0000662	 .254902	-1.666667E-02	
  .0000664	 .2627451	-1.666667E-02	
  .0000666	 .254902	-2.058824E-02	
  .0000668	 .2470588	-2.058824E-02	
  .000067	 .2627451	-1.862745E-02	
  .0000672	 .2627451	-2.058824E-02	
  .0000674	 .254902	-2.058824E-02	
  .0000676	 .254902	-2.058824E-02	
  .0000678	 .254902	-2.058824E-02	
  .000068	 .2470588	-.0245098	
  .0000682	 .2470588	-2.254902E-02	
  .0000684	 .2470588	-.0245098	
  .0000686	 .2392157	-2.254902E-02	
  .0000688	 .2313726	-.0245098	
  .000069	 .2235294	-2.647059E-02	
  .0000692	 .2313726	-2.647059E-02	
  .0000694	 .2313726	-2.647059E-02	
  .0000696	 .2313726	-.0245098	
  .0000698	 .2156863	-2.647059E-02	
  .00007	 .2235294	-2.843137E-02	
  .0000702	 .2313726	-2.647059E-02	
  .0000704	 .2156863	-2.843137E-02	
  .0000706	 .2156863	-3.039216E-02	
  .0000708	 .2156863	-2.843137E-02	
  .000071	 .2156863	-2.843137E-02	
  .0000712	 .2078431	-3.235294E-02	
  .0000714	 .2078431	-3.431373E-02	
  .0000716	 .2	-3.235294E-02	
  .0000718	 .2	-3.235294E-02	
  .000072	 .1921569	-3.627451E-02	
  .0000722	 .1921569	-3.627451E-02	
  .0000724	 .1921569	-3.431373E-02	
  .0000726	 .2	-3.627451E-02	
  .0000728	 .1843137	-3.431373E-02	
  .000073	 .1843137	-3.627451E-02	
  .0000732	 .1843137	-3.627451E-02	
  .0000734	 .1764706	-3.431373E-02	
  .0000736	 .1764706	-3.627451E-02	
  .0000738	 .1764706	-3.627451E-02	
  .000074	 .1764706	-3.627451E-02	
  .0000742	 .1686275	-3.627451E-02	
  .0000744	 .1764706	-.0382353	
  .0000746	 .1764706	-.0382353	
  .0000748	 .1686275	-4.215686E-02	
  .000075	 .1529412	-4.019608E-02	
  .0000752	 .1529412	-4.019608E-02	
  .0000754	 .145098	-4.019608E-02	
  .0000756	 .145098	-4.019608E-02	
  .0000758	 .145098	-4.215686E-02	
  .000076	 .145098	-4.411765E-02	
  .0000762	 .1294118	-4.019608E-02	
  .0000764	 .145098	-4.215686E-02	
  .0000766	 .1372549	-4.215686E-02	
  .0000768	 .1294118	-4.215686E-02	
  .000077	 .1294118	-4.607843E-02	
  .0000772	 .1294118	-4.607843E-02	
  .0000774	 .1372549	-4.411765E-02	
  .0000776	 .1294118	-4.607843E-02	
  .0000778	 .1372549	-4.411765E-02	
  .000078	 .1294118	-.05	
  .0000782	 .1215686	-4.803922E-02	
  .0000784	 .1215686	-4.607843E-02	
  .0000786	 .1215686	-4.411765E-02	
  .0000788	 .1137255	-4.607843E-02	
  .000079	 .1058824	-4.803922E-02	
  .0000792	 .1137255	-4.803922E-02	
  .0000794	 .1058824	-.05	
  .0000796	 .1058824	-4.803922E-02	
  .0000798	 .1137255	-.05	
  .00008	 9.803922E-02	-4.803922E-02	
  .0000802	 .1058824	-.05	
  .0000804	 .1058824	-.05	
  .0000806	 .1058824	-.05	
  .0000808	 9.019608E-02	-.05	
  .000081	 9.019608E-02	-5.196078E-02	
  .0000812	 8.235294E-02	-5.392157E-02	
  .0000814	 9.019608E-02	-5.588235E-02	
  .0000816	 7.450981E-02	-5.196078E-02	
  .0000818	 8.235294E-02	-5.392157E-02	
  .000082	 6.666667E-02	-5.392157E-02	
  .0000822	 6.666667E-02	-5.588235E-02	
  .0000824	 7.450981E-02	-5.588235E-02	
  .0000826	 6.666667E-02	-5.392157E-02	
  .0000828	 5.882353E-02	-5.588235E-02	
  .000083	 7.450981E-02	-5.588235E-02	
  .0000832	 5.098039E-02	-5.588235E-02	
  .0000834	 5.098039E-02	-5.784314E-02	
  .0000836	 5.098039E-02	-5.784314E-02	
  .0000838	 5.882353E-02	-5.784314E-02	
  .000084	 5.098039E-02	-5.784314E-02	
  .0000842	 5.098039E-02	-5.784314E-02	
  .0000844	 5.098039E-02	-5.980392E-02	
  .0000846	 5.098039E-02	-5.980392E-02	
  .0000848	 5.098039E-02	-6.176471E-02	
  .000085	 4.313726E-02	-5.980392E-02	
  .0000852	 3.529412E-02	-5.784314E-02	
  .0000854	 2.745098E-02	-6.176471E-02	
  .0000856	 2.745098E-02	-6.372549E-02	
  .0000858	 2.745098E-02	-6.372549E-02	
  .000086	 2.745098E-02	-6.176471E-02	
  .0000862	 1.960784E-02	-6.176471E-02	
  .0000864	 1.960784E-02	-6.176471E-02	
  .0000866	 1.176471E-02	-6.372549E-02	
  .0000868	 2.745098E-02	-5.980392E-02	
  .000087	 1.176471E-02	-6.372549E-02	
  .0000872	 2.745098E-02	-6.568628E-02	
  .0000874	 1.960784E-02	-6.372549E-02	
  .0000876	 3.921569E-03	-6.568628E-02	
  .0000878	-3.921569E-03	-6.764706E-02	
  .000088	 3.921569E-03	-6.568628E-02	
  .0000882	-3.921569E-03	-6.960785E-02	
  .0000884	-1.176471E-02	-6.764706E-02	
  .0000886	-1.176471E-02	-6.960785E-02	
  .0000888	-1.176471E-02	-6.764706E-02	
  .000089	-1.176471E-02	-6.764706E-02	
  .0000892	-1.176471E-02	-6.764706E-02	
  .0000894	-1.960784E-02	-6.764706E-02	
  .0000896	-1.960784E-02	-6.764706E-02	
  .0000898	-1.176471E-02	-7.156863E-02	
  .00009	-1.960784E-02	-6.960785E-02	
  .0000902	-2.745098E-02	-7.156863E-02	
  .0000904	-4.313726E-02	-7.156863E-02	
  .0000906	-3.529412E-02	-7.156863E-02	
  .0000908	-3.529412E-02	-.0754902	
  .000091	-2.745098E-02	-7.352941E-02	
  .0000912	-3.529412E-02	-.0754902	
  .0000914	-4.313726E-02	-.0754902	
  .0000916	-5.098039E-02	-7.352941E-02	
  .0000918	-5.882353E-02	-.0754902	
  .000092	-5.882353E-02	-.0754902	
  .0000922	-5.098039E-02	-.0754902	
  .0000924	-5.882353E-02	-.0754902	
  .0000926	-5.882353E-02	-7.352941E-02	
  .0000928	-6.666667E-02	-.0754902	
  .000093	-7.450981E-02	-7.745098E-02	
  .0000932	-7.450981E-02	-.0754902	
  .0000934	-7.450981E-02	-7.745098E-02	
  .0000936	-7.450981E-02	-7.745098E-02	
  .0000938	-7.450981E-02	-7.745098E-02	
  .000094	-8.235294E-02	-7.941177E-02	
  .0000942	-9.019608E-02	-7.941177E-02	
  .0000944	-8.235294E-02	-8.137255E-02	
  .0000946	-8.235294E-02	-7.941177E-02	
  .0000948	-9.803922E-02	-7.941177E-02	
  .000095	-9.019608E-02	-8.137255E-02	
  .0000952	-.1058824	-8.137255E-02	
  .0000954	-.1058824	-8.137255E-02	
  .0000956	-.1058824	-8.137255E-02	
  .0000958	-.1058824	-8.333334E-02	
  .000096	-.1215686	-8.137255E-02	
  .0000962	-.1058824	-8.137255E-02	
  .0000964	-.1137255	-8.333334E-02	
  .0000966	-.1215686	-8.333334E-02	
  .0000968	-.1215686	-8.333334E-02	
  .000097	-.1215686	-8.529412E-02	
  .0000972	-.1137255	-8.529412E-02	
  .0000974	-.1215686	-8.529412E-02	
  .0000976	-.1215686	-8.529412E-02	
  .0000978	-.1294118	-.0872549	
  .000098	-.1294118	-8.529412E-02	
  .0000982	-.1372549	-8.529412E-02	
  .0000984	-.1294118	-.0872549	
  .0000986	-.145098	-.0872549	
  .0000988	-.145098	-.0872549	
  .000099	-.1372549	-8.529412E-02	
  .0000992	-.1372549	-8.921569E-02	
  .0000994	-.1529412	-.0872549	
  .0000996	-.1529412	-.0872549	
  .0000998	-.1607843	-8.921569E-02	
  .0001	-.1529412	-8.921569E-02	
  .0001002	-.1607843	-.0872549	
  .0001004	-.1529412	-.0872549	
  .0001006	-.1686275	-9.117647E-02	
  .0001008	-.1686275	-9.117647E-02	
  .000101	-.1607843	-9.313726E-02	
  .0001012	-.1764706	-9.117647E-02	
  .0001014	-.1764706	-8.921569E-02	
  .0001016	-.1843137	-9.117647E-02	
  .0001018	-.1764706	-9.117647E-02	
  .000102	-.1843137	-9.313726E-02	
  .0001022	-.1764706	-9.117647E-02	
  .0001024	-.1921569	-9.117647E-02	
  .0001026	-.1764706	-9.313726E-02	
  .0001028	-.1843137	-9.313726E-02	
  .000103	-.2	-9.117647E-02	
  .0001032	-.1921569	-9.117647E-02	
  .0001034	-.2078431	-9.509804E-02	
  .0001036	-.2	-9.313726E-02	
  .0001038	-.2	-9.117647E-02	
  .000104	-.2078431	-9.509804E-02	
  .0001042	-.2078431	-9.705883E-02	
  .0001044	-.2235294	-9.705883E-02	
  .0001046	-.2	-9.509804E-02	
  .0001048	-.2078431	-9.901961E-02	
  .000105	-.2078431	-9.509804E-02	
  .0001052	-.2235294	-9.509804E-02	
  .0001054	-.2313726	-9.509804E-02	
  .0001056	-.2235294	-9.705883E-02	
  .0001058	-.2235294	-9.509804E-02	
  .000106	-.2235294	-9.509804E-02	
  .0001062	-.2313726	-9.509804E-02	
  .0001064	-.2235294	-9.509804E-02	
  .0001066	-.2392157	-9.509804E-02	
  .0001068	-.2235294	-9.705883E-02	
  .000107	-.2313726	-9.705883E-02	
  .0001072	-.2313726	-9.705883E-02	
  .0001074	-.2313726	-9.509804E-02	
  .0001076	-.2470588	-9.705883E-02	
  .0001078	-.2392157	-9.705883E-02	
  .000108	-.2470588	-9.705883E-02	
  .0001082	-.2470588	-9.705883E-02	
  .0001084	-.2470588	-9.705883E-02	
  .0001086	-.254902	-9.901961E-02	
  .0001088	-.254902	-9.705883E-02	
  .000109	-.254902	-9.705883E-02	
  .0001092	-.254902	-9.705883E-02	
  .0001094	-.254902	-9.901961E-02	
  .0001096	-.2627451	-9.705883E-02	
  .0001098	-.2627451	-9.705883E-02	
  .00011	-.2627451	-9.705883E-02	
  .0001102	-.2784314	-9.901961E-02	
  .0001104	-.2627451	-9.901961E-02	
  .0001106	-.2705882	-.1029412	
  .0001108	-.2784314	-9.901961E-02	
  .000111	-.2705882	-.1009804	
  .0001112	-.2784314	-.1009804	
  .0001114	-.2784314	-9.901961E-02	
  .0001116	-.2862745	-.1009804	
  .0001118	-.2784314	-9.901961E-02	
  .000112	-.2941177	-.1009804	
  .0001122	-.2784314	-9.901961E-02	
  .0001124	-.2941177	-9.901961E-02	
  .0001126	-.2941177	-9.901961E-02	
  .0001128	-.2862745	-.1009804	
  .000113	-.3098039	-.1009804	
  .0001132	-.2941177	-9.901961E-02	
  .0001134	-.3098039	-9.901961E-02	
  .0001136	-.3019608	-.1009804	
  .0001138	-.3019608	-.1009804	
  .000114	-.3176471	-.1009804	
  .0001142	-.3098039	-.1029412	
  .0001144	-.3019608	-.1009804	
  .0001146	-.3098039	-.1009804	
  .0001148	-.3098039	-9.901961E-02	
  .000115	-.3176471	-.1009804	
  .0001152	-.3254902	-.1029412	
  .0001154	-.3176471	-.1029412	
  .0001156	-.3176471	-.1029412	
  .0001158	-.3254902	-.1009804	
  .000116	-.3176471	-.1029412	
  .0001162	-.3254902	-.1009804	
  .0001164	-.3254902	-.1029412	
  .0001166	-.3411765	-.1029412	
  .0001168	-.3254902	-.1029412	
  .000117	-.3333333	-.104902	
  .0001172	-.3254902	-.1009804	
  .0001174	-.3333333	-.1029412	
  .0001176	-.3333333	-.104902	
  .0001178	-.3333333	-.1009804	
  .000118	-.3490196	-.1009804	
  .0001182	-.3490196	-.1029412	
  .0001184	-.3490196	-.1029412	
  .0001186	-.3568628	-.104902	
  .0001188	-.3490196	-.1029412	
  .000119	-.3568628	-.104902	
  .0001192	-.3490196	-.1029412	
  .0001194	-.3568628	-.104902	
  .0001196	-.3568628	-.1009804	
  .0001198	-.3568628	-.104902	
  .00012	-.3568628	-.1029412	
  .0001202	-.3647059	-.104902	
  .0001204	-.3647059	-.104902	
  .0001206	-.3647059	-.1029412	
  .0001208	-.3647059	-.1068627	
  .000121	-.372549	-.1068627	
  .0001212	-.372549	-.1029412	
  .0001214	-.372549	-.104902	
  .0001216	-.3803922	-.1068627	
  .0001218	-.3647059	-.104902	
  .000122	-.372549	-.104902	
  .0001222	-.372549	-.1029412	
  .0001224	-.3803922	-.1029412	
  .0001226	-.3882353	-.104902	
  .0001228	-.3803922	-.104902	
  .000123	-.3882353	-.1029412	
  .0001232	-.3882353	-.104902	
  .0001234	-.3882353	-.1029412	
  .0001236	-.3882353	-.104902	
  .0001238	-.3882353	-.1029412	
  .000124	-.3960784	-.104902	
  .0001242	-.3960784	-.104902	
  .0001244	-.3960784	-.104902	
  .0001246	-.4039216	-.104902	
  .0001248	-.4039216	-.104902	
  .000125	-.4039216	-.104902	
  .0001252	-.4039216	-.1029412	
  .0001254	-.3960784	-.1068627	
  .0001256	-.4039216	-.1029412	
  .0001258	-.3960784	-.1009804	
  .000126	-.4117647	-.1068627	
  .0001262	-.4117647	-.1029412	
  .0001264	-.4196078	-.104902	
  .0001266	-.4117647	-.1029412	
  .0001268	-.4117647	-.104902	
  .000127	-.4117647	-.104902	
  .0001272	-.4196078	-.1029412	
  .0001274	-.4196078	-.104902	
  .0001276	-.4196078	-.104902	
  .0001278	-.427451	-.104902	
  .000128	-.427451	-.1029412	
  .0001282	-.427451	-.1009804	
  .0001284	-.4352941	-.1029412	
  .0001286	-.427451	-.1029412	
  .0001288	-.4196078	-.1009804	
  .000129	-.427451	-.1029412	
  .0001292	-.4352941	-.1029412	
  .0001294	-.4352941	-.1029412	
  .0001296	-.4352941	-.1009804	
  .0001298	-.4352941	-.1009804	
  .00013	-.4352941	-.1009804	
  .0001302	-.4352941	-.1009804	
  .0001304	-.4196078	-.1088235	
  .0001306	-.4039216	-.1009804	
  .0001308	-.3960784	-9.901961E-02	
  .000131	-.3882353	-9.705883E-02	
  .0001312	-.3882353	-9.705883E-02	
  .0001314	-.3882353	-9.705883E-02	
  .0001316	-.3882353	-9.705883E-02	
  .0001318	-.3803922	-9.705883E-02	
  .000132	-.372549	-9.705883E-02	
  .0001322	-.3882353	-9.509804E-02	
  .0001324	-.372549	-9.509804E-02	
  .0001326	-.3647059	-9.705883E-02	
  .0001328	-.3803922	-9.313726E-02	
  .000133	-.3803922	-9.313726E-02	
  .0001332	-.372549	-9.117647E-02	
  .0001334	-.372549	-9.117647E-02	
  .0001336	-.372549	-9.117647E-02	
  .0001338	-.3568628	-9.509804E-02	
  .000134	-.3568628	-9.509804E-02	
  .0001342	-.3647059	-8.921569E-02	
  .0001344	-.3647059	-9.117647E-02	
  .0001346	-.3647059	-8.921569E-02	
  .0001348	-.3647059	-.0872549	
  .000135	-.3568628	-.0872549	
  .0001352	-.3490196	-8.921569E-02	
  .0001354	-.3490196	-9.117647E-02	
  .0001356	-.3490196	-8.529412E-02	
  .0001358	-.3490196	-.0872549	
  .000136	-.3411765	-8.529412E-02	
  .0001362	-.3411765	-8.529412E-02	
  .0001364	-.3411765	-8.529412E-02	
  .0001366	-.2313726	-7.745098E-02	
  .0001368	-.3803922	-9.313726E-02	
  .000137	-.3333333	-8.333334E-02	
  .0001372	-.3411765	-8.137255E-02	
  .0001374	-.4745098	-5.588235E-02	
  .0001376	-.3568628	-9.117647E-02	
  .0001378	-.372549	-7.941177E-02	
  .000138	-.3490196	-8.333334E-02	
  .0001382	-.3490196	-8.137255E-02	
  .0001384	-.3568628	-8.333334E-02	
  .0001386	-.3490196	-8.137255E-02	
  .0001388	-.3490196	-8.333334E-02	
  .000139	-.3490196	-8.137255E-02	
  .0001392	-.3568628	-8.137255E-02	
  .0001394	-.3411765	-8.137255E-02	
  .0001396	-.3568628	-7.941177E-02	
  .0001398	-.3490196	-7.941177E-02	
  .00014	-.3490196	-7.745098E-02	
  .0001402	-.3568628	-8.137255E-02	
  .0001404	-.3490196	-7.745098E-02	
  .0001406	-.3568628	-8.137255E-02	
  .0001408	-.3490196	-8.137255E-02	
  .000141	-.3411765	-7.745098E-02	
  .0001412	-.3411765	-7.941177E-02	
  .0001414	-.3490196	-.0754902	
  .0001416	-.3411765	-7.745098E-02	
  .0001418	-.3490196	-7.745098E-02	
  .000142	-.3411765	-.0754902	
  .0001422	-.3490196	-7.941177E-02	
  .0001424	-.3411765	-.0754902	
  .0001426	-.3411765	-.0754902	
  .0001428	-.3490196	-7.745098E-02	
  .000143	-.3411765	-7.352941E-02	
  .0001432	-.3411765	-7.352941E-02	
  .0001434	-.3411765	-.0754902	
  .0001436	-.3490196	-7.352941E-02	
  .0001438	-.3411765	-.0754902	
  .000144	-.3490196	-7.352941E-02	
  .0001442	-.3411765	-.0754902	
  .0001444	-.3333333	-7.352941E-02	
  .0001446	-.3333333	-7.352941E-02	
  .0001448	-.3333333	-7.352941E-02	
  .000145	-.3411765	-7.156863E-02	
  .0001452	-.3333333	-7.352941E-02	
  .0001454	-.3176471	-7.156863E-02	
  .0001456	-.3333333	-7.156863E-02	
  .0001458	-.3333333	-7.156863E-02	
  .000146	-.3333333	-7.156863E-02	
  .0001462	-.3333333	-6.960785E-02	
  .0001464	-.3333333	-6.960785E-02	
  .0001466	-.3254902	-6.960785E-02	
  .0001468	-.3176471	-6.960785E-02	
  .000147	-.3333333	-6.764706E-02	
  .0001472	-.3254902	-7.156863E-02	
  .0001474	-.3254902	-6.960785E-02	
  .0001476	-.3254902	-6.960785E-02	
  .0001478	-.3333333	-6.960785E-02	
  .000148	-.3254902	-6.764706E-02	
  .0001482	-.3333333	-6.960785E-02	
  .0001484	-.3254902	-6.764706E-02	
  .0001486	-.3176471	-6.568628E-02	
  .0001488	-.3254902	-6.764706E-02	
  .000149	-.3176471	-6.764706E-02	
  .0001492	-.3176471	-6.372549E-02	
  .0001494	-.3254902	-6.372549E-02	
  .0001496	-.3098039	-6.568628E-02	
  .0001498	-.3254902	-6.372549E-02	
  .00015	-.3254902	-6.568628E-02	
  .0001502	-.3254902	-6.568628E-02	
  .0001504	-.3254902	-6.372549E-02	
  .0001506	-.3098039	-6.568628E-02	
  .0001508	-.3019608	-6.568628E-02	
  .000151	-.3176471	-5.980392E-02	
  .0001512	-.3176471	-6.176471E-02	
  .0001514	-.3176471	-6.176471E-02	
  .0001516	-.2941177	-6.372549E-02	
  .0001518	-.3019608	-6.372549E-02	
  .000152	-.3098039	-5.980392E-02	
  .0001522	-.3019608	-6.176471E-02	
  .0001524	-.3176471	-6.176471E-02	
  .0001526	-.3098039	-5.980392E-02	
  .0001528	-.3176471	-6.176471E-02	
  .000153	-.3098039	-5.980392E-02	
  .0001532	-.2941177	-5.784314E-02	
  .0001534	-.3019608	-5.784314E-02	
  .0001536	-.3019608	-5.980392E-02	
  .0001538	-.2941177	-6.176471E-02	
  .000154	-.3019608	-5.980392E-02	
  .0001542	-.3019608	-5.784314E-02	
  .0001544	-.2941177	-5.784314E-02	
  .0001546	-.3019608	-5.588235E-02	
  .0001548	-.3019608	-5.980392E-02	
  .000155	-.2941177	-5.784314E-02	
  .0001552	-.3019608	-5.784314E-02	
  .0001554	-.2941177	-5.588235E-02	
  .0001556	-.2941177	-5.588235E-02	
  .0001558	-.3019608	-5.588235E-02	
  .000156	-.2862745	-5.392157E-02	
  .0001562	-.2941177	-5.784314E-02	
  .0001564	-.2862745	-5.588235E-02	
  .0001566	-.2941177	-5.588235E-02	
  .0001568	-.2941177	-5.392157E-02	
  .000157	-.2941177	-5.196078E-02	
  .0001572	-.2941177	-5.392157E-02	
  .0001574	-.2862745	-5.196078E-02	
  .0001576	-.2862745	-5.196078E-02	
  .0001578	-.2862745	-5.392157E-02	
  .000158	-.2862745	-.05	
  .0001582	-.2862745	-5.392157E-02	
  .0001584	-.2862745	-5.392157E-02	
  .0001586	-.2784314	-5.196078E-02	
  .0001588	-.2705882	-5.196078E-02	
  .000159	-.2862745	-.05	
  .0001592	-.2862745	-.05	
  .0001594	-.2862745	-.05	
  .0001596	-.2784314	-.05	
  .0001598	-.2862745	-4.803922E-02	
  .00016	-.2705882	-5.196078E-02	
  .0001602	-.2784314	-4.803922E-02	
  .0001604	-.2705882	-.05	
  .0001606	-.2941177	-5.392157E-02	
  .0001608	-.2784314	-4.803922E-02	
  .000161	-.2784314	-.05	
  .0001612	-.2862745	-.05	
  .0001614	-.2784314	-.05	
  .0001616	-.2784314	-.05	
  .0001618	-.2705882	-4.607843E-02	
  .000162	-.2705882	-4.803922E-02	
  .0001622	-.2784314	-4.607843E-02	
  .0001624	-.2862745	-4.607843E-02	
  .0001626	-.2784314	-4.411765E-02	
  .0001628	-.2627451	-4.607843E-02	
  .000163	-.2784314	-4.803922E-02	
  .0001632	-.2705882	-4.411765E-02	
  .0001634	-.2784314	-4.607843E-02	
  .0001636	-.2627451	-4.607843E-02	
  .0001638	-.2705882	-4.803922E-02	
  .000164	-.2627451	-4.607843E-02	
  .0001642	-.2705882	-4.607843E-02	
  .0001644	-.2705882	-4.411765E-02	
  .0001646	-.2705882	-4.607843E-02	
  .0001648	-.2705882	-4.411765E-02	
  .000165	-.2627451	-4.607843E-02	
  .0001652	-.2627451	-4.215686E-02	
  .0001654	-.2705882	-4.215686E-02	
  .0001656	-.2627451	-4.215686E-02	
  .0001658	-.2627451	-4.215686E-02	
  .000166	-.2627451	-4.019608E-02	
  .0001662	-.2470588	-4.215686E-02	
  .0001664	-.254902	-4.215686E-02	
  .0001666	-.2470588	-4.215686E-02	
  .0001668	-.2627451	-4.411765E-02	
  .000167	-.254902	-4.215686E-02	
  .0001672	-.254902	-4.019608E-02	
  .0001674	-.2470588	-4.215686E-02	
  .0001676	-.254902	-4.215686E-02	
  .0001678	-.2627451	-4.019608E-02	
  .000168	-.2470588	-4.019608E-02	
  .0001682	-.2627451	-4.019608E-02	
  .0001684	-.2392157	-.0382353	
  .0001686	-.2470588	-.0382353	
  .0001688	-.2470588	-4.019608E-02	
  .000169	-.254902	-4.019608E-02	
  .0001692	-.2470588	-3.627451E-02	
  .0001694	-.2470588	-.0382353	
  .0001696	-.2470588	-.0382353	
  .0001698	-.2470588	-.0382353	
  .00017	-.2392157	-.0382353	
  .0001702	-.2392157	-3.431373E-02	
  .0001704	-.2313726	-.0382353	
  .0001706	-.2313726	-3.627451E-02	
  .0001708	-.2313726	-3.431373E-02	
  .000171	-.2392157	-3.627451E-02	
  .0001712	-.2392157	-3.627451E-02	
  .0001714	-.2313726	-3.627451E-02	
  .0001716	-.2235294	-3.627451E-02	
  .0001718	-.2313726	-3.431373E-02	
  .000172	-.2313726	-3.627451E-02	
  .0001722	-.2392157	-3.431373E-02	
  .0001724	-.2313726	-3.431373E-02	
  .0001726	-.2313726	-3.431373E-02	
  .0001728	-.2313726	-3.431373E-02	
  .000173	-.2235294	-3.235294E-02	
  .0001732	-.2235294	-3.039216E-02	
  .0001734	-.2235294	-3.431373E-02	
  .0001736	-.2156863	-3.431373E-02	
  .0001738	-.2156863	-3.235294E-02	
  .000174	-.2235294	-3.039216E-02	
  .0001742	-.2235294	-3.235294E-02	
  .0001744	-.2235294	-3.039216E-02	
  .0001746	-.2313726	-3.039216E-02	
  .0001748	-.2156863	-3.235294E-02	
  .000175	-.2156863	-3.235294E-02	
  .0001752	-.2235294	-3.039216E-02	
  .0001754	-.2156863	-3.039216E-02	
  .0001756	-.2156863	-2.843137E-02	
  .0001758	-.2235294	-2.843137E-02	
  .000176	-.2156863	-3.039216E-02	
  .0001762	-.2156863	-2.843137E-02	
  .0001764	-.2	-2.843137E-02	
  .0001766	-.2078431	-2.843137E-02	
  .0001768	-.2078431	-2.647059E-02	
  .000177	-.2078431	-2.647059E-02	
  .0001772	-.1921569	-2.843137E-02	
  .0001774	-.2078431	-.0245098	
  .0001776	-.2078431	-2.647059E-02	
  .0001778	-.2078431	-2.647059E-02	
  .000178	-.2078431	-2.647059E-02	
  .0001782	-.1921569	-2.647059E-02	
  .0001784	-.2	-2.843137E-02	
  .0001786	-.2	-.0245098	
  .0001788	-.2	-2.647059E-02	
  .000179	-.2	-.0245098	
  .0001792	-.2	-.0245098	
  .0001794	-.1921569	-2.254902E-02	
  .0001796	-.1843137	-2.058824E-02	
  .0001798	-.2	-2.058824E-02	
  .00018	-.1921569	-2.254902E-02	
  .0001802	-.2	-2.254902E-02	
  .0001804	-.1843137	-.0245098	
  .0001806	-.1921569	-.0245098	
  .0001808	-.1921569	-2.254902E-02	
  .000181	-.1921569	-2.254902E-02	
  .0001812	-.1843137	-.0245098	
  .0001814	-.1843137	-2.254902E-02	
  .0001816	-.1764706	-2.058824E-02	
  .0001818	-.1843137	-2.058824E-02	
  .000182	-.1843137	-1.862745E-02	
  .0001822	-.1843137	-1.862745E-02	
  .0001824	-.1764706	-1.862745E-02	
  .0001826	-.1843137	-1.862745E-02	
  .0001828	-.1764706	-1.862745E-02	
  .000183	-.1764706	-2.058824E-02	
  .0001832	-.1843137	-1.666667E-02	
  .0001834	-.1686275	-1.862745E-02	
  .0001836	-.1764706	-1.862745E-02	
  .0001838	-.1607843	-1.862745E-02	
  .000184	-.1686275	-1.862745E-02	
  .0001842	-.1686275	-1.666667E-02	
  .0001844	-.1686275	-1.862745E-02	
  .0001846	-.1686275	-1.470588E-02	
  .0001848	-.1686275	-1.666667E-02	
  .000185	-.1686275	-1.666667E-02	
  .0001852	-.1607843	-1.470588E-02	
  .0001854	-.1686275	-1.666667E-02	
  .0001856	-.1686275	-1.666667E-02	
  .0001858	-.1607843	-1.470588E-02	
  .000186	-.1686275	-1.470588E-02	
  .0001862	-.1607843	-1.862745E-02	
  .0001864	-.1607843	-1.470588E-02	
  .0001866	-.1607843	-.0127451	
  .0001868	-.1607843	-1.470588E-02	
  .000187	-.1607843	-1.470588E-02	
  .0001872	-.1529412	-1.470588E-02	
  .0001874	-.1529412	-.0127451	
  .0001876	-.1607843	-1.470588E-02	
  .0001878	-.1529412	-.0127451	
  .000188	-.145098	-1.078431E-02	
  .0001882	-.1529412	-1.078431E-02	
  .0001884	-.1529412	-.0127451	
  .0001886	-.145098	-.0127451	
  .0001888	-.1529412	-.0127451	
  .000189	-.145098	-1.078431E-02	
  .0001892	-.145098	-8.82353E-03	
  .0001894	-.145098	-8.82353E-03	
  .0001896	-.1372549	-1.078431E-02	
  .0001898	-.145098	-1.078431E-02	
  .00019	-.145098	-8.82353E-03	
  .0001902	-.1294118	-1.078431E-02	
  .0001904	-.1294118	-1.078431E-02	
  .0001906	-.145098	-8.82353E-03	
  .0001908	-.1372549	-8.82353E-03	
  .000191	-.145098	-1.078431E-02	
  .0001912	-.1294118	-8.82353E-03	
  .0001914	-.1294118	-8.82353E-03	
  .0001916	-.145098	-8.82353E-03	
  .0001918	-.1294118	-8.82353E-03	
  .000192	-.1294118	-4.901961E-03	
  .0001922	-.1294118	-8.82353E-03	
  .0001924	-.1294118	-4.901961E-03	
  .0001926	-.1294118	-6.862745E-03	
  .0001928	-.1215686	-6.862745E-03	
  .000193	-.1215686	-2.941177E-03	
  .0001932	-.1137255	-6.862745E-03	
  .0001934	-.1137255	-6.862745E-03	
  .0001936	-.1215686	-6.862745E-03	
  .0001938	-.1215686	-4.901961E-03	
  .000194	-.1294118	-6.862745E-03	
  .0001942	-.1215686	-6.862745E-03	
  .0001944	-.1137255	-4.901961E-03	
  .0001946	-.1215686	-6.862745E-03	
  .0001948	-.1137255	-6.862745E-03	
  .000195	-.1137255	-4.901961E-03	
  .0001952	-.1137255	-2.941177E-03	
  .0001954	-.1058824	-4.901961E-03	
  .0001956	-.1058824	-2.941177E-03	
  .0001958	-.1137255	-2.941177E-03	
  .000196	-.1058824	-9.803922E-04	
  .0001962	-.1058824	-2.941177E-03	
  .0001964	-9.803922E-02	-2.941177E-03	
  .0001966	-9.803922E-02	 9.803922E-04	
  .0001968	-.1058824	-4.901961E-03	
  .000197	-9.803922E-02	-2.941177E-03	
  .0001972	-.1058824	 9.803922E-04	
  .0001974	-9.803922E-02	 9.803922E-04	
  .0001976	-.1137255	 9.803922E-04	
  .0001978	-9.803922E-02	-9.803922E-04	
  .000198	-9.019608E-02	 9.803922E-04	
  .0001982	-9.019608E-02	-9.803922E-04	
  .0001984	-9.019608E-02	 2.941177E-03	
  .0001986	-9.803922E-02	 9.803922E-04	
  .0001988	-9.019608E-02	 9.803922E-04	
  .000199	-9.019608E-02	 9.803922E-04	
  .0001992	-9.019608E-02	 2.941177E-03	
  .0001994	-9.019608E-02	 2.941177E-03	
  .0001996	-9.803922E-02	 2.941177E-03	
  .0001998	-9.019608E-02	 2.941177E-03	
  .0002	-9.019608E-02	 9.803922E-04	
  .0002002	-9.019608E-02	 9.803922E-04	
  .0002004	-9.019608E-02	-9.803922E-04	
  .0002006	-8.235294E-02	 9.803922E-04	
  .0002008	-7.450981E-02	 2.941177E-03	
  .000201	-8.235294E-02	 2.941177E-03	
  .0002012	-7.450981E-02	 9.803922E-04	
  .0002014	-8.235294E-02	 2.941177E-03	
  .0002016	-7.450981E-02	 4.901961E-03	
  .0002018	-6.666667E-02	 2.941177E-03	
  .000202	-9.019608E-02	 4.901961E-03	
  .0002022	-7.450981E-02	 2.941177E-03	
  .0002024	-8.235294E-02	 4.901961E-03	
  .0002026	-7.450981E-02	 4.901961E-03	
  .0002028	-6.666667E-02	 2.941177E-03	
  .000203	-8.235294E-02	 6.862745E-03	
  .0002032	-5.882353E-02	 4.901961E-03	
  .0002034	-7.450981E-02	 4.901961E-03	
  .0002036	-5.882353E-02	 6.862745E-03	
  .0002038	-5.882353E-02	 6.862745E-03	
  .000204	-5.882353E-02	 6.862745E-03	
  .0002042	-7.450981E-02	 6.862745E-03	
  .0002044	-7.450981E-02	 6.862745E-03	
  .0002046	-6.666667E-02	 6.862745E-03	
  .0002048	-6.666667E-02	 6.862745E-03	
  .000205	-6.666667E-02	 8.82353E-03	
  .0002052	-6.666667E-02	 6.862745E-03	
  .0002054	-6.666667E-02	 6.862745E-03	
  .0002056	-5.882353E-02	 8.82353E-03	
  .0002058	-5.098039E-02	 8.82353E-03	
  .000206	-5.098039E-02	 6.862745E-03	
  .0002062	-5.098039E-02	 1.078431E-02	
  .0002064	-5.882353E-02	 8.82353E-03	
  .0002066	-5.098039E-02	 6.862745E-03	
  .0002068	-4.313726E-02	 8.82353E-03	
  .000207	-5.098039E-02	 8.82353E-03	
  .0002072	-5.098039E-02	 8.82353E-03	
  .0002074	-5.098039E-02	 8.82353E-03	
  .0002076	-5.882353E-02	 6.862745E-03	
  .0002078	-4.313726E-02	 1.078431E-02	
  .000208	-4.313726E-02	 .0127451	
  .0002082	-4.313726E-02	 1.078431E-02	
  .0002084	-5.882353E-02	 1.078431E-02	
  .0002086	-4.313726E-02	 1.078431E-02	
  .0002088	-4.313726E-02	 .0127451	
  .000209	-5.098039E-02	 .0127451	
  .0002092	-4.313726E-02	 .0127451	
  .0002094	-3.529412E-02	 1.078431E-02	
  .0002096	-3.529412E-02	 .0127451	
  .0002098	-4.313726E-02	 1.078431E-02	
  .00021	-3.529412E-02	 1.078431E-02	
  .0002102	-3.529412E-02	 1.078431E-02	
  .0002104	-3.529412E-02	 .0127451	
  .0002106	-3.529412E-02	 1.078431E-02	
  .0002108	-4.313726E-02	 1.078431E-02	
  .000211	-2.745098E-02	 .0127451	
  .0002112	-2.745098E-02	 1.078431E-02	
  .0002114	-2.745098E-02	 1.470588E-02	
  .0002116	-3.529412E-02	 .0127451	
  .0002118	-2.745098E-02	 1.470588E-02	
  .000212	-3.529412E-02	 .0127451	
  .0002122	-2.745098E-02	 1.470588E-02	
  .0002124	-1.960784E-02	 1.470588E-02	
  .0002126	-1.176471E-02	 1.666667E-02	
  .0002128	-2.745098E-02	 1.666667E-02	
  .000213	-2.745098E-02	 .0127451	
  .0002132	-1.960784E-02	 .0127451	
  .0002134	-1.960784E-02	 1.666667E-02	
  .0002136	-2.745098E-02	 1.470588E-02	
  .0002138	-1.960784E-02	 1.470588E-02	
  .000214	-1.960784E-02	 1.862745E-02	
  .0002142	-2.745098E-02	 1.666667E-02	
  .0002144	-2.745098E-02	 1.470588E-02	
  .0002146	-1.960784E-02	 1.470588E-02	
  .0002148	-3.529412E-02	 1.470588E-02	
  .000215	-3.529412E-02	 1.666667E-02	
  .0002152	-1.960784E-02	 1.666667E-02	
  .0002154	-1.176471E-02	 1.470588E-02	
  .0002156	-2.745098E-02	 1.470588E-02	
  .0002158	-1.960784E-02	 1.470588E-02	
  .000216	-2.745098E-02	 1.666667E-02	
  .0002162	-1.960784E-02	 1.862745E-02	
  .0002164	-1.176471E-02	 1.862745E-02	
  .0002166	-1.960784E-02	 1.470588E-02	
  .0002168	-2.745098E-02	 .0127451	
  .000217	-2.745098E-02	 1.862745E-02	
  .0002172	-1.960784E-02	 1.862745E-02	
  .0002174	-2.745098E-02	 1.666667E-02	
  .0002176	-2.745098E-02	 1.666667E-02	
  .0002178	-1.176471E-02	 1.862745E-02	
  .000218	-1.176471E-02	 1.470588E-02	
  .0002182	-1.176471E-02	 1.666667E-02	
  .0002184	-1.960784E-02	 2.058824E-02	
  .0002186	-1.176471E-02	 1.862745E-02	
  .0002188	-1.176471E-02	 1.862745E-02	
  .000219	-1.176471E-02	 1.862745E-02	
  .0002192	-1.176471E-02	 2.058824E-02	
  .0002194	-1.960784E-02	 1.862745E-02	
  .0002196	-1.960784E-02	 1.862745E-02	
  .0002198	-3.921569E-03	 1.862745E-02	
  .00022	-1.960784E-02	 1.666667E-02	
  .0002202	-1.176471E-02	 1.666667E-02	
  .0002204	-1.176471E-02	 1.862745E-02	
  .0002206	-1.176471E-02	 1.862745E-02	
  .0002208	-3.921569E-03	 1.862745E-02	
  .000221	-3.921569E-03	 1.666667E-02	
  .0002212	-3.921569E-03	 1.862745E-02	
  .0002214	-1.176471E-02	 1.862745E-02	
  .0002216	-1.176471E-02	 1.862745E-02	
  .0002218	-1.176471E-02	 1.862745E-02	
  .000222	-3.921569E-03	 2.058824E-02	
  .0002222	 3.921569E-03	 2.058824E-02	
  .0002224	-3.921569E-03	 2.058824E-02	
  .0002226	-3.921569E-03	 2.058824E-02	
  .0002228	-1.176471E-02	 1.862745E-02	
  .000223	-3.921569E-03	 2.058824E-02	
  .0002232	-3.921569E-03	 2.058824E-02	
  .0002234	 3.921569E-03	 2.058824E-02	
  .0002236	-3.921569E-03	 1.862745E-02	
  .0002238	-3.921569E-03	 2.058824E-02	
  .000224	-3.921569E-03	 1.862745E-02	
  .0002242	 3.921569E-03	 2.058824E-02	
  .0002244	-3.921569E-03	 2.058824E-02	
  .0002246	-3.921569E-03	 2.254902E-02	
  .0002248	-3.921569E-03	 2.254902E-02	
  .000225	 1.176471E-02	 2.254902E-02	
  .0002252	-3.921569E-03	 2.058824E-02	
  .0002254	 3.921569E-03	 .0245098	
  .0002256	 1.176471E-02	 2.254902E-02	
  .0002258	 1.176471E-02	 2.254902E-02	
  .000226	 1.176471E-02	 .0245098	
  .0002262	-3.921569E-03	 2.058824E-02	
  .0002264	 3.921569E-03	 2.254902E-02	
  .0002266	 1.176471E-02	 .0245098	
  .0002268	 1.176471E-02	 2.058824E-02	
  .000227	 3.921569E-03	 2.058824E-02	
  .0002272	 1.176471E-02	 2.058824E-02	
  .0002274	 3.921569E-03	 2.058824E-02	
  .0002276	 1.960784E-02	 2.254902E-02	
  .0002278	 1.176471E-02	 2.647059E-02	
  .000228	 3.921569E-03	 2.254902E-02	
  .0002282	 1.176471E-02	 2.254902E-02	
  .0002284	 1.960784E-02	 .0245098	
  .0002286	 1.176471E-02	 .0245098	
  .0002288	 1.176471E-02	 .0245098	
  .000229	 1.176471E-02	 .0245098	
  .0002292	 2.745098E-02	 2.254902E-02	
  .0002294	 1.960784E-02	 2.254902E-02	
  .0002296	 1.176471E-02	 2.647059E-02	
  .0002298	 2.745098E-02	 .0245098	
  .00023	 1.960784E-02	 2.254902E-02	
  .0002302	 1.960784E-02	 2.254902E-02	
  .0002304	 1.960784E-02	 2.254902E-02	
  .0002306	 1.960784E-02	 2.058824E-02	
  .0002308	 1.960784E-02	 .0245098	
  .000231	 2.745098E-02	 2.058824E-02	
  .0002312	 1.960784E-02	 .0245098	
  .0002314	 1.960784E-02	 .0245098	
  .0002316	 1.960784E-02	 .0245098	
  .0002318	 1.960784E-02	 .0245098	
  .000232	 1.960784E-02	 .0245098	
  .0002322	 2.745098E-02	 .0245098	
  .0002324	 3.529412E-02	 2.647059E-02	
  .0002326	 1.960784E-02	 2.647059E-02	
  .0002328	 1.960784E-02	 .0245098	
  .000233	 3.529412E-02	 .0245098	
  .0002332	 3.529412E-02	 .0245098	
  .0002334	 2.745098E-02	 .0245098	
  .0002336	 1.960784E-02	 .0245098	
  .0002338	 1.960784E-02	 .0245098	
  .000234	 1.960784E-02	 2.647059E-02	
  .0002342	 3.529412E-02	 .0245098	
  .0002344	 2.745098E-02	 2.254902E-02	
  .0002346	 2.745098E-02	 .0245098	
  .0002348	 3.529412E-02	 .0245098	
  .000235	 2.745098E-02	 2.647059E-02	
  .0002352	 3.529412E-02	 .0245098	
  .0002354	 2.745098E-02	 .0245098	
  .0002356	 3.529412E-02	 .0245098	
  .0002358	 2.745098E-02	 .0245098	
  .000236	 3.529412E-02	 2.647059E-02	
  .0002362	 4.313726E-02	 3.039216E-02	
  .0002364	 3.529412E-02	 .0245098	
  .0002366	 3.529412E-02	 2.647059E-02	
  .0002368	 3.529412E-02	 2.843137E-02	
  .000237	 4.313726E-02	 2.843137E-02	
  .0002372	 2.745098E-02	 .0245098	
  .0002374	 2.745098E-02	 .0245098	
  .0002376	 3.529412E-02	 2.647059E-02	
  .0002378	 4.313726E-02	 2.647059E-02	
  .000238	 4.313726E-02	 2.647059E-02	
  .0002382	 4.313726E-02	 2.647059E-02	
  .0002384	 4.313726E-02	 2.843137E-02	
  .0002386	 5.882353E-02	 2.843137E-02	
  .0002388	 4.313726E-02	 2.843137E-02	
  .000239	 4.313726E-02	 2.843137E-02	
  .0002392	 3.529412E-02	 2.843137E-02	
  .0002394	 4.313726E-02	 3.039216E-02	
  .0002396	 4.313726E-02	 .0245098	
  .0002398	 4.313726E-02	 .0245098	
  .00024	 5.098039E-02	 .0245098	
  .0002402	 4.313726E-02	 .0245098	
  .0002404	 3.529412E-02	 2.647059E-02	
  .0002406	 3.529412E-02	 2.647059E-02	
  .0002408	 5.098039E-02	 2.647059E-02	
  .000241	 4.313726E-02	 2.647059E-02	
  .0002412	 4.313726E-02	 2.843137E-02	
  .0002414	 4.313726E-02	 2.647059E-02	
  .0002416	 3.529412E-02	 2.843137E-02	
  .0002418	 4.313726E-02	 2.843137E-02	
  .000242	 4.313726E-02	 2.843137E-02	
  .0002422	 5.098039E-02	 2.843137E-02	
  .0002424	 5.882353E-02	 2.843137E-02	
  .0002426	 5.098039E-02	 2.647059E-02	
  .0002428	 5.882353E-02	 3.039216E-02	
  .000243	 4.313726E-02	 2.843137E-02	
  .0002432	 5.882353E-02	 2.647059E-02	
  .0002434	 5.882353E-02	 2.647059E-02	
  .0002436	 5.098039E-02	 2.843137E-02	
  .0002438	 5.882353E-02	 2.647059E-02	
  .000244	 5.098039E-02	 2.647059E-02	
  .0002442	 5.882353E-02	 2.647059E-02	
  .0002444	 5.882353E-02	 3.039216E-02	
  .0002446	 5.882353E-02	 2.843137E-02	
  .0002448	 5.882353E-02	 2.843137E-02	
  .000245	 5.098039E-02	 2.843137E-02	
  .0002452	 6.666667E-02	 3.039216E-02	
  .0002454	 7.450981E-02	 3.039216E-02	
  .0002456	 7.450981E-02	 2.843137E-02	
  .0002458	 6.666667E-02	 3.039216E-02	
  .000246	 6.666667E-02	 2.843137E-02	
  .0002462	 5.882353E-02	 2.843137E-02	
  .0002464	 7.450981E-02	 3.235294E-02	
  .0002466	 5.882353E-02	 2.647059E-02	
  .0002468	 5.098039E-02	 3.039216E-02	
  .000247	 5.882353E-02	 2.843137E-02	
  .0002472	 6.666667E-02	 2.843137E-02	
  .0002474	 7.450981E-02	 3.039216E-02	
  .0002476	 6.666667E-02	 3.235294E-02	
  .0002478	 6.666667E-02	 3.039216E-02	
  .000248	 6.666667E-02	 3.039216E-02	
  .0002482	 7.450981E-02	 3.039216E-02	
  .0002484	 7.450981E-02	 3.235294E-02	
  .0002486	 6.666667E-02	 3.431373E-02	
  .0002488	 8.235294E-02	 3.039216E-02	
  .000249	 7.450981E-02	 3.039216E-02	
  .0002492	 7.450981E-02	 3.039216E-02	
  .0002494	 8.235294E-02	 3.235294E-02	
  .0002496	 8.235294E-02	 3.039216E-02	
  .0002498	 7.450981E-02	 2.843137E-02	
  .00025	 8.235294E-02	 3.039216E-02	
  .0002502	 7.450981E-02	 2.843137E-02	
  .0002504	 6.666667E-02	 2.843137E-02	
  .0002506	 8.235294E-02	 2.843137E-02	
  .0002508	 9.019608E-02	 2.843137E-02	
  .000251	 8.235294E-02	 3.235294E-02	
  .0002512	 7.450981E-02	 3.039216E-02	
  .0002514	 7.450981E-02	 3.039216E-02	
  .0002516	 8.235294E-02	 3.235294E-02	
  .0002518	 7.450981E-02	 3.235294E-02	
  .000252	 7.450981E-02	 3.235294E-02	
  .0002522	 9.019608E-02	 3.235294E-02	
  .0002524	 8.235294E-02	 3.235294E-02	
  .0002526	 9.019608E-02	 3.235294E-02	
  .0002528	 9.803922E-02	 3.235294E-02	
  .000253	 9.019608E-02	 3.039216E-02	
  .0002532	 8.235294E-02	 3.039216E-02	
  .0002534	 8.235294E-02	 3.039216E-02	
  .0002536	 8.235294E-02	 3.039216E-02	
  .0002538	 7.450981E-02	 3.431373E-02	
  .000254	 9.019608E-02	 3.039216E-02	
  .0002542	 8.235294E-02	 3.235294E-02	
  .0002544	 8.235294E-02	 3.039216E-02	
  .0002546	 8.235294E-02	 3.235294E-02	
  .0002548	 9.019608E-02	 3.039216E-02	
  .000255	 9.803922E-02	 3.431373E-02	
  .0002552	 7.450981E-02	 3.235294E-02	
  .0002554	 9.019608E-02	 3.431373E-02	
  .0002556	 9.803922E-02	 3.431373E-02	
  .0002558	 9.803922E-02	 3.235294E-02	
  .000256	 9.803922E-02	 3.627451E-02	
  .0002562	 9.803922E-02	 3.235294E-02	
  .0002564	 9.803922E-02	 3.039216E-02	
  .0002566	 9.803922E-02	 3.431373E-02	
  .0002568	 9.803922E-02	 3.431373E-02	
  .000257	 9.019608E-02	 3.235294E-02	
  .0002572	 9.019608E-02	 3.235294E-02	
  .0002574	 9.803922E-02	 3.235294E-02	
  .0002576	 .1058824	 3.235294E-02	
  .0002578	 9.803922E-02	 3.431373E-02	
  .000258	 9.019608E-02	 3.431373E-02	
  .0002582	 9.803922E-02	 3.431373E-02	
  .0002584	 .1058824	 3.431373E-02	
  .0002586	 .1058824	 3.431373E-02	
  .0002588	 9.803922E-02	 3.627451E-02	
  .000259	 9.019608E-02	 .0382353	
  .0002592	 9.803922E-02	 3.431373E-02	
  .0002594	 9.803922E-02	 3.235294E-02	
  .0002596	 .1058824	 3.235294E-02	
  .0002598	 .1137255	 3.039216E-02	
  .00026	 .1058824	 3.235294E-02	
  .0002602	 9.803922E-02	 3.235294E-02	
  .0002604	 9.803922E-02	 3.431373E-02	
  .0002606	 .1058824	 3.431373E-02	
  .0002608	 .1137255	 3.235294E-02	
  .000261	 9.803922E-02	 3.235294E-02	
  .0002612	 9.803922E-02	 3.235294E-02	
  .0002614	 .1058824	 3.431373E-02	
  .0002616	 9.019608E-02	 3.431373E-02	
  .0002618	 .1058824	 3.431373E-02	
  .000262	 .1058824	 3.627451E-02	
  .0002622	 .1137255	 3.431373E-02	
  .0002624	 .1058824	 3.235294E-02	
  .0002626	 .1215686	 3.431373E-02	
  .0002628	 .1058824	 3.039216E-02	
  .000263	 .1215686	 3.039216E-02	
  .0002632	 .1058824	 3.235294E-02	
  .0002634	 .1137255	 3.431373E-02	
  .0002636	 .1137255	 3.431373E-02	
  .0002638	 .1137255	 3.235294E-02	
  .000264	 .1137255	 3.235294E-02	
  .0002642	 .1058824	 3.431373E-02	
  .0002644	 .1137255	 3.431373E-02	
  .0002646	 .1137255	 3.235294E-02	
  .0002648	 .1215686	 3.431373E-02	
  .000265	 .1215686	 3.627451E-02	
  .0002652	 .1294118	 3.431373E-02	
  .0002654	 .1294118	 3.431373E-02	
  .0002656	 .1215686	 3.627451E-02	
  .0002658	 .1215686	 3.039216E-02	
  .000266	 .1137255	 3.235294E-02	
  .0002662	 .1294118	 .0382353	
  .0002664	 .1137255	 3.235294E-02	
  .0002666	 .1215686	 3.431373E-02	
  .0002668	 .1137255	 3.431373E-02	
  .000267	 .1294118	 3.431373E-02	
  .0002672	 .1215686	 3.431373E-02	
  .0002674	 .1215686	 3.431373E-02	
  .0002676	 .1215686	 3.431373E-02	
  .0002678	 .1215686	 3.431373E-02	
  .000268	 .1294118	 3.431373E-02	
  .0002682	 .1215686	 3.431373E-02	
  .0002684	 .1215686	 3.627451E-02	
  .0002686	 .1294118	 3.431373E-02	
  .0002688	 .1372549	 3.627451E-02	
  .000269	 .1372549	 3.235294E-02	
  .0002692	 .1294118	 3.431373E-02	
  .0002694	 .1372549	 3.431373E-02	
  .0002696	 .1215686	 3.431373E-02	
  .0002698	 .1294118	 3.235294E-02	
  .00027	 .1294118	 3.431373E-02	
  .0002702	 .1294118	 3.431373E-02	
  .0002704	 .1294118	 3.431373E-02	
  .0002706	 .145098	 3.235294E-02	
  .0002708	 .1294118	 3.235294E-02	
  .000271	 .1372549	 3.431373E-02	
  .0002712	 .1294118	 3.431373E-02	
  .0002714	 .1294118	 3.431373E-02	
  .0002716	 .1294118	 3.431373E-02	
  .0002718	 .1294118	 3.235294E-02	
  .000272	 .1372549	 3.627451E-02	
  .0002722	 .1215686	 3.627451E-02	
  .0002724	 .1372549	 3.039216E-02	
  .0002726	 .1372549	 3.235294E-02	
  .0002728	 .145098	 3.235294E-02	
  .000273	 .1372549	 3.431373E-02	
  .0002732	 .1372549	 3.431373E-02	
  .0002734	 .1294118	 3.431373E-02	
  .0002736	 .1215686	 3.235294E-02	
  .0002738	 .1294118	 3.235294E-02	
  .000274	 .1372549	 3.235294E-02	
  .0002742	 .1294118	 3.235294E-02	
  .0002744	 .1294118	 3.431373E-02	
  .0002746	 .1294118	 3.431373E-02	
  .0002748	 .1294118	 3.235294E-02	
  .000275	 .1372549	 3.431373E-02	
  .0002752	 .1372549	 3.431373E-02	
  .0002754	 .1372549	 3.235294E-02	
  .0002756	 .1372549	 3.235294E-02	
  .0002758	 .145098	 3.627451E-02	
  .000276	 .1372549	 3.431373E-02	
  .0002762	 .1529412	 3.235294E-02	
  .0002764	 .1372549	 3.431373E-02	
  .0002766	 .1372549	 3.431373E-02	
  .0002768	 .1372549	 3.431373E-02	
  .000277	 .1372549	 3.235294E-02	
  .0002772	 .1372549	 3.431373E-02	
  .0002774	 .1529412	 3.235294E-02	
  .0002776	 .1372549	 3.431373E-02	
  .0002778	 .145098	 3.235294E-02	
  .000278	 .1372549	 3.235294E-02	
  .0002782	 .145098	 3.431373E-02	
  .0002784	 .145098	 3.431373E-02	
  .0002786	 .145098	 3.431373E-02	
  .0002788	 .1372549	 3.627451E-02	
  .000279	 .1529412	 3.627451E-02	
  .0002792	 .1529412	 3.431373E-02	
  .0002794	 .1372549	 3.039216E-02	
  .0002796	 .1372549	 3.235294E-02	
  .0002798	 .145098	 3.431373E-02	
  .00028	 .1372549	 3.039216E-02	
  .0002802	 .145098	 3.235294E-02	
  .0002804	 .1372549	 3.039216E-02	
  .0002806	 .1529412	 3.235294E-02	
  .0002808	 .1372549	 3.235294E-02	
  .000281	 .145098	 3.235294E-02	
  .0002812	 .145098	 3.431373E-02	
  .0002814	 .145098	 3.235294E-02	
  .0002816	 .145098	 3.235294E-02	
  .0002818	 .145098	 3.431373E-02	
  .000282	 .145098	 3.039216E-02	
  .0002822	 .145098	 3.235294E-02	
  .0002824	 .145098	 3.235294E-02	
  .0002826	 .145098	 3.039216E-02	
  .0002828	 .1529412	 3.235294E-02	
  .000283	 .1529412	 3.235294E-02	
  .0002832	 .1529412	 3.235294E-02	
  .0002834	 .145098	 3.039216E-02	
  .0002836	 .145098	 3.235294E-02	
  .0002838	 .145098	 3.039216E-02	
  .000284	 .145098	 3.235294E-02	
  .0002842	 .1529412	 3.431373E-02	
  .0002844	 .145098	 3.431373E-02	
  .0002846	 .145098	 3.235294E-02	
  .0002848	 .145098	 3.235294E-02	
  .000285	 .1607843	 3.431373E-02	
  .0002852	 .1607843	 3.235294E-02	
  .0002854	 .1529412	 3.235294E-02	
  .0002856	 .145098	 3.039216E-02	
  .0002858	 .145098	 3.039216E-02	
  .000286	 .1607843	 3.235294E-02	
  .0002862	 .1529412	 3.039216E-02	
  .0002864	 .145098	 3.039216E-02	
  .0002866	 .1529412	 2.843137E-02	
  .0002868	 .1529412	 3.039216E-02	
  .000287	 .1529412	 3.039216E-02	
  .0002872	 .145098	 3.235294E-02	
  .0002874	 .1529412	 3.039216E-02	
  .0002876	 .145098	 3.039216E-02	
  .0002878	 .1607843	 3.235294E-02	
  .000288	 .1529412	 3.235294E-02	
  .0002882	 .1529412	 3.235294E-02	
  .0002884	 .1607843	 3.039216E-02	
  .0002886	 .1607843	 3.039216E-02	
  .0002888	 .1529412	 3.039216E-02	
  .000289	 .1529412	 3.039216E-02	
  .0002892	 .1686275	 3.039216E-02	
  .0002894	 .1607843	 2.843137E-02	
  .0002896	 .1529412	 3.039216E-02	
  .0002898	 .1529412	 3.039216E-02	
  .00029	 .1529412	 2.843137E-02	
  .0002902	 .1529412	 3.039216E-02	
  .0002904	 .1607843	 2.647059E-02	
  .0002906	 .145098	 2.843137E-02	
  .0002908	 .1529412	 3.039216E-02	
  .000291	 .1529412	 2.843137E-02	
  .0002912	 .145098	 3.039216E-02	
  .0002914	 .1529412	 3.039216E-02	
  .0002916	 .1529412	 2.843137E-02	
  .0002918	 .1686275	 3.235294E-02	
  .000292	 .1529412	 2.843137E-02	
  .0002922	 .1529412	 2.843137E-02	
  .0002924	 .1607843	 2.843137E-02	
  .0002926	 .1607843	 2.843137E-02	
  .0002928	 .145098	 2.843137E-02	
  .000293	 .1529412	 2.843137E-02	
  .0002932	 .145098	 2.843137E-02	
  .0002934	 .145098	 2.843137E-02	
  .0002936	 .1529412	 2.843137E-02	
  .0002938	 .1529412	 2.843137E-02	
  .000294	 .1607843	 2.843137E-02	
  .0002942	 .145098	 2.647059E-02	
  .0002944	 .1529412	 3.039216E-02	
  .0002946	 .145098	 3.039216E-02	
  .0002948	 .145098	 2.647059E-02	
  .000295	 .1529412	 2.843137E-02	
  .0002952	 .1529412	 2.843137E-02	
  .0002954	 .1607843	 2.843137E-02	
  .0002956	 .1607843	 3.039216E-02	
  .0002958	 .1607843	 2.843137E-02	
  .000296	 .1607843	 2.647059E-02	
  .0002962	 .1529412	 2.843137E-02	
  .0002964	 .1607843	 2.843137E-02	
  .0002966	 .145098	 2.843137E-02	
  .0002968	 .1529412	 .0245098	
  .000297	 .1607843	 2.843137E-02	
  .0002972	 .1607843	 2.647059E-02	
  .0002974	 .1529412	 2.647059E-02	
  .0002976	 .1529412	 2.843137E-02	
  .0002978	 .1607843	 2.843137E-02	
  .000298	 .1607843	 2.647059E-02	
  .0002982	 .1529412	 2.843137E-02	
  .0002984	 .1607843	 2.843137E-02	
  .0002986	 .1529412	 2.843137E-02	
  .0002988	 .1607843	 2.843137E-02	
  .000299	 .145098	 .0245098	
  .0002992	 .1607843	 2.647059E-02	
  .0002994	 .1529412	 .0245098	
  .0002996	 .1529412	 .0245098	
  .0002998	 .145098	 2.647059E-02	
  .0003	 .1372549	 2.647059E-02	
  .0003002	 .1529412	 .0245098	
  .0003004	 .1607843	 .0245098	
  .0003006	 .1529412	 .0245098	
  .0003008	 .1529412	 2.647059E-02	
  .000301	 .1529412	 2.843137E-02	
  .0003012	 .145098	 2.647059E-02	
  .0003014	 .1529412	 .0245098	
  .0003016	 .1529412	 2.647059E-02	
  .0003018	 .145098	 2.647059E-02	
  .000302	 .1529412	 2.254902E-02	
  .0003022	 .1686275	 2.647059E-02	
  .0003024	 .1529412	 2.254902E-02	
  .0003026	 .1607843	 2.254902E-02	
  .0003028	 .1607843	 2.254902E-02	
  .000303	 .1529412	 .0245098	
  .0003032	 .145098	 2.254902E-02	
  .0003034	 .145098	 2.254902E-02	
  .0003036	 .145098	 2.254902E-02	
  .0003038	 .1529412	 .0245098	
  .000304	 .1529412	 2.647059E-02	
  .0003042	 .1607843	 2.254902E-02	
  .0003044	 .1607843	 2.254902E-02	
  .0003046	 .1607843	 2.254902E-02	
  .0003048	 .1686275	 .0245098	
  .000305	 .1686275	 2.254902E-02	
  .0003052	 .1529412	 2.254902E-02	
  .0003054	 .1607843	 2.058824E-02	
  .0003056	 .145098	 .0245098	
  .0003058	 .1607843	 2.254902E-02	
  .000306	 .1529412	 2.058824E-02	
  .0003062	 .1529412	 .0245098	
  .0003064	 .145098	 2.254902E-02	
  .0003066	 .145098	 2.058824E-02	
  .0003068	 .1529412	 2.254902E-02	
  .000307	 .145098	 2.254902E-02	
  .0003072	 .1529412	 2.254902E-02	
  .0003074	 .145098	 2.058824E-02	
  .0003076	 .145098	 2.058824E-02	
  .0003078	 .1529412	 2.058824E-02	
  .000308	 .145098	 2.058824E-02	
  .0003082	 .1529412	 .0245098	
  .0003084	 .1529412	 1.862745E-02	
  .0003086	 .1607843	 2.058824E-02	
  .0003088	 .145098	 2.254902E-02	
  .000309	 .1529412	 1.862745E-02	
  .0003092	 .145098	 1.862745E-02	
  .0003094	 .145098	 1.862745E-02	
  .0003096	 .1372549	 2.058824E-02	
  .0003098	 .145098	 1.862745E-02	
  .00031	 .145098	 1.862745E-02	
  .0003102	 .1607843	 1.666667E-02	
  .0003104	 .1372549	 1.862745E-02	
  .0003106	 .1529412	 1.666667E-02	
  .0003108	 .145098	 1.862745E-02	
  .000311	 .1372549	 1.666667E-02	
  .0003112	 .1372549	 1.862745E-02	
  .0003114	 .145098	 1.862745E-02	
  .0003116	 .1529412	 1.862745E-02	
  .0003118	 .145098	 2.058824E-02	
  .000312	 .145098	 2.058824E-02	
  .0003122	 .1372549	 1.470588E-02	
  .0003124	 .145098	 1.666667E-02	
  .0003126	 .1529412	 1.862745E-02	
  .0003128	 .1372549	 1.666667E-02	
  .000313	 .1294118	 1.666667E-02	
  .0003132	 .1294118	 1.666667E-02	
  .0003134	 .1372549	 1.470588E-02	
  .0003136	 .1372549	 1.666667E-02	
  .0003138	 .1215686	 1.862745E-02	
  .000314	 .1372549	 1.666667E-02	
  .0003142	 .1294118	 .0127451	
  .0003144	 .1372549	 1.666667E-02	
  .0003146	 .1294118	 1.666667E-02	
  .0003148	 .1215686	 1.666667E-02	
  .000315	 .1372549	 1.470588E-02	
  .0003152	 .1372549	 1.470588E-02	
  .0003154	 .1372549	 2.058824E-02	
  .0003156	 .145098	 1.470588E-02	
  .0003158	 .1372549	 1.470588E-02	
  .000316	 .1294118	 1.862745E-02	
  .0003162	 .1294118	 1.666667E-02	
  .0003164	 .1294118	 1.470588E-02	
  .0003166	 .1215686	 1.470588E-02	
  .0003168	 .1372549	 1.470588E-02	
  .000317	 .1372549	 .0127451	
  .0003172	 .1294118	 1.470588E-02	
  .0003174	 .1294118	 1.470588E-02	
  .0003176	 .1294118	 1.666667E-02	
  .0003178	 .1294118	 1.666667E-02	
  .000318	 .1294118	 1.666667E-02	
  .0003182	 .1372549	 1.470588E-02	
  .0003184	 .1294118	 1.666667E-02	
  .0003186	 .1294118	 1.470588E-02	
  .0003188	 .1294118	 .0127451	
  .000319	 .1294118	 .0127451	
  .0003192	 .1294118	 1.078431E-02	
  .0003194	 .1215686	 1.078431E-02	
  .0003196	 .1294118	 .0127451	
  .0003198	 .1215686	 .0127451	
  .00032	 .1215686	 1.078431E-02	
  .0003202	 .1137255	 .0127451	
  .0003204	 .1137255	 .0127451	
  .0003206	 .1215686	 .0127451	
  .0003208	 .1215686	 .0127451	
  .000321	 .1137255	 1.470588E-02	
  .0003212	 .1215686	 .0127451	
  .0003214	 .1215686	 1.470588E-02	
  .0003216	 .1294118	 1.078431E-02	
  .0003218	 .1215686	 .0127451	
  .000322	 .1294118	 1.078431E-02	
  .0003222	 .1215686	 1.078431E-02	
  .0003224	 .1294118	 1.078431E-02	
  .0003226	 .1137255	 1.078431E-02	
  .0003228	 .1215686	 1.470588E-02	
  .000323	 .1137255	 1.078431E-02	
  .0003232	 .1137255	 1.078431E-02	
  .0003234	 .1215686	 8.82353E-03	
  .0003236	 .1215686	 .0127451	
  .0003238	 .1215686	 .0127451	
  .000324	 .1215686	 8.82353E-03	
  .0003242	 .1137255	 1.078431E-02	
  .0003244	 .1137255	 .0127451	
  .0003246	 .1294118	 1.078431E-02	
  .0003248	 .1294118	 8.82353E-03	
  .000325	 .1137255	 1.078431E-02	
  .0003252	 .1215686	 8.82353E-03	
  .0003254	 .1137255	 1.078431E-02	
  .0003256	 .1215686	 8.82353E-03	
  .0003258	 .1058824	 6.862745E-03	
  .000326	 .1058824	 8.82353E-03	
  .0003262	 .1137255	 6.862745E-03	
  .0003264	 .1058824	 6.862745E-03	
  .0003266	 .1137255	 6.862745E-03	
  .0003268	 .1137255	 1.078431E-02	
  .000327	 .1058824	 8.82353E-03	
  .0003272	 .1058824	 1.078431E-02	
  .0003274	 .1137255	 8.82353E-03	
  .0003276	 .1058824	 1.078431E-02	
  .0003278	 .1058824	 8.82353E-03	
  .000328	 .1137255	 8.82353E-03	
  .0003282	 .1137255	 6.862745E-03	
  .0003284	 .1058824	 6.862745E-03	
  .0003286	 9.803922E-02	 6.862745E-03	
  .0003288	 .1137255	 6.862745E-03	
  .000329	 .1137255	 2.941177E-03	
  .0003292	 .1058824	 4.901961E-03	
  .0003294	 9.803922E-02	 6.862745E-03	
  .0003296	 9.803922E-02	 4.901961E-03	
  .0003298	 .1058824	 4.901961E-03	
  .00033	 .1058824	 2.941177E-03	
  .0003302	 9.019608E-02	 4.901961E-03	
  .0003304	 9.803922E-02	 4.901961E-03	
  .0003306	 9.803922E-02	 4.901961E-03	
  .0003308	 9.803922E-02	 4.901961E-03	
  .000331	 9.803922E-02	 4.901961E-03	
  .0003312	 9.019608E-02	 4.901961E-03	
  .0003314	 .1058824	 6.862745E-03	
  .0003316	 9.019608E-02	 4.901961E-03	
  .0003318	 9.803922E-02	 4.901961E-03	
  .000332	 .1058824	 4.901961E-03	
  .0003322	 9.803922E-02	 2.941177E-03	
  .0003324	 8.235294E-02	 2.941177E-03	
  .0003326	 9.019608E-02	 2.941177E-03	
  .0003328	 8.235294E-02	 2.941177E-03	
  .000333	 7.450981E-02	 2.941177E-03	
  .0003332	 9.019608E-02	 2.941177E-03	
  .0003334	 9.019608E-02	 9.803922E-04	
  .0003336	 8.235294E-02	 9.803922E-04	
  .0003338	 8.235294E-02	 9.803922E-04	
  .000334	 8.235294E-02	 9.803922E-04	
  .0003342	 8.235294E-02	 2.941177E-03	
  .0003344	 8.235294E-02	 9.803922E-04	
  .0003346	 8.235294E-02	 9.803922E-04	
  .0003348	 8.235294E-02	 9.803922E-04	
  .000335	 7.450981E-02	 4.901961E-03	
  .0003352	 9.019608E-02	 4.901961E-03	
  .0003354	 9.019608E-02	 9.803922E-04	
  .0003356	 9.019608E-02	 2.941177E-03	
  .0003358	 8.235294E-02	 4.901961E-03	
  .000336	 8.235294E-02	 9.803922E-04	
  .0003362	 7.450981E-02	 9.803922E-04	
  .0003364	 7.450981E-02	-2.941177E-03	
  .0003366	 9.019608E-02	 9.803922E-04	
  .0003368	 7.450981E-02	-9.803922E-04	
  .000337	 6.666667E-02	 9.803922E-04	
  .0003372	 8.235294E-02	 9.803922E-04	
  .0003374	 7.450981E-02	 9.803922E-04	
  .0003376	 8.235294E-02	 9.803922E-04	
  .0003378	 8.235294E-02	 9.803922E-04	
  .000338	 6.666667E-02	 2.941177E-03	
  .0003382	 6.666667E-02	 2.941177E-03	
  .0003384	 7.450981E-02	 2.941177E-03	
  .0003386	 6.666667E-02	 9.803922E-04	
  .0003388	 6.666667E-02	-2.941177E-03	
  .000339	 7.450981E-02	-2.941177E-03	
  .0003392	 5.882353E-02	-2.941177E-03	
  .0003394	 6.666667E-02	-2.941177E-03	
  .0003396	 6.666667E-02	-2.941177E-03	
  .0003398	 6.666667E-02	-2.941177E-03	
  .00034	 6.666667E-02	-9.803922E-04	
  .0003402	 6.666667E-02	-9.803922E-04	
  .0003404	 6.666667E-02	-9.803922E-04	
  .0003406	 5.882353E-02	-9.803922E-04	
  .0003408	 5.882353E-02	-9.803922E-04	
  .000341	 5.882353E-02	-4.901961E-03	
  .0003412	 5.882353E-02	-2.941177E-03	
  .0003414	 5.882353E-02	-9.803922E-04	
  .0003416	 5.882353E-02	-2.941177E-03	
  .0003418	 5.882353E-02	-4.901961E-03	
  .000342	 5.098039E-02	-4.901961E-03	
  .0003422	 6.666667E-02	-4.901961E-03	
  .0003424	 5.882353E-02	-4.901961E-03	
  .0003426	 5.882353E-02	-2.941177E-03	
  .0003428	 5.882353E-02	-2.941177E-03	
  .000343	 5.882353E-02	-2.941177E-03	
  .0003432	 5.882353E-02	-4.901961E-03	
  .0003434	 5.882353E-02	-2.941177E-03	
  .0003436	 5.882353E-02	-2.941177E-03	
  .0003438	 5.098039E-02	-2.941177E-03	
  .000344	 5.098039E-02	-4.901961E-03	
  .0003442	 5.098039E-02	-2.941177E-03	
  .0003444	 5.882353E-02	-2.941177E-03	
  .0003446	 5.882353E-02	-4.901961E-03	
  .0003448	 5.882353E-02	-2.941177E-03	
  .000345	 5.098039E-02	-4.901961E-03	
  .0003452	 4.313726E-02	-4.901961E-03	
  .0003454	 5.098039E-02	-2.941177E-03	
  .0003456	 5.098039E-02	-6.862745E-03	
  .0003458	 5.098039E-02	-4.901961E-03	
  .000346	 5.098039E-02	-6.862745E-03	
  .0003462	 4.313726E-02	-6.862745E-03	
  .0003464	 4.313726E-02	-4.901961E-03	
  .0003466	 4.313726E-02	-2.941177E-03	
  .0003468	 4.313726E-02	-4.901961E-03	
  .000347	 4.313726E-02	-4.901961E-03	
  .0003472	 4.313726E-02	-4.901961E-03	
  .0003474	 4.313726E-02	-4.901961E-03	
  .0003476	 3.529412E-02	-4.901961E-03	
  .0003478	 4.313726E-02	-4.901961E-03	
  .000348	 4.313726E-02	-4.901961E-03	
  .0003482	 4.313726E-02	-8.82353E-03	
  .0003484	 4.313726E-02	-6.862745E-03	
  .0003486	 5.098039E-02	-6.862745E-03	
  .0003488	 4.313726E-02	-8.82353E-03	
  .000349	 2.745098E-02	-6.862745E-03	
  .0003492	 3.529412E-02	-8.82353E-03	
  .0003494	 2.745098E-02	-8.82353E-03	
  .0003496	 4.313726E-02	-8.82353E-03	
  .0003498	 3.529412E-02	-8.82353E-03	
  .00035	 2.745098E-02	-6.862745E-03	
  .0003502	 3.529412E-02	-8.82353E-03	
  .0003504	 1.960784E-02	-8.82353E-03	
  .0003506	 2.745098E-02	-8.82353E-03	
  .0003508	 2.745098E-02	-8.82353E-03	
  .000351	 2.745098E-02	-8.82353E-03	
  .0003512	 4.313726E-02	-8.82353E-03	
  .0003514	 1.960784E-02	-6.862745E-03	
  .0003516	 3.529412E-02	-8.82353E-03	
  .0003518	 3.529412E-02	-1.078431E-02	
  .000352	 3.529412E-02	-1.078431E-02	
  .0003522	 2.745098E-02	-1.078431E-02	
  .0003524	 1.960784E-02	-.0127451	
  .0003526	 1.960784E-02	-6.862745E-03	
  .0003528	 1.176471E-02	-8.82353E-03	
  .000353	 1.960784E-02	-1.078431E-02	
  .0003532	 1.960784E-02	-.0127451	
  .0003534	 1.960784E-02	-8.82353E-03	
  .0003536	 2.745098E-02	-1.078431E-02	
  .0003538	 1.176471E-02	-8.82353E-03	
  .000354	 1.960784E-02	-8.82353E-03	
  .0003542	 1.176471E-02	-1.078431E-02	
  .0003544	 2.745098E-02	-1.078431E-02	
  .0003546	 1.960784E-02	-8.82353E-03	
  .0003548	 1.960784E-02	-1.078431E-02	
  .000355	 1.176471E-02	-6.862745E-03	
  .0003552	 2.745098E-02	-.0127451	
  .0003554	 1.960784E-02	-.0127451	
  .0003556	 1.960784E-02	-1.078431E-02	
  .0003558	 1.960784E-02	-1.078431E-02	
  .000356	 1.176471E-02	-1.078431E-02	
  .0003562	 1.176471E-02	-.0127451	
  .0003564	 1.176471E-02	-1.078431E-02	
  .0003566	 1.176471E-02	-1.470588E-02	
  .0003568	 1.960784E-02	-1.078431E-02	
  .000357	 1.176471E-02	-.0127451	
  .0003572	 1.176471E-02	-8.82353E-03	
  .0003574	 1.176471E-02	-.0127451	
  .0003576	 3.921569E-03	-1.078431E-02	
  .0003578	 3.921569E-03	-6.862745E-03	
  .000358	 3.921569E-03	-8.82353E-03	
  .0003582	 1.176471E-02	-8.82353E-03	
  .0003584	 1.176471E-02	-.0127451	
  .0003586	 3.921569E-03	-.0127451	
  .0003588	 3.921569E-03	-.0127451	
  .000359	-3.921569E-03	-1.470588E-02	
  .0003592	-3.921569E-03	-.0127451	
  .0003594	 3.921569E-03	-.0127451	
  .0003596	 3.921569E-03	-1.470588E-02	
  .0003598	 3.921569E-03	-.0127451	
  .00036	 3.921569E-03	-.0127451	
  .0003602	 3.921569E-03	-.0127451	
  .0003604	-3.921569E-03	-1.470588E-02	
  .0003606	-3.921569E-03	-.0127451	
  .0003608	-3.921569E-03	-.0127451	
  .000361	-3.921569E-03	-1.078431E-02	
  .0003612	 3.921569E-03	-1.078431E-02	
  .0003614	-3.921569E-03	-1.470588E-02	
  .0003616	 3.921569E-03	-1.470588E-02	
  .0003618	-1.176471E-02	-1.470588E-02	
  .000362	 3.921569E-03	-1.470588E-02	
  .0003622	 3.921569E-03	-.0127451	
  .0003624	-3.921569E-03	-.0127451	
  .0003626	-3.921569E-03	-1.470588E-02	
  .0003628	-1.176471E-02	-1.470588E-02	
  .000363	 3.921569E-03	-.0127451	
  .0003632	-1.176471E-02	-.0127451	
  .0003634	-3.921569E-03	-1.470588E-02	
  .0003636	-1.176471E-02	-1.470588E-02	
  .0003638	-1.176471E-02	-1.666667E-02	
  .000364	-1.176471E-02	-1.470588E-02	
  .0003642	-1.176471E-02	-.0127451	
  .0003644	-3.921569E-03	-1.470588E-02	
  .0003646	-3.921569E-03	-1.666667E-02	
  .0003648	-1.176471E-02	-1.666667E-02	
  .000365	-1.176471E-02	-1.470588E-02	
  .0003652	-3.921569E-03	-.0127451	
  .0003654	-1.960784E-02	-1.666667E-02	
  .0003656	-1.176471E-02	-1.470588E-02	
  .0003658	-1.960784E-02	-1.666667E-02	
  .000366	-1.176471E-02	-1.666667E-02	
  .0003662	-3.921569E-03	-1.666667E-02	
  .0003664	-1.960784E-02	-1.470588E-02	
  .0003666	-1.176471E-02	-1.470588E-02	
  .0003668	-1.960784E-02	-1.470588E-02	
  .000367	-1.960784E-02	-1.666667E-02	
  .0003672	-1.960784E-02	-.0127451	
  .0003674	-1.960784E-02	-1.470588E-02	
  .0003676	-2.745098E-02	-1.666667E-02	
  .0003678	-1.960784E-02	-1.666667E-02	
  .000368	-1.960784E-02	-1.666667E-02	
  .0003682	-1.960784E-02	-1.470588E-02	
  .0003684	-1.960784E-02	-1.666667E-02	
  .0003686	-2.745098E-02	-1.666667E-02	
  .0003688	-2.745098E-02	-1.666667E-02	
  .000369	-1.960784E-02	-1.862745E-02	
  .0003692	-3.529412E-02	-1.862745E-02	
  .0003694	-1.960784E-02	-1.666667E-02	
  .0003696	-1.176471E-02	-1.862745E-02	
  .0003698	-3.529412E-02	-1.666667E-02	
  .00037	-1.960784E-02	-1.666667E-02	
  .0003702	-4.313726E-02	-1.666667E-02	
  .0003704	-3.529412E-02	-1.666667E-02	
  .0003706	-2.745098E-02	-1.666667E-02	
  .0003708	-2.745098E-02	-1.862745E-02	
  .000371	-1.960784E-02	-1.666667E-02	
  .0003712	-3.529412E-02	-1.666667E-02	
  .0003714	-2.745098E-02	-2.058824E-02	
  .0003716	-2.745098E-02	-2.058824E-02	
  .0003718	-2.745098E-02	-1.666667E-02	
  .000372	-4.313726E-02	-1.862745E-02	
  .0003722	-4.313726E-02	-1.862745E-02	
  .0003724	-5.098039E-02	-1.666667E-02	
  .0003726	-3.529412E-02	-1.862745E-02	
  .0003728	-3.529412E-02	-1.666667E-02	
  .000373	-3.529412E-02	-1.862745E-02	
  .0003732	-3.529412E-02	-1.862745E-02	
  .0003734	-4.313726E-02	-2.058824E-02	
  .0003736	-4.313726E-02	-1.862745E-02	
  .0003738	-4.313726E-02	-1.862745E-02	
  .000374	-4.313726E-02	-1.862745E-02	
  .0003742	-5.098039E-02	-1.862745E-02	
  .0003744	-4.313726E-02	-1.862745E-02	
  .0003746	-2.745098E-02	-1.666667E-02	
  .0003748	-4.313726E-02	-.0127451	
  .000375	-4.313726E-02	-1.862745E-02	
  .0003752	-4.313726E-02	-1.862745E-02	
  .0003754	-5.098039E-02	-1.666667E-02	
  .0003756	-3.529412E-02	-1.666667E-02	
  .0003758	-4.313726E-02	-2.058824E-02	
  .000376	-4.313726E-02	-1.862745E-02	
  .0003762	-3.529412E-02	-1.862745E-02	
  .0003764	-4.313726E-02	-1.862745E-02	
  .0003766	-5.098039E-02	-1.862745E-02	
  .0003768	-5.098039E-02	-1.862745E-02	
  .000377	-4.313726E-02	-1.862745E-02	
  .0003772	-4.313726E-02	-1.666667E-02	
  .0003774	-4.313726E-02	-1.666667E-02	
  .0003776	-4.313726E-02	-1.862745E-02	
  .0003778	-5.098039E-02	-1.862745E-02	
  .000378	-4.313726E-02	-1.862745E-02	
  .0003782	-5.098039E-02	-2.058824E-02	
  .0003784	-5.098039E-02	-2.254902E-02	
  .0003786	-5.098039E-02	-2.058824E-02	
  .0003788	-5.098039E-02	-2.058824E-02	
  .000379	-4.313726E-02	-2.058824E-02	
  .0003792	-5.098039E-02	-1.862745E-02	
  .0003794	-5.098039E-02	-2.254902E-02	
  .0003796	-4.313726E-02	-1.862745E-02	
  .0003798	-5.882353E-02	-2.058824E-02	
  .00038	-5.098039E-02	-2.254902E-02	
  .0003802	-5.882353E-02	-1.862745E-02	
  .0003804	-5.098039E-02	-1.862745E-02	
  .0003806	-5.098039E-02	-1.862745E-02	
  .0003808	-5.098039E-02	-2.058824E-02	
  .000381	-5.882353E-02	-1.862745E-02	
  .0003812	-5.882353E-02	-1.862745E-02	
  .0003814	-5.882353E-02	-2.058824E-02	
  .0003816	-6.666667E-02	-2.254902E-02	
  .0003818	-5.098039E-02	-2.058824E-02	
  .000382	-5.098039E-02	-2.058824E-02	
  .0003822	-5.098039E-02	-1.862745E-02	
  .0003824	-5.882353E-02	-2.058824E-02	
  .0003826	-5.882353E-02	-2.058824E-02	
  .0003828	-5.882353E-02	-1.862745E-02	
  .000383	-5.882353E-02	-1.862745E-02	
  .0003832	-6.666667E-02	-1.862745E-02	
  .0003834	-5.882353E-02	-2.058824E-02	
  .0003836	-6.666667E-02	-1.862745E-02	
  .0003838	-5.882353E-02	-1.862745E-02	
  .000384	-5.098039E-02	-2.058824E-02	
  .0003842	-5.882353E-02	-2.058824E-02	
  .0003844	-5.882353E-02	-2.058824E-02	
  .0003846	-5.882353E-02	-2.254902E-02	
  .0003848	-5.882353E-02	-2.254902E-02	
  .000385	-5.882353E-02	-1.862745E-02	
  .0003852	-5.882353E-02	-2.254902E-02	
  .0003854	-5.882353E-02	-1.862745E-02	
  .0003856	-6.666667E-02	-2.254902E-02	
  .0003858	-5.882353E-02	-2.058824E-02	
  .000386	-6.666667E-02	-1.862745E-02	
  .0003862	-6.666667E-02	-1.666667E-02	
  .0003864	-6.666667E-02	-1.862745E-02	
  .0003866	-7.450981E-02	-2.058824E-02	
  .0003868	-6.666667E-02	-2.058824E-02	
  .000387	-5.882353E-02	-1.862745E-02	
  .0003872	-6.666667E-02	-2.058824E-02	
  .0003874	-6.666667E-02	-1.862745E-02	
  .0003876	-6.666667E-02	-2.058824E-02	
  .0003878	-6.666667E-02	-2.254902E-02	
  .000388	-7.450981E-02	-1.862745E-02	
  .0003882	-5.882353E-02	-2.058824E-02	
  .0003884	-6.666667E-02	-2.254902E-02	
  .0003886	-6.666667E-02	-2.254902E-02	
  .0003888	-6.666667E-02	-2.058824E-02	
  .000389	-6.666667E-02	-2.254902E-02	
  .0003892	-7.450981E-02	-2.058824E-02	
  .0003894	-5.882353E-02	-2.058824E-02	
  .0003896	-7.450981E-02	-1.862745E-02	
  .0003898	-6.666667E-02	-2.058824E-02	
  .00039	-7.450981E-02	-1.862745E-02	
  .0003902	-7.450981E-02	-2.058824E-02	
  .0003904	-8.235294E-02	-2.058824E-02	
  .0003906	-7.450981E-02	-1.862745E-02	
  .0003908	-7.450981E-02	-1.862745E-02	
  .000391	-8.235294E-02	-1.862745E-02	
  .0003912	-7.450981E-02	-2.058824E-02	
  .0003914	-6.666667E-02	-2.254902E-02	
  .0003916	-7.450981E-02	-2.058824E-02	
  .0003918	-8.235294E-02	-2.058824E-02	
  .000392	-7.450981E-02	-1.862745E-02	
  .0003922	-7.450981E-02	-2.254902E-02	
  .0003924	-9.019608E-02	-1.862745E-02	
  .0003926	-8.235294E-02	-2.058824E-02	
  .0003928	-7.450981E-02	-2.254902E-02	
  .000393	-8.235294E-02	-2.058824E-02	
  .0003932	-8.235294E-02	-2.058824E-02	
  .0003934	-8.235294E-02	-1.862745E-02	
  .0003936	-6.666667E-02	-1.862745E-02	
  .0003938	-9.019608E-02	-2.058824E-02	
  .000394	-8.235294E-02	-1.862745E-02	
  .0003942	-7.450981E-02	-2.058824E-02	
  .0003944	-7.450981E-02	-1.862745E-02	
  .0003946	-8.235294E-02	-1.862745E-02	
  .0003948	-6.666667E-02	-2.058824E-02	
  .000395	-8.235294E-02	-2.058824E-02	
  .0003952	-8.235294E-02	-1.862745E-02	
  .0003954	-9.019608E-02	-1.862745E-02	
  .0003956	-9.019608E-02	-1.862745E-02	
  .0003958	-8.235294E-02	-2.058824E-02	
  .000396	-7.450981E-02	-1.862745E-02	
  .0003962	-7.450981E-02	-2.058824E-02	
  .0003964	-7.450981E-02	-1.862745E-02	
  .0003966	-7.450981E-02	-1.666667E-02	
  .0003968	-7.450981E-02	-1.862745E-02	
  .000397	-7.450981E-02	-1.862745E-02	
  .0003972	-8.235294E-02	-1.666667E-02	
  .0003974	-7.450981E-02	-1.666667E-02	
  .0003976	-7.450981E-02	-1.862745E-02	
  .0003978	-8.235294E-02	-1.862745E-02	
  .000398	-7.450981E-02	-2.058824E-02	
  .0003982	-8.235294E-02	-2.254902E-02	
  .0003984	-9.019608E-02	-2.058824E-02	
  .0003986	-8.235294E-02	-2.254902E-02	
  .0003988	-8.235294E-02	-2.058824E-02	
  .000399	-9.019608E-02	-2.058824E-02	
  .0003992	-7.450981E-02	-2.058824E-02	
  .0003994	-7.450981E-02	-1.862745E-02	
  .0003996	-8.235294E-02	-1.862745E-02	
  .0003998	-8.235294E-02	-2.058824E-02	
  .0004	-9.019608E-02	-1.862745E-02	
  .0004002	-8.235294E-02	-1.862745E-02	
  .0004004	-9.019608E-02	-1.470588E-02	
  .0004006	-8.235294E-02	-1.862745E-02	
  .0004008	-8.235294E-02	-1.666667E-02	
  .000401	-9.019608E-02	-1.862745E-02	
  .0004012	-7.450981E-02	-2.058824E-02	
  .0004014	-8.235294E-02	-1.862745E-02	
  .0004016	-6.666667E-02	-2.058824E-02	
  .0004018	-8.235294E-02	-1.862745E-02	
  .000402	-8.235294E-02	-1.666667E-02	
  .0004022	-9.019608E-02	-1.862745E-02	
  .0004024	-9.019608E-02	-1.862745E-02	
  .0004026	-8.235294E-02	-1.666667E-02	
  .0004028	-8.235294E-02	-1.666667E-02	
  .000403	-8.235294E-02	-1.666667E-02	
  .0004032	-9.019608E-02	-2.058824E-02	
  .0004034	-9.019608E-02	-1.862745E-02	
  .0004036	-8.235294E-02	-1.862745E-02	
  .0004038	-7.450981E-02	-1.666667E-02	
  .000404	-8.235294E-02	-1.862745E-02	
  .0004042	-8.235294E-02	-1.666667E-02	
  .0004044	-9.019608E-02	-1.666667E-02	
  .0004046	-8.235294E-02	-1.862745E-02	
  .0004048	-7.450981E-02	-1.666667E-02	
  .000405	-8.235294E-02	-2.058824E-02	
  .0004052	-8.235294E-02	-1.666667E-02	
  .0004054	-9.019608E-02	-1.862745E-02	
  .0004056	-9.803922E-02	-1.862745E-02	
  .0004058	-8.235294E-02	-1.666667E-02	
  .000406	-9.019608E-02	-1.666667E-02	
  .0004062	-8.235294E-02	-1.666667E-02	
  .0004064	-9.019608E-02	-1.862745E-02	
  .0004066	-8.235294E-02	-1.666667E-02	
  .0004068	-8.235294E-02	-1.470588E-02	
  .000407	-8.235294E-02	-1.666667E-02	
  .0004072	-7.450981E-02	-1.666667E-02	
  .0004074	-8.235294E-02	-1.666667E-02	
  .0004076	-8.235294E-02	-1.862745E-02	
  .0004078	-8.235294E-02	-1.666667E-02	
  .000408	-7.450981E-02	-1.862745E-02	
  .0004082	-7.450981E-02	-1.666667E-02	
  .0004084	-8.235294E-02	-1.666667E-02	
  .0004086	-9.019608E-02	-1.862745E-02	
  .0004088	-9.019608E-02	-1.862745E-02	
  .000409	-8.235294E-02	-1.666667E-02	
  .0004092	-8.235294E-02	-1.666667E-02	
  .0004094	-9.803922E-02	-1.666667E-02	
  .0004096	-8.235294E-02	-1.666667E-02	
  .0004098	-9.803922E-02	-1.666667E-02	
  .00041	-9.019608E-02	-1.862745E-02	
  .0004102	-9.019608E-02	-1.666667E-02	
  .0004104	-8.235294E-02	-1.470588E-02	
  .0004106	-8.235294E-02	-.0127451	
  .0004108	-8.235294E-02	-1.470588E-02	
  .000411	-9.803922E-02	-1.666667E-02	
  .0004112	-9.019608E-02	-1.666667E-02	
  .0004114	-8.235294E-02	-1.470588E-02	
  .0004116	-9.803922E-02	-1.666667E-02	
  .0004118	-8.235294E-02	-1.666667E-02	
  .000412	-9.803922E-02	-1.862745E-02	
  .0004122	-9.803922E-02	-1.666667E-02	
  .0004124	-9.019608E-02	-1.666667E-02	
  .0004126	-8.235294E-02	-1.666667E-02	
  .0004128	-9.803922E-02	-1.666667E-02	
  .000413	-9.019608E-02	-1.666667E-02	
  .0004132	-9.019608E-02	-1.470588E-02	
  .0004134	-9.019608E-02	-1.470588E-02	
  .0004136	-9.019608E-02	-1.666667E-02	
  .0004138	-9.019608E-02	-1.666667E-02	
  .000414	-9.019608E-02	-1.470588E-02	
  .0004142	-8.235294E-02	-1.470588E-02	
  .0004144	-9.019608E-02	-.0127451	
  .0004146	-9.019608E-02	-1.666667E-02	
  .0004148	-8.235294E-02	-1.666667E-02	
  .000415	-9.019608E-02	-1.470588E-02	
  .0004152	-8.235294E-02	-.0127451	
  .0004154	-8.235294E-02	-1.470588E-02	
  .0004156	-8.235294E-02	-1.470588E-02	
  .0004158	-8.235294E-02	-1.470588E-02	
  .000416	-8.235294E-02	-1.470588E-02	
  .0004162	-7.450981E-02	-1.470588E-02	
  .0004164	-8.235294E-02	-1.470588E-02	
  .0004166	-8.235294E-02	-.0127451	
  .0004168	-8.235294E-02	-1.666667E-02	
  .000417	-8.235294E-02	-.0127451	
  .0004172	-9.019608E-02	-1.470588E-02	
  .0004174	-8.235294E-02	-.0127451	
  .0004176	-9.019608E-02	-1.470588E-02	
  .0004178	-7.450981E-02	-1.470588E-02	
  .000418	-9.019608E-02	-1.666667E-02	
  .0004182	-8.235294E-02	-1.470588E-02	
  .0004184	-9.019608E-02	-1.470588E-02	
  .0004186	-8.235294E-02	-1.470588E-02	
  .0004188	-9.019608E-02	-.0127451	
  .000419	-8.235294E-02	-1.470588E-02	
  .0004192	-8.235294E-02	-.0127451	
  .0004194	-9.019608E-02	-1.470588E-02	
  .0004196	-8.235294E-02	-1.078431E-02	
  .0004198	-9.019608E-02	-1.078431E-02	
  .00042	-8.235294E-02	-.0127451	
  .0004202	-8.235294E-02	-1.470588E-02	
  .0004204	-8.235294E-02	-1.470588E-02	
  .0004206	-7.450981E-02	-1.470588E-02	
  .0004208	-8.235294E-02	-.0127451	
  .000421	-7.450981E-02	-.0127451	
  .0004212	-9.019608E-02	-.0127451	
  .0004214	-7.450981E-02	-.0127451	
  .0004216	-8.235294E-02	-.0127451	
  .0004218	-7.450981E-02	-.0127451	
  .000422	-8.235294E-02	-.0127451	
  .0004222	-8.235294E-02	-.0127451	
  .0004224	-7.450981E-02	-1.078431E-02	
  .0004226	-8.235294E-02	-.0127451	
  .0004228	-8.235294E-02	-8.82353E-03	
  .000423	-8.235294E-02	-1.078431E-02	
  .0004232	-7.450981E-02	-.0127451	
  .0004234	-8.235294E-02	-1.078431E-02	
  .0004236	-5.882353E-02	-1.078431E-02	
  .0004238	-8.235294E-02	-.0127451	
  .000424	-6.666667E-02	-1.078431E-02	
  .0004242	-8.235294E-02	-8.82353E-03	
  .0004244	-7.450981E-02	-.0127451	
  .0004246	-6.666667E-02	-8.82353E-03	
  .0004248	-7.450981E-02	-.0127451	
  .000425	-7.450981E-02	-.0127451	
  .0004252	-8.235294E-02	-1.078431E-02	
  .0004254	-7.450981E-02	-1.078431E-02	
  .0004256	-6.666667E-02	-1.078431E-02	
  .0004258	-8.235294E-02	-8.82353E-03	
  .000426	-7.450981E-02	-1.078431E-02	
  .0004262	-8.235294E-02	-1.078431E-02	
  .0004264	-6.666667E-02	-8.82353E-03	
  .0004266	-7.450981E-02	-8.82353E-03	
  .0004268	-7.450981E-02	-8.82353E-03	
  .000427	-7.450981E-02	-8.82353E-03	
  .0004272	-6.666667E-02	-1.078431E-02	
  .0004274	-6.666667E-02	-1.078431E-02	
  .0004276	-6.666667E-02	-8.82353E-03	
  .0004278	-7.450981E-02	-8.82353E-03	
  .000428	-6.666667E-02	-.0127451	
  .0004282	-7.450981E-02	-8.82353E-03	
  .0004284	-7.450981E-02	-1.078431E-02	
  .0004286	-7.450981E-02	-1.078431E-02	
  .0004288	-6.666667E-02	-1.078431E-02	
  .000429	-5.882353E-02	-.0127451	
  .0004292	-8.235294E-02	-8.82353E-03	
  .0004294	-6.666667E-02	-8.82353E-03	
  .0004296	-6.666667E-02	-8.82353E-03	
  .0004298	-7.450981E-02	-8.82353E-03	
  .00043	-6.666667E-02	-6.862745E-03	
  .0004302	-7.450981E-02	-1.078431E-02	
  .0004304	-5.882353E-02	-6.862745E-03	
  .0004306	-7.450981E-02	-8.82353E-03	
  .0004308	-7.450981E-02	-8.82353E-03	
  .000431	-6.666667E-02	-1.078431E-02	
  .0004312	-5.882353E-02	-8.82353E-03	
  .0004314	-6.666667E-02	-6.862745E-03	
  .0004316	-7.450981E-02	-6.862745E-03	
  .0004318	-6.666667E-02	-6.862745E-03	
  .000432	-7.450981E-02	-8.82353E-03	
  .0004322	-7.450981E-02	-1.078431E-02	
  .0004324	-6.666667E-02	-8.82353E-03	
  .0004326	-7.450981E-02	-8.82353E-03	
  .0004328	-6.666667E-02	-8.82353E-03	
  .000433	-7.450981E-02	-8.82353E-03	
  .0004332	-6.666667E-02	-6.862745E-03	
  .0004334	-7.450981E-02	-6.862745E-03	
  .0004336	-7.450981E-02	-6.862745E-03	
  .0004338	-6.666667E-02	-8.82353E-03	
  .000434	-5.098039E-02	-6.862745E-03	
  .0004342	-6.666667E-02	-6.862745E-03	
  .0004344	-5.098039E-02	-8.82353E-03	
  .0004346	-5.882353E-02	-6.862745E-03	
  .0004348	-6.666667E-02	-4.901961E-03	
  .000435	-6.666667E-02	-4.901961E-03	
  .0004352	-6.666667E-02	-4.901961E-03	
  .0004354	-5.882353E-02	-8.82353E-03	
  .0004356	-5.882353E-02	-4.901961E-03	
  .0004358	-5.882353E-02	-4.901961E-03	
  .000436	-5.882353E-02	-4.901961E-03	
  .0004362	-5.882353E-02	-4.901961E-03	
  .0004364	-5.882353E-02	-4.901961E-03	
  .0004366	-5.882353E-02	-4.901961E-03	
  .0004368	-5.882353E-02	-2.941177E-03	
  .000437	-5.098039E-02	-9.803922E-04	
  .0004372	-6.666667E-02	-9.803922E-04	
  .0004374	-5.098039E-02	-4.901961E-03	
  .0004376	-5.882353E-02	-4.901961E-03	
  .0004378	-5.882353E-02	-6.862745E-03	
  .000438	-5.098039E-02	-6.862745E-03	
  .0004382	-6.666667E-02	-6.862745E-03	
  .0004384	-5.882353E-02	-6.862745E-03	
  .0004386	-5.098039E-02	-2.941177E-03	
  .0004388	-5.882353E-02	-6.862745E-03	
  .000439	-5.882353E-02	-6.862745E-03	
  .0004392	-5.882353E-02	-4.901961E-03	
  .0004394	-5.098039E-02	-4.901961E-03	
  .0004396	-5.882353E-02	-4.901961E-03	
  .0004398	-5.098039E-02	-4.901961E-03	
  .00044	-5.882353E-02	-4.901961E-03	
  .0004402	-5.882353E-02	-4.901961E-03	
  .0004404	-5.098039E-02	-4.901961E-03	
  .0004406	-5.882353E-02	-9.803922E-04	
  .0004408	-5.098039E-02	-4.901961E-03	
  .000441	-5.098039E-02	-4.901961E-03	
  .0004412	-4.313726E-02	-6.862745E-03	
  .0004414	-5.098039E-02	-2.941177E-03	
  .0004416	-5.098039E-02	-2.941177E-03	
  .0004418	-5.098039E-02	-2.941177E-03	
  .000442	-5.098039E-02	-4.901961E-03	
  .0004422	-4.313726E-02	-4.901961E-03	
  .0004424	-4.313726E-02	-2.941177E-03	
  .0004426	-4.313726E-02	-9.803922E-04	
  .0004428	-5.098039E-02	-4.901961E-03	
  .000443	-5.098039E-02	-2.941177E-03	
  .0004432	-5.098039E-02	-9.803922E-04	
  .0004434	-3.529412E-02	-2.941177E-03	
  .0004436	-3.529412E-02	-2.941177E-03	
  .0004438	-3.529412E-02	-2.941177E-03	
  .000444	-4.313726E-02	-2.941177E-03	
  .0004442	-4.313726E-02	-4.901961E-03	
  .0004444	-4.313726E-02	-9.803922E-04	
  .0004446	-2.745098E-02	-9.803922E-04	
  .0004448	-2.745098E-02	 9.803922E-04	
  .000445	-1.960784E-02	-9.803922E-04	
  .0004452	-2.745098E-02	-9.803922E-04	
  .0004454	-1.176471E-02	-9.803922E-04	
  .0004456	-1.176471E-02	 2.941177E-03	
  .0004458	-1.960784E-02	 9.803922E-04	
  .000446	-1.960784E-02	 2.941177E-03	
  .0004462	-1.176471E-02	-9.803922E-04	
  .0004464	-1.960784E-02	 9.803922E-04	
  .0004466	-1.176471E-02	 2.941177E-03	
  .0004468	-1.176471E-02	 2.941177E-03	
  .000447	-1.176471E-02	 9.803922E-04	
  .0004472	-1.176471E-02	 2.941177E-03	
  .0004474	-3.921569E-03	 2.941177E-03	
  .0004476	 3.921569E-03	 2.941177E-03	
  .0004478	-3.921569E-03	 9.803922E-04	
  .000448	-1.176471E-02	 2.941177E-03	
  .0004482	 3.921569E-03	 9.803922E-04	
  .0004484	-3.921569E-03	 9.803922E-04	
  .0004486	 3.921569E-03	 9.803922E-04	
  .0004488	 1.960784E-02	 9.803922E-04	
  .000449	 3.921569E-03	 2.941177E-03	
  .0004492	 3.921569E-03	 4.901961E-03	
  .0004494	 3.921569E-03	 6.862745E-03	
  .0004496	 3.921569E-03	 4.901961E-03	
  .0004498	 1.176471E-02	 4.901961E-03	
  .00045	 3.921569E-03	 6.862745E-03	
