 -.0000498	 1.960784E-02	 9.803922E-04	
 -.0000496	 3.921569E-03	 4.901961E-03	
 -.0000494	 1.176471E-02	-9.803922E-04	
 -.0000492	 1.176471E-02	 2.941177E-03	
 -.000049	 1.960784E-02	-9.803922E-04	
 -.0000488	 1.960784E-02	 9.803922E-04	
 -.0000486	 1.960784E-02	 9.803922E-04	
 -.0000484	 1.176471E-02	 9.803922E-04	
 -.0000482	 1.176471E-02	 9.803922E-04	
 -.000048	 1.176471E-02	-2.941177E-03	
 -.0000478	 1.176471E-02	 4.901961E-03	
 -.0000476	 1.176471E-02	 2.941177E-03	
 -.0000474	 1.176471E-02	-9.803922E-04	
 -.0000472	 1.176471E-02	 9.803922E-04	
 -.000047	-3.921569E-03	 9.803922E-04	
 -.0000468	 3.921569E-03	-9.803922E-04	
 -.0000466	 3.921569E-03	-9.803922E-04	
 -.0000464	 1.176471E-02	 9.803922E-04	
 -.0000462	 1.176471E-02	 9.803922E-04	
 -.000046	 1.176471E-02	 2.941177E-03	
 -.0000458	 1.960784E-02	-9.803922E-04	
 -.0000456	 3.921569E-03	 2.941177E-03	
 -.0000454	 1.176471E-02	-9.803922E-04	
 -.0000452	 1.176471E-02	 2.941177E-03	
 -.000045	 1.176471E-02	 2.941177E-03	
 -.0000448	 1.176471E-02	 9.803922E-04	
 -.0000446	 1.176471E-02	 4.901961E-03	
 -.0000444	 3.921569E-03	 2.941177E-03	
 -.0000442	 1.176471E-02	 9.803922E-04	
 -.000044	 1.176471E-02	 9.803922E-04	
 -.0000438	 1.176471E-02	 2.941177E-03	
 -.0000436	 3.921569E-03	 9.803922E-04	
 -.0000434	 1.176471E-02	 9.803922E-04	
 -.0000432	 3.921569E-03	 2.941177E-03	
 -.000043	 1.176471E-02	-9.803922E-04	
 -.0000428	 3.921569E-03	 9.803922E-04	
 -.0000426	 1.176471E-02	-9.803922E-04	
 -.0000424	 1.960784E-02	 9.803922E-04	
 -.0000422	 1.176471E-02	 9.803922E-04	
 -.000042	-3.921569E-03	 9.803922E-04	
 -.0000418	 3.921569E-03	 9.803922E-04	
 -.0000416	 3.921569E-03	 9.803922E-04	
 -.0000414	 1.176471E-02	 9.803922E-04	
 -.0000412	 1.960784E-02	 2.941177E-03	
 -.000041	 1.176471E-02	-9.803922E-04	
 -.0000408	 1.960784E-02	-9.803922E-04	
 -.0000406	 1.960784E-02	 9.803922E-04	
 -.0000404	 1.176471E-02	 9.803922E-04	
 -.0000402	 1.960784E-02	 9.803922E-04	
 -.00004	 3.921569E-03	 9.803922E-04	
 -.0000398	 1.960784E-02	 2.941177E-03	
 -.0000396	 3.921569E-03	 2.941177E-03	
 -.0000394	 1.176471E-02	 9.803922E-04	
 -.0000392	 1.176471E-02	 9.803922E-04	
 -.000039	 1.176471E-02	 9.803922E-04	
 -.0000388	 3.921569E-03	 9.803922E-04	
 -.0000386	 2.745098E-02	-9.803922E-04	
 -.0000384	 3.921569E-03	 9.803922E-04	
 -.0000382	 3.921569E-03	 9.803922E-04	
 -.000038	 3.921569E-03	 9.803922E-04	
 -.0000378	 3.921569E-03	 2.941177E-03	
 -.0000376	 1.960784E-02	 9.803922E-04	
 -.0000374	 3.921569E-03	 2.941177E-03	
 -.0000372	 3.921569E-03	-9.803922E-04	
 -.000037	 1.176471E-02	-9.803922E-04	
 -.0000368	 3.921569E-03	 9.803922E-04	
 -.0000366	 3.921569E-03	-9.803922E-04	
 -.0000364	-3.921569E-03	 9.803922E-04	
 -.0000362	 1.960784E-02	 9.803922E-04	
 -.000036	 1.176471E-02	 9.803922E-04	
 -.0000358	 1.960784E-02	 9.803922E-04	
 -.0000356	 3.921569E-03	 9.803922E-04	
 -.0000354	 3.921569E-03	 9.803922E-04	
 -.0000352	 1.960784E-02	 2.941177E-03	
 -.000035	 1.176471E-02	 9.803922E-04	
 -.0000348	 1.960784E-02	 9.803922E-04	
 -.0000346	 1.960784E-02	 4.901961E-03	
 -.0000344	 1.176471E-02	 2.941177E-03	
 -.0000342	 1.176471E-02	-9.803922E-04	
 -.000034	 1.960784E-02	 9.803922E-04	
 -.0000338	 1.176471E-02	-9.803922E-04	
 -.0000336	 1.960784E-02	 2.941177E-03	
 -.0000334	 1.176471E-02	 9.803922E-04	
 -.0000332	 1.176471E-02	 9.803922E-04	
 -.000033	 1.176471E-02	 9.803922E-04	
 -.0000328	 1.176471E-02	 9.803922E-04	
 -.0000326	 1.960784E-02	-9.803922E-04	
 -.0000324	 1.176471E-02	 9.803922E-04	
 -.0000322	 3.921569E-03	 9.803922E-04	
 -.000032	 1.960784E-02	 9.803922E-04	
 -.0000318	 1.176471E-02	 2.941177E-03	
 -.0000316	 1.176471E-02	 9.803922E-04	
 -.0000314	 1.960784E-02	 2.941177E-03	
 -.0000312	 1.176471E-02	 2.941177E-03	
 -.000031	-3.921569E-03	 9.803922E-04	
 -.0000308	 1.176471E-02	 9.803922E-04	
 -.0000306	 1.176471E-02	 9.803922E-04	
 -.0000304	 1.176471E-02	-2.941177E-03	
 -.0000302	 1.176471E-02	 2.941177E-03	
 -.00003	 1.960784E-02	-9.803922E-04	
 -.0000298	 1.176471E-02	 2.941177E-03	
 -.0000296	 1.960784E-02	 9.803922E-04	
 -.0000294	 1.176471E-02	 9.803922E-04	
 -.0000292	 1.960784E-02	-9.803922E-04	
 -.000029	 1.176471E-02	 9.803922E-04	
 -.0000288	 1.176471E-02	-9.803922E-04	
 -.0000286	 1.176471E-02	 9.803922E-04	
 -.0000284	 1.176471E-02	 9.803922E-04	
 -.0000282	 3.921569E-03	-2.941177E-03	
 -.000028	 2.745098E-02	 2.941177E-03	
 -.0000278	 1.176471E-02	 2.941177E-03	
 -.0000276	 1.176471E-02	 9.803922E-04	
 -.0000274	 1.176471E-02	 9.803922E-04	
 -.0000272	 3.921569E-03	 9.803922E-04	
 -.000027	 1.960784E-02	-9.803922E-04	
 -.0000268	 1.176471E-02	 9.803922E-04	
 -.0000266	 1.176471E-02	 2.941177E-03	
 -.0000264	 3.921569E-03	 2.941177E-03	
 -.0000262	 1.176471E-02	-9.803922E-04	
 -.000026	 1.176471E-02	-9.803922E-04	
 -.0000258	 3.921569E-03	 2.941177E-03	
 -.0000256	 3.921569E-03	-9.803922E-04	
 -.0000254	 1.176471E-02	 9.803922E-04	
 -.0000252	 1.176471E-02	 9.803922E-04	
 -.000025	 3.921569E-03	 2.941177E-03	
 -.0000248	 1.176471E-02	 4.901961E-03	
 -.0000246	 3.921569E-03	 2.941177E-03	
 -.0000244	 3.921569E-03	 9.803922E-04	
 -.0000242	 1.176471E-02	 9.803922E-04	
 -.000024	 1.176471E-02	 9.803922E-04	
 -.0000238	 3.921569E-03	-9.803922E-04	
 -.0000236	 1.960784E-02	 9.803922E-04	
 -.0000234	 3.921569E-03	 2.941177E-03	
 -.0000232	 1.176471E-02	 9.803922E-04	
 -.000023	 3.921569E-03	 9.803922E-04	
 -.0000228	 1.960784E-02	 9.803922E-04	
 -.0000226	 1.960784E-02	 9.803922E-04	
 -.0000224	 1.960784E-02	 2.941177E-03	
 -.0000222	 3.921569E-03	-9.803922E-04	
 -.000022	 3.921569E-03	 9.803922E-04	
 -.0000218	 3.921569E-03	 9.803922E-04	
 -.0000216	 1.960784E-02	 9.803922E-04	
 -.0000214	 1.960784E-02	 9.803922E-04	
 -.0000212	 1.176471E-02	 2.941177E-03	
 -.000021	 2.745098E-02	 4.901961E-03	
 -.0000208	 1.960784E-02	 9.803922E-04	
 -.0000206	 3.921569E-03	-9.803922E-04	
 -.0000204	 1.960784E-02	 9.803922E-04	
 -.0000202	 3.921569E-03	 9.803922E-04	
 -.00002	 1.960784E-02	 9.803922E-04	
 -.0000198	 1.176471E-02	 9.803922E-04	
 -.0000196	 1.960784E-02	 9.803922E-04	
 -.0000194	 3.921569E-03	 9.803922E-04	
 -.0000192	 1.176471E-02	-9.803922E-04	
 -.000019	 1.176471E-02	-9.803922E-04	
 -.0000188	 1.960784E-02	 9.803922E-04	
 -.0000186	 3.921569E-03	 9.803922E-04	
 -.0000184	-3.921569E-03	 9.803922E-04	
 -.0000182	 1.176471E-02	 9.803922E-04	
 -.000018	 3.921569E-03	 2.941177E-03	
 -.0000178	 1.960784E-02	-9.803922E-04	
 -.0000176	 3.921569E-03	-9.803922E-04	
 -.0000174	 3.921569E-03	 9.803922E-04	
 -.0000172	 1.960784E-02	-9.803922E-04	
 -.000017	 3.921569E-03	 9.803922E-04	
 -.0000168	 3.921569E-03	 9.803922E-04	
 -.0000166	 3.921569E-03	-9.803922E-04	
 -.0000164	 3.921569E-03	-9.803922E-04	
 -.0000162	 1.176471E-02	 2.941177E-03	
 -.000016	 1.960784E-02	 9.803922E-04	
 -.0000158	 1.960784E-02	 2.941177E-03	
 -.0000156	 3.921569E-03	 9.803922E-04	
 -.0000154	 1.960784E-02	 9.803922E-04	
 -.0000152	 1.176471E-02	 9.803922E-04	
 -.000015	 1.176471E-02	 9.803922E-04	
 -.0000148	 1.960784E-02	 2.941177E-03	
 -.0000146	 1.176471E-02	 4.901961E-03	
 -.0000144	 1.176471E-02	 9.803922E-04	
 -.0000142	 1.176471E-02	-9.803922E-04	
 -.000014	 1.176471E-02	 9.803922E-04	
 -.0000138	 1.176471E-02	 2.941177E-03	
 -.0000136	 1.176471E-02	 9.803922E-04	
 -.0000134	 3.921569E-03	 2.941177E-03	
 -.0000132	 1.176471E-02	 9.803922E-04	
 -.000013	 1.176471E-02	 9.803922E-04	
 -.0000128	 1.960784E-02	-9.803922E-04	
 -.0000126	 1.176471E-02	-9.803922E-04	
 -.0000124	 1.176471E-02	 9.803922E-04	
 -.0000122	 1.176471E-02	 9.803922E-04	
 -.000012	 1.176471E-02	 2.941177E-03	
 -.0000118	-3.921569E-03	 9.803922E-04	
 -.0000116	 1.176471E-02	 2.941177E-03	
 -.0000114	 1.176471E-02	 9.803922E-04	
 -.0000112	 1.176471E-02	 9.803922E-04	
 -.000011	 1.176471E-02	-9.803922E-04	
 -.0000108	 1.960784E-02	 9.803922E-04	
 -.0000106	 1.176471E-02	-9.803922E-04	
 -.0000104	 1.176471E-02	 2.941177E-03	
 -.0000102	 1.960784E-02	 2.941177E-03	
 -.00001	 1.176471E-02	 9.803922E-04	
 -.0000098	 1.176471E-02	 2.941177E-03	
 -.0000096	 1.960784E-02	-9.803922E-04	
 -.0000094	 1.960784E-02	-9.803922E-04	
 -.0000092	 1.176471E-02	 9.803922E-04	
 -.000009	 3.921569E-03	-9.803922E-04	
 -.0000088	 3.921569E-03	 9.803922E-04	
 -.0000086	 1.176471E-02	 9.803922E-04	
 -.0000084	 1.176471E-02	 2.941177E-03	
 -.0000082	 1.960784E-02	 9.803922E-04	
 -.000008	 1.176471E-02	 2.941177E-03	
 -.0000078	 1.176471E-02	 9.803922E-04	
 -.0000076	 1.176471E-02	 9.803922E-04	
 -.0000074	 1.176471E-02	 9.803922E-04	
 -.0000072	 3.921569E-03	 9.803922E-04	
 -.000007	 1.176471E-02	 9.803922E-04	
 -.0000068	 1.176471E-02	 9.803922E-04	
 -.0000066	 1.176471E-02	 9.803922E-04	
 -.0000064	 1.176471E-02	 9.803922E-04	
 -.0000062	 1.176471E-02	-9.803922E-04	
 -.000006	 1.176471E-02	 2.941177E-03	
 -.0000058	 1.176471E-02	 9.803922E-04	
 -.0000056	 1.176471E-02	 9.803922E-04	
 -.0000054	 1.176471E-02	 9.803922E-04	
 -.0000052	 3.921569E-03	 2.941177E-03	
 -.000005	 1.176471E-02	 2.941177E-03	
 -.0000048	 3.921569E-03	 2.941177E-03	
 -.0000046	 1.176471E-02	 9.803922E-04	
 -.0000044	 1.176471E-02	 9.803922E-04	
 -.0000042	 1.176471E-02	 9.803922E-04	
 -.000004	 3.921569E-03	 9.803922E-04	
 -.0000038	 3.921569E-03	 9.803922E-04	
 -.0000036	 1.176471E-02	 2.941177E-03	
 -.0000034	 1.176471E-02	 9.803922E-04	
 -.0000032	 1.960784E-02	 2.941177E-03	
 -.000003	 1.960784E-02	 9.803922E-04	
 -.0000028	 2.745098E-02	-9.803922E-04	
 -.0000026	 1.960784E-02	 2.941177E-03	
 -.0000024	-3.921569E-03	 9.803922E-04	
 -.0000022	 1.960784E-02	 2.941177E-03	
 -.000002	 1.176471E-02	 9.803922E-04	
 -.0000018	 1.960784E-02	 2.941177E-03	
 -.0000016	 2.745098E-02	 9.803922E-04	
 -.0000014	 1.176471E-02	 9.803922E-04	
 -.0000012	 1.960784E-02	 2.941177E-03	
 -.000001	 1.176471E-02	 9.803922E-04	
 -.0000008	 1.176471E-02	-9.803922E-04	
 -.0000006	 2.745098E-02	 9.803922E-04	
 -.0000004	 1.176471E-02	 2.941177E-03	
 -.0000002	 2.745098E-02	 2.941177E-03	
  0	 1.176471E-02	 9.803922E-04	
  .0000002	 1.960784E-02	-9.803922E-04	
  .0000004	 3.529412E-02	-9.803922E-04	
  .0000006	 1.960784E-02	-9.803922E-04	
  .0000008	 3.921569E-03	 4.901961E-03	
  .000001	 2.745098E-02	-9.803922E-04	
  .0000012	 1.176471E-02	-9.803922E-04	
  .0000014	 1.176471E-02	 2.941177E-03	
  .0000016	 1.176471E-02	 9.803922E-04	
  .0000018	 1.176471E-02	 2.941177E-03	
  .000002	 1.960784E-02	 9.803922E-04	
  .0000022	 1.176471E-02	-9.803922E-04	
  .0000024	 3.921569E-03	 2.941177E-03	
  .0000026	 1.176471E-02	-9.803922E-04	
  .0000028	 1.176471E-02	 9.803922E-04	
  .000003	 3.921569E-03	 2.941177E-03	
  .0000032	 3.921569E-03	 9.803922E-04	
  .0000034	 1.176471E-02	 2.941177E-03	
  .0000036	 1.176471E-02	 4.901961E-03	
  .0000038	 1.960784E-02	 2.941177E-03	
  .000004	 1.960784E-02	 2.941177E-03	
  .0000042	 3.921569E-03	 9.803922E-04	
  .0000044	 1.176471E-02	 2.941177E-03	
  .0000046	 1.176471E-02	 9.803922E-04	
  .0000048	 1.960784E-02	 2.941177E-03	
  .000005	 1.960784E-02	 4.901961E-03	
  .0000052	 1.176471E-02	 2.941177E-03	
  .0000054	 1.176471E-02	-9.803922E-04	
  .0000056	-3.921569E-03	 9.803922E-04	
  .0000058	 3.921569E-03	 9.803922E-04	
  .000006	 1.960784E-02	 2.941177E-03	
  .0000062	 1.960784E-02	 2.941177E-03	
  .0000064	 3.921569E-03	 2.941177E-03	
  .0000066	 1.960784E-02	 9.803922E-04	
  .0000068	 1.176471E-02	 2.941177E-03	
  .000007	 1.960784E-02	 9.803922E-04	
  .0000072	 1.176471E-02	-9.803922E-04	
  .0000074	 3.921569E-03	 9.803922E-04	
  .0000076	 1.176471E-02	 9.803922E-04	
  .0000078	 1.176471E-02	 2.941177E-03	
  .000008	 1.176471E-02	 2.941177E-03	
  .0000082	 1.960784E-02	 9.803922E-04	
  .0000084	 1.960784E-02	 9.803922E-04	
  .0000086	 1.960784E-02	 2.941177E-03	
  .0000088	 1.176471E-02	 9.803922E-04	
  .000009	 1.176471E-02	-9.803922E-04	
  .0000092	 1.960784E-02	-9.803922E-04	
  .0000094	 3.921569E-03	-9.803922E-04	
  .0000096	 1.960784E-02	 9.803922E-04	
  .0000098	 1.960784E-02	 4.901961E-03	
  .00001	 1.960784E-02	 9.803922E-04	
  .0000102	 1.960784E-02	 2.941177E-03	
  .0000104	 1.176471E-02	-9.803922E-04	
  .0000106	 3.921569E-03	 9.803922E-04	
  .0000108	 1.176471E-02	 9.803922E-04	
  .000011	 1.176471E-02	 2.941177E-03	
  .0000112	 1.176471E-02	-9.803922E-04	
  .0000114	 1.176471E-02	-9.803922E-04	
  .0000116	 1.960784E-02	 2.941177E-03	
  .0000118	 1.176471E-02	 2.941177E-03	
  .000012	 1.176471E-02	 9.803922E-04	
  .0000122	 3.921569E-03	-9.803922E-04	
  .0000124	-3.921569E-03	-9.803922E-04	
  .0000126	 3.921569E-03	 9.803922E-04	
  .0000128	 1.176471E-02	 9.803922E-04	
  .000013	 3.921569E-03	 9.803922E-04	
  .0000132	 1.960784E-02	 9.803922E-04	
  .0000134	 3.921569E-03	 9.803922E-04	
  .0000136	 1.176471E-02	 9.803922E-04	
  .0000138	 1.176471E-02	-9.803922E-04	
  .000014	 3.921569E-03	 9.803922E-04	
  .0000142	 1.960784E-02	 2.941177E-03	
  .0000144	 3.921569E-03	 9.803922E-04	
  .0000146	 1.176471E-02	 9.803922E-04	
  .0000148	 1.176471E-02	 2.941177E-03	
  .000015	 1.176471E-02	 2.941177E-03	
  .0000152	 1.176471E-02	 9.803922E-04	
  .0000154	 1.176471E-02	 9.803922E-04	
  .0000156	 1.176471E-02	 9.803922E-04	
  .0000158	 1.176471E-02	 9.803922E-04	
  .000016	 3.921569E-03	 9.803922E-04	
  .0000162	 3.921569E-03	 2.941177E-03	
  .0000164	 3.921569E-03	 9.803922E-04	
  .0000166	 1.960784E-02	 9.803922E-04	
  .0000168	 1.176471E-02	 9.803922E-04	
  .000017	 1.960784E-02	 9.803922E-04	
  .0000172	 1.960784E-02	 9.803922E-04	
  .0000174	 3.921569E-03	 9.803922E-04	
  .0000176	 1.176471E-02	 2.941177E-03	
  .0000178	 1.176471E-02	 9.803922E-04	
  .000018	 1.176471E-02	 2.941177E-03	
  .0000182	 1.960784E-02	 9.803922E-04	
  .0000184	 1.960784E-02	 2.941177E-03	
  .0000186	 1.176471E-02	 2.941177E-03	
  .0000188	 1.176471E-02	 9.803922E-04	
  .000019	 1.176471E-02	-2.941177E-03	
  .0000192	 1.176471E-02	-9.803922E-04	
  .0000194	 1.176471E-02	 9.803922E-04	
  .0000196	 1.176471E-02	 2.941177E-03	
  .0000198	 3.921569E-03	 9.803922E-04	
  .00002	 1.176471E-02	 9.803922E-04	
  .0000202	 1.960784E-02	 9.803922E-04	
  .0000204	 3.921569E-03	-9.803922E-04	
  .0000206	 3.921569E-03	 9.803922E-04	
  .0000208	 1.176471E-02	-9.803922E-04	
  .000021	 3.921569E-03	 9.803922E-04	
  .0000212	 3.921569E-03	 9.803922E-04	
  .0000214	 1.176471E-02	 9.803922E-04	
  .0000216	 3.921569E-03	 2.941177E-03	
  .0000218	 1.960784E-02	-9.803922E-04	
  .000022	 3.921569E-03	 9.803922E-04	
  .0000222	 3.921569E-03	 2.941177E-03	
  .0000224	 1.176471E-02	 9.803922E-04	
  .0000226	 3.921569E-03	-9.803922E-04	
  .0000228	 1.176471E-02	-9.803922E-04	
  .000023	 3.921569E-03	 9.803922E-04	
  .0000232	 1.176471E-02	 9.803922E-04	
  .0000234	 1.176471E-02	 9.803922E-04	
  .0000236	 1.176471E-02	 9.803922E-04	
  .0000238	 1.176471E-02	 9.803922E-04	
  .000024	 3.921569E-03	-9.803922E-04	
  .0000242	 1.176471E-02	 9.803922E-04	
  .0000244	 1.176471E-02	 2.941177E-03	
  .0000246	 1.176471E-02	 9.803922E-04	
  .0000248	 1.960784E-02	 6.862745E-03	
  .000025	 1.176471E-02	 2.941177E-03	
  .0000252	 1.176471E-02	 2.941177E-03	
  .0000254	 3.921569E-03	-9.803922E-04	
  .0000256	 1.176471E-02	 9.803922E-04	
  .0000258	 3.921569E-03	 2.941177E-03	
  .000026	 1.176471E-02	 9.803922E-04	
  .0000262	 3.921569E-03	 9.803922E-04	
  .0000264	 1.176471E-02	 2.941177E-03	
  .0000266	 1.176471E-02	-9.803922E-04	
  .0000268	 1.176471E-02	-9.803922E-04	
  .000027	 1.960784E-02	-9.803922E-04	
  .0000272	 3.921569E-03	-9.803922E-04	
  .0000274	 1.176471E-02	 9.803922E-04	
  .0000276	 1.176471E-02	 9.803922E-04	
  .0000278	 1.176471E-02	-9.803922E-04	
  .000028	 1.960784E-02	-9.803922E-04	
  .0000282	 1.176471E-02	 2.941177E-03	
  .0000284	 1.176471E-02	 9.803922E-04	
  .0000286	 1.176471E-02	 9.803922E-04	
  .0000288	 1.176471E-02	-9.803922E-04	
  .000029	 1.960784E-02	-9.803922E-04	
  .0000292	 1.176471E-02	 2.941177E-03	
  .0000294	 1.176471E-02	 9.803922E-04	
  .0000296	 1.960784E-02	 2.941177E-03	
  .0000298	 1.176471E-02	 9.803922E-04	
  .00003	 1.960784E-02	 2.941177E-03	
  .0000302	 1.960784E-02	 9.803922E-04	
  .0000304	 3.921569E-03	 2.941177E-03	
  .0000306	 1.176471E-02	 9.803922E-04	
  .0000308	 3.921569E-03	 2.941177E-03	
  .000031	 1.176471E-02	 9.803922E-04	
  .0000312	 1.176471E-02	 9.803922E-04	
  .0000314	 1.960784E-02	 9.803922E-04	
  .0000316	 1.176471E-02	 9.803922E-04	
  .0000318	 1.960784E-02	 9.803922E-04	
  .000032	 1.176471E-02	 9.803922E-04	
  .0000322	-3.921569E-03	-9.803922E-04	
  .0000324	 1.176471E-02	 9.803922E-04	
  .0000326	 1.176471E-02	 9.803922E-04	
  .0000328	 3.921569E-03	-9.803922E-04	
  .000033	 1.960784E-02	 9.803922E-04	
  .0000332	 1.176471E-02	 9.803922E-04	
  .0000334	 1.960784E-02	 9.803922E-04	
  .0000336	 1.176471E-02	 4.901961E-03	
  .0000338	 3.921569E-03	 9.803922E-04	
  .000034	 1.176471E-02	 9.803922E-04	
  .0000342	 1.176471E-02	 9.803922E-04	
  .0000344	 3.921569E-03	 2.941177E-03	
  .0000346	 1.960784E-02	 2.941177E-03	
  .0000348	 3.921569E-03	 2.941177E-03	
  .000035	 1.176471E-02	-9.803922E-04	
  .0000352	 1.176471E-02	 9.803922E-04	
  .0000354	 3.921569E-03	 9.803922E-04	
  .0000356	 3.921569E-03	-9.803922E-04	
  .0000358	 1.176471E-02	 9.803922E-04	
  .000036	 1.176471E-02	 2.941177E-03	
  .0000362	 1.176471E-02	-9.803922E-04	
  .0000364	 1.960784E-02	 2.941177E-03	
  .0000366	 1.960784E-02	 9.803922E-04	
  .0000368	 1.176471E-02	 9.803922E-04	
  .000037	 1.176471E-02	 9.803922E-04	
  .0000372	 1.176471E-02	 9.803922E-04	
  .0000374	 1.176471E-02	 9.803922E-04	
  .0000376	 1.176471E-02	 9.803922E-04	
  .0000378	 1.176471E-02	 9.803922E-04	
  .000038	 1.960784E-02	-9.803922E-04	
  .0000382	 1.176471E-02	 2.941177E-03	
  .0000384	 1.176471E-02	 2.941177E-03	
  .0000386	 3.921569E-03	-9.803922E-04	
  .0000388	 1.176471E-02	-9.803922E-04	
  .000039	 1.176471E-02	 9.803922E-04	
  .0000392	 3.921569E-03	 9.803922E-04	
  .0000394	 1.960784E-02	 9.803922E-04	
  .0000396	 1.960784E-02	 2.941177E-03	
  .0000398	 1.176471E-02	 9.803922E-04	
  .00004	 1.960784E-02	 9.803922E-04	
  .0000402	 1.960784E-02	-9.803922E-04	
  .0000404	 1.960784E-02	-9.803922E-04	
  .0000406	 1.960784E-02	-9.803922E-04	
  .0000408	 3.921569E-03	 9.803922E-04	
  .000041	 3.921569E-03	 2.941177E-03	
  .0000412	 3.921569E-03	 9.803922E-04	
  .0000414	 1.960784E-02	 9.803922E-04	
  .0000416	 1.960784E-02	 9.803922E-04	
  .0000418	 3.921569E-03	 9.803922E-04	
  .000042	 1.176471E-02	 9.803922E-04	
  .0000422	 3.921569E-03	 9.803922E-04	
  .0000424	 1.176471E-02	 9.803922E-04	
  .0000426	 1.176471E-02	 9.803922E-04	
  .0000428	 3.921569E-03	 9.803922E-04	
  .000043	 1.176471E-02	-9.803922E-04	
  .0000432	 1.176471E-02	 9.803922E-04	
  .0000434	 1.176471E-02	 9.803922E-04	
  .0000436	 1.176471E-02	 2.941177E-03	
  .0000438	 3.921569E-03	-9.803922E-04	
  .000044	 1.176471E-02	 2.941177E-03	
  .0000442	 1.176471E-02	 2.941177E-03	
  .0000444	 1.176471E-02	 9.803922E-04	
  .0000446	 1.960784E-02	 4.901961E-03	
  .0000448	 1.960784E-02	 2.941177E-03	
  .000045	 1.176471E-02	-9.803922E-04	
  .0000452	 1.176471E-02	-9.803922E-04	
  .0000454	 1.176471E-02	-9.803922E-04	
  .0000456	 1.960784E-02	 9.803922E-04	
  .0000458	 1.176471E-02	 9.803922E-04	
  .000046	 1.176471E-02	 9.803922E-04	
  .0000462	 1.176471E-02	 9.803922E-04	
  .0000464	 3.921569E-03	 9.803922E-04	
  .0000466	 1.960784E-02	-9.803922E-04	
  .0000468	 1.960784E-02	 9.803922E-04	
  .000047	 1.176471E-02	-9.803922E-04	
  .0000472	 1.176471E-02	-9.803922E-04	
  .0000474	 3.921569E-03	 2.941177E-03	
  .0000476	 3.921569E-03	 9.803922E-04	
  .0000478	 1.176471E-02	 9.803922E-04	
  .000048	 3.921569E-03	 2.941177E-03	
  .0000482	 3.921569E-03	 9.803922E-04	
  .0000484	 1.176471E-02	-2.941177E-03	
  .0000486	 3.921569E-03	-9.803922E-04	
  .0000488	 1.176471E-02	-9.803922E-04	
  .000049	 1.960784E-02	 9.803922E-04	
  .0000492	 1.960784E-02	 9.803922E-04	
  .0000494	 1.176471E-02	 9.803922E-04	
  .0000496	 1.176471E-02	 9.803922E-04	
  .0000498	 1.176471E-02	 9.803922E-04	
  .00005	 1.176471E-02	-9.803922E-04	
  .0000502	 1.176471E-02	 9.803922E-04	
  .0000504	 1.176471E-02	 9.803922E-04	
  .0000506	 3.921569E-03	 2.941177E-03	
  .0000508	 3.921569E-03	 9.803922E-04	
  .000051	 3.921569E-03	-9.803922E-04	
  .0000512	 1.960784E-02	 9.803922E-04	
  .0000514	 1.176471E-02	-9.803922E-04	
  .0000516	 1.176471E-02	 9.803922E-04	
  .0000518	 1.176471E-02	-9.803922E-04	
  .000052	-3.921569E-03	 2.941177E-03	
  .0000522	 3.921569E-03	-9.803922E-04	
  .0000524	 1.176471E-02	 9.803922E-04	
  .0000526	 1.176471E-02	 2.941177E-03	
  .0000528	-3.921569E-03	 2.941177E-03	
  .000053	 1.960784E-02	 9.803922E-04	
  .0000532	 1.176471E-02	-9.803922E-04	
  .0000534	 1.176471E-02	 2.941177E-03	
  .0000536	 1.176471E-02	 2.941177E-03	
  .0000538	 1.176471E-02	 9.803922E-04	
  .000054	 1.176471E-02	 2.941177E-03	
  .0000542	 1.176471E-02	 2.941177E-03	
  .0000544	 1.176471E-02	 4.901961E-03	
  .0000546	 3.921569E-03	 2.941177E-03	
  .0000548	 1.176471E-02	-9.803922E-04	
  .000055	 1.176471E-02	-9.803922E-04	
  .0000552	 1.176471E-02	-9.803922E-04	
  .0000554	 1.960784E-02	-9.803922E-04	
  .0000556	 1.960784E-02	-9.803922E-04	
  .0000558	 1.176471E-02	 2.941177E-03	
  .000056	 1.176471E-02	 9.803922E-04	
  .0000562	 1.176471E-02	 9.803922E-04	
  .0000564	 1.960784E-02	 2.941177E-03	
  .0000566	 1.960784E-02	 2.941177E-03	
  .0000568	 1.176471E-02	 9.803922E-04	
  .000057	 3.921569E-03	 9.803922E-04	
  .0000572	 1.176471E-02	 2.941177E-03	
  .0000574	 3.921569E-03	 9.803922E-04	
  .0000576	 1.176471E-02	 2.941177E-03	
  .0000578	 1.176471E-02	 9.803922E-04	
  .000058	 1.176471E-02	 9.803922E-04	
  .0000582	 1.960784E-02	 2.941177E-03	
  .0000584	 3.921569E-03	 9.803922E-04	
  .0000586	 1.176471E-02	 9.803922E-04	
  .0000588	 1.176471E-02	 9.803922E-04	
  .000059	 1.176471E-02	 9.803922E-04	
  .0000592	 1.960784E-02	 2.941177E-03	
  .0000594	 1.176471E-02	 9.803922E-04	
  .0000596	 1.960784E-02	 9.803922E-04	
  .0000598	 1.960784E-02	 2.941177E-03	
  .00006	 1.960784E-02	 9.803922E-04	
  .0000602	 3.921569E-03	-9.803922E-04	
  .0000604	 2.745098E-02	-2.941177E-03	
  .0000606	 1.960784E-02	 9.803922E-04	
  .0000608	 3.921569E-03	 9.803922E-04	
  .000061	 1.176471E-02	 9.803922E-04	
  .0000612	 1.960784E-02	 2.941177E-03	
  .0000614	 1.960784E-02	-9.803922E-04	
  .0000616	 1.176471E-02	 9.803922E-04	
  .0000618	 3.921569E-03	 2.941177E-03	
  .000062	 1.960784E-02	 9.803922E-04	
  .0000622	 3.921569E-03	 9.803922E-04	
  .0000624	 3.921569E-03	 2.941177E-03	
  .0000626	 1.176471E-02	 9.803922E-04	
  .0000628	 3.921569E-03	 9.803922E-04	
  .000063	 1.176471E-02	 9.803922E-04	
  .0000632	 1.960784E-02	-9.803922E-04	
  .0000634	 1.960784E-02	 2.941177E-03	
  .0000636	 1.176471E-02	 9.803922E-04	
  .0000638	 1.176471E-02	 9.803922E-04	
  .000064	 1.176471E-02	 2.941177E-03	
  .0000642	 1.960784E-02	 2.941177E-03	
  .0000644	 1.176471E-02	 4.901961E-03	
  .0000646	 1.176471E-02	 2.941177E-03	
  .0000648	 1.176471E-02	-9.803922E-04	
  .000065	 1.176471E-02	-9.803922E-04	
  .0000652	 3.921569E-03	-9.803922E-04	
  .0000654	 1.176471E-02	 2.941177E-03	
  .0000656	 1.960784E-02	 9.803922E-04	
  .0000658	-3.921569E-03	 9.803922E-04	
  .000066	 1.176471E-02	 2.941177E-03	
  .0000662	 1.176471E-02	 9.803922E-04	
  .0000664	 1.176471E-02	-9.803922E-04	
  .0000666	 1.176471E-02	 9.803922E-04	
  .0000668	 1.176471E-02	 9.803922E-04	
  .000067	 3.921569E-03	-9.803922E-04	
  .0000672	 1.176471E-02	 2.941177E-03	
  .0000674	 3.921569E-03	 9.803922E-04	
  .0000676	 1.960784E-02	 2.941177E-03	
  .0000678	 1.176471E-02	 2.941177E-03	
  .000068	 1.176471E-02	 2.941177E-03	
  .0000682	 1.176471E-02	 9.803922E-04	
  .0000684	 1.176471E-02	 9.803922E-04	
  .0000686	 1.176471E-02	 9.803922E-04	
  .0000688	 1.960784E-02	 2.941177E-03	
  .000069	 2.745098E-02	 2.941177E-03	
  .0000692	 1.176471E-02	 2.941177E-03	
  .0000694	 3.921569E-03	 9.803922E-04	
  .0000696	 1.176471E-02	 9.803922E-04	
  .0000698	 1.960784E-02	 9.803922E-04	
  .00007	 1.176471E-02	-9.803922E-04	
  .0000702	 1.960784E-02	-9.803922E-04	
  .0000704	 1.176471E-02	 2.941177E-03	
  .0000706	 1.176471E-02	 9.803922E-04	
  .0000708	 1.176471E-02	-9.803922E-04	
  .000071	 1.960784E-02	 2.941177E-03	
  .0000712	 1.960784E-02	 4.901961E-03	
  .0000714	 1.176471E-02	 9.803922E-04	
  .0000716	 1.960784E-02	 9.803922E-04	
  .0000718	 3.921569E-03	-9.803922E-04	
  .000072	 1.176471E-02	 9.803922E-04	
  .0000722	 1.176471E-02	 9.803922E-04	
  .0000724	 1.176471E-02	 2.941177E-03	
  .0000726	 1.176471E-02	 2.941177E-03	
  .0000728	 1.960784E-02	-9.803922E-04	
  .000073	 3.921569E-03	 2.941177E-03	
  .0000732	 1.176471E-02	 2.941177E-03	
  .0000734	 1.176471E-02	 9.803922E-04	
  .0000736	 1.176471E-02	 9.803922E-04	
  .0000738	 1.960784E-02	 9.803922E-04	
  .000074	 3.921569E-03	 2.941177E-03	
  .0000742	 1.960784E-02	 4.901961E-03	
  .0000744	 1.176471E-02	 2.941177E-03	
  .0000746	 1.176471E-02	-9.803922E-04	
  .0000748	 1.176471E-02	-9.803922E-04	
  .000075	 3.921569E-03	-9.803922E-04	
  .0000752	 1.960784E-02	-2.941177E-03	
  .0000754	 1.176471E-02	 9.803922E-04	
  .0000756	 3.921569E-03	 2.941177E-03	
  .0000758	 1.176471E-02	 2.941177E-03	
  .000076	 1.176471E-02	-9.803922E-04	
  .0000762	 1.176471E-02	 9.803922E-04	
  .0000764	 1.960784E-02	-2.941177E-03	
  .0000766	 3.921569E-03	 2.941177E-03	
  .0000768	 3.921569E-03	 2.941177E-03	
  .000077	 3.921569E-03	 2.941177E-03	
  .0000772	 1.176471E-02	 9.803922E-04	
  .0000774	 3.921569E-03	 2.941177E-03	
  .0000776	 1.176471E-02	 9.803922E-04	
  .0000778	 1.176471E-02	 9.803922E-04	
  .000078	 1.960784E-02	 2.941177E-03	
  .0000782	 3.921569E-03	 9.803922E-04	
  .0000784	 3.921569E-03	 9.803922E-04	
  .0000786	 1.960784E-02	 9.803922E-04	
  .0000788	 3.921569E-03	 2.941177E-03	
  .000079	 1.960784E-02	 9.803922E-04	
  .0000792	 1.960784E-02	 2.941177E-03	
  .0000794	 1.176471E-02	 9.803922E-04	
  .0000796	 1.960784E-02	 9.803922E-04	
  .0000798	 1.176471E-02	 9.803922E-04	
  .00008	 3.921569E-03	-9.803922E-04	
  .0000802	 1.960784E-02	-9.803922E-04	
  .0000804	 3.921569E-03	 9.803922E-04	
  .0000806	 3.921569E-03	 9.803922E-04	
  .0000808	 1.176471E-02	 9.803922E-04	
  .000081	 1.176471E-02	 9.803922E-04	
  .0000812	 1.960784E-02	 9.803922E-04	
  .0000814	 3.921569E-03	 9.803922E-04	
  .0000816	 3.921569E-03	 9.803922E-04	
  .0000818	 3.921569E-03	 9.803922E-04	
  .000082	 1.176471E-02	 9.803922E-04	
  .0000822	 3.921569E-03	 9.803922E-04	
  .0000824	 3.921569E-03	-9.803922E-04	
  .0000826	 1.176471E-02	 9.803922E-04	
  .0000828	 1.176471E-02	 2.941177E-03	
  .000083	 1.176471E-02	 9.803922E-04	
  .0000832	 1.960784E-02	 2.941177E-03	
  .0000834	 1.176471E-02	 9.803922E-04	
  .0000836	 1.960784E-02	 2.941177E-03	
  .0000838	 3.921569E-03	 2.941177E-03	
  .000084	 1.960784E-02	 9.803922E-04	
  .0000842	 1.960784E-02	 4.901961E-03	
  .0000844	 1.176471E-02	 2.941177E-03	
  .0000846	 1.176471E-02	 9.803922E-04	
  .0000848	 3.921569E-03	-9.803922E-04	
  .000085	 1.176471E-02	 9.803922E-04	
  .0000852	 1.960784E-02	 9.803922E-04	
  .0000854	 1.176471E-02	 9.803922E-04	
  .0000856	 3.921569E-03	 2.941177E-03	
  .0000858	 1.960784E-02	 9.803922E-04	
  .000086	 1.176471E-02	 9.803922E-04	
  .0000862	 1.960784E-02	 9.803922E-04	
  .0000864	 1.960784E-02	 9.803922E-04	
  .0000866	 3.921569E-03	 9.803922E-04	
  .0000868	 1.176471E-02	 9.803922E-04	
  .000087	 1.176471E-02	 2.941177E-03	
  .0000872	 1.176471E-02	 2.941177E-03	
  .0000874	 1.176471E-02	 2.941177E-03	
  .0000876	 2.745098E-02	 9.803922E-04	
  .0000878	 1.176471E-02	 9.803922E-04	
  .000088	 1.960784E-02	 9.803922E-04	
  .0000882	 1.176471E-02	 9.803922E-04	
  .0000884	 1.176471E-02	 9.803922E-04	
  .0000886	 1.176471E-02	 9.803922E-04	
  .0000888	 1.176471E-02	-9.803922E-04	
  .000089	 1.176471E-02	 2.941177E-03	
  .0000892	 1.960784E-02	 9.803922E-04	
  .0000894	 1.960784E-02	 2.941177E-03	
  .0000896	 1.176471E-02	 9.803922E-04	
  .0000898	 1.176471E-02	 9.803922E-04	
  .00009	 3.921569E-03	-9.803922E-04	
  .0000902	 1.176471E-02	 9.803922E-04	
  .0000904	 3.921569E-03	 9.803922E-04	
  .0000906	 3.921569E-03	-9.803922E-04	
  .0000908	 1.960784E-02	 9.803922E-04	
  .000091	 1.176471E-02	 2.941177E-03	
  .0000912	 1.960784E-02	 9.803922E-04	
  .0000914	 1.176471E-02	 9.803922E-04	
  .0000916	 3.921569E-03	 2.941177E-03	
  .0000918	 3.921569E-03	 9.803922E-04	
  .000092	 1.176471E-02	 9.803922E-04	
  .0000922	 3.921569E-03	 9.803922E-04	
  .0000924	 1.176471E-02	 9.803922E-04	
  .0000926	 1.960784E-02	 2.941177E-03	
  .0000928	 1.176471E-02	 2.941177E-03	
  .000093	 3.921569E-03	 2.941177E-03	
  .0000932	 3.921569E-03	 9.803922E-04	
  .0000934	 1.176471E-02	 9.803922E-04	
  .0000936	 1.176471E-02	 2.941177E-03	
  .0000938	 3.921569E-03	 9.803922E-04	
  .000094	 1.960784E-02	 2.941177E-03	
  .0000942	 3.921569E-03	 2.941177E-03	
  .0000944	 3.921569E-03	 9.803922E-04	
  .0000946	 1.176471E-02	 9.803922E-04	
  .0000948	 1.176471E-02	 9.803922E-04	
  .000095	 1.176471E-02	 9.803922E-04	
  .0000952	 1.176471E-02	 9.803922E-04	
  .0000954	 3.921569E-03	 2.941177E-03	
  .0000956	 3.921569E-03	 9.803922E-04	
  .0000958	 1.176471E-02	-9.803922E-04	
  .000096	 1.960784E-02	-9.803922E-04	
  .0000962	 1.960784E-02	-9.803922E-04	
  .0000964	 3.921569E-03	 9.803922E-04	
  .0000966	-3.921569E-03	 9.803922E-04	
  .0000968	 1.176471E-02	 9.803922E-04	
  .000097	 1.176471E-02	 9.803922E-04	
  .0000972	 1.176471E-02	 9.803922E-04	
  .0000974	 1.960784E-02	 9.803922E-04	
  .0000976	 3.921569E-03	 9.803922E-04	
  .0000978	 1.176471E-02	 9.803922E-04	
  .000098	 1.176471E-02	 9.803922E-04	
  .0000982	 3.921569E-03	-9.803922E-04	
  .0000984	 1.176471E-02	 9.803922E-04	
  .0000986	 1.176471E-02	 2.941177E-03	
  .0000988	 1.176471E-02	 9.803922E-04	
  .000099	 1.176471E-02	 9.803922E-04	
  .0000992	 3.921569E-03	 9.803922E-04	
  .0000994	 1.960784E-02	 9.803922E-04	
  .0000996	 1.176471E-02	 9.803922E-04	
  .0000998	 3.921569E-03	-9.803922E-04	
  .0001	 1.960784E-02	-9.803922E-04	
  .0001002	 1.176471E-02	-9.803922E-04	
  .0001004	 1.176471E-02	 9.803922E-04	
  .0001006	-3.921569E-03	 9.803922E-04	
  .0001008	 1.960784E-02	 2.941177E-03	
  .000101	 1.960784E-02	-9.803922E-04	
  .0001012	 1.176471E-02	 9.803922E-04	
  .0001014	-3.921569E-03	 9.803922E-04	
  .0001016	 1.176471E-02	 9.803922E-04	
  .0001018	 1.176471E-02	-9.803922E-04	
  .000102	 1.176471E-02	-9.803922E-04	
  .0001022	 3.921569E-03	 9.803922E-04	
  .0001024	 1.176471E-02	 9.803922E-04	
  .0001026	 1.176471E-02	 2.941177E-03	
  .0001028	 1.960784E-02	 9.803922E-04	
  .000103	 1.960784E-02	 2.941177E-03	
  .0001032	 3.921569E-03	-9.803922E-04	
  .0001034	 1.176471E-02	 9.803922E-04	
  .0001036	 1.176471E-02	 9.803922E-04	
  .0001038	 1.960784E-02	 9.803922E-04	
  .000104	 1.960784E-02	 4.901961E-03	
  .0001042	 1.176471E-02	 2.941177E-03	
  .0001044	 1.176471E-02	 9.803922E-04	
  .0001046	 1.176471E-02	 9.803922E-04	
  .0001048	 1.176471E-02	 9.803922E-04	
  .000105	 1.176471E-02	 9.803922E-04	
  .0001052	 1.176471E-02	 9.803922E-04	
  .0001054	 3.921569E-03	 2.941177E-03	
  .0001056	 1.960784E-02	 9.803922E-04	
  .0001058	 1.176471E-02	 2.941177E-03	
  .000106	 1.960784E-02	-9.803922E-04	
  .0001062	 1.960784E-02	 9.803922E-04	
  .0001064	 1.176471E-02	 9.803922E-04	
  .0001066	 1.176471E-02	 9.803922E-04	
  .0001068	 1.176471E-02	 9.803922E-04	
  .000107	 3.921569E-03	 9.803922E-04	
  .0001072	 1.960784E-02	 9.803922E-04	
  .0001074	 1.176471E-02	 2.941177E-03	
  .0001076	 1.176471E-02	-9.803922E-04	
  .0001078	 1.176471E-02	-9.803922E-04	
  .000108	 1.960784E-02	-9.803922E-04	
  .0001082	 1.176471E-02	-2.941177E-03	
  .0001084	 1.960784E-02	 2.941177E-03	
  .0001086	 1.960784E-02	 2.941177E-03	
  .0001088	 1.176471E-02	 2.941177E-03	
  .000109	 1.176471E-02	 9.803922E-04	
  .0001092	 1.176471E-02	 2.941177E-03	
  .0001094	 1.176471E-02	-9.803922E-04	
  .0001096	 3.921569E-03	 2.941177E-03	
  .0001098	 1.176471E-02	-9.803922E-04	
  .00011	 3.921569E-03	 2.941177E-03	
  .0001102	 1.960784E-02	 9.803922E-04	
  .0001104	 3.921569E-03	-9.803922E-04	
  .0001106	 1.176471E-02	 2.941177E-03	
  .0001108	 1.176471E-02	 9.803922E-04	
  .000111	 1.960784E-02	 9.803922E-04	
  .0001112	 3.921569E-03	-9.803922E-04	
  .0001114	 3.921569E-03	-9.803922E-04	
  .0001116	 3.921569E-03	 9.803922E-04	
  .0001118	 3.921569E-03	 9.803922E-04	
  .000112	 1.176471E-02	 9.803922E-04	
  .0001122	 3.921569E-03	 9.803922E-04	
  .0001124	 1.176471E-02	-9.803922E-04	
  .0001126	 1.176471E-02	-9.803922E-04	
  .0001128	 1.960784E-02	 2.941177E-03	
  .000113	 1.176471E-02	 2.941177E-03	
  .0001132	 1.960784E-02	 9.803922E-04	
  .0001134	 3.921569E-03	 2.941177E-03	
  .0001136	 1.176471E-02	-9.803922E-04	
  .0001138	 1.960784E-02	 2.941177E-03	
  .000114	 3.921569E-03	 9.803922E-04	
  .0001142	 3.921569E-03	 9.803922E-04	
  .0001144	 1.176471E-02	-9.803922E-04	
  .0001146	 1.176471E-02	 9.803922E-04	
  .0001148	 1.176471E-02	 9.803922E-04	
  .000115	 3.921569E-03	 9.803922E-04	
  .0001152	 3.921569E-03	 2.941177E-03	
  .0001154	 3.921569E-03	 2.941177E-03	
  .0001156	 1.176471E-02	 9.803922E-04	
  .0001158	 1.176471E-02	 2.941177E-03	
  .000116	 1.960784E-02	 9.803922E-04	
  .0001162	 1.960784E-02	 9.803922E-04	
  .0001164	 3.921569E-03	 9.803922E-04	
  .0001166	 1.176471E-02	 4.901961E-03	
  .0001168	 3.921569E-03	 9.803922E-04	
  .000117	 1.960784E-02	 2.941177E-03	
  .0001172	 1.960784E-02	 9.803922E-04	
  .0001174	 1.176471E-02	 9.803922E-04	
  .0001176	 1.176471E-02	 2.941177E-03	
  .0001178	 1.176471E-02	-9.803922E-04	
  .000118	 3.921569E-03	-9.803922E-04	
  .0001182	 3.921569E-03	-9.803922E-04	
  .0001184	 1.176471E-02	 9.803922E-04	
  .0001186	 1.960784E-02	 2.941177E-03	
  .0001188	 1.176471E-02	 9.803922E-04	
  .000119	 1.960784E-02	 2.941177E-03	
  .0001192	 1.960784E-02	 2.941177E-03	
  .0001194	 1.176471E-02	 2.941177E-03	
  .0001196	-3.921569E-03	-2.941177E-03	
  .0001198	 1.176471E-02	 9.803922E-04	
  .00012	 1.176471E-02	-9.803922E-04	
  .0001202	-3.921569E-03	 9.803922E-04	
  .0001204	 3.921569E-03	 2.941177E-03	
  .0001206	 3.921569E-03	 2.941177E-03	
  .0001208	 2.745098E-02	 9.803922E-04	
  .000121	 3.921569E-03	 9.803922E-04	
  .0001212	 3.921569E-03	 9.803922E-04	
  .0001214	 3.921569E-03	-9.803922E-04	
  .0001216	 3.921569E-03	-2.941177E-03	
  .0001218	 3.921569E-03	-9.803922E-04	
  .000122	 1.176471E-02	-9.803922E-04	
  .0001222	 1.176471E-02	 9.803922E-04	
  .0001224	 3.921569E-03	 9.803922E-04	
  .0001226	 1.176471E-02	-9.803922E-04	
  .0001228	 1.960784E-02	 9.803922E-04	
  .000123	 3.921569E-03	-9.803922E-04	
  .0001232	 1.176471E-02	 2.941177E-03	
  .0001234	 1.176471E-02	 9.803922E-04	
  .0001236	 1.176471E-02	 9.803922E-04	
  .0001238	 1.176471E-02	 2.941177E-03	
  .000124	 1.176471E-02	 2.941177E-03	
  .0001242	 1.176471E-02	-9.803922E-04	
  .0001244	 1.176471E-02	-2.941177E-03	
  .0001246	 3.921569E-03	 9.803922E-04	
  .0001248	 1.176471E-02	 9.803922E-04	
  .000125	 1.960784E-02	-9.803922E-04	
  .0001252	 1.176471E-02	 9.803922E-04	
  .0001254	 1.176471E-02	 9.803922E-04	
  .0001256	 1.176471E-02	 2.941177E-03	
  .0001258	 1.176471E-02	 9.803922E-04	
  .000126	 1.176471E-02	 9.803922E-04	
  .0001262	 3.921569E-03	 9.803922E-04	
  .0001264	 1.176471E-02	 9.803922E-04	
  .0001266	 1.176471E-02	 2.941177E-03	
  .0001268	 1.176471E-02	 9.803922E-04	
  .000127	 1.960784E-02	 9.803922E-04	
  .0001272	 1.176471E-02	 2.941177E-03	
  .0001274	 1.176471E-02	 9.803922E-04	
  .0001276	 3.921569E-03	-9.803922E-04	
  .0001278	 1.176471E-02	 9.803922E-04	
  .000128	 1.960784E-02	 9.803922E-04	
  .0001282	 1.960784E-02	 2.941177E-03	
  .0001284	 1.176471E-02	 9.803922E-04	
  .0001286	 1.960784E-02	 2.941177E-03	
  .0001288	 1.176471E-02	 2.941177E-03	
  .000129	 3.921569E-03	-9.803922E-04	
  .0001292	 1.960784E-02	 9.803922E-04	
  .0001294	 1.176471E-02	 9.803922E-04	
  .0001296	 1.960784E-02	 2.941177E-03	
  .0001298	 1.176471E-02	 9.803922E-04	
  .00013	 1.960784E-02	-9.803922E-04	
  .0001302	 3.921569E-03	 9.803922E-04	
  .0001304	 1.960784E-02	 2.941177E-03	
  .0001306	 3.921569E-03	 2.941177E-03	
  .0001308	 1.176471E-02	-9.803922E-04	
  .000131	 1.176471E-02	 9.803922E-04	
  .0001312	 1.176471E-02	 9.803922E-04	
  .0001314	 3.921569E-03	 9.803922E-04	
  .0001316	 3.921569E-03	-9.803922E-04	
  .0001318	 1.176471E-02	 9.803922E-04	
  .000132	 1.176471E-02	 9.803922E-04	
  .0001322	 1.960784E-02	 2.941177E-03	
  .0001324	 1.176471E-02	 9.803922E-04	
  .0001326	 3.921569E-03	 2.941177E-03	
  .0001328	 1.176471E-02	 2.941177E-03	
  .000133	 1.960784E-02	 2.941177E-03	
  .0001332	 1.176471E-02	 9.803922E-04	
  .0001334	 1.176471E-02	 9.803922E-04	
  .0001336	 1.176471E-02	 2.941177E-03	
  .0001338	 3.921569E-03	 9.803922E-04	
  .000134	 3.921569E-03	-9.803922E-04	
  .0001342	 1.176471E-02	 9.803922E-04	
  .0001344	 3.921569E-03	 2.941177E-03	
  .0001346	 1.176471E-02	 2.941177E-03	
  .0001348	 3.921569E-03	 9.803922E-04	
  .000135	 1.176471E-02	 2.941177E-03	
  .0001352	 3.921569E-03	 2.941177E-03	
  .0001354	 1.176471E-02	 2.941177E-03	
  .0001356	 1.960784E-02	 9.803922E-04	
  .0001358	 1.960784E-02	-9.803922E-04	
  .000136	 1.176471E-02	 9.803922E-04	
  .0001362	 3.921569E-03	 9.803922E-04	
  .0001364	 1.176471E-02	 2.941177E-03	
  .0001366	 1.176471E-02	 9.803922E-04	
  .0001368	 1.176471E-02	 2.941177E-03	
  .000137	 1.960784E-02	 9.803922E-04	
  .0001372	 1.176471E-02	 9.803922E-04	
  .0001374	 1.176471E-02	 4.901961E-03	
  .0001376	 1.176471E-02	 9.803922E-04	
  .0001378	 1.176471E-02	 9.803922E-04	
  .000138	 3.921569E-03	 9.803922E-04	
  .0001382	 1.176471E-02	 9.803922E-04	
  .0001384	 1.176471E-02	 2.941177E-03	
  .0001386	 1.960784E-02	 2.941177E-03	
  .0001388	 2.745098E-02	 9.803922E-04	
  .000139	 2.745098E-02	 2.941177E-03	
  .0001392	 1.960784E-02	 9.803922E-04	
  .0001394	 1.176471E-02	 9.803922E-04	
  .0001396	 1.960784E-02	 9.803922E-04	
  .0001398	 1.960784E-02	 9.803922E-04	
  .00014	 1.176471E-02	 2.941177E-03	
  .0001402	 1.176471E-02	 2.941177E-03	
  .0001404	 1.176471E-02	 2.941177E-03	
  .0001406	 1.176471E-02	-9.803922E-04	
  .0001408	 1.176471E-02	 9.803922E-04	
  .000141	 1.176471E-02	 2.941177E-03	
  .0001412	 1.960784E-02	-9.803922E-04	
  .0001414	 1.176471E-02	-9.803922E-04	
  .0001416	 3.921569E-03	 2.941177E-03	
  .0001418	 1.176471E-02	 2.941177E-03	
  .000142	 1.176471E-02	 2.941177E-03	
  .0001422	 1.960784E-02	 2.941177E-03	
  .0001424	 1.960784E-02	-9.803922E-04	
  .0001426	 1.176471E-02	 2.941177E-03	
  .0001428	 3.921569E-03	-9.803922E-04	
  .000143	 1.176471E-02	 2.941177E-03	
  .0001432	 1.176471E-02	 9.803922E-04	
  .0001434	 1.176471E-02	 9.803922E-04	
  .0001436	 1.960784E-02	 4.901961E-03	
  .0001438	 1.176471E-02	 2.941177E-03	
  .000144	 1.176471E-02	-9.803922E-04	
  .0001442	 3.921569E-03	-9.803922E-04	
  .0001444	 3.921569E-03	 9.803922E-04	
  .0001446	 1.960784E-02	 2.941177E-03	
  .0001448	 3.921569E-03	 9.803922E-04	
  .000145	 3.921569E-03	 2.941177E-03	
  .0001452	 1.960784E-02	 2.941177E-03	
  .0001454	 3.921569E-03	 9.803922E-04	
  .0001456	 1.960784E-02	-9.803922E-04	
  .0001458	 1.176471E-02	 9.803922E-04	
  .000146	 3.921569E-03	 9.803922E-04	
  .0001462	 1.176471E-02	 9.803922E-04	
  .0001464	 3.921569E-03	 2.941177E-03	
  .0001466	 1.176471E-02	 2.941177E-03	
  .0001468	 2.745098E-02	 2.941177E-03	
  .000147	 1.960784E-02	 2.941177E-03	
  .0001472	 1.176471E-02	 2.941177E-03	
  .0001474	 1.176471E-02	 9.803922E-04	
  .0001476	 1.176471E-02	 2.941177E-03	
  .0001478	 1.176471E-02	-4.901961E-03	
  .000148	 1.176471E-02	 9.803922E-04	
  .0001482	 1.960784E-02	 2.941177E-03	
  .0001484	 1.960784E-02	 4.901961E-03	
  .0001486	 2.745098E-02	 9.803922E-04	
  .0001488	 3.921569E-03	 2.941177E-03	
  .000149	 1.960784E-02	 9.803922E-04	
  .0001492	 1.176471E-02	 9.803922E-04	
  .0001494	 1.960784E-02	 9.803922E-04	
  .0001496	 3.921569E-03	 2.941177E-03	
  .0001498	 3.921569E-03	 9.803922E-04	
  .00015	 1.176471E-02	-9.803922E-04	
  .0001502	 1.960784E-02	 9.803922E-04	
  .0001504	 1.176471E-02	 2.941177E-03	
  .0001506	 1.960784E-02	 9.803922E-04	
  .0001508	 1.176471E-02	 9.803922E-04	
  .000151	-3.921569E-03	 9.803922E-04	
  .0001512	 3.921569E-03	 9.803922E-04	
  .0001514	 1.176471E-02	 2.941177E-03	
  .0001516	 1.176471E-02	 2.941177E-03	
  .0001518	 1.176471E-02	 9.803922E-04	
  .000152	 1.960784E-02	 2.941177E-03	
  .0001522	 3.921569E-03	 9.803922E-04	
  .0001524	 1.176471E-02	 2.941177E-03	
  .0001526	 1.176471E-02	 9.803922E-04	
  .0001528	 1.176471E-02	 2.941177E-03	
  .000153	 1.176471E-02	 2.941177E-03	
  .0001532	 1.960784E-02	 2.941177E-03	
  .0001534	 1.176471E-02	 2.941177E-03	
  .0001536	 1.176471E-02	 2.941177E-03	
  .0001538	 1.176471E-02	 9.803922E-04	
  .000154	 1.960784E-02	 9.803922E-04	
  .0001542	 3.921569E-03	 9.803922E-04	
  .0001544	 1.960784E-02	 9.803922E-04	
  .0001546	 1.176471E-02	 2.941177E-03	
  .0001548	 3.921569E-03	 2.941177E-03	
  .000155	 1.176471E-02	 2.941177E-03	
  .0001552	 1.960784E-02	 2.941177E-03	
  .0001554	 1.960784E-02	 2.941177E-03	
  .0001556	 2.745098E-02	-9.803922E-04	
  .0001558	 3.921569E-03	 2.941177E-03	
  .000156	 1.176471E-02	-2.941177E-03	
  .0001562	 1.176471E-02	 9.803922E-04	
  .0001564	 1.176471E-02	-9.803922E-04	
  .0001566	 1.176471E-02	 2.941177E-03	
  .0001568	 1.960784E-02	 2.941177E-03	
  .000157	 1.960784E-02	 9.803922E-04	
  .0001572	 1.960784E-02	 4.901961E-03	
  .0001574	 3.921569E-03	 9.803922E-04	
  .0001576	 3.921569E-03	 9.803922E-04	
  .0001578	 1.176471E-02	 9.803922E-04	
  .000158	 1.176471E-02	-9.803922E-04	
  .0001582	 1.960784E-02	 2.941177E-03	
  .0001584	 1.960784E-02	 9.803922E-04	
  .0001586	 3.921569E-03	 9.803922E-04	
  .0001588	 2.745098E-02	 2.941177E-03	
  .000159	 1.176471E-02	-9.803922E-04	
  .0001592	 3.921569E-03	 9.803922E-04	
  .0001594	 1.960784E-02	 9.803922E-04	
  .0001596	 1.960784E-02	 9.803922E-04	
  .0001598	 1.176471E-02	 9.803922E-04	
  .00016	 3.921569E-03	 9.803922E-04	
  .0001602	 1.176471E-02	 2.941177E-03	
  .0001604	 1.960784E-02	-9.803922E-04	
  .0001606	 1.176471E-02	 9.803922E-04	
  .0001608	 3.921569E-03	 2.941177E-03	
  .000161	 1.176471E-02	-9.803922E-04	
  .0001612	 3.921569E-03	-9.803922E-04	
  .0001614	 1.176471E-02	 9.803922E-04	
  .0001616	 1.176471E-02	 9.803922E-04	
  .0001618	 1.176471E-02	 9.803922E-04	
  .000162	 1.960784E-02	 9.803922E-04	
  .0001622	 1.960784E-02	 2.941177E-03	
  .0001624	 1.960784E-02	 2.941177E-03	
  .0001626	 1.176471E-02	 9.803922E-04	
  .0001628	 1.960784E-02	 2.941177E-03	
  .000163	 1.176471E-02	 2.941177E-03	
  .0001632	 2.745098E-02	 9.803922E-04	
  .0001634	 1.176471E-02	 2.941177E-03	
  .0001636	 1.176471E-02	 2.941177E-03	
  .0001638	 1.176471E-02	 9.803922E-04	
  .000164	 3.921569E-03	 9.803922E-04	
  .0001642	 3.921569E-03	-9.803922E-04	
  .0001644	 1.960784E-02	 2.941177E-03	
  .0001646	 3.921569E-03	 9.803922E-04	
  .0001648	 3.921569E-03	 2.941177E-03	
  .000165	 1.960784E-02	 9.803922E-04	
  .0001652	 3.921569E-03	 9.803922E-04	
  .0001654	 2.745098E-02	 9.803922E-04	
  .0001656	 1.960784E-02	 9.803922E-04	
  .0001658	 1.176471E-02	 2.941177E-03	
  .000166	 1.176471E-02	 9.803922E-04	
  .0001662	 1.176471E-02	 2.941177E-03	
  .0001664	 1.176471E-02	 2.941177E-03	
  .0001666	 2.745098E-02	 2.941177E-03	
  .0001668	 1.960784E-02	 2.941177E-03	
  .000167	 1.176471E-02	 9.803922E-04	
  .0001672	 1.176471E-02	 9.803922E-04	
  .0001674	 1.960784E-02	 2.941177E-03	
  .0001676	 1.176471E-02	-9.803922E-04	
  .0001678	 1.176471E-02	 9.803922E-04	
  .000168	 1.960784E-02	 2.941177E-03	
  .0001682	 1.176471E-02	 9.803922E-04	
  .0001684	 1.960784E-02	 9.803922E-04	
  .0001686	 .1921569	-.1578431	
  .0001688	 9.803922E-02	 9.803922E-04	
  .000169	 .145098	 1.078431E-02	
  .0001692	 .1764706	 8.82353E-03	
  .0001694	 .1764706	 .0127451	
  .0001696	 .2	 1.666667E-02	
  .0001698	 .2156863	 1.862745E-02	
  .00017	 .2313726	 2.058824E-02	
  .0001702	 .2392157	 2.254902E-02	
  .0001704	 .2627451	 1.862745E-02	
  .0001706	 .2705882	 .0245098	
  .0001708	 .2705882	 2.647059E-02	
  .000171	 .2862745	 2.843137E-02	
  .0001712	 .3019608	 3.039216E-02	
  .0001714	 .3176471	 3.235294E-02	
  .0001716	 .3254902	 3.039216E-02	
  .0001718	 .3568628	 3.235294E-02	
  .000172	 .3647059	 3.235294E-02	
  .0001722	 .372549	 3.627451E-02	
  .0001724	 .372549	 3.431373E-02	
  .0001726	 .3960784	 .0382353	
  .0001728	 .4039216	 3.627451E-02	
  .000173	 .3960784	 3.627451E-02	
  .0001732	 .427451	 4.215686E-02	
  .0001734	 .4196078	 4.019608E-02	
  .0001736	 .4352941	 4.019608E-02	
  .0001738	 .4588235	 4.019608E-02	
  .000174	 .4588235	 4.215686E-02	
  .0001742	 .4666667	 4.215686E-02	
  .0001744	 .4666667	 4.215686E-02	
  .0001746	 .4745098	 4.607843E-02	
  .0001748	 .4901961	 4.411765E-02	
  .000175	 .5058824	 4.607843E-02	
  .0001752	 .5137255	 4.607843E-02	
  .0001754	 .5137255	 4.607843E-02	
  .0001756	 .5137255	 4.607843E-02	
  .0001758	 .5294118	 4.803922E-02	
  .000176	 .5372549	 4.803922E-02	
  .0001762	 .5450981	 4.803922E-02	
  .0001764	 .5372549	 .05	
  .0001766	 .5607843	 .05	
  .0001768	 .5686275	 4.803922E-02	
  .000177	 .5764706	 5.196078E-02	
  .0001772	 .5764706	 5.196078E-02	
  .0001774	 .5843138	 4.803922E-02	
  .0001776	 .5843138	 5.196078E-02	
  .0001778	 .5764706	 5.392157E-02	
  .000178	 .6	 5.392157E-02	
  .0001782	 .6	 5.392157E-02	
  .0001784	 .6078432	 5.392157E-02	
  .0001786	 .6156863	 5.392157E-02	
  .0001788	 .6156863	 5.196078E-02	
  .000179	 .6235294	 5.196078E-02	
  .0001792	 .6392157	 .05	
  .0001794	 .6235294	 5.196078E-02	
  .0001796	 .6156863	 5.196078E-02	
  .0001798	 .6235294	 5.392157E-02	
  .00018	 .6313726	 5.392157E-02	
  .0001802	 .6470588	 .05	
  .0001804	 .6313726	 5.196078E-02	
  .0001806	 .6392157	 5.196078E-02	
  .0001808	 .6470588	 5.196078E-02	
  .000181	 .6392157	 .05	
  .0001812	 .6470588	 .05	
  .0001814	 .6313726	 5.196078E-02	
  .0001816	 .6470588	 5.196078E-02	
  .0001818	 .654902	 5.196078E-02	
  .000182	 .654902	 .05	
  .0001822	 .654902	 .05	
  .0001824	 .6470588	 4.803922E-02	
  .0001826	 .6627451	 4.607843E-02	
  .0001828	 .6470588	 4.803922E-02	
  .000183	 .654902	 4.607843E-02	
  .0001832	 .6627451	 4.803922E-02	
  .0001834	 .654902	 4.803922E-02	
  .0001836	 .654902	 4.215686E-02	
  .0001838	 .6470588	 4.215686E-02	
  .000184	 .6392157	 4.215686E-02	
  .0001842	 .654902	 4.019608E-02	
  .0001844	 .6470588	 3.627451E-02	
  .0001846	 .6392157	 4.019608E-02	
  .0001848	 .6470588	 3.627451E-02	
  .000185	 .6392157	 3.431373E-02	
  .0001852	 .6392157	 3.235294E-02	
  .0001854	 .6392157	 3.235294E-02	
  .0001856	 .6313726	 3.039216E-02	
  .0001858	 .6235294	 3.039216E-02	
  .000186	 .6235294	 2.843137E-02	
  .0001862	 .6235294	 2.843137E-02	
  .0001864	 .6235294	 2.647059E-02	
  .0001866	 .6235294	 .0245098	
  .0001868	 .6235294	 .0245098	
  .000187	 .6078432	 1.862745E-02	
  .0001872	 .6078432	 2.058824E-02	
  .0001874	 .6078432	 1.862745E-02	
  .0001876	 .6	 2.058824E-02	
  .0001878	 .6078432	 1.666667E-02	
  .000188	 .5921569	 1.470588E-02	
  .0001882	 .6	 1.470588E-02	
  .0001884	 .5921569	 .0127451	
  .0001886	 .5843138	 8.82353E-03	
  .0001888	 .5764706	 8.82353E-03	
  .000189	 .5686275	 6.862745E-03	
  .0001892	 .5686275	 6.862745E-03	
  .0001894	 .5607843	 4.901961E-03	
  .0001896	 .5607843	 2.941177E-03	
  .0001898	 .5607843	 2.941177E-03	
  .00019	 .5372549	 9.803922E-04	
  .0001902	 .5450981	-9.803922E-04	
  .0001904	 .5294118	-2.941177E-03	
  .0001906	 .5137255	-4.901961E-03	
  .0001908	 .5294118	-6.862745E-03	
  .000191	 .5137255	-6.862745E-03	
  .0001912	 .4901961	-8.82353E-03	
  .0001914	 .4980392	-1.078431E-02	
  .0001916	 .4980392	-1.078431E-02	
  .0001918	 .4901961	-1.470588E-02	
  .000192	 .4745098	-1.470588E-02	
  .0001922	 .4745098	-1.666667E-02	
  .0001924	 .4745098	-1.666667E-02	
  .0001926	 .4666667	-1.862745E-02	
  .0001928	 .4588235	-2.058824E-02	
  .000193	 .4588235	-2.254902E-02	
  .0001932	 .4431373	-2.058824E-02	
  .0001934	 .4431373	-2.843137E-02	
  .0001936	 .427451	-2.843137E-02	
  .0001938	 .4117647	-3.039216E-02	
  .000194	 .4196078	-3.039216E-02	
  .0001942	 .4039216	-3.431373E-02	
  .0001944	 .3960784	-3.627451E-02	
  .0001946	 .3882353	-3.431373E-02	
  .0001948	 .3882353	-4.215686E-02	
  .000195	 .3803922	-4.215686E-02	
  .0001952	 .372549	-4.215686E-02	
  .0001954	 .3647059	-4.607843E-02	
  .0001956	 .3411765	-4.803922E-02	
  .0001958	 .3490196	-4.803922E-02	
  .000196	 .3333333	-5.196078E-02	
  .0001962	 .3333333	-.05	
  .0001964	 .3333333	-5.588235E-02	
  .0001966	 .3098039	-5.784314E-02	
  .0001968	 .3176471	-5.980392E-02	
  .000197	 .3098039	-5.980392E-02	
  .0001972	 .2941177	-6.176471E-02	
  .0001974	 .2862745	-6.372549E-02	
  .0001976	 .2784314	-6.372549E-02	
  .0001978	 .2627451	-6.568628E-02	
  .000198	 .254902	-6.960785E-02	
  .0001982	 .2392157	-6.960785E-02	
  .0001984	 .254902	-7.352941E-02	
  .0001986	 .2313726	-7.352941E-02	
  .0001988	 .2156863	-.0754902	
  .000199	 .2235294	-7.941177E-02	
  .0001992	 .2156863	-7.745098E-02	
  .0001994	 .1921569	-7.941177E-02	
  .0001996	 .1921569	-8.137255E-02	
  .0001998	 .1764706	-8.137255E-02	
  .0002	 .1843137	-.0872549	
  .0002002	 .1686275	-8.529412E-02	
  .0002004	 .1529412	-8.529412E-02	
  .0002006	 .1529412	-.0872549	
  .0002008	 .145098	-9.117647E-02	
  .000201	 .145098	-.0872549	
  .0002012	 .1372549	-9.509804E-02	
  .0002014	 .1372549	-9.509804E-02	
  .0002016	 .1215686	-9.509804E-02	
  .0002018	 .1137255	-9.509804E-02	
  .000202	 .1058824	-9.509804E-02	
  .0002022	 9.803922E-02	-9.901961E-02	
  .0002024	 .1058824	-9.705883E-02	
  .0002026	 9.019608E-02	-.1029412	
  .0002028	 8.235294E-02	-.1009804	
  .000203	 8.235294E-02	-.1029412	
  .0002032	 5.882353E-02	-.104902	
  .0002034	 5.882353E-02	-.1088235	
  .0002036	 3.529412E-02	-.1068627	
  .0002038	 3.529412E-02	-.1107843	
  .000204	 2.745098E-02	-.1107843	
  .0002042	 1.960784E-02	-.1127451	
  .0002044	 3.921569E-03	-.1147059	
  .0002046	 3.921569E-03	-.1147059	
  .0002048	-1.176471E-02	-.1166667	
  .000205	-3.921569E-03	-.1186275	
  .0002052	-1.960784E-02	-.1186275	
  .0002054	-3.529412E-02	-.122549	
  .0002056	-3.529412E-02	-.122549	
  .0002058	-4.313726E-02	-.1245098	
  .000206	-5.882353E-02	-.1245098	
  .0002062	-5.098039E-02	-.1264706	
  .0002064	-6.666667E-02	-.1303922	
  .0002066	-8.235294E-02	-.1303922	
  .0002068	-9.019608E-02	-.1303922	
  .000207	-9.803922E-02	-.1303922	
  .0002072	-.1058824	-.1362745	
  .0002074	-.1058824	-.1323529	
  .0002076	-.1215686	-.1382353	
  .0002078	-.1294118	-.1382353	
  .000208	-.145098	-.1401961	
  .0002082	-.1529412	-.1441177	
  .0002084	-.1607843	-.1441177	
  .0002086	-.1764706	-.1460784	
  .0002088	-.1764706	-.1460784	
  .000209	-.1764706	-.1460784	
  .0002092	-.1921569	-.15	
  .0002094	-.2078431	-.15	
  .0002096	-.2078431	-.15	
  .0002098	-.2156863	-.1539216	
  .00021	-.2235294	-.1539216	
  .0002102	-.2392157	-.1539216	
  .0002104	-.2392157	-.1558824	
  .0002106	-.2470588	-.1578431	
  .0002108	-.254902	-.1578431	
  .000211	-.2627451	-.1598039	
  .0002112	-.2784314	-.1617647	
  .0002114	-.2862745	-.1598039	
  .0002116	-.2862745	-.1656863	
  .0002118	-.3019608	-.1637255	
  .000212	-.3098039	-.1656863	
  .0002122	-.3098039	-.1617647	
  .0002124	-.3176471	-.1656863	
  .0002126	-.3333333	-.1676471	
  .0002128	-.3411765	-.1676471	
  .000213	-.3490196	-.1696078	
  .0002132	-.3568628	-.1715686	
  .0002134	-.3647059	-.1715686	
  .0002136	-.3647059	-.1715686	
  .0002138	-.3647059	-.1715686	
  .000214	-.3803922	-.1735294	
  .0002142	-.3882353	-.1735294	
  .0002144	-.3960784	-.1754902	
  .0002146	-.4039216	-.177451	
  .0002148	-.4039216	-.177451	
  .000215	-.4117647	-.177451	
  .0002152	-.4196078	-.177451	
  .0002154	-.4431373	-.1754902	
  .0002156	-.4431373	-.177451	
  .0002158	-.4431373	-.1794118	
  .000216	-.4509804	-.1794118	
  .0002162	-.4509804	-.1794118	
  .0002164	-.4588235	-.1794118	
  .0002166	-.4588235	-.1833333	
  .0002168	-.4745098	-.1813726	
  .000217	-.4901961	-.1813726	
  .0002172	-.4823529	-.1833333	
  .0002174	-.5058824	-.1833333	
  .0002176	-.5058824	-.1813726	
  .0002178	-.5058824	-.1833333	
  .000218	-.5215687	-.1872549	
  .0002182	-.5294118	-.1872549	
  .0002184	-.5294118	-.1852941	
  .0002186	-.5450981	-.1872549	
  .0002188	-.5450981	-.1872549	
  .000219	-.5529412	-.1872549	
  .0002192	-.5686275	-.1852941	
  .0002194	-.5686275	-.1872549	
  .0002196	-.5764706	-.1892157	
  .0002198	-.5843138	-.1892157	
  .00022	-.5843138	-.1872549	
  .0002202	-.5921569	-.1892157	
  .0002204	-.5921569	-.1892157	
  .0002206	-.6	-.1911765	
  .0002208	-.6078432	-.1892157	
  .000221	-.6078432	-.1911765	
  .0002212	-.6156863	-.1911765	
  .0002214	-.6235294	-.1931373	
  .0002216	-.6313726	-.195098	
  .0002218	-.6313726	-.1931373	
  .000222	-.6470588	-.1931373	
  .0002222	-.6470588	-.1931373	
  .0002224	-.654902	-.1911765	
  .0002226	-.6627451	-.1931373	
  .0002228	-.6627451	-.195098	
  .000223	-.6705883	-.1931373	
  .0002232	-.6784314	-.195098	
  .0002234	-.6941177	-.1911765	
  .0002236	-.6941177	-.195098	
  .0002238	-.6941177	-.195098	
  .000224	-.7019608	-.1892157	
  .0002242	-.7098039	-.1911765	
  .0002244	-.7098039	-.1931373	
  .0002246	-.7254902	-.1892157	
  .0002248	-.7176471	-.1931373	
  .000225	-.7176471	-.1911765	
  .0002252	-.7254902	-.1911765	
  .0002254	-.7254902	-.1892157	
  .0002256	-.7333333	-.1931373	
  .0002258	-.7411765	-.1911765	
  .000226	-.7490196	-.1911765	
  .0002262	-.7411765	-.1911765	
  .0002264	-.7647059	-.1911765	
  .0002266	-.7490196	-.1892157	
  .0002268	-.772549	-.1892157	
  .000227	-.772549	-.1892157	
  .0002272	-.7647059	-.1892157	
  .0002274	-.772549	-.1872549	
  .0002276	-.7882353	-.1892157	
  .0002278	-.7803922	-.1892157	
  .000228	-.7803922	-.1872549	
  .0002282	-.7803922	-.1833333	
  .0002284	-.7960784	-.1833333	
  .0002286	-.7803922	-.1813726	
  .0002288	-.7960784	-.1833333	
  .000229	-.7882353	-.1852941	
  .0002292	-.7960784	-.1833333	
  .0002294	-.8039216	-.1813726	
  .0002296	-.8039216	-.1794118	
  .0002298	-.8039216	-.1794118	
  .00023	-.7960784	-.1794118	
  .0002302	-.8196079	-.1794118	
  .0002304	-.8039216	-.1794118	
  .0002306	-.8039216	-.1754902	
  .0002308	-.8039216	-.1754902	
  .000231	-.8117647	-.1754902	
  .0002312	-.8196079	-.1735294	
  .0002314	-.8196079	-.1735294	
  .0002316	-.8117647	-.1735294	
  .0002318	-.8196079	-.1715686	
  .000232	-.8117647	-.1715686	
  .0002322	-.8117647	-.1715686	
  .0002324	-.827451	-.1696078	
  .0002326	-.8117647	-.1696078	
  .0002328	-.827451	-.1676471	
  .000233	-.8196079	-.1696078	
  .0002332	-.8196079	-.1656863	
  .0002334	-.8196079	-.1656863	
  .0002336	-.8117647	-.1637255	
  .0002338	-.827451	-.1617647	
  .000234	-.8196079	-.1617647	
  .0002342	-.8196079	-.1617647	
  .0002344	-.8117647	-.1617647	
  .0002346	-.8196079	-.1617647	
  .0002348	-.827451	-.1598039	
  .000235	-.8196079	-.1598039	
  .0002352	-.8196079	-.1558824	
  .0002354	-.8196079	-.1558824	
  .0002356	-.8196079	-.1519608	
  .0002358	-.8196079	-.1519608	
  .000236	-.827451	-.1539216	
  .0002362	-.8117647	-.1519608	
  .0002364	-.827451	-.1539216	
  .0002366	-.8117647	-.15	
  .0002368	-.8196079	-.1480392	
  .000237	-.7960784	-.1460784	
  .0002372	-.8117647	-.1441177	
  .0002374	-.8117647	-.1460784	
  .0002376	-.8039216	-.1421569	
  .0002378	-.8039216	-.1441177	
  .000238	-.7960784	-.1441177	
  .0002382	-.7882353	-.1382353	
  .0002384	-.7882353	-.1382353	
  .0002386	-.7882353	-.1382353	
  .0002388	-.7803922	-.1362745	
  .000239	-.7882353	-.1323529	
  .0002392	-.7803922	-.1323529	
  .0002394	-.7803922	-.1303922	
  .0002396	-.7882353	-.1343137	
  .0002398	-.7647059	-.1284314	
  .00024	-.7803922	-.1264706	
  .0002402	-.772549	-.1284314	
  .0002404	-.7568628	-.1284314	
  .0002406	-.7647059	-.122549	
  .0002408	-.7647059	-.1245098	
  .000241	-.7568628	-.122549	
  .0002412	-.7647059	-.1205882	
  .0002414	-.7568628	-.1186275	
  .0002416	-.7411765	-.1107843	
  .0002418	-.7333333	-.1147059	
  .000242	-.7254902	-.1107843	
  .0002422	-.7333333	-.1088235	
  .0002424	-.7411765	-.1088235	
  .0002426	-.7254902	-.104902	
  .0002428	-.7333333	-.1068627	
  .000243	-.7254902	-.1068627	
  .0002432	-.7176471	-.1009804	
  .0002434	-.7098039	-.1009804	
  .0002436	-.6941177	-9.901961E-02	
  .0002438	-.7019608	-9.705883E-02	
  .000244	-.6941177	-9.705883E-02	
  .0002442	-.6941177	-9.509804E-02	
  .0002444	-.6941177	-9.509804E-02	
  .0002446	-.6784314	-9.313726E-02	
  .0002448	-.6862745	-9.313726E-02	
  .000245	-.6705883	-8.921569E-02	
  .0002452	-.6627451	-.0872549	
  .0002454	-.654902	-8.529412E-02	
  .0002456	-.6627451	-.0872549	
  .0002458	-.6627451	-8.137255E-02	
  .000246	-.6392157	-8.137255E-02	
  .0002462	-.654902	-7.941177E-02	
  .0002464	-.6313726	-8.137255E-02	
  .0002466	-.6313726	-7.745098E-02	
  .0002468	-.6313726	-.0754902	
  .000247	-.6156863	-7.156863E-02	
  .0002472	-.6078432	-7.156863E-02	
  .0002474	-.6156863	-7.156863E-02	
  .0002476	-.6	-6.960785E-02	
  .0002478	-.6156863	-6.764706E-02	
  .000248	-.5843138	-6.568628E-02	
  .0002482	-.5843138	-6.372549E-02	
  .0002484	-.5686275	-6.176471E-02	
  .0002486	-.5686275	-5.784314E-02	
  .0002488	-.5686275	-5.980392E-02	
  .000249	-.5607843	-5.784314E-02	
  .0002492	-.5450981	-5.588235E-02	
  .0002494	-.5529412	-5.196078E-02	
  .0002496	-.5450981	-5.196078E-02	
  .0002498	-.5372549	-4.803922E-02	
  .00025	-.5294118	-4.803922E-02	
  .0002502	-.5294118	-4.803922E-02	
  .0002504	-.5137255	-4.411765E-02	
  .0002506	-.5058824	-4.215686E-02	
  .0002508	-.5058824	-4.019608E-02	
  .000251	-.4901961	-.0382353	
  .0002512	-.4901961	-.0382353	
  .0002514	-.4745098	-3.431373E-02	
  .0002516	-.4666667	-3.235294E-02	
  .0002518	-.4588235	-3.235294E-02	
  .000252	-.4509804	-3.039216E-02	
  .0002522	-.4509804	-2.647059E-02	
  .0002524	-.4352941	-2.647059E-02	
  .0002526	-.4352941	-2.647059E-02	
  .0002528	-.427451	-.0245098	
  .000253	-.4117647	-.0245098	
  .0002532	-.4039216	-2.058824E-02	
  .0002534	-.3960784	-1.862745E-02	
  .0002536	-.3960784	-1.666667E-02	
  .0002538	-.3882353	-.0127451	
  .000254	-.3803922	-.0127451	
  .0002542	-.372549	-1.078431E-02	
  .0002544	-.3647059	-8.82353E-03	
  .0002546	-.3568628	-1.078431E-02	
  .0002548	-.3490196	-6.862745E-03	
  .000255	-.3568628	-6.862745E-03	
  .0002552	-.3333333	-2.941177E-03	
  .0002554	-.3333333	-9.803922E-04	
  .0002556	-.3333333	 2.941177E-03	
  .0002558	-.3176471	 2.941177E-03	
  .000256	-.3176471	 2.941177E-03	
  .0002562	-.3019608	 4.901961E-03	
  .0002564	-.2941177	 6.862745E-03	
  .0002566	-.3019608	 8.82353E-03	
  .0002568	-.2705882	 1.078431E-02	
  .000257	-.2784314	 .0127451	
  .0002572	-.2705882	 1.470588E-02	
  .0002574	-.2627451	 1.666667E-02	
  .0002576	-.2627451	 1.666667E-02	
  .0002578	-.2470588	 1.862745E-02	
  .000258	-.2313726	 2.058824E-02	
  .0002582	-.2392157	 2.058824E-02	
  .0002584	-.2156863	 2.058824E-02	
  .0002586	-.2078431	 .0245098	
  .0002588	-.2156863	 .0245098	
  .000259	-.2	 2.843137E-02	
  .0002592	-.2	 2.843137E-02	
  .0002594	-.1843137	 2.843137E-02	
  .0002596	-.1843137	 3.039216E-02	
  .0002598	-.1686275	 3.235294E-02	
  .00026	-.1607843	 3.431373E-02	
  .0002602	-.1607843	 3.431373E-02	
  .0002604	-.1529412	 3.627451E-02	
  .0002606	-.145098	 .0382353	
  .0002608	-.1372549	 4.215686E-02	
  .000261	-.1294118	 4.411765E-02	
  .0002612	-.1215686	 4.411765E-02	
  .0002614	-.1137255	 4.411765E-02	
  .0002616	-.1137255	 4.411765E-02	
  .0002618	-9.803922E-02	 4.607843E-02	
  .000262	-9.803922E-02	 5.196078E-02	
  .0002622	-8.235294E-02	 5.392157E-02	
  .0002624	-6.666667E-02	 5.392157E-02	
  .0002626	-7.450981E-02	 5.784314E-02	
  .0002628	-6.666667E-02	 5.392157E-02	
  .000263	-5.098039E-02	 5.588235E-02	
  .0002632	-4.313726E-02	 5.784314E-02	
  .0002634	-3.529412E-02	 5.980392E-02	
  .0002636	-3.529412E-02	 5.980392E-02	
  .0002638	-1.960784E-02	 6.568628E-02	
  .000264	-1.960784E-02	 6.568628E-02	
  .0002642	-3.921569E-03	 6.568628E-02	
  .0002644	 3.921569E-03	 6.764706E-02	
  .0002646	 1.176471E-02	 6.764706E-02	
  .0002648	 1.176471E-02	 6.960785E-02	
  .000265	 2.745098E-02	 7.156863E-02	
  .0002652	 3.529412E-02	 7.352941E-02	
  .0002654	 3.529412E-02	 7.352941E-02	
  .0002656	 5.098039E-02	 7.745098E-02	
  .0002658	 5.098039E-02	 7.941177E-02	
  .000266	 5.098039E-02	 7.941177E-02	
  .0002662	 7.450981E-02	 7.745098E-02	
  .0002664	 7.450981E-02	 7.941177E-02	
  .0002666	 8.235294E-02	 8.137255E-02	
  .0002668	 9.019608E-02	 8.529412E-02	
  .000267	 .1058824	 8.529412E-02	
  .0002672	 9.019608E-02	 .0872549	
  .0002674	 .1058824	 .0872549	
  .0002676	 .1215686	 9.117647E-02	
  .0002678	 .1294118	 .0872549	
  .000268	 .1294118	 .0872549	
  .0002682	 .145098	 8.921569E-02	
  .0002684	 .145098	 9.313726E-02	
  .0002686	 .145098	 9.509804E-02	
  .0002688	 .1529412	 9.509804E-02	
  .000269	 .1764706	 9.509804E-02	
  .0002692	 .1764706	 9.901961E-02	
  .0002694	 .1921569	 9.705883E-02	
  .0002696	 .1921569	 9.705883E-02	
  .0002698	 .1843137	 9.901961E-02	
  .00027	 .1921569	 .1009804	
  .0002702	 .2078431	 .1009804	
  .0002704	 .2078431	 .1009804	
  .0002706	 .2235294	 .104902	
  .0002708	 .2313726	 .1068627	
  .000271	 .2392157	 .1029412	
  .0002712	 .2313726	 .1068627	
  .0002714	 .2470588	 .104902	
  .0002716	 .2470588	 .1088235	
  .0002718	 .2627451	 .1068627	
  .000272	 .2627451	 .1107843	
  .0002722	 .2627451	 .1107843	
  .0002724	 .2705882	 .1127451	
  .0002726	 .2784314	 .1127451	
  .0002728	 .2941177	 .1107843	
  .000273	 .2862745	 .1127451	
  .0002732	 .3019608	 .1127451	
  .0002734	 .3098039	 .1147059	
  .0002736	 .3098039	 .1147059	
  .0002738	 .3176471	 .1166667	
  .000274	 .3254902	 .1166667	
  .0002742	 .3333333	 .1166667	
  .0002744	 .3490196	 .1166667	
  .0002746	 .3411765	 .1186275	
  .0002748	 .3411765	 .1166667	
  .000275	 .3490196	 .1186275	
  .0002752	 .3490196	 .122549	
  .0002754	 .3647059	 .122549	
  .0002756	 .3803922	 .122549	
  .0002758	 .372549	 .1205882	
  .000276	 .3882353	 .122549	
  .0002762	 .3803922	 .122549	
  .0002764	 .3882353	 .1205882	
  .0002766	 .3882353	 .122549	
  .0002768	 .3882353	 .1245098	
  .000277	 .4039216	 .1245098	
  .0002772	 .3960784	 .1264706	
  .0002774	 .4196078	 .1264706	
  .0002776	 .4352941	 .122549	
  .0002778	 .4196078	 .1245098	
  .000278	 .4196078	 .1245098	
  .0002782	 .4352941	 .1264706	
  .0002784	 .4431373	 .1264706	
  .0002786	 .4352941	 .1284314	
  .0002788	 .4352941	 .1264706	
  .000279	 .4431373	 .1303922	
  .0002792	 .4588235	 .1303922	
  .0002794	 .4509804	 .1284314	
  .0002796	 .4588235	 .1284314	
  .0002798	 .4509804	 .1264706	
  .00028	 .4509804	 .1284314	
  .0002802	 .4666667	 .1284314	
  .0002804	 .4666667	 .1303922	
  .0002806	 .4745098	 .1323529	
  .0002808	 .4823529	 .1323529	
  .000281	 .4901961	 .1284314	
  .0002812	 .4901961	 .1303922	
  .0002814	 .4901961	 .1284314	
  .0002816	 .5058824	 .1284314	
  .0002818	 .5058824	 .1264706	
  .000282	 .5058824	 .1284314	
  .0002822	 .5058824	 .1284314	
  .0002824	 .5137255	 .1303922	
  .0002826	 .5215687	 .1303922	
  .0002828	 .5137255	 .1284314	
  .000283	 .5137255	 .1264706	
  .0002832	 .5294118	 .1284314	
  .0002834	 .5294118	 .1284314	
  .0002836	 .5294118	 .1284314	
  .0002838	 .5372549	 .1303922	
  .000284	 .5450981	 .1284314	
  .0002842	 .5450981	 .1284314	
  .0002844	 .5450981	 .1245098	
  .0002846	 .5450981	 .1264706	
  .0002848	 .5529412	 .1264706	
  .000285	 .5529412	 .1284314	
  .0002852	 .5450981	 .1245098	
  .0002854	 .5607843	 .1284314	
  .0002856	 .5686275	 .1284314	
  .0002858	 .5607843	 .1284314	
  .000286	 .5607843	 .1245098	
  .0002862	 .5607843	 .122549	
  .0002864	 .5764706	 .122549	
  .0002866	 .5764706	 .1264706	
  .0002868	 .5764706	 .1245098	
  .000287	 .5686275	 .1264706	
  .0002872	 .5843138	 .122549	
  .0002874	 .6	 .1264706	
  .0002876	 .5843138	 .1186275	
  .0002878	 .5764706	 .122549	
  .000288	 .5921569	 .1205882	
  .0002882	 .5843138	 .122549	
  .0002884	 .5764706	 .1205882	
  .0002886	 .5921569	 .1205882	
  .0002888	 .6078432	 .122549	
  .000289	 .5921569	 .1186275	
  .0002892	 .6	 .1186275	
  .0002894	 .5843138	 .1166667	
  .0002896	 .5921569	 .1166667	
  .0002898	 .5921569	 .1166667	
  .00029	 .5921569	 .1166667	
  .0002902	 .5921569	 .1186275	
  .0002904	 .6	 .1166667	
  .0002906	 .6078432	 .1186275	
  .0002908	 .6	 .1127451	
  .000291	 .6	 .1147059	
  .0002912	 .6	 .1127451	
  .0002914	 .6078432	 .1147059	
  .0002916	 .6	 .1127451	
  .0002918	 .6	 .1127451	
  .000292	 .6156863	 .1147059	
  .0002922	 .6	 .1127451	
  .0002924	 .6078432	 .1127451	
  .0002926	 .6	 .1068627	
  .0002928	 .5921569	 .1068627	
  .000293	 .5921569	 .1068627	
  .0002932	 .5921569	 .1068627	
  .0002934	 .5921569	 .1068627	
  .0002936	 .5843138	 .104902	
  .0002938	 .5921569	 .104902	
  .000294	 .6078432	 .1029412	
  .0002942	 .5921569	 .1029412	
  .0002944	 .5921569	 .1009804	
  .0002946	 .6	 .1009804	
  .0002948	 .5921569	 .1029412	
  .000295	 .5843138	 9.901961E-02	
  .0002952	 .5921569	 .1009804	
  .0002954	 .5921569	 9.901961E-02	
  .0002956	 .5921569	 9.705883E-02	
  .0002958	 .5843138	 9.705883E-02	
  .000296	 .5843138	 9.313726E-02	
  .0002962	 .5843138	 9.117647E-02	
  .0002964	 .5843138	 9.313726E-02	
  .0002966	 .5764706	 9.117647E-02	
  .0002968	 .5921569	 9.313726E-02	
  .000297	 .5764706	 9.313726E-02	
  .0002972	 .5764706	 8.921569E-02	
  .0002974	 .5764706	 8.921569E-02	
  .0002976	 .5764706	 .0872549	
  .0002978	 .5686275	 8.333334E-02	
  .000298	 .5764706	 8.333334E-02	
  .0002982	 .5686275	 8.333334E-02	
  .0002984	 .5607843	 7.941177E-02	
  .0002986	 .5607843	 8.137255E-02	
  .0002988	 .5686275	 8.333334E-02	
  .000299	 .5686275	 8.137255E-02	
  .0002992	 .5450981	 7.941177E-02	
  .0002994	 .5450981	 7.941177E-02	
  .0002996	 .5529412	 7.745098E-02	
  .0002998	 .5450981	 7.745098E-02	
  .0003	 .5450981	 7.745098E-02	
  .0003002	 .5450981	 .0754902	
  .0003004	 .5450981	 7.745098E-02	
  .0003006	 .5450981	 .0754902	
  .0003008	 .5372549	 7.352941E-02	
  .000301	 .5294118	 7.156863E-02	
  .0003012	 .5215687	 6.960785E-02	
  .0003014	 .5294118	 6.960785E-02	
  .0003016	 .5294118	 6.960785E-02	
  .0003018	 .5294118	 6.764706E-02	
  .000302	 .5294118	 6.764706E-02	
  .0003022	 .5215687	 6.764706E-02	
  .0003024	 .5137255	 6.372549E-02	
  .0003026	 .4980392	 5.980392E-02	
  .0003028	 .4980392	 5.784314E-02	
  .000303	 .5058824	 5.980392E-02	
  .0003032	 .4901961	 5.784314E-02	
  .0003034	 .4980392	 5.784314E-02	
  .0003036	 .4980392	 5.784314E-02	
  .0003038	 .4901961	 5.392157E-02	
  .000304	 .4980392	 5.392157E-02	
  .0003042	 .4823529	 .05	
  .0003044	 .4666667	 .05	
  .0003046	 .4745098	 5.196078E-02	
  .0003048	 .4666667	 5.196078E-02	
  .000305	 .4666667	 4.803922E-02	
  .0003052	 .4745098	 4.607843E-02	
  .0003054	 .4588235	 4.607843E-02	
  .0003056	 .4588235	 4.411765E-02	
  .0003058	 .4431373	 .0382353	
  .000306	 .4352941	 4.019608E-02	
  .0003062	 .4509804	 .0382353	
  .0003064	 .4352941	 .0382353	
  .0003066	 .4431373	 3.627451E-02	
  .0003068	 .4352941	 3.627451E-02	
  .000307	 .427451	 3.431373E-02	
  .0003072	 .427451	 3.235294E-02	
  .0003074	 .4117647	 2.843137E-02	
  .0003076	 .4039216	 3.039216E-02	
  .0003078	 .4039216	 3.039216E-02	
  .000308	 .4039216	 3.039216E-02	
  .0003082	 .3960784	 2.843137E-02	
  .0003084	 .3803922	 .0245098	
  .0003086	 .3960784	 2.647059E-02	
  .0003088	 .372549	 .0245098	
  .000309	 .3882353	 2.254902E-02	
  .0003092	 .372549	 1.862745E-02	
  .0003094	 .3647059	 2.058824E-02	
  .0003096	 .3647059	 1.470588E-02	
  .0003098	 .3490196	 1.666667E-02	
  .00031	 .3568628	 1.666667E-02	
  .0003102	 .3490196	 1.666667E-02	
  .0003104	 .3490196	 1.470588E-02	
  .0003106	 .3490196	 8.82353E-03	
  .0003108	 .3254902	 .0127451	
  .000311	 .3333333	 1.078431E-02	
  .0003112	 .3411765	 8.82353E-03	
  .0003114	 .3176471	 8.82353E-03	
  .0003116	 .3098039	 6.862745E-03	
  .0003118	 .3176471	 6.862745E-03	
  .000312	 .3019608	 4.901961E-03	
  .0003122	 .3098039	 2.941177E-03	
  .0003124	 .2941177	-9.803922E-04	
  .0003126	 .2862745	-9.803922E-04	
  .0003128	 .2862745	-2.941177E-03	
  .000313	 .2627451	-2.941177E-03	
  .0003132	 .254902	-2.941177E-03	
  .0003134	 .254902	-4.901961E-03	
  .0003136	 .2470588	-2.941177E-03	
  .0003138	 .254902	-6.862745E-03	
  .000314	 .2470588	-1.078431E-02	
  .0003142	 .2470588	-6.862745E-03	
  .0003144	 .2235294	-1.078431E-02	
  .0003146	 .2235294	-1.078431E-02	
  .0003148	 .2235294	-.0127451	
  .000315	 .2156863	-.0127451	
  .0003152	 .2313726	-.0127451	
  .0003154	 .2078431	-1.470588E-02	
  .0003156	 .2	-1.470588E-02	
  .0003158	 .1921569	-2.058824E-02	
  .000316	 .1843137	-2.058824E-02	
  .0003162	 .1843137	-1.862745E-02	
  .0003164	 .1764706	-2.058824E-02	
  .0003166	 .1843137	-2.058824E-02	
  .0003168	 .1764706	-.0245098	
  .000317	 .1686275	-.0245098	
  .0003172	 .1686275	-2.647059E-02	
  .0003174	 .145098	-2.843137E-02	
  .0003176	 .1372549	-3.235294E-02	
  .0003178	 .1529412	-3.235294E-02	
  .000318	 .1372549	-3.039216E-02	
  .0003182	 .1215686	-3.039216E-02	
  .0003184	 .1137255	-3.039216E-02	
  .0003186	 .1137255	-3.235294E-02	
  .0003188	 .1294118	-3.627451E-02	
  .000319	 .1058824	-3.235294E-02	
  .0003192	 9.019608E-02	-.0382353	
  .0003194	 9.019608E-02	-3.627451E-02	
  .0003196	 8.235294E-02	-4.019608E-02	
  .0003198	 8.235294E-02	-.0382353	
  .00032	 7.450981E-02	-.0382353	
  .0003202	 7.450981E-02	-4.019608E-02	
  .0003204	 7.450981E-02	-4.215686E-02	
  .0003206	 7.450981E-02	-4.411765E-02	
  .0003208	 5.882353E-02	-4.411765E-02	
  .000321	 4.313726E-02	-4.411765E-02	
  .0003212	 4.313726E-02	-4.411765E-02	
  .0003214	 5.098039E-02	-4.411765E-02	
  .0003216	 3.529412E-02	-4.607843E-02	
  .0003218	 4.313726E-02	-4.607843E-02	
  .000322	 2.745098E-02	-4.803922E-02	
  .0003222	 1.960784E-02	-5.196078E-02	
  .0003224	 3.921569E-03	-5.392157E-02	
  .0003226	 1.960784E-02	-5.392157E-02	
  .0003228	 3.921569E-03	-5.196078E-02	
  .000323	-3.921569E-03	-5.392157E-02	
  .0003232	-3.921569E-03	-5.392157E-02	
  .0003234	-1.176471E-02	-5.392157E-02	
  .0003236	-1.960784E-02	-5.588235E-02	
  .0003238	-1.176471E-02	-5.980392E-02	
  .000324	-2.745098E-02	-5.784314E-02	
  .0003242	-3.529412E-02	-5.980392E-02	
  .0003244	-2.745098E-02	-6.176471E-02	
  .0003246	-4.313726E-02	-6.176471E-02	
  .0003248	-5.882353E-02	-6.372549E-02	
  .000325	-4.313726E-02	-6.176471E-02	
  .0003252	-5.098039E-02	-6.372549E-02	
  .0003254	-5.882353E-02	-6.568628E-02	
  .0003256	-5.882353E-02	-6.764706E-02	
  .0003258	-8.235294E-02	-6.568628E-02	
  .000326	-8.235294E-02	-6.764706E-02	
  .0003262	-8.235294E-02	-6.764706E-02	
  .0003264	-8.235294E-02	-6.764706E-02	
  .0003266	-9.019608E-02	-6.764706E-02	
  .0003268	-9.019608E-02	-7.156863E-02	
  .000327	-9.803922E-02	-6.960785E-02	
  .0003272	-.1058824	-7.156863E-02	
  .0003274	-.1137255	-7.352941E-02	
  .0003276	-.1215686	-7.156863E-02	
  .0003278	-.1372549	-7.352941E-02	
  .000328	-.1372549	-.0754902	
  .0003282	-.145098	-7.745098E-02	
  .0003284	-.145098	-.0754902	
  .0003286	-.1529412	-7.352941E-02	
  .0003288	-.1529412	-7.745098E-02	
  .000329	-.1529412	-.0754902	
  .0003292	-.1686275	-7.745098E-02	
  .0003294	-.1607843	-7.941177E-02	
  .0003296	-.1607843	-7.745098E-02	
  .0003298	-.1764706	-7.941177E-02	
  .00033	-.1843137	-7.941177E-02	
  .0003302	-.1843137	-8.137255E-02	
  .0003304	-.1921569	-8.333334E-02	
  .0003306	-.1921569	-8.333334E-02	
  .0003308	-.2078431	-8.137255E-02	
  .000331	-.2	-7.941177E-02	
  .0003312	-.2	-8.333334E-02	
  .0003314	-.2078431	-8.333334E-02	
  .0003316	-.2078431	-8.529412E-02	
  .0003318	-.2235294	-8.137255E-02	
  .000332	-.2235294	-8.529412E-02	
  .0003322	-.2235294	-8.529412E-02	
  .0003324	-.2313726	-8.529412E-02	
  .0003326	-.2313726	-8.529412E-02	
  .0003328	-.2470588	-8.529412E-02	
  .000333	-.2470588	-8.529412E-02	
  .0003332	-.2470588	-8.921569E-02	
  .0003334	-.2470588	-8.921569E-02	
  .0003336	-.2470588	-8.529412E-02	
  .0003338	-.2627451	-8.529412E-02	
  .000334	-.2705882	-8.529412E-02	
  .0003342	-.2784314	-.0872549	
  .0003344	-.2705882	-.0872549	
  .0003346	-.2705882	-.0872549	
  .0003348	-.2862745	-.0872549	
  .000335	-.2784314	-.0872549	
  .0003352	-.2862745	-.0872549	
  .0003354	-.2941177	-8.921569E-02	
  .0003356	-.2941177	-.0872549	
  .0003358	-.3019608	-8.921569E-02	
  .000336	-.2941177	-9.117647E-02	
  .0003362	-.3019608	-8.921569E-02	
  .0003364	-.3098039	-.0872549	
  .0003366	-.3176471	-8.921569E-02	
  .0003368	-.3176471	-8.921569E-02	
  .000337	-.3176471	-9.117647E-02	
  .0003372	-.3176471	-8.921569E-02	
  .0003374	-.3333333	-8.921569E-02	
  .0003376	-.3254902	-9.117647E-02	
  .0003378	-.3254902	-9.117647E-02	
  .000338	-.3411765	-8.921569E-02	
  .0003382	-.3411765	-.0872549	
  .0003384	-.3333333	-8.921569E-02	
  .0003386	-.3411765	-9.117647E-02	
  .0003388	-.3490196	-8.921569E-02	
  .000339	-.3490196	-9.117647E-02	
  .0003392	-.3568628	-9.117647E-02	
  .0003394	-.3647059	-9.313726E-02	
  .0003396	-.3568628	-8.921569E-02	
  .0003398	-.3647059	-9.117647E-02	
  .00034	-.3568628	-8.921569E-02	
  .0003402	-.372549	-9.117647E-02	
  .0003404	-.3568628	-9.117647E-02	
  .0003406	-.3647059	-8.921569E-02	
  .0003408	-.372549	-8.921569E-02	
  .000341	-.3803922	-8.921569E-02	
  .0003412	-.3803922	-.0872549	
  .0003414	-.3803922	-8.921569E-02	
  .0003416	-.3803922	-8.921569E-02	
  .0003418	-.3960784	-8.921569E-02	
  .000342	-.3882353	-9.313726E-02	
  .0003422	-.3960784	-8.921569E-02	
  .0003424	-.3960784	-8.921569E-02	
  .0003426	-.3882353	-.0872549	
  .0003428	-.3960784	-.0872549	
  .000343	-.4039216	-.0872549	
  .0003432	-.3960784	-.0872549	
  .0003434	-.4039216	-.0872549	
  .0003436	-.4039216	-8.921569E-02	
  .0003438	-.4117647	-.0872549	
  .000344	-.4117647	-8.921569E-02	
  .0003442	-.4117647	-8.529412E-02	
  .0003444	-.4117647	-8.529412E-02	
  .0003446	-.4117647	-.0872549	
  .0003448	-.4196078	-8.529412E-02	
  .000345	-.4117647	-8.333334E-02	
  .0003452	-.4196078	-.0872549	
  .0003454	-.4196078	-.0872549	
  .0003456	-.4196078	-8.333334E-02	
  .0003458	-.4196078	-8.529412E-02	
  .000346	-.427451	-8.333334E-02	
  .0003462	-.4196078	-8.529412E-02	
  .0003464	-.427451	-8.333334E-02	
  .0003466	-.427451	-8.529412E-02	
  .0003468	-.427451	-8.333334E-02	
  .000347	-.4117647	-8.137255E-02	
  .0003472	-.4117647	-8.137255E-02	
  .0003474	-.4196078	-8.333334E-02	
  .0003476	-.427451	-8.137255E-02	
  .0003478	-.4196078	-8.137255E-02	
  .000348	-.427451	-8.137255E-02	
  .0003482	-.4117647	-7.745098E-02	
  .0003484	-.4196078	-7.941177E-02	
  .0003486	-.4117647	-7.745098E-02	
  .0003488	-.427451	-7.745098E-02	
  .000349	-.427451	-7.941177E-02	
  .0003492	-.4196078	-7.941177E-02	
  .0003494	-.427451	-7.745098E-02	
  .0003496	-.4196078	-.0754902	
  .0003498	-.4196078	-7.745098E-02	
  .00035	-.427451	-7.745098E-02	
  .0003502	-.427451	-.0754902	
  .0003504	-.4117647	-7.352941E-02	
  .0003506	-.427451	-.0754902	
  .0003508	-.4196078	-7.156863E-02	
  .000351	-.4117647	-7.156863E-02	
  .0003512	-.4196078	-7.156863E-02	
  .0003514	-.427451	-6.960785E-02	
  .0003516	-.4352941	-6.960785E-02	
  .0003518	-.4196078	-6.960785E-02	
  .000352	-.4196078	-6.960785E-02	
  .0003522	-.4196078	-6.960785E-02	
  .0003524	-.427451	-6.960785E-02	
  .0003526	-.4196078	-6.764706E-02	
  .0003528	-.4196078	-6.764706E-02	
  .000353	-.4196078	-6.764706E-02	
  .0003532	-.4039216	-6.568628E-02	
  .0003534	-.4117647	-6.568628E-02	
  .0003536	-.4117647	-6.764706E-02	
  .0003538	-.4117647	-6.372549E-02	
  .000354	-.4196078	-6.568628E-02	
  .0003542	-.4117647	-6.176471E-02	
  .0003544	-.4117647	-6.176471E-02	
  .0003546	-.4039216	-5.980392E-02	
  .0003548	-.3960784	-6.176471E-02	
  .000355	-.4039216	-5.980392E-02	
  .0003552	-.4117647	-5.980392E-02	
  .0003554	-.3960784	-5.784314E-02	
  .0003556	-.3960784	-5.980392E-02	
  .0003558	-.3960784	-5.980392E-02	
  .000356	-.3882353	-5.588235E-02	
  .0003562	-.4039216	-5.588235E-02	
  .0003564	-.3960784	-5.588235E-02	
  .0003566	-.3882353	-5.588235E-02	
  .0003568	-.3882353	-5.392157E-02	
  .000357	-.3882353	-5.196078E-02	
  .0003572	-.3882353	-5.196078E-02	
  .0003574	-.3882353	-5.392157E-02	
  .0003576	-.3882353	-5.196078E-02	
  .0003578	-.3882353	-.05	
  .000358	-.3803922	-.05	
  .0003582	-.3803922	-4.803922E-02	
  .0003584	-.372549	-.05	
  .0003586	-.3803922	-4.803922E-02	
  .0003588	-.3803922	-4.607843E-02	
  .000359	-.372549	-4.607843E-02	
  .0003592	-.372549	-4.803922E-02	
  .0003594	-.372549	-4.607843E-02	
  .0003596	-.372549	-4.411765E-02	
  .0003598	-.3647059	-4.411765E-02	
  .00036	-.3647059	-4.215686E-02	
  .0003602	-.3647059	-4.215686E-02	
  .0003604	-.3568628	-.0382353	
  .0003606	-.3568628	-4.411765E-02	
  .0003608	-.3490196	-.0382353	
  .000361	-.3411765	-3.627451E-02	
  .0003612	-.3490196	-.0382353	
  .0003614	-.3411765	-3.431373E-02	
  .0003616	-.3411765	-3.431373E-02	
  .0003618	-.3411765	-.0382353	
  .000362	-.3411765	-3.431373E-02	
  .0003622	-.3254902	-3.235294E-02	
  .0003624	-.3254902	-3.039216E-02	
  .0003626	-.3176471	-3.235294E-02	
  .0003628	-.3254902	-3.039216E-02	
  .000363	-.3176471	-3.039216E-02	
  .0003632	-.3176471	-2.843137E-02	
  .0003634	-.3098039	-3.039216E-02	
  .0003636	-.3176471	-2.843137E-02	
  .0003638	-.3176471	-2.843137E-02	
  .000364	-.3098039	-2.647059E-02	
  .0003642	-.3019608	-.0245098	
  .0003644	-.3019608	-.0245098	
  .0003646	-.2941177	-.0245098	
  .0003648	-.2862745	-.0245098	
  .000365	-.2941177	-2.058824E-02	
  .0003652	-.2862745	-2.058824E-02	
  .0003654	-.2862745	-2.058824E-02	
  .0003656	-.2705882	-2.254902E-02	
  .0003658	-.2784314	-1.862745E-02	
  .000366	-.2705882	-1.666667E-02	
  .0003662	-.2784314	-1.470588E-02	
  .0003664	-.2627451	-1.666667E-02	
  .0003666	-.2627451	-1.470588E-02	
  .0003668	-.2470588	-1.666667E-02	
  .000367	-.254902	-1.470588E-02	
  .0003672	-.2470588	-.0127451	
  .0003674	-.2470588	-1.078431E-02	
  .0003676	-.2470588	-1.078431E-02	
  .0003678	-.2392157	-.0127451	
  .000368	-.2235294	-6.862745E-03	
  .0003682	-.2313726	-8.82353E-03	
  .0003684	-.2313726	-1.078431E-02	
  .0003686	-.2313726	-6.862745E-03	
  .0003688	-.2235294	-6.862745E-03	
  .000369	-.2156863	-6.862745E-03	
  .0003692	-.2156863	-4.901961E-03	
  .0003694	-.2156863	-2.941177E-03	
  .0003696	-.2078431	-9.803922E-04	
  .0003698	-.2	-2.941177E-03	
  .00037	-.2	-9.803922E-04	
  .0003702	-.1921569	 9.803922E-04	
  .0003704	-.2	 9.803922E-04	
  .0003706	-.1921569	 4.901961E-03	
  .0003708	-.1843137	 9.803922E-04	
  .000371	-.1843137	 2.941177E-03	
  .0003712	-.1686275	 6.862745E-03	
  .0003714	-.1764706	 6.862745E-03	
  .0003716	-.1764706	 4.901961E-03	
  .0003718	-.1529412	 6.862745E-03	
  .000372	-.1607843	 4.901961E-03	
  .0003722	-.1686275	 6.862745E-03	
  .0003724	-.1529412	 8.82353E-03	
  .0003726	-.145098	 1.078431E-02	
  .0003728	-.1529412	 1.078431E-02	
  .000373	-.1294118	 1.078431E-02	
  .0003732	-.145098	 .0127451	
  .0003734	-.1294118	 1.470588E-02	
  .0003736	-.1372549	 1.470588E-02	
  .0003738	-.1372549	 1.862745E-02	
  .000374	-.1215686	 1.666667E-02	
  .0003742	-.1215686	 2.058824E-02	
  .0003744	-.1215686	 1.862745E-02	
  .0003746	-.1058824	 1.666667E-02	
  .0003748	-.1058824	 1.862745E-02	
  .000375	-8.235294E-02	 1.862745E-02	
  .0003752	-9.803922E-02	 .0245098	
  .0003754	-9.803922E-02	 1.862745E-02	
  .0003756	-9.019608E-02	 .0245098	
  .0003758	-9.019608E-02	 2.647059E-02	
  .000376	-7.450981E-02	 2.843137E-02	
  .0003762	-6.666667E-02	 2.647059E-02	
  .0003764	-5.882353E-02	 2.254902E-02	
  .0003766	-5.882353E-02	 3.039216E-02	
  .0003768	-7.450981E-02	 2.647059E-02	
  .000377	-5.882353E-02	 .0245098	
  .0003772	-4.313726E-02	 2.843137E-02	
  .0003774	-5.098039E-02	 3.039216E-02	
  .0003776	-4.313726E-02	 2.843137E-02	
  .0003778	-3.529412E-02	 3.431373E-02	
  .000378	-3.529412E-02	 3.431373E-02	
  .0003782	-2.745098E-02	 2.843137E-02	
  .0003784	-4.313726E-02	 3.039216E-02	
  .0003786	-3.529412E-02	 3.627451E-02	
  .0003788	-2.745098E-02	 3.039216E-02	
  .000379	-1.960784E-02	 3.431373E-02	
  .0003792	-1.960784E-02	 3.627451E-02	
  .0003794	-1.176471E-02	 3.431373E-02	
  .0003796	-3.921569E-03	 .0382353	
  .0003798	-3.921569E-03	 4.215686E-02	
  .00038	 1.176471E-02	 4.019608E-02	
  .0003802	 3.921569E-03	 .0382353	
  .0003804	 1.176471E-02	 4.019608E-02	
  .0003806	 2.745098E-02	 .0382353	
  .0003808	 1.176471E-02	 4.019608E-02	
  .000381	 2.745098E-02	 4.019608E-02	
  .0003812	 2.745098E-02	 4.215686E-02	
  .0003814	 2.745098E-02	 4.803922E-02	
  .0003816	 3.529412E-02	 4.411765E-02	
  .0003818	 3.529412E-02	 4.215686E-02	
  .000382	 3.529412E-02	 4.411765E-02	
  .0003822	 4.313726E-02	 4.411765E-02	
  .0003824	 4.313726E-02	 4.411765E-02	
  .0003826	 4.313726E-02	 4.803922E-02	
  .0003828	 5.882353E-02	 4.607843E-02	
  .000383	 5.098039E-02	 4.803922E-02	
  .0003832	 6.666667E-02	 4.607843E-02	
  .0003834	 7.450981E-02	 4.607843E-02	
  .0003836	 6.666667E-02	 4.607843E-02	
  .0003838	 7.450981E-02	 .05	
  .000384	 7.450981E-02	 4.803922E-02	
  .0003842	 8.235294E-02	 .05	
  .0003844	 8.235294E-02	 5.196078E-02	
  .0003846	 9.019608E-02	 5.196078E-02	
  .0003848	 9.019608E-02	 .05	
  .000385	 9.019608E-02	 .05	
  .0003852	 9.803922E-02	 5.196078E-02	
  .0003854	 .1058824	 5.196078E-02	
  .0003856	 .1058824	 5.392157E-02	
  .0003858	 .1137255	 5.392157E-02	
  .000386	 .1137255	 5.392157E-02	
  .0003862	 .1215686	 5.588235E-02	
  .0003864	 .1137255	 5.588235E-02	
  .0003866	 .1294118	 5.392157E-02	
  .0003868	 .1294118	 5.588235E-02	
  .000387	 .1372549	 5.588235E-02	
  .0003872	 .1294118	 5.784314E-02	
  .0003874	 .145098	 5.784314E-02	
  .0003876	 .1372549	 5.588235E-02	
  .0003878	 .1529412	 5.980392E-02	
  .000388	 .145098	 6.176471E-02	
  .0003882	 .1607843	 5.588235E-02	
  .0003884	 .1607843	 5.784314E-02	
  .0003886	 .1529412	 5.588235E-02	
  .0003888	 .1607843	 5.784314E-02	
  .000389	 .1529412	 5.980392E-02	
  .0003892	 .1607843	 6.176471E-02	
  .0003894	 .1686275	 6.176471E-02	
  .0003896	 .1764706	 6.176471E-02	
  .0003898	 .1921569	 5.980392E-02	
  .00039	 .1764706	 6.176471E-02	
  .0003902	 .1764706	 6.176471E-02	
  .0003904	 .1843137	 6.372549E-02	
  .0003906	 .1843137	 6.176471E-02	
  .0003908	 .1921569	 6.372549E-02	
  .000391	 .2078431	 6.372549E-02	
  .0003912	 .1843137	 6.372549E-02	
  .0003914	 .2078431	 6.372549E-02	
  .0003916	 .2	 6.176471E-02	
  .0003918	 .1921569	 6.176471E-02	
  .000392	 .2	 6.176471E-02	
  .0003922	 .2	 6.372549E-02	
  .0003924	 .2078431	 6.568628E-02	
  .0003926	 .2156863	 6.568628E-02	
  .0003928	 .2235294	 6.568628E-02	
  .000393	 .2235294	 6.764706E-02	
  .0003932	 .2313726	 6.372549E-02	
  .0003934	 .2156863	 6.568628E-02	
  .0003936	 .2235294	 6.372549E-02	
  .0003938	 .2313726	 6.568628E-02	
  .000394	 .2313726	 6.568628E-02	
  .0003942	 .2235294	 6.764706E-02	
  .0003944	 .2392157	 6.568628E-02	
  .0003946	 .2313726	 6.372549E-02	
  .0003948	 .2470588	 6.764706E-02	
  .000395	 .2392157	 6.568628E-02	
  .0003952	 .254902	 6.568628E-02	
  .0003954	 .2392157	 6.568628E-02	
  .0003956	 .2470588	 6.764706E-02	
  .0003958	 .254902	 6.960785E-02	
  .000396	 .2627451	 6.764706E-02	
  .0003962	 .2470588	 6.568628E-02	
  .0003964	 .2705882	 6.764706E-02	
  .0003966	 .2627451	 6.568628E-02	
  .0003968	 .254902	 6.568628E-02	
  .000397	 .2627451	 6.568628E-02	
  .0003972	 .254902	 6.764706E-02	
  .0003974	 .2627451	 6.568628E-02	
  .0003976	 .2705882	 6.568628E-02	
  .0003978	 .2784314	 6.960785E-02	
  .000398	 .2784314	 6.764706E-02	
  .0003982	 .2705882	 6.764706E-02	
  .0003984	 .2627451	 6.568628E-02	
  .0003986	 .2627451	 6.372549E-02	
  .0003988	 .2705882	 6.372549E-02	
  .000399	 .2705882	 6.568628E-02	
  .0003992	 .2705882	 6.372549E-02	
  .0003994	 .2784314	 6.764706E-02	
  .0003996	 .2862745	 6.960785E-02	
  .0003998	 .2941177	 6.764706E-02	
  .0004	 .2862745	 6.568628E-02	
  .0004002	 .2784314	 6.372549E-02	
  .0004004	 .2862745	 6.568628E-02	
  .0004006	 .2862745	 6.568628E-02	
  .0004008	 .2941177	 6.764706E-02	
  .000401	 .3019608	 6.764706E-02	
  .0004012	 .2941177	 6.764706E-02	
  .0004014	 .2941177	 6.372549E-02	
  .0004016	 .2862745	 6.176471E-02	
  .0004018	 .2862745	 6.372549E-02	
  .000402	 .2941177	 6.372549E-02	
  .0004022	 .2941177	 6.372549E-02	
  .0004024	 .2941177	 6.568628E-02	
  .0004026	 .3019608	 6.568628E-02	
  .0004028	 .3019608	 6.372549E-02	
  .000403	 .3176471	 6.372549E-02	
  .0004032	 .3098039	 6.372549E-02	
  .0004034	 .3019608	 6.372549E-02	
  .0004036	 .3019608	 6.372549E-02	
  .0004038	 .3098039	 6.372549E-02	
  .000404	 .3019608	 6.372549E-02	
  .0004042	 .3176471	 6.176471E-02	
  .0004044	 .3019608	 6.372549E-02	
  .0004046	 .3176471	 6.372549E-02	
  .0004048	 .3098039	 5.980392E-02	
  .000405	 .3098039	 5.980392E-02	
  .0004052	 .3098039	 5.980392E-02	
  .0004054	 .3176471	 5.980392E-02	
  .0004056	 .3098039	 5.980392E-02	
  .0004058	 .3254902	 6.176471E-02	
  .000406	 .3176471	 5.980392E-02	
  .0004062	 .3254902	 5.980392E-02	
  .0004064	 .3176471	 5.588235E-02	
  .0004066	 .3176471	 5.588235E-02	
  .0004068	 .3176471	 5.784314E-02	
  .000407	 .3098039	 5.784314E-02	
  .0004072	 .3098039	 5.588235E-02	
  .0004074	 .3098039	 5.784314E-02	
  .0004076	 .3176471	 5.784314E-02	
  .0004078	 .3176471	 5.784314E-02	
  .000408	 .3333333	 5.392157E-02	
  .0004082	 .3098039	 5.588235E-02	
  .0004084	 .3098039	 5.588235E-02	
  .0004086	 .3098039	 5.392157E-02	
  .0004088	 .3098039	 5.588235E-02	
  .000409	 .3098039	 5.196078E-02	
  .0004092	 .3098039	 5.588235E-02	
  .0004094	 .3176471	 5.392157E-02	
  .0004096	 .3254902	 5.196078E-02	
  .0004098	 .3098039	 5.392157E-02	
  .00041	 .3098039	 .05	
  .0004102	 .3176471	 5.392157E-02	
  .0004104	 .3176471	 .05	
  .0004106	 .3019608	 4.803922E-02	
  .0004108	 .3098039	 5.392157E-02	
  .000411	 .2941177	 5.196078E-02	
  .0004112	 .3176471	 .05	
  .0004114	 .3098039	 4.607843E-02	
  .0004116	 .3098039	 4.803922E-02	
  .0004118	 .3176471	 4.803922E-02	
  .000412	 .3019608	 4.803922E-02	
  .0004122	 .3098039	 4.803922E-02	
  .0004124	 .3019608	 4.607843E-02	
  .0004126	 .3176471	 4.411765E-02	
  .0004128	 .3098039	 4.607843E-02	
  .000413	 .3098039	 4.411765E-02	
  .0004132	 .3019608	 4.411765E-02	
  .0004134	 .3019608	 4.215686E-02	
  .0004136	 .3019608	 4.411765E-02	
  .0004138	 .3019608	 4.215686E-02	
  .000414	 .2941177	 4.411765E-02	
  .0004142	 .3019608	 4.215686E-02	
  .0004144	 .3019608	 4.019608E-02	
  .0004146	 .3098039	 4.215686E-02	
  .0004148	 .3019608	 4.019608E-02	
  .000415	 .2941177	 .0382353	
  .0004152	 .3019608	 4.019608E-02	
  .0004154	 .2941177	 4.019608E-02	
  .0004156	 .2941177	 4.019608E-02	
  .0004158	 .2862745	 .0382353	
  .000416	 .2941177	 3.431373E-02	
  .0004162	 .2941177	 .0382353	
  .0004164	 .2862745	 3.431373E-02	
  .0004166	 .2784314	 3.431373E-02	
  .0004168	 .2862745	 3.431373E-02	
  .000417	 .2784314	 3.039216E-02	
  .0004172	 .2784314	 3.039216E-02	
  .0004174	 .2862745	 3.235294E-02	
  .0004176	 .2705882	 3.431373E-02	
  .0004178	 .2784314	 3.039216E-02	
  .000418	 .2705882	 3.039216E-02	
  .0004182	 .2627451	 3.039216E-02	
  .0004184	 .2627451	 2.843137E-02	
  .0004186	 .2627451	 2.843137E-02	
  .0004188	 .254902	 2.843137E-02	
  .000419	 .254902	 2.647059E-02	
  .0004192	 .2705882	 2.647059E-02	
  .0004194	 .254902	 2.843137E-02	
  .0004196	 .2627451	 2.647059E-02	
  .0004198	 .2627451	 2.647059E-02	
  .00042	 .2470588	 2.254902E-02	
  .0004202	 .254902	 2.647059E-02	
  .0004204	 .2470588	 2.647059E-02	
  .0004206	 .254902	 2.058824E-02	
  .0004208	 .2627451	 2.647059E-02	
  .000421	 .254902	 .0245098	
  .0004212	 .2392157	 1.862745E-02	
  .0004214	 .2392157	 1.862745E-02	
  .0004216	 .2392157	 2.058824E-02	
  .0004218	 .2313726	 1.862745E-02	
  .000422	 .2392157	 1.862745E-02	
  .0004222	 .2235294	 2.058824E-02	
  .0004224	 .2313726	 1.862745E-02	
  .0004226	 .2156863	 1.666667E-02	
  .0004228	 .2313726	 1.666667E-02	
  .000423	 .2313726	 1.666667E-02	
  .0004232	 .2235294	 .0127451	
  .0004234	 .2235294	 1.470588E-02	
  .0004236	 .2156863	 1.470588E-02	
  .0004238	 .2078431	 1.470588E-02	
  .000424	 .2313726	 1.470588E-02	
  .0004242	 .2078431	 1.470588E-02	
  .0004244	 .2156863	 1.078431E-02	
  .0004246	 .2078431	 1.078431E-02	
  .0004248	 .2	 6.862745E-03	
  .000425	 .2	 6.862745E-03	
  .0004252	 .2	 8.82353E-03	
  .0004254	 .2	 8.82353E-03	
  .0004256	 .1921569	 1.078431E-02	
  .0004258	 .1921569	 6.862745E-03	
  .000426	 .1843137	 8.82353E-03	
  .0004262	 .1764706	 4.901961E-03	
  .0004264	 .1843137	 4.901961E-03	
  .0004266	 .1843137	 4.901961E-03	
  .0004268	 .1764706	 9.803922E-04	
  .000427	 .1686275	 2.941177E-03	
  .0004272	 .1686275	 2.941177E-03	
  .0004274	 .1843137	 4.901961E-03	
  .0004276	 .1686275	 4.901961E-03	
  .0004278	 .1686275	 9.803922E-04	
  .000428	 .1686275	 9.803922E-04	
  .0004282	 .1529412	 9.803922E-04	
  .0004284	 .1529412	-9.803922E-04	
  .0004286	 .1529412	 9.803922E-04	
  .0004288	 .1529412	-9.803922E-04	
  .000429	 .145098	-2.941177E-03	
  .0004292	 .1529412	-9.803922E-04	
  .0004294	 .145098	-2.941177E-03	
  .0004296	 .1294118	-2.941177E-03	
  .0004298	 .1372549	-4.901961E-03	
  .00043	 .1372549	-2.941177E-03	
  .0004302	 .1294118	-4.901961E-03	
  .0004304	 .1294118	-4.901961E-03	
  .0004306	 .1215686	-2.941177E-03	
  .0004308	 .1137255	-2.941177E-03	
  .000431	 .1215686	-8.82353E-03	
  .0004312	 .1137255	-8.82353E-03	
  .0004314	 .1058824	-.0127451	
  .0004316	 .1058824	-1.078431E-02	
  .0004318	 .1058824	-8.82353E-03	
  .000432	 9.803922E-02	-1.078431E-02	
  .0004322	 .1058824	-1.078431E-02	
  .0004324	 .1058824	-1.078431E-02	
  .0004326	 .1058824	-.0127451	
  .0004328	 .1058824	-1.470588E-02	
  .000433	 9.019608E-02	-.0127451	
  .0004332	 8.235294E-02	-1.470588E-02	
  .0004334	 8.235294E-02	-.0127451	
  .0004336	 8.235294E-02	-1.666667E-02	
  .0004338	 8.235294E-02	-.0127451	
  .000434	 8.235294E-02	-1.666667E-02	
  .0004342	 8.235294E-02	-1.666667E-02	
  .0004344	 7.450981E-02	-1.666667E-02	
  .0004346	 6.666667E-02	-1.862745E-02	
  .0004348	 6.666667E-02	-1.666667E-02	
  .000435	 6.666667E-02	-1.862745E-02	
  .0004352	 5.882353E-02	-1.666667E-02	
  .0004354	 5.098039E-02	-1.666667E-02	
  .0004356	 5.098039E-02	-2.058824E-02	
  .0004358	 5.098039E-02	-2.058824E-02	
  .000436	 5.098039E-02	-2.058824E-02	
  .0004362	 4.313726E-02	-.0245098	
  .0004364	 4.313726E-02	-.0245098	
  .0004366	 4.313726E-02	-2.254902E-02	
  .0004368	 4.313726E-02	-2.254902E-02	
  .000437	 2.745098E-02	-2.254902E-02	
  .0004372	 3.529412E-02	-2.254902E-02	
  .0004374	 1.960784E-02	-.0245098	
  .0004376	 3.529412E-02	-2.647059E-02	
  .0004378	 2.745098E-02	-.0245098	
  .000438	 1.960784E-02	-.0245098	
  .0004382	 1.176471E-02	-2.647059E-02	
  .0004384	 1.176471E-02	-2.647059E-02	
  .0004386	 3.921569E-03	-2.647059E-02	
  .0004388	 3.921569E-03	-2.647059E-02	
  .000439	 1.176471E-02	-2.647059E-02	
  .0004392	-3.921569E-03	-2.843137E-02	
  .0004394	 1.176471E-02	-2.843137E-02	
  .0004396	 3.921569E-03	-2.843137E-02	
  .0004398	-3.921569E-03	-3.039216E-02	
  .00044	-3.921569E-03	-3.039216E-02	
  .0004402	-1.176471E-02	-3.235294E-02	
  .0004404	-3.921569E-03	-3.235294E-02	
  .0004406	-3.921569E-03	-3.039216E-02	
  .0004408	-1.176471E-02	-3.235294E-02	
  .000441	-2.745098E-02	-3.431373E-02	
  .0004412	-2.745098E-02	-3.235294E-02	
  .0004414	-2.745098E-02	-3.235294E-02	
  .0004416	-2.745098E-02	-3.431373E-02	
  .0004418	-3.529412E-02	-3.431373E-02	
  .000442	-4.313726E-02	-3.431373E-02	
  .0004422	-4.313726E-02	-3.235294E-02	
  .0004424	-4.313726E-02	-3.431373E-02	
  .0004426	-3.529412E-02	-3.627451E-02	
  .0004428	-3.529412E-02	-3.431373E-02	
  .000443	-5.098039E-02	-3.627451E-02	
  .0004432	-5.098039E-02	-3.235294E-02	
  .0004434	-5.098039E-02	-3.431373E-02	
  .0004436	-5.098039E-02	-3.627451E-02	
  .0004438	-4.313726E-02	-.0382353	
  .000444	-4.313726E-02	-3.627451E-02	
  .0004442	-6.666667E-02	-.0382353	
  .0004444	-5.882353E-02	-4.019608E-02	
  .0004446	-6.666667E-02	-4.215686E-02	
  .0004448	-6.666667E-02	-4.019608E-02	
  .000445	-6.666667E-02	-3.627451E-02	
  .0004452	-7.450981E-02	-.0382353	
  .0004454	-8.235294E-02	-4.019608E-02	
  .0004456	-7.450981E-02	-.0382353	
  .0004458	-8.235294E-02	-4.019608E-02	
  .000446	-7.450981E-02	-4.215686E-02	
  .0004462	-8.235294E-02	-4.019608E-02	
  .0004464	-8.235294E-02	-4.019608E-02	
  .0004466	-8.235294E-02	-4.019608E-02	
  .0004468	-9.803922E-02	-4.215686E-02	
  .000447	-9.803922E-02	-4.019608E-02	
  .0004472	-9.019608E-02	-4.019608E-02	
  .0004474	-9.019608E-02	-4.019608E-02	
  .0004476	-9.803922E-02	-4.215686E-02	
  .0004478	-9.803922E-02	-4.215686E-02	
  .000448	-.1058824	-4.215686E-02	
  .0004482	-.1058824	-4.411765E-02	
  .0004484	-.1058824	-4.215686E-02	
  .0004486	-.1058824	-4.215686E-02	
  .0004488	-.1137255	-4.215686E-02	
  .000449	-.1137255	-4.215686E-02	
  .0004492	-.1137255	-4.411765E-02	
  .0004494	-.1137255	-4.215686E-02	
  .0004496	-.1215686	-4.411765E-02	
  .0004498	-.1215686	-4.215686E-02	
  .00045	-.1137255	-4.215686E-02	
