 -.0000249	 1.960784E-03	 9.803922E-03	
 -.0000248	 5.882353E-03	 1.960784E-03	
 -.0000247	 5.882353E-03	-1.960784E-03	
 -.0000246	 1.960784E-03	 5.882353E-03	
 -.0000245	 5.882353E-03	 5.882353E-03	
 -.0000244	 1.960784E-03	-1.960784E-03	
 -.0000243	 1.960784E-03	 1.960784E-03	
 -.0000242	 9.803922E-03	-1.960784E-03	
 -.0000241	 5.882353E-03	 1.960784E-03	
 -.000024	 9.803922E-03	 1.960784E-03	
 -.0000239	 5.882353E-03	-1.960784E-03	
 -.0000238	 5.882353E-03	 5.882353E-03	
 -.0000237	 9.803922E-03	 1.960784E-03	
 -.0000236	 5.882353E-03	 1.960784E-03	
 -.0000235	 9.803922E-03	 9.803922E-03	
 -.0000234	 5.882353E-03	 1.960784E-03	
 -.0000233	 5.882353E-03	 1.960784E-03	
 -.0000232	 1.960784E-03	 1.960784E-03	
 -.0000231	 5.882353E-03	-5.882353E-03	
 -.000023	 1.960784E-03	 1.960784E-03	
 -.0000229	 1.960784E-03	-5.882353E-03	
 -.0000228	 5.882353E-03	-1.960784E-03	
 -.0000227	 5.882353E-03	 1.960784E-03	
 -.0000226	 1.960784E-03	-1.960784E-03	
 -.0000225	 5.882353E-03	-1.960784E-03	
 -.0000224	 1.960784E-03	-1.960784E-03	
 -.0000223	 5.882353E-03	-1.960784E-03	
 -.0000222	 5.882353E-03	 5.882353E-03	
 -.0000221	 5.882353E-03	 5.882353E-03	
 -.000022	 9.803922E-03	 1.960784E-03	
 -.0000219	 5.882353E-03	-1.960784E-03	
 -.0000218	 5.882353E-03	 1.960784E-03	
 -.0000217	 1.960784E-03	 1.960784E-03	
 -.0000216	 5.882353E-03	 5.882353E-03	
 -.0000215	 5.882353E-03	-1.960784E-03	
 -.0000214	 9.803922E-03	 1.960784E-03	
 -.0000213	 5.882353E-03	-1.960784E-03	
 -.0000212	 9.803922E-03	 1.960784E-03	
 -.0000211	 5.882353E-03	 1.960784E-03	
 -.000021	 5.882353E-03	 1.960784E-03	
 -.0000209	 5.882353E-03	-1.960784E-03	
 -.0000208	 1.960784E-03	 1.960784E-03	
 -.0000207	 5.882353E-03	-1.960784E-03	
 -.0000206	 5.882353E-03	 1.960784E-03	
 -.0000205	 5.882353E-03	-1.960784E-03	
 -.0000204	 5.882353E-03	 1.960784E-03	
 -.0000203	 9.803922E-03	 1.960784E-03	
 -.0000202	 9.803922E-03	-1.960784E-03	
 -.0000201	 1.960784E-03	 1.960784E-03	
 -.00002	 9.803922E-03	-9.803922E-03	
 -.0000199	-1.960784E-03	 5.882353E-03	
 -.0000198	 5.882353E-03	 9.803922E-03	
 -.0000197	 1.960784E-03	-1.960784E-03	
 -.0000196	 5.882353E-03	-1.960784E-03	
 -.0000195	 1.960784E-03	-1.960784E-03	
 -.0000194	 5.882353E-03	 5.882353E-03	
 -.0000193	 9.803922E-03	 1.960784E-03	
 -.0000192	 5.882353E-03	-1.960784E-03	
 -.0000191	 5.882353E-03	 1.960784E-03	
 -.000019	 9.803922E-03	 1.960784E-03	
 -.0000189	 5.882353E-03	 1.960784E-03	
 -.0000188	 9.803922E-03	-1.960784E-03	
 -.0000187	 5.882353E-03	-1.960784E-03	
 -.0000186	 5.882353E-03	 1.960784E-03	
 -.0000185	 5.882353E-03	-1.960784E-03	
 -.0000184	 5.882353E-03	 1.960784E-03	
 -.0000183	 1.960784E-03	-1.960784E-03	
 -.0000182	 9.803922E-03	 1.960784E-03	
 -.0000181	 5.882353E-03	 1.960784E-03	
 -.000018	 9.803922E-03	 1.960784E-03	
 -.0000179	 1.960784E-03	-1.960784E-03	
 -.0000178	 5.882353E-03	-1.960784E-03	
 -.0000177	 1.960784E-03	 1.960784E-03	
 -.0000176	 5.882353E-03	-1.960784E-03	
 -.0000175	-1.960784E-03	-5.882353E-03	
 -.0000174	 9.803922E-03	-1.960784E-03	
 -.0000173	 5.882353E-03	 1.960784E-03	
 -.0000172	 5.882353E-03	-1.960784E-03	
 -.0000171	 1.960784E-03	 1.960784E-03	
 -.000017	 5.882353E-03	 1.960784E-03	
 -.0000169	 5.882353E-03	 1.960784E-03	
 -.0000168	 5.882353E-03	 5.882353E-03	
 -.0000167	 1.960784E-03	 1.960784E-03	
 -.0000166	 5.882353E-03	-1.960784E-03	
 -.0000165	 5.882353E-03	-1.960784E-03	
 -.0000164	 1.960784E-03	-1.960784E-03	
 -.0000163	 5.882353E-03	-1.960784E-03	
 -.0000162	 5.882353E-03	-1.960784E-03	
 -.0000161	 1.960784E-03	-1.960784E-03	
 -.000016	 1.960784E-03	-1.960784E-03	
 -.0000159	 1.960784E-03	-5.882353E-03	
 -.0000158	 5.882353E-03	 1.960784E-03	
 -.0000157	 9.803922E-03	 1.960784E-03	
 -.0000156	 1.960784E-03	 1.960784E-03	
 -.0000155	 5.882353E-03	 1.960784E-03	
 -.0000154	 1.960784E-03	 1.960784E-03	
 -.0000153	 5.882353E-03	 1.960784E-03	
 -.0000152	 5.882353E-03	 1.960784E-03	
 -.0000151	-1.960784E-03	 1.960784E-03	
 -.000015	 5.882353E-03	 5.882353E-03	
 -.0000149	 9.803922E-03	 1.960784E-03	
 -.0000148	 9.803922E-03	 1.960784E-03	
 -.0000147	 1.960784E-03	 5.882353E-03	
 -.0000146	 5.882353E-03	 5.882353E-03	
 -.0000145	 1.960784E-03	 1.960784E-03	
 -.0000144	 1.960784E-03	-1.960784E-03	
 -.0000143	 9.803922E-03	-1.960784E-03	
 -.0000142	 5.882353E-03	 1.960784E-03	
 -.0000141	 5.882353E-03	-1.960784E-03	
 -.000014	 1.960784E-03	 5.882353E-03	
 -.0000139	 5.882353E-03	 1.960784E-03	
 -.0000138	 9.803922E-03	 1.960784E-03	
 -.0000137	 9.803922E-03	 9.803922E-03	
 -.0000136	 5.882353E-03	 1.372549E-02	
 -.0000135	 9.803922E-03	 1.960784E-03	
 -.0000134	 5.882353E-03	 5.882353E-03	
 -.0000133	 1.960784E-03	 1.960784E-03	
 -.0000132	 1.960784E-03	-1.960784E-03	
 -.0000131	 1.960784E-03	-1.960784E-03	
 -.000013	 5.882353E-03	 1.960784E-03	
 -.0000129	 5.882353E-03	-1.960784E-03	
 -.0000128	 9.803922E-03	 1.960784E-03	
 -.0000127	 1.960784E-03	 1.960784E-03	
 -.0000126	 5.882353E-03	-1.960784E-03	
 -.0000125	-1.960784E-03	-5.882353E-03	
 -.0000124	 9.803922E-03	 1.960784E-03	
 -.0000123	 1.960784E-03	 1.960784E-03	
 -.0000122	 1.960784E-03	 5.882353E-03	
 -.0000121	 5.882353E-03	 1.960784E-03	
 -.000012	 5.882353E-03	 1.960784E-03	
 -.0000119	 5.882353E-03	-1.960784E-03	
 -.0000118	 5.882353E-03	-1.960784E-03	
 -.0000117	 5.882353E-03	-1.960784E-03	
 -.0000116	 9.803922E-03	-1.960784E-03	
 -.0000115	 5.882353E-03	 5.882353E-03	
 -.0000114	 5.882353E-03	-1.960784E-03	
 -.0000113	 5.882353E-03	 5.882353E-03	
 -.0000112	 5.882353E-03	-1.960784E-03	
 -.0000111	 1.960784E-03	-1.960784E-03	
 -.000011	 1.960784E-03	-1.960784E-03	
 -.0000109	 1.960784E-03	-1.960784E-03	
 -.0000108	 1.960784E-03	 5.882353E-03	
 -.0000107	 5.882353E-03	 1.960784E-03	
 -.0000106	 1.960784E-03	 5.882353E-03	
 -.0000105	 9.803922E-03	 1.960784E-03	
 -.0000104	 9.803922E-03	 1.960784E-03	
 -.0000103	 5.882353E-03	-1.960784E-03	
 -.0000102	 5.882353E-03	 1.960784E-03	
 -.0000101	 1.960784E-03	-1.960784E-03	
 -.00001	 1.960784E-03	 1.960784E-03	
 -.0000099	 5.882353E-03	 5.882353E-03	
 -.0000098	 5.882353E-03	 1.960784E-03	
 -.0000097	 1.960784E-03	-1.960784E-03	
 -.0000096	 5.882353E-03	-1.960784E-03	
 -.0000095	 5.882353E-03	 1.960784E-03	
 -.0000094	 5.882353E-03	 1.960784E-03	
 -.0000093	 1.960784E-03	 1.960784E-03	
 -.0000092	 5.882353E-03	 1.960784E-03	
 -.0000091	 5.882353E-03	-1.960784E-03	
 -.000009	 9.803922E-03	 1.960784E-03	
 -.0000089	 9.803922E-03	-1.960784E-03	
 -.0000088	 5.882353E-03	 1.960784E-03	
 -.0000087	 5.882353E-03	 1.960784E-03	
 -.0000086	 5.882353E-03	-1.960784E-03	
 -.0000085	 5.882353E-03	 1.960784E-03	
 -.0000084	 1.960784E-03	-1.960784E-03	
 -.0000083	 9.803922E-03	 1.960784E-03	
 -.0000082	 5.882353E-03	-5.882353E-03	
 -.0000081	 5.882353E-03	-1.960784E-03	
 -.000008	 5.882353E-03	 1.960784E-03	
 -.0000079	 5.882353E-03	-1.960784E-03	
 -.0000078	 1.960784E-03	 1.960784E-03	
 -.0000077	 5.882353E-03	-5.882353E-03	
 -.0000076	 5.882353E-03	-5.882353E-03	
 -.0000075	 5.882353E-03	-1.960784E-03	
 -.0000074	 1.960784E-03	 1.960784E-03	
 -.0000073	 1.960784E-03	-1.960784E-03	
 -.0000072	 1.960784E-03	 5.882353E-03	
 -.0000071	 5.882353E-03	 1.960784E-03	
 -.000007	 5.882353E-03	 9.803922E-03	
 -.0000069	 5.882353E-03	 1.960784E-03	
 -.0000068	 1.960784E-03	 1.960784E-03	
 -.0000067	 1.960784E-03	-1.960784E-03	
 -.0000066	 5.882353E-03	-5.882353E-03	
 -.0000065	 5.882353E-03	-1.960784E-03	
 -.0000064	 1.960784E-03	-5.882353E-03	
 -.0000063	 1.960784E-03	-1.960784E-03	
 -.0000062	 5.882353E-03	-1.960784E-03	
 -.0000061	-1.960784E-03	-1.960784E-03	
 -.000006	 5.882353E-03	 5.882353E-03	
 -.0000059	 1.960784E-03	-1.960784E-03	
 -.0000058	 5.882353E-03	 1.960784E-03	
 -.0000057	 1.960784E-03	-1.960784E-03	
 -.0000056	 5.882353E-03	 1.960784E-03	
 -.0000055	 1.960784E-03	-1.960784E-03	
 -.0000054	 5.882353E-03	 1.960784E-03	
 -.0000053	 5.882353E-03	-1.960784E-03	
 -.0000052	 5.882353E-03	 1.960784E-03	
 -.0000051	 5.882353E-03	 5.882353E-03	
 -.000005	 5.882353E-03	-5.882353E-03	
 -.0000049	 9.803922E-03	 1.960784E-03	
 -.0000048	 1.960784E-03	 5.882353E-03	
 -.0000047	 1.960784E-03	 5.882353E-03	
 -.0000046	 1.960784E-03	 1.960784E-03	
 -.0000045	 5.882353E-03	 1.960784E-03	
 -.0000044	 5.882353E-03	-5.882353E-03	
 -.0000043	 1.960784E-03	 1.960784E-03	
 -.0000042	 5.882353E-03	-5.882353E-03	
 -.0000041	 5.882353E-03	 1.960784E-03	
 -.000004	 1.960784E-03	 1.960784E-03	
 -.0000039	 9.803922E-03	 1.960784E-03	
 -.0000038	 5.882353E-03	 5.882353E-03	
 -.0000037	 5.882353E-03	 9.803922E-03	
 -.0000036	 5.882353E-03	 1.960784E-03	
 -.0000035	 1.960784E-03	-1.960784E-03	
 -.0000034	 1.960784E-03	 1.960784E-03	
 -.0000033	 5.882353E-03	-5.882353E-03	
 -.0000032	 5.882353E-03	 1.960784E-03	
 -.0000031	 1.960784E-03	 1.960784E-03	
 -.000003	 1.960784E-03	-1.960784E-03	
 -.0000029	 5.882353E-03	-1.960784E-03	
 -.0000028	 1.960784E-03	-1.960784E-03	
 -.0000027	 5.882353E-03	-5.882353E-03	
 -.0000026	-1.960784E-03	-5.882353E-03	
 -.0000025	 5.882353E-03	-1.960784E-03	
 -.0000024	 5.882353E-03	 5.882353E-03	
 -.0000023	 1.960784E-03	 5.882353E-03	
 -.0000022	 5.882353E-03	 5.882353E-03	
 -.0000021	 5.882353E-03	 1.960784E-03	
 -.000002	 1.960784E-03	-1.960784E-03	
 -.0000019	 5.882353E-03	 1.960784E-03	
 -.0000018	 5.882353E-03	 1.960784E-03	
 -.0000017	 1.960784E-03	-1.960784E-03	
 -.0000016	 9.803922E-03	 1.960784E-03	
 -.0000015	 5.882353E-03	 1.960784E-03	
 -.0000014	 1.960784E-03	 5.882353E-03	
 -.0000013	 1.960784E-03	 1.960784E-03	
 -.0000012	 1.960784E-03	-1.960784E-03	
 -.0000011	 1.960784E-03	-1.960784E-03	
 -.000001	 1.960784E-03	-1.960784E-03	
 -.0000009	 5.882353E-03	 5.882353E-03	
 -.0000008	 5.882353E-03	-1.960784E-03	
 -.0000007	 5.882353E-03	 1.960784E-03	
 -.0000006	 5.882353E-03	 1.960784E-03	
 -.0000005	 9.803922E-03	 5.882353E-03	
 -.0000004	 5.882353E-03	 1.960784E-03	
 -.0000003	 5.882353E-03	 1.960784E-03	
 -.0000002	 9.803922E-03	-5.882353E-03	
 -.0000001	 1.960784E-03	 1.960784E-03	
  0	 5.882353E-03	 5.882353E-03	
  .0000001	 5.882353E-03	-1.960784E-03	
  .0000002	 5.882353E-03	 1.960784E-03	
  .0000003	 1.960784E-03	-1.960784E-03	
  .0000004	 5.882353E-03	 1.960784E-03	
  .0000005	 5.882353E-03	-1.960784E-03	
  .0000006	 5.882353E-03	-1.960784E-03	
  .0000007	 1.960784E-03	 5.882353E-03	
  .0000008	 5.882353E-03	-1.960784E-03	
  .0000009	 5.882353E-03	-5.882353E-03	
  .000001	 5.882353E-03	 1.960784E-03	
  .0000011	-.2411765	-1.960784E-03	
  .0000012	-5.882353E-03	 1.960784E-03	
  .0000013	-3.333334E-02	 5.882353E-03	
  .0000014	-6.078431E-02	 5.882353E-03	
  .0000015	-9.215686E-02	 9.803922E-03	
  .0000016	-.0882353	 1.372549E-02	
  .0000017	-6.862745E-02	 9.803922E-03	
  .0000018	-8.039216E-02	 1.372549E-02	
  .0000019	-9.215686E-02	 1.764706E-02	
  .000002	-.0882353	 1.764706E-02	
  .0000021	-9.607843E-02	 .0254902	
  .0000022	-.1	 2.156863E-02	
  .0000023	-.1078431	 2.156863E-02	
  .0000024	-.1039216	 2.941176E-02	
  .0000025	-.1039216	 3.333334E-02	
  .0000026	-.1	 .0372549	
  .0000027	-.1078431	 4.117647E-02	
  .0000028	-.1078431	 .0372549	
  .0000029	-.1039216	 4.509804E-02	
  .000003	-.1078431	 4.509804E-02	
  .0000031	-.1156863	 4.901961E-02	
  .0000032	-.1078431	 4.901961E-02	
  .0000033	-.1039216	 4.509804E-02	
  .0000034	-.1078431	 4.901961E-02	
  .0000035	-.1078431	 4.509804E-02	
  .0000036	-.1117647	 5.294118E-02	
  .0000037	-.1156863	 5.294118E-02	
  .0000038	-.1117647	 5.686275E-02	
  .0000039	-.1156863	 5.294118E-02	
  .000004	-.1196078	 6.470589E-02	
  .0000041	-.1078431	 5.686275E-02	
  .0000042	-.1117647	 6.078431E-02	
  .0000043	-.1156863	 6.078431E-02	
  .0000044	-.1235294	 6.078431E-02	
  .0000045	-.1196078	 6.862745E-02	
  .0000046	-.1196078	 6.862745E-02	
  .0000047	-.127451	 6.862745E-02	
  .0000048	-.127451	 7.254902E-02	
  .0000049	-.1235294	 6.862745E-02	
  .000005	-.1235294	 7.647059E-02	
  .0000051	-.127451	 8.039216E-02	
  .0000052	-.127451	 8.039216E-02	
  .0000053	-.1313726	 7.647059E-02	
  .0000054	-.1196078	 7.647059E-02	
  .0000055	-.1313726	 8.431373E-02	
  .0000056	-.1352941	 8.431373E-02	
  .0000057	-.1235294	 8.039216E-02	
  .0000058	-.1509804	 9.215686E-02	
  .0000059	-.1627451	 9.215686E-02	
  .000006	-.1627451	 9.215686E-02	
  .0000061	-.1627451	 9.607843E-02	
  .0000062	-.1588235	 .1	
  .0000063	-.1627451	 .1	
  .0000064	-.1666667	 .1039216	
  .0000065	-.1666667	 .1039216	
  .0000066	-.1705882	 .1039216	
  .0000067	-.1705882	 .1039216	
  .0000068	-.1666667	 .1078431	
  .0000069	-.1705882	 .1039216	
  .000007	-.1705882	 .1078431	
  .0000071	-.1745098	 .1078431	
  .0000072	-.1666667	 .1156863	
  .0000073	-.1784314	 .1078431	
  .0000074	-.1705882	 .1156863	
  .0000075	-.1745098	 .1196078	
  .0000076	-.1705882	 .1235294	
  .0000077	-.1745098	 .1196078	
  .0000078	-.1745098	 .1196078	
  .0000079	-.1784314	 .127451	
  .000008	-.1784314	 .127451	
  .0000081	-.1784314	 .1313726	
  .0000082	-.1784314	 .127451	
  .0000083	-.1784314	 .1313726	
  .0000084	-.1784314	 .1352941	
  .0000085	-.1784314	 .1313726	
  .0000086	-.1784314	 .1352941	
  .0000087	-.1823529	 .1352941	
  .0000088	-.1784314	 .1313726	
  .0000089	-.1823529	 .1313726	
  .000009	-.1823529	 .1431373	
  .0000091	-.1784314	 .1431373	
  .0000092	-.1823529	 .1431373	
  .0000093	-.1784314	 .1470588	
  .0000094	-.1823529	 .1470588	
  .0000095	-.1823529	 .1470588	
  .0000096	-.1862745	 .1509804	
  .0000097	-.1823529	 .1431373	
  .0000098	-.1901961	 .1509804	
  .0000099	-.1862745	 .1588235	
  .00001	-.1862745	 .154902	
  .0000101	-.1823529	 .154902	
  .0000102	-.1862745	 .1509804	
  .0000103	-.1862745	 .154902	
  .0000104	-.1823529	 .1627451	
  .0000105	-.1862745	 .1627451	
  .0000106	-.1862745	 .1627451	
  .0000107	-.1823529	 .1627451	
  .0000108	-.1901961	 .1705882	
  .0000109	-.1862745	 .1705882	
  .000011	-.1862745	 .1745098	
  .0000111	-.1901961	 .1784314	
  .0000112	-.1862745	 .1745098	
  .0000113	-.1901961	 .1784314	
  .0000114	-.1901961	 .1784314	
  .0000115	-.1901961	 .1823529	
  .0000116	-.1862745	 .1745098	
  .0000117	-.1862745	 .1784314	
  .0000118	-.1862745	 .1823529	
  .0000119	-.1823529	 .1705882	
  .000012	-.1901961	 .1784314	
  .0000121	-.1862745	 .1745098	
  .0000122	-.1901961	 .1745098	
  .0000123	-.1862745	 .1784314	
  .0000124	-.1901961	 .1862745	
  .0000125	-.1862745	 .1862745	
  .0000126	-.1901961	 .1823529	
  .0000127	-.1862745	 .1862745	
  .0000128	-.1862745	 .1941177	
  .0000129	-.1901961	 .1941177	
  .000013	-.1901961	 .1980392	
  .0000131	-.1862745	 .1980392	
  .0000132	-.1901961	 .1941177	
  .0000133	-.1901961	 .1901961	
  .0000134	-.1901961	 .1901961	
  .0000135	-.1901961	 .1980392	
  .0000136	-.1901961	 .1941177	
  .0000137	-.1901961	 .1980392	
  .0000138	-.1862745	 .1980392	
  .0000139	-.1901961	 .2058824	
  .000014	-.1862745	 .2019608	
  .0000141	-.1901961	 .2019608	
  .0000142	-.1901961	 .2098039	
  .0000143	-.1941177	 .2058824	
  .0000144	-.1941177	 .2098039	
  .0000145	-.1901961	 .2098039	
  .0000146	-.1941177	 .2098039	
  .0000147	-.1901961	 .2176471	
  .0000148	-.1901961	 .2098039	
  .0000149	-.1901961	 .2137255	
  .000015	-.1901961	 .2215686	
  .0000151	-.1901961	 .2176471	
  .0000152	-.1862745	 .2098039	
  .0000153	-.1862745	 .2176471	
  .0000154	-.1862745	 .2176471	
  .0000155	-.1941177	 .2254902	
  .0000156	-.1862745	 .2176471	
  .0000157	-.1901961	 .2254902	
  .0000158	-.1901961	 .2215686	
  .0000159	-.1862745	 .2215686	
  .000016	-.1862745	 .2294118	
  .0000161	-.1862745	 .2254902	
  .0000162	-.1862745	 .2254902	
  .0000163	-.1901961	 .2294118	
  .0000164	-.1901961	 .2294118	
  .0000165	-.1862745	 .2294118	
  .0000166	-.1862745	 .2215686	
  .0000167	-.1823529	 .2294118	
  .0000168	-.1823529	 .2294118	
  .0000169	-.1823529	 .2372549	
  .000017	-.1901961	 .2254902	
  .0000171	-.1901961	 .2294118	
  .0000172	-.1862745	 .2254902	
  .0000173	-.1823529	 .2372549	
  .0000174	-.1862745	 .2372549	
  .0000175	-.1823529	 .2411765	
  .0000176	-.1823529	 .2333333	
  .0000177	-.1823529	 .2333333	
  .0000178	-.1823529	 .245098	
  .0000179	-.1901961	 .2372549	
  .000018	-.1823529	 .2411765	
  .0000181	-.1862745	 .2333333	
  .0000182	-.1823529	 .2372549	
  .0000183	-.1823529	 .2333333	
  .0000184	-.1784314	 .2490196	
  .0000185	-.1823529	 .2411765	
  .0000186	-.1823529	 .2372549	
  .0000187	-.1823529	 .2372549	
  .0000188	-.1823529	 .2411765	
  .0000189	-.1784314	 .2490196	
  .000019	-.1784314	 .2411765	
  .0000191	-.1823529	 .245098	
  .0000192	-.1784314	 .245098	
  .0000193	-.1784314	 .245098	
  .0000194	-.1784314	 .245098	
  .0000195	-.1823529	 .2490196	
  .0000196	-.1823529	 .2411765	
  .0000197	-.1823529	 .2490196	
  .0000198	-.1823529	 .2529412	
  .0000199	-.1745098	 .2490196	
  .00002	-.1745098	 .2490196	
  .0000201	-.1745098	 .2490196	
  .0000202	-.1784314	 .2529412	
  .0000203	-.1745098	 .245098	
  .0000204	-.1705882	 .2490196	
  .0000205	-.1705882	 .2529412	
  .0000206	-.1745098	 .2490196	
  .0000207	-.1745098	 .2529412	
  .0000208	-.1705882	 .2568628	
  .0000209	-.1705882	 .2568628	
  .000021	-.1745098	 .2568628	
  .0000211	-.1745098	 .2568628	
  .0000212	-.1705882	 .2568628	
  .0000213	-.1784314	 .2568628	
  .0000214	-.1745098	 .2568628	
  .0000215	-.1666667	 .2490196	
  .0000216	-.1705882	 .2490196	
  .0000217	-.1666667	 .2529412	
  .0000218	-.1627451	 .2490196	
  .0000219	-.1666667	 .2529412	
  .000022	-.1627451	 .2529412	
  .0000221	-.1666667	 .2490196	
  .0000222	-.1627451	 .2490196	
  .0000223	-.1705882	 .2529412	
  .0000224	-.1666667	 .2529412	
  .0000225	-.1627451	 .2568628	
  .0000226	-.1627451	 .2568628	
  .0000227	-.1627451	 .2607843	
  .0000228	-.1627451	 .2607843	
  .0000229	-.1588235	 .2568628	
  .000023	-.1627451	 .2607843	
  .0000231	-.1627451	 .2529412	
  .0000232	-.1588235	 .2490196	
  .0000233	-.1588235	 .2568628	
  .0000234	-.1588235	 .2529412	
  .0000235	-.1588235	 .2568628	
  .0000236	-.1588235	 .2490196	
  .0000237	-.1588235	 .2529412	
  .0000238	-.1588235	 .2568628	
  .0000239	-.154902	 .2529412	
  .000024	-.1509804	 .2568628	
  .0000241	-.154902	 .2568628	
  .0000242	-.154902	 .2568628	
  .0000243	-.1509804	 .2568628	
  .0000244	-.1470588	 .2568628	
  .0000245	-.154902	 .2529412	
  .0000246	-.1509804	 .2568628	
  .0000247	-.1509804	 .2568628	
  .0000248	-.1470588	 .2568628	
  .0000249	-.1470588	 .2607843	
  .000025	-.1470588	 .2568628	
  .0000251	-.1431373	 .2529412	
  .0000252	-.1431373	 .2529412	
  .0000253	-.1431373	 .2568628	
  .0000254	-.1470588	 .2568628	
  .0000255	-.1431373	 .2529412	
  .0000256	-.1470588	 .2568628	
  .0000257	-.1431373	 .2568628	
  .0000258	-.1392157	 .2529412	
  .0000259	-.1431373	 .2568628	
  .000026	-.1431373	 .2568628	
  .0000261	-.1392157	 .2529412	
  .0000262	-.1392157	 .2529412	
  .0000263	-.1392157	 .2568628	
  .0000264	-.1431373	 .2490196	
  .0000265	-.1392157	 .245098	
  .0000266	-.1392157	 .2490196	
  .0000267	-.1313726	 .245098	
  .0000268	-.1352941	 .2490196	
  .0000269	-.1352941	 .2529412	
  .000027	-.1313726	 .245098	
  .0000271	-.1352941	 .2411765	
  .0000272	-.127451	 .2490196	
  .0000273	-.1313726	 .2529412	
  .0000274	-.127451	 .2529412	
  .0000275	-.1313726	 .245098	
  .0000276	-.127451	 .245098	
  .0000277	-.127451	 .2529412	
  .0000278	-.1313726	 .2490196	
  .0000279	-.127451	 .2411765	
  .000028	-.127451	 .2490196	
  .0000281	-.1235294	 .245098	
  .0000282	-.1235294	 .2411765	
  .0000283	-.1235294	 .245098	
  .0000284	-.127451	 .2411765	
  .0000285	-.1235294	 .2372549	
  .0000286	-.1235294	 .2372549	
  .0000287	-.1196078	 .2411765	
  .0000288	-.1235294	 .2411765	
  .0000289	-.1156863	 .2411765	
  .000029	-.1235294	 .2411765	
  .0000291	-.1156863	 .2411765	
  .0000292	-.1117647	 .2411765	
  .0000293	-.1117647	 .2411765	
  .0000294	-.1156863	 .2411765	
  .0000295	-.1156863	 .2333333	
  .0000296	-.1117647	 .2411765	
  .0000297	-.1117647	 .2372549	
  .0000298	-.1117647	 .2333333	
  .0000299	-.1117647	 .2372549	
  .00003	-.1117647	 .2294118	
  .0000301	-.1078431	 .2333333	
  .0000302	-.1078431	 .2294118	
  .0000303	-.1039216	 .2333333	
  .0000304	-.1078431	 .2333333	
  .0000305	-.1039216	 .2294118	
  .0000306	-.1039216	 .2294118	
  .0000307	-.1	 .2294118	
  .0000308	-.1039216	 .2333333	
  .0000309	-.1039216	 .2333333	
  .000031	-.1039216	 .2333333	
  .0000311	-.1	 .2294118	
  .0000312	-.1039216	 .2294118	
  .0000313	-9.607843E-02	 .2294118	
  .0000314	-.1	 .2176471	
  .0000315	-.1	 .2137255	
  .0000316	-9.607843E-02	 .2176471	
  .0000317	-9.607843E-02	 .2176471	
  .0000318	-9.607843E-02	 .2215686	
  .0000319	-9.215686E-02	 .2137255	
  .000032	-9.607843E-02	 .2176471	
  .0000321	-9.215686E-02	 .2098039	
  .0000322	-9.215686E-02	 .2176471	
  .0000323	-9.215686E-02	 .2137255	
  .0000324	-.0882353	 .2137255	
  .0000325	-.0882353	 .2176471	
  .0000326	-8.431373E-02	 .2215686	
  .0000327	-.0882353	 .2137255	
  .0000328	-8.431373E-02	 .2176471	
  .0000329	-8.431373E-02	 .2137255	
  .000033	-8.431373E-02	 .2058824	
  .0000331	-8.039216E-02	 .2058824	
  .0000332	-8.039216E-02	 .2019608	
  .0000333	-8.039216E-02	 .2058824	
  .0000334	-8.039216E-02	 .2058824	
  .0000335	-8.431373E-02	 .2058824	
  .0000336	-8.039216E-02	 .2058824	
  .0000337	-8.431373E-02	 .2058824	
  .0000338	-7.254902E-02	 .2019608	
  .0000339	-8.039216E-02	 .2019608	
  .000034	-7.647059E-02	 .2019608	
  .0000341	-7.647059E-02	 .1980392	
  .0000342	-6.862745E-02	 .2058824	
  .0000343	-7.254902E-02	 .1980392	
  .0000344	-7.647059E-02	 .1980392	
  .0000345	-7.254902E-02	 .2058824	
  .0000346	-7.647059E-02	 .1980392	
  .0000347	-6.470589E-02	 .1980392	
  .0000348	-7.254902E-02	 .1980392	
  .0000349	-6.862745E-02	 .1980392	
  .000035	-6.470589E-02	 .1941177	
  .0000351	-6.862745E-02	 .1901961	
  .0000352	-6.078431E-02	 .1901961	
  .0000353	-6.078431E-02	 .1862745	
  .0000354	-5.686275E-02	 .1862745	
  .0000355	-6.470589E-02	 .1901961	
  .0000356	-6.078431E-02	 .1941177	
  .0000357	-6.078431E-02	 .1823529	
  .0000358	-6.078431E-02	 .1901961	
  .0000359	-5.686275E-02	 .1901961	
  .000036	-5.294118E-02	 .1862745	
  .0000361	-6.078431E-02	 .1862745	
  .0000362	-6.078431E-02	 .1823529	
  .0000363	-5.686275E-02	 .1823529	
  .0000364	-5.294118E-02	 .1745098	
  .0000365	-5.294118E-02	 .1784314	
  .0000366	-4.901961E-02	 .1745098	
  .0000367	-4.901961E-02	 .1745098	
  .0000368	-5.294118E-02	 .1745098	
  .0000369	-4.901961E-02	 .1705882	
  .000037	-4.901961E-02	 .1666667	
  .0000371	-4.117647E-02	 .1666667	
  .0000372	-4.901961E-02	 .1705882	
  .0000373	-4.117647E-02	 .1745098	
  .0000374	-4.509804E-02	 .1705882	
  .0000375	-4.117647E-02	 .1627451	
  .0000376	-4.117647E-02	 .1705882	
  .0000377	-4.117647E-02	 .1666667	
  .0000378	-.0372549	 .1705882	
  .0000379	-.0372549	 .1627451	
  .000038	-.0372549	 .1666667	
  .0000381	-.0372549	 .1588235	
  .0000382	-3.333334E-02	 .1627451	
  .0000383	-3.333334E-02	 .1588235	
  .0000384	-.0372549	 .154902	
  .0000385	-.0372549	 .1509804	
  .0000386	-3.333334E-02	 .154902	
  .0000387	-3.333334E-02	 .154902	
  .0000388	-.0254902	 .1509804	
  .0000389	-2.941176E-02	 .1509804	
  .000039	-2.941176E-02	 .1509804	
  .0000391	-1.764706E-02	 .1470588	
  .0000392	-2.156863E-02	 .1470588	
  .0000393	-.0254902	 .1470588	
  .0000394	-2.156863E-02	 .1431373	
  .0000395	-2.156863E-02	 .1509804	
  .0000396	-1.764706E-02	 .1509804	
  .0000397	-1.764706E-02	 .1392157	
  .0000398	-1.764706E-02	 .1431373	
  .0000399	-1.372549E-02	 .1352941	
  .00004	-1.372549E-02	 .1352941	
  .0000401	-9.803922E-03	 .1352941	
  .0000402	-1.764706E-02	 .1352941	
  .0000403	-1.372549E-02	 .1352941	
  .0000404	-5.882353E-03	 .1313726	
  .0000405	-9.803922E-03	 .1313726	
  .0000406	-5.882353E-03	 .1313726	
  .0000407	-9.803922E-03	 .1352941	
  .0000408	-5.882353E-03	 .1313726	
  .0000409	-5.882353E-03	 .1313726	
  .000041	-1.960784E-03	 .127451	
  .0000411	-5.882353E-03	 .127451	
  .0000412	-1.960784E-03	 .1235294	
  .0000413	-1.960784E-03	 .1156863	
  .0000414	 1.960784E-03	 .1156863	
  .0000415	-1.960784E-03	 .1156863	
  .0000416	 1.960784E-03	 .1117647	
  .0000417	 1.960784E-03	 .1156863	
  .0000418	 5.882353E-03	 .1117647	
  .0000419	-1.960784E-03	 .1117647	
  .000042	 5.882353E-03	 .1039216	
  .0000421	 5.882353E-03	 .1078431	
  .0000422	 5.882353E-03	 .1039216	
  .0000423	 9.803922E-03	 .1039216	
  .0000424	 9.803922E-03	 .1039216	
  .0000425	 1.372549E-02	 .1078431	
  .0000426	 9.803922E-03	 .1	
  .0000427	 9.803922E-03	 .1078431	
  .0000428	 1.372549E-02	 .1039216	
  .0000429	 1.764706E-02	 9.607843E-02	
  .000043	 1.372549E-02	 9.215686E-02	
  .0000431	 1.764706E-02	 9.215686E-02	
  .0000432	 1.372549E-02	 9.215686E-02	
  .0000433	 1.764706E-02	 9.215686E-02	
  .0000434	 1.764706E-02	 .0882353	
  .0000435	 2.156863E-02	 .0882353	
  .0000436	 1.764706E-02	 9.215686E-02	
  .0000437	 .0254902	 .0882353	
  .0000438	 2.156863E-02	 8.039216E-02	
  .0000439	 .0254902	 8.431373E-02	
  .000044	 .0254902	 8.039216E-02	
  .0000441	 .0254902	 8.431373E-02	
  .0000442	 .0254902	 8.039216E-02	
  .0000443	 2.941176E-02	 8.431373E-02	
  .0000444	 2.941176E-02	 8.431373E-02	
  .0000445	 2.941176E-02	 8.039216E-02	
  .0000446	 .0372549	 7.647059E-02	
  .0000447	 2.941176E-02	 7.647059E-02	
  .0000448	 3.333334E-02	 7.254902E-02	
  .0000449	 3.333334E-02	 7.254902E-02	
  .000045	 3.333334E-02	 6.862745E-02	
  .0000451	 4.117647E-02	 6.862745E-02	
  .0000452	 .0372549	 7.254902E-02	
  .0000453	 4.117647E-02	 6.470589E-02	
  .0000454	 .0372549	 6.470589E-02	
  .0000455	 4.117647E-02	 6.862745E-02	
  .0000456	 4.509804E-02	 6.078431E-02	
  .0000457	 4.901961E-02	 6.078431E-02	
  .0000458	 4.509804E-02	 6.470589E-02	
  .0000459	 4.509804E-02	 5.686275E-02	
  .000046	 4.901961E-02	 6.078431E-02	
  .0000461	 4.509804E-02	 5.686275E-02	
  .0000462	 4.509804E-02	 5.686275E-02	
  .0000463	 5.294118E-02	 5.294118E-02	
  .0000464	 4.901961E-02	 4.509804E-02	
  .0000465	 4.509804E-02	 4.509804E-02	
  .0000466	 5.294118E-02	 4.509804E-02	
  .0000467	 4.901961E-02	 4.509804E-02	
  .0000468	 5.686275E-02	 .0372549	
  .0000469	 5.294118E-02	 .0372549	
  .000047	 6.078431E-02	 4.117647E-02	
  .0000471	 5.686275E-02	 4.509804E-02	
  .0000472	 5.686275E-02	 .0372549	
  .0000473	 6.078431E-02	 4.117647E-02	
  .0000474	 6.078431E-02	 3.333334E-02	
  .0000475	 5.686275E-02	 .0372549	
  .0000476	 6.470589E-02	 .0372549	
  .0000477	 6.078431E-02	 3.333334E-02	
  .0000478	 6.470589E-02	 3.333334E-02	
  .0000479	 6.862745E-02	 2.941176E-02	
  .000048	 6.862745E-02	 .0254902	
  .0000481	 6.862745E-02	 2.941176E-02	
  .0000482	 6.862745E-02	 .0254902	
  .0000483	 7.254902E-02	 .0254902	
  .0000484	 6.862745E-02	 2.156863E-02	
  .0000485	 7.254902E-02	 1.764706E-02	
  .0000486	 7.254902E-02	 .0254902	
  .0000487	 7.647059E-02	 1.764706E-02	
  .0000488	 7.254902E-02	 1.372549E-02	
  .0000489	 8.039216E-02	 2.156863E-02	
  .000049	 8.431373E-02	 1.372549E-02	
  .0000491	 8.431373E-02	 9.803922E-03	
  .0000492	 7.254902E-02	 9.803922E-03	
  .0000493	 8.039216E-02	 5.882353E-03	
  .0000494	 7.647059E-02	 5.882353E-03	
  .0000495	 8.431373E-02	 1.372549E-02	
  .0000496	 8.039216E-02	 1.960784E-03	
  .0000497	 8.431373E-02	 1.960784E-03	
  .0000498	 8.431373E-02	 1.960784E-03	
  .0000499	 .0882353	-1.960784E-03	
  .00005	 9.215686E-02	-1.960784E-03	
  .0000501	 .0882353	 1.960784E-03	
  .0000502	 .0882353	-1.960784E-03	
  .0000503	 9.607843E-02	-9.803922E-03	
  .0000504	 9.215686E-02	-5.882353E-03	
  .0000505	 .1	-5.882353E-03	
  .0000506	 9.215686E-02	-5.882353E-03	
  .0000507	 9.607843E-02	-9.803922E-03	
  .0000508	 9.607843E-02	-1.372549E-02	
  .0000509	 9.607843E-02	-9.803922E-03	
  .000051	 9.607843E-02	-1.764706E-02	
  .0000511	 .1039216	-9.803922E-03	
  .0000512	 .1	-2.156863E-02	
  .0000513	 .1039216	-2.156863E-02	
  .0000514	 .1039216	-1.764706E-02	
  .0000515	 .1039216	-2.156863E-02	
  .0000516	 .1039216	-2.156863E-02	
  .0000517	 .1156863	-.0254902	
  .0000518	 .1078431	-.0254902	
  .0000519	 .1117647	-3.333334E-02	
  .000052	 .1117647	-2.941176E-02	
  .0000521	 .1117647	-2.941176E-02	
  .0000522	 .1117647	-3.333334E-02	
  .0000523	 .1156863	-3.333334E-02	
  .0000524	 .1196078	-2.941176E-02	
  .0000525	 .1196078	-3.333334E-02	
  .0000526	 .1156863	-2.941176E-02	
  .0000527	 .1235294	-.0372549	
  .0000528	 .1235294	-3.333334E-02	
  .0000529	 .1196078	-4.509804E-02	
  .000053	 .127451	-4.117647E-02	
  .0000531	 .1235294	-4.117647E-02	
  .0000532	 .1235294	-4.117647E-02	
  .0000533	 .1196078	-4.509804E-02	
  .0000534	 .1235294	-4.901961E-02	
  .0000535	 .1235294	-4.509804E-02	
  .0000536	 .1313726	-4.901961E-02	
  .0000537	 .127451	-4.509804E-02	
  .0000538	 .1313726	-4.901961E-02	
  .0000539	 .1313726	-5.686275E-02	
  .000054	 .1352941	-4.901961E-02	
  .0000541	 .1313726	-5.686275E-02	
  .0000542	 .1392157	-5.686275E-02	
  .0000543	 .1392157	-4.901961E-02	
  .0000544	 .1392157	-5.686275E-02	
  .0000545	 .1431373	-6.078431E-02	
  .0000546	 .1392157	-5.686275E-02	
  .0000547	 .1431373	-5.686275E-02	
  .0000548	 .1431373	-6.470589E-02	
  .0000549	 .1431373	-6.470589E-02	
  .000055	 .1392157	-6.862745E-02	
  .0000551	 .1431373	-6.862745E-02	
  .0000552	 .1470588	-6.862745E-02	
  .0000553	 .1431373	-6.862745E-02	
  .0000554	 .1509804	-6.862745E-02	
  .0000555	 .1509804	-7.647059E-02	
  .0000556	 .1509804	-6.862745E-02	
  .0000557	 .1509804	-6.862745E-02	
  .0000558	 .154902	-7.647059E-02	
  .0000559	 .1509804	-7.647059E-02	
  .000056	 .1509804	-8.039216E-02	
  .0000561	 .154902	-8.431373E-02	
  .0000562	 .1588235	-8.039216E-02	
  .0000563	 .154902	-8.431373E-02	
  .0000564	 .1588235	-.0882353	
  .0000565	 .154902	-.0882353	
  .0000566	 .1588235	-9.215686E-02	
  .0000567	 .154902	-.0882353	
  .0000568	 .1588235	-9.607843E-02	
  .0000569	 .1627451	-.0882353	
  .000057	 .1627451	-.0882353	
  .0000571	 .1588235	-9.215686E-02	
  .0000572	 .1666667	-9.215686E-02	
  .0000573	 .1666667	-9.607843E-02	
  .0000574	 .1627451	-9.607843E-02	
  .0000575	 .1627451	-9.607843E-02	
  .0000576	 .1666667	-9.215686E-02	
  .0000577	 .1705882	-.1	
  .0000578	 .1705882	-.1	
  .0000579	 .1705882	-.1	
  .000058	 .1666667	-.1039216	
  .0000581	 .1666667	-.1078431	
  .0000582	 .1666667	-.1078431	
  .0000583	 .1666667	-.1078431	
  .0000584	 .1705882	-.1156863	
  .0000585	 .1705882	-.1039216	
  .0000586	 .1705882	-.1078431	
  .0000587	 .1627451	-.1117647	
  .0000588	 .1784314	-.1156863	
  .0000589	 .1784314	-.1117647	
  .000059	 .1784314	-.1156863	
  .0000591	 .1784314	-.1196078	
  .0000592	 .1784314	-.1235294	
  .0000593	 .1745098	-.1235294	
  .0000594	 .1823529	-.1196078	
  .0000595	 .1745098	-.1235294	
  .0000596	 .1745098	-.1235294	
  .0000597	 .1745098	-.1235294	
  .0000598	 .1784314	-.127451	
  .0000599	 .1823529	-.1235294	
  .00006	 .1745098	-.1313726	
  .0000601	 .1784314	-.127451	
  .0000602	 .1823529	-.1313726	
  .0000603	 .1862745	-.127451	
  .0000604	 .1823529	-.1313726	
  .0000605	 .1823529	-.1352941	
  .0000606	 .1823529	-.1352941	
  .0000607	 .1823529	-.1352941	
  .0000608	 .1823529	-.1392157	
  .0000609	 .1862745	-.1392157	
  .000061	 .1862745	-.1431373	
  .0000611	 .1823529	-.1392157	
  .0000612	 .1862745	-.1431373	
  .0000613	 .1823529	-.1470588	
  .0000614	 .1823529	-.1470588	
  .0000615	 .1823529	-.1470588	
  .0000616	 .1901961	-.1470588	
  .0000617	 .1823529	-.1509804	
  .0000618	 .1862745	-.1509804	
  .0000619	 .1823529	-.154902	
  .000062	 .1862745	-.1509804	
  .0000621	 .1862745	-.1509804	
  .0000622	 .1862745	-.1470588	
  .0000623	 .1901961	-.1470588	
  .0000624	 .1901961	-.1509804	
  .0000625	 .1862745	-.154902	
  .0000626	 .1901961	-.1588235	
  .0000627	 .1862745	-.1588235	
  .0000628	 .1862745	-.1627451	
  .0000629	 .1901961	-.1588235	
  .000063	 .1862745	-.1627451	
  .0000631	 .1862745	-.1627451	
  .0000632	 .1862745	-.1627451	
  .0000633	 .1862745	-.1627451	
  .0000634	 .1862745	-.1666667	
  .0000635	 .1901961	-.1666667	
  .0000636	 .1862745	-.1745098	
  .0000637	 .1901961	-.1627451	
  .0000638	 .1862745	-.1745098	
  .0000639	 .1901961	-.1666667	
  .000064	 .1901961	-.1705882	
  .0000641	 .1941177	-.1705882	
  .0000642	 .1941177	-.1705882	
  .0000643	 .1941177	-.1784314	
  .0000644	 .1941177	-.1745098	
  .0000645	 .1862745	-.1745098	
  .0000646	 .1901961	-.1745098	
  .0000647	 .1862745	-.1823529	
  .0000648	 .1901961	-.1784314	
  .0000649	 .1980392	-.1823529	
  .000065	 .1941177	-.1784314	
  .0000651	 .1980392	-.1823529	
  .0000652	 .1941177	-.1823529	
  .0000653	 .1901961	-.1862745	
  .0000654	 .1980392	-.1901961	
  .0000655	 .1941177	-.1862745	
  .0000656	 .1980392	-.1823529	
  .0000657	 .1941177	-.1901961	
  .0000658	 .1901961	-.1901961	
  .0000659	 .1901961	-.1941177	
  .000066	 .1901961	-.1941177	
  .0000661	 .1941177	-.1901961	
  .0000662	 .1941177	-.1941177	
  .0000663	 .1901961	-.1941177	
  .0000664	 .1901961	-.1941177	
  .0000665	 .1862745	-.1941177	
  .0000666	 .1901961	-.1980392	
  .0000667	 .1901961	-.2019608	
  .0000668	 .1901961	-.1980392	
  .0000669	 .1862745	-.1980392	
  .000067	 .1901961	-.1980392	
  .0000671	 .1980392	-.1980392	
  .0000672	 .1941177	-.2019608	
  .0000673	 .1941177	-.2058824	
  .0000674	 .1941177	-.2019608	
  .0000675	 .1980392	-.2098039	
  .0000676	 .1941177	-.2058824	
  .0000677	 .1901961	-.2058824	
  .0000678	 .1901961	-.2058824	
  .0000679	 .1901961	-.2058824	
  .000068	 .1901961	-.2058824	
  .0000681	 .1901961	-.2058824	
  .0000682	 .1901961	-.2098039	
  .0000683	 .1901961	-.2137255	
  .0000684	 .1901961	-.2058824	
  .0000685	 .1941177	-.2137255	
  .0000686	 .1901961	-.2137255	
  .0000687	 .1941177	-.2137255	
  .0000688	 .1980392	-.2098039	
  .0000689	 .2019608	-.2137255	
  .000069	 .1941177	-.2215686	
  .0000691	 .1941177	-.2215686	
  .0000692	 .1941177	-.2215686	
  .0000693	 .1980392	-.2137255	
  .0000694	 .1941177	-.2215686	
  .0000695	 .1862745	-.2215686	
  .0000696	 .1862745	-.2254902	
  .0000697	 .1901961	-.2176471	
  .0000698	 .1941177	-.2176471	
  .0000699	 .1862745	-.2254902	
  .00007	 .1941177	-.2176471	
  .0000701	 .1901961	-.2254902	
  .0000702	 .1941177	-.2254902	
  .0000703	 .1980392	-.2254902	
  .0000704	 .1941177	-.2215686	
  .0000705	 .1941177	-.2215686	
  .0000706	 .1862745	-.2294118	
  .0000707	 .1941177	-.2294118	
  .0000708	 .1941177	-.2294118	
  .0000709	 .1941177	-.2333333	
  .000071	 .1901961	-.2254902	
  .0000711	 .1901961	-.2294118	
  .0000712	 .1823529	-.2254902	
  .0000713	 .1862745	-.2333333	
  .0000714	 .1862745	-.2294118	
  .0000715	 .1901961	-.2333333	
  .0000716	 .1862745	-.2372549	
  .0000717	 .1901961	-.2372549	
  .0000718	 .1823529	-.2333333	
  .0000719	 .1862745	-.2294118	
  .000072	 .1901961	-.2333333	
  .0000721	 .1823529	-.2294118	
  .0000722	 .1862745	-.2333333	
  .0000723	 .1862745	-.2333333	
  .0000724	 .1862745	-.2372549	
  .0000725	 .1901961	-.2372549	
  .0000726	 .1901961	-.2372549	
  .0000727	 .1784314	-.2333333	
  .0000728	 .1901961	-.2372549	
  .0000729	 .1862745	-.2372549	
  .000073	 .1823529	-.2372549	
  .0000731	 .1823529	-.2372549	
  .0000732	 .1784314	-.2411765	
  .0000733	 .1823529	-.2372549	
  .0000734	 .1823529	-.2411765	
  .0000735	 .1862745	-.2411765	
  .0000736	 .1823529	-.2372549	
  .0000737	 .1823529	-.2411765	
  .0000738	 .1823529	-.2372549	
  .0000739	 .1823529	-.2411765	
  .000074	 .1784314	-.2411765	
  .0000741	 .1823529	-.2411765	
  .0000742	 .1862745	-.245098	
  .0000743	 .1862745	-.2372549	
  .0000744	 .1745098	-.2411765	
  .0000745	 .1823529	-.2411765	
  .0000746	 .1823529	-.245098	
  .0000747	 .1784314	-.245098	
  .0000748	 .1823529	-.245098	
  .0000749	 .1823529	-.2411765	
  .000075	 .1823529	-.245098	
  .0000751	 .1784314	-.2411765	
  .0000752	 .1823529	-.245098	
  .0000753	 .1823529	-.245098	
  .0000754	 .1784314	-.245098	
  .0000755	 .1823529	-.245098	
  .0000756	 .1784314	-.2411765	
  .0000757	 .1745098	-.245098	
  .0000758	 .1745098	-.245098	
  .0000759	 .1784314	-.2490196	
  .000076	 .1745098	-.245098	
  .0000761	 .1666667	-.2490196	
  .0000762	 .1784314	-.2529412	
  .0000763	 .1745098	-.245098	
  .0000764	 .1705882	-.245098	
  .0000765	 .1745098	-.245098	
  .0000766	 .1705882	-.2490196	
  .0000767	 .1745098	-.245098	
  .0000768	 .1705882	-.2490196	
  .0000769	 .1705882	-.245098	
  .000077	 .1666667	-.2490196	
  .0000771	 .1705882	-.2529412	
  .0000772	 .1666667	-.245098	
  .0000773	 .1705882	-.245098	
  .0000774	 .1745098	-.245098	
  .0000775	 .1745098	-.2490196	
  .0000776	 .1705882	-.2529412	
  .0000777	 .1705882	-.245098	
  .0000778	 .1666667	-.245098	
  .0000779	 .1666667	-.2490196	
  .000078	 .1627451	-.245098	
  .0000781	 .1627451	-.2490196	
  .0000782	 .1627451	-.2529412	
  .0000783	 .1627451	-.245098	
  .0000784	 .1666667	-.2490196	
  .0000785	 .1666667	-.2490196	
  .0000786	 .1666667	-.2490196	
  .0000787	 .1705882	-.2490196	
  .0000788	 .1627451	-.2529412	
  .0000789	 .1627451	-.2490196	
  .000079	 .1627451	-.2490196	
  .0000791	 .1627451	-.2490196	
  .0000792	 .1627451	-.2490196	
  .0000793	 .1588235	-.245098	
  .0000794	 .1588235	-.2490196	
  .0000795	 .1588235	-.2490196	
  .0000796	 .1627451	-.2490196	
  .0000797	 .1588235	-.245098	
  .0000798	 .154902	-.2529412	
  .0000799	 .1588235	-.245098	
  .00008	 .154902	-.2490196	
  .0000801	 .1588235	-.2490196	
  .0000802	 .1627451	-.2490196	
  .0000803	 .1588235	-.2490196	
  .0000804	 .154902	-.245098	
  .0000805	 .154902	-.245098	
  .0000806	 .154902	-.2490196	
  .0000807	 .154902	-.245098	
  .0000808	 .1509804	-.2490196	
  .0000809	 .1509804	-.245098	
  .000081	 .1509804	-.245098	
  .0000811	 .1509804	-.2372549	
  .0000812	 .1509804	-.245098	
  .0000813	 .1509804	-.245098	
  .0000814	 .1509804	-.245098	
  .0000815	 .1431373	-.2490196	
  .0000816	 .1470588	-.2490196	
  .0000817	 .1509804	-.2411765	
  .0000818	 .1470588	-.2411765	
  .0000819	 .1470588	-.2411765	
  .000082	 .1470588	-.2411765	
  .0000821	 .1470588	-.2411765	
  .0000822	 .1431373	-.2411765	
  .0000823	 .1392157	-.2411765	
  .0000824	 .1470588	-.245098	
  .0000825	 .1470588	-.245098	
  .0000826	 .1392157	-.245098	
  .0000827	 .1392157	-.2411765	
  .0000828	 .1392157	-.2411765	
  .0000829	 .1392157	-.245098	
  .000083	 .1352941	-.2411765	
  .0000831	 .1352941	-.2411765	
  .0000832	 .1392157	-.2411765	
  .0000833	 .1392157	-.2372549	
  .0000834	 .1352941	-.2411765	
  .0000835	 .1392157	-.2411765	
  .0000836	 .1313726	-.2372549	
  .0000837	 .1352941	-.2372549	
  .0000838	 .1313726	-.2411765	
  .0000839	 .1392157	-.2372549	
  .000084	 .1313726	-.2411765	
  .0000841	 .1352941	-.2372549	
  .0000842	 .1392157	-.2333333	
  .0000843	 .1313726	-.2372549	
  .0000844	 .1313726	-.2372549	
  .0000845	 .127451	-.2333333	
  .0000846	 .1313726	-.2333333	
  .0000847	 .1313726	-.2333333	
  .0000848	 .1313726	-.2294118	
  .0000849	 .127451	-.2294118	
  .000085	 .127451	-.2333333	
  .0000851	 .1235294	-.2333333	
  .0000852	 .127451	-.2333333	
  .0000853	 .127451	-.2294118	
  .0000854	 .1313726	-.2333333	
  .0000855	 .127451	-.2294118	
  .0000856	 .127451	-.2294118	
  .0000857	 .1196078	-.2333333	
  .0000858	 .1235294	-.2372549	
  .0000859	 .1235294	-.2215686	
  .000086	 .1196078	-.2254902	
  .0000861	 .1196078	-.2254902	
  .0000862	 .1156863	-.2254902	
  .0000863	 .1196078	-.2215686	
  .0000864	 .1196078	-.2254902	
  .0000865	 .1156863	-.2215686	
  .0000866	 .1156863	-.2254902	
  .0000867	 .1117647	-.2176471	
  .0000868	 .1117647	-.2176471	
  .0000869	 .1156863	-.2215686	
  .000087	 .1156863	-.2254902	
  .0000871	 .1078431	-.2176471	
  .0000872	 .1078431	-.2176471	
  .0000873	 .1156863	-.2176471	
  .0000874	 .1117647	-.2215686	
  .0000875	 .1117647	-.2176471	
  .0000876	 .1117647	-.2137255	
  .0000877	 .1117647	-.2137255	
  .0000878	 .1039216	-.2098039	
  .0000879	 .1039216	-.2137255	
  .000088	 .1039216	-.2176471	
  .0000881	 .1039216	-.2137255	
  .0000882	 .1039216	-.2137255	
  .0000883	 .1078431	-.2137255	
  .0000884	 .1	-.2098039	
  .0000885	 .1078431	-.2098039	
  .0000886	 .1078431	-.2137255	
  .0000887	 .1039216	-.2098039	
  .0000888	 .1	-.2058824	
  .0000889	 .1	-.2098039	
  .000089	 .1	-.2058824	
  .0000891	 .1039216	-.2098039	
  .0000892	 9.607843E-02	-.2058824	
  .0000893	 9.607843E-02	-.2098039	
  .0000894	 9.215686E-02	-.2058824	
  .0000895	 9.607843E-02	-.2019608	
  .0000896	 9.607843E-02	-.2019608	
  .0000897	 9.215686E-02	-.2058824	
  .0000898	 9.215686E-02	-.2019608	
  .0000899	 9.215686E-02	-.2058824	
  .00009	 9.215686E-02	-.2019608	
  .0000901	 9.607843E-02	-.1980392	
  .0000902	 9.215686E-02	-.1980392	
  .0000903	 9.215686E-02	-.1980392	
  .0000904	 .0882353	-.1980392	
  .0000905	 .0882353	-.1941177	
  .0000906	 .0882353	-.2019608	
  .0000907	 9.215686E-02	-.1980392	
  .0000908	 8.431373E-02	-.1901961	
  .0000909	 .0882353	-.1901961	
  .000091	 .0882353	-.1901961	
  .0000911	 8.431373E-02	-.1901961	
  .0000912	 .0882353	-.1901961	
  .0000913	 8.431373E-02	-.1901961	
  .0000914	 8.039216E-02	-.1901961	
  .0000915	 8.039216E-02	-.1862745	
  .0000916	 8.039216E-02	-.1901961	
  .0000917	 8.039216E-02	-.1823529	
  .0000918	 8.431373E-02	-.1862745	
  .0000919	 7.647059E-02	-.1823529	
  .000092	 8.039216E-02	-.1862745	
  .0000921	 7.647059E-02	-.1823529	
  .0000922	 7.254902E-02	-.1862745	
  .0000923	 8.039216E-02	-.1823529	
  .0000924	 8.039216E-02	-.1862745	
  .0000925	 7.254902E-02	-.1823529	
  .0000926	 7.647059E-02	-.1823529	
  .0000927	 6.862745E-02	-.1784314	
  .0000928	 7.254902E-02	-.1784314	
  .0000929	 6.862745E-02	-.1784314	
  .000093	 6.470589E-02	-.1784314	
  .0000931	 6.470589E-02	-.1745098	
  .0000932	 6.470589E-02	-.1784314	
  .0000933	 6.470589E-02	-.1705882	
  .0000934	 6.862745E-02	-.1705882	
  .0000935	 6.470589E-02	-.1745098	
  .0000936	 6.862745E-02	-.1705882	
  .0000937	 6.078431E-02	-.1705882	
  .0000938	 6.470589E-02	-.1705882	
  .0000939	 6.470589E-02	-.1666667	
  .000094	 6.470589E-02	-.1705882	
  .0000941	 6.470589E-02	-.1666667	
  .0000942	 6.078431E-02	-.1627451	
  .0000943	 6.078431E-02	-.1627451	
  .0000944	 5.686275E-02	-.1627451	
  .0000945	 5.294118E-02	-.1627451	
  .0000946	 6.078431E-02	-.1627451	
  .0000947	 5.294118E-02	-.1627451	
  .0000948	 5.686275E-02	-.1627451	
  .0000949	 5.294118E-02	-.154902	
  .000095	 5.294118E-02	-.1588235	
  .0000951	 5.686275E-02	-.1588235	
  .0000952	 5.294118E-02	-.154902	
  .0000953	 5.686275E-02	-.1509804	
  .0000954	 5.294118E-02	-.154902	
  .0000955	 4.901961E-02	-.154902	
  .0000956	 4.509804E-02	-.154902	
  .0000957	 4.509804E-02	-.154902	
  .0000958	 4.509804E-02	-.1509804	
  .0000959	 4.509804E-02	-.1470588	
  .000096	 4.509804E-02	-.1431373	
  .0000961	 4.117647E-02	-.1470588	
  .0000962	 4.509804E-02	-.1470588	
  .0000963	 4.117647E-02	-.1431373	
  .0000964	 .0372549	-.1470588	
  .0000965	 4.117647E-02	-.1431373	
  .0000966	 4.117647E-02	-.1392157	
  .0000967	 4.117647E-02	-.1352941	
  .0000968	 4.117647E-02	-.1392157	
  .0000969	 4.117647E-02	-.1392157	
  .000097	 3.333334E-02	-.1352941	
  .0000971	 .0372549	-.1352941	
  .0000972	 .0372549	-.1352941	
  .0000973	 .0372549	-.1392157	
  .0000974	 .0372549	-.1352941	
  .0000975	 3.333334E-02	-.1313726	
  .0000976	 3.333334E-02	-.1313726	
  .0000977	 2.941176E-02	-.127451	
  .0000978	 3.333334E-02	-.127451	
  .0000979	 3.333334E-02	-.1313726	
  .000098	 2.941176E-02	-.127451	
  .0000981	 .0254902	-.1235294	
  .0000982	 3.333334E-02	-.127451	
  .0000983	 .0254902	-.1235294	
  .0000984	 2.941176E-02	-.1196078	
  .0000985	 3.333334E-02	-.1196078	
  .0000986	 2.941176E-02	-.1196078	
  .0000987	 2.156863E-02	-.1196078	
  .0000988	 2.156863E-02	-.1235294	
  .0000989	 1.764706E-02	-.1156863	
  .000099	 2.156863E-02	-.1117647	
  .0000991	 1.764706E-02	-.1117647	
  .0000992	 1.764706E-02	-.1156863	
  .0000993	 2.156863E-02	-.1156863	
  .0000994	 1.764706E-02	-.1156863	
  .0000995	 2.156863E-02	-.1117647	
  .0000996	 1.372549E-02	-.1078431	
  .0000997	 1.372549E-02	-.1039216	
  .0000998	 1.764706E-02	-.1078431	
  .0000999	 1.764706E-02	-.1	
  .0001	 1.372549E-02	-.1039216	
  .0001001	 1.372549E-02	-.1039216	
  .0001002	 1.372549E-02	-9.607843E-02	
  .0001003	 1.372549E-02	-.1	
  .0001004	 9.803922E-03	-.1	
  .0001005	 5.882353E-03	-.1	
  .0001006	 1.372549E-02	-.1039216	
  .0001007	 9.803922E-03	-9.607843E-02	
  .0001008	 5.882353E-03	-9.607843E-02	
  .0001009	 5.882353E-03	-9.215686E-02	
  .000101	 5.882353E-03	-9.607843E-02	
  .0001011	 1.960784E-03	-.0882353	
  .0001012	 1.960784E-03	-9.215686E-02	
  .0001013	 1.960784E-03	-9.215686E-02	
  .0001014	 5.882353E-03	-9.607843E-02	
  .0001015	-1.960784E-03	-.0882353	
  .0001016	 1.960784E-03	-8.039216E-02	
  .0001017	-1.960784E-03	-8.431373E-02	
  .0001018	-1.960784E-03	-8.039216E-02	
  .0001019	 1.960784E-03	-8.431373E-02	
  .000102	 1.960784E-03	-.0882353	
  .0001021	-5.882353E-03	-8.039216E-02	
  .0001022	-1.960784E-03	-8.431373E-02	
  .0001023	-1.960784E-03	-8.039216E-02	
  .0001024	-5.882353E-03	-8.039216E-02	
  .0001025	-9.803922E-03	-8.039216E-02	
  .0001026	-9.803922E-03	-7.647059E-02	
  .0001027	-1.372549E-02	-7.254902E-02	
  .0001028	-9.803922E-03	-7.647059E-02	
  .0001029	-1.372549E-02	-7.647059E-02	
  .000103	-1.764706E-02	-7.647059E-02	
  .0001031	-9.803922E-03	-6.862745E-02	
  .0001032	-1.372549E-02	-7.254902E-02	
  .0001033	-1.372549E-02	-6.470589E-02	
  .0001034	-1.372549E-02	-6.862745E-02	
  .0001035	-1.372549E-02	-6.862745E-02	
  .0001036	-1.764706E-02	-6.470589E-02	
  .0001037	-1.372549E-02	-6.470589E-02	
  .0001038	-1.764706E-02	-5.686275E-02	
  .0001039	-1.764706E-02	-6.078431E-02	
  .000104	-1.372549E-02	-6.078431E-02	
  .0001041	-2.156863E-02	-5.686275E-02	
  .0001042	-2.156863E-02	-5.294118E-02	
  .0001043	-2.156863E-02	-6.078431E-02	
  .0001044	-.0254902	-5.686275E-02	
  .0001045	-2.156863E-02	-5.686275E-02	
  .0001046	-2.156863E-02	-5.294118E-02	
  .0001047	-2.156863E-02	-5.294118E-02	
  .0001048	-.0254902	-4.901961E-02	
  .0001049	-.0254902	-4.901961E-02	
  .000105	-2.156863E-02	-4.509804E-02	
  .0001051	-2.941176E-02	-4.901961E-02	
  .0001052	-.0254902	-4.117647E-02	
  .0001053	-2.941176E-02	-4.901961E-02	
  .0001054	-3.333334E-02	-4.117647E-02	
  .0001055	-3.333334E-02	-4.117647E-02	
  .0001056	-3.333334E-02	-4.117647E-02	
  .0001057	-2.941176E-02	-4.117647E-02	
  .0001058	-3.333334E-02	-4.117647E-02	
  .0001059	-.0372549	-4.117647E-02	
  .000106	-.0372549	-.0372549	
  .0001061	-3.333334E-02	-.0372549	
  .0001062	-.0372549	-4.117647E-02	
  .0001063	-.0372549	-.0372549	
  .0001064	-.0372549	-3.333334E-02	
  .0001065	-.0372549	-2.941176E-02	
  .0001066	-4.117647E-02	-2.941176E-02	
  .0001067	-4.117647E-02	-2.941176E-02	
  .0001068	-.0372549	-2.941176E-02	
  .0001069	-4.117647E-02	-.0254902	
  .000107	-4.509804E-02	-2.941176E-02	
  .0001071	-4.117647E-02	-.0254902	
  .0001072	-4.509804E-02	-2.941176E-02	
  .0001073	-4.117647E-02	-.0254902	
  .0001074	-4.509804E-02	-2.941176E-02	
  .0001075	-4.901961E-02	-2.156863E-02	
  .0001076	-4.901961E-02	-2.156863E-02	
  .0001077	-5.294118E-02	-.0254902	
  .0001078	-4.901961E-02	-1.764706E-02	
  .0001079	-4.901961E-02	-1.764706E-02	
  .000108	-5.294118E-02	-1.372549E-02	
  .0001081	-5.294118E-02	-1.764706E-02	
  .0001082	-5.294118E-02	-1.372549E-02	
  .0001083	-4.901961E-02	-1.764706E-02	
  .0001084	-4.901961E-02	-9.803922E-03	
  .0001085	-4.901961E-02	-9.803922E-03	
  .0001086	-5.294118E-02	-5.882353E-03	
  .0001087	-5.294118E-02	-1.372549E-02	
  .0001088	-6.078431E-02	-9.803922E-03	
  .0001089	-5.294118E-02	-1.960784E-03	
  .000109	-6.078431E-02	-9.803922E-03	
  .0001091	-5.686275E-02	-5.882353E-03	
  .0001092	-5.686275E-02	-1.960784E-03	
  .0001093	-5.686275E-02	-1.960784E-03	
  .0001094	-5.686275E-02	-5.882353E-03	
  .0001095	-6.470589E-02	 1.960784E-03	
  .0001096	-5.686275E-02	-1.960784E-03	
  .0001097	-6.470589E-02	-5.882353E-03	
  .0001098	-6.470589E-02	 5.882353E-03	
  .0001099	-6.078431E-02	 5.882353E-03	
  .00011	-6.470589E-02	 1.960784E-03	
  .0001101	-6.470589E-02	 1.960784E-03	
  .0001102	-6.470589E-02	 1.960784E-03	
  .0001103	-6.862745E-02	 5.882353E-03	
  .0001104	-6.862745E-02	 5.882353E-03	
  .0001105	-6.862745E-02	 9.803922E-03	
  .0001106	-7.254902E-02	 9.803922E-03	
  .0001107	-7.254902E-02	 9.803922E-03	
  .0001108	-7.254902E-02	 9.803922E-03	
  .0001109	-6.862745E-02	 1.372549E-02	
  .000111	-7.254902E-02	 1.372549E-02	
  .0001111	-7.254902E-02	 1.372549E-02	
  .0001112	-7.254902E-02	 1.372549E-02	
  .0001113	-7.254902E-02	 1.372549E-02	
  .0001114	-8.039216E-02	 1.764706E-02	
  .0001115	-8.039216E-02	 1.372549E-02	
  .0001116	-7.647059E-02	 1.764706E-02	
  .0001117	-8.039216E-02	 2.156863E-02	
  .0001118	-7.647059E-02	 .0254902	
  .0001119	-8.039216E-02	 .0254902	
  .000112	-7.647059E-02	 .0254902	
  .0001121	-8.039216E-02	 .0254902	
  .0001122	-7.647059E-02	 2.156863E-02	
  .0001123	-8.431373E-02	 .0254902	
  .0001124	-8.039216E-02	 2.156863E-02	
  .0001125	-8.039216E-02	 2.156863E-02	
  .0001126	-8.431373E-02	 2.156863E-02	
  .0001127	-.0882353	 .0254902	
  .0001128	-.0882353	 2.941176E-02	
  .0001129	-.0882353	 3.333334E-02	
  .000113	-.0882353	 3.333334E-02	
  .0001131	-.0882353	 3.333334E-02	
  .0001132	-8.431373E-02	 .0372549	
  .0001133	-9.215686E-02	 .0372549	
  .0001134	-.0882353	 4.117647E-02	
  .0001135	-.0882353	 4.117647E-02	
  .0001136	-.0882353	 .0372549	
  .0001137	-9.215686E-02	 4.509804E-02	
  .0001138	-9.215686E-02	 4.117647E-02	
  .0001139	-9.215686E-02	 4.117647E-02	
  .000114	-9.215686E-02	 4.901961E-02	
  .0001141	-9.607843E-02	 4.509804E-02	
  .0001142	-.1	 4.117647E-02	
  .0001143	-9.607843E-02	 4.509804E-02	
  .0001144	-9.607843E-02	 4.117647E-02	
  .0001145	-9.607843E-02	 4.901961E-02	
  .0001146	-9.607843E-02	 4.509804E-02	
  .0001147	-.1	 4.901961E-02	
  .0001148	-.1039216	 5.294118E-02	
  .0001149	-9.607843E-02	 4.901961E-02	
  .000115	-.1	 5.686275E-02	
  .0001151	-.1	 6.078431E-02	
  .0001152	-.1	 6.078431E-02	
  .0001153	-.1039216	 5.686275E-02	
  .0001154	-.1039216	 5.686275E-02	
  .0001155	-.1039216	 6.078431E-02	
  .0001156	-.1	 5.686275E-02	
  .0001157	-.1078431	 6.078431E-02	
  .0001158	-.1039216	 5.686275E-02	
  .0001159	-.1078431	 6.470589E-02	
  .000116	-.1117647	 6.470589E-02	
  .0001161	-.1078431	 5.294118E-02	
  .0001162	-.1117647	 5.686275E-02	
  .0001163	-.1039216	 6.078431E-02	
  .0001164	-.1078431	 6.862745E-02	
  .0001165	-.1117647	 7.254902E-02	
  .0001166	-.1078431	 6.862745E-02	
  .0001167	-.1078431	 6.862745E-02	
  .0001168	-.1078431	 6.470589E-02	
  .0001169	-.1117647	 6.470589E-02	
  .000117	-.1117647	 7.254902E-02	
  .0001171	-.1117647	 6.862745E-02	
  .0001172	-.1117647	 6.862745E-02	
  .0001173	-.1156863	 7.254902E-02	
  .0001174	-.1156863	 7.647059E-02	
  .0001175	-.1156863	 6.862745E-02	
  .0001176	-.1156863	 7.254902E-02	
  .0001177	-.1196078	 7.647059E-02	
  .0001178	-.1196078	 7.647059E-02	
  .0001179	-.1196078	 8.039216E-02	
  .000118	-.1117647	 7.647059E-02	
  .0001181	-.1156863	 8.039216E-02	
  .0001182	-.1196078	 8.431373E-02	
  .0001183	-.1117647	 .0882353	
  .0001184	-.1196078	 7.647059E-02	
  .0001185	-.1196078	 .0882353	
  .0001186	-.1156863	 8.039216E-02	
  .0001187	-.1196078	 8.431373E-02	
  .0001188	-.1156863	 .0882353	
  .0001189	-.1156863	 8.431373E-02	
  .000119	-.1196078	 8.431373E-02	
  .0001191	-.1196078	 8.039216E-02	
  .0001192	-.1196078	 .0882353	
  .0001193	-.1235294	 9.215686E-02	
  .0001194	-.1196078	 .0882353	
  .0001195	-.1235294	 9.215686E-02	
  .0001196	-.1235294	 .0882353	
  .0001197	-.1156863	 .0882353	
  .0001198	-.1235294	 9.607843E-02	
  .0001199	-.1196078	 9.607843E-02	
  .00012	-.1235294	 .1	
  .0001201	-.1235294	 9.607843E-02	
  .0001202	-.1235294	 .1	
  .0001203	-.127451	 9.607843E-02	
  .0001204	-.1235294	 .1039216	
  .0001205	-.1235294	 9.607843E-02	
  .0001206	-.1196078	 9.607843E-02	
  .0001207	-.1196078	 .1039216	
  .0001208	-.1235294	 .1	
  .0001209	-.1235294	 .1039216	
  .000121	-.1196078	 .1	
  .0001211	-.127451	 .1	
  .0001212	-.1196078	 .1	
  .0001213	-.1235294	 .1039216	
  .0001214	-.127451	 .1039216	
  .0001215	-.127451	 .1078431	
  .0001216	-.1235294	 .1039216	
  .0001217	-.127451	 .1117647	
  .0001218	-.127451	 .1117647	
  .0001219	-.127451	 .1117647	
  .000122	-.127451	 .1117647	
  .0001221	-.1313726	 .1078431	
  .0001222	-.127451	 .1039216	
  .0001223	-.127451	 .1039216	
  .0001224	-.127451	 .1117647	
  .0001225	-.127451	 .1078431	
  .0001226	-.127451	 .1117647	
  .0001227	-.127451	 .1117647	
  .0001228	-.127451	 .1117647	
  .0001229	-.1196078	 .1117647	
  .000123	-.1313726	 .1156863	
  .0001231	-.1313726	 .1196078	
  .0001232	-.1313726	 .1117647	
  .0001233	-.127451	 .1156863	
  .0001234	-.1313726	 .1156863	
  .0001235	-.1313726	 .1156863	
  .0001236	-.1313726	 .1235294	
  .0001237	-.127451	 .1235294	
  .0001238	-.1235294	 .1196078	
  .0001239	-.1313726	 .1235294	
  .000124	-.127451	 .127451	
  .0001241	-.127451	 .1156863	
  .0001242	-.1235294	 .1196078	
  .0001243	-.127451	 .1235294	
  .0001244	-.127451	 .127451	
  .0001245	-.127451	 .1235294	
  .0001246	-.127451	 .127451	
  .0001247	-.127451	 .1235294	
  .0001248	-.127451	 .1235294	
  .0001249	-.127451	 .1313726	
  .000125	-.127451	 .1313726	
  .0001251	-.127451	 .1313726	
  .0001252	-.1313726	 .1313726	
  .0001253	-.1313726	 .1313726	
  .0001254	-.1313726	 .127451	
  .0001255	-.1313726	 .1235294	
  .0001256	-.127451	 .127451	
  .0001257	-.127451	 .1235294	
  .0001258	-.127451	 .1313726	
  .0001259	-.127451	 .127451	
  .000126	-.127451	 .127451	
  .0001261	-.1313726	 .1235294	
  .0001262	-.1235294	 .1352941	
  .0001263	-.1313726	 .1352941	
  .0001264	-.1313726	 .1352941	
  .0001265	-.127451	 .1392157	
  .0001266	-.127451	 .1352941	
  .0001267	-.1313726	 .1352941	
  .0001268	-.1313726	 .1352941	
  .0001269	-.127451	 .1392157	
  .000127	-.127451	 .1352941	
  .0001271	-.127451	 .1352941	
  .0001272	-.127451	 .1313726	
  .0001273	-.127451	 .1392157	
  .0001274	-.127451	 .1392157	
  .0001275	-.127451	 .1392157	
  .0001276	-.1313726	 .1352941	
  .0001277	-.127451	 .1352941	
  .0001278	-.127451	 .1392157	
  .0001279	-.1235294	 .1392157	
  .000128	-.127451	 .1431373	
  .0001281	-.1235294	 .1470588	
  .0001282	-.1196078	 .1431373	
  .0001283	-.1235294	 .1392157	
  .0001284	-.1235294	 .1392157	
  .0001285	-.127451	 .1352941	
  .0001286	-.127451	 .1431373	
  .0001287	-.1235294	 .1509804	
  .0001288	-.1235294	 .1392157	
  .0001289	-.1235294	 .1431373	
  .000129	-.1235294	 .1392157	
  .0001291	-.1196078	 .1431373	
  .0001292	-.1235294	 .1431373	
  .0001293	-.1235294	 .1431373	
  .0001294	-.1235294	 .1431373	
  .0001295	-.1196078	 .1431373	
  .0001296	-.1196078	 .1470588	
  .0001297	-.1196078	 .1470588	
  .0001298	-.1196078	 .1509804	
  .0001299	-.1196078	 .1470588	
  .00013	-.1235294	 .1431373	
  .0001301	-.1196078	 .1509804	
  .0001302	-.1235294	 .1509804	
  .0001303	-.1196078	 .154902	
  .0001304	-.1196078	 .1470588	
  .0001305	-.1196078	 .1470588	
  .0001306	-.1235294	 .1509804	
  .0001307	-.1196078	 .1431373	
  .0001308	-.1196078	 .1470588	
  .0001309	-.1196078	 .1431373	
  .000131	-.1156863	 .1431373	
  .0001311	-.1117647	 .1470588	
  .0001312	-.1196078	 .1509804	
  .0001313	-.1196078	 .154902	
  .0001314	-.1196078	 .1470588	
  .0001315	-.1156863	 .1509804	
  .0001316	-.1117647	 .1627451	
  .0001317	-.1196078	 .1509804	
  .0001318	-.1156863	 .154902	
  .0001319	-.1156863	 .154902	
  .000132	-.1156863	 .1470588	
  .0001321	-.1196078	 .1470588	
  .0001322	-.1156863	 .1431373	
  .0001323	-.1156863	 .1470588	
  .0001324	-.1117647	 .1509804	
  .0001325	-.1156863	 .1470588	
  .0001326	-.1117647	 .1509804	
  .0001327	-.1117647	 .1509804	
  .0001328	-.1117647	 .154902	
  .0001329	-.1117647	 .1509804	
  .000133	-.1156863	 .1509804	
  .0001331	-.1117647	 .1509804	
  .0001332	-.1117647	 .154902	
  .0001333	-.1117647	 .1588235	
  .0001334	-.1156863	 .1509804	
  .0001335	-.1117647	 .1627451	
  .0001336	-.1117647	 .154902	
  .0001337	-.1078431	 .1509804	
  .0001338	-.1078431	 .1588235	
  .0001339	-.1117647	 .154902	
  .000134	-.1117647	 .1509804	
  .0001341	-.1039216	 .1470588	
  .0001342	-9.215686E-02	 .1509804	
  .0001343	-7.254902E-02	 .1588235	
  .0001344	-7.254902E-02	 .1509804	
  .0001345	-8.039216E-02	 .154902	
  .0001346	-7.647059E-02	 .154902	
  .0001347	-7.254902E-02	 .1470588	
  .0001348	-8.039216E-02	 .154902	
  .0001349	-8.039216E-02	 .154902	
  .000135	-7.647059E-02	 .1431373	
  .0001351	-7.647059E-02	 .154902	
  .0001352	-8.039216E-02	 .1470588	
  .0001353	-7.647059E-02	 .1470588	
  .0001354	-7.647059E-02	 .1392157	
  .0001355	-7.254902E-02	 .1470588	
  .0001356	-8.039216E-02	 .1392157	
  .0001357	-7.254902E-02	 .1431373	
  .0001358	-7.254902E-02	 .1392157	
  .0001359	-6.862745E-02	 .1392157	
  .000136	-7.254902E-02	 .1352941	
  .0001361	-6.862745E-02	 .1392157	
  .0001362	-6.862745E-02	 .1431373	
  .0001363	-7.254902E-02	 .1431373	
  .0001364	-6.862745E-02	 .1392157	
  .0001365	-6.862745E-02	 .1392157	
  .0001366	-6.862745E-02	 .1431373	
  .0001367	-7.254902E-02	 .1392157	
  .0001368	-6.470589E-02	 .1431373	
  .0001369	-6.862745E-02	 .1392157	
  .000137	-6.862745E-02	 .1352941	
  .0001371	-6.078431E-02	 .1313726	
  .0001372	-6.470589E-02	 .1352941	
  .0001373	-6.470589E-02	 .1313726	
  .0001374	-6.862745E-02	 .1313726	
  .0001375	-6.470589E-02	 .1313726	
  .0001376	-6.862745E-02	 .127451	
  .0001377	-6.862745E-02	 .1352941	
  .0001378	-5.686275E-02	 .127451	
  .0001379	-5.686275E-02	 .1313726	
  .000138	-6.078431E-02	 .1313726	
  .0001381	-5.294118E-02	 .1313726	
  .0001382	-5.686275E-02	 .1352941	
  .0001383	-5.686275E-02	 .1313726	
  .0001384	-5.686275E-02	 .127451	
  .0001385	-6.470589E-02	 .1352941	
  .0001386	-5.686275E-02	 .1313726	
  .0001387	-5.686275E-02	 .1235294	
  .0001388	-5.686275E-02	 .1313726	
  .0001389	-6.078431E-02	 .1235294	
  .000139	-5.686275E-02	 .1235294	
  .0001391	-4.901961E-02	 .1235294	
  .0001392	-5.686275E-02	 .1235294	
  .0001393	-5.294118E-02	 .127451	
  .0001394	-5.294118E-02	 .1235294	
  .0001395	-5.294118E-02	 .1235294	
  .0001396	-4.901961E-02	 .1235294	
  .0001397	-4.901961E-02	 .127451	
  .0001398	-5.294118E-02	 .127451	
  .0001399	-5.294118E-02	 .1235294	
  .00014	-5.294118E-02	 .1196078	
  .0001401	-5.294118E-02	 .1235294	
  .0001402	-4.901961E-02	 .1235294	
  .0001403	-4.901961E-02	 .1156863	
  .0001404	-4.901961E-02	 .1156863	
  .0001405	-5.294118E-02	 .1156863	
  .0001406	-4.901961E-02	 .1117647	
  .0001407	-4.509804E-02	 .1156863	
  .0001408	-4.509804E-02	 .1078431	
  .0001409	-4.901961E-02	 .1117647	
  .000141	-4.509804E-02	 .1117647	
  .0001411	-4.901961E-02	 .1117647	
  .0001412	-4.509804E-02	 .1117647	
  .0001413	-4.509804E-02	 .1117647	
  .0001414	-4.117647E-02	 .1156863	
  .0001415	-.0372549	 .1156863	
  .0001416	-4.509804E-02	 .1156863	
  .0001417	-4.117647E-02	 .1196078	
  .0001418	-4.117647E-02	 .1078431	
  .0001419	-4.117647E-02	 .1039216	
  .000142	-4.117647E-02	 .1078431	
  .0001421	-4.117647E-02	 .1039216	
  .0001422	-4.509804E-02	 .1078431	
  .0001423	-.0372549	 .1078431	
  .0001424	-.0372549	 .1078431	
  .0001425	-.0372549	 .1039216	
  .0001426	-.0372549	 .1117647	
  .0001427	-.0372549	 .1078431	
  .0001428	-4.117647E-02	 .1	
  .0001429	-3.333334E-02	 .1039216	
  .000143	-3.333334E-02	 .1039216	
  .0001431	-.0372549	 .1078431	
  .0001432	-3.333334E-02	 .1039216	
  .0001433	-3.333334E-02	 .1	
  .0001434	-3.333334E-02	 .1117647	
  .0001435	-2.941176E-02	 .1039216	
  .0001436	-.0254902	 9.607843E-02	
  .0001437	-3.333334E-02	 .1039216	
  .0001438	-3.333334E-02	 .1	
  .0001439	-3.333334E-02	 9.607843E-02	
  .000144	-2.941176E-02	 .1	
  .0001441	-.0254902	 9.215686E-02	
  .0001442	-.0254902	 .1	
  .0001443	-2.941176E-02	 .1	
  .0001444	-.0254902	 .1	
  .0001445	-.0254902	 .1	
  .0001446	-.0254902	 .1	
  .0001447	-2.156863E-02	 9.607843E-02	
  .0001448	-.0254902	 9.607843E-02	
  .0001449	-2.156863E-02	 .1	
  .000145	-.0254902	 9.607843E-02	
  .0001451	-2.156863E-02	 9.607843E-02	
  .0001452	-.0254902	 9.607843E-02	
  .0001453	-2.156863E-02	 8.431373E-02	
  .0001454	-2.156863E-02	 9.215686E-02	
  .0001455	-2.156863E-02	 .0882353	
  .0001456	-1.764706E-02	 .0882353	
  .0001457	-.0254902	 8.431373E-02	
  .0001458	-.0254902	 8.431373E-02	
  .0001459	-.0254902	 8.039216E-02	
  .000146	-1.764706E-02	 .0882353	
  .0001461	-2.156863E-02	 9.215686E-02	
  .0001462	-2.156863E-02	 .0882353	
  .0001463	-1.764706E-02	 .0882353	
  .0001464	-1.764706E-02	 8.431373E-02	
  .0001465	-1.372549E-02	 8.431373E-02	
  .0001466	-1.372549E-02	 8.431373E-02	
  .0001467	-1.372549E-02	 8.431373E-02	
  .0001468	-1.372549E-02	 8.431373E-02	
  .0001469	-1.372549E-02	 8.039216E-02	
  .000147	-9.803922E-03	 7.647059E-02	
  .0001471	-1.764706E-02	 8.431373E-02	
  .0001472	-1.372549E-02	 8.039216E-02	
  .0001473	-9.803922E-03	 7.647059E-02	
  .0001474	-1.764706E-02	 7.647059E-02	
  .0001475	-1.372549E-02	 7.647059E-02	
  .0001476	-9.803922E-03	 8.039216E-02	
  .0001477	-5.882353E-03	 8.039216E-02	
  .0001478	-1.372549E-02	 7.647059E-02	
  .0001479	-1.372549E-02	 7.647059E-02	
  .000148	-1.960784E-03	 7.647059E-02	
  .0001481	-9.803922E-03	 7.254902E-02	
  .0001482	-9.803922E-03	 7.647059E-02	
  .0001483	-5.882353E-03	 6.862745E-02	
  .0001484	-9.803922E-03	 7.254902E-02	
  .0001485	-1.960784E-03	 7.647059E-02	
  .0001486	-9.803922E-03	 6.470589E-02	
  .0001487	-9.803922E-03	 6.862745E-02	
  .0001488	-5.882353E-03	 6.470589E-02	
  .0001489	-1.960784E-03	 6.862745E-02	
  .000149	-1.960784E-03	 6.470589E-02	
  .0001491	-5.882353E-03	 6.470589E-02	
  .0001492	-5.882353E-03	 6.862745E-02	
  .0001493	-1.960784E-03	 6.470589E-02	
  .0001494	-1.960784E-03	 7.254902E-02	
  .0001495	-1.960784E-03	 6.862745E-02	
  .0001496	-5.882353E-03	 6.470589E-02	
  .0001497	-1.960784E-03	 6.862745E-02	
  .0001498	-1.960784E-03	 6.470589E-02	
  .0001499	-9.803922E-03	 6.470589E-02	
  .00015	-5.882353E-03	 6.078431E-02	
  .0001501	 5.882353E-03	 6.470589E-02	
  .0001502	-1.960784E-03	 5.294118E-02	
  .0001503	-1.960784E-03	 5.686275E-02	
  .0001504	 1.960784E-03	 5.294118E-02	
  .0001505	-5.882353E-03	 5.686275E-02	
  .0001506	-1.960784E-03	 5.686275E-02	
  .0001507	-.0254902	 5.686275E-02	
  .0001508	 1.960784E-03	 5.294118E-02	
  .0001509	-1.372549E-02	 5.294118E-02	
  .000151	-.0254902	 5.686275E-02	
  .0001511	-1.764706E-02	 5.686275E-02	
  .0001512	-1.764706E-02	 5.686275E-02	
  .0001513	-1.764706E-02	 6.078431E-02	
  .0001514	-1.764706E-02	 6.078431E-02	
  .0001515	-1.764706E-02	 5.686275E-02	
  .0001516	-1.764706E-02	 6.078431E-02	
  .0001517	-1.764706E-02	 6.078431E-02	
  .0001518	-1.764706E-02	 5.294118E-02	
  .0001519	-1.764706E-02	 4.901961E-02	
  .000152	-1.764706E-02	 5.294118E-02	
  .0001521	-1.764706E-02	 5.294118E-02	
  .0001522	-1.372549E-02	 4.901961E-02	
  .0001523	-1.764706E-02	 5.294118E-02	
  .0001524	-1.764706E-02	 5.294118E-02	
  .0001525	-1.372549E-02	 5.294118E-02	
  .0001526	-1.372549E-02	 4.901961E-02	
  .0001527	-1.764706E-02	 5.294118E-02	
  .0001528	-1.372549E-02	 5.686275E-02	
  .0001529	-1.764706E-02	 5.294118E-02	
  .000153	-1.372549E-02	 5.294118E-02	
  .0001531	-1.372549E-02	 5.294118E-02	
  .0001532	-1.372549E-02	 5.686275E-02	
  .0001533	-1.372549E-02	 5.686275E-02	
  .0001534	-1.372549E-02	 5.294118E-02	
  .0001535	-9.803922E-03	 5.686275E-02	
  .0001536	-1.372549E-02	 6.078431E-02	
  .0001537	-1.372549E-02	 5.294118E-02	
  .0001538	-9.803922E-03	 4.901961E-02	
  .0001539	-9.803922E-03	 5.294118E-02	
  .000154	-5.882353E-03	 4.901961E-02	
  .0001541	-9.803922E-03	 5.294118E-02	
  .0001542	-9.803922E-03	 4.901961E-02	
  .0001543	-5.882353E-03	 5.294118E-02	
  .0001544	-5.882353E-03	 5.294118E-02	
  .0001545	-5.882353E-03	 5.294118E-02	
  .0001546	-5.882353E-03	 5.686275E-02	
  .0001547	-5.882353E-03	 5.686275E-02	
  .0001548	-9.803922E-03	 5.294118E-02	
  .0001549	-9.803922E-03	 5.294118E-02	
  .000155	-1.372549E-02	 4.509804E-02	
  .0001551	-9.803922E-03	 4.901961E-02	
  .0001552	-1.960784E-03	 4.509804E-02	
  .0001553	-5.882353E-03	 4.509804E-02	
  .0001554	-1.960784E-03	 4.117647E-02	
  .0001555	-1.960784E-03	 4.901961E-02	
  .0001556	-5.882353E-03	 4.117647E-02	
  .0001557	-5.882353E-03	 4.117647E-02	
  .0001558	-5.882353E-03	 4.509804E-02	
  .0001559	-1.960784E-03	 4.509804E-02	
  .000156	-1.960784E-03	 4.901961E-02	
  .0001561	-1.960784E-03	 5.294118E-02	
  .0001562	-5.882353E-03	 4.509804E-02	
  .0001563	-1.960784E-03	 4.117647E-02	
  .0001564	-5.882353E-03	 4.509804E-02	
  .0001565	-1.960784E-03	 4.117647E-02	
  .0001566	-1.960784E-03	 4.117647E-02	
  .0001567	 1.960784E-03	 4.117647E-02	
  .0001568	-1.960784E-03	 4.117647E-02	
  .0001569	 1.960784E-03	 4.117647E-02	
  .000157	 1.960784E-03	 4.509804E-02	
  .0001571	 1.960784E-03	 4.117647E-02	
  .0001572	 5.882353E-03	 .0372549	
  .0001573	 1.960784E-03	 4.117647E-02	
  .0001574	 5.882353E-03	 .0372549	
  .0001575	 1.960784E-03	 .0372549	
  .0001576	 5.882353E-03	 .0372549	
  .0001577	-1.960784E-03	 4.117647E-02	
  .0001578	 5.882353E-03	 4.117647E-02	
  .0001579	 9.803922E-03	 4.117647E-02	
  .000158	 5.882353E-03	 .0372549	
  .0001581	 1.960784E-03	 4.117647E-02	
  .0001582	 5.882353E-03	 3.333334E-02	
  .0001583	 1.960784E-03	 .0372549	
  .0001584	 5.882353E-03	 .0372549	
  .0001585	 5.882353E-03	 3.333334E-02	
  .0001586	 5.882353E-03	 3.333334E-02	
  .0001587	 9.803922E-03	 3.333334E-02	
  .0001588	 9.803922E-03	 3.333334E-02	
  .0001589	 9.803922E-03	 3.333334E-02	
  .000159	 9.803922E-03	 3.333334E-02	
  .0001591	 5.882353E-03	 .0372549	
  .0001592	 9.803922E-03	 2.941176E-02	
  .0001593	 9.803922E-03	 4.117647E-02	
  .0001594	 9.803922E-03	 3.333334E-02	
  .0001595	 9.803922E-03	 .0372549	
  .0001596	 9.803922E-03	 .0372549	
  .0001597	 5.882353E-03	 3.333334E-02	
  .0001598	 9.803922E-03	 2.941176E-02	
  .0001599	 5.882353E-03	 2.941176E-02	
  .00016	 1.372549E-02	 2.941176E-02	
  .0001601	 9.803922E-03	 2.941176E-02	
  .0001602	 9.803922E-03	 .0254902	
  .0001603	 1.764706E-02	 2.941176E-02	
  .0001604	 1.372549E-02	 .0254902	
  .0001605	 9.803922E-03	 .0254902	
  .0001606	 1.764706E-02	 .0254902	
  .0001607	 9.803922E-03	 2.156863E-02	
  .0001608	 1.764706E-02	 1.764706E-02	
  .0001609	 1.372549E-02	 .0254902	
  .000161	 1.372549E-02	 .0254902	
  .0001611	 1.764706E-02	 .0254902	
  .0001612	 1.372549E-02	 .0254902	
  .0001613	 2.156863E-02	 2.941176E-02	
  .0001614	 1.372549E-02	 2.156863E-02	
  .0001615	 1.372549E-02	 2.941176E-02	
  .0001616	 1.764706E-02	 .0254902	
  .0001617	 1.764706E-02	 1.764706E-02	
  .0001618	 1.764706E-02	 1.764706E-02	
  .0001619	 1.764706E-02	 1.764706E-02	
  .000162	 1.764706E-02	 1.764706E-02	
  .0001621	 1.764706E-02	 1.764706E-02	
  .0001622	 1.372549E-02	 1.764706E-02	
  .0001623	 1.764706E-02	 1.764706E-02	
  .0001624	 1.372549E-02	 1.764706E-02	
  .0001625	 2.156863E-02	 1.372549E-02	
  .0001626	 2.156863E-02	 1.764706E-02	
  .0001627	 2.156863E-02	 1.764706E-02	
  .0001628	 1.764706E-02	 1.764706E-02	
  .0001629	 2.156863E-02	 1.764706E-02	
  .000163	 1.764706E-02	 2.156863E-02	
  .0001631	 2.156863E-02	 1.764706E-02	
  .0001632	 .0254902	 2.156863E-02	
  .0001633	 2.156863E-02	 9.803922E-03	
  .0001634	 3.333334E-02	 1.372549E-02	
  .0001635	 2.156863E-02	 1.372549E-02	
  .0001636	 .0254902	 1.764706E-02	
  .0001637	 .0254902	 9.803922E-03	
  .0001638	 2.156863E-02	 9.803922E-03	
  .0001639	 .0254902	 9.803922E-03	
  .000164	 .0254902	 1.372549E-02	
  .0001641	 2.941176E-02	 9.803922E-03	
  .0001642	 .0254902	 9.803922E-03	
  .0001643	 2.941176E-02	 9.803922E-03	
  .0001644	 2.941176E-02	 9.803922E-03	
  .0001645	 .0254902	 1.372549E-02	
  .0001646	 .0254902	 1.764706E-02	
  .0001647	 .0254902	 1.372549E-02	
  .0001648	 .0254902	 1.372549E-02	
  .0001649	 2.941176E-02	 9.803922E-03	
  .000165	 .0254902	 5.882353E-03	
  .0001651	 2.941176E-02	 5.882353E-03	
  .0001652	 .0254902	 5.882353E-03	
  .0001653	 2.941176E-02	 1.960784E-03	
  .0001654	 2.941176E-02	 5.882353E-03	
  .0001655	 .0254902	 1.960784E-03	
  .0001656	 2.941176E-02	-1.960784E-03	
  .0001657	 .0254902	-1.960784E-03	
  .0001658	 .0372549	-1.960784E-03	
  .0001659	 3.333334E-02	 5.882353E-03	
  .000166	 .0254902	 5.882353E-03	
  .0001661	 3.333334E-02	-1.960784E-03	
  .0001662	 3.333334E-02	 1.960784E-03	
  .0001663	 3.333334E-02	 1.960784E-03	
  .0001664	 3.333334E-02	 1.960784E-03	
  .0001665	 3.333334E-02	 1.960784E-03	
  .0001666	 3.333334E-02	-1.960784E-03	
  .0001667	 .0372549	-1.960784E-03	
  .0001668	 .0372549	 1.960784E-03	
  .0001669	 .0372549	 1.960784E-03	
  .000167	 .0372549	-1.960784E-03	
  .0001671	 3.333334E-02	-5.882353E-03	
  .0001672	 .0372549	-1.960784E-03	
  .0001673	 .0372549	-9.803922E-03	
  .0001674	 3.333334E-02	-1.960784E-03	
  .0001675	 4.117647E-02	 1.960784E-03	
  .0001676	 3.333334E-02	-9.803922E-03	
  .0001677	 .0372549	-1.960784E-03	
  .0001678	 4.117647E-02	-1.960784E-03	
  .0001679	 4.509804E-02	-1.960784E-03	
  .000168	 .0372549	-1.960784E-03	
  .0001681	 .0372549	-9.803922E-03	
  .0001682	 .0372549	-5.882353E-03	
  .0001683	 4.509804E-02	-1.960784E-03	
  .0001684	 .0372549	-9.803922E-03	
  .0001685	 4.117647E-02	-9.803922E-03	
  .0001686	 .0372549	-1.764706E-02	
  .0001687	 4.509804E-02	-1.372549E-02	
  .0001688	 4.509804E-02	-1.372549E-02	
  .0001689	 4.117647E-02	-1.372549E-02	
  .000169	 4.117647E-02	-5.882353E-03	
  .0001691	 4.509804E-02	-1.372549E-02	
  .0001692	 4.509804E-02	-9.803922E-03	
  .0001693	 4.509804E-02	-1.372549E-02	
  .0001694	 4.509804E-02	-5.882353E-03	
  .0001695	 4.509804E-02	-5.882353E-03	
  .0001696	 4.117647E-02	-1.764706E-02	
  .0001697	 4.509804E-02	-1.372549E-02	
  .0001698	 4.509804E-02	-9.803922E-03	
  .0001699	 4.901961E-02	-1.372549E-02	
  .00017	 4.509804E-02	-1.372549E-02	
  .0001701	 4.509804E-02	-1.764706E-02	
  .0001702	 4.901961E-02	-1.372549E-02	
  .0001703	 4.901961E-02	-2.156863E-02	
  .0001704	 4.509804E-02	-1.764706E-02	
  .0001705	 4.901961E-02	-2.156863E-02	
  .0001706	 4.901961E-02	-2.156863E-02	
  .0001707	 5.294118E-02	-.0254902	
  .0001708	 4.509804E-02	-1.372549E-02	
  .0001709	 4.901961E-02	-1.764706E-02	
  .000171	 5.294118E-02	-2.156863E-02	
  .0001711	 4.901961E-02	-2.156863E-02	
  .0001712	 5.294118E-02	-1.764706E-02	
  .0001713	 4.901961E-02	-1.372549E-02	
  .0001714	 4.901961E-02	-1.764706E-02	
  .0001715	 5.686275E-02	-.0254902	
  .0001716	 5.294118E-02	-2.156863E-02	
  .0001717	 4.901961E-02	-.0254902	
  .0001718	 5.294118E-02	-2.941176E-02	
  .0001719	 5.294118E-02	-.0254902	
  .000172	 5.294118E-02	-.0254902	
  .0001721	 4.901961E-02	-.0254902	
  .0001722	 4.901961E-02	-.0254902	
  .0001723	 4.901961E-02	-2.156863E-02	
  .0001724	 4.901961E-02	-2.941176E-02	
  .0001725	 5.294118E-02	-.0254902	
  .0001726	 5.686275E-02	-2.156863E-02	
  .0001727	 5.686275E-02	-2.941176E-02	
  .0001728	 5.294118E-02	-.0254902	
  .0001729	 4.901961E-02	-.0254902	
  .000173	 5.686275E-02	-2.941176E-02	
  .0001731	 6.078431E-02	-2.156863E-02	
  .0001732	 5.686275E-02	-2.941176E-02	
  .0001733	 6.078431E-02	-2.156863E-02	
  .0001734	 5.686275E-02	-.0254902	
  .0001735	 5.294118E-02	-2.156863E-02	
  .0001736	 5.686275E-02	-2.941176E-02	
  .0001737	 5.686275E-02	-2.941176E-02	
  .0001738	 6.078431E-02	-3.333334E-02	
  .0001739	 5.686275E-02	-2.941176E-02	
  .000174	 6.078431E-02	-3.333334E-02	
  .0001741	 5.686275E-02	-2.941176E-02	
  .0001742	 5.686275E-02	-2.941176E-02	
  .0001743	 6.078431E-02	-3.333334E-02	
  .0001744	 6.470589E-02	-.0254902	
  .0001745	 6.470589E-02	-.0254902	
  .0001746	 6.078431E-02	-3.333334E-02	
  .0001747	 6.078431E-02	-2.941176E-02	
  .0001748	 5.686275E-02	-3.333334E-02	
  .0001749	 6.078431E-02	-.0372549	
  .000175	 6.078431E-02	-3.333334E-02	
  .0001751	 6.078431E-02	-.0372549	
  .0001752	 6.470589E-02	-4.117647E-02	
  .0001753	 6.078431E-02	-3.333334E-02	
  .0001754	 6.078431E-02	-4.117647E-02	
  .0001755	 6.078431E-02	-.0372549	
  .0001756	 5.294118E-02	-4.509804E-02	
  .0001757	 6.470589E-02	-4.117647E-02	
  .0001758	 6.078431E-02	-.0372549	
  .0001759	 6.470589E-02	-3.333334E-02	
  .000176	 6.862745E-02	-.0372549	
  .0001761	 6.862745E-02	-.0372549	
  .0001762	 6.470589E-02	-.0372549	
  .0001763	 6.470589E-02	-4.117647E-02	
  .0001764	 6.862745E-02	-4.117647E-02	
  .0001765	 6.470589E-02	-4.509804E-02	
  .0001766	 6.862745E-02	-4.117647E-02	
  .0001767	 6.862745E-02	-4.117647E-02	
  .0001768	 6.862745E-02	-4.117647E-02	
  .0001769	 6.470589E-02	-4.117647E-02	
  .000177	 6.470589E-02	-4.117647E-02	
  .0001771	 6.862745E-02	-4.117647E-02	
  .0001772	 6.470589E-02	-4.901961E-02	
  .0001773	 6.470589E-02	-.0372549	
  .0001774	 6.862745E-02	-4.117647E-02	
  .0001775	 6.862745E-02	-4.509804E-02	
  .0001776	 7.254902E-02	-4.509804E-02	
  .0001777	 7.647059E-02	-4.509804E-02	
  .0001778	 7.254902E-02	-4.509804E-02	
  .0001779	 6.470589E-02	-4.901961E-02	
  .000178	 7.254902E-02	-5.294118E-02	
  .0001781	 7.254902E-02	-4.901961E-02	
  .0001782	 7.254902E-02	-4.117647E-02	
  .0001783	 6.862745E-02	-4.901961E-02	
  .0001784	 6.862745E-02	-4.509804E-02	
  .0001785	 6.862745E-02	-4.901961E-02	
  .0001786	 7.254902E-02	-4.901961E-02	
  .0001787	 7.254902E-02	-4.901961E-02	
  .0001788	 6.862745E-02	-4.509804E-02	
  .0001789	 6.470589E-02	-4.901961E-02	
  .000179	 7.647059E-02	-4.901961E-02	
  .0001791	 7.254902E-02	-4.901961E-02	
  .0001792	 7.254902E-02	-4.509804E-02	
  .0001793	 7.254902E-02	-4.901961E-02	
  .0001794	 7.254902E-02	-4.901961E-02	
  .0001795	 6.862745E-02	-4.509804E-02	
  .0001796	 7.254902E-02	-5.294118E-02	
  .0001797	 6.862745E-02	-5.294118E-02	
  .0001798	 7.254902E-02	-5.294118E-02	
  .0001799	 6.862745E-02	-5.294118E-02	
  .00018	 7.254902E-02	-5.294118E-02	
  .0001801	 6.862745E-02	-5.294118E-02	
  .0001802	 7.254902E-02	-5.686275E-02	
  .0001803	 7.254902E-02	-5.686275E-02	
  .0001804	 7.647059E-02	-5.686275E-02	
  .0001805	 6.862745E-02	-5.686275E-02	
  .0001806	 7.254902E-02	-6.078431E-02	
  .0001807	 6.470589E-02	-5.686275E-02	
  .0001808	 7.254902E-02	-5.294118E-02	
  .0001809	 6.862745E-02	-5.686275E-02	
  .000181	 6.862745E-02	-5.294118E-02	
  .0001811	 7.254902E-02	-4.901961E-02	
  .0001812	 7.254902E-02	-5.294118E-02	
  .0001813	 7.254902E-02	-5.686275E-02	
  .0001814	 7.647059E-02	-5.686275E-02	
  .0001815	 7.254902E-02	-5.686275E-02	
  .0001816	 7.254902E-02	-6.078431E-02	
  .0001817	 7.647059E-02	-5.686275E-02	
  .0001818	 6.862745E-02	-6.078431E-02	
  .0001819	 7.254902E-02	-6.078431E-02	
  .000182	 7.254902E-02	-5.686275E-02	
  .0001821	 7.254902E-02	-6.078431E-02	
  .0001822	 6.862745E-02	-6.078431E-02	
  .0001823	 6.862745E-02	-5.686275E-02	
  .0001824	 7.254902E-02	-5.686275E-02	
  .0001825	 7.254902E-02	-5.686275E-02	
  .0001826	 7.647059E-02	-6.078431E-02	
  .0001827	 7.254902E-02	-6.078431E-02	
  .0001828	 7.254902E-02	-6.078431E-02	
  .0001829	 7.254902E-02	-5.686275E-02	
  .000183	 6.862745E-02	-6.078431E-02	
  .0001831	 8.039216E-02	-6.470589E-02	
  .0001832	 7.647059E-02	-6.078431E-02	
  .0001833	 6.862745E-02	-5.686275E-02	
  .0001834	 7.254902E-02	-6.470589E-02	
  .0001835	 6.862745E-02	-6.470589E-02	
  .0001836	 7.254902E-02	-6.470589E-02	
  .0001837	 7.647059E-02	-6.470589E-02	
  .0001838	 7.254902E-02	-6.078431E-02	
  .0001839	 8.039216E-02	-6.470589E-02	
  .000184	 7.647059E-02	-6.078431E-02	
  .0001841	 7.647059E-02	-6.078431E-02	
  .0001842	 7.647059E-02	-6.470589E-02	
  .0001843	 7.647059E-02	-6.078431E-02	
  .0001844	 7.647059E-02	-6.078431E-02	
  .0001845	 7.647059E-02	-6.470589E-02	
  .0001846	 7.254902E-02	-6.078431E-02	
  .0001847	 7.254902E-02	-6.470589E-02	
  .0001848	 7.647059E-02	-6.470589E-02	
  .0001849	 7.254902E-02	-6.470589E-02	
  .000185	 7.254902E-02	-6.862745E-02	
  .0001851	 7.254902E-02	-6.862745E-02	
  .0001852	 7.254902E-02	-6.862745E-02	
  .0001853	 6.862745E-02	-6.470589E-02	
  .0001854	 7.254902E-02	-7.254902E-02	
  .0001855	 6.862745E-02	-6.862745E-02	
  .0001856	 7.647059E-02	-6.470589E-02	
  .0001857	 7.254902E-02	-6.470589E-02	
  .0001858	 7.254902E-02	-6.470589E-02	
  .0001859	 7.254902E-02	-6.862745E-02	
  .000186	 7.254902E-02	-6.862745E-02	
  .0001861	 7.254902E-02	-6.862745E-02	
  .0001862	 7.647059E-02	-6.470589E-02	
  .0001863	 7.254902E-02	-6.862745E-02	
  .0001864	 7.254902E-02	-6.862745E-02	
  .0001865	 7.647059E-02	-6.862745E-02	
  .0001866	 7.254902E-02	-6.862745E-02	
  .0001867	 7.254902E-02	-6.470589E-02	
  .0001868	 7.254902E-02	-6.470589E-02	
  .0001869	 6.862745E-02	-6.862745E-02	
  .000187	 7.254902E-02	-7.254902E-02	
  .0001871	 6.862745E-02	-7.647059E-02	
  .0001872	 6.862745E-02	-6.862745E-02	
  .0001873	 7.647059E-02	-6.862745E-02	
  .0001874	 6.862745E-02	-7.254902E-02	
  .0001875	 7.647059E-02	-7.254902E-02	
  .0001876	 8.039216E-02	-6.470589E-02	
  .0001877	 7.647059E-02	-7.254902E-02	
  .0001878	 6.862745E-02	-7.254902E-02	
  .0001879	 7.647059E-02	-7.647059E-02	
  .000188	 7.647059E-02	-7.254902E-02	
  .0001881	 7.647059E-02	-6.862745E-02	
  .0001882	 7.647059E-02	-7.254902E-02	
  .0001883	 6.862745E-02	-7.254902E-02	
  .0001884	 6.862745E-02	-6.862745E-02	
  .0001885	 7.647059E-02	-6.862745E-02	
  .0001886	 7.647059E-02	-7.647059E-02	
  .0001887	 6.862745E-02	-7.254902E-02	
  .0001888	 7.254902E-02	-7.254902E-02	
  .0001889	 7.254902E-02	-7.647059E-02	
  .000189	 7.254902E-02	-6.862745E-02	
  .0001891	 7.647059E-02	-6.862745E-02	
  .0001892	 7.254902E-02	-6.862745E-02	
  .0001893	 7.254902E-02	-7.254902E-02	
  .0001894	 7.254902E-02	-7.647059E-02	
  .0001895	 7.254902E-02	-7.254902E-02	
  .0001896	 7.254902E-02	-7.647059E-02	
  .0001897	 7.647059E-02	-7.647059E-02	
  .0001898	 7.254902E-02	-7.254902E-02	
  .0001899	 7.647059E-02	-8.039216E-02	
  .00019	 7.254902E-02	-7.254902E-02	
  .0001901	 6.862745E-02	-7.647059E-02	
  .0001902	 6.862745E-02	-7.254902E-02	
  .0001903	 6.862745E-02	-7.647059E-02	
  .0001904	 6.862745E-02	-8.039216E-02	
  .0001905	 7.254902E-02	-7.647059E-02	
  .0001906	 6.862745E-02	-8.039216E-02	
  .0001907	 6.862745E-02	-7.647059E-02	
  .0001908	 6.862745E-02	-7.647059E-02	
  .0001909	 6.862745E-02	-7.647059E-02	
  .000191	 6.862745E-02	-7.254902E-02	
  .0001911	 6.862745E-02	-7.254902E-02	
  .0001912	 6.470589E-02	-7.647059E-02	
  .0001913	 6.862745E-02	-7.254902E-02	
  .0001914	 6.862745E-02	-8.039216E-02	
  .0001915	 6.470589E-02	-7.647059E-02	
  .0001916	 6.862745E-02	-7.647059E-02	
  .0001917	 6.470589E-02	-7.647059E-02	
  .0001918	 6.470589E-02	-8.039216E-02	
  .0001919	 6.470589E-02	-7.647059E-02	
  .000192	 6.470589E-02	-7.647059E-02	
  .0001921	 6.470589E-02	-7.647059E-02	
  .0001922	 6.862745E-02	-7.254902E-02	
  .0001923	 6.470589E-02	-7.647059E-02	
  .0001924	 6.862745E-02	-7.254902E-02	
  .0001925	 6.470589E-02	-8.039216E-02	
  .0001926	 6.862745E-02	-7.647059E-02	
  .0001927	 6.078431E-02	-7.254902E-02	
  .0001928	 6.470589E-02	-8.039216E-02	
  .0001929	 6.862745E-02	-6.862745E-02	
  .000193	 6.470589E-02	-7.254902E-02	
  .0001931	 6.862745E-02	-7.647059E-02	
  .0001932	 6.078431E-02	-7.254902E-02	
  .0001933	 6.862745E-02	-7.254902E-02	
  .0001934	 6.470589E-02	-7.647059E-02	
  .0001935	 6.862745E-02	-8.039216E-02	
  .0001936	 6.862745E-02	-7.647059E-02	
  .0001937	 6.470589E-02	-7.647059E-02	
  .0001938	 6.470589E-02	-7.647059E-02	
  .0001939	 6.078431E-02	-7.254902E-02	
  .000194	 6.470589E-02	-7.647059E-02	
  .0001941	 6.862745E-02	-7.647059E-02	
  .0001942	 6.862745E-02	-7.254902E-02	
  .0001943	 6.470589E-02	-7.254902E-02	
  .0001944	 6.862745E-02	-7.254902E-02	
  .0001945	 6.470589E-02	-7.647059E-02	
  .0001946	 6.078431E-02	-7.647059E-02	
  .0001947	 6.470589E-02	-8.039216E-02	
  .0001948	 6.470589E-02	-7.647059E-02	
  .0001949	 6.078431E-02	-7.647059E-02	
  .000195	 6.470589E-02	-7.647059E-02	
  .0001951	 6.078431E-02	-7.647059E-02	
  .0001952	 6.470589E-02	-7.647059E-02	
  .0001953	 5.686275E-02	-7.647059E-02	
  .0001954	 5.686275E-02	-8.039216E-02	
  .0001955	 6.078431E-02	-7.647059E-02	
  .0001956	 5.686275E-02	-7.254902E-02	
  .0001957	 5.686275E-02	-7.254902E-02	
  .0001958	 6.078431E-02	-7.647059E-02	
  .0001959	 6.470589E-02	-8.431373E-02	
  .000196	 5.686275E-02	-7.647059E-02	
  .0001961	 6.078431E-02	-7.647059E-02	
  .0001962	 6.078431E-02	-7.254902E-02	
  .0001963	 6.078431E-02	-7.647059E-02	
  .0001964	 6.470589E-02	-7.647059E-02	
  .0001965	 6.078431E-02	-7.647059E-02	
  .0001966	 6.078431E-02	-7.254902E-02	
  .0001967	 6.078431E-02	-7.647059E-02	
  .0001968	 5.686275E-02	-7.254902E-02	
  .0001969	 5.686275E-02	-7.647059E-02	
  .000197	 5.686275E-02	-8.039216E-02	
  .0001971	 5.686275E-02	-7.254902E-02	
  .0001972	 6.078431E-02	-7.647059E-02	
  .0001973	 6.078431E-02	-8.039216E-02	
  .0001974	 5.686275E-02	-7.647059E-02	
  .0001975	 6.470589E-02	-7.254902E-02	
  .0001976	 5.686275E-02	-7.647059E-02	
  .0001977	 5.686275E-02	-7.647059E-02	
  .0001978	 5.686275E-02	-8.039216E-02	
  .0001979	 5.686275E-02	-7.647059E-02	
  .000198	 5.686275E-02	-6.862745E-02	
  .0001981	 5.686275E-02	-7.647059E-02	
  .0001982	 5.686275E-02	-7.254902E-02	
  .0001983	 6.078431E-02	-7.647059E-02	
  .0001984	 5.686275E-02	-6.862745E-02	
  .0001985	 6.078431E-02	-7.647059E-02	
  .0001986	 5.686275E-02	-7.647059E-02	
  .0001987	 5.294118E-02	-7.254902E-02	
  .0001988	 6.078431E-02	-7.254902E-02	
  .0001989	 5.686275E-02	-7.647059E-02	
  .000199	 6.078431E-02	-7.254902E-02	
  .0001991	 5.686275E-02	-7.647059E-02	
  .0001992	 5.686275E-02	-7.254902E-02	
  .0001993	 5.294118E-02	-7.647059E-02	
  .0001994	 5.686275E-02	-7.647059E-02	
  .0001995	 5.686275E-02	-7.254902E-02	
  .0001996	 5.294118E-02	-7.647059E-02	
  .0001997	 5.686275E-02	-7.254902E-02	
  .0001998	 5.686275E-02	-7.254902E-02	
  .0001999	 5.294118E-02	-7.254902E-02	
  .0002	 5.294118E-02	-7.647059E-02	
  .0002001	 5.294118E-02	-7.254902E-02	
  .0002002	 5.686275E-02	-7.254902E-02	
  .0002003	 5.294118E-02	-7.254902E-02	
  .0002004	 5.686275E-02	-7.647059E-02	
  .0002005	 4.901961E-02	-7.254902E-02	
  .0002006	 4.901961E-02	-7.254902E-02	
  .0002007	 4.509804E-02	-7.254902E-02	
  .0002008	 4.901961E-02	-7.254902E-02	
  .0002009	 5.294118E-02	-6.862745E-02	
  .000201	 4.901961E-02	-7.254902E-02	
  .0002011	 4.901961E-02	-6.862745E-02	
  .0002012	 4.901961E-02	-7.254902E-02	
  .0002013	 4.901961E-02	-7.254902E-02	
  .0002014	 4.901961E-02	-7.254902E-02	
  .0002015	 4.901961E-02	-7.254902E-02	
  .0002016	 4.901961E-02	-7.254902E-02	
  .0002017	 4.509804E-02	-7.254902E-02	
  .0002018	 4.509804E-02	-7.647059E-02	
  .0002019	 4.509804E-02	-7.254902E-02	
  .000202	 4.117647E-02	-7.254902E-02	
  .0002021	 4.901961E-02	-7.254902E-02	
  .0002022	 4.509804E-02	-6.862745E-02	
  .0002023	 4.901961E-02	-6.862745E-02	
  .0002024	 4.509804E-02	-7.254902E-02	
  .0002025	 4.901961E-02	-6.470589E-02	
  .0002026	 4.509804E-02	-7.254902E-02	
  .0002027	 4.117647E-02	-6.862745E-02	
  .0002028	 4.509804E-02	-6.862745E-02	
  .0002029	 4.901961E-02	-6.862745E-02	
  .000203	 5.294118E-02	-6.862745E-02	
  .0002031	 4.509804E-02	-6.470589E-02	
  .0002032	 4.509804E-02	-6.470589E-02	
  .0002033	 4.509804E-02	-6.470589E-02	
  .0002034	 4.509804E-02	-7.254902E-02	
  .0002035	 4.901961E-02	-7.254902E-02	
  .0002036	 4.117647E-02	-6.470589E-02	
  .0002037	 4.117647E-02	-7.254902E-02	
  .0002038	 4.509804E-02	-6.862745E-02	
  .0002039	 4.117647E-02	-6.862745E-02	
  .000204	 4.509804E-02	-6.862745E-02	
  .0002041	 4.509804E-02	-6.470589E-02	
  .0002042	 4.509804E-02	-6.078431E-02	
  .0002043	 4.509804E-02	-6.078431E-02	
  .0002044	 .0372549	-6.470589E-02	
  .0002045	 4.117647E-02	-6.470589E-02	
  .0002046	 .0372549	-6.470589E-02	
  .0002047	 4.117647E-02	-6.862745E-02	
  .0002048	 .0372549	-6.862745E-02	
  .0002049	 .0372549	-6.470589E-02	
  .000205	 4.117647E-02	-6.078431E-02	
  .0002051	 .0372549	-6.470589E-02	
  .0002052	 .0372549	-6.862745E-02	
  .0002053	 .0372549	-6.470589E-02	
  .0002054	 4.117647E-02	-6.078431E-02	
  .0002055	 .0372549	-6.470589E-02	
  .0002056	 4.117647E-02	-6.470589E-02	
  .0002057	 .0372549	-6.470589E-02	
  .0002058	 .0372549	-6.862745E-02	
  .0002059	 .0372549	-6.078431E-02	
  .000206	 3.333334E-02	-6.078431E-02	
  .0002061	 .0372549	-5.686275E-02	
  .0002062	 .0372549	-6.470589E-02	
  .0002063	 .0372549	-6.470589E-02	
  .0002064	 .0372549	-6.078431E-02	
  .0002065	 .0372549	-6.078431E-02	
  .0002066	 .0372549	-6.078431E-02	
  .0002067	 .0372549	-6.470589E-02	
  .0002068	 3.333334E-02	-6.470589E-02	
  .0002069	 3.333334E-02	-6.078431E-02	
  .000207	 3.333334E-02	-5.686275E-02	
  .0002071	 .0372549	-5.686275E-02	
  .0002072	 3.333334E-02	-6.078431E-02	
  .0002073	 .0372549	-5.686275E-02	
  .0002074	 .0372549	-5.686275E-02	
  .0002075	 .0372549	-6.078431E-02	
  .0002076	 3.333334E-02	-5.686275E-02	
  .0002077	 3.333334E-02	-6.078431E-02	
  .0002078	 2.941176E-02	-5.686275E-02	
  .0002079	 2.941176E-02	-5.686275E-02	
  .000208	 2.941176E-02	-5.686275E-02	
  .0002081	 2.941176E-02	-6.078431E-02	
  .0002082	 3.333334E-02	-5.686275E-02	
  .0002083	 3.333334E-02	-5.686275E-02	
  .0002084	 .0372549	-6.078431E-02	
  .0002085	 .0254902	-6.078431E-02	
  .0002086	 2.941176E-02	-5.294118E-02	
  .0002087	 3.333334E-02	-5.686275E-02	
  .0002088	 2.941176E-02	-5.686275E-02	
  .0002089	 3.333334E-02	-5.294118E-02	
  .000209	 .0254902	-4.901961E-02	
  .0002091	 2.941176E-02	-4.901961E-02	
  .0002092	 2.941176E-02	-5.294118E-02	
  .0002093	 2.941176E-02	-5.294118E-02	
  .0002094	 .0254902	-5.686275E-02	
  .0002095	 3.333334E-02	-5.294118E-02	
  .0002096	 2.941176E-02	-5.294118E-02	
  .0002097	 2.941176E-02	-5.294118E-02	
  .0002098	 3.333334E-02	-5.294118E-02	
  .0002099	 2.941176E-02	-5.686275E-02	
  .00021	 2.941176E-02	-4.901961E-02	
  .0002101	 2.941176E-02	-5.294118E-02	
  .0002102	 .0254902	-5.686275E-02	
  .0002103	 .0254902	-4.901961E-02	
  .0002104	 .0254902	-4.901961E-02	
  .0002105	 .0254902	-4.901961E-02	
  .0002106	 2.941176E-02	-5.294118E-02	
  .0002107	 .0254902	-4.901961E-02	
  .0002108	 2.941176E-02	-4.901961E-02	
  .0002109	 2.156863E-02	-5.294118E-02	
  .000211	 .0254902	-4.509804E-02	
  .0002111	 .0254902	-5.294118E-02	
  .0002112	 .0254902	-5.294118E-02	
  .0002113	 1.764706E-02	-5.686275E-02	
  .0002114	 .0254902	-5.294118E-02	
  .0002115	 2.156863E-02	-4.901961E-02	
  .0002116	 2.156863E-02	-4.901961E-02	
  .0002117	 2.156863E-02	-5.294118E-02	
  .0002118	 1.764706E-02	-4.901961E-02	
  .0002119	 1.764706E-02	-4.509804E-02	
  .000212	 2.156863E-02	-4.901961E-02	
  .0002121	 1.764706E-02	-4.509804E-02	
  .0002122	 1.764706E-02	-4.901961E-02	
  .0002123	 1.764706E-02	-4.901961E-02	
  .0002124	 1.764706E-02	-4.509804E-02	
  .0002125	 1.764706E-02	-4.509804E-02	
  .0002126	 2.156863E-02	-4.509804E-02	
  .0002127	 2.156863E-02	-.0372549	
  .0002128	 2.156863E-02	-4.117647E-02	
  .0002129	 .0254902	-.0372549	
  .000213	 1.764706E-02	-.0372549	
  .0002131	 1.764706E-02	-4.117647E-02	
  .0002132	 1.764706E-02	-4.509804E-02	
  .0002133	 1.764706E-02	-4.509804E-02	
  .0002134	 2.156863E-02	-4.117647E-02	
  .0002135	 1.764706E-02	-4.509804E-02	
  .0002136	 2.156863E-02	-4.901961E-02	
  .0002137	 1.372549E-02	-4.117647E-02	
  .0002138	 1.372549E-02	-.0372549	
  .0002139	 2.156863E-02	-4.509804E-02	
  .000214	 1.372549E-02	-3.333334E-02	
  .0002141	 1.764706E-02	-3.333334E-02	
  .0002142	 1.764706E-02	-4.117647E-02	
  .0002143	 1.764706E-02	-3.333334E-02	
  .0002144	 9.803922E-03	-4.117647E-02	
  .0002145	 9.803922E-03	-4.509804E-02	
  .0002146	 1.372549E-02	-.0372549	
  .0002147	 1.372549E-02	-4.117647E-02	
  .0002148	 9.803922E-03	-4.117647E-02	
  .0002149	 9.803922E-03	-.0372549	
  .000215	 9.803922E-03	-4.117647E-02	
  .0002151	 9.803922E-03	-4.117647E-02	
  .0002152	 9.803922E-03	-4.117647E-02	
  .0002153	 1.372549E-02	-.0372549	
  .0002154	 5.882353E-03	-3.333334E-02	
  .0002155	 9.803922E-03	-3.333334E-02	
  .0002156	 9.803922E-03	-.0372549	
  .0002157	 9.803922E-03	-4.117647E-02	
  .0002158	 9.803922E-03	-.0372549	
  .0002159	 9.803922E-03	-.0372549	
  .000216	 5.882353E-03	-.0372549	
  .0002161	 9.803922E-03	-3.333334E-02	
  .0002162	 1.372549E-02	-.0372549	
  .0002163	 9.803922E-03	-.0372549	
  .0002164	 5.882353E-03	-3.333334E-02	
  .0002165	 9.803922E-03	-.0372549	
  .0002166	 5.882353E-03	-3.333334E-02	
  .0002167	 5.882353E-03	-2.941176E-02	
  .0002168	 1.960784E-03	-.0372549	
  .0002169	 1.960784E-03	-.0254902	
  .000217	 9.803922E-03	-2.941176E-02	
  .0002171	 1.960784E-03	-2.941176E-02	
  .0002172	 5.882353E-03	-2.941176E-02	
  .0002173	 9.803922E-03	-3.333334E-02	
  .0002174	 5.882353E-03	-3.333334E-02	
  .0002175	 5.882353E-03	-3.333334E-02	
  .0002176	 5.882353E-03	-2.941176E-02	
  .0002177	 1.960784E-03	-2.941176E-02	
  .0002178	 9.803922E-03	-2.941176E-02	
  .0002179	 5.882353E-03	-3.333334E-02	
  .000218	 5.882353E-03	-3.333334E-02	
  .0002181	 5.882353E-03	-.0254902	
  .0002182	 9.803922E-03	-.0254902	
  .0002183	 5.882353E-03	-2.941176E-02	
  .0002184	 1.960784E-03	-.0254902	
  .0002185	-1.960784E-03	-.0254902	
  .0002186	 1.960784E-03	-2.941176E-02	
  .0002187	 1.960784E-03	-2.156863E-02	
  .0002188	 5.882353E-03	-2.156863E-02	
  .0002189	 1.960784E-03	-.0254902	
  .000219	 1.960784E-03	-1.764706E-02	
  .0002191	 1.960784E-03	-.0254902	
  .0002192	 1.960784E-03	-2.941176E-02	
  .0002193	-1.960784E-03	-2.156863E-02	
  .0002194	-1.960784E-03	-.0254902	
  .0002195	-1.960784E-03	-.0254902	
  .0002196	 1.960784E-03	-2.156863E-02	
  .0002197	-1.960784E-03	-.0254902	
  .0002198	-1.960784E-03	-.0254902	
  .0002199	-1.960784E-03	-2.156863E-02	
  .00022	 1.960784E-03	-2.156863E-02	
  .0002201	-1.960784E-03	-.0254902	
  .0002202	 1.960784E-03	-.0254902	
  .0002203	-5.882353E-03	-2.156863E-02	
  .0002204	-5.882353E-03	-1.764706E-02	
  .0002205	-1.960784E-03	-.0254902	
  .0002206	-1.960784E-03	-1.372549E-02	
  .0002207	 5.882353E-03	-1.372549E-02	
  .0002208	-5.882353E-03	-1.372549E-02	
  .0002209	-5.882353E-03	-1.372549E-02	
  .000221	-1.960784E-03	-2.156863E-02	
  .0002211	-1.960784E-03	-1.764706E-02	
  .0002212	-5.882353E-03	-2.156863E-02	
  .0002213	-1.960784E-03	-.0254902	
  .0002214	-9.803922E-03	-1.764706E-02	
  .0002215	-5.882353E-03	-2.156863E-02	
  .0002216	-9.803922E-03	-1.764706E-02	
  .0002217	-5.882353E-03	-1.764706E-02	
  .0002218	-5.882353E-03	-1.764706E-02	
  .0002219	-5.882353E-03	-1.372549E-02	
  .000222	-5.882353E-03	-1.372549E-02	
  .0002221	-5.882353E-03	-1.372549E-02	
  .0002222	-9.803922E-03	-1.764706E-02	
  .0002223	-9.803922E-03	-9.803922E-03	
  .0002224	-9.803922E-03	-1.372549E-02	
  .0002225	-9.803922E-03	-1.372549E-02	
  .0002226	-9.803922E-03	-1.960784E-03	
  .0002227	-1.960784E-03	-1.372549E-02	
  .0002228	-5.882353E-03	-9.803922E-03	
  .0002229	-1.372549E-02	-5.882353E-03	
  .000223	-1.372549E-02	-5.882353E-03	
  .0002231	-1.372549E-02	-1.372549E-02	
  .0002232	-9.803922E-03	-1.372549E-02	
  .0002233	-9.803922E-03	-1.372549E-02	
  .0002234	-9.803922E-03	-5.882353E-03	
  .0002235	-5.882353E-03	-1.372549E-02	
  .0002236	-1.372549E-02	-5.882353E-03	
  .0002237	-1.372549E-02	-9.803922E-03	
  .0002238	-5.882353E-03	-5.882353E-03	
  .0002239	-9.803922E-03	-1.960784E-03	
  .000224	-9.803922E-03	-1.960784E-03	
  .0002241	-1.372549E-02	-5.882353E-03	
  .0002242	-1.764706E-02	-5.882353E-03	
  .0002243	-1.372549E-02	-9.803922E-03	
  .0002244	-1.372549E-02	-5.882353E-03	
  .0002245	-1.372549E-02	-9.803922E-03	
  .0002246	-1.764706E-02	-9.803922E-03	
  .0002247	-1.764706E-02	-5.882353E-03	
  .0002248	-2.156863E-02	-5.882353E-03	
  .0002249	-2.156863E-02	-5.882353E-03	
  .000225	-1.764706E-02	-5.882353E-03	
