 -.0000249	 5.882353E-03	-1.960784E-03	
 -.0000248	 1.960784E-03	 1.960784E-03	
 -.0000247	 5.882353E-03	 5.882353E-03	
 -.0000246	 5.882353E-03	-1.960784E-03	
 -.0000245	 5.882353E-03	 1.960784E-03	
 -.0000244	-1.960784E-03	 1.960784E-03	
 -.0000243	 1.960784E-03	 1.960784E-03	
 -.0000242	 1.960784E-03	 1.960784E-03	
 -.0000241	 1.960784E-03	 1.960784E-03	
 -.000024	 1.960784E-03	-1.960784E-03	
 -.0000239	 1.960784E-03	 1.960784E-03	
 -.0000238	 1.960784E-03	 5.882353E-03	
 -.0000237	 5.882353E-03	 1.960784E-03	
 -.0000236	 1.960784E-03	 5.882353E-03	
 -.0000235	 9.803922E-03	-1.960784E-03	
 -.0000234	 9.803922E-03	 1.960784E-03	
 -.0000233	 5.882353E-03	 1.960784E-03	
 -.0000232	 9.803922E-03	 5.882353E-03	
 -.0000231	 5.882353E-03	 9.803922E-03	
 -.000023	 1.960784E-03	 5.882353E-03	
 -.0000229	 1.960784E-03	-1.960784E-03	
 -.0000228	 1.960784E-03	 1.960784E-03	
 -.0000227	 1.960784E-03	 5.882353E-03	
 -.0000226	 5.882353E-03	-1.960784E-03	
 -.0000225	 1.960784E-03	 5.882353E-03	
 -.0000224	 5.882353E-03	 1.960784E-03	
 -.0000223	 5.882353E-03	 1.960784E-03	
 -.0000222	-1.960784E-03	 1.960784E-03	
 -.0000221	 5.882353E-03	 1.960784E-03	
 -.000022	 1.960784E-03	 1.960784E-03	
 -.0000219	 5.882353E-03	 1.960784E-03	
 -.0000218	 5.882353E-03	-1.960784E-03	
 -.0000217	 1.960784E-03	 1.960784E-03	
 -.0000216	 5.882353E-03	 1.960784E-03	
 -.0000215	 9.803922E-03	 1.960784E-03	
 -.0000214	 5.882353E-03	 1.960784E-03	
 -.0000213	 1.960784E-03	 9.803922E-03	
 -.0000212	 1.960784E-03	-1.960784E-03	
 -.0000211	 1.960784E-03	 1.960784E-03	
 -.000021	 9.803922E-03	 1.960784E-03	
 -.0000209	 1.960784E-03	 5.882353E-03	
 -.0000208	 9.803922E-03	 1.960784E-03	
 -.0000207	 5.882353E-03	 1.960784E-03	
 -.0000206	 1.960784E-03	 1.960784E-03	
 -.0000205	 1.960784E-03	 1.960784E-03	
 -.0000204	 5.882353E-03	 1.960784E-03	
 -.0000203	 5.882353E-03	 1.960784E-03	
 -.0000202	 1.960784E-03	 5.882353E-03	
 -.0000201	 5.882353E-03	-1.960784E-03	
 -.00002	 5.882353E-03	 1.960784E-03	
 -.0000199	 5.882353E-03	 1.960784E-03	
 -.0000198	 5.882353E-03	 5.882353E-03	
 -.0000197	-1.960784E-03	 1.960784E-03	
 -.0000196	 9.803922E-03	 1.960784E-03	
 -.0000195	 9.803922E-03	-1.960784E-03	
 -.0000194	 1.960784E-03	 1.960784E-03	
 -.0000193	 1.960784E-03	 1.960784E-03	
 -.0000192	 1.960784E-03	-1.960784E-03	
 -.0000191	 5.882353E-03	 5.882353E-03	
 -.000019	 1.960784E-03	 1.960784E-03	
 -.0000189	 1.960784E-03	 5.882353E-03	
 -.0000188	 5.882353E-03	-1.960784E-03	
 -.0000187	 1.960784E-03	 5.882353E-03	
 -.0000186	 5.882353E-03	 5.882353E-03	
 -.0000185	 5.882353E-03	 5.882353E-03	
 -.0000184	 5.882353E-03	 1.960784E-03	
 -.0000183	 5.882353E-03	 5.882353E-03	
 -.0000182	 5.882353E-03	 5.882353E-03	
 -.0000181	 1.960784E-03	 5.882353E-03	
 -.000018	 1.960784E-03	 1.960784E-03	
 -.0000179	 9.803922E-03	-1.960784E-03	
 -.0000178	 5.882353E-03	 1.960784E-03	
 -.0000177	 5.882353E-03	 1.960784E-03	
 -.0000176	 5.882353E-03	 1.960784E-03	
 -.0000175	 5.882353E-03	 5.882353E-03	
 -.0000174	 5.882353E-03	 1.960784E-03	
 -.0000173	 5.882353E-03	 5.882353E-03	
 -.0000172	 5.882353E-03	 5.882353E-03	
 -.0000171	 9.803922E-03	 1.960784E-03	
 -.000017	 5.882353E-03	 5.882353E-03	
 -.0000169	 5.882353E-03	 1.960784E-03	
 -.0000168	 1.960784E-03	 1.960784E-03	
 -.0000167	 9.803922E-03	 5.882353E-03	
 -.0000166	 1.960784E-03	 1.960784E-03	
 -.0000165	 5.882353E-03	 1.960784E-03	
 -.0000164	 5.882353E-03	 1.960784E-03	
 -.0000163	 1.960784E-03	 9.803922E-03	
 -.0000162	 5.882353E-03	 1.960784E-03	
 -.0000161	 5.882353E-03	 1.960784E-03	
 -.000016	 1.960784E-03	 1.960784E-03	
 -.0000159	 9.803922E-03	 1.960784E-03	
 -.0000158	 1.960784E-03	 5.882353E-03	
 -.0000157	 5.882353E-03	 1.960784E-03	
 -.0000156	 5.882353E-03	 5.882353E-03	
 -.0000155	 9.803922E-03	 1.960784E-03	
 -.0000154	 5.882353E-03	 1.960784E-03	
 -.0000153	 1.960784E-03	 1.960784E-03	
 -.0000152	 9.803922E-03	-1.960784E-03	
 -.0000151	 1.960784E-03	 1.960784E-03	
 -.000015	 1.960784E-03	 1.960784E-03	
 -.0000149	 1.960784E-03	 5.882353E-03	
 -.0000148	 5.882353E-03	 5.882353E-03	
 -.0000147	 5.882353E-03	 1.960784E-03	
 -.0000146	 1.960784E-03	 1.960784E-03	
 -.0000145	 5.882353E-03	 1.960784E-03	
 -.0000144	 5.882353E-03	-1.960784E-03	
 -.0000143	 1.960784E-03	 5.882353E-03	
 -.0000142	 5.882353E-03	 1.960784E-03	
 -.0000141	 1.960784E-03	 1.960784E-03	
 -.000014	 5.882353E-03	 1.960784E-03	
 -.0000139	 1.960784E-03	 9.803922E-03	
 -.0000138	 9.803922E-03	-1.960784E-03	
 -.0000137	 1.960784E-03	 1.960784E-03	
 -.0000136	 5.882353E-03	 1.960784E-03	
 -.0000135	 1.960784E-03	-1.960784E-03	
 -.0000134	 5.882353E-03	 5.882353E-03	
 -.0000133	 5.882353E-03	 5.882353E-03	
 -.0000132	 5.882353E-03	 5.882353E-03	
 -.0000131	 1.960784E-03	 1.960784E-03	
 -.000013	 5.882353E-03	 1.960784E-03	
 -.0000129	 1.960784E-03	 1.960784E-03	
 -.0000128	 5.882353E-03	 1.960784E-03	
 -.0000127	 1.960784E-03	-1.960784E-03	
 -.0000126	 5.882353E-03	 5.882353E-03	
 -.0000125	 5.882353E-03	 1.960784E-03	
 -.0000124	 5.882353E-03	 5.882353E-03	
 -.0000123	 5.882353E-03	-1.960784E-03	
 -.0000122	 5.882353E-03	-1.960784E-03	
 -.0000121	 5.882353E-03	 1.960784E-03	
 -.000012	 1.960784E-03	 5.882353E-03	
 -.0000119	 1.960784E-03	-1.960784E-03	
 -.0000118	 1.960784E-03	 1.960784E-03	
 -.0000117	 1.960784E-03	 5.882353E-03	
 -.0000116	 5.882353E-03	 1.960784E-03	
 -.0000115	 5.882353E-03	 5.882353E-03	
 -.0000114	 5.882353E-03	 1.960784E-03	
 -.0000113	 5.882353E-03	 1.960784E-03	
 -.0000112	 5.882353E-03	 1.960784E-03	
 -.0000111	 9.803922E-03	-1.960784E-03	
 -.000011	 5.882353E-03	 5.882353E-03	
 -.0000109	 5.882353E-03	 5.882353E-03	
 -.0000108	 5.882353E-03	 5.882353E-03	
 -.0000107	 5.882353E-03	-1.960784E-03	
 -.0000106	 1.960784E-03	 1.960784E-03	
 -.0000105	 1.960784E-03	-1.960784E-03	
 -.0000104	 1.960784E-03	 5.882353E-03	
 -.0000103	 5.882353E-03	 5.882353E-03	
 -.0000102	 1.960784E-03	-1.960784E-03	
 -.0000101	 1.960784E-03	 5.882353E-03	
 -.00001	 5.882353E-03	 1.960784E-03	
 -.0000099	 9.803922E-03	 9.803922E-03	
 -.0000098	-1.960784E-03	 1.960784E-03	
 -.0000097	 9.803922E-03	 1.960784E-03	
 -.0000096	 1.960784E-03	 1.960784E-03	
 -.0000095	-1.960784E-03	 5.882353E-03	
 -.0000094	 1.960784E-03	 1.960784E-03	
 -.0000093	 9.803922E-03	 5.882353E-03	
 -.0000092	 5.882353E-03	 1.960784E-03	
 -.0000091	 1.960784E-03	 1.960784E-03	
 -.000009	 5.882353E-03	 1.960784E-03	
 -.0000089	 1.960784E-03	 1.960784E-03	
 -.0000088	 5.882353E-03	 5.882353E-03	
 -.0000087	 1.960784E-03	 1.960784E-03	
 -.0000086	 5.882353E-03	 5.882353E-03	
 -.0000085	 5.882353E-03	 1.960784E-03	
 -.0000084	 9.803922E-03	 9.803922E-03	
 -.0000083	 1.960784E-03	 5.882353E-03	
 -.0000082	 5.882353E-03	 5.882353E-03	
 -.0000081	 5.882353E-03	-1.960784E-03	
 -.000008	 5.882353E-03	 1.960784E-03	
 -.0000079	 5.882353E-03	 1.960784E-03	
 -.0000078	 1.960784E-03	 1.960784E-03	
 -.0000077	 1.960784E-03	 1.960784E-03	
 -.0000076	 1.960784E-03	 5.882353E-03	
 -.0000075	 1.960784E-03	 1.960784E-03	
 -.0000074	 9.803922E-03	 5.882353E-03	
 -.0000073	 9.803922E-03	 5.882353E-03	
 -.0000072	 9.803922E-03	 1.960784E-03	
 -.0000071	 1.960784E-03	 1.960784E-03	
 -.000007	 1.960784E-03	 1.960784E-03	
 -.0000069	 5.882353E-03	 5.882353E-03	
 -.0000068	 9.803922E-03	 1.960784E-03	
 -.0000067	 5.882353E-03	 1.960784E-03	
 -.0000066	 5.882353E-03	 5.882353E-03	
 -.0000065	 5.882353E-03	-1.960784E-03	
 -.0000064	 5.882353E-03	 5.882353E-03	
 -.0000063	 5.882353E-03	 5.882353E-03	
 -.0000062	 9.803922E-03	 1.960784E-03	
 -.0000061	 1.960784E-03	 1.960784E-03	
 -.000006	 5.882353E-03	 1.960784E-03	
 -.0000059	 5.882353E-03	 1.960784E-03	
 -.0000058	 5.882353E-03	 1.960784E-03	
 -.0000057	 5.882353E-03	 1.960784E-03	
 -.0000056	 5.882353E-03	 5.882353E-03	
 -.0000055	 5.882353E-03	 1.960784E-03	
 -.0000054	 5.882353E-03	 1.960784E-03	
 -.0000053	 5.882353E-03	 1.960784E-03	
 -.0000052	 5.882353E-03	 1.960784E-03	
 -.0000051	 1.960784E-03	 1.960784E-03	
 -.000005	 1.960784E-03	 1.960784E-03	
 -.0000049	 5.882353E-03	 1.960784E-03	
 -.0000048	 9.803922E-03	-1.960784E-03	
 -.0000047	 5.882353E-03	 1.960784E-03	
 -.0000046	 1.960784E-03	 1.960784E-03	
 -.0000045	 5.882353E-03	-1.960784E-03	
 -.0000044	-1.960784E-03	 1.960784E-03	
 -.0000043	 5.882353E-03	-1.960784E-03	
 -.0000042	 1.960784E-03	 1.960784E-03	
 -.0000041	 5.882353E-03	 1.960784E-03	
 -.000004	 5.882353E-03	 9.803922E-03	
 -.0000039	 5.882353E-03	 1.960784E-03	
 -.0000038	 5.882353E-03	 5.882353E-03	
 -.0000037	 5.882353E-03	-1.960784E-03	
 -.0000036	 5.882353E-03	 1.960784E-03	
 -.0000035	 5.882353E-03	 5.882353E-03	
 -.0000034	 5.882353E-03	 5.882353E-03	
 -.0000033	 5.882353E-03	 5.882353E-03	
 -.0000032	 5.882353E-03	 9.803922E-03	
 -.0000031	 5.882353E-03	 1.960784E-03	
 -.000003	 5.882353E-03	 1.960784E-03	
 -.0000029	-1.960784E-03	 1.960784E-03	
 -.0000028	 5.882353E-03	-1.960784E-03	
 -.0000027	 1.960784E-03	 1.960784E-03	
 -.0000026	 5.882353E-03	 1.960784E-03	
 -.0000025	 5.882353E-03	 1.960784E-03	
 -.0000024	 1.960784E-03	 1.960784E-03	
 -.0000023	 5.882353E-03	 1.960784E-03	
 -.0000022	 5.882353E-03	 1.960784E-03	
 -.0000021	 1.960784E-03	 1.960784E-03	
 -.000002	 1.960784E-03	 1.960784E-03	
 -.0000019	 1.960784E-03	 1.960784E-03	
 -.0000018	 1.960784E-03	 1.960784E-03	
 -.0000017	 9.803922E-03	 5.882353E-03	
 -.0000016	 1.960784E-03	 5.882353E-03	
 -.0000015	 1.960784E-03	 5.882353E-03	
 -.0000014	-1.960784E-03	-1.960784E-03	
 -.0000013	 5.882353E-03	 1.960784E-03	
 -.0000012	 9.803922E-03	-1.960784E-03	
 -.0000011	 5.882353E-03	 1.960784E-03	
 -.000001	 5.882353E-03	 5.882353E-03	
 -.0000009	 5.882353E-03	 5.882353E-03	
 -.0000008	 1.960784E-03	 1.960784E-03	
 -.0000007	 1.960784E-03	 1.960784E-03	
 -.0000006	 1.960784E-03	-1.960784E-03	
 -.0000005	 5.882353E-03	 1.960784E-03	
 -.0000004	 1.960784E-03	 1.960784E-03	
 -.0000003	 5.882353E-03	-1.960784E-03	
 -.0000002	-1.960784E-03	 1.960784E-03	
 -.0000001	 1.960784E-03	-1.960784E-03	
  0	 9.803922E-03	 9.803922E-03	
  .0000001	 1.960784E-03	 1.960784E-03	
  .0000002	 5.882353E-03	-1.960784E-03	
  .0000003	 5.882353E-03	-1.960784E-03	
  .0000004	-1.960784E-03	 1.960784E-03	
  .0000005	 1.960784E-03	 1.960784E-03	
  .0000006	 1.960784E-03	 5.882353E-03	
  .0000007	 5.882353E-03	 1.960784E-03	
  .0000008	-1.960784E-03	 5.882353E-03	
  .0000009	 5.882353E-03	 1.960784E-03	
  .000001	 1.960784E-03	-1.960784E-03	
  .0000011	 1.960784E-03	 5.882353E-03	
  .0000012	-.2137255	 5.882353E-03	
  .0000013	-9.607843E-02	 1.372549E-02	
  .0000014	-.1078431	 2.156863E-02	
  .0000015	-.1196078	 2.941176E-02	
  .0000016	-.1196078	 4.117647E-02	
  .0000017	-.1235294	 4.117647E-02	
  .0000018	-.127451	 4.509804E-02	
  .0000019	-.1313726	 5.294118E-02	
  .000002	-.127451	 5.686275E-02	
  .0000021	-.1352941	 5.686275E-02	
  .0000022	-.1352941	 6.078431E-02	
  .0000023	-.1392157	 6.862745E-02	
  .0000024	-.1431373	 6.862745E-02	
  .0000025	-.1431373	 7.647059E-02	
  .0000026	-.1431373	 8.039216E-02	
  .0000027	-.1470588	 8.039216E-02	
  .0000028	-.1470588	 .0882353	
  .0000029	-.1509804	 .0882353	
  .000003	-.1509804	 9.215686E-02	
  .0000031	-.1470588	 9.607843E-02	
  .0000032	-.1588235	 .1	
  .0000033	-.1509804	 .1	
  .0000034	-.1588235	 .1	
  .0000035	-.1509804	 .1117647	
  .0000036	-.1627451	 .1117647	
  .0000037	-.1627451	 .1078431	
  .0000038	-.1627451	 .1156863	
  .0000039	-.1627451	 .1196078	
  .000004	-.1666667	 .1196078	
  .0000041	-.1627451	 .1235294	
  .0000042	-.1666667	 .127451	
  .0000043	-.1705882	 .1313726	
  .0000044	-.1705882	 .127451	
  .0000045	-.1705882	 .127451	
  .0000046	-.1666667	 .1352941	
  .0000047	-.1705882	 .1392157	
  .0000048	-.1705882	 .1352941	
  .0000049	-.1745098	 .1431373	
  .000005	-.1745098	 .1470588	
  .0000051	-.1745098	 .1470588	
  .0000052	-.1784314	 .1509804	
  .0000053	-.1784314	 .1509804	
  .0000054	-.1784314	 .1509804	
  .0000055	-.1823529	 .1666667	
  .0000056	-.1784314	 .1627451	
  .0000057	-.1823529	 .1666667	
  .0000058	-.1823529	 .1705882	
  .0000059	-.1823529	 .1784314	
  .000006	-.1862745	 .1784314	
  .0000061	-.1901961	 .1823529	
  .0000062	-.1941177	 .1823529	
  .0000063	-.1941177	 .1823529	
  .0000064	-.1980392	 .1901961	
  .0000065	-.1941177	 .1901961	
  .0000066	-.1980392	 .1941177	
  .0000067	-.1941177	 .2019608	
  .0000068	-.1941177	 .2019608	
  .0000069	-.2019608	 .2019608	
  .000007	-.1980392	 .2058824	
  .0000071	-.1941177	 .2058824	
  .0000072	-.1941177	 .2098039	
  .0000073	-.1980392	 .2176471	
  .0000074	-.1941177	 .2176471	
  .0000075	-.1941177	 .2137255	
  .0000076	-.1980392	 .2176471	
  .0000077	-.1980392	 .2176471	
  .0000078	-.1941177	 .2215686	
  .0000079	-.1980392	 .2215686	
  .000008	-.1980392	 .2254902	
  .0000081	-.1980392	 .2333333	
  .0000082	-.1941177	 .2294118	
  .0000083	-.1980392	 .2372549	
  .0000084	-.1980392	 .2333333	
  .0000085	-.1901961	 .2333333	
  .0000086	-.1941177	 .2372549	
  .0000087	-.1901961	 .2411765	
  .0000088	-.1980392	 .245098	
  .0000089	-.1901961	 .2411765	
  .000009	-.1941177	 .245098	
  .0000091	-.1980392	 .245098	
  .0000092	-.1980392	 .2490196	
  .0000093	-.1941177	 .245098	
  .0000094	-.1901961	 .245098	
  .0000095	-.1941177	 .245098	
  .0000096	-.1901961	 .2490196	
  .0000097	-.1941177	 .2490196	
  .0000098	-.1901961	 .2529412	
  .0000099	-.1901961	 .2607843	
  .00001	-.1941177	 .2568628	
  .0000101	-.1901961	 .2529412	
  .0000102	-.1901961	 .2529412	
  .0000103	-.1901961	 .2568628	
  .0000104	-.1862745	 .2568628	
  .0000105	-.1862745	 .2607843	
  .0000106	-.1823529	 .2647059	
  .0000107	-.1862745	 .2568628	
  .0000108	-.1901961	 .2568628	
  .0000109	-.1862745	 .2647059	
  .000011	-.1823529	 .2647059	
  .0000111	-.1823529	 .2607843	
  .0000112	-.1784314	 .2647059	
  .0000113	-.1784314	 .2647059	
  .0000114	-.1784314	 .2647059	
  .0000115	-.1745098	 .272549	
  .0000116	-.1823529	 .2686275	
  .0000117	-.1784314	 .2647059	
  .0000118	-.1745098	 .2647059	
  .0000119	-.1705882	 .2647059	
  .000012	-.1705882	 .2607843	
  .0000121	-.1705882	 .2607843	
  .0000122	-.1705882	 .2686275	
  .0000123	-.1666667	 .2647059	
  .0000124	-.1705882	 .2647059	
  .0000125	-.1666667	 .2686275	
  .0000126	-.1627451	 .2686275	
  .0000127	-.1627451	 .2647059	
  .0000128	-.1627451	 .2647059	
  .0000129	-.1588235	 .2607843	
  .000013	-.1588235	 .2647059	
  .0000131	-.1588235	 .2686275	
  .0000132	-.154902	 .2647059	
  .0000133	-.1588235	 .2568628	
  .0000134	-.1509804	 .2607843	
  .0000135	-.1509804	 .2647059	
  .0000136	-.154902	 .2607843	
  .0000137	-.1509804	 .2568628	
  .0000138	-.1470588	 .2607843	
  .0000139	-.1470588	 .2607843	
  .000014	-.1470588	 .2607843	
  .0000141	-.1431373	 .2607843	
  .0000142	-.1431373	 .2568628	
  .0000143	-.1392157	 .2529412	
  .0000144	-.1392157	 .2568628	
  .0000145	-.1352941	 .2568628	
  .0000146	-.1313726	 .2568628	
  .0000147	-.1352941	 .2490196	
  .0000148	-.1352941	 .2529412	
  .0000149	-.1352941	 .2529412	
  .000015	-.1313726	 .2529412	
  .0000151	-.127451	 .2490196	
  .0000152	-.1235294	 .2490196	
  .0000153	-.1235294	 .245098	
  .0000154	-.1235294	 .245098	
  .0000155	-.1235294	 .245098	
  .0000156	-.1235294	 .245098	
  .0000157	-.1196078	 .245098	
  .0000158	-.1156863	 .245098	
  .0000159	-.1078431	 .2411765	
  .000016	-.1117647	 .245098	
  .0000161	-.1117647	 .2372549	
  .0000162	-.1039216	 .2372549	
  .0000163	-.1078431	 .2372549	
  .0000164	-.1039216	 .2333333	
  .0000165	-.1039216	 .2411765	
  .0000166	-.1039216	 .2372549	
  .0000167	-.1039216	 .2333333	
  .0000168	-.1	 .2254902	
  .0000169	-9.215686E-02	 .2294118	
  .000017	-9.607843E-02	 .2215686	
  .0000171	-9.215686E-02	 .2215686	
  .0000172	-9.215686E-02	 .2215686	
  .0000173	-9.215686E-02	 .2215686	
  .0000174	-9.215686E-02	 .2176471	
  .0000175	-.0882353	 .2176471	
  .0000176	-8.431373E-02	 .2098039	
  .0000177	-8.039216E-02	 .2098039	
  .0000178	-8.039216E-02	 .2098039	
  .0000179	-7.254902E-02	 .2098039	
  .000018	-7.647059E-02	 .2098039	
  .0000181	-7.254902E-02	 .2098039	
  .0000182	-7.254902E-02	 .2058824	
  .0000183	-7.254902E-02	 .2019608	
  .0000184	-6.470589E-02	 .1980392	
  .0000185	-6.470589E-02	 .1980392	
  .0000186	-6.862745E-02	 .1941177	
  .0000187	-6.078431E-02	 .1941177	
  .0000188	-6.078431E-02	 .1980392	
  .0000189	-6.078431E-02	 .1941177	
  .000019	-5.686275E-02	 .1862745	
  .0000191	-5.686275E-02	 .1862745	
  .0000192	-4.509804E-02	 .1784314	
  .0000193	-5.294118E-02	 .1823529	
  .0000194	-4.901961E-02	 .1784314	
  .0000195	-4.509804E-02	 .1745098	
  .0000196	-4.117647E-02	 .1784314	
  .0000197	-4.117647E-02	 .1705882	
  .0000198	-3.333334E-02	 .1745098	
  .0000199	-.0372549	 .1666667	
  .00002	-.0372549	 .1666667	
  .0000201	-3.333334E-02	 .1588235	
  .0000202	-3.333334E-02	 .1588235	
  .0000203	-2.941176E-02	 .154902	
  .0000204	-2.156863E-02	 .154902	
  .0000205	-.0254902	 .154902	
  .0000206	-1.372549E-02	 .1509804	
  .0000207	-1.372549E-02	 .1470588	
  .0000208	-1.764706E-02	 .1470588	
  .0000209	-9.803922E-03	 .1431373	
  .000021	-9.803922E-03	 .1431373	
  .0000211	-5.882353E-03	 .1352941	
  .0000212	-1.960784E-03	 .1313726	
  .0000213	-1.960784E-03	 .1352941	
  .0000214	 1.960784E-03	 .1352941	
  .0000215	-1.960784E-03	 .127451	
  .0000216	 1.960784E-03	 .1235294	
  .0000217	 5.882353E-03	 .1117647	
  .0000218	 9.803922E-03	 .1156863	
  .0000219	 9.803922E-03	 .1078431	
  .000022	 1.372549E-02	 .1078431	
  .0000221	 1.764706E-02	 .1156863	
  .0000222	 2.156863E-02	 .1078431	
  .0000223	 1.764706E-02	 .1	
  .0000224	 .0254902	 .1039216	
  .0000225	 .0254902	 9.215686E-02	
  .0000226	 2.156863E-02	 9.607843E-02	
  .0000227	 2.941176E-02	 8.431373E-02	
  .0000228	 2.941176E-02	 8.431373E-02	
  .0000229	 .0372549	 8.039216E-02	
  .000023	 .0372549	 7.647059E-02	
  .0000231	 4.117647E-02	 7.647059E-02	
  .0000232	 4.117647E-02	 6.862745E-02	
  .0000233	 4.509804E-02	 7.254902E-02	
  .0000234	 4.509804E-02	 7.254902E-02	
  .0000235	 4.901961E-02	 6.470589E-02	
  .0000236	 4.509804E-02	 6.078431E-02	
  .0000237	 5.686275E-02	 6.470589E-02	
  .0000238	 5.686275E-02	 5.686275E-02	
  .0000239	 5.686275E-02	 5.686275E-02	
  .000024	 5.686275E-02	 4.901961E-02	
  .0000241	 6.078431E-02	 4.901961E-02	
  .0000242	 6.470589E-02	 4.117647E-02	
  .0000243	 6.470589E-02	 .0372549	
  .0000244	 6.862745E-02	 3.333334E-02	
  .0000245	 7.254902E-02	 .0372549	
  .0000246	 6.862745E-02	 2.941176E-02	
  .0000247	 6.862745E-02	 .0254902	
  .0000248	 7.254902E-02	 .0254902	
  .0000249	 7.647059E-02	 .0254902	
  .000025	 7.647059E-02	 2.156863E-02	
  .0000251	 7.647059E-02	 1.764706E-02	
  .0000252	 7.647059E-02	 1.372549E-02	
  .0000253	 8.431373E-02	 1.372549E-02	
  .0000254	 8.431373E-02	 9.803922E-03	
  .0000255	 .0882353	 1.960784E-03	
  .0000256	 9.607843E-02	 5.882353E-03	
  .0000257	 .1	 9.803922E-03	
  .0000258	 .1	-5.882353E-03	
  .0000259	 9.607843E-02	-5.882353E-03	
  .000026	 .1	-9.803922E-03	
  .0000261	 .1039216	-1.372549E-02	
  .0000262	 .1078431	-1.372549E-02	
  .0000263	 .1156863	-1.764706E-02	
  .0000264	 .1156863	-1.372549E-02	
  .0000265	 .1196078	-1.764706E-02	
  .0000266	 .1196078	-2.941176E-02	
  .0000267	 .1196078	-3.333334E-02	
  .0000268	 .1235294	-3.333334E-02	
  .0000269	 .1235294	-.0372549	
  .000027	 .1313726	-.0372549	
  .0000271	 .1313726	-.0372549	
  .0000272	 .1352941	-4.509804E-02	
  .0000273	 .1352941	-4.901961E-02	
  .0000274	 .1431373	-4.901961E-02	
  .0000275	 .1431373	-5.294118E-02	
  .0000276	 .1392157	-5.686275E-02	
  .0000277	 .1392157	-6.078431E-02	
  .0000278	 .1431373	-6.078431E-02	
  .0000279	 .1509804	-6.470589E-02	
  .000028	 .1627451	-6.862745E-02	
  .0000281	 .1509804	-7.254902E-02	
  .0000282	 .154902	-7.254902E-02	
  .0000283	 .154902	-7.647059E-02	
  .0000284	 .154902	-7.254902E-02	
  .0000285	 .1627451	-8.039216E-02	
  .0000286	 .1627451	-8.039216E-02	
  .0000287	 .1627451	-8.431373E-02	
  .0000288	 .1627451	-8.431373E-02	
  .0000289	 .1666667	-9.215686E-02	
  .000029	 .1705882	-9.607843E-02	
  .0000291	 .1705882	-.1	
  .0000292	 .1431373	-9.607843E-02	
  .0000293	 .1705882	-.1	
  .0000294	 .1666667	-.1078431	
  .0000295	 .1666667	-.1039216	
  .0000296	 .1705882	-.1117647	
  .0000297	 .1745098	-.1117647	
  .0000298	 .1509804	-.1117647	
  .0000299	 .1705882	-.1156863	
  .00003	 .1588235	-.1196078	
  .0000301	 .154902	-.1156863	
  .0000302	 .1588235	-.1235294	
  .0000303	 .1627451	-.1196078	
  .0000304	 .1627451	-.1196078	
  .0000305	 .1588235	-.1196078	
  .0000306	 .1627451	-.1235294	
  .0000307	 .1627451	-.1235294	
  .0000308	 .1627451	-.127451	
  .0000309	 .1588235	-.127451	
  .000031	 .1627451	-.1352941	
  .0000311	 .1666667	-.1313726	
  .0000312	 .1666667	-.1313726	
  .0000313	 .1588235	-.1352941	
  .0000314	 .1470588	-.1313726	
  .0000315	 .1470588	-.1352941	
  .0000316	 .1509804	-.1392157	
  .0000317	 .1470588	-.1392157	
  .0000318	 .1431373	-.1392157	
  .0000319	 .1392157	-.1352941	
  .000032	 .1431373	-.1352941	
  .0000321	 .1509804	-.1431373	
  .0000322	 .1509804	-.1431373	
  .0000323	 .1509804	-.1470588	
  .0000324	 .1470588	-.1431373	
  .0000325	 .1470588	-.1470588	
  .0000326	 .1470588	-.1470588	
  .0000327	 .1470588	-.1509804	
  .0000328	 .1509804	-.1509804	
  .0000329	 .1509804	-.1509804	
  .000033	 .1509804	-.154902	
  .0000331	 .1509804	-.1509804	
  .0000332	 .154902	-.1588235	
  .0000333	 .1470588	-.154902	
  .0000334	 .1509804	-.154902	
  .0000335	 .1509804	-.1588235	
  .0000336	 .154902	-.1588235	
  .0000337	 .1509804	-.1588235	
  .0000338	 .1509804	-.1588235	
  .0000339	 .1509804	-.1627451	
  .000034	 .1509804	-.1705882	
  .0000341	 .1509804	-.1627451	
  .0000342	 .154902	-.1666667	
  .0000343	 .1509804	-.1666667	
  .0000344	 .154902	-.1705882	
  .0000345	 .1509804	-.1705882	
  .0000346	 .154902	-.1666667	
  .0000347	 .1509804	-.1705882	
  .0000348	 .1470588	-.1705882	
  .0000349	 .1470588	-.1705882	
  .000035	 .1470588	-.1705882	
  .0000351	 .1470588	-.1705882	
  .0000352	 .1431373	-.1705882	
  .0000353	 .1470588	-.1705882	
  .0000354	 .1509804	-.1784314	
  .0000355	 .1470588	-.1823529	
  .0000356	 .1509804	-.1745098	
  .0000357	 .154902	-.1784314	
  .0000358	 .1431373	-.1784314	
  .0000359	 .1470588	-.1784314	
  .000036	 .1509804	-.1784314	
  .0000361	 .1470588	-.1784314	
  .0000362	 .1470588	-.1745098	
  .0000363	 .1509804	-.1823529	
  .0000364	 .1431373	-.1862745	
  .0000365	 .1431373	-.1823529	
  .0000366	 .1392157	-.1784314	
  .0000367	 .1431373	-.1784314	
  .0000368	 .1431373	-.1823529	
  .0000369	 .1431373	-.1784314	
  .000037	 .1431373	-.1862745	
  .0000371	 .1470588	-.1784314	
  .0000372	 .1470588	-.1823529	
  .0000373	 .1431373	-.1862745	
  .0000374	 .1392157	-.1862745	
  .0000375	 .1392157	-.1823529	
  .0000376	 .1352941	-.1862745	
  .0000377	 .1431373	-.1862745	
  .0000378	 .1392157	-.1823529	
  .0000379	 .1470588	-.1823529	
  .000038	 .1392157	-.1862745	
  .0000381	 .1392157	-.1862745	
  .0000382	 .1352941	-.1901961	
  .0000383	 .1352941	-.1862745	
  .0000384	 .1431373	-.1862745	
  .0000385	 .1352941	-.1823529	
  .0000386	 .1392157	-.1823529	
  .0000387	 .1313726	-.1901961	
  .0000388	 .1352941	-.1901961	
  .0000389	 .1313726	-.1941177	
  .000039	 .1313726	-.1862745	
  .0000391	 .1352941	-.1862745	
  .0000392	 .1352941	-.1823529	
  .0000393	 .127451	-.1862745	
  .0000394	 .1313726	-.1862745	
  .0000395	 .1313726	-.1862745	
  .0000396	 .1313726	-.1862745	
  .0000397	 .127451	-.1862745	
  .0000398	 .1313726	-.1862745	
  .0000399	 .127451	-.1862745	
  .00004	 .127451	-.1862745	
  .0000401	 .127451	-.1901961	
  .0000402	 .127451	-.1862745	
  .0000403	 .1235294	-.1862745	
  .0000404	 .1235294	-.1862745	
  .0000405	 .127451	-.1823529	
  .0000406	 .127451	-.1862745	
  .0000407	 .1235294	-.1823529	
  .0000408	 .1156863	-.1862745	
  .0000409	 .1196078	-.1862745	
  .000041	 .1156863	-.1862745	
  .0000411	 .1235294	-.1823529	
  .0000412	 .1196078	-.1823529	
  .0000413	 .1117647	-.1862745	
  .0000414	 .1117647	-.1823529	
  .0000415	 .1196078	-.1823529	
  .0000416	 .1156863	-.1823529	
  .0000417	 .1117647	-.1862745	
  .0000418	 .1117647	-.1784314	
  .0000419	 .1117647	-.1784314	
  .000042	 .1117647	-.1784314	
  .0000421	 .1078431	-.1784314	
  .0000422	 .1117647	-.1784314	
  .0000423	 .1078431	-.1784314	
  .0000424	 .1078431	-.1784314	
  .0000425	 .1039216	-.1784314	
  .0000426	 .1078431	-.1823529	
  .0000427	 .1078431	-.1705882	
  .0000428	 .1078431	-.1745098	
  .0000429	 .1039216	-.1745098	
  .000043	 .1039216	-.1745098	
  .0000431	 .1039216	-.1745098	
  .0000432	 9.607843E-02	-.1705882	
  .0000433	 .1	-.1705882	
  .0000434	 9.607843E-02	-.1705882	
  .0000435	 .1039216	-.1705882	
  .0000436	 .1	-.1705882	
  .0000437	 .1	-.1666667	
  .0000438	 9.607843E-02	-.1666667	
  .0000439	 9.607843E-02	-.1666667	
  .000044	 9.607843E-02	-.1666667	
  .0000441	 .0882353	-.1627451	
  .0000442	 9.215686E-02	-.1666667	
  .0000443	 9.607843E-02	-.1588235	
  .0000444	 8.431373E-02	-.1666667	
  .0000445	 8.431373E-02	-.1588235	
  .0000446	 8.431373E-02	-.1666667	
  .0000447	 8.431373E-02	-.1627451	
  .0000448	 8.039216E-02	-.1588235	
  .0000449	 8.039216E-02	-.1588235	
  .000045	 7.647059E-02	-.1588235	
  .0000451	 7.647059E-02	-.1588235	
  .0000452	 8.039216E-02	-.1509804	
  .0000453	 7.647059E-02	-.1588235	
  .0000454	 7.647059E-02	-.154902	
  .0000455	 7.647059E-02	-.1470588	
  .0000456	 8.039216E-02	-.1509804	
  .0000457	 7.647059E-02	-.154902	
  .0000458	 7.254902E-02	-.1509804	
  .0000459	 7.254902E-02	-.1509804	
  .000046	 6.862745E-02	-.1431373	
  .0000461	 7.254902E-02	-.1470588	
  .0000462	 6.862745E-02	-.1392157	
  .0000463	 6.862745E-02	-.1431373	
  .0000464	 6.470589E-02	-.1470588	
  .0000465	 6.862745E-02	-.1392157	
  .0000466	 6.078431E-02	-.1352941	
  .0000467	 6.078431E-02	-.1392157	
  .0000468	 6.470589E-02	-.1352941	
  .0000469	 6.078431E-02	-.1352941	
  .000047	 6.078431E-02	-.1352941	
  .0000471	 5.686275E-02	-.1313726	
  .0000472	 6.078431E-02	-.1313726	
  .0000473	 5.686275E-02	-.1313726	
  .0000474	 6.078431E-02	-.127451	
  .0000475	 5.294118E-02	-.1313726	
  .0000476	 5.686275E-02	-.1313726	
  .0000477	 5.294118E-02	-.127451	
  .0000478	 6.078431E-02	-.1235294	
  .0000479	 5.294118E-02	-.1235294	
  .000048	 4.901961E-02	-.1196078	
  .0000481	 4.901961E-02	-.1196078	
  .0000482	 5.294118E-02	-.1235294	
  .0000483	 5.686275E-02	-.1196078	
  .0000484	 4.509804E-02	-.1117647	
  .0000485	 4.901961E-02	-.1117647	
  .0000486	 4.117647E-02	-.1117647	
  .0000487	 4.117647E-02	-.1117647	
  .0000488	 4.117647E-02	-.1156863	
  .0000489	 4.117647E-02	-.1117647	
  .000049	 4.117647E-02	-.1117647	
  .0000491	 4.117647E-02	-.1078431	
  .0000492	 6.862745E-02	-.1078431	
  .0000493	 4.509804E-02	-.1039216	
  .0000494	 4.901961E-02	-.1078431	
  .0000495	 5.294118E-02	-.1039216	
  .0000496	 4.901961E-02	-.1039216	
  .0000497	 4.901961E-02	-.1039216	
  .0000498	 4.901961E-02	-.1039216	
  .0000499	 4.509804E-02	-.1039216	
  .00005	 4.117647E-02	-.1039216	
  .0000501	 4.901961E-02	-.1	
  .0000502	 4.509804E-02	-.1	
  .0000503	 4.117647E-02	-.1039216	
  .0000504	 4.117647E-02	-.1	
  .0000505	 4.117647E-02	-.1	
  .0000506	 .0372549	-9.215686E-02	
  .0000507	 4.117647E-02	-9.607843E-02	
  .0000508	 .0372549	-9.607843E-02	
  .0000509	 3.333334E-02	-9.215686E-02	
  .000051	 .0372549	-9.215686E-02	
  .0000511	 3.333334E-02	-9.215686E-02	
  .0000512	 2.941176E-02	-.0882353	
  .0000513	 2.941176E-02	-9.215686E-02	
  .0000514	 3.333334E-02	-8.431373E-02	
  .0000515	 .0254902	-8.431373E-02	
  .0000516	 .0254902	-8.431373E-02	
  .0000517	 .0254902	-8.431373E-02	
  .0000518	 2.941176E-02	-8.431373E-02	
  .0000519	 .0254902	-8.039216E-02	
  .000052	 2.156863E-02	-8.039216E-02	
  .0000521	 .0254902	-7.647059E-02	
  .0000522	 .0254902	-7.647059E-02	
  .0000523	 .0254902	-7.254902E-02	
  .0000524	 2.156863E-02	-7.647059E-02	
  .0000525	 1.764706E-02	-7.647059E-02	
  .0000526	 1.764706E-02	-6.862745E-02	
  .0000527	 1.764706E-02	-6.862745E-02	
  .0000528	 2.156863E-02	-7.254902E-02	
  .0000529	 1.764706E-02	-7.254902E-02	
  .000053	 1.764706E-02	-6.862745E-02	
  .0000531	 1.372549E-02	-6.862745E-02	
  .0000532	 1.372549E-02	-6.862745E-02	
  .0000533	 9.803922E-03	-6.862745E-02	
  .0000534	 1.372549E-02	-6.078431E-02	
  .0000535	 9.803922E-03	-6.470589E-02	
  .0000536	 5.882353E-03	-6.078431E-02	
  .0000537	 9.803922E-03	-5.686275E-02	
  .0000538	 9.803922E-03	-6.078431E-02	
  .0000539	 5.882353E-03	-5.294118E-02	
  .000054	 5.882353E-03	-5.686275E-02	
  .0000541	 5.882353E-03	-5.294118E-02	
  .0000542	 1.960784E-03	-5.294118E-02	
  .0000543	 1.960784E-03	-5.294118E-02	
  .0000544	 1.960784E-03	-5.294118E-02	
  .0000545	-1.960784E-03	-4.901961E-02	
  .0000546	 1.960784E-03	-4.901961E-02	
  .0000547	-1.960784E-03	-4.901961E-02	
  .0000548	-1.960784E-03	-4.509804E-02	
  .0000549	-5.882353E-03	-4.901961E-02	
  .000055	-9.803922E-03	-4.509804E-02	
  .0000551	-9.803922E-03	-4.117647E-02	
  .0000552	-9.803922E-03	-4.509804E-02	
  .0000553	-5.882353E-03	-3.333334E-02	
  .0000554	-9.803922E-03	-.0372549	
  .0000555	-1.960784E-03	-.0372549	
  .0000556	-5.882353E-03	-3.333334E-02	
  .0000557	-9.803922E-03	-.0372549	
  .0000558	-9.803922E-03	-3.333334E-02	
  .0000559	-1.372549E-02	-3.333334E-02	
  .000056	-1.372549E-02	-2.941176E-02	
  .0000561	-1.764706E-02	-2.156863E-02	
  .0000562	-1.764706E-02	-.0254902	
  .0000563	-1.372549E-02	-2.941176E-02	
  .0000564	-.0254902	-.0254902	
  .0000565	-1.764706E-02	-.0254902	
  .0000566	-1.764706E-02	-.0254902	
  .0000567	-1.764706E-02	-2.156863E-02	
  .0000568	-1.764706E-02	-2.156863E-02	
  .0000569	-2.156863E-02	-1.372549E-02	
  .000057	-.0254902	-1.764706E-02	
  .0000571	-2.156863E-02	-1.764706E-02	
  .0000572	-.0254902	-1.372549E-02	
  .0000573	-.0254902	-1.372549E-02	
  .0000574	-.0254902	-1.372549E-02	
  .0000575	-2.941176E-02	-9.803922E-03	
  .0000576	-3.333334E-02	-9.803922E-03	
  .0000577	-2.941176E-02	-5.882353E-03	
  .0000578	-3.333334E-02	-5.882353E-03	
  .0000579	-3.333334E-02	-1.960784E-03	
  .000058	-.0372549	-5.882353E-03	
  .0000581	-.0372549	-1.960784E-03	
  .0000582	-2.941176E-02	-5.882353E-03	
  .0000583	-.0372549	 1.960784E-03	
  .0000584	-.0372549	 1.960784E-03	
  .0000585	-.0372549	 5.882353E-03	
  .0000586	-.0372549	-1.960784E-03	
  .0000587	-4.117647E-02	 5.882353E-03	
  .0000588	-4.117647E-02	 5.882353E-03	
  .0000589	-4.509804E-02	 5.882353E-03	
  .000059	-4.117647E-02	 9.803922E-03	
  .0000591	-4.509804E-02	 5.882353E-03	
  .0000592	-4.509804E-02	 1.372549E-02	
  .0000593	-4.509804E-02	 1.372549E-02	
  .0000594	-4.509804E-02	 1.764706E-02	
  .0000595	-4.901961E-02	 1.764706E-02	
  .0000596	-4.509804E-02	 1.764706E-02	
  .0000597	-4.901961E-02	 9.803922E-03	
  .0000598	-4.901961E-02	 1.372549E-02	
  .0000599	-5.294118E-02	 2.156863E-02	
  .00006	-4.901961E-02	 1.764706E-02	
  .0000601	-5.294118E-02	 2.941176E-02	
  .0000602	-5.294118E-02	 .0254902	
  .0000603	-5.294118E-02	 .0254902	
  .0000604	-5.686275E-02	 2.156863E-02	
  .0000605	-5.686275E-02	 2.941176E-02	
  .0000606	-5.686275E-02	 3.333334E-02	
  .0000607	-5.686275E-02	 .0254902	
  .0000608	-6.078431E-02	 3.333334E-02	
  .0000609	-6.078431E-02	 3.333334E-02	
  .000061	-5.686275E-02	 4.117647E-02	
  .0000611	-6.470589E-02	 .0372549	
  .0000612	-6.470589E-02	 .0372549	
  .0000613	-6.470589E-02	 3.333334E-02	
  .0000614	-6.078431E-02	 .0372549	
  .0000615	-6.078431E-02	 .0372549	
  .0000616	-6.862745E-02	 .0372549	
  .0000617	-6.470589E-02	 4.117647E-02	
  .0000618	-6.862745E-02	 4.117647E-02	
  .0000619	-6.862745E-02	 4.509804E-02	
  .000062	-6.862745E-02	 4.117647E-02	
  .0000621	-6.470589E-02	 4.117647E-02	
  .0000622	-6.862745E-02	 4.509804E-02	
  .0000623	-6.862745E-02	 4.509804E-02	
  .0000624	-7.254902E-02	 4.509804E-02	
  .0000625	-6.470589E-02	 4.901961E-02	
  .0000626	-6.862745E-02	 5.294118E-02	
  .0000627	-6.862745E-02	 4.901961E-02	
  .0000628	-6.862745E-02	 4.509804E-02	
  .0000629	-7.254902E-02	 6.078431E-02	
  .000063	-6.862745E-02	 5.294118E-02	
  .0000631	-6.862745E-02	 5.294118E-02	
  .0000632	-7.254902E-02	 5.686275E-02	
  .0000633	-6.862745E-02	 5.686275E-02	
  .0000634	-7.254902E-02	 6.078431E-02	
  .0000635	-7.647059E-02	 6.078431E-02	
  .0000636	-7.254902E-02	 6.470589E-02	
  .0000637	-7.254902E-02	 6.078431E-02	
  .0000638	-7.647059E-02	 6.078431E-02	
  .0000639	-6.862745E-02	 5.686275E-02	
  .000064	-6.862745E-02	 5.686275E-02	
  .0000641	-6.862745E-02	 6.470589E-02	
  .0000642	-7.254902E-02	 6.078431E-02	
  .0000643	-7.647059E-02	 6.470589E-02	
  .0000644	-7.254902E-02	 6.470589E-02	
  .0000645	-7.254902E-02	 6.470589E-02	
  .0000646	-7.647059E-02	 6.862745E-02	
  .0000647	-7.647059E-02	 6.470589E-02	
  .0000648	-7.254902E-02	 6.470589E-02	
  .0000649	-7.647059E-02	 7.254902E-02	
  .000065	-7.647059E-02	 6.862745E-02	
  .0000651	-7.647059E-02	 7.254902E-02	
  .0000652	-7.647059E-02	 7.254902E-02	
  .0000653	-7.254902E-02	 8.039216E-02	
  .0000654	-7.254902E-02	 7.647059E-02	
  .0000655	-7.647059E-02	 8.039216E-02	
  .0000656	-7.647059E-02	 7.254902E-02	
  .0000657	-7.647059E-02	 7.254902E-02	
  .0000658	-7.647059E-02	 8.039216E-02	
  .0000659	-7.647059E-02	 7.647059E-02	
  .000066	-7.647059E-02	 8.039216E-02	
  .0000661	-7.647059E-02	 8.039216E-02	
  .0000662	-7.647059E-02	 8.039216E-02	
  .0000663	-7.254902E-02	 7.647059E-02	
  .0000664	-7.254902E-02	 8.039216E-02	
  .0000665	-7.647059E-02	 8.039216E-02	
  .0000666	-7.647059E-02	 8.039216E-02	
  .0000667	-7.254902E-02	 8.039216E-02	
  .0000668	-7.647059E-02	 8.431373E-02	
  .0000669	-7.647059E-02	 7.647059E-02	
  .000067	-7.647059E-02	 8.039216E-02	
  .0000671	-7.647059E-02	 8.431373E-02	
  .0000672	-7.647059E-02	 8.431373E-02	
  .0000673	-7.254902E-02	 8.431373E-02	
  .0000674	-7.254902E-02	 8.431373E-02	
  .0000675	-6.862745E-02	 .0882353	
  .0000676	-6.862745E-02	 8.431373E-02	
  .0000677	-5.686275E-02	 8.431373E-02	
  .0000678	-5.686275E-02	 .0882353	
  .0000679	-6.078431E-02	 8.039216E-02	
  .000068	-5.686275E-02	 8.039216E-02	
  .0000681	-5.294118E-02	 8.431373E-02	
  .0000682	-6.078431E-02	 8.431373E-02	
  .0000683	-5.686275E-02	 8.431373E-02	
  .0000684	-5.686275E-02	 8.431373E-02	
  .0000685	-5.686275E-02	 8.431373E-02	
  .0000686	-6.078431E-02	 8.431373E-02	
  .0000687	-5.686275E-02	 8.039216E-02	
  .0000688	-6.078431E-02	 8.431373E-02	
  .0000689	-5.686275E-02	 8.431373E-02	
  .000069	-5.686275E-02	 8.039216E-02	
  .0000691	-5.686275E-02	 8.431373E-02	
  .0000692	-5.294118E-02	 8.039216E-02	
  .0000693	-5.294118E-02	 8.431373E-02	
  .0000694	-5.294118E-02	 8.039216E-02	
  .0000695	-5.686275E-02	 8.039216E-02	
  .0000696	-5.294118E-02	 8.039216E-02	
  .0000697	-5.294118E-02	 8.039216E-02	
  .0000698	-5.686275E-02	 7.647059E-02	
  .0000699	-4.901961E-02	 8.039216E-02	
  .00007	-4.901961E-02	 8.431373E-02	
  .0000701	-4.901961E-02	 8.039216E-02	
  .0000702	-5.294118E-02	 8.431373E-02	
  .0000703	-4.901961E-02	 7.647059E-02	
  .0000704	-5.294118E-02	 8.431373E-02	
  .0000705	-5.294118E-02	 8.431373E-02	
  .0000706	-4.901961E-02	 7.647059E-02	
  .0000707	-4.509804E-02	 7.647059E-02	
  .0000708	-4.901961E-02	 8.431373E-02	
  .0000709	-4.509804E-02	 8.431373E-02	
  .000071	-4.509804E-02	 7.647059E-02	
  .0000711	-4.509804E-02	 7.647059E-02	
  .0000712	-4.509804E-02	 7.254902E-02	
  .0000713	-4.901961E-02	 7.647059E-02	
  .0000714	-4.117647E-02	 7.647059E-02	
  .0000715	-4.509804E-02	 7.254902E-02	
  .0000716	-4.509804E-02	 7.647059E-02	
  .0000717	-4.117647E-02	 7.647059E-02	
  .0000718	-4.901961E-02	 8.039216E-02	
  .0000719	-.0372549	 7.647059E-02	
  .000072	-4.117647E-02	 7.254902E-02	
  .0000721	-.0372549	 8.039216E-02	
  .0000722	-4.117647E-02	 7.254902E-02	
  .0000723	-4.117647E-02	 7.254902E-02	
  .0000724	-.0372549	 7.254902E-02	
  .0000725	-.0372549	 7.254902E-02	
  .0000726	-.0372549	 7.254902E-02	
  .0000727	-3.333334E-02	 6.862745E-02	
  .0000728	-3.333334E-02	 8.039216E-02	
  .0000729	-.0372549	 7.254902E-02	
  .000073	-3.333334E-02	 7.254902E-02	
  .0000731	-.0372549	 6.862745E-02	
  .0000732	-2.941176E-02	 7.254902E-02	
  .0000733	-2.941176E-02	 7.647059E-02	
  .0000734	-3.333334E-02	 7.254902E-02	
  .0000735	-2.941176E-02	 6.862745E-02	
  .0000736	-.0254902	 6.862745E-02	
  .0000737	-2.941176E-02	 6.470589E-02	
  .0000738	-2.941176E-02	 6.862745E-02	
  .0000739	-.0254902	 6.078431E-02	
  .000074	-.0254902	 6.470589E-02	
  .0000741	-.0254902	 6.078431E-02	
  .0000742	-.0254902	 6.470589E-02	
  .0000743	-.0254902	 6.862745E-02	
  .0000744	-.0254902	 6.470589E-02	
  .0000745	-2.941176E-02	 6.078431E-02	
  .0000746	-2.941176E-02	 6.470589E-02	
  .0000747	-.0254902	 5.686275E-02	
  .0000748	-.0254902	 6.078431E-02	
  .0000749	-2.156863E-02	 6.078431E-02	
  .000075	-2.156863E-02	 6.078431E-02	
  .0000751	-2.156863E-02	 6.078431E-02	
  .0000752	-1.764706E-02	 6.470589E-02	
  .0000753	-1.372549E-02	 5.686275E-02	
  .0000754	-2.156863E-02	 6.078431E-02	
  .0000755	-1.372549E-02	 5.686275E-02	
  .0000756	-1.372549E-02	 5.686275E-02	
  .0000757	-1.764706E-02	 6.078431E-02	
  .0000758	-9.803922E-03	 6.078431E-02	
  .0000759	-1.764706E-02	 6.470589E-02	
  .000076	-1.372549E-02	 5.686275E-02	
  .0000761	-1.764706E-02	 5.294118E-02	
  .0000762	-9.803922E-03	 4.509804E-02	
  .0000763	-1.372549E-02	 4.901961E-02	
  .0000764	-9.803922E-03	 4.901961E-02	
  .0000765	-9.803922E-03	 4.901961E-02	
  .0000766	-9.803922E-03	 4.901961E-02	
  .0000767	-9.803922E-03	 4.901961E-02	
  .0000768	-9.803922E-03	 4.901961E-02	
  .0000769	-5.882353E-03	 4.901961E-02	
  .000077	-9.803922E-03	 4.509804E-02	
  .0000771	-9.803922E-03	 4.509804E-02	
  .0000772	-5.882353E-03	 4.509804E-02	
  .0000773	-5.882353E-03	 4.509804E-02	
  .0000774	-5.882353E-03	 4.509804E-02	
  .0000775	 1.960784E-03	 4.509804E-02	
  .0000776	-1.960784E-03	 4.117647E-02	
  .0000777	 1.960784E-03	 4.117647E-02	
  .0000778	-1.960784E-03	 .0372549	
  .0000779	-1.960784E-03	 4.509804E-02	
  .000078	-1.960784E-03	 3.333334E-02	
  .0000781	 1.960784E-03	 4.509804E-02	
  .0000782	 1.960784E-03	 4.117647E-02	
  .0000783	-1.960784E-03	 4.117647E-02	
  .0000784	 1.960784E-03	 2.941176E-02	
  .0000785	 1.960784E-03	 3.333334E-02	
  .0000786	 1.960784E-03	 3.333334E-02	
  .0000787	 9.803922E-03	 3.333334E-02	
  .0000788	 5.882353E-03	 3.333334E-02	
  .0000789	 5.882353E-03	 .0254902	
  .000079	 5.882353E-03	 2.941176E-02	
  .0000791	 5.882353E-03	 .0254902	
  .0000792	 9.803922E-03	 3.333334E-02	
  .0000793	 5.882353E-03	 2.941176E-02	
  .0000794	 1.372549E-02	 .0254902	
  .0000795	 1.372549E-02	 .0254902	
  .0000796	 9.803922E-03	 2.156863E-02	
  .0000797	 5.882353E-03	 2.156863E-02	
  .0000798	 1.764706E-02	 2.156863E-02	
  .0000799	 9.803922E-03	 2.156863E-02	
  .00008	 1.372549E-02	 2.156863E-02	
  .0000801	 1.372549E-02	 2.156863E-02	
  .0000802	 1.372549E-02	 .0254902	
  .0000803	 1.764706E-02	 .0254902	
  .0000804	 1.764706E-02	 .0254902	
  .0000805	 2.156863E-02	 1.764706E-02	
  .0000806	 2.156863E-02	 1.764706E-02	
  .0000807	 1.764706E-02	 1.764706E-02	
  .0000808	 2.156863E-02	 1.764706E-02	
  .0000809	 1.764706E-02	 1.372549E-02	
  .000081	 1.764706E-02	 1.372549E-02	
  .0000811	 .0254902	 9.803922E-03	
  .0000812	 .0254902	 9.803922E-03	
  .0000813	 2.156863E-02	 1.372549E-02	
  .0000814	 1.764706E-02	 1.372549E-02	
  .0000815	 2.156863E-02	 1.372549E-02	
  .0000816	 2.941176E-02	 5.882353E-03	
  .0000817	 2.156863E-02	 5.882353E-03	
  .0000818	 .0254902	 5.882353E-03	
  .0000819	 .0254902	 5.882353E-03	
  .000082	 2.941176E-02	 1.960784E-03	
  .0000821	 .0254902	 5.882353E-03	
  .0000822	 .0254902	 1.960784E-03	
  .0000823	 2.941176E-02	 1.960784E-03	
  .0000824	 2.941176E-02	 1.960784E-03	
  .0000825	 2.941176E-02	 1.960784E-03	
  .0000826	 2.941176E-02	-1.960784E-03	
  .0000827	 2.941176E-02	 5.882353E-03	
  .0000828	 2.941176E-02	-1.960784E-03	
  .0000829	 2.941176E-02	-1.960784E-03	
  .000083	 2.941176E-02	-1.960784E-03	
  .0000831	 .0372549	-1.960784E-03	
  .0000832	 4.117647E-02	-1.960784E-03	
  .0000833	 3.333334E-02	-5.882353E-03	
  .0000834	 4.117647E-02	-1.960784E-03	
  .0000835	 3.333334E-02	-5.882353E-03	
  .0000836	 .0372549	-5.882353E-03	
  .0000837	 .0372549	-9.803922E-03	
  .0000838	 4.117647E-02	-5.882353E-03	
  .0000839	 4.117647E-02	-5.882353E-03	
  .000084	 4.117647E-02	-1.372549E-02	
  .0000841	 .0372549	-5.882353E-03	
  .0000842	 3.333334E-02	-9.803922E-03	
  .0000843	 4.117647E-02	-1.372549E-02	
  .0000844	 4.117647E-02	-1.372549E-02	
  .0000845	 4.117647E-02	-1.764706E-02	
  .0000846	 4.117647E-02	-1.764706E-02	
  .0000847	 4.117647E-02	-1.372549E-02	
  .0000848	 .0372549	-2.156863E-02	
  .0000849	 3.333334E-02	-2.156863E-02	
  .000085	 4.117647E-02	-1.764706E-02	
  .0000851	 5.882353E-03	-1.372549E-02	
  .0000852	 4.117647E-02	-1.764706E-02	
  .0000853	 2.941176E-02	-1.372549E-02	
  .0000854	 3.333334E-02	-1.764706E-02	
  .0000855	 .0254902	-1.764706E-02	
  .0000856	 2.941176E-02	-1.372549E-02	
  .0000857	 3.333334E-02	-1.764706E-02	
  .0000858	 2.941176E-02	-1.372549E-02	
  .0000859	 2.941176E-02	-1.372549E-02	
  .000086	 2.941176E-02	-2.156863E-02	
  .0000861	 2.941176E-02	-1.764706E-02	
  .0000862	 2.941176E-02	-1.764706E-02	
  .0000863	 2.941176E-02	-2.156863E-02	
  .0000864	 2.941176E-02	-1.372549E-02	
  .0000865	 2.941176E-02	-1.764706E-02	
  .0000866	 2.941176E-02	-1.764706E-02	
  .0000867	 2.941176E-02	-1.764706E-02	
  .0000868	 2.941176E-02	-1.764706E-02	
  .0000869	 .0254902	-2.156863E-02	
  .000087	 3.333334E-02	-1.764706E-02	
  .0000871	 2.941176E-02	-1.764706E-02	
  .0000872	 2.941176E-02	-1.764706E-02	
  .0000873	 2.941176E-02	-1.764706E-02	
  .0000874	 .0372549	-1.372549E-02	
  .0000875	 3.333334E-02	-2.156863E-02	
  .0000876	 2.941176E-02	-2.156863E-02	
  .0000877	 3.333334E-02	-2.156863E-02	
  .0000878	 2.941176E-02	-2.156863E-02	
  .0000879	 3.333334E-02	-2.156863E-02	
  .000088	 2.941176E-02	-1.764706E-02	
  .0000881	 2.941176E-02	-1.764706E-02	
  .0000882	 2.941176E-02	-1.764706E-02	
  .0000883	 2.941176E-02	-.0254902	
  .0000884	 .0372549	-2.156863E-02	
  .0000885	 3.333334E-02	-2.156863E-02	
  .0000886	 3.333334E-02	-2.156863E-02	
  .0000887	 2.941176E-02	-2.156863E-02	
  .0000888	 2.941176E-02	-2.156863E-02	
  .0000889	 2.941176E-02	-2.156863E-02	
  .000089	 2.941176E-02	-2.156863E-02	
  .0000891	 3.333334E-02	-1.764706E-02	
  .0000892	 3.333334E-02	-1.764706E-02	
  .0000893	 3.333334E-02	-2.156863E-02	
  .0000894	 2.941176E-02	-.0254902	
  .0000895	 2.941176E-02	-2.156863E-02	
  .0000896	 2.941176E-02	-.0254902	
  .0000897	 3.333334E-02	-2.156863E-02	
  .0000898	 3.333334E-02	-2.156863E-02	
  .0000899	 3.333334E-02	-2.156863E-02	
  .00009	 3.333334E-02	-2.156863E-02	
  .0000901	 .0372549	-.0254902	
  .0000902	 3.333334E-02	-2.156863E-02	
  .0000903	 3.333334E-02	-1.764706E-02	
  .0000904	 3.333334E-02	-.0254902	
  .0000905	 2.941176E-02	-.0254902	
  .0000906	 3.333334E-02	-2.156863E-02	
  .0000907	 3.333334E-02	-2.156863E-02	
  .0000908	 2.941176E-02	-2.156863E-02	
  .0000909	 3.333334E-02	-2.156863E-02	
  .000091	 2.941176E-02	-.0254902	
  .0000911	 3.333334E-02	-2.941176E-02	
  .0000912	 2.941176E-02	-.0254902	
  .0000913	 2.941176E-02	-.0254902	
  .0000914	 2.941176E-02	-2.156863E-02	
  .0000915	 2.941176E-02	-.0254902	
  .0000916	 2.941176E-02	-2.941176E-02	
  .0000917	 3.333334E-02	-.0254902	
  .0000918	 .0372549	-2.941176E-02	
  .0000919	 3.333334E-02	-.0254902	
  .000092	 3.333334E-02	-.0254902	
  .0000921	 2.941176E-02	-.0254902	
  .0000922	 3.333334E-02	-.0254902	
  .0000923	 2.941176E-02	-.0254902	
  .0000924	 .0372549	-2.941176E-02	
  .0000925	 3.333334E-02	-.0254902	
  .0000926	 2.941176E-02	-2.156863E-02	
  .0000927	 2.941176E-02	-.0254902	
  .0000928	 3.333334E-02	-2.941176E-02	
  .0000929	 2.941176E-02	-2.941176E-02	
  .000093	 .0372549	-.0254902	
  .0000931	 .0372549	-2.941176E-02	
  .0000932	 2.941176E-02	-.0254902	
  .0000933	 3.333334E-02	-2.941176E-02	
  .0000934	 3.333334E-02	-2.941176E-02	
  .0000935	 2.941176E-02	-.0254902	
  .0000936	 3.333334E-02	-2.941176E-02	
  .0000937	 3.333334E-02	-3.333334E-02	
  .0000938	 .0372549	-2.941176E-02	
  .0000939	 2.941176E-02	-2.941176E-02	
  .000094	 2.941176E-02	-2.941176E-02	
  .0000941	 2.941176E-02	-3.333334E-02	
  .0000942	 3.333334E-02	-2.941176E-02	
  .0000943	 3.333334E-02	-2.941176E-02	
  .0000944	 2.941176E-02	-.0254902	
  .0000945	 .0254902	-2.941176E-02	
  .0000946	 .0254902	-.0254902	
  .0000947	 2.941176E-02	-2.941176E-02	
  .0000948	 2.941176E-02	-2.941176E-02	
  .0000949	 .0254902	-3.333334E-02	
  .000095	 2.941176E-02	-.0254902	
  .0000951	 3.333334E-02	-2.941176E-02	
  .0000952	 2.941176E-02	-.0254902	
  .0000953	 2.941176E-02	-2.941176E-02	
  .0000954	 3.333334E-02	-2.941176E-02	
  .0000955	 2.941176E-02	-2.941176E-02	
  .0000956	 2.941176E-02	-2.941176E-02	
  .0000957	 3.333334E-02	-2.156863E-02	
  .0000958	 2.941176E-02	-2.941176E-02	
  .0000959	 2.941176E-02	-2.941176E-02	
  .000096	 2.941176E-02	-2.941176E-02	
  .0000961	 3.333334E-02	-.0254902	
  .0000962	 .0254902	-3.333334E-02	
  .0000963	 2.941176E-02	-2.941176E-02	
  .0000964	 2.941176E-02	-2.941176E-02	
  .0000965	 2.941176E-02	-2.941176E-02	
  .0000966	 .0254902	-.0254902	
  .0000967	 .0254902	-3.333334E-02	
  .0000968	 2.941176E-02	-2.941176E-02	
  .0000969	 2.941176E-02	-2.941176E-02	
  .000097	 .0254902	-2.941176E-02	
  .0000971	 2.941176E-02	-2.941176E-02	
  .0000972	 2.941176E-02	-.0254902	
  .0000973	 3.333334E-02	-.0254902	
  .0000974	 .0254902	-2.941176E-02	
  .0000975	 2.941176E-02	-2.941176E-02	
  .0000976	 2.941176E-02	-.0254902	
  .0000977	 .0254902	-2.941176E-02	
  .0000978	 2.941176E-02	-2.941176E-02	
  .0000979	 2.941176E-02	-.0254902	
  .000098	 2.941176E-02	-2.941176E-02	
  .0000981	 2.941176E-02	-.0254902	
  .0000982	 .0254902	-2.941176E-02	
  .0000983	 2.941176E-02	-2.941176E-02	
  .0000984	 2.941176E-02	-2.941176E-02	
  .0000985	 2.941176E-02	-2.941176E-02	
  .0000986	 .0254902	-.0254902	
  .0000987	 .0254902	-2.941176E-02	
  .0000988	 .0254902	-.0254902	
  .0000989	 2.941176E-02	-2.941176E-02	
  .000099	 3.333334E-02	-.0254902	
  .0000991	 .0254902	-2.941176E-02	
  .0000992	 .0254902	-2.941176E-02	
  .0000993	 .0254902	-2.941176E-02	
  .0000994	 .0254902	-.0254902	
  .0000995	 2.156863E-02	-2.941176E-02	
  .0000996	 2.941176E-02	-.0254902	
  .0000997	 2.156863E-02	-.0254902	
  .0000998	 .0254902	-2.941176E-02	
  .0000999	 2.941176E-02	-2.941176E-02	
  .0001	 .0254902	-2.941176E-02	
  .0001001	 .0254902	-2.156863E-02	
  .0001002	 2.156863E-02	-2.941176E-02	
  .0001003	 .0254902	-.0254902	
  .0001004	 2.156863E-02	-2.941176E-02	
  .0001005	 .0254902	-.0254902	
  .0001006	 2.941176E-02	-1.764706E-02	
  .0001007	 .0254902	-.0254902	
  .0001008	 1.764706E-02	-.0254902	
  .0001009	 .0254902	-.0254902	
  .000101	 2.156863E-02	-.0254902	
  .0001011	 2.156863E-02	-.0254902	
  .0001012	 1.764706E-02	-.0254902	
  .0001013	 2.156863E-02	-.0254902	
  .0001014	 .0254902	-2.941176E-02	
  .0001015	 .0254902	-2.941176E-02	
  .0001016	 1.764706E-02	-2.156863E-02	
  .0001017	 .0254902	-.0254902	
  .0001018	 2.156863E-02	-2.156863E-02	
  .0001019	 1.764706E-02	-.0254902	
  .000102	 1.372549E-02	-.0254902	
  .0001021	 .0254902	-2.156863E-02	
  .0001022	 1.764706E-02	-2.156863E-02	
  .0001023	 .0254902	-2.156863E-02	
  .0001024	 .0254902	-.0254902	
  .0001025	 2.156863E-02	-2.156863E-02	
  .0001026	 1.764706E-02	-2.156863E-02	
  .0001027	 2.156863E-02	-.0254902	
  .0001028	 2.156863E-02	-2.156863E-02	
  .0001029	 2.156863E-02	-1.764706E-02	
  .000103	 .0254902	-2.156863E-02	
  .0001031	 1.764706E-02	-.0254902	
  .0001032	 2.156863E-02	-2.156863E-02	
  .0001033	 2.156863E-02	-2.156863E-02	
  .0001034	 1.372549E-02	-2.156863E-02	
  .0001035	 1.764706E-02	-2.156863E-02	
  .0001036	 1.764706E-02	-.0254902	
  .0001037	 2.156863E-02	-2.156863E-02	
  .0001038	 1.764706E-02	-.0254902	
  .0001039	 1.764706E-02	-1.764706E-02	
  .000104	 1.372549E-02	-2.156863E-02	
  .0001041	 1.372549E-02	-2.156863E-02	
  .0001042	 1.372549E-02	-2.156863E-02	
  .0001043	 1.372549E-02	-2.156863E-02	
  .0001044	 1.372549E-02	-2.156863E-02	
  .0001045	 9.803922E-03	-1.764706E-02	
  .0001046	 9.803922E-03	-1.764706E-02	
  .0001047	 1.372549E-02	-2.156863E-02	
  .0001048	 9.803922E-03	-2.156863E-02	
  .0001049	 1.764706E-02	-1.372549E-02	
  .000105	 2.156863E-02	-1.372549E-02	
  .0001051	 1.764706E-02	-1.372549E-02	
  .0001052	 1.372549E-02	-2.156863E-02	
  .0001053	 1.372549E-02	-2.156863E-02	
  .0001054	 9.803922E-03	-1.764706E-02	
  .0001055	 1.372549E-02	-2.156863E-02	
  .0001056	 1.372549E-02	-1.372549E-02	
  .0001057	 1.372549E-02	-1.372549E-02	
  .0001058	 9.803922E-03	-2.156863E-02	
  .0001059	 9.803922E-03	-1.764706E-02	
  .000106	 1.372549E-02	-1.372549E-02	
  .0001061	 9.803922E-03	-2.156863E-02	
  .0001062	 1.372549E-02	-1.764706E-02	
  .0001063	 5.882353E-03	-1.764706E-02	
  .0001064	 1.372549E-02	-1.764706E-02	
  .0001065	 9.803922E-03	-1.764706E-02	
  .0001066	 9.803922E-03	-1.764706E-02	
  .0001067	 1.372549E-02	-1.764706E-02	
  .0001068	 9.803922E-03	-1.372549E-02	
  .0001069	 9.803922E-03	-1.372549E-02	
  .000107	 9.803922E-03	-1.372549E-02	
  .0001071	 5.882353E-03	-9.803922E-03	
  .0001072	 1.764706E-02	-1.372549E-02	
  .0001073	 9.803922E-03	-1.764706E-02	
  .0001074	 5.882353E-03	-1.372549E-02	
  .0001075	 5.882353E-03	-1.372549E-02	
  .0001076	 9.803922E-03	-1.372549E-02	
  .0001077	 1.372549E-02	-1.764706E-02	
  .0001078	 5.882353E-03	-1.372549E-02	
  .0001079	 1.372549E-02	-1.372549E-02	
  .000108	 9.803922E-03	-9.803922E-03	
  .0001081	 5.882353E-03	-9.803922E-03	
  .0001082	 5.882353E-03	-1.372549E-02	
  .0001083	 5.882353E-03	-9.803922E-03	
  .0001084	 5.882353E-03	-9.803922E-03	
  .0001085	 5.882353E-03	-1.372549E-02	
  .0001086	 5.882353E-03	-1.372549E-02	
  .0001087	 5.882353E-03	-9.803922E-03	
  .0001088	 9.803922E-03	-9.803922E-03	
  .0001089	 1.764706E-02	-9.803922E-03	
  .000109	 1.960784E-03	-5.882353E-03	
  .0001091	 9.803922E-03	-9.803922E-03	
  .0001092	 9.803922E-03	-9.803922E-03	
  .0001093	 1.960784E-03	-9.803922E-03	
  .0001094	 5.882353E-03	-9.803922E-03	
  .0001095	 5.882353E-03	-5.882353E-03	
  .0001096	 5.882353E-03	-5.882353E-03	
  .0001097	 5.882353E-03	-5.882353E-03	
  .0001098	 1.960784E-03	-9.803922E-03	
  .0001099	 5.882353E-03	-9.803922E-03	
  .00011	 1.960784E-03	-1.960784E-03	
  .0001101	 1.960784E-03	-5.882353E-03	
  .0001102	 1.960784E-03	-5.882353E-03	
  .0001103	 1.960784E-03	-9.803922E-03	
  .0001104	 1.960784E-03	-5.882353E-03	
  .0001105	 9.803922E-03	 1.960784E-03	
  .0001106	-1.960784E-03	-1.960784E-03	
  .0001107	-1.960784E-03	-1.960784E-03	
  .0001108	 1.960784E-03	-5.882353E-03	
  .0001109	 1.960784E-03	-5.882353E-03	
  .000111	-1.960784E-03	-5.882353E-03	
  .0001111	 1.960784E-03	-5.882353E-03	
  .0001112	 1.960784E-03	 1.960784E-03	
  .0001113	 1.960784E-03	-1.960784E-03	
  .0001114	-1.960784E-03	-5.882353E-03	
  .0001115	 1.960784E-03	-1.960784E-03	
  .0001116	 5.882353E-03	-1.960784E-03	
  .0001117	-1.960784E-03	-1.960784E-03	
  .0001118	-1.960784E-03	-5.882353E-03	
  .0001119	-1.960784E-03	-1.960784E-03	
  .000112	 1.960784E-03	-1.960784E-03	
  .0001121	-1.960784E-03	-1.960784E-03	
  .0001122	 1.960784E-03	-1.960784E-03	
  .0001123	-1.960784E-03	-5.882353E-03	
  .0001124	 1.960784E-03	-1.960784E-03	
  .0001125	-1.960784E-03	-1.960784E-03	
  .0001126	-1.960784E-03	-1.960784E-03	
  .0001127	-5.882353E-03	 1.960784E-03	
  .0001128	 1.960784E-03	-1.960784E-03	
  .0001129	 1.960784E-03	 1.960784E-03	
  .000113	 1.960784E-03	 1.960784E-03	
  .0001131	-1.960784E-03	-1.960784E-03	
  .0001132	 1.960784E-03	 1.960784E-03	
  .0001133	-1.960784E-03	 1.960784E-03	
  .0001134	-1.960784E-03	 1.960784E-03	
  .0001135	-1.960784E-03	 1.960784E-03	
  .0001136	 1.960784E-03	 1.960784E-03	
  .0001137	-1.960784E-03	-1.960784E-03	
  .0001138	 1.960784E-03	 1.960784E-03	
  .0001139	-5.882353E-03	 5.882353E-03	
  .000114	-1.960784E-03	 1.960784E-03	
  .0001141	-1.960784E-03	 1.960784E-03	
  .0001142	-5.882353E-03	 1.960784E-03	
  .0001143	-5.882353E-03	-1.960784E-03	
  .0001144	-5.882353E-03	 1.960784E-03	
  .0001145	-5.882353E-03	 1.960784E-03	
  .0001146	-5.882353E-03	 1.960784E-03	
  .0001147	-5.882353E-03	 1.960784E-03	
  .0001148	-5.882353E-03	 5.882353E-03	
  .0001149	-1.960784E-03	 5.882353E-03	
  .000115	-1.960784E-03	 5.882353E-03	
  .0001151	-5.882353E-03	 5.882353E-03	
  .0001152	-5.882353E-03	 1.960784E-03	
  .0001153	-5.882353E-03	 5.882353E-03	
  .0001154	-1.960784E-03	 5.882353E-03	
  .0001155	-1.960784E-03	 1.372549E-02	
  .0001156	-5.882353E-03	 5.882353E-03	
  .0001157	-5.882353E-03	 5.882353E-03	
  .0001158	-5.882353E-03	 1.960784E-03	
  .0001159	-9.803922E-03	 9.803922E-03	
  .000116	-5.882353E-03	 5.882353E-03	
  .0001161	-9.803922E-03	 5.882353E-03	
  .0001162	-5.882353E-03	 5.882353E-03	
  .0001163	-9.803922E-03	 9.803922E-03	
  .0001164	-5.882353E-03	 5.882353E-03	
  .0001165	-5.882353E-03	 1.960784E-03	
  .0001166	-5.882353E-03	 5.882353E-03	
  .0001167	-9.803922E-03	 9.803922E-03	
  .0001168	-9.803922E-03	 5.882353E-03	
  .0001169	-9.803922E-03	 5.882353E-03	
  .000117	-9.803922E-03	 9.803922E-03	
  .0001171	-1.960784E-03	 9.803922E-03	
  .0001172	-9.803922E-03	 1.372549E-02	
  .0001173	-9.803922E-03	 1.372549E-02	
  .0001174	-9.803922E-03	 5.882353E-03	
  .0001175	-5.882353E-03	 9.803922E-03	
  .0001176	-5.882353E-03	 5.882353E-03	
  .0001177	-5.882353E-03	 1.372549E-02	
  .0001178	-9.803922E-03	 9.803922E-03	
  .0001179	-5.882353E-03	 1.372549E-02	
  .000118	-9.803922E-03	 1.372549E-02	
  .0001181	-9.803922E-03	 5.882353E-03	
  .0001182	-9.803922E-03	 5.882353E-03	
  .0001183	-9.803922E-03	 9.803922E-03	
  .0001184	-9.803922E-03	 9.803922E-03	
  .0001185	-1.372549E-02	 9.803922E-03	
  .0001186	-9.803922E-03	 9.803922E-03	
  .0001187	-5.882353E-03	 9.803922E-03	
  .0001188	-1.372549E-02	 1.372549E-02	
  .0001189	-9.803922E-03	 1.372549E-02	
  .000119	-5.882353E-03	 1.372549E-02	
  .0001191	-5.882353E-03	 9.803922E-03	
  .0001192	-9.803922E-03	 1.372549E-02	
  .0001193	-9.803922E-03	 9.803922E-03	
  .0001194	-9.803922E-03	 1.372549E-02	
  .0001195	-1.372549E-02	 9.803922E-03	
  .0001196	-1.372549E-02	 9.803922E-03	
  .0001197	-1.372549E-02	 1.372549E-02	
  .0001198	-9.803922E-03	 1.372549E-02	
  .0001199	-1.372549E-02	 1.764706E-02	
  .00012	-9.803922E-03	 1.372549E-02	
  .0001201	-9.803922E-03	 1.372549E-02	
  .0001202	-1.372549E-02	 9.803922E-03	
  .0001203	-1.372549E-02	 1.372549E-02	
  .0001204	-9.803922E-03	 1.372549E-02	
  .0001205	-1.372549E-02	 1.372549E-02	
  .0001206	-1.372549E-02	 1.764706E-02	
  .0001207	-5.882353E-03	 1.372549E-02	
  .0001208	-1.372549E-02	 1.372549E-02	
  .0001209	-9.803922E-03	 1.372549E-02	
  .000121	-1.372549E-02	 1.372549E-02	
  .0001211	-9.803922E-03	 1.372549E-02	
  .0001212	-1.372549E-02	 9.803922E-03	
  .0001213	-9.803922E-03	 1.372549E-02	
  .0001214	-9.803922E-03	 1.764706E-02	
  .0001215	-9.803922E-03	 1.372549E-02	
  .0001216	-9.803922E-03	 1.764706E-02	
  .0001217	-9.803922E-03	 1.372549E-02	
  .0001218	-1.372549E-02	 1.372549E-02	
  .0001219	-1.960784E-03	 9.803922E-03	
  .000122	-9.803922E-03	 1.764706E-02	
  .0001221	-9.803922E-03	 1.372549E-02	
  .0001222	-1.372549E-02	 1.372549E-02	
  .0001223	-5.882353E-03	 1.764706E-02	
  .0001224	-9.803922E-03	 1.764706E-02	
  .0001225	-9.803922E-03	 1.764706E-02	
  .0001226	-9.803922E-03	 1.372549E-02	
  .0001227	-5.882353E-03	 1.764706E-02	
  .0001228	-5.882353E-03	 1.764706E-02	
  .0001229	-9.803922E-03	 1.764706E-02	
  .000123	-5.882353E-03	 1.372549E-02	
  .0001231	-9.803922E-03	 2.156863E-02	
  .0001232	-9.803922E-03	 1.372549E-02	
  .0001233	-1.372549E-02	 1.372549E-02	
  .0001234	-9.803922E-03	 1.372549E-02	
  .0001235	-9.803922E-03	 1.764706E-02	
  .0001236	-1.372549E-02	 1.372549E-02	
  .0001237	-9.803922E-03	 1.372549E-02	
  .0001238	-1.372549E-02	 1.764706E-02	
  .0001239	-9.803922E-03	 1.764706E-02	
  .000124	-9.803922E-03	 1.764706E-02	
  .0001241	-1.372549E-02	 1.764706E-02	
  .0001242	-9.803922E-03	 1.372549E-02	
  .0001243	-1.372549E-02	 1.372549E-02	
  .0001244	-9.803922E-03	 1.764706E-02	
  .0001245	-1.372549E-02	 1.372549E-02	
  .0001246	-9.803922E-03	 1.764706E-02	
  .0001247	-9.803922E-03	 2.156863E-02	
  .0001248	-5.882353E-03	 1.372549E-02	
  .0001249	-9.803922E-03	 2.156863E-02	
  .000125	-9.803922E-03	 1.764706E-02	
  .0001251	-9.803922E-03	 1.372549E-02	
  .0001252	-1.372549E-02	 2.156863E-02	
  .0001253	-1.372549E-02	 1.372549E-02	
  .0001254	-5.882353E-03	 2.156863E-02	
  .0001255	-9.803922E-03	 2.156863E-02	
  .0001256	-1.372549E-02	 1.764706E-02	
  .0001257	-1.372549E-02	 1.372549E-02	
  .0001258	-5.882353E-03	 1.764706E-02	
  .0001259	-9.803922E-03	 1.372549E-02	
  .000126	-9.803922E-03	 1.764706E-02	
  .0001261	-9.803922E-03	 1.764706E-02	
  .0001262	-5.882353E-03	 1.764706E-02	
  .0001263	-1.372549E-02	 1.764706E-02	
  .0001264	-9.803922E-03	 1.372549E-02	
  .0001265	-5.882353E-03	 1.372549E-02	
  .0001266	-9.803922E-03	 1.764706E-02	
  .0001267	-9.803922E-03	 1.764706E-02	
  .0001268	-9.803922E-03	 1.764706E-02	
  .0001269	-1.372549E-02	 1.764706E-02	
  .000127	 1.960784E-03	 2.156863E-02	
  .0001271	-9.803922E-03	 1.764706E-02	
  .0001272	-5.882353E-03	 1.764706E-02	
  .0001273	-9.803922E-03	 1.764706E-02	
  .0001274	-9.803922E-03	 1.372549E-02	
  .0001275	-5.882353E-03	 1.372549E-02	
  .0001276	-5.882353E-03	 1.764706E-02	
  .0001277	-9.803922E-03	 1.764706E-02	
  .0001278	-9.803922E-03	 2.156863E-02	
  .0001279	-9.803922E-03	 1.372549E-02	
  .000128	-9.803922E-03	 1.764706E-02	
  .0001281	-1.960784E-03	 1.764706E-02	
  .0001282	-5.882353E-03	 1.372549E-02	
  .0001283	-5.882353E-03	 1.764706E-02	
  .0001284	-9.803922E-03	 9.803922E-03	
  .0001285	-5.882353E-03	 1.372549E-02	
  .0001286	-5.882353E-03	 1.764706E-02	
  .0001287	-1.960784E-03	 1.764706E-02	
  .0001288	-9.803922E-03	 1.764706E-02	
  .0001289	-5.882353E-03	 1.764706E-02	
  .000129	-5.882353E-03	 1.372549E-02	
  .0001291	-5.882353E-03	 1.372549E-02	
  .0001292	-5.882353E-03	 9.803922E-03	
  .0001293	-5.882353E-03	 1.372549E-02	
  .0001294	-5.882353E-03	 1.764706E-02	
  .0001295	-5.882353E-03	 1.372549E-02	
  .0001296	-1.960784E-03	 1.764706E-02	
  .0001297	-1.960784E-03	 1.372549E-02	
  .0001298	-5.882353E-03	 2.156863E-02	
  .0001299	-5.882353E-03	 1.764706E-02	
  .00013	-5.882353E-03	 1.372549E-02	
  .0001301	-1.960784E-03	 1.372549E-02	
  .0001302	-5.882353E-03	 2.156863E-02	
  .0001303	-1.960784E-03	 2.156863E-02	
  .0001304	-5.882353E-03	 2.156863E-02	
  .0001305	-5.882353E-03	 1.372549E-02	
  .0001306	-1.960784E-03	 1.372549E-02	
  .0001307	-5.882353E-03	 9.803922E-03	
  .0001308	-1.960784E-03	 9.803922E-03	
  .0001309	-1.960784E-03	 1.372549E-02	
  .000131	-1.960784E-03	 1.764706E-02	
  .0001311	-1.960784E-03	 1.372549E-02	
  .0001312	-1.960784E-03	 1.372549E-02	
  .0001313	-1.960784E-03	 1.764706E-02	
  .0001314	-1.960784E-03	 1.372549E-02	
  .0001315	-1.960784E-03	 1.764706E-02	
  .0001316	-1.960784E-03	 1.764706E-02	
  .0001317	-1.960784E-03	 9.803922E-03	
  .0001318	 1.960784E-03	 1.372549E-02	
  .0001319	 1.960784E-03	 1.764706E-02	
  .000132	-1.960784E-03	 1.372549E-02	
  .0001321	-1.960784E-03	 9.803922E-03	
  .0001322	-1.960784E-03	 1.764706E-02	
  .0001323	-1.960784E-03	 1.372549E-02	
  .0001324	 1.960784E-03	 9.803922E-03	
  .0001325	-1.960784E-03	 1.372549E-02	
  .0001326	 1.960784E-03	 1.764706E-02	
  .0001327	 1.960784E-03	 1.372549E-02	
  .0001328	-1.960784E-03	 9.803922E-03	
  .0001329	 1.960784E-03	 1.764706E-02	
  .000133	 5.882353E-03	 1.372549E-02	
  .0001331	 1.960784E-03	 1.372549E-02	
  .0001332	 1.960784E-03	 9.803922E-03	
  .0001333	 1.960784E-03	 9.803922E-03	
  .0001334	 5.882353E-03	 1.372549E-02	
  .0001335	 1.960784E-03	 5.882353E-03	
  .0001336	 1.960784E-03	 9.803922E-03	
  .0001337	-1.960784E-03	 9.803922E-03	
  .0001338	 1.960784E-03	 9.803922E-03	
  .0001339	 1.960784E-03	 9.803922E-03	
  .000134	-1.960784E-03	 1.372549E-02	
  .0001341	 1.960784E-03	 5.882353E-03	
  .0001342	-1.960784E-03	 1.372549E-02	
  .0001343	-1.960784E-03	 1.372549E-02	
  .0001344	-1.960784E-03	 5.882353E-03	
  .0001345	 1.960784E-03	 9.803922E-03	
  .0001346	 1.960784E-03	 1.764706E-02	
  .0001347	 9.803922E-03	 9.803922E-03	
  .0001348	 1.960784E-03	 1.372549E-02	
  .0001349	 1.960784E-03	 9.803922E-03	
  .000135	 5.882353E-03	 9.803922E-03	
  .0001351	 1.960784E-03	 9.803922E-03	
  .0001352	 9.803922E-03	 9.803922E-03	
  .0001353	 5.882353E-03	 1.372549E-02	
  .0001354	 1.960784E-03	 9.803922E-03	
  .0001355	 1.960784E-03	 5.882353E-03	
  .0001356	 1.960784E-03	 5.882353E-03	
  .0001357	 5.882353E-03	 9.803922E-03	
  .0001358	 5.882353E-03	 5.882353E-03	
  .0001359	 5.882353E-03	 5.882353E-03	
  .000136	 5.882353E-03	 9.803922E-03	
  .0001361	 1.960784E-03	 9.803922E-03	
  .0001362	 1.960784E-03	 9.803922E-03	
  .0001363	 5.882353E-03	 5.882353E-03	
  .0001364	 5.882353E-03	 5.882353E-03	
  .0001365	 5.882353E-03	 5.882353E-03	
  .0001366	 1.960784E-03	 5.882353E-03	
  .0001367	 1.960784E-03	 5.882353E-03	
  .0001368	 1.960784E-03	 9.803922E-03	
  .0001369	 1.372549E-02	 9.803922E-03	
  .000137	 5.882353E-03	 9.803922E-03	
  .0001371	 5.882353E-03	 5.882353E-03	
  .0001372	 5.882353E-03	 1.960784E-03	
  .0001373	 5.882353E-03	 5.882353E-03	
  .0001374	 5.882353E-03	 1.960784E-03	
  .0001375	 9.803922E-03	 5.882353E-03	
  .0001376	 9.803922E-03	 5.882353E-03	
  .0001377	 5.882353E-03	 5.882353E-03	
  .0001378	 5.882353E-03	 1.960784E-03	
  .0001379	 9.803922E-03	 5.882353E-03	
  .000138	 1.372549E-02	-1.960784E-03	
  .0001381	 9.803922E-03	 5.882353E-03	
  .0001382	 9.803922E-03	 5.882353E-03	
  .0001383	 5.882353E-03	 5.882353E-03	
  .0001384	 1.960784E-03	 1.960784E-03	
  .0001385	 9.803922E-03	 1.960784E-03	
  .0001386	 9.803922E-03	 9.803922E-03	
  .0001387	 9.803922E-03	 5.882353E-03	
  .0001388	 1.372549E-02	-1.960784E-03	
  .0001389	 9.803922E-03	 1.960784E-03	
  .000139	 9.803922E-03	 1.960784E-03	
  .0001391	 9.803922E-03	 1.960784E-03	
  .0001392	 1.372549E-02	 5.882353E-03	
  .0001393	 9.803922E-03	 5.882353E-03	
  .0001394	 9.803922E-03	 1.960784E-03	
  .0001395	 9.803922E-03	 1.960784E-03	
  .0001396	 9.803922E-03	 1.960784E-03	
  .0001397	 5.882353E-03	 1.960784E-03	
  .0001398	 9.803922E-03	 1.960784E-03	
  .0001399	 9.803922E-03	 1.960784E-03	
  .00014	 5.882353E-03	 1.960784E-03	
  .0001401	 9.803922E-03	 1.960784E-03	
  .0001402	 1.764706E-02	 9.803922E-03	
  .0001403	 1.372549E-02	-1.960784E-03	
  .0001404	 5.882353E-03	 1.960784E-03	
  .0001405	 9.803922E-03	 1.960784E-03	
  .0001406	 9.803922E-03	-1.960784E-03	
  .0001407	 9.803922E-03	-1.960784E-03	
  .0001408	 5.882353E-03	 1.960784E-03	
  .0001409	 1.372549E-02	 5.882353E-03	
  .000141	 9.803922E-03	-1.960784E-03	
  .0001411	 1.372549E-02	-1.960784E-03	
  .0001412	 1.372549E-02	 5.882353E-03	
  .0001413	 1.764706E-02	-1.960784E-03	
  .0001414	 1.764706E-02	 1.960784E-03	
  .0001415	 1.372549E-02	-1.960784E-03	
  .0001416	 9.803922E-03	 1.960784E-03	
  .0001417	 1.372549E-02	 1.960784E-03	
  .0001418	 1.372549E-02	-1.960784E-03	
  .0001419	 1.764706E-02	-1.960784E-03	
  .000142	 1.372549E-02	-5.882353E-03	
  .0001421	 1.764706E-02	 5.882353E-03	
  .0001422	 1.764706E-02	 1.960784E-03	
  .0001423	 1.372549E-02	-1.960784E-03	
  .0001424	 1.372549E-02	-1.960784E-03	
  .0001425	 1.372549E-02	-1.960784E-03	
  .0001426	 1.764706E-02	-5.882353E-03	
  .0001427	 1.372549E-02	-1.960784E-03	
  .0001428	 1.764706E-02	-1.960784E-03	
  .0001429	 1.764706E-02	-1.960784E-03	
  .000143	 9.803922E-03	-5.882353E-03	
  .0001431	 1.372549E-02	-5.882353E-03	
  .0001432	 1.764706E-02	-5.882353E-03	
  .0001433	 1.764706E-02	 1.960784E-03	
  .0001434	 1.372549E-02	-9.803922E-03	
  .0001435	 1.764706E-02	-1.960784E-03	
  .0001436	 1.372549E-02	-1.960784E-03	
  .0001437	 1.764706E-02	-5.882353E-03	
  .0001438	 1.764706E-02	-1.960784E-03	
  .0001439	 1.764706E-02	-5.882353E-03	
  .000144	 1.372549E-02	-5.882353E-03	
  .0001441	 1.372549E-02	-5.882353E-03	
  .0001442	 1.764706E-02	-1.960784E-03	
  .0001443	 9.803922E-03	-5.882353E-03	
  .0001444	 1.372549E-02	-5.882353E-03	
  .0001445	 1.764706E-02	 5.882353E-03	
  .0001446	 2.156863E-02	-1.372549E-02	
  .0001447	 1.372549E-02	 1.960784E-03	
  .0001448	 1.764706E-02	-5.882353E-03	
  .0001449	 1.372549E-02	-9.803922E-03	
  .000145	 1.764706E-02	-1.960784E-03	
  .0001451	 2.156863E-02	-9.803922E-03	
  .0001452	 1.764706E-02	-1.960784E-03	
  .0001453	 1.764706E-02	-1.960784E-03	
  .0001454	 1.372549E-02	-9.803922E-03	
  .0001455	 1.372549E-02	-9.803922E-03	
  .0001456	 1.764706E-02	-5.882353E-03	
  .0001457	 1.764706E-02	-9.803922E-03	
  .0001458	 1.764706E-02	-5.882353E-03	
  .0001459	 1.372549E-02	-5.882353E-03	
  .000146	 1.764706E-02	-1.960784E-03	
  .0001461	 1.372549E-02	-5.882353E-03	
  .0001462	 1.764706E-02	-5.882353E-03	
  .0001463	 1.372549E-02	-9.803922E-03	
  .0001464	 1.764706E-02	-9.803922E-03	
  .0001465	 1.764706E-02	-9.803922E-03	
  .0001466	 1.764706E-02	-9.803922E-03	
  .0001467	 1.372549E-02	-5.882353E-03	
  .0001468	 2.156863E-02	-5.882353E-03	
  .0001469	 1.764706E-02	-9.803922E-03	
  .000147	 1.372549E-02	-5.882353E-03	
  .0001471	 1.764706E-02	-5.882353E-03	
  .0001472	 1.764706E-02	-9.803922E-03	
  .0001473	 2.156863E-02	-9.803922E-03	
  .0001474	 1.764706E-02	-5.882353E-03	
  .0001475	 1.764706E-02	-5.882353E-03	
  .0001476	 1.764706E-02	-1.960784E-03	
  .0001477	 1.764706E-02	-1.372549E-02	
  .0001478	 1.372549E-02	-9.803922E-03	
  .0001479	 2.156863E-02	-9.803922E-03	
  .000148	 1.764706E-02	-9.803922E-03	
  .0001481	 2.156863E-02	-5.882353E-03	
  .0001482	 1.764706E-02	-9.803922E-03	
  .0001483	 1.372549E-02	-5.882353E-03	
  .0001484	 1.764706E-02	-9.803922E-03	
  .0001485	 2.156863E-02	-5.882353E-03	
  .0001486	 1.372549E-02	-9.803922E-03	
  .0001487	 1.764706E-02	-5.882353E-03	
  .0001488	 1.764706E-02	-1.372549E-02	
  .0001489	 1.764706E-02	-9.803922E-03	
  .000149	 1.372549E-02	-1.372549E-02	
  .0001491	 2.156863E-02	-5.882353E-03	
  .0001492	 1.372549E-02	-9.803922E-03	
  .0001493	 1.372549E-02	-9.803922E-03	
  .0001494	 1.372549E-02	-9.803922E-03	
  .0001495	 1.764706E-02	-1.372549E-02	
  .0001496	 1.764706E-02	-5.882353E-03	
  .0001497	 1.372549E-02	-9.803922E-03	
  .0001498	 1.372549E-02	-9.803922E-03	
  .0001499	 1.764706E-02	-9.803922E-03	
  .00015	 1.764706E-02	-5.882353E-03	
  .0001501	 1.764706E-02	-1.960784E-03	
  .0001502	 1.372549E-02	-5.882353E-03	
  .0001503	 1.764706E-02	-9.803922E-03	
  .0001504	 1.764706E-02	-9.803922E-03	
  .0001505	 1.764706E-02	-1.372549E-02	
  .0001506	 1.764706E-02	-9.803922E-03	
  .0001507	 1.764706E-02	-9.803922E-03	
  .0001508	 1.764706E-02	-5.882353E-03	
  .0001509	 1.764706E-02	-9.803922E-03	
  .000151	 1.372549E-02	-9.803922E-03	
  .0001511	 1.764706E-02	-5.882353E-03	
  .0001512	 2.156863E-02	-9.803922E-03	
  .0001513	 1.764706E-02	-9.803922E-03	
  .0001514	 1.372549E-02	-1.372549E-02	
  .0001515	 1.372549E-02	-1.372549E-02	
  .0001516	 1.764706E-02	-9.803922E-03	
  .0001517	 1.764706E-02	-9.803922E-03	
  .0001518	 2.156863E-02	-1.372549E-02	
  .0001519	 1.764706E-02	-1.764706E-02	
  .000152	 1.764706E-02	-9.803922E-03	
  .0001521	 1.764706E-02	-9.803922E-03	
  .0001522	 1.764706E-02	-9.803922E-03	
  .0001523	 1.764706E-02	-9.803922E-03	
  .0001524	 2.156863E-02	-9.803922E-03	
  .0001525	 2.156863E-02	-9.803922E-03	
  .0001526	 1.764706E-02	-1.372549E-02	
  .0001527	 1.764706E-02	-9.803922E-03	
  .0001528	 1.764706E-02	-5.882353E-03	
  .0001529	 2.156863E-02	-9.803922E-03	
  .000153	 1.372549E-02	-9.803922E-03	
  .0001531	 2.156863E-02	-1.372549E-02	
  .0001532	 2.156863E-02	-9.803922E-03	
  .0001533	 1.372549E-02	-1.764706E-02	
  .0001534	 1.764706E-02	-9.803922E-03	
  .0001535	 1.764706E-02	-5.882353E-03	
  .0001536	 1.764706E-02	-1.372549E-02	
  .0001537	 1.372549E-02	-9.803922E-03	
  .0001538	 1.764706E-02	-9.803922E-03	
  .0001539	 1.372549E-02	-1.372549E-02	
  .000154	 1.372549E-02	-9.803922E-03	
  .0001541	 1.372549E-02	-5.882353E-03	
  .0001542	 1.372549E-02	-1.372549E-02	
  .0001543	 1.372549E-02	-1.372549E-02	
  .0001544	 1.764706E-02	-5.882353E-03	
  .0001545	 2.156863E-02	-9.803922E-03	
  .0001546	 1.764706E-02	-5.882353E-03	
  .0001547	 1.764706E-02	-1.372549E-02	
  .0001548	 2.156863E-02	-1.372549E-02	
  .0001549	 1.372549E-02	-9.803922E-03	
  .000155	 2.156863E-02	-1.372549E-02	
  .0001551	 1.372549E-02	-5.882353E-03	
  .0001552	 1.372549E-02	-9.803922E-03	
  .0001553	 1.372549E-02	-1.372549E-02	
  .0001554	 1.372549E-02	-9.803922E-03	
  .0001555	 1.764706E-02	-9.803922E-03	
  .0001556	 1.764706E-02	-1.372549E-02	
  .0001557	 1.372549E-02	-9.803922E-03	
  .0001558	 1.372549E-02	-9.803922E-03	
  .0001559	 1.372549E-02	-9.803922E-03	
  .000156	 1.372549E-02	-9.803922E-03	
  .0001561	 1.372549E-02	-9.803922E-03	
  .0001562	 1.372549E-02	-1.372549E-02	
  .0001563	 1.372549E-02	-1.372549E-02	
  .0001564	 1.372549E-02	-1.372549E-02	
  .0001565	 1.372549E-02	-9.803922E-03	
  .0001566	 9.803922E-03	-9.803922E-03	
  .0001567	 2.156863E-02	-9.803922E-03	
  .0001568	 1.372549E-02	-9.803922E-03	
  .0001569	 1.372549E-02	-9.803922E-03	
  .000157	 1.372549E-02	-9.803922E-03	
  .0001571	 1.764706E-02	-9.803922E-03	
  .0001572	 1.764706E-02	-1.372549E-02	
  .0001573	 1.372549E-02	-9.803922E-03	
  .0001574	 1.372549E-02	-9.803922E-03	
  .0001575	 1.764706E-02	-5.882353E-03	
  .0001576	 1.372549E-02	-9.803922E-03	
  .0001577	 1.372549E-02	-9.803922E-03	
  .0001578	 9.803922E-03	-1.372549E-02	
  .0001579	 9.803922E-03	-9.803922E-03	
  .000158	 1.372549E-02	-9.803922E-03	
  .0001581	 9.803922E-03	-9.803922E-03	
  .0001582	 9.803922E-03	-1.372549E-02	
  .0001583	 9.803922E-03	-9.803922E-03	
  .0001584	 1.372549E-02	-9.803922E-03	
  .0001585	 9.803922E-03	-9.803922E-03	
  .0001586	 1.372549E-02	-1.372549E-02	
  .0001587	 1.372549E-02	-1.372549E-02	
  .0001588	 9.803922E-03	-9.803922E-03	
  .0001589	 9.803922E-03	-1.372549E-02	
  .000159	 1.372549E-02	-9.803922E-03	
  .0001591	 9.803922E-03	-5.882353E-03	
  .0001592	 1.372549E-02	-9.803922E-03	
  .0001593	 1.372549E-02	-9.803922E-03	
  .0001594	 9.803922E-03	-5.882353E-03	
  .0001595	 9.803922E-03	-5.882353E-03	
  .0001596	 5.882353E-03	-5.882353E-03	
  .0001597	 9.803922E-03	-1.372549E-02	
  .0001598	 5.882353E-03	-1.372549E-02	
  .0001599	 9.803922E-03	-9.803922E-03	
  .00016	 9.803922E-03	-5.882353E-03	
  .0001601	 5.882353E-03	-9.803922E-03	
  .0001602	 5.882353E-03	-5.882353E-03	
  .0001603	 1.372549E-02	-5.882353E-03	
  .0001604	 9.803922E-03	-9.803922E-03	
  .0001605	 5.882353E-03	-9.803922E-03	
  .0001606	 5.882353E-03	-5.882353E-03	
  .0001607	 9.803922E-03	-1.960784E-03	
  .0001608	 9.803922E-03	-9.803922E-03	
  .0001609	 9.803922E-03	-5.882353E-03	
  .000161	 9.803922E-03	-5.882353E-03	
  .0001611	 9.803922E-03	-9.803922E-03	
  .0001612	 9.803922E-03	-5.882353E-03	
  .0001613	 5.882353E-03	-5.882353E-03	
  .0001614	 5.882353E-03	-5.882353E-03	
  .0001615	 9.803922E-03	-5.882353E-03	
  .0001616	 5.882353E-03	-5.882353E-03	
  .0001617	 5.882353E-03	-5.882353E-03	
  .0001618	 9.803922E-03	-9.803922E-03	
  .0001619	 9.803922E-03	-1.960784E-03	
  .000162	 9.803922E-03	-1.960784E-03	
  .0001621	 5.882353E-03	-5.882353E-03	
  .0001622	 5.882353E-03	-5.882353E-03	
  .0001623	 9.803922E-03	-1.960784E-03	
  .0001624	 5.882353E-03	-1.960784E-03	
  .0001625	 5.882353E-03	-5.882353E-03	
  .0001626	 5.882353E-03	-5.882353E-03	
  .0001627	 9.803922E-03	-5.882353E-03	
  .0001628	 5.882353E-03	-5.882353E-03	
  .0001629	 1.960784E-03	-5.882353E-03	
  .000163	 9.803922E-03	-5.882353E-03	
  .0001631	 9.803922E-03	-5.882353E-03	
  .0001632	 1.960784E-03	-9.803922E-03	
  .0001633	 1.960784E-03	-1.960784E-03	
  .0001634	 5.882353E-03	-5.882353E-03	
  .0001635	 5.882353E-03	-5.882353E-03	
  .0001636	 5.882353E-03	-5.882353E-03	
  .0001637	 1.960784E-03	-5.882353E-03	
  .0001638	 5.882353E-03	-5.882353E-03	
  .0001639	 1.960784E-03	-5.882353E-03	
  .000164	 1.960784E-03	-5.882353E-03	
  .0001641	 5.882353E-03	-5.882353E-03	
  .0001642	 5.882353E-03	-5.882353E-03	
  .0001643	 5.882353E-03	 1.960784E-03	
  .0001644	 9.803922E-03	-1.960784E-03	
  .0001645	 1.960784E-03	 1.960784E-03	
  .0001646	 5.882353E-03	-5.882353E-03	
  .0001647	 5.882353E-03	-5.882353E-03	
  .0001648	 1.960784E-03	 1.960784E-03	
  .0001649	 5.882353E-03	-1.960784E-03	
  .000165	 1.960784E-03	 5.882353E-03	
  .0001651	 5.882353E-03	-5.882353E-03	
  .0001652	 5.882353E-03	-5.882353E-03	
  .0001653	 1.960784E-03	-1.960784E-03	
  .0001654	 1.960784E-03	-1.960784E-03	
  .0001655	 1.960784E-03	-5.882353E-03	
  .0001656	 5.882353E-03	-1.960784E-03	
  .0001657	 1.960784E-03	-1.960784E-03	
  .0001658	 5.882353E-03	 1.960784E-03	
  .0001659	 1.960784E-03	-1.960784E-03	
  .000166	 1.960784E-03	-1.960784E-03	
  .0001661	 5.882353E-03	-1.960784E-03	
  .0001662	 1.960784E-03	-1.960784E-03	
  .0001663	 1.960784E-03	-5.882353E-03	
  .0001664	 1.960784E-03	-1.960784E-03	
  .0001665	-1.960784E-03	 1.960784E-03	
  .0001666	 5.882353E-03	-1.960784E-03	
  .0001667	 1.960784E-03	-1.960784E-03	
  .0001668	-1.960784E-03	-1.960784E-03	
  .0001669	 1.960784E-03	-5.882353E-03	
  .000167	 1.960784E-03	-1.960784E-03	
  .0001671	 5.882353E-03	-1.960784E-03	
  .0001672	-1.960784E-03	 1.960784E-03	
  .0001673	 9.803922E-03	-1.960784E-03	
  .0001674	 1.960784E-03	 1.960784E-03	
  .0001675	 1.960784E-03	 1.960784E-03	
  .0001676	-1.960784E-03	-1.960784E-03	
  .0001677	 5.882353E-03	-1.960784E-03	
  .0001678	 1.960784E-03	 1.960784E-03	
  .0001679	 1.960784E-03	 1.960784E-03	
  .000168	-1.960784E-03	-1.960784E-03	
  .0001681	-1.960784E-03	-1.960784E-03	
  .0001682	-1.960784E-03	 1.960784E-03	
  .0001683	 1.960784E-03	 1.960784E-03	
  .0001684	-1.960784E-03	 1.960784E-03	
  .0001685	 1.960784E-03	-1.960784E-03	
  .0001686	 5.882353E-03	 1.960784E-03	
  .0001687	-1.960784E-03	-1.960784E-03	
  .0001688	-5.882353E-03	-1.960784E-03	
  .0001689	 1.960784E-03	-1.960784E-03	
  .000169	 1.960784E-03	 1.960784E-03	
  .0001691	-1.960784E-03	 1.960784E-03	
  .0001692	-1.960784E-03	 1.960784E-03	
  .0001693	-1.960784E-03	-1.960784E-03	
  .0001694	-1.960784E-03	 5.882353E-03	
  .0001695	 1.960784E-03	 5.882353E-03	
  .0001696	 1.960784E-03	 1.960784E-03	
  .0001697	-1.960784E-03	 1.960784E-03	
  .0001698	 1.960784E-03	 5.882353E-03	
  .0001699	 1.960784E-03	 5.882353E-03	
  .00017	-1.960784E-03	 5.882353E-03	
  .0001701	-1.960784E-03	 5.882353E-03	
  .0001702	-1.960784E-03	 5.882353E-03	
  .0001703	-1.960784E-03	 1.960784E-03	
  .0001704	-1.960784E-03	 1.960784E-03	
  .0001705	-1.960784E-03	 1.960784E-03	
  .0001706	-5.882353E-03	 5.882353E-03	
  .0001707	-1.960784E-03	 1.960784E-03	
  .0001708	-1.960784E-03	 5.882353E-03	
  .0001709	 1.960784E-03	 5.882353E-03	
  .000171	 1.960784E-03	 5.882353E-03	
  .0001711	 1.960784E-03	 5.882353E-03	
  .0001712	-1.960784E-03	 5.882353E-03	
  .0001713	-5.882353E-03	 1.960784E-03	
  .0001714	 1.960784E-03	 5.882353E-03	
  .0001715	 1.960784E-03	 5.882353E-03	
  .0001716	 1.960784E-03	 5.882353E-03	
  .0001717	-1.960784E-03	 1.960784E-03	
  .0001718	 1.960784E-03	 5.882353E-03	
  .0001719	-1.960784E-03	 5.882353E-03	
  .000172	 1.960784E-03	 5.882353E-03	
  .0001721	-1.960784E-03	 1.960784E-03	
  .0001722	-1.960784E-03	 9.803922E-03	
  .0001723	-1.960784E-03	 5.882353E-03	
  .0001724	 1.960784E-03	 9.803922E-03	
  .0001725	-1.960784E-03	 1.960784E-03	
  .0001726	-1.960784E-03	 5.882353E-03	
  .0001727	-5.882353E-03	 5.882353E-03	
  .0001728	-5.882353E-03	 1.960784E-03	
  .0001729	 5.882353E-03	 5.882353E-03	
  .000173	-5.882353E-03	 5.882353E-03	
  .0001731	-1.960784E-03	 1.960784E-03	
  .0001732	 1.960784E-03	 5.882353E-03	
  .0001733	-1.960784E-03	 5.882353E-03	
  .0001734	-5.882353E-03	 5.882353E-03	
  .0001735	-1.960784E-03	 1.960784E-03	
  .0001736	-5.882353E-03	 5.882353E-03	
  .0001737	-1.960784E-03	 5.882353E-03	
  .0001738	-5.882353E-03	 9.803922E-03	
  .0001739	-5.882353E-03	 9.803922E-03	
  .000174	-5.882353E-03	 1.960784E-03	
  .0001741	-5.882353E-03	 5.882353E-03	
  .0001742	-5.882353E-03	 9.803922E-03	
  .0001743	 1.960784E-03	 9.803922E-03	
  .0001744	-1.960784E-03	 9.803922E-03	
  .0001745	-1.960784E-03	 5.882353E-03	
  .0001746	-1.960784E-03	 5.882353E-03	
  .0001747	-1.960784E-03	 1.372549E-02	
  .0001748	-1.960784E-03	 9.803922E-03	
  .0001749	-1.960784E-03	 1.764706E-02	
  .000175	-1.960784E-03	 9.803922E-03	
  .0001751	-1.960784E-03	 5.882353E-03	
  .0001752	-5.882353E-03	 5.882353E-03	
  .0001753	-1.960784E-03	 9.803922E-03	
  .0001754	-1.960784E-03	 9.803922E-03	
  .0001755	-1.960784E-03	 9.803922E-03	
  .0001756	-5.882353E-03	 9.803922E-03	
  .0001757	-5.882353E-03	 9.803922E-03	
  .0001758	-1.960784E-03	 9.803922E-03	
  .0001759	-5.882353E-03	 5.882353E-03	
  .000176	-5.882353E-03	 9.803922E-03	
  .0001761	-5.882353E-03	 9.803922E-03	
  .0001762	-5.882353E-03	 5.882353E-03	
  .0001763	-9.803922E-03	 1.372549E-02	
  .0001764	-1.960784E-03	 9.803922E-03	
  .0001765	 1.960784E-03	 9.803922E-03	
  .0001766	-5.882353E-03	 1.372549E-02	
  .0001767	-9.803922E-03	 1.372549E-02	
  .0001768	-5.882353E-03	 5.882353E-03	
  .0001769	-5.882353E-03	 9.803922E-03	
  .000177	-1.960784E-03	 9.803922E-03	
  .0001771	-5.882353E-03	 1.372549E-02	
  .0001772	-1.960784E-03	 1.372549E-02	
  .0001773	-5.882353E-03	 9.803922E-03	
  .0001774	-5.882353E-03	 9.803922E-03	
  .0001775	-1.960784E-03	 1.372549E-02	
  .0001776	-1.960784E-03	 9.803922E-03	
  .0001777	-5.882353E-03	 1.372549E-02	
  .0001778	-5.882353E-03	 9.803922E-03	
  .0001779	-5.882353E-03	 5.882353E-03	
  .000178	-5.882353E-03	 9.803922E-03	
  .0001781	-9.803922E-03	 9.803922E-03	
  .0001782	 1.960784E-03	 1.372549E-02	
  .0001783	-1.960784E-03	 1.372549E-02	
  .0001784	-5.882353E-03	 9.803922E-03	
  .0001785	-1.960784E-03	 9.803922E-03	
  .0001786	-5.882353E-03	 5.882353E-03	
  .0001787	-1.960784E-03	 9.803922E-03	
  .0001788	-1.960784E-03	 1.372549E-02	
  .0001789	-1.960784E-03	 9.803922E-03	
  .000179	-1.960784E-03	 9.803922E-03	
  .0001791	-9.803922E-03	 9.803922E-03	
  .0001792	-1.960784E-03	 9.803922E-03	
  .0001793	-9.803922E-03	 1.372549E-02	
  .0001794	-5.882353E-03	 1.372549E-02	
  .0001795	-1.960784E-03	 9.803922E-03	
  .0001796	-5.882353E-03	 9.803922E-03	
  .0001797	-1.960784E-03	 1.764706E-02	
  .0001798	-5.882353E-03	 1.764706E-02	
  .0001799	-9.803922E-03	 1.372549E-02	
  .00018	-9.803922E-03	 9.803922E-03	
  .0001801	-1.960784E-03	 9.803922E-03	
  .0001802	-1.960784E-03	 9.803922E-03	
  .0001803	-5.882353E-03	 9.803922E-03	
  .0001804	-1.960784E-03	 9.803922E-03	
  .0001805	-5.882353E-03	 1.372549E-02	
  .0001806	-1.960784E-03	 9.803922E-03	
  .0001807	-1.960784E-03	 9.803922E-03	
  .0001808	-1.960784E-03	 9.803922E-03	
  .0001809	 1.960784E-03	 9.803922E-03	
  .000181	-1.960784E-03	 1.764706E-02	
  .0001811	-1.960784E-03	 5.882353E-03	
  .0001812	-5.882353E-03	 9.803922E-03	
  .0001813	-5.882353E-03	 9.803922E-03	
  .0001814	 1.960784E-03	 1.372549E-02	
  .0001815	 1.960784E-03	 9.803922E-03	
  .0001816	-5.882353E-03	 5.882353E-03	
  .0001817	 1.960784E-03	 2.156863E-02	
  .0001818	-1.960784E-03	 1.372549E-02	
  .0001819	-1.960784E-03	 9.803922E-03	
  .000182	-1.960784E-03	 9.803922E-03	
  .0001821	 1.960784E-03	 1.372549E-02	
  .0001822	 1.960784E-03	 1.372549E-02	
  .0001823	 1.960784E-03	 9.803922E-03	
  .0001824	 1.960784E-03	 1.372549E-02	
  .0001825	 1.960784E-03	 9.803922E-03	
  .0001826	-1.960784E-03	 1.372549E-02	
  .0001827	 1.960784E-03	 9.803922E-03	
  .0001828	 4.117647E-02	 5.882353E-03	
  .0001829	 1.372549E-02	 5.882353E-03	
  .000183	 1.764706E-02	 5.882353E-03	
  .0001831	 1.764706E-02	 9.803922E-03	
  .0001832	 1.372549E-02	 9.803922E-03	
  .0001833	 1.764706E-02	 5.882353E-03	
  .0001834	 1.764706E-02	 1.960784E-03	
  .0001835	 1.764706E-02	 5.882353E-03	
  .0001836	 1.372549E-02	 1.960784E-03	
  .0001837	 1.764706E-02	 5.882353E-03	
  .0001838	 1.764706E-02	-1.960784E-03	
  .0001839	 1.372549E-02	-1.960784E-03	
  .000184	 1.764706E-02	-1.960784E-03	
  .0001841	 2.156863E-02	 9.803922E-03	
  .0001842	 .0254902	 5.882353E-03	
  .0001843	 2.156863E-02	 1.960784E-03	
  .0001844	 1.764706E-02	-1.960784E-03	
  .0001845	 2.156863E-02	 1.960784E-03	
  .0001846	 1.764706E-02	 1.960784E-03	
  .0001847	 4.117647E-02	-5.882353E-03	
  .0001848	-5.686275E-02	 5.882353E-03	
  .0001849	 5.882353E-03	 1.960784E-03	
  .000185	 9.803922E-03	-1.960784E-03	
  .0001851	 .0882353	 1.960784E-03	
  .0001852	-1.764706E-02	 1.960784E-03	
  .0001853	 5.882353E-03	-1.960784E-03	
  .0001854	-1.372549E-02	 1.960784E-03	
  .0001855	 5.882353E-03	 1.960784E-03	
  .0001856	 1.372549E-02	 1.960784E-03	
  .0001857	 5.882353E-03	-1.960784E-03	
  .0001858	 5.882353E-03	-1.960784E-03	
  .0001859	 5.882353E-03	-1.960784E-03	
  .000186	 5.882353E-03	 1.960784E-03	
  .0001861	 2.156863E-02	 5.882353E-03	
  .0001862	 .0254902	 1.960784E-03	
  .0001863	-1.372549E-02	 1.960784E-03	
  .0001864	 5.882353E-03	 5.882353E-03	
  .0001865	 5.882353E-03	 1.960784E-03	
  .0001866	 1.960784E-03	-1.960784E-03	
  .0001867	 5.882353E-03	-1.960784E-03	
  .0001868	 5.882353E-03	 1.960784E-03	
  .0001869	 9.803922E-03	 1.960784E-03	
  .000187	 5.882353E-03	 1.960784E-03	
  .0001871	 5.882353E-03	 5.882353E-03	
  .0001872	 9.803922E-03	 5.882353E-03	
  .0001873	 1.960784E-03	 1.960784E-03	
  .0001874	 5.882353E-03	-1.960784E-03	
  .0001875	 5.882353E-03	 1.960784E-03	
  .0001876	 9.803922E-03	 1.960784E-03	
  .0001877	-5.686275E-02	 5.882353E-03	
  .0001878	 .0254902	-1.960784E-03	
  .0001879	 1.960784E-03	 1.960784E-03	
  .000188	 5.882353E-03	 1.960784E-03	
  .0001881	 9.803922E-03	 1.960784E-03	
  .0001882	 1.960784E-03	 1.960784E-03	
  .0001883	 1.960784E-03	 1.960784E-03	
  .0001884	 5.882353E-03	 1.960784E-03	
  .0001885	 1.960784E-03	 1.960784E-03	
  .0001886	 5.882353E-03	 1.960784E-03	
  .0001887	 1.960784E-03	 1.960784E-03	
  .0001888	 1.960784E-03	 1.960784E-03	
  .0001889	 1.960784E-03	 1.960784E-03	
  .000189	 5.882353E-03	-1.960784E-03	
  .0001891	 5.882353E-03	-1.960784E-03	
  .0001892	 1.960784E-03	 5.882353E-03	
  .0001893	 1.960784E-03	 1.960784E-03	
  .0001894	 5.882353E-03	-1.960784E-03	
  .0001895	 5.882353E-03	 1.960784E-03	
  .0001896	 5.882353E-03	 9.803922E-03	
  .0001897	 5.882353E-03	 5.882353E-03	
  .0001898	 5.882353E-03	 1.960784E-03	
  .0001899	 5.882353E-03	 1.960784E-03	
  .00019	 5.882353E-03	 1.960784E-03	
  .0001901	 5.882353E-03	 5.882353E-03	
  .0001902	 1.960784E-03	 5.882353E-03	
  .0001903	 1.960784E-03	 1.960784E-03	
  .0001904	 1.960784E-03	 1.960784E-03	
  .0001905	 5.882353E-03	 1.960784E-03	
  .0001906	 5.882353E-03	 5.882353E-03	
  .0001907	 5.882353E-03	 5.882353E-03	
  .0001908	 5.882353E-03	 1.960784E-03	
  .0001909	 5.882353E-03	 5.882353E-03	
  .000191	 1.960784E-03	-1.960784E-03	
  .0001911	 5.882353E-03	 1.960784E-03	
  .0001912	 9.803922E-03	 5.882353E-03	
  .0001913	 5.882353E-03	 5.882353E-03	
  .0001914	 9.803922E-03	-1.960784E-03	
  .0001915	 5.882353E-03	-1.960784E-03	
  .0001916	 1.960784E-03	 5.882353E-03	
  .0001917	 1.960784E-03	 5.882353E-03	
  .0001918	 9.803922E-03	 1.960784E-03	
  .0001919	 1.960784E-03	 1.960784E-03	
  .000192	 9.803922E-03	 1.960784E-03	
  .0001921	 9.803922E-03	 5.882353E-03	
  .0001922	 5.882353E-03	 1.960784E-03	
  .0001923	 9.803922E-03	 5.882353E-03	
  .0001924	 9.803922E-03	 1.960784E-03	
  .0001925	 9.803922E-03	 1.960784E-03	
  .0001926	 1.960784E-03	 1.960784E-03	
  .0001927	 9.803922E-03	-1.960784E-03	
  .0001928	 5.882353E-03	 5.882353E-03	
  .0001929	 1.960784E-03	-1.960784E-03	
  .000193	 5.882353E-03	 1.960784E-03	
  .0001931	 5.882353E-03	 5.882353E-03	
  .0001932	 5.882353E-03	 1.960784E-03	
  .0001933	 1.960784E-03	 1.960784E-03	
  .0001934	 5.882353E-03	 5.882353E-03	
  .0001935	 1.960784E-03	-1.960784E-03	
  .0001936	 1.960784E-03	 1.960784E-03	
  .0001937	 5.882353E-03	 1.960784E-03	
  .0001938	 1.960784E-03	 1.960784E-03	
  .0001939	 5.882353E-03	 1.960784E-03	
  .000194	 1.960784E-03	 9.803922E-03	
  .0001941	 9.803922E-03	 1.960784E-03	
  .0001942	 5.882353E-03	 5.882353E-03	
  .0001943	 5.882353E-03	 1.960784E-03	
  .0001944	 5.882353E-03	 5.882353E-03	
  .0001945	 9.803922E-03	 5.882353E-03	
  .0001946	 9.803922E-03	 1.960784E-03	
  .0001947	 1.960784E-03	 5.882353E-03	
  .0001948	 5.882353E-03	 5.882353E-03	
  .0001949	 5.882353E-03	 1.960784E-03	
  .000195	 5.882353E-03	 1.960784E-03	
  .0001951	 1.960784E-03	-1.960784E-03	
  .0001952	 5.882353E-03	 1.960784E-03	
  .0001953	 5.882353E-03	 5.882353E-03	
  .0001954	 1.960784E-03	 5.882353E-03	
  .0001955	 9.803922E-03	 5.882353E-03	
  .0001956	 5.882353E-03	 1.960784E-03	
  .0001957	 5.882353E-03	 1.960784E-03	
  .0001958	 9.803922E-03	 1.960784E-03	
  .0001959	 1.960784E-03	 1.960784E-03	
  .000196	 1.960784E-03	-1.960784E-03	
  .0001961	 5.882353E-03	 1.960784E-03	
  .0001962	 1.960784E-03	 1.960784E-03	
  .0001963	 5.882353E-03	 5.882353E-03	
  .0001964	 5.882353E-03	 1.960784E-03	
  .0001965	 5.882353E-03	 1.960784E-03	
  .0001966	 1.960784E-03	-1.960784E-03	
  .0001967	 5.882353E-03	-1.960784E-03	
  .0001968	 9.803922E-03	 1.960784E-03	
  .0001969	 5.882353E-03	 1.960784E-03	
  .000197	 9.803922E-03	 1.960784E-03	
  .0001971	 5.882353E-03	 1.960784E-03	
  .0001972	 1.960784E-03	 1.960784E-03	
  .0001973	 9.803922E-03	 1.960784E-03	
  .0001974	 1.960784E-03	 1.960784E-03	
  .0001975	 5.882353E-03	 1.960784E-03	
  .0001976	 1.960784E-03	-1.960784E-03	
  .0001977	 1.960784E-03	-1.960784E-03	
  .0001978	 1.960784E-03	 1.960784E-03	
  .0001979	 1.960784E-03	 1.960784E-03	
  .000198	 9.803922E-03	 5.882353E-03	
  .0001981	 1.960784E-03	 5.882353E-03	
  .0001982	 5.882353E-03	-1.960784E-03	
  .0001983	 1.960784E-03	-1.960784E-03	
  .0001984	 1.960784E-03	-1.960784E-03	
  .0001985	 5.882353E-03	-1.960784E-03	
  .0001986	 5.882353E-03	 1.960784E-03	
  .0001987	 5.882353E-03	 1.960784E-03	
  .0001988	 1.960784E-03	 1.960784E-03	
  .0001989	 1.960784E-03	 1.960784E-03	
  .000199	 1.960784E-03	 1.960784E-03	
  .0001991	-1.960784E-03	 5.882353E-03	
  .0001992	 5.882353E-03	 5.882353E-03	
  .0001993	 1.960784E-03	 1.960784E-03	
  .0001994	 1.960784E-03	-1.960784E-03	
  .0001995	 1.960784E-03	 5.882353E-03	
  .0001996	 1.960784E-03	 1.960784E-03	
  .0001997	 1.960784E-03	 5.882353E-03	
  .0001998	 5.882353E-03	 1.960784E-03	
  .0001999	 1.960784E-03	 1.960784E-03	
  .0002	 5.882353E-03	 5.882353E-03	
  .0002001	 1.960784E-03	 1.960784E-03	
  .0002002	 5.882353E-03	-1.960784E-03	
  .0002003	 1.960784E-03	 5.882353E-03	
  .0002004	 1.960784E-03	-1.960784E-03	
  .0002005	 5.882353E-03	 1.960784E-03	
  .0002006	 5.882353E-03	 5.882353E-03	
  .0002007	 9.803922E-03	 1.960784E-03	
  .0002008	 1.960784E-03	 1.960784E-03	
  .0002009	 1.960784E-03	 1.960784E-03	
  .000201	 1.960784E-03	 1.960784E-03	
  .0002011	 5.882353E-03	 1.960784E-03	
  .0002012	 5.882353E-03	 9.803922E-03	
  .0002013	 9.803922E-03	 1.960784E-03	
  .0002014	 5.882353E-03	 1.960784E-03	
  .0002015	 1.960784E-03	 5.882353E-03	
  .0002016	 5.882353E-03	 5.882353E-03	
  .0002017	 5.882353E-03	-1.960784E-03	
  .0002018	 1.960784E-03	 1.960784E-03	
  .0002019	 9.803922E-03	 1.960784E-03	
  .000202	 5.882353E-03	 5.882353E-03	
  .0002021	 1.960784E-03	 1.960784E-03	
  .0002022	 5.882353E-03	 5.882353E-03	
  .0002023	 5.882353E-03	 1.960784E-03	
  .0002024	 1.960784E-03	 1.960784E-03	
  .0002025	 1.960784E-03	 1.960784E-03	
  .0002026	 9.803922E-03	-1.960784E-03	
  .0002027	 9.803922E-03	-1.960784E-03	
  .0002028	-1.960784E-03	-1.960784E-03	
  .0002029	 1.960784E-03	 1.960784E-03	
  .000203	 1.960784E-03	 1.960784E-03	
  .0002031	 9.803922E-03	 5.882353E-03	
  .0002032	 1.960784E-03	 1.960784E-03	
  .0002033	 5.882353E-03	 1.960784E-03	
  .0002034	 1.960784E-03	-1.960784E-03	
  .0002035	-1.960784E-03	 1.960784E-03	
  .0002036	 1.960784E-03	 1.960784E-03	
  .0002037	 1.960784E-03	 1.960784E-03	
  .0002038	 1.960784E-03	-1.960784E-03	
  .0002039	 1.960784E-03	 5.882353E-03	
  .000204	 5.882353E-03	 1.960784E-03	
  .0002041	 5.882353E-03	 5.882353E-03	
  .0002042	 5.882353E-03	 1.960784E-03	
  .0002043	 9.803922E-03	 1.960784E-03	
  .0002044	 1.960784E-03	 5.882353E-03	
  .0002045	 5.882353E-03	 1.960784E-03	
  .0002046	 1.960784E-03	 5.882353E-03	
  .0002047	 1.960784E-03	 5.882353E-03	
  .0002048	 1.960784E-03	 1.960784E-03	
  .0002049	 1.960784E-03	 1.960784E-03	
  .000205	 5.882353E-03	 1.960784E-03	
  .0002051	 1.960784E-03	 1.960784E-03	
  .0002052	 1.960784E-03	 5.882353E-03	
  .0002053	 5.882353E-03	 5.882353E-03	
  .0002054	 1.960784E-03	 5.882353E-03	
  .0002055	 1.960784E-03	 1.960784E-03	
  .0002056	 1.960784E-03	 1.960784E-03	
  .0002057	 1.960784E-03	-1.960784E-03	
  .0002058	 1.960784E-03	 1.960784E-03	
  .0002059	 1.960784E-03	 1.960784E-03	
  .000206	-1.960784E-03	 5.882353E-03	
  .0002061	 1.960784E-03	 1.960784E-03	
  .0002062	 5.882353E-03	 5.882353E-03	
  .0002063	 1.960784E-03	 5.882353E-03	
  .0002064	 1.960784E-03	 5.882353E-03	
  .0002065	 1.960784E-03	 1.960784E-03	
  .0002066	-1.960784E-03	 1.960784E-03	
  .0002067	 5.882353E-03	 1.960784E-03	
  .0002068	 1.960784E-03	 5.882353E-03	
  .0002069	 1.960784E-03	 1.960784E-03	
  .000207	 5.882353E-03	 9.803922E-03	
  .0002071	 1.960784E-03	 1.960784E-03	
  .0002072	 1.960784E-03	 1.960784E-03	
  .0002073	 1.960784E-03	 1.960784E-03	
  .0002074	 5.882353E-03	 5.882353E-03	
  .0002075	 1.960784E-03	 5.882353E-03	
  .0002076	-1.960784E-03	 1.960784E-03	
  .0002077	 5.882353E-03	 1.960784E-03	
  .0002078	 1.960784E-03	 5.882353E-03	
  .0002079	 1.960784E-03	 1.960784E-03	
  .000208	-1.960784E-03	 1.960784E-03	
  .0002081	 1.960784E-03	 1.960784E-03	
  .0002082	 1.960784E-03	 1.960784E-03	
  .0002083	 1.960784E-03	 5.882353E-03	
  .0002084	 1.960784E-03	 1.960784E-03	
  .0002085	 1.960784E-03	 5.882353E-03	
  .0002086	 1.960784E-03	 1.960784E-03	
  .0002087	 5.882353E-03	 5.882353E-03	
  .0002088	 1.960784E-03	 5.882353E-03	
  .0002089	 1.960784E-03	 1.960784E-03	
  .000209	-1.960784E-03	 9.803922E-03	
  .0002091	 1.960784E-03	 5.882353E-03	
  .0002092	 5.882353E-03	 1.960784E-03	
  .0002093	 1.960784E-03	 1.960784E-03	
  .0002094	 5.882353E-03	 5.882353E-03	
  .0002095	 5.882353E-03	 5.882353E-03	
  .0002096	 1.960784E-03	 5.882353E-03	
  .0002097	 5.882353E-03	 5.882353E-03	
  .0002098	 1.960784E-03	 5.882353E-03	
  .0002099	-1.960784E-03	 5.882353E-03	
  .00021	 1.960784E-03	 1.960784E-03	
  .0002101	-1.960784E-03	 5.882353E-03	
  .0002102	 1.960784E-03	 9.803922E-03	
  .0002103	 1.960784E-03	 5.882353E-03	
  .0002104	 1.960784E-03	 5.882353E-03	
  .0002105	 1.960784E-03	 5.882353E-03	
  .0002106	-1.960784E-03	 5.882353E-03	
  .0002107	 1.960784E-03	 5.882353E-03	
  .0002108	 5.882353E-03	 1.960784E-03	
  .0002109	-1.960784E-03	 5.882353E-03	
  .000211	 1.960784E-03	 5.882353E-03	
  .0002111	 1.960784E-03	 9.803922E-03	
  .0002112	 5.882353E-03	 1.960784E-03	
  .0002113	 1.960784E-03	-1.960784E-03	
  .0002114	-1.960784E-03	 9.803922E-03	
  .0002115	 1.960784E-03	 5.882353E-03	
  .0002116	 1.960784E-03	 1.960784E-03	
  .0002117	 1.960784E-03	 5.882353E-03	
  .0002118	 5.882353E-03	 1.960784E-03	
  .0002119	 1.960784E-03	 5.882353E-03	
  .000212	 1.960784E-03	 5.882353E-03	
  .0002121	-1.960784E-03	 9.803922E-03	
  .0002122	 1.960784E-03	 5.882353E-03	
  .0002123	 1.960784E-03	 1.960784E-03	
  .0002124	 5.882353E-03	 5.882353E-03	
  .0002125	 5.882353E-03	 5.882353E-03	
  .0002126	 5.882353E-03	 5.882353E-03	
  .0002127	 1.960784E-03	-1.960784E-03	
  .0002128	-1.960784E-03	 1.960784E-03	
  .0002129	 5.882353E-03	 5.882353E-03	
  .000213	 1.960784E-03	 5.882353E-03	
  .0002131	 1.960784E-03	 5.882353E-03	
  .0002132	 1.960784E-03	 5.882353E-03	
  .0002133	 1.960784E-03	 1.960784E-03	
  .0002134	-1.960784E-03	 5.882353E-03	
  .0002135	 1.960784E-03	 5.882353E-03	
  .0002136	-1.960784E-03	 1.960784E-03	
  .0002137	-1.960784E-03	 5.882353E-03	
  .0002138	 1.960784E-03	 5.882353E-03	
  .0002139	 9.803922E-03	 5.882353E-03	
  .000214	-1.960784E-03	 5.882353E-03	
  .0002141	-1.960784E-03	 5.882353E-03	
  .0002142	 1.960784E-03	 1.960784E-03	
  .0002143	 1.960784E-03	 5.882353E-03	
  .0002144	 1.960784E-03	 1.960784E-03	
  .0002145	 1.960784E-03	 9.803922E-03	
  .0002146	 1.960784E-03	 5.882353E-03	
  .0002147	 1.960784E-03	 1.960784E-03	
  .0002148	 1.960784E-03	 1.960784E-03	
  .0002149	 1.960784E-03	 1.960784E-03	
  .000215	 1.960784E-03	-1.960784E-03	
  .0002151	 1.960784E-03	 1.960784E-03	
  .0002152	 1.960784E-03	 1.960784E-03	
  .0002153	 1.960784E-03	 5.882353E-03	
  .0002154	-1.960784E-03	 5.882353E-03	
  .0002155	 1.960784E-03	 5.882353E-03	
  .0002156	 5.882353E-03	 1.960784E-03	
  .0002157	 5.882353E-03	 1.960784E-03	
  .0002158	 1.960784E-03	 5.882353E-03	
  .0002159	 5.882353E-03	 5.882353E-03	
  .000216	 1.960784E-03	 5.882353E-03	
  .0002161	 5.882353E-03	 5.882353E-03	
  .0002162	 1.960784E-03	 5.882353E-03	
  .0002163	 1.960784E-03	 5.882353E-03	
  .0002164	 1.960784E-03	 1.960784E-03	
  .0002165	 1.960784E-03	 5.882353E-03	
  .0002166	 5.882353E-03	-1.960784E-03	
  .0002167	 1.960784E-03	 5.882353E-03	
  .0002168	 5.882353E-03	 1.960784E-03	
  .0002169	 1.960784E-03	 5.882353E-03	
  .000217	 1.960784E-03	 1.960784E-03	
  .0002171	-1.960784E-03	 5.882353E-03	
  .0002172	 1.960784E-03	 1.960784E-03	
  .0002173	 5.882353E-03	 5.882353E-03	
  .0002174	 1.960784E-03	 5.882353E-03	
  .0002175	-1.960784E-03	 5.882353E-03	
  .0002176	 5.882353E-03	 5.882353E-03	
  .0002177	-1.960784E-03	 5.882353E-03	
  .0002178	 1.960784E-03	 9.803922E-03	
  .0002179	 5.882353E-03	 5.882353E-03	
  .000218	 1.960784E-03	 5.882353E-03	
  .0002181	 5.882353E-03	 1.960784E-03	
  .0002182	 1.960784E-03	 5.882353E-03	
  .0002183	-1.960784E-03	 1.960784E-03	
  .0002184	 9.803922E-03	 5.882353E-03	
  .0002185	 5.882353E-03	 9.803922E-03	
  .0002186	 1.960784E-03	 5.882353E-03	
  .0002187	 1.960784E-03	 5.882353E-03	
  .0002188	 1.960784E-03	 1.960784E-03	
  .0002189	 5.882353E-03	 9.803922E-03	
  .000219	 5.882353E-03	 5.882353E-03	
  .0002191	 1.960784E-03	 1.960784E-03	
  .0002192	 5.882353E-03	 5.882353E-03	
  .0002193	 5.882353E-03	 9.803922E-03	
  .0002194	 1.960784E-03	 9.803922E-03	
  .0002195	 1.960784E-03	 5.882353E-03	
  .0002196	 1.960784E-03	 1.960784E-03	
  .0002197	 5.882353E-03	 1.960784E-03	
  .0002198	 1.960784E-03	 1.960784E-03	
  .0002199	 1.960784E-03	-1.960784E-03	
  .00022	 1.960784E-03	 1.960784E-03	
  .0002201	 1.960784E-03	 5.882353E-03	
  .0002202	 1.960784E-03	 5.882353E-03	
  .0002203	 5.882353E-03	 5.882353E-03	
  .0002204	 5.882353E-03	 9.803922E-03	
  .0002205	 5.882353E-03	 5.882353E-03	
  .0002206	 5.882353E-03	 5.882353E-03	
  .0002207	 5.882353E-03	 5.882353E-03	
  .0002208	 5.882353E-03	 1.960784E-03	
  .0002209	 5.882353E-03	 5.882353E-03	
  .000221	 5.882353E-03	 9.803922E-03	
  .0002211	 9.803922E-03	 5.882353E-03	
  .0002212	 5.882353E-03	 1.960784E-03	
  .0002213	 9.803922E-03	 5.882353E-03	
  .0002214	 5.882353E-03	 5.882353E-03	
  .0002215	 9.803922E-03	-1.960784E-03	
  .0002216	 1.960784E-03	 5.882353E-03	
  .0002217	 9.803922E-03	 1.960784E-03	
  .0002218	 9.803922E-03	 5.882353E-03	
  .0002219	 1.960784E-03	 5.882353E-03	
  .000222	 5.882353E-03	 5.882353E-03	
  .0002221	 5.882353E-03	 5.882353E-03	
  .0002222	 5.882353E-03	 1.960784E-03	
  .0002223	 5.882353E-03	 5.882353E-03	
  .0002224	 9.803922E-03	-1.960784E-03	
  .0002225	 5.882353E-03	 5.882353E-03	
  .0002226	 5.882353E-03	 1.960784E-03	
  .0002227	 1.960784E-03	 1.960784E-03	
  .0002228	 1.960784E-03	 1.960784E-03	
  .0002229	 9.803922E-03	 1.960784E-03	
  .000223	 1.960784E-03	 1.960784E-03	
  .0002231	 5.882353E-03	 5.882353E-03	
  .0002232	 1.960784E-03	 1.960784E-03	
  .0002233	 1.960784E-03	 5.882353E-03	
  .0002234	 5.882353E-03	 5.882353E-03	
  .0002235	 5.882353E-03	 1.960784E-03	
  .0002236	 1.960784E-03	 1.960784E-03	
  .0002237	 5.882353E-03	 5.882353E-03	
  .0002238	 9.803922E-03	 5.882353E-03	
  .0002239	 5.882353E-03	 5.882353E-03	
  .000224	 5.882353E-03	 1.960784E-03	
  .0002241	 5.882353E-03	-1.960784E-03	
  .0002242	 1.960784E-03	 5.882353E-03	
  .0002243	 5.882353E-03	 1.960784E-03	
  .0002244	 5.882353E-03	 9.803922E-03	
  .0002245	 1.960784E-03	 5.882353E-03	
  .0002246	 5.882353E-03	 1.960784E-03	
  .0002247	 9.803922E-03	 1.960784E-03	
  .0002248	 5.882353E-03	 1.960784E-03	
  .0002249	 5.882353E-03	 5.882353E-03	
  .000225	 5.882353E-03	 1.960784E-03	
