 -.0000249	 5.882353E-03	 1.960784E-03	
 -.0000248	-1.960784E-03	 1.960784E-03	
 -.0000247	 1.960784E-03	 1.960784E-03	
 -.0000246	 5.882353E-03	 1.960784E-03	
 -.0000245	 5.882353E-03	-1.960784E-03	
 -.0000244	 1.960784E-03	 5.882353E-03	
 -.0000243	 9.803922E-03	 1.960784E-03	
 -.0000242	 1.960784E-03	 5.882353E-03	
 -.0000241	 1.960784E-03	 1.960784E-03	
 -.000024	 5.882353E-03	 1.960784E-03	
 -.0000239	 1.960784E-03	-1.960784E-03	
 -.0000238	 5.882353E-03	 1.960784E-03	
 -.0000237	 1.960784E-03	 5.882353E-03	
 -.0000236	 9.803922E-03	 1.960784E-03	
 -.0000235	 5.882353E-03	 5.882353E-03	
 -.0000234	 5.882353E-03	 5.882353E-03	
 -.0000233	 1.960784E-03	-1.960784E-03	
 -.0000232	 5.882353E-03	-1.960784E-03	
 -.0000231	 5.882353E-03	 1.960784E-03	
 -.000023	 1.960784E-03	 5.882353E-03	
 -.0000229	 5.882353E-03	-5.882353E-03	
 -.0000228	 1.960784E-03	 5.882353E-03	
 -.0000227	 1.960784E-03	 1.960784E-03	
 -.0000226	 5.882353E-03	 5.882353E-03	
 -.0000225	 1.960784E-03	 1.960784E-03	
 -.0000224	 5.882353E-03	 1.960784E-03	
 -.0000223	 5.882353E-03	 1.960784E-03	
 -.0000222	 1.960784E-03	 5.882353E-03	
 -.0000221	-1.960784E-03	 1.960784E-03	
 -.000022	 9.803922E-03	 1.960784E-03	
 -.0000219	 1.960784E-03	 5.882353E-03	
 -.0000218	-1.960784E-03	 1.960784E-03	
 -.0000217	 1.960784E-03	-1.960784E-03	
 -.0000216	 1.960784E-03	 1.960784E-03	
 -.0000215	 1.960784E-03	 5.882353E-03	
 -.0000214	 1.960784E-03	 1.960784E-03	
 -.0000213	 1.960784E-03	 1.960784E-03	
 -.0000212	 5.882353E-03	 5.882353E-03	
 -.0000211	 5.882353E-03	 1.960784E-03	
 -.000021	 5.882353E-03	 5.882353E-03	
 -.0000209	 1.960784E-03	 5.882353E-03	
 -.0000208	 1.960784E-03	 1.960784E-03	
 -.0000207	 1.960784E-03	-1.960784E-03	
 -.0000206	 1.960784E-03	 1.960784E-03	
 -.0000205	 5.882353E-03	 1.960784E-03	
 -.0000204	 1.960784E-03	 1.960784E-03	
 -.0000203	 1.960784E-03	 1.960784E-03	
 -.0000202	 1.960784E-03	 1.960784E-03	
 -.0000201	 1.960784E-03	 1.960784E-03	
 -.00002	 5.882353E-03	 5.882353E-03	
 -.0000199	 5.882353E-03	 1.960784E-03	
 -.0000198	 5.882353E-03	 1.960784E-03	
 -.0000197	 5.882353E-03	 1.960784E-03	
 -.0000196	 5.882353E-03	 1.960784E-03	
 -.0000195	 5.882353E-03	 5.882353E-03	
 -.0000194	 1.960784E-03	 5.882353E-03	
 -.0000193	 5.882353E-03	 1.960784E-03	
 -.0000192	 1.960784E-03	-1.960784E-03	
 -.0000191	 9.803922E-03	 5.882353E-03	
 -.000019	 1.960784E-03	 1.960784E-03	
 -.0000189	 5.882353E-03	 1.960784E-03	
 -.0000188	 1.960784E-03	 5.882353E-03	
 -.0000187	 5.882353E-03	 5.882353E-03	
 -.0000186	 9.803922E-03	 5.882353E-03	
 -.0000185	 1.960784E-03	 1.960784E-03	
 -.0000184	 1.960784E-03	 5.882353E-03	
 -.0000183	 5.882353E-03	 1.960784E-03	
 -.0000182	 1.960784E-03	-1.960784E-03	
 -.0000181	 5.882353E-03	 1.960784E-03	
 -.000018	 5.882353E-03	-1.960784E-03	
 -.0000179	 5.882353E-03	 1.960784E-03	
 -.0000178	 5.882353E-03	-1.960784E-03	
 -.0000177	 1.960784E-03	 1.960784E-03	
 -.0000176	 5.882353E-03	 5.882353E-03	
 -.0000175	 5.882353E-03	 1.960784E-03	
 -.0000174	 1.960784E-03	 1.960784E-03	
 -.0000173	 1.960784E-03	 1.960784E-03	
 -.0000172	 1.960784E-03	-1.960784E-03	
 -.0000171	-1.960784E-03	 5.882353E-03	
 -.000017	 5.882353E-03	 1.960784E-03	
 -.0000169	 5.882353E-03	-1.960784E-03	
 -.0000168	 1.960784E-03	 1.960784E-03	
 -.0000167	 1.960784E-03	 5.882353E-03	
 -.0000166	 9.803922E-03	 1.960784E-03	
 -.0000165	 5.882353E-03	 5.882353E-03	
 -.0000164	 1.960784E-03	-1.960784E-03	
 -.0000163	 9.803922E-03	 1.960784E-03	
 -.0000162	 5.882353E-03	 1.960784E-03	
 -.0000161	 5.882353E-03	 5.882353E-03	
 -.000016	 5.882353E-03	 5.882353E-03	
 -.0000159	 5.882353E-03	 1.960784E-03	
 -.0000158	 1.960784E-03	-1.960784E-03	
 -.0000157	-1.960784E-03	 1.960784E-03	
 -.0000156	 5.882353E-03	 1.960784E-03	
 -.0000155	 1.960784E-03	-1.960784E-03	
 -.0000154	 5.882353E-03	 1.960784E-03	
 -.0000153	 1.960784E-03	-1.960784E-03	
 -.0000152	 1.960784E-03	 5.882353E-03	
 -.0000151	 1.960784E-03	 1.960784E-03	
 -.000015	 5.882353E-03	 1.960784E-03	
 -.0000149	 5.882353E-03	-1.960784E-03	
 -.0000148	 5.882353E-03	 1.960784E-03	
 -.0000147	 1.960784E-03	 1.960784E-03	
 -.0000146	 1.960784E-03	 1.960784E-03	
 -.0000145	 1.960784E-03	 5.882353E-03	
 -.0000144	 9.803922E-03	 1.960784E-03	
 -.0000143	 1.960784E-03	-1.960784E-03	
 -.0000142	 1.960784E-03	 1.960784E-03	
 -.0000141	 1.960784E-03	 1.960784E-03	
 -.000014	 1.960784E-03	 1.960784E-03	
 -.0000139	 5.882353E-03	-1.960784E-03	
 -.0000138	 5.882353E-03	 1.960784E-03	
 -.0000137	 5.882353E-03	 9.803922E-03	
 -.0000136	 5.882353E-03	 5.882353E-03	
 -.0000135	 1.960784E-03	 1.960784E-03	
 -.0000134	-1.960784E-03	 1.960784E-03	
 -.0000133	 5.882353E-03	 1.960784E-03	
 -.0000132	 5.882353E-03	 5.882353E-03	
 -.0000131	-1.960784E-03	 1.960784E-03	
 -.000013	 1.960784E-03	 1.960784E-03	
 -.0000129	 1.960784E-03	 5.882353E-03	
 -.0000128	 1.960784E-03	 1.960784E-03	
 -.0000127	 9.803922E-03	 5.882353E-03	
 -.0000126	 1.960784E-03	 1.960784E-03	
 -.0000125	 1.960784E-03	 1.960784E-03	
 -.0000124	 5.882353E-03	 1.960784E-03	
 -.0000123	 1.960784E-03	 1.960784E-03	
 -.0000122	 5.882353E-03	 1.960784E-03	
 -.0000121	 1.960784E-03	 5.882353E-03	
 -.000012	-1.960784E-03	 5.882353E-03	
 -.0000119	 5.882353E-03	 1.960784E-03	
 -.0000118	 1.960784E-03	 1.960784E-03	
 -.0000117	 1.960784E-03	 1.960784E-03	
 -.0000116	 1.960784E-03	 5.882353E-03	
 -.0000115	 1.960784E-03	 1.960784E-03	
 -.0000114	 5.882353E-03	 5.882353E-03	
 -.0000113	 1.960784E-03	 5.882353E-03	
 -.0000112	 1.960784E-03	 5.882353E-03	
 -.0000111	 5.882353E-03	 5.882353E-03	
 -.000011	 5.882353E-03	 1.960784E-03	
 -.0000109	 1.960784E-03	 1.960784E-03	
 -.0000108	 5.882353E-03	 1.960784E-03	
 -.0000107	 1.960784E-03	 1.960784E-03	
 -.0000106	 5.882353E-03	 1.960784E-03	
 -.0000105	 1.960784E-03	 1.960784E-03	
 -.0000104	 5.882353E-03	 5.882353E-03	
 -.0000103	 5.882353E-03	 1.960784E-03	
 -.0000102	 1.960784E-03	-1.960784E-03	
 -.0000101	 5.882353E-03	 9.803922E-03	
 -.00001	 5.882353E-03	 1.960784E-03	
 -.0000099	 1.960784E-03	 5.882353E-03	
 -.0000098	 1.960784E-03	 1.960784E-03	
 -.0000097	 1.960784E-03	 1.960784E-03	
 -.0000096	 9.803922E-03	 5.882353E-03	
 -.0000095	 1.960784E-03	 5.882353E-03	
 -.0000094	 9.803922E-03	 5.882353E-03	
 -.0000093	 5.882353E-03	 1.960784E-03	
 -.0000092	 5.882353E-03	 5.882353E-03	
 -.0000091	 5.882353E-03	 5.882353E-03	
 -.000009	 5.882353E-03	 1.960784E-03	
 -.0000089	 5.882353E-03	 1.960784E-03	
 -.0000088	 5.882353E-03	 5.882353E-03	
 -.0000087	 5.882353E-03	 1.960784E-03	
 -.0000086	 5.882353E-03	 5.882353E-03	
 -.0000085	 9.803922E-03	 1.960784E-03	
 -.0000084	 1.960784E-03	 1.960784E-03	
 -.0000083	 5.882353E-03	 5.882353E-03	
 -.0000082	 1.960784E-03	 1.960784E-03	
 -.0000081	 5.882353E-03	 1.960784E-03	
 -.000008	 9.803922E-03	 1.960784E-03	
 -.0000079	 1.960784E-03	 1.960784E-03	
 -.0000078	 1.960784E-03	 1.960784E-03	
 -.0000077	 1.960784E-03	 1.960784E-03	
 -.0000076	 5.882353E-03	 1.960784E-03	
 -.0000075	 1.960784E-03	 1.960784E-03	
 -.0000074	-1.960784E-03	 5.882353E-03	
 -.0000073	 1.960784E-03	-1.960784E-03	
 -.0000072	 1.960784E-03	 5.882353E-03	
 -.0000071	 5.882353E-03	 5.882353E-03	
 -.000007	 1.960784E-03	 1.960784E-03	
 -.0000069	 1.960784E-03	 1.960784E-03	
 -.0000068	 5.882353E-03	 9.803922E-03	
 -.0000067	 9.803922E-03	 1.960784E-03	
 -.0000066	 1.960784E-03	 5.882353E-03	
 -.0000065	 1.960784E-03	-1.960784E-03	
 -.0000064	 5.882353E-03	 1.960784E-03	
 -.0000063	 5.882353E-03	 5.882353E-03	
 -.0000062	 9.803922E-03	 1.960784E-03	
 -.0000061	 5.882353E-03	 9.803922E-03	
 -.000006	 5.882353E-03	 9.803922E-03	
 -.0000059	 1.960784E-03	 1.960784E-03	
 -.0000058	 5.882353E-03	 1.960784E-03	
 -.0000057	 1.960784E-03	 1.960784E-03	
 -.0000056	 1.960784E-03	 1.960784E-03	
 -.0000055	 1.960784E-03	 1.960784E-03	
 -.0000054	 1.960784E-03	 9.803922E-03	
 -.0000053	 5.882353E-03	 5.882353E-03	
 -.0000052	-1.960784E-03	-1.960784E-03	
 -.0000051	 1.960784E-03	-1.960784E-03	
 -.000005	 5.882353E-03	 1.960784E-03	
 -.0000049	 1.960784E-03	 1.960784E-03	
 -.0000048	 1.960784E-03	-1.960784E-03	
 -.0000047	 1.960784E-03	 1.960784E-03	
 -.0000046	 5.882353E-03	 1.960784E-03	
 -.0000045	 1.372549E-02	 1.960784E-03	
 -.0000044	 1.960784E-03	 1.960784E-03	
 -.0000043	-1.960784E-03	 5.882353E-03	
 -.0000042	 5.882353E-03	 1.960784E-03	
 -.0000041	 5.882353E-03	 5.882353E-03	
 -.000004	 5.882353E-03	 1.960784E-03	
 -.0000039	 1.960784E-03	 5.882353E-03	
 -.0000038	 5.882353E-03	 5.882353E-03	
 -.0000037	 1.960784E-03	 5.882353E-03	
 -.0000036	 1.960784E-03	 1.960784E-03	
 -.0000035	 1.960784E-03	 1.960784E-03	
 -.0000034	 5.882353E-03	 1.960784E-03	
 -.0000033	 1.960784E-03	 1.960784E-03	
 -.0000032	 5.882353E-03	 5.882353E-03	
 -.0000031	-1.960784E-03	 1.960784E-03	
 -.000003	 1.960784E-03	 5.882353E-03	
 -.0000029	 1.960784E-03	 1.960784E-03	
 -.0000028	 9.803922E-03	 5.882353E-03	
 -.0000027	 5.882353E-03	 5.882353E-03	
 -.0000026	 5.882353E-03	 1.960784E-03	
 -.0000025	 5.882353E-03	-1.960784E-03	
 -.0000024	 1.960784E-03	 5.882353E-03	
 -.0000023	 1.960784E-03	-1.960784E-03	
 -.0000022	 5.882353E-03	 1.960784E-03	
 -.0000021	 5.882353E-03	 5.882353E-03	
 -.000002	 1.960784E-03	 1.960784E-03	
 -.0000019	 1.960784E-03	 1.960784E-03	
 -.0000018	 1.960784E-03	 1.960784E-03	
 -.0000017	 5.882353E-03	 5.882353E-03	
 -.0000016	-1.960784E-03	 5.882353E-03	
 -.0000015	 5.882353E-03	 1.960784E-03	
 -.0000014	 1.960784E-03	 1.960784E-03	
 -.0000013	 5.882353E-03	 9.803922E-03	
 -.0000012	 5.882353E-03	 5.882353E-03	
 -.0000011	 1.960784E-03	 5.882353E-03	
 -.000001	 1.960784E-03	 1.960784E-03	
 -.0000009	 5.882353E-03	 1.960784E-03	
 -.0000008	 1.960784E-03	 5.882353E-03	
 -.0000007	 5.882353E-03	 1.960784E-03	
 -.0000006	 1.960784E-03	 5.882353E-03	
 -.0000005	 1.960784E-03	 9.803922E-03	
 -.0000004	 5.882353E-03	 1.960784E-03	
 -.0000003	 5.882353E-03	 1.960784E-03	
 -.0000002	 9.803922E-03	 1.960784E-03	
 -.0000001	 5.882353E-03	 1.960784E-03	
  0	 1.960784E-03	 1.960784E-03	
  .0000001	 1.960784E-03	 5.882353E-03	
  .0000002	 5.882353E-03	 1.960784E-03	
  .0000003	 9.803922E-03	 5.882353E-03	
  .0000004	 5.882353E-03	 5.882353E-03	
  .0000005	 5.882353E-03	-1.960784E-03	
  .0000006	 5.882353E-03	 1.960784E-03	
  .0000007	 5.882353E-03	 1.960784E-03	
  .0000008	 1.960784E-03	 1.960784E-03	
  .0000009	 5.882353E-03	 1.960784E-03	
  .000001	 5.882353E-03	 5.882353E-03	
  .0000011	 5.882353E-03	 5.882353E-03	
  .0000012	 5.882353E-03	 5.882353E-03	
  .0000013	 5.882353E-03	 5.882353E-03	
  .0000014	 1.960784E-03	 5.882353E-03	
  .0000015	 5.882353E-03	 5.882353E-03	
  .0000016	 5.882353E-03	 1.960784E-03	
  .0000017	 1.960784E-03	-1.960784E-03	
  .0000018	 5.882353E-03	-1.960784E-03	
  .0000019	 9.803922E-03	 5.882353E-03	
  .000002	 1.960784E-03	 1.960784E-03	
  .0000021	 5.882353E-03	 5.882353E-03	
  .0000022	 5.882353E-03	 1.960784E-03	
  .0000023	 1.960784E-03	-1.960784E-03	
  .0000024	 1.960784E-03	 1.960784E-03	
  .0000025	 1.960784E-03	 1.960784E-03	
  .0000026	 1.960784E-03	-1.960784E-03	
  .0000027	 1.960784E-03	 5.882353E-03	
  .0000028	 1.960784E-03	 1.960784E-03	
  .0000029	 1.960784E-03	-1.960784E-03	
  .000003	 5.882353E-03	 1.960784E-03	
  .0000031	 1.960784E-03	 9.803922E-03	
  .0000032	 1.764706E-02	 5.882353E-03	
  .0000033	 9.803922E-03	 5.882353E-03	
  .0000034	 1.960784E-03	 1.960784E-03	
  .0000035	 5.882353E-03	 1.960784E-03	
  .0000036	 5.882353E-03	 5.882353E-03	
  .0000037	 5.882353E-03	 1.960784E-03	
  .0000038	 5.882353E-03	 9.803922E-03	
  .0000039	 1.960784E-03	 1.960784E-03	
  .000004	 1.960784E-03	 1.960784E-03	
  .0000041	 1.960784E-03	-1.960784E-03	
  .0000042	 1.960784E-03	 5.882353E-03	
  .0000043	 5.882353E-03	 1.960784E-03	
  .0000044	 1.960784E-03	 1.960784E-03	
  .0000045	-1.960784E-03	 5.882353E-03	
  .0000046	 1.960784E-03	 1.960784E-03	
  .0000047	 5.882353E-03	 5.882353E-03	
  .0000048	 1.960784E-03	 1.960784E-03	
  .0000049	 1.960784E-03	-1.960784E-03	
  .000005	 1.960784E-03	 1.960784E-03	
  .0000051	 1.960784E-03	 1.960784E-03	
  .0000052	 5.882353E-03	 5.882353E-03	
  .0000053	 5.882353E-03	 5.882353E-03	
  .0000054	 9.803922E-03	 5.882353E-03	
  .0000055	 1.960784E-03	 1.960784E-03	
  .0000056	 1.960784E-03	 5.882353E-03	
  .0000057	 1.960784E-03	-1.960784E-03	
  .0000058	 5.882353E-03	 1.960784E-03	
  .0000059	 5.882353E-03	 1.960784E-03	
  .000006	 1.960784E-03	 5.882353E-03	
  .0000061	 9.803922E-03	 5.882353E-03	
  .0000062	 1.960784E-03	 5.882353E-03	
  .0000063	 1.960784E-03	 1.960784E-03	
  .0000064	 1.960784E-03	-1.960784E-03	
  .0000065	 9.803922E-03	-1.960784E-03	
  .0000066	 1.960784E-03	-1.960784E-03	
  .0000067	 1.960784E-03	 5.882353E-03	
  .0000068	 1.960784E-03	 1.960784E-03	
  .0000069	 1.960784E-03	 5.882353E-03	
  .000007	 1.960784E-03	 1.960784E-03	
  .0000071	 5.882353E-03	 1.960784E-03	
  .0000072	 5.882353E-03	 5.882353E-03	
  .0000073	 5.882353E-03	 1.960784E-03	
  .0000074	 1.960784E-03	-1.960784E-03	
  .0000075	 1.960784E-03	 1.960784E-03	
  .0000076	 1.960784E-03	-1.960784E-03	
  .0000077	 5.882353E-03	 1.960784E-03	
  .0000078	 5.882353E-03	 5.882353E-03	
  .0000079	 1.960784E-03	 1.960784E-03	
  .000008	 1.960784E-03	 1.960784E-03	
  .0000081	 5.882353E-03	 1.960784E-03	
  .0000082	 1.960784E-03	 5.882353E-03	
  .0000083	 1.960784E-03	 5.882353E-03	
  .0000084	 1.960784E-03	 1.960784E-03	
  .0000085	 1.960784E-03	 1.960784E-03	
  .0000086	 1.960784E-03	 1.960784E-03	
  .0000087	 5.882353E-03	 5.882353E-03	
  .0000088	-1.960784E-03	 1.960784E-03	
  .0000089	 1.960784E-03	 1.960784E-03	
  .000009	 5.882353E-03	-1.960784E-03	
  .0000091	 5.882353E-03	-1.960784E-03	
  .0000092	 1.960784E-03	-1.960784E-03	
  .0000093	 1.960784E-03	 5.882353E-03	
  .0000094	 1.960784E-03	 5.882353E-03	
  .0000095	 1.960784E-03	-1.960784E-03	
  .0000096	 1.960784E-03	 1.960784E-03	
  .0000097	 1.960784E-03	 1.960784E-03	
  .0000098	 1.960784E-03	-1.960784E-03	
  .0000099	 1.960784E-03	 1.960784E-03	
  .00001	 1.960784E-03	 1.960784E-03	
  .0000101	 1.960784E-03	-1.960784E-03	
  .0000102	 1.960784E-03	 5.882353E-03	
  .0000103	 1.960784E-03	 5.882353E-03	
  .0000104	 5.882353E-03	-1.960784E-03	
  .0000105	 5.882353E-03	-1.960784E-03	
  .0000106	 1.960784E-03	 5.882353E-03	
  .0000107	 1.960784E-03	-1.960784E-03	
  .0000108	 1.960784E-03	 1.960784E-03	
  .0000109	 5.882353E-03	 1.960784E-03	
  .000011	 9.803922E-03	 5.882353E-03	
  .0000111	 5.882353E-03	 5.882353E-03	
  .0000112	-1.960784E-03	 5.882353E-03	
  .0000113	 1.960784E-03	 5.882353E-03	
  .0000114	 1.960784E-03	-1.960784E-03	
  .0000115	 5.882353E-03	 1.960784E-03	
  .0000116	 1.960784E-03	 1.960784E-03	
  .0000117	 5.882353E-03	-5.882353E-03	
  .0000118	 5.882353E-03	 5.882353E-03	
  .0000119	 1.960784E-03	-1.960784E-03	
  .000012	 1.960784E-03	 5.882353E-03	
  .0000121	 1.960784E-03	 1.960784E-03	
  .0000122	 5.882353E-03	 1.960784E-03	
  .0000123	 1.960784E-03	 1.960784E-03	
  .0000124	 1.960784E-03	 1.960784E-03	
  .0000125	 1.960784E-03	-1.960784E-03	
  .0000126	 1.960784E-03	 1.960784E-03	
  .0000127	 1.960784E-03	 1.960784E-03	
  .0000128	 1.960784E-03	 1.960784E-03	
  .0000129	 5.882353E-03	-1.960784E-03	
  .000013	 5.882353E-03	 9.803922E-03	
  .0000131	 9.803922E-03	 5.882353E-03	
  .0000132	 1.960784E-03	 5.882353E-03	
  .0000133	 5.882353E-03	-1.960784E-03	
  .0000134	 5.882353E-03	-1.960784E-03	
  .0000135	 1.960784E-03	 5.882353E-03	
  .0000136	 5.882353E-03	 1.960784E-03	
  .0000137	 5.882353E-03	 9.803922E-03	
  .0000138	-1.960784E-03	 1.960784E-03	
  .0000139	 1.960784E-03	 1.960784E-03	
  .000014	 5.882353E-03	-1.960784E-03	
  .0000141	 5.882353E-03	 1.960784E-03	
  .0000142	 1.960784E-03	-1.960784E-03	
  .0000143	 5.882353E-03	-1.960784E-03	
  .0000144	 1.960784E-03	 5.882353E-03	
  .0000145	 1.960784E-03	 1.960784E-03	
  .0000146	 1.960784E-03	 1.960784E-03	
  .0000147	 1.960784E-03	-1.960784E-03	
  .0000148	 5.882353E-03	 1.960784E-03	
  .0000149	 1.960784E-03	 1.960784E-03	
  .000015	 1.960784E-03	-1.960784E-03	
  .0000151	 1.960784E-03	 1.960784E-03	
  .0000152	 1.960784E-03	 1.960784E-03	
  .0000153	 9.803922E-03	 5.882353E-03	
  .0000154	 5.882353E-03	 1.960784E-03	
  .0000155	-1.960784E-03	 5.882353E-03	
  .0000156	 1.960784E-03	-1.960784E-03	
  .0000157	 5.882353E-03	-1.960784E-03	
  .0000158	 9.803922E-03	 1.960784E-03	
  .0000159	 5.882353E-03	 5.882353E-03	
  .000016	 5.882353E-03	 5.882353E-03	
  .0000161	 1.960784E-03	 5.882353E-03	
  .0000162	 1.960784E-03	 5.882353E-03	
  .0000163	 5.882353E-03	-1.960784E-03	
  .0000164	 1.960784E-03	 1.960784E-03	
  .0000165	 5.882353E-03	-1.960784E-03	
  .0000166	 1.960784E-03	 1.960784E-03	
  .0000167	 1.960784E-03	-1.960784E-03	
  .0000168	 5.882353E-03	 5.882353E-03	
  .0000169	 1.960784E-03	 1.960784E-03	
  .000017	 5.882353E-03	 1.960784E-03	
  .0000171	 5.882353E-03	 1.960784E-03	
  .0000172	 5.882353E-03	 1.960784E-03	
  .0000173	 1.960784E-03	-5.882353E-03	
  .0000174	 1.960784E-03	-1.960784E-03	
  .0000175	 1.960784E-03	 1.960784E-03	
  .0000176	 5.882353E-03	 5.882353E-03	
  .0000177	 1.960784E-03	 5.882353E-03	
  .0000178	 1.960784E-03	-1.960784E-03	
  .0000179	 1.960784E-03	 1.960784E-03	
  .000018	 5.882353E-03	 1.960784E-03	
  .0000181	 5.882353E-03	 5.882353E-03	
  .0000182	 5.882353E-03	 1.960784E-03	
  .0000183	 1.960784E-03	 5.882353E-03	
  .0000184	 1.960784E-03	 1.960784E-03	
  .0000185	 5.882353E-03	 9.803922E-03	
  .0000186	 1.960784E-03	 5.882353E-03	
  .0000187	-1.960784E-03	 5.882353E-03	
  .0000188	 1.960784E-03	 1.960784E-03	
  .0000189	 1.960784E-03	 1.960784E-03	
  .000019	 1.960784E-03	 1.960784E-03	
  .0000191	 1.960784E-03	 1.960784E-03	
  .0000192	 1.960784E-03	 1.960784E-03	
  .0000193	 1.960784E-03	 1.960784E-03	
  .0000194	 5.882353E-03	-1.960784E-03	
  .0000195	 5.882353E-03	 1.960784E-03	
  .0000196	 5.882353E-03	 1.960784E-03	
  .0000197	 5.882353E-03	 1.960784E-03	
  .0000198	 5.882353E-03	 5.882353E-03	
  .0000199	 1.960784E-03	 5.882353E-03	
  .00002	 1.960784E-03	 1.960784E-03	
  .0000201	 5.882353E-03	 5.882353E-03	
  .0000202	 1.960784E-03	 5.882353E-03	
  .0000203	 5.882353E-03	 1.960784E-03	
  .0000204	 5.882353E-03	-1.960784E-03	
  .0000205	 9.803922E-03	 5.882353E-03	
  .0000206	 1.960784E-03	 1.960784E-03	
  .0000207	 5.882353E-03	-1.960784E-03	
  .0000208	 5.882353E-03	 5.882353E-03	
  .0000209	 9.803922E-03	 5.882353E-03	
  .000021	 5.882353E-03	 1.960784E-03	
  .0000211	 1.960784E-03	 5.882353E-03	
  .0000212	 5.882353E-03	 5.882353E-03	
  .0000213	 1.960784E-03	 1.960784E-03	
  .0000214	 1.960784E-03	 5.882353E-03	
  .0000215	 5.882353E-03	-1.960784E-03	
  .0000216	 5.882353E-03	 1.960784E-03	
  .0000217	 5.882353E-03	 1.960784E-03	
  .0000218	 1.960784E-03	-1.960784E-03	
  .0000219	 1.960784E-03	 1.960784E-03	
  .000022	 1.960784E-03	 1.960784E-03	
  .0000221	 5.882353E-03	 1.960784E-03	
  .0000222	 1.960784E-03	-1.960784E-03	
  .0000223	 1.960784E-03	 1.960784E-03	
  .0000224	-1.960784E-03	-5.882353E-03	
  .0000225	 1.960784E-03	 1.960784E-03	
  .0000226	 1.960784E-03	 1.960784E-03	
  .0000227	 1.960784E-03	-1.960784E-03	
  .0000228	 1.960784E-03	 1.960784E-03	
  .0000229	 1.960784E-03	 1.960784E-03	
  .000023	 9.803922E-03	 1.960784E-03	
  .0000231	 5.882353E-03	 5.882353E-03	
  .0000232	 1.960784E-03	-1.960784E-03	
  .0000233	 5.882353E-03	 1.960784E-03	
  .0000234	 1.960784E-03	 1.960784E-03	
  .0000235	 5.882353E-03	 1.960784E-03	
  .0000236	 1.960784E-03	 5.882353E-03	
  .0000237	 5.882353E-03	 1.960784E-03	
  .0000238	 1.960784E-03	-1.960784E-03	
  .0000239	 1.960784E-03	-1.960784E-03	
  .000024	 5.882353E-03	 5.882353E-03	
  .0000241	 1.960784E-03	-1.960784E-03	
  .0000242	 1.960784E-03	 1.960784E-03	
  .0000243	-1.960784E-03	-1.960784E-03	
  .0000244	 1.960784E-03	 5.882353E-03	
  .0000245	 5.882353E-03	 1.960784E-03	
  .0000246	 1.960784E-03	 1.960784E-03	
  .0000247	 1.960784E-03	-1.960784E-03	
  .0000248	 1.960784E-03	 1.960784E-03	
  .0000249	 5.882353E-03	 1.960784E-03	
  .000025	 1.960784E-03	 5.882353E-03	
  .0000251	 1.960784E-03	 1.960784E-03	
  .0000252	 5.882353E-03	 1.960784E-03	
  .0000253	 1.960784E-03	 1.960784E-03	
  .0000254	 5.882353E-03	 5.882353E-03	
  .0000255	 1.960784E-03	 1.960784E-03	
  .0000256	 1.960784E-03	 1.960784E-03	
  .0000257	 5.882353E-03	-1.960784E-03	
  .0000258	 5.882353E-03	 1.960784E-03	
  .0000259	 5.882353E-03	 5.882353E-03	
  .000026	 1.960784E-03	 5.882353E-03	
  .0000261	 5.882353E-03	-1.960784E-03	
  .0000262	 1.960784E-03	 1.960784E-03	
  .0000263	 5.882353E-03	 1.960784E-03	
  .0000264	 1.960784E-03	 1.960784E-03	
  .0000265	 5.882353E-03	 5.882353E-03	
  .0000266	 1.960784E-03	-1.960784E-03	
  .0000267	 5.882353E-03	 5.882353E-03	
  .0000268	 5.882353E-03	 1.960784E-03	
  .0000269	 9.803922E-03	 5.882353E-03	
  .000027	 1.960784E-03	 1.960784E-03	
  .0000271	 1.960784E-03	 1.960784E-03	
  .0000272	 1.960784E-03	-1.960784E-03	
  .0000273	 1.960784E-03	 1.960784E-03	
  .0000274	 1.960784E-03	 1.960784E-03	
  .0000275	 5.882353E-03	 1.960784E-03	
  .0000276	 5.882353E-03	 5.882353E-03	
  .0000277	 1.960784E-03	 1.960784E-03	
  .0000278	 5.882353E-03	 1.960784E-03	
  .0000279	 1.960784E-03	-1.960784E-03	
  .000028	 1.960784E-03	 5.882353E-03	
  .0000281	 1.960784E-03	 1.960784E-03	
  .0000282	 5.882353E-03	 1.960784E-03	
  .0000283	 1.960784E-03	 1.960784E-03	
  .0000284	 1.960784E-03	 5.882353E-03	
  .0000285	 5.882353E-03	 9.803922E-03	
  .0000286	-1.960784E-03	 5.882353E-03	
  .0000287	 1.960784E-03	 5.882353E-03	
  .0000288	 5.882353E-03	 1.960784E-03	
  .0000289	 1.960784E-03	 1.960784E-03	
  .000029	 5.882353E-03	 1.960784E-03	
  .0000291	 1.960784E-03	 1.960784E-03	
  .0000292	 5.882353E-03	 5.882353E-03	
  .0000293	 5.882353E-03	 1.960784E-03	
  .0000294	 5.882353E-03	 5.882353E-03	
  .0000295	 5.882353E-03	 1.960784E-03	
  .0000296	 5.882353E-03	 1.960784E-03	
  .0000297	 5.882353E-03	 5.882353E-03	
  .0000298	 5.882353E-03	 5.882353E-03	
  .0000299	 1.960784E-03	 1.960784E-03	
  .00003	 9.803922E-03	 5.882353E-03	
  .0000301	 5.882353E-03	 5.882353E-03	
  .0000302	 5.882353E-03	 1.960784E-03	
  .0000303	 5.882353E-03	-1.960784E-03	
  .0000304	 5.882353E-03	 9.803922E-03	
  .0000305	 5.882353E-03	 1.960784E-03	
  .0000306	 5.882353E-03	 1.960784E-03	
  .0000307	 5.882353E-03	 5.882353E-03	
  .0000308	 5.882353E-03	 1.960784E-03	
  .0000309	 9.803922E-03	 1.960784E-03	
  .000031	 5.882353E-03	 1.960784E-03	
  .0000311	 5.882353E-03	 5.882353E-03	
  .0000312	 9.803922E-03	 1.960784E-03	
  .0000313	 1.960784E-03	 5.882353E-03	
  .0000314	 5.882353E-03	 1.960784E-03	
  .0000315	 5.882353E-03	-1.960784E-03	
  .0000316	 5.882353E-03	 5.882353E-03	
  .0000317	 1.960784E-03	 1.960784E-03	
  .0000318	 1.960784E-03	-1.960784E-03	
  .0000319	-1.960784E-03	 1.960784E-03	
  .000032	 9.803922E-03	 1.960784E-03	
  .0000321	 1.960784E-03	 1.960784E-03	
  .0000322	 1.960784E-03	 1.960784E-03	
  .0000323	 1.960784E-03	 1.960784E-03	
  .0000324	 1.960784E-03	 5.882353E-03	
  .0000325	 5.882353E-03	 5.882353E-03	
  .0000326	 1.960784E-03	 1.960784E-03	
  .0000327	 1.960784E-03	 5.882353E-03	
  .0000328	 1.960784E-03	 9.803922E-03	
  .0000329	 9.803922E-03	 5.882353E-03	
  .000033	 5.882353E-03	 9.803922E-03	
  .0000331	 1.960784E-03	 5.882353E-03	
  .0000332	 1.960784E-03	 5.882353E-03	
  .0000333	 5.882353E-03	 5.882353E-03	
  .0000334	 1.960784E-03	 5.882353E-03	
  .0000335	 5.882353E-03	 5.882353E-03	
  .0000336	 1.960784E-03	 5.882353E-03	
  .0000337	 1.960784E-03	 1.960784E-03	
  .0000338	 5.882353E-03	 1.960784E-03	
  .0000339	 5.882353E-03	 5.882353E-03	
  .000034	 1.960784E-03	 1.960784E-03	
  .0000341	 1.960784E-03	 1.960784E-03	
  .0000342	 1.960784E-03	 5.882353E-03	
  .0000343	 1.960784E-03	 5.882353E-03	
  .0000344	 5.882353E-03	-1.960784E-03	
  .0000345	 5.882353E-03	-1.960784E-03	
  .0000346	 1.960784E-03	 1.960784E-03	
  .0000347	 5.882353E-03	 1.960784E-03	
  .0000348	 5.882353E-03	 1.960784E-03	
  .0000349	 1.960784E-03	 1.960784E-03	
  .000035	 1.960784E-03	 5.882353E-03	
  .0000351	 9.803922E-03	 1.960784E-03	
  .0000352	 5.882353E-03	 1.960784E-03	
  .0000353	 1.960784E-03	 1.960784E-03	
  .0000354	 1.960784E-03	-1.960784E-03	
  .0000355	 1.960784E-03	-1.960784E-03	
  .0000356	 9.803922E-03	-1.960784E-03	
  .0000357	 1.960784E-03	 5.882353E-03	
  .0000358	 5.882353E-03	 5.882353E-03	
  .0000359	 5.882353E-03	 5.882353E-03	
  .000036	-1.960784E-03	 5.882353E-03	
  .0000361	 1.960784E-03	 1.960784E-03	
  .0000362	 5.882353E-03	 1.960784E-03	
  .0000363	 5.882353E-03	 1.960784E-03	
  .0000364	 5.882353E-03	 5.882353E-03	
  .0000365	 1.960784E-03	 5.882353E-03	
  .0000366	 1.960784E-03	 5.882353E-03	
  .0000367	 1.960784E-03	 1.960784E-03	
  .0000368	 9.803922E-03	 5.882353E-03	
  .0000369	 1.960784E-03	 5.882353E-03	
  .000037	 5.882353E-03	 1.960784E-03	
  .0000371	 5.882353E-03	 1.960784E-03	
  .0000372	 5.882353E-03	 1.960784E-03	
  .0000373	 1.960784E-03	 1.960784E-03	
  .0000374	 1.960784E-03	 1.960784E-03	
  .0000375	 1.960784E-03	 5.882353E-03	
  .0000376	 1.960784E-03	 5.882353E-03	
  .0000377	 1.960784E-03	 5.882353E-03	
  .0000378	 5.882353E-03	 1.960784E-03	
  .0000379	 1.960784E-03	 5.882353E-03	
  .000038	 1.960784E-03	 5.882353E-03	
  .0000381	 5.882353E-03	 1.960784E-03	
  .0000382	 1.960784E-03	 1.960784E-03	
  .0000383	 5.882353E-03	 5.882353E-03	
  .0000384	 5.882353E-03	 9.803922E-03	
  .0000385	 1.960784E-03	 1.960784E-03	
  .0000386	 1.960784E-03	 1.960784E-03	
  .0000387	 5.882353E-03	 5.882353E-03	
  .0000388	 1.960784E-03	 1.960784E-03	
  .0000389	 1.960784E-03	 1.960784E-03	
  .000039	 1.960784E-03	 1.960784E-03	
  .0000391	 1.960784E-03	 5.882353E-03	
  .0000392	 1.960784E-03	 1.960784E-03	
  .0000393	 1.960784E-03	 1.960784E-03	
  .0000394	 5.882353E-03	 1.960784E-03	
  .0000395	 5.882353E-03	 1.960784E-03	
  .0000396	 5.882353E-03	 5.882353E-03	
  .0000397	 1.960784E-03	-1.960784E-03	
  .0000398	 1.960784E-03	 1.960784E-03	
  .0000399	 9.803922E-03	 5.882353E-03	
  .00004	 5.882353E-03	 1.960784E-03	
  .0000401	 9.803922E-03	 1.960784E-03	
  .0000402	 5.882353E-03	-1.960784E-03	
  .0000403	 5.882353E-03	 5.882353E-03	
  .0000404	 1.960784E-03	 5.882353E-03	
  .0000405	 5.882353E-03	 1.960784E-03	
  .0000406	 1.960784E-03	 1.960784E-03	
  .0000407	 5.882353E-03	 1.960784E-03	
  .0000408	 5.882353E-03	 9.803922E-03	
  .0000409	 5.882353E-03	 1.960784E-03	
  .000041	 5.882353E-03	 1.960784E-03	
  .0000411	 5.882353E-03	 1.960784E-03	
  .0000412	 5.882353E-03	 1.960784E-03	
  .0000413	 5.882353E-03	-1.960784E-03	
  .0000414	 5.882353E-03	-1.960784E-03	
  .0000415	 9.803922E-03	 1.960784E-03	
  .0000416	 1.960784E-03	-1.960784E-03	
  .0000417	 1.960784E-03	 1.960784E-03	
  .0000418	 1.960784E-03	 1.960784E-03	
  .0000419	 5.882353E-03	-1.960784E-03	
  .000042	 1.960784E-03	 1.960784E-03	
  .0000421	-1.960784E-03	 1.960784E-03	
  .0000422	 1.960784E-03	 1.960784E-03	
  .0000423	 1.960784E-03	 1.960784E-03	
  .0000424	 1.960784E-03	 5.882353E-03	
  .0000425	 1.960784E-03	-1.960784E-03	
  .0000426	 1.960784E-03	 1.960784E-03	
  .0000427	 1.960784E-03	 9.803922E-03	
  .0000428	 9.803922E-03	-1.960784E-03	
  .0000429	 5.882353E-03	 5.882353E-03	
  .000043	 1.960784E-03	 1.960784E-03	
  .0000431	 5.882353E-03	 5.882353E-03	
  .0000432	 5.882353E-03	 5.882353E-03	
  .0000433	 5.882353E-03	 5.882353E-03	
  .0000434	 9.803922E-03	 1.372549E-02	
  .0000435	 5.882353E-03	 1.960784E-03	
  .0000436	 5.882353E-03	 1.960784E-03	
  .0000437	 1.960784E-03	-1.960784E-03	
  .0000438	 5.882353E-03	 1.960784E-03	
  .0000439	 1.960784E-03	 1.960784E-03	
  .000044	 5.882353E-03	 5.882353E-03	
  .0000441	 1.960784E-03	 5.882353E-03	
  .0000442	 1.960784E-03	 1.960784E-03	
  .0000443	 1.960784E-03	 1.960784E-03	
  .0000444	 5.882353E-03	 1.960784E-03	
  .0000445	 5.882353E-03	 5.882353E-03	
  .0000446	 1.960784E-03	 1.960784E-03	
  .0000447	 5.882353E-03	 5.882353E-03	
  .0000448	 1.960784E-03	 5.882353E-03	
  .0000449	-1.960784E-03	 1.960784E-03	
  .000045	 9.803922E-03	 5.882353E-03	
  .0000451	-1.960784E-03	 1.960784E-03	
  .0000452	 9.803922E-03	 1.960784E-03	
  .0000453	 5.882353E-03	 1.960784E-03	
  .0000454	 5.882353E-03	 5.882353E-03	
  .0000455	 5.882353E-03	 1.960784E-03	
  .0000456	 5.882353E-03	 5.882353E-03	
  .0000457	 5.882353E-03	 5.882353E-03	
  .0000458	 1.960784E-03	 5.882353E-03	
  .0000459	 5.882353E-03	 1.960784E-03	
  .000046	 1.960784E-03	 5.882353E-03	
  .0000461	 5.882353E-03	-1.960784E-03	
  .0000462	 5.882353E-03	 1.960784E-03	
  .0000463	 1.960784E-03	 1.960784E-03	
  .0000464	 1.960784E-03	-1.960784E-03	
  .0000465	 1.960784E-03	 1.960784E-03	
  .0000466	 1.960784E-03	 1.960784E-03	
  .0000467	 5.882353E-03	 1.960784E-03	
  .0000468	 1.960784E-03	 1.960784E-03	
  .0000469	 1.960784E-03	 1.960784E-03	
  .000047	 1.960784E-03	 1.960784E-03	
  .0000471	 1.960784E-03	-1.960784E-03	
  .0000472	 1.960784E-03	 1.960784E-03	
  .0000473	 5.882353E-03	 1.960784E-03	
  .0000474	 1.960784E-03	 5.882353E-03	
  .0000475	 1.960784E-03	 1.960784E-03	
  .0000476	 1.960784E-03	 1.960784E-03	
  .0000477	 5.882353E-03	 1.960784E-03	
  .0000478	 1.960784E-03	 5.882353E-03	
  .0000479	 1.960784E-03	 1.960784E-03	
  .000048	 1.960784E-03	 1.960784E-03	
  .0000481	 1.960784E-03	 1.960784E-03	
  .0000482	 1.960784E-03	 5.882353E-03	
  .0000483	 5.882353E-03	 5.882353E-03	
  .0000484	 1.960784E-03	 1.960784E-03	
  .0000485	 5.882353E-03	 1.960784E-03	
  .0000486	 5.882353E-03	-1.960784E-03	
  .0000487	 1.960784E-03	 1.960784E-03	
  .0000488	 1.960784E-03	 1.960784E-03	
  .0000489	-1.960784E-03	 1.960784E-03	
  .000049	-1.960784E-03	 5.882353E-03	
  .0000491	 1.960784E-03	-1.960784E-03	
  .0000492	 1.960784E-03	 1.960784E-03	
  .0000493	 1.960784E-03	 5.882353E-03	
  .0000494	 1.960784E-03	-1.960784E-03	
  .0000495	 5.882353E-03	 5.882353E-03	
  .0000496	 1.960784E-03	 1.960784E-03	
  .0000497	 1.960784E-03	-1.960784E-03	
  .0000498	 9.803922E-03	 5.882353E-03	
  .0000499	 1.960784E-03	 1.960784E-03	
  .00005	 5.882353E-03	 1.960784E-03	
  .0000501	 5.882353E-03	 1.960784E-03	
  .0000502	 1.960784E-03	 5.882353E-03	
  .0000503	 1.960784E-03	 1.960784E-03	
  .0000504	 1.960784E-03	 1.960784E-03	
  .0000505	 1.960784E-03	 1.960784E-03	
  .0000506	 5.882353E-03	 5.882353E-03	
  .0000507	 1.960784E-03	 5.882353E-03	
  .0000508	 1.960784E-03	 1.960784E-03	
  .0000509	 5.882353E-03	 5.882353E-03	
  .000051	 1.960784E-03	 1.960784E-03	
  .0000511	 5.882353E-03	 5.882353E-03	
  .0000512	 5.882353E-03	 1.960784E-03	
  .0000513	 5.882353E-03	 1.960784E-03	
  .0000514	 5.882353E-03	 5.882353E-03	
  .0000515	 1.960784E-03	-1.960784E-03	
  .0000516	 1.960784E-03	 1.960784E-03	
  .0000517	 5.882353E-03	 1.960784E-03	
  .0000518	 1.960784E-03	 1.960784E-03	
  .0000519	-1.960784E-03	 1.960784E-03	
  .000052	 1.960784E-03	 1.960784E-03	
  .0000521	 1.960784E-03	-1.960784E-03	
  .0000522	-1.960784E-03	 1.960784E-03	
  .0000523	-1.960784E-03	-1.960784E-03	
  .0000524	 1.960784E-03	 1.960784E-03	
  .0000525	 1.960784E-03	 1.960784E-03	
  .0000526	 5.882353E-03	 9.803922E-03	
  .0000527	 5.882353E-03	-1.960784E-03	
  .0000528	 5.882353E-03	 5.882353E-03	
  .0000529	 1.960784E-03	 1.960784E-03	
  .000053	 1.960784E-03	 1.960784E-03	
  .0000531	 1.960784E-03	 5.882353E-03	
  .0000532	 9.803922E-03	 1.960784E-03	
  .0000533	 1.960784E-03	 5.882353E-03	
  .0000534	 1.960784E-03	 1.960784E-03	
  .0000535	 5.882353E-03	-1.960784E-03	
  .0000536	-1.960784E-03	 1.960784E-03	
  .0000537	 5.882353E-03	 1.960784E-03	
  .0000538	 1.960784E-03	 1.960784E-03	
  .0000539	 5.882353E-03	 1.960784E-03	
  .000054	 1.960784E-03	 1.960784E-03	
  .0000541	 1.960784E-03	 5.882353E-03	
  .0000542	 1.960784E-03	-1.960784E-03	
  .0000543	 1.960784E-03	 1.960784E-03	
  .0000544	 1.960784E-03	 1.960784E-03	
  .0000545	 5.882353E-03	 1.960784E-03	
  .0000546	 1.960784E-03	 1.960784E-03	
  .0000547	 1.960784E-03	 1.960784E-03	
  .0000548	 1.960784E-03	-1.960784E-03	
  .0000549	 5.882353E-03	 5.882353E-03	
  .000055	 1.960784E-03	 1.960784E-03	
  .0000551	 1.960784E-03	-1.960784E-03	
  .0000552	 5.882353E-03	 1.960784E-03	
  .0000553	 1.960784E-03	 1.960784E-03	
  .0000554	 5.882353E-03	 1.960784E-03	
  .0000555	 1.960784E-03	 1.960784E-03	
  .0000556	 5.882353E-03	 9.803922E-03	
  .0000557	 5.882353E-03	 1.960784E-03	
  .0000558	 5.882353E-03	 1.960784E-03	
  .0000559	 5.882353E-03	 1.960784E-03	
  .000056	 5.882353E-03	 1.960784E-03	
  .0000561	 5.882353E-03	 5.882353E-03	
  .0000562	-1.960784E-03	 1.960784E-03	
  .0000563	-1.960784E-03	 1.960784E-03	
  .0000564	 1.960784E-03	 1.960784E-03	
  .0000565	 1.960784E-03	 1.960784E-03	
  .0000566	 1.960784E-03	 5.882353E-03	
  .0000567	 1.960784E-03	 1.960784E-03	
  .0000568	 5.882353E-03	 1.960784E-03	
  .0000569	 5.882353E-03	-1.960784E-03	
  .000057	 1.960784E-03	 1.960784E-03	
  .0000571	 1.960784E-03	 1.960784E-03	
  .0000572	 5.882353E-03	 1.960784E-03	
  .0000573	 1.960784E-03	 1.960784E-03	
  .0000574	 1.960784E-03	 5.882353E-03	
  .0000575	 1.960784E-03	 1.960784E-03	
  .0000576	 1.960784E-03	 1.960784E-03	
  .0000577	 1.960784E-03	 5.882353E-03	
  .0000578	 1.960784E-03	 1.960784E-03	
  .0000579	 1.960784E-03	 5.882353E-03	
  .000058	 1.960784E-03	 1.960784E-03	
  .0000581	 5.882353E-03	 5.882353E-03	
  .0000582	 5.882353E-03	 9.803922E-03	
  .0000583	 1.960784E-03	 5.882353E-03	
  .0000584	 1.960784E-03	 1.960784E-03	
  .0000585	 1.960784E-03	-1.960784E-03	
  .0000586	 1.960784E-03	 1.960784E-03	
  .0000587	 1.960784E-03	-1.960784E-03	
  .0000588	 1.960784E-03	 5.882353E-03	
  .0000589	 1.960784E-03	 5.882353E-03	
  .000059	 1.960784E-03	 1.960784E-03	
  .0000591	 1.960784E-03	-1.960784E-03	
  .0000592	 1.960784E-03	 5.882353E-03	
  .0000593	 5.882353E-03	-1.960784E-03	
  .0000594	 1.960784E-03	 1.960784E-03	
  .0000595	 1.960784E-03	 1.960784E-03	
  .0000596	 1.960784E-03	 1.960784E-03	
  .0000597	 5.882353E-03	 1.960784E-03	
  .0000598	 1.960784E-03	 5.882353E-03	
  .0000599	 5.882353E-03	 1.960784E-03	
  .00006	 5.882353E-03	-1.960784E-03	
  .0000601	 1.960784E-03	 5.882353E-03	
  .0000602	 1.960784E-03	 1.960784E-03	
  .0000603	 1.960784E-03	-1.960784E-03	
  .0000604	 5.882353E-03	 1.960784E-03	
  .0000605	 9.803922E-03	 5.882353E-03	
  .0000606	 1.960784E-03	 5.882353E-03	
  .0000607	 1.960784E-03	 1.960784E-03	
  .0000608	 1.960784E-03	 1.960784E-03	
  .0000609	 9.803922E-03	-1.960784E-03	
  .000061	 1.960784E-03	 1.960784E-03	
  .0000611	 1.960784E-03	 1.960784E-03	
  .0000612	 1.960784E-03	-1.960784E-03	
  .0000613	 5.882353E-03	 1.960784E-03	
  .0000614	 1.960784E-03	-1.960784E-03	
  .0000615	 1.960784E-03	-1.960784E-03	
  .0000616	 1.960784E-03	 1.960784E-03	
  .0000617	 5.882353E-03	 1.960784E-03	
  .0000618	 1.960784E-03	 1.960784E-03	
  .0000619	 1.960784E-03	 5.882353E-03	
  .000062	 1.960784E-03	 1.960784E-03	
  .0000621	-1.960784E-03	 5.882353E-03	
  .0000622	 1.960784E-03	 1.960784E-03	
  .0000623	 1.960784E-03	 1.960784E-03	
  .0000624	 1.960784E-03	 1.960784E-03	
  .0000625	 1.960784E-03	 5.882353E-03	
  .0000626	 5.882353E-03	 1.960784E-03	
  .0000627	 5.882353E-03	 5.882353E-03	
  .0000628	 1.960784E-03	-1.960784E-03	
  .0000629	 5.882353E-03	-1.960784E-03	
  .000063	 1.960784E-03	 5.882353E-03	
  .0000631	 5.882353E-03	 1.960784E-03	
  .0000632	 5.882353E-03	 5.882353E-03	
  .0000633	 5.882353E-03	 1.960784E-03	
  .0000634	 1.960784E-03	 1.960784E-03	
  .0000635	 1.960784E-03	-1.960784E-03	
  .0000636	 5.882353E-03	 1.960784E-03	
  .0000637	-1.960784E-03	-1.960784E-03	
  .0000638	-1.960784E-03	 1.960784E-03	
  .0000639	 5.882353E-03	 1.960784E-03	
  .000064	 1.960784E-03	 1.960784E-03	
  .0000641	 1.960784E-03	 1.960784E-03	
  .0000642	 5.882353E-03	-1.960784E-03	
  .0000643	 5.882353E-03	 1.960784E-03	
  .0000644	 1.960784E-03	 5.882353E-03	
  .0000645	 1.960784E-03	 1.960784E-03	
  .0000646	 1.960784E-03	 5.882353E-03	
  .0000647	 1.960784E-03	 5.882353E-03	
  .0000648	 5.882353E-03	 5.882353E-03	
  .0000649	 1.960784E-03	 1.960784E-03	
  .000065	 1.960784E-03	 1.960784E-03	
  .0000651	-1.960784E-03	 1.960784E-03	
  .0000652	 5.882353E-03	 1.960784E-03	
  .0000653	 5.882353E-03	-1.960784E-03	
  .0000654	 5.882353E-03	 5.882353E-03	
  .0000655	 5.882353E-03	 1.960784E-03	
  .0000656	 5.882353E-03	 5.882353E-03	
  .0000657	 5.882353E-03	 1.960784E-03	
  .0000658	 1.960784E-03	 1.960784E-03	
  .0000659	 9.803922E-03	 1.960784E-03	
  .000066	 5.882353E-03	 1.960784E-03	
  .0000661	 5.882353E-03	 5.882353E-03	
  .0000662	 1.960784E-03	-1.960784E-03	
  .0000663	 1.960784E-03	 5.882353E-03	
  .0000664	 5.882353E-03	 1.960784E-03	
  .0000665	 9.803922E-03	 5.882353E-03	
  .0000666	 5.882353E-03	 5.882353E-03	
  .0000667	 5.882353E-03	-1.960784E-03	
  .0000668	 1.960784E-03	 1.960784E-03	
  .0000669	 1.960784E-03	-1.960784E-03	
  .000067	 1.960784E-03	 1.960784E-03	
  .0000671	 5.882353E-03	 1.960784E-03	
  .0000672	 1.960784E-03	 1.960784E-03	
  .0000673	 1.960784E-03	-1.960784E-03	
  .0000674	 5.882353E-03	-1.960784E-03	
  .0000675	 9.803922E-03	 1.960784E-03	
  .0000676	 1.960784E-03	 1.960784E-03	
  .0000677	 1.960784E-03	 5.882353E-03	
  .0000678	 5.882353E-03	 1.960784E-03	
  .0000679	 5.882353E-03	-1.960784E-03	
  .000068	 5.882353E-03	 5.882353E-03	
  .0000681	 5.882353E-03	 5.882353E-03	
  .0000682	 1.960784E-03	 5.882353E-03	
  .0000683	-1.960784E-03	 5.882353E-03	
  .0000684	 5.882353E-03	 1.960784E-03	
  .0000685	 5.882353E-03	 1.960784E-03	
  .0000686	 5.882353E-03	 1.960784E-03	
  .0000687	 5.882353E-03	 5.882353E-03	
  .0000688	 5.882353E-03	 5.882353E-03	
  .0000689	 1.960784E-03	 1.960784E-03	
  .000069	 1.960784E-03	 5.882353E-03	
  .0000691	 1.960784E-03	 1.960784E-03	
  .0000692	 9.803922E-03	 1.960784E-03	
  .0000693	 1.960784E-03	 5.882353E-03	
  .0000694	 1.960784E-03	 5.882353E-03	
  .0000695	 1.960784E-03	 1.960784E-03	
  .0000696	 9.803922E-03	 5.882353E-03	
  .0000697	 1.960784E-03	 5.882353E-03	
  .0000698	 9.803922E-03	 1.960784E-03	
  .0000699	 5.882353E-03	-1.960784E-03	
  .00007	 9.803922E-03	 1.960784E-03	
  .0000701	 5.882353E-03	 5.882353E-03	
  .0000702	 5.882353E-03	 1.960784E-03	
  .0000703	 1.960784E-03	 5.882353E-03	
  .0000704	 5.882353E-03	 5.882353E-03	
  .0000705	 5.882353E-03	 5.882353E-03	
  .0000706	 5.882353E-03	 5.882353E-03	
  .0000707	 5.882353E-03	 5.882353E-03	
  .0000708	 5.882353E-03	 1.960784E-03	
  .0000709	 5.882353E-03	 1.960784E-03	
  .000071	 5.882353E-03	-1.960784E-03	
  .0000711	 5.882353E-03	-1.960784E-03	
  .0000712	 5.882353E-03	 1.960784E-03	
  .0000713	 1.960784E-03	 1.960784E-03	
  .0000714	 1.960784E-03	 5.882353E-03	
  .0000715	 1.960784E-03	 1.960784E-03	
  .0000716	 5.882353E-03	-1.960784E-03	
  .0000717	 1.960784E-03	-1.960784E-03	
  .0000718	 1.960784E-03	 1.960784E-03	
  .0000719	 1.960784E-03	-1.960784E-03	
  .000072	 1.960784E-03	 5.882353E-03	
  .0000721	 1.960784E-03	 1.960784E-03	
  .0000722	 1.960784E-03	 1.960784E-03	
  .0000723	 5.882353E-03	 1.960784E-03	
  .0000724	 5.882353E-03	 5.882353E-03	
  .0000725	 9.803922E-03	 5.882353E-03	
  .0000726	 1.960784E-03	 5.882353E-03	
  .0000727	 1.960784E-03	 1.960784E-03	
  .0000728	 5.882353E-03	 1.960784E-03	
  .0000729	 1.960784E-03	 5.882353E-03	
  .000073	 9.803922E-03	 1.960784E-03	
  .0000731	 5.882353E-03	 9.803922E-03	
  .0000732	 5.882353E-03	 9.803922E-03	
  .0000733	 1.960784E-03	-1.960784E-03	
  .0000734	 1.960784E-03	-1.960784E-03	
  .0000735	 5.882353E-03	 5.882353E-03	
  .0000736	 1.960784E-03	 1.960784E-03	
  .0000737	 1.960784E-03	 1.960784E-03	
  .0000738	-1.960784E-03	 1.960784E-03	
  .0000739	 1.960784E-03	 1.960784E-03	
  .000074	 1.960784E-03	 5.882353E-03	
  .0000741	 5.882353E-03	 1.960784E-03	
  .0000742	 5.882353E-03	-1.960784E-03	
  .0000743	 5.882353E-03	 1.960784E-03	
  .0000744	 1.960784E-03	 5.882353E-03	
  .0000745	 1.960784E-03	 1.960784E-03	
  .0000746	-1.960784E-03	 5.882353E-03	
  .0000747	 9.803922E-03	 5.882353E-03	
  .0000748	 1.960784E-03	 1.960784E-03	
  .0000749	 1.960784E-03	 1.960784E-03	
  .000075	 5.882353E-03	 1.960784E-03	
  .0000751	 1.960784E-03	 5.882353E-03	
  .0000752	 9.803922E-03	-1.960784E-03	
  .0000753	 1.960784E-03	 5.882353E-03	
  .0000754	 9.803922E-03	 5.882353E-03	
  .0000755	 5.882353E-03	 1.960784E-03	
  .0000756	 5.882353E-03	 1.960784E-03	
  .0000757	 1.960784E-03	 1.960784E-03	
  .0000758	 1.960784E-03	 1.960784E-03	
  .0000759	 5.882353E-03	 1.960784E-03	
  .000076	 5.882353E-03	 1.960784E-03	
  .0000761	 1.960784E-03	 1.960784E-03	
  .0000762	 5.882353E-03	 5.882353E-03	
  .0000763	 5.882353E-03	 5.882353E-03	
  .0000764	 9.803922E-03	 5.882353E-03	
  .0000765	 1.960784E-03	 5.882353E-03	
  .0000766	 5.882353E-03	 1.960784E-03	
  .0000767	 5.882353E-03	 1.960784E-03	
  .0000768	 1.960784E-03	 1.960784E-03	
  .0000769	 1.960784E-03	 1.960784E-03	
  .000077	-.2882353	 1.764706E-02	
  .0000771	-2.941176E-02	 1.764706E-02	
  .0000772	-.1627451	 .0254902	
  .0000773	-.127451	 .0372549	
  .0000774	-.1431373	 4.117647E-02	
  .0000775	-.1470588	 6.078431E-02	
  .0000776	-.1509804	 6.078431E-02	
  .0000777	-.1509804	 7.254902E-02	
  .0000778	-.1588235	 7.647059E-02	
  .0000779	-.1627451	 .0882353	
  .000078	-.1627451	 9.215686E-02	
  .0000781	-.1666667	 9.607843E-02	
  .0000782	-.1666667	 .1039216	
  .0000783	-.1666667	 .1039216	
  .0000784	-.1666667	 .1117647	
  .0000785	-.1745098	 .1196078	
  .0000786	-.1745098	 .1235294	
  .0000787	-.1745098	 .1352941	
  .0000788	-.1705882	 .1352941	
  .0000789	-.1745098	 .1431373	
  .000079	-.1745098	 .1470588	
  .0000791	-.1745098	 .1470588	
  .0000792	-.1784314	 .1509804	
  .0000793	-.1784314	 .154902	
  .0000794	-.1823529	 .1588235	
  .0000795	-.1784314	 .1627451	
  .0000796	-.1823529	 .1745098	
  .0000797	-.1823529	 .1745098	
  .0000798	-.1862745	 .1745098	
  .0000799	-.1862745	 .1862745	
  .00008	-.1862745	 .1862745	
  .0000801	-.1823529	 .1901961	
  .0000802	-.1862745	 .1941177	
  .0000803	-.1823529	 .1980392	
  .0000804	-.1862745	 .2058824	
  .0000805	-.1862745	 .2058824	
  .0000806	-.1862745	 .2058824	
  .0000807	-.1862745	 .2098039	
  .0000808	-.1901961	 .2137255	
  .0000809	-.1901961	 .2137255	
  .000081	-.1862745	 .2176471	
  .0000811	-.1901961	 .2254902	
  .0000812	-.1901961	 .2215686	
  .0000813	-.1901961	 .2294118	
  .0000814	-.1862745	 .2372549	
  .0000815	-.1901961	 .2372549	
  .0000816	-.1941177	 .2372549	
  .0000817	-.1941177	 .2372549	
  .0000818	-.1901961	 .2411765	
  .0000819	-.1941177	 .245098	
  .000082	-.1941177	 .2490196	
  .0000821	-.1941177	 .2490196	
  .0000822	-.1941177	 .2568628	
  .0000823	-.1941177	 .2568628	
  .0000824	-.1862745	 .2607843	
  .0000825	-.1941177	 .2647059	
  .0000826	-.1941177	 .2647059	
  .0000827	-.1941177	 .2686275	
  .0000828	-.1941177	 .2686275	
  .0000829	-.1941177	 .2764706	
  .000083	-.1941177	 .272549	
  .0000831	-.1980392	 .2764706	
  .0000832	-.1941177	 .2803922	
  .0000833	-.1941177	 .2764706	
  .0000834	-.1941177	 .2803922	
  .0000835	-.1941177	 .2764706	
  .0000836	-.1941177	 .2882353	
  .0000837	-.1901961	 .2882353	
  .0000838	-.1901961	 .2882353	
  .0000839	-.1941177	 .2921569	
  .000084	-.1901961	 .2921569	
  .0000841	-.1941177	 .2882353	
  .0000842	-.1941177	 .2921569	
  .0000843	-.1901961	 .2921569	
  .0000844	-.1901961	 .2960784	
  .0000845	-.1901961	 .3	
  .0000846	-.1941177	 .3	
  .0000847	-.1941177	 .3	
  .0000848	-.1901961	 .3	
  .0000849	-.1901961	 .2960784	
  .000085	-.1901961	 .3039216	
  .0000851	-.1862745	 .3	
  .0000852	-.1862745	 .3078431	
  .0000853	-.1862745	 .3078431	
  .0000854	-.1862745	 .3078431	
  .0000855	-.1823529	 .3078431	
  .0000856	-.1901961	 .3078431	
  .0000857	-.1823529	 .3039216	
  .0000858	-.1823529	 .3078431	
  .0000859	-.1823529	 .3117647	
  .000086	-.1823529	 .3078431	
  .0000861	-.1784314	 .3078431	
  .0000862	-.1784314	 .3078431	
  .0000863	-.1784314	 .3117647	
  .0000864	-.1745098	 .3117647	
  .0000865	-.1745098	 .3078431	
  .0000866	-.1745098	 .3039216	
  .0000867	-.1745098	 .3078431	
  .0000868	-.1705882	 .3117647	
  .0000869	-.1705882	 .3117647	
  .000087	-.1666667	 .3078431	
  .0000871	-.1666667	 .3117647	
  .0000872	-.1666667	 .3117647	
  .0000873	-.1666667	 .3117647	
  .0000874	-.1627451	 .3156863	
  .0000875	-.1627451	 .3078431	
  .0000876	-.1627451	 .3117647	
  .0000877	-.1588235	 .3078431	
  .0000878	-.1627451	 .3117647	
  .0000879	-.154902	 .3117647	
  .000088	-.154902	 .3117647	
  .0000881	-.154902	 .3156863	
  .0000882	-.1509804	 .3078431	
  .0000883	-.1509804	 .3039216	
  .0000884	-.1470588	 .3039216	
  .0000885	-.1509804	 .3078431	
  .0000886	-.1509804	 .3078431	
  .0000887	-.1431373	 .3039216	
  .0000888	-.1431373	 .3	
  .0000889	-.1392157	 .3039216	
  .000089	-.1431373	 .3	
  .0000891	-.1392157	 .3	
  .0000892	-.1352941	 .2960784	
  .0000893	-.1352941	 .2960784	
  .0000894	-.1313726	 .2960784	
  .0000895	-.1352941	 .2960784	
  .0000896	-.1313726	 .2882353	
  .0000897	-.1313726	 .2960784	
  .0000898	-.127451	 .2960784	
  .0000899	-.127451	 .2921569	
  .00009	-.127451	 .2921569	
  .0000901	-.127451	 .2882353	
  .0000902	-.1235294	 .2921569	
  .0000903	-.1235294	 .2921569	
  .0000904	-.1235294	 .2882353	
  .0000905	-.1235294	 .2882353	
  .0000906	-.1156863	 .2843137	
  .0000907	-.1156863	 .2803922	
  .0000908	-.1196078	 .2803922	
  .0000909	-.1117647	 .2803922	
  .000091	-.1117647	 .2843137	
  .0000911	-.1117647	 .2764706	
  .0000912	-.1117647	 .2764706	
  .0000913	-.1078431	 .2803922	
  .0000914	-.1039216	 .2764706	
  .0000915	-.1039216	 .272549	
  .0000916	-.1039216	 .272549	
  .0000917	-.1	 .2686275	
  .0000918	-.1	 .2686275	
  .0000919	-.1	 .2686275	
  .000092	-.1	 .2647059	
  .0000921	-9.215686E-02	 .2686275	
  .0000922	-.0882353	 .2686275	
  .0000923	-.0882353	 .2607843	
  .0000924	-.0882353	 .2607843	
  .0000925	-.0882353	 .2529412	
  .0000926	-8.431373E-02	 .2568628	
  .0000927	-8.431373E-02	 .2568628	
  .0000928	-7.647059E-02	 .2490196	
  .0000929	-7.647059E-02	 .2529412	
  .000093	-7.647059E-02	 .2529412	
  .0000931	-8.039216E-02	 .245098	
  .0000932	-7.254902E-02	 .2411765	
  .0000933	-6.862745E-02	 .2411765	
  .0000934	-6.862745E-02	 .2333333	
  .0000935	-6.470589E-02	 .2372549	
  .0000936	-6.862745E-02	 .2333333	
  .0000937	-6.470589E-02	 .2372549	
  .0000938	-6.078431E-02	 .2294118	
  .0000939	-6.078431E-02	 .2294118	
  .000094	-5.686275E-02	 .2215686	
  .0000941	-5.686275E-02	 .2215686	
  .0000942	-5.294118E-02	 .2176471	
  .0000943	-5.294118E-02	 .2176471	
  .0000944	-5.294118E-02	 .2137255	
  .0000945	-4.509804E-02	 .2137255	
  .0000946	-4.509804E-02	 .2137255	
  .0000947	-4.509804E-02	 .2098039	
  .0000948	-4.117647E-02	 .2019608	
  .0000949	-4.117647E-02	 .1980392	
  .000095	-.0372549	 .1941177	
  .0000951	-.0372549	 .1980392	
  .0000952	-3.333334E-02	 .1941177	
  .0000953	-3.333334E-02	 .1980392	
  .0000954	-2.941176E-02	 .1862745	
  .0000955	-.0254902	 .1901961	
  .0000956	-.0254902	 .1784314	
  .0000957	-.0254902	 .1745098	
  .0000958	-1.372549E-02	 .1745098	
  .0000959	-1.764706E-02	 .1627451	
  .000096	-9.803922E-03	 .1666667	
  .0000961	-9.803922E-03	 .1627451	
  .0000962	-5.882353E-03	 .1627451	
  .0000963	-5.882353E-03	 .1588235	
  .0000964	-1.960784E-03	 .154902	
  .0000965	-1.960784E-03	 .1509804	
  .0000966	-1.960784E-03	 .1509804	
  .0000967	 1.960784E-03	 .1431373	
  .0000968	 5.882353E-03	 .1392157	
  .0000969	 9.803922E-03	 .1392157	
  .000097	 9.803922E-03	 .1313726	
  .0000971	 9.803922E-03	 .1352941	
  .0000972	 1.372549E-02	 .1235294	
  .0000973	 1.372549E-02	 .127451	
  .0000974	 1.372549E-02	 .1156863	
  .0000975	 1.372549E-02	 .1156863	
  .0000976	 2.156863E-02	 .1117647	
  .0000977	 2.156863E-02	 .1156863	
  .0000978	 .0254902	 .1117647	
  .0000979	 .0254902	 .1078431	
  .000098	 2.941176E-02	 .1	
  .0000981	 3.333334E-02	 9.215686E-02	
  .0000982	 .0372549	 9.215686E-02	
  .0000983	 3.333334E-02	 .0882353	
  .0000984	 3.333334E-02	 .0882353	
  .0000985	 .0372549	 .0882353	
  .0000986	 4.117647E-02	 7.647059E-02	
  .0000987	 4.509804E-02	 7.254902E-02	
  .0000988	 4.509804E-02	 8.039216E-02	
  .0000989	 4.901961E-02	 6.862745E-02	
  .000099	 4.901961E-02	 6.862745E-02	
  .0000991	 4.901961E-02	 6.470589E-02	
  .0000992	 5.294118E-02	 6.078431E-02	
  .0000993	 6.078431E-02	 5.686275E-02	
  .0000994	 6.078431E-02	 5.686275E-02	
  .0000995	 6.470589E-02	 5.294118E-02	
  .0000996	 6.470589E-02	 4.509804E-02	
  .0000997	 6.470589E-02	 4.117647E-02	
  .0000998	 6.862745E-02	 .0372549	
  .0000999	 7.254902E-02	 3.333334E-02	
  .0001	 6.862745E-02	 3.333334E-02	
  .0001001	 7.647059E-02	 3.333334E-02	
  .0001002	 7.647059E-02	 2.941176E-02	
  .0001003	 7.647059E-02	 2.156863E-02	
  .0001004	 7.647059E-02	 2.156863E-02	
  .0001005	 8.039216E-02	 1.764706E-02	
  .0001006	 8.431373E-02	 9.803922E-03	
  .0001007	 8.431373E-02	 1.960784E-03	
  .0001008	 .0882353	 5.882353E-03	
  .0001009	 9.215686E-02	 1.960784E-03	
  .000101	 .0882353	-5.882353E-03	
  .0001011	 9.215686E-02	-9.803922E-03	
  .0001012	 9.607843E-02	-9.803922E-03	
  .0001013	 .1039216	-1.372549E-02	
  .0001014	 9.607843E-02	-1.764706E-02	
  .0001015	 .1	-1.764706E-02	
  .0001016	 .1	-.0254902	
  .0001017	 .1039216	-.0254902	
  .0001018	 .1039216	-.0254902	
  .0001019	 .1039216	-3.333334E-02	
  .000102	 .1117647	-.0372549	
  .0001021	 .1156863	-.0372549	
  .0001022	 .1235294	-4.509804E-02	
  .0001023	 .1235294	-4.509804E-02	
  .0001024	 .1235294	-5.294118E-02	
  .0001025	 .1235294	-5.294118E-02	
  .0001026	 .127451	-5.294118E-02	
  .0001027	 .1313726	-6.078431E-02	
  .0001028	 .1352941	-6.078431E-02	
  .0001029	 .1313726	-6.862745E-02	
  .000103	 .1352941	-7.254902E-02	
  .0001031	 .1392157	-7.254902E-02	
  .0001032	 .1352941	-7.647059E-02	
  .0001033	 .1392157	-7.647059E-02	
  .0001034	 .1431373	-8.431373E-02	
  .0001035	 .1431373	-.0882353	
  .0001036	 .1431373	-9.215686E-02	
  .0001037	 .1470588	-9.215686E-02	
  .0001038	 .1470588	-.1	
  .0001039	 .1470588	-.1	
  .000104	 .1509804	-.1039216	
  .0001041	 .1509804	-.1078431	
  .0001042	 .1509804	-.1078431	
  .0001043	 .1509804	-.1117647	
  .0001044	 .1627451	-.1156863	
  .0001045	 .1588235	-.1196078	
  .0001046	 .1588235	-.1235294	
  .0001047	 .1588235	-.127451	
  .0001048	 .1588235	-.127451	
  .0001049	 .1627451	-.1313726	
  .000105	 .1666667	-.1313726	
  .0001051	 .1705882	-.1352941	
  .0001052	 .1666667	-.1392157	
  .0001053	 .1666667	-.1431373	
  .0001054	 .1745098	-.1509804	
  .0001055	 .1745098	-.154902	
  .0001056	 .1705882	-.1509804	
  .0001057	 .1745098	-.1588235	
  .0001058	 .1745098	-.154902	
  .0001059	 .1745098	-.1627451	
  .000106	 .1784314	-.1666667	
  .0001061	 .1784314	-.1666667	
  .0001062	 .1784314	-.1705882	
  .0001063	 .1862745	-.1745098	
  .0001064	 .1784314	-.1784314	
  .0001065	 .1745098	-.1784314	
  .0001066	 .1705882	-.1823529	
  .0001067	 .1784314	-.1745098	
  .0001068	 .1784314	-.1823529	
  .0001069	 .1745098	-.1862745	
  .000107	 .1823529	-.1862745	
  .0001071	 .1823529	-.1901961	
  .0001072	 .1823529	-.1941177	
  .0001073	 .1784314	-.1980392	
  .0001074	 .1823529	-.1980392	
  .0001075	 .1784314	-.2019608	
  .0001076	 .1745098	-.2019608	
  .0001077	 .1784314	-.2058824	
  .0001078	 .1784314	-.2137255	
  .0001079	 .1784314	-.2137255	
  .000108	 .1784314	-.2098039	
  .0001081	 .1784314	-.2137255	
  .0001082	 .1784314	-.2176471	
  .0001083	 .1784314	-.2137255	
  .0001084	 .1784314	-.2176471	
  .0001085	 .1823529	-.2254902	
  .0001086	 .1784314	-.2254902	
  .0001087	 .1823529	-.2294118	
  .0001088	 .1862745	-.2294118	
  .0001089	 .1823529	-.2333333	
  .000109	 .1823529	-.2294118	
  .0001091	 .1784314	-.2333333	
  .0001092	 .1823529	-.2333333	
  .0001093	 .1862745	-.2372549	
  .0001094	 .1862745	-.2411765	
  .0001095	 .1862745	-.245098	
  .0001096	 .1862745	-.245098	
  .0001097	 .1823529	-.245098	
  .0001098	 .1823529	-.245098	
  .0001099	 .1823529	-.2490196	
  .00011	 .1862745	-.2490196	
  .0001101	 .1823529	-.2529412	
  .0001102	 .1862745	-.2607843	
  .0001103	 .1862745	-.2568628	
  .0001104	 .1862745	-.2647059	
  .0001105	 .1823529	-.2607843	
  .0001106	 .1862745	-.2607843	
  .0001107	 .1862745	-.2607843	
  .0001108	 .1862745	-.2568628	
  .0001109	 .1823529	-.2686275	
  .000111	 .1784314	-.2647059	
  .0001111	 .1862745	-.2686275	
  .0001112	 .1862745	-.2764706	
  .0001113	 .1784314	-.272549	
  .0001114	 .1823529	-.272549	
  .0001115	 .1823529	-.272549	
  .0001116	 .1784314	-.272549	
  .0001117	 .1823529	-.272549	
  .0001118	 .1745098	-.2764706	
  .0001119	 .1784314	-.2803922	
  .000112	 .1823529	-.2764706	
  .0001121	 .1862745	-.2803922	
  .0001122	 .1784314	-.2803922	
  .0001123	 .1823529	-.2764706	
  .0001124	 .1784314	-.2803922	
  .0001125	 .1823529	-.2803922	
  .0001126	 .1862745	-.2843137	
  .0001127	 .1823529	-.2882353	
  .0001128	 .1823529	-.2921569	
  .0001129	 .1784314	-.2960784	
  .000113	 .1745098	-.2843137	
  .0001131	 .1745098	-.2882353	
  .0001132	 .1784314	-.2921569	
  .0001133	 .1745098	-.2882353	
  .0001134	 .1745098	-.2921569	
  .0001135	 .1784314	-.2921569	
  .0001136	 .1745098	-.3	
  .0001137	 .1784314	-.2960784	
  .0001138	 .1705882	-.2960784	
  .0001139	 .1705882	-.2960784	
  .000114	 .1705882	-.2960784	
  .0001141	 .1705882	-.2960784	
  .0001142	 .1705882	-.2921569	
  .0001143	 .1745098	-.2960784	
  .0001144	 .1705882	-.2960784	
  .0001145	 .1705882	-.3	
  .0001146	 .1627451	-.2960784	
  .0001147	 .1666667	-.3	
  .0001148	 .1745098	-.2960784	
  .0001149	 .1627451	-.2960784	
  .000115	 .1705882	-.3	
  .0001151	 .1666667	-.2960784	
  .0001152	 .1627451	-.2960784	
  .0001153	 .1666667	-.3	
  .0001154	 .1627451	-.2921569	
  .0001155	 .1588235	-.2921569	
  .0001156	 .1627451	-.2921569	
  .0001157	 .154902	-.2921569	
  .0001158	 .154902	-.2921569	
  .0001159	 .154902	-.2960784	
  .000116	 .1588235	-.2960784	
  .0001161	 .154902	-.3	
  .0001162	 .1588235	-.2921569	
  .0001163	 .1470588	-.2921569	
  .0001164	 .1509804	-.2921569	
  .0001165	 .1470588	-.2921569	
  .0001166	 .1509804	-.2882353	
  .0001167	 .1509804	-.2882353	
  .0001168	 .1470588	-.2882353	
  .0001169	 .1470588	-.2882353	
  .000117	 .1509804	-.2921569	
  .0001171	 .1431373	-.2882353	
  .0001172	 .1431373	-.2843137	
  .0001173	 .1392157	-.2882353	
  .0001174	 .1392157	-.2843137	
  .0001175	 .1431373	-.2803922	
  .0001176	 .1352941	-.2803922	
  .0001177	 .1392157	-.2803922	
  .0001178	 .1313726	-.2882353	
  .0001179	 .1352941	-.2803922	
  .000118	 .1313726	-.2764706	
  .0001181	 .1313726	-.2764706	
  .0001182	 .127451	-.272549	
  .0001183	 .1313726	-.272549	
  .0001184	 .127451	-.272549	
  .0001185	 .1235294	-.2764706	
  .0001186	 .1313726	-.272549	
  .0001187	 .127451	-.2764706	
  .0001188	 .1235294	-.2686275	
  .0001189	 .1196078	-.2686275	
  .000119	 .1196078	-.2686275	
  .0001191	 .1235294	-.2686275	
  .0001192	 .1196078	-.2686275	
  .0001193	 .1196078	-.2647059	
  .0001194	 .1196078	-.2647059	
  .0001195	 .1156863	-.2647059	
  .0001196	 .1117647	-.2568628	
  .0001197	 .1117647	-.2607843	
  .0001198	 .1078431	-.2607843	
  .0001199	 .1117647	-.2568628	
  .00012	 .1117647	-.2529412	
  .0001201	 .1078431	-.2529412	
  .0001202	 .1039216	-.2490196	
  .0001203	 .1039216	-.2529412	
  .0001204	 .1	-.245098	
  .0001205	 9.607843E-02	-.245098	
  .0001206	 .1	-.2411765	
  .0001207	 .1	-.2411765	
  .0001208	 9.215686E-02	-.2411765	
  .0001209	 .0882353	-.2333333	
  .000121	 9.607843E-02	-.2372549	
  .0001211	 .0882353	-.2411765	
  .0001212	 .0882353	-.2372549	
  .0001213	 .0882353	-.2333333	
  .0001214	 8.431373E-02	-.2294118	
  .0001215	 8.039216E-02	-.2215686	
  .0001216	 8.039216E-02	-.2215686	
  .0001217	 8.039216E-02	-.2254902	
  .0001218	 7.647059E-02	-.2254902	
  .0001219	 7.647059E-02	-.2215686	
  .000122	 8.039216E-02	-.2176471	
  .0001221	 7.254902E-02	-.2137255	
  .0001222	 6.862745E-02	-.2176471	
  .0001223	 7.254902E-02	-.2137255	
  .0001224	 6.862745E-02	-.2098039	
  .0001225	 6.862745E-02	-.2098039	
  .0001226	 7.254902E-02	-.2019608	
  .0001227	 6.470589E-02	-.2058824	
  .0001228	 6.078431E-02	-.2058824	
  .0001229	 6.078431E-02	-.1980392	
  .000123	 5.686275E-02	-.1980392	
  .0001231	 5.686275E-02	-.1941177	
  .0001232	 5.294118E-02	-.1901961	
  .0001233	 5.294118E-02	-.1901961	
  .0001234	 4.901961E-02	-.1901961	
  .0001235	 5.294118E-02	-.1862745	
  .0001236	 5.294118E-02	-.1901961	
  .0001237	 4.509804E-02	-.1823529	
  .0001238	 4.901961E-02	-.1784314	
  .0001239	 4.509804E-02	-.1784314	
  .000124	 .0372549	-.1745098	
  .0001241	 .0372549	-.1705882	
  .0001242	 4.509804E-02	-.1705882	
  .0001243	 .0372549	-.1705882	
  .0001244	 .0372549	-.1666667	
  .0001245	 3.333334E-02	-.1627451	
  .0001246	 3.333334E-02	-.1627451	
  .0001247	 3.333334E-02	-.154902	
  .0001248	 2.941176E-02	-.1509804	
  .0001249	 2.941176E-02	-.1509804	
  .000125	 .0254902	-.1509804	
  .0001251	 2.156863E-02	-.1509804	
  .0001252	 2.156863E-02	-.1470588	
  .0001253	 2.156863E-02	-.1392157	
  .0001254	 1.764706E-02	-.1392157	
  .0001255	 1.372549E-02	-.1392157	
  .0001256	 1.764706E-02	-.1352941	
  .0001257	 1.372549E-02	-.127451	
  .0001258	 5.882353E-03	-.1235294	
  .0001259	 1.372549E-02	-.1235294	
  .000126	 9.803922E-03	-.1235294	
  .0001261	 9.803922E-03	-.1196078	
  .0001262	 9.803922E-03	-.1156863	
  .0001263	 5.882353E-03	-.1156863	
  .0001264	 1.960784E-03	-.1117647	
  .0001265	 1.960784E-03	-.1039216	
  .0001266	 1.960784E-03	-.1039216	
  .0001267	-1.960784E-03	-.1039216	
  .0001268	-5.882353E-03	-.1	
  .0001269	-5.882353E-03	-.1	
  .000127	-9.803922E-03	-.0882353	
  .0001271	-9.803922E-03	-.0882353	
  .0001272	-9.803922E-03	-9.215686E-02	
  .0001273	-1.372549E-02	-.0882353	
  .0001274	-1.372549E-02	-8.039216E-02	
  .0001275	-9.803922E-03	-8.039216E-02	
  .0001276	-1.764706E-02	-8.039216E-02	
  .0001277	-2.156863E-02	-7.254902E-02	
  .0001278	-1.764706E-02	-6.862745E-02	
  .0001279	-2.156863E-02	-6.862745E-02	
  .000128	-.0254902	-6.470589E-02	
  .0001281	-.0254902	-6.470589E-02	
  .0001282	-.0254902	-5.686275E-02	
  .0001283	-.0254902	-5.686275E-02	
  .0001284	-2.941176E-02	-5.686275E-02	
  .0001285	-3.333334E-02	-5.294118E-02	
  .0001286	-2.941176E-02	-4.901961E-02	
  .0001287	-3.333334E-02	-4.509804E-02	
  .0001288	-.0372549	-4.509804E-02	
  .0001289	-.0372549	-4.509804E-02	
  .000129	-3.333334E-02	-4.117647E-02	
  .0001291	-4.509804E-02	-4.117647E-02	
  .0001292	-.0372549	-.0372549	
  .0001293	-.0372549	-.0372549	
  .0001294	-4.117647E-02	-2.941176E-02	
  .0001295	-4.509804E-02	-.0254902	
  .0001296	-4.509804E-02	-.0254902	
  .0001297	-4.509804E-02	-2.156863E-02	
  .0001298	-5.294118E-02	-1.764706E-02	
  .0001299	-5.294118E-02	-1.372549E-02	
  .00013	-4.901961E-02	-9.803922E-03	
  .0001301	-6.078431E-02	-1.372549E-02	
  .0001302	-4.901961E-02	-9.803922E-03	
  .0001303	-5.686275E-02	-5.882353E-03	
  .0001304	-5.686275E-02	-1.960784E-03	
  .0001305	-5.686275E-02	-1.960784E-03	
  .0001306	-6.470589E-02	 1.960784E-03	
  .0001307	-6.078431E-02	 1.960784E-03	
  .0001308	-6.470589E-02	 9.803922E-03	
  .0001309	-6.078431E-02	 9.803922E-03	
  .000131	-6.862745E-02	 1.372549E-02	
  .0001311	-6.862745E-02	 9.803922E-03	
  .0001312	-6.862745E-02	 1.764706E-02	
  .0001313	-7.254902E-02	 1.764706E-02	
  .0001314	-7.254902E-02	 2.156863E-02	
  .0001315	-6.862745E-02	 .0254902	
  .0001316	-7.254902E-02	 2.156863E-02	
  .0001317	-7.254902E-02	 2.941176E-02	
  .0001318	-7.254902E-02	 .0372549	
  .0001319	-7.254902E-02	 3.333334E-02	
  .000132	-8.039216E-02	 4.117647E-02	
  .0001321	-8.039216E-02	 3.333334E-02	
  .0001322	-8.039216E-02	 .0372549	
  .0001323	-8.431373E-02	 4.509804E-02	
  .0001324	-8.039216E-02	 4.117647E-02	
  .0001325	-8.431373E-02	 5.686275E-02	
  .0001326	-.0882353	 4.901961E-02	
  .0001327	-.0882353	 4.901961E-02	
  .0001328	-9.215686E-02	 5.294118E-02	
  .0001329	-.0882353	 5.686275E-02	
  .000133	-9.215686E-02	 5.294118E-02	
  .0001331	-9.215686E-02	 6.470589E-02	
  .0001332	-9.607843E-02	 6.470589E-02	
  .0001333	-9.607843E-02	 6.862745E-02	
  .0001334	-9.607843E-02	 6.470589E-02	
  .0001335	-.1	 6.862745E-02	
  .0001336	-9.607843E-02	 6.862745E-02	
  .0001337	-.1	 7.254902E-02	
  .0001338	-.1	 7.254902E-02	
  .0001339	-.1	 8.039216E-02	
  .000134	-.1039216	 8.431373E-02	
  .0001341	-.1	 .0882353	
  .0001342	-.1	 .0882353	
  .0001343	-.1078431	 .0882353	
  .0001344	-.1078431	 .0882353	
  .0001345	-.1039216	 9.215686E-02	
  .0001346	-.1039216	 9.215686E-02	
  .0001347	-.1078431	 .1	
  .0001348	-.1039216	 9.607843E-02	
  .0001349	-.1117647	 .1	
  .000135	-.1117647	 .1	
  .0001351	-.1156863	 .1078431	
  .0001352	-.1117647	 .1039216	
  .0001353	-.1078431	 .1078431	
  .0001354	-.1117647	 .1117647	
  .0001355	-.1156863	 .1039216	
  .0001356	-.1117647	 .1156863	
  .0001357	-.1117647	 .1117647	
  .0001358	-.1156863	 .1196078	
  .0001359	-.1117647	 .1196078	
  .000136	-.1156863	 .1196078	
  .0001361	-.1117647	 .1196078	
  .0001362	-.1196078	 .1235294	
  .0001363	-.1156863	 .1235294	
  .0001364	-.1117647	 .127451	
  .0001365	-.1156863	 .1313726	
  .0001366	-.1156863	 .1313726	
  .0001367	-.1196078	 .1313726	
  .0001368	-.1156863	 .1352941	
  .0001369	-.1156863	 .1352941	
  .000137	-.1196078	 .1352941	
  .0001371	-.1156863	 .1392157	
  .0001372	-.1196078	 .1392157	
  .0001373	-.1156863	 .1431373	
  .0001374	-.1196078	 .1470588	
  .0001375	-.1196078	 .1470588	
  .0001376	-.1235294	 .1470588	
  .0001377	-.1156863	 .1470588	
  .0001378	-.1196078	 .1470588	
  .0001379	-.1196078	 .1470588	
  .000138	-.1235294	 .1509804	
  .0001381	-.1196078	 .1588235	
  .0001382	-.1156863	 .1509804	
  .0001383	-.1196078	 .154902	
  .0001384	-.1235294	 .1588235	
  .0001385	-.1156863	 .154902	
  .0001386	-.1196078	 .1588235	
  .0001387	-.1196078	 .1588235	
  .0001388	-.1196078	 .1588235	
  .0001389	-.1156863	 .1666667	
  .000139	-.1156863	 .1666667	
  .0001391	-.1196078	 .1666667	
  .0001392	-.1156863	 .1627451	
  .0001393	-.1196078	 .1705882	
  .0001394	-.1156863	 .1666667	
  .0001395	-.1196078	 .1666667	
  .0001396	-.1156863	 .1705882	
  .0001397	-.1156863	 .1745098	
  .0001398	-.1196078	 .1745098	
  .0001399	-.1196078	 .1784314	
  .00014	-.1196078	 .1745098	
  .0001401	-.1196078	 .1745098	
  .0001402	-.1196078	 .1745098	
  .0001403	-.1196078	 .1705882	
  .0001404	-.1156863	 .1745098	
  .0001405	-.1156863	 .1823529	
  .0001406	-.1196078	 .1745098	
  .0001407	-.1196078	 .1784314	
  .0001408	-.1196078	 .1823529	
  .0001409	-.1156863	 .1862745	
  .000141	-.1196078	 .1823529	
  .0001411	-.1196078	 .1823529	
  .0001412	-.1156863	 .1823529	
  .0001413	-.1156863	 .1901961	
  .0001414	-.1156863	 .1823529	
  .0001415	-.1156863	 .1784314	
  .0001416	-.1156863	 .1823529	
  .0001417	-.1156863	 .1901961	
  .0001418	-.1078431	 .1862745	
  .0001419	-.1156863	 .1823529	
  .000142	-.1117647	 .1823529	
  .0001421	-.1078431	 .1823529	
  .0001422	-.1117647	 .1862745	
  .0001423	-.1078431	 .1862745	
  .0001424	-.1117647	 .1901961	
  .0001425	-.1117647	 .1862745	
  .0001426	-.1117647	 .1862745	
  .0001427	-.1078431	 .1862745	
  .0001428	-.1078431	 .1901961	
  .0001429	-.1078431	 .1862745	
  .000143	-.1078431	 .1901961	
  .0001431	-.1078431	 .1901961	
  .0001432	-.1039216	 .1901961	
  .0001433	-.1039216	 .1901961	
  .0001434	-.1039216	 .1901961	
  .0001435	-.1039216	 .1862745	
  .0001436	-.1039216	 .1862745	
  .0001437	-.1	 .1862745	
  .0001438	-.1039216	 .1901961	
  .0001439	-.1	 .1901961	
  .000144	-.1	 .1941177	
  .0001441	-.1039216	 .1941177	
  .0001442	-.1039216	 .1862745	
  .0001443	-.1	 .1901961	
  .0001444	-.1	 .1862745	
  .0001445	-9.607843E-02	 .1862745	
  .0001446	-9.607843E-02	 .1901961	
  .0001447	-9.607843E-02	 .1901961	
  .0001448	-.1	 .1862745	
  .0001449	-9.215686E-02	 .1862745	
  .000145	-9.607843E-02	 .1901961	
  .0001451	-9.215686E-02	 .1784314	
  .0001452	-9.607843E-02	 .1862745	
  .0001453	-9.215686E-02	 .1823529	
  .0001454	-9.215686E-02	 .1823529	
  .0001455	-9.215686E-02	 .1862745	
  .0001456	-9.215686E-02	 .1823529	
  .0001457	-8.431373E-02	 .1823529	
  .0001458	-.0882353	 .1862745	
  .0001459	-.0882353	 .1823529	
  .000146	-8.431373E-02	 .1784314	
  .0001461	-8.431373E-02	 .1823529	
  .0001462	-8.431373E-02	 .1784314	
  .0001463	-8.039216E-02	 .1823529	
  .0001464	-8.039216E-02	 .1862745	
  .0001465	-8.039216E-02	 .1745098	
  .0001466	-8.039216E-02	 .1784314	
  .0001467	-8.039216E-02	 .1745098	
  .0001468	-8.431373E-02	 .1784314	
  .0001469	-8.039216E-02	 .1745098	
  .000147	-7.254902E-02	 .1745098	
  .0001471	-7.647059E-02	 .1745098	
  .0001472	-7.647059E-02	 .1823529	
  .0001473	-7.254902E-02	 .1823529	
  .0001474	-7.647059E-02	 .1745098	
  .0001475	-7.254902E-02	 .1745098	
  .0001476	-7.254902E-02	 .1666667	
  .0001477	-6.862745E-02	 .1666667	
  .0001478	-6.862745E-02	 .1666667	
  .0001479	-6.470589E-02	 .1666667	
  .000148	-6.470589E-02	 .1705882	
  .0001481	-6.470589E-02	 .1666667	
  .0001482	-6.078431E-02	 .1666667	
  .0001483	-6.078431E-02	 .1666667	
  .0001484	-6.078431E-02	 .1588235	
  .0001485	-6.078431E-02	 .1627451	
  .0001486	-5.686275E-02	 .154902	
  .0001487	-6.078431E-02	 .1588235	
  .0001488	-5.294118E-02	 .1588235	
  .0001489	-5.686275E-02	 .1588235	
  .000149	-5.294118E-02	 .154902	
  .0001491	-5.294118E-02	 .154902	
  .0001492	-5.294118E-02	 .1588235	
  .0001493	-4.901961E-02	 .1509804	
  .0001494	-5.294118E-02	 .1509804	
  .0001495	-4.901961E-02	 .1509804	
  .0001496	-4.901961E-02	 .1509804	
  .0001497	-4.117647E-02	 .1470588	
  .0001498	-4.509804E-02	 .1431373	
  .0001499	-4.901961E-02	 .1470588	
  .00015	-4.509804E-02	 .1470588	
  .0001501	-4.509804E-02	 .1392157	
  .0001502	-4.117647E-02	 .1392157	
  .0001503	-.0372549	 .1352941	
  .0001504	-.0372549	 .1392157	
  .0001505	-4.117647E-02	 .1352941	
  .0001506	-3.333334E-02	 .1352941	
  .0001507	-.0372549	 .1313726	
  .0001508	-3.333334E-02	 .1352941	
  .0001509	-.0372549	 .127451	
  .000151	-3.333334E-02	 .127451	
  .0001511	-3.333334E-02	 .127451	
  .0001512	-3.333334E-02	 .1313726	
  .0001513	-2.941176E-02	 .1235294	
  .0001514	-2.941176E-02	 .1196078	
  .0001515	-.0254902	 .1196078	
  .0001516	-.0254902	 .1313726	
  .0001517	-1.764706E-02	 .1196078	
  .0001518	-2.156863E-02	 .1196078	
  .0001519	-.0254902	 .1156863	
  .000152	-2.156863E-02	 .1156863	
  .0001521	-1.764706E-02	 .1156863	
  .0001522	-1.372549E-02	 .1117647	
  .0001523	-1.372549E-02	 .1117647	
  .0001524	-1.764706E-02	 .1117647	
  .0001525	-1.764706E-02	 .1039216	
  .0001526	-1.372549E-02	 .1039216	
  .0001527	-9.803922E-03	 .1039216	
  .0001528	-1.372549E-02	 .1	
  .0001529	-1.372549E-02	 .1	
  .000153	-9.803922E-03	 .1	
  .0001531	-9.803922E-03	 9.607843E-02	
  .0001532	-5.882353E-03	 .0882353	
  .0001533	-5.882353E-03	 .0882353	
  .0001534	-1.960784E-03	 .0882353	
  .0001535	-1.960784E-03	 .0882353	
  .0001536	-5.882353E-03	 .0882353	
  .0001537	-1.960784E-03	 .0882353	
  .0001538	-1.960784E-03	 8.431373E-02	
  .0001539	 5.882353E-03	 8.431373E-02	
  .000154	 1.960784E-03	 8.039216E-02	
  .0001541	 5.882353E-03	 8.039216E-02	
  .0001542	 5.882353E-03	 7.647059E-02	
  .0001543	 9.803922E-03	 7.647059E-02	
  .0001544	 1.372549E-02	 6.862745E-02	
  .0001545	 9.803922E-03	 7.647059E-02	
  .0001546	 1.372549E-02	 7.647059E-02	
  .0001547	 1.372549E-02	 6.862745E-02	
  .0001548	 9.803922E-03	 6.470589E-02	
  .0001549	 1.372549E-02	 6.078431E-02	
  .000155	 2.156863E-02	 5.686275E-02	
  .0001551	 1.764706E-02	 5.294118E-02	
  .0001552	 1.764706E-02	 5.686275E-02	
  .0001553	 1.764706E-02	 4.901961E-02	
  .0001554	 1.764706E-02	 5.294118E-02	
  .0001555	 2.156863E-02	 4.901961E-02	
  .0001556	 .0254902	 5.294118E-02	
  .0001557	 2.156863E-02	 5.294118E-02	
  .0001558	 .0254902	 4.117647E-02	
  .0001559	 2.156863E-02	 4.117647E-02	
  .000156	 .0254902	 4.117647E-02	
  .0001561	 .0254902	 .0372549	
  .0001562	 3.333334E-02	 .0372549	
  .0001563	 2.941176E-02	 .0372549	
  .0001564	 2.941176E-02	 3.333334E-02	
  .0001565	 3.333334E-02	 2.941176E-02	
  .0001566	 3.333334E-02	 .0254902	
  .0001567	 3.333334E-02	 3.333334E-02	
  .0001568	 3.333334E-02	 2.941176E-02	
  .0001569	 .0372549	 .0254902	
  .000157	 .0372549	 .0254902	
  .0001571	 4.117647E-02	 .0254902	
  .0001572	 4.117647E-02	 1.764706E-02	
  .0001573	 .0372549	 1.764706E-02	
  .0001574	 4.117647E-02	 1.764706E-02	
  .0001575	 4.509804E-02	 1.960784E-03	
  .0001576	 4.509804E-02	 1.960784E-03	
  .0001577	 4.509804E-02	 9.803922E-03	
  .0001578	 4.509804E-02	-1.960784E-03	
  .0001579	 4.901961E-02	 1.960784E-03	
  .000158	 5.294118E-02	-1.960784E-03	
  .0001581	 5.294118E-02	-1.960784E-03	
  .0001582	 5.686275E-02	-5.882353E-03	
  .0001583	 5.294118E-02	 1.960784E-03	
  .0001584	 5.294118E-02	-5.882353E-03	
  .0001585	 5.686275E-02	-1.372549E-02	
  .0001586	 5.686275E-02	-1.372549E-02	
  .0001587	 6.078431E-02	-1.372549E-02	
  .0001588	 6.078431E-02	-1.372549E-02	
  .0001589	 6.862745E-02	-2.156863E-02	
  .000159	 6.470589E-02	-2.156863E-02	
  .0001591	 6.862745E-02	-1.764706E-02	
  .0001592	 6.470589E-02	-2.156863E-02	
  .0001593	 7.254902E-02	-.0254902	
  .0001594	 7.254902E-02	-.0254902	
  .0001595	 7.647059E-02	-.0254902	
  .0001596	 7.254902E-02	-3.333334E-02	
  .0001597	 7.254902E-02	-3.333334E-02	
  .0001598	 8.039216E-02	-.0372549	
  .0001599	 7.647059E-02	-4.117647E-02	
  .00016	 8.039216E-02	-4.117647E-02	
  .0001601	 8.039216E-02	-4.509804E-02	
  .0001602	 8.431373E-02	-4.509804E-02	
  .0001603	 8.431373E-02	-4.117647E-02	
  .0001604	 7.647059E-02	-4.509804E-02	
  .0001605	 8.431373E-02	-4.901961E-02	
  .0001606	 .0882353	-4.509804E-02	
  .0001607	 .0882353	-5.294118E-02	
  .0001608	 8.039216E-02	-5.294118E-02	
  .0001609	 8.039216E-02	-5.294118E-02	
  .000161	 8.431373E-02	-5.686275E-02	
  .0001611	 8.431373E-02	-5.686275E-02	
  .0001612	 .0882353	-5.686275E-02	
  .0001613	 8.431373E-02	-6.078431E-02	
  .0001614	 .0882353	-6.078431E-02	
  .0001615	 9.215686E-02	-6.470589E-02	
  .0001616	 9.607843E-02	-6.862745E-02	
  .0001617	 9.215686E-02	-6.470589E-02	
  .0001618	 9.215686E-02	-6.862745E-02	
  .0001619	 9.215686E-02	-6.862745E-02	
  .000162	 9.607843E-02	-6.862745E-02	
  .0001621	 9.607843E-02	-7.254902E-02	
  .0001622	 9.607843E-02	-7.254902E-02	
  .0001623	 9.607843E-02	-7.647059E-02	
  .0001624	 9.607843E-02	-7.647059E-02	
  .0001625	 9.607843E-02	-7.647059E-02	
  .0001626	 9.607843E-02	-8.431373E-02	
  .0001627	 9.607843E-02	-8.431373E-02	
  .0001628	 9.607843E-02	-8.431373E-02	
  .0001629	 9.607843E-02	-.0882353	
  .000163	 .1039216	-8.431373E-02	
  .0001631	 .1	-.0882353	
  .0001632	 .1	-9.215686E-02	
  .0001633	 .1	-9.215686E-02	
  .0001634	 9.607843E-02	-9.215686E-02	
  .0001635	 9.607843E-02	-9.607843E-02	
  .0001636	 .1	-9.607843E-02	
  .0001637	 .1	-9.607843E-02	
  .0001638	 .1039216	-9.607843E-02	
  .0001639	 .1	-.1	
  .000164	 .1	-.1039216	
  .0001641	 9.607843E-02	-.1039216	
  .0001642	 9.215686E-02	-.1078431	
  .0001643	 .1	-.1039216	
  .0001644	 9.215686E-02	-.1039216	
  .0001645	 .1	-.1039216	
  .0001646	 9.215686E-02	-.1078431	
  .0001647	 9.607843E-02	-.1078431	
  .0001648	 .1	-.1078431	
  .0001649	 9.607843E-02	-.1078431	
  .000165	 9.607843E-02	-.1117647	
  .0001651	 9.607843E-02	-.1117647	
  .0001652	 9.215686E-02	-.1078431	
  .0001653	 9.607843E-02	-.1117647	
  .0001654	 9.607843E-02	-.1196078	
  .0001655	 9.607843E-02	-.1117647	
  .0001656	 9.607843E-02	-.1117647	
  .0001657	 9.607843E-02	-.1156863	
  .0001658	 9.607843E-02	-.1156863	
  .0001659	 9.215686E-02	-.1156863	
  .000166	 9.607843E-02	-.1156863	
  .0001661	 .1	-.1117647	
  .0001662	 9.607843E-02	-.1196078	
  .0001663	 9.607843E-02	-.1196078	
  .0001664	 9.607843E-02	-.1196078	
  .0001665	 9.607843E-02	-.1196078	
  .0001666	 9.215686E-02	-.1196078	
  .0001667	 9.607843E-02	-.1156863	
  .0001668	 9.607843E-02	-.1196078	
  .0001669	 9.607843E-02	-.1235294	
  .000167	 9.607843E-02	-.1196078	
  .0001671	 9.607843E-02	-.1235294	
  .0001672	 9.607843E-02	-.1196078	
  .0001673	 .1	-.1235294	
  .0001674	 9.607843E-02	-.1235294	
  .0001675	 .1	-.127451	
  .0001676	 9.607843E-02	-.1235294	
  .0001677	 9.607843E-02	-.127451	
  .0001678	 9.215686E-02	-.1235294	
  .0001679	 9.607843E-02	-.127451	
  .000168	 9.607843E-02	-.127451	
  .0001681	 9.607843E-02	-.1313726	
  .0001682	 9.607843E-02	-.1313726	
  .0001683	 9.607843E-02	-.1313726	
  .0001684	 9.215686E-02	-.1313726	
  .0001685	 9.607843E-02	-.1313726	
  .0001686	 9.607843E-02	-.1313726	
  .0001687	 9.607843E-02	-.1313726	
  .0001688	 9.607843E-02	-.1352941	
  .0001689	 9.607843E-02	-.1352941	
  .000169	 9.607843E-02	-.1313726	
  .0001691	 9.607843E-02	-.1313726	
  .0001692	 9.215686E-02	-.1352941	
  .0001693	 9.215686E-02	-.1352941	
  .0001694	 9.607843E-02	-.1313726	
  .0001695	 9.607843E-02	-.1352941	
  .0001696	 9.215686E-02	-.1352941	
  .0001697	 9.215686E-02	-.1352941	
  .0001698	 9.607843E-02	-.1431373	
  .0001699	 .0882353	-.1392157	
  .00017	 .0882353	-.1392157	
  .0001701	 9.215686E-02	-.1352941	
  .0001702	 9.215686E-02	-.1352941	
  .0001703	 8.431373E-02	-.1392157	
  .0001704	 .0882353	-.1392157	
  .0001705	 9.215686E-02	-.1431373	
  .0001706	 9.215686E-02	-.1392157	
  .0001707	 .0882353	-.1392157	
  .0001708	 8.431373E-02	-.1392157	
  .0001709	 8.431373E-02	-.1392157	
  .000171	 8.431373E-02	-.1352941	
  .0001711	 8.431373E-02	-.1352941	
  .0001712	 8.431373E-02	-.1431373	
  .0001713	 8.431373E-02	-.1431373	
  .0001714	 .0882353	-.1392157	
  .0001715	 9.215686E-02	-.1392157	
  .0001716	 .0882353	-.1352941	
  .0001717	 8.431373E-02	-.1431373	
  .0001718	 .0882353	-.1392157	
  .0001719	 8.431373E-02	-.1352941	
  .000172	 8.431373E-02	-.1431373	
  .0001721	 .0882353	-.1392157	
  .0001722	 8.039216E-02	-.1392157	
  .0001723	 8.039216E-02	-.1431373	
  .0001724	 8.039216E-02	-.1392157	
  .0001725	 8.039216E-02	-.1431373	
  .0001726	 8.039216E-02	-.1352941	
  .0001727	 8.039216E-02	-.1392157	
  .0001728	 7.647059E-02	-.1392157	
  .0001729	 8.039216E-02	-.1392157	
  .000173	 8.039216E-02	-.1392157	
  .0001731	 8.039216E-02	-.1352941	
  .0001732	 8.039216E-02	-.1431373	
  .0001733	 8.039216E-02	-.1392157	
  .0001734	 7.647059E-02	-.1431373	
  .0001735	 8.039216E-02	-.1352941	
  .0001736	 8.039216E-02	-.1392157	
  .0001737	 8.431373E-02	-.1392157	
  .0001738	 7.647059E-02	-.1392157	
  .0001739	 8.039216E-02	-.1352941	
  .000174	 7.647059E-02	-.1392157	
  .0001741	 8.039216E-02	-.1392157	
  .0001742	 8.039216E-02	-.1392157	
  .0001743	 7.647059E-02	-.1313726	
  .0001744	 8.039216E-02	-.1352941	
  .0001745	 7.647059E-02	-.1313726	
  .0001746	 7.647059E-02	-.1352941	
  .0001747	 7.254902E-02	-.1352941	
  .0001748	 7.254902E-02	-.1352941	
  .0001749	 7.254902E-02	-.1313726	
  .000175	 7.254902E-02	-.1352941	
  .0001751	 6.862745E-02	-.1352941	
  .0001752	 6.862745E-02	-.1313726	
  .0001753	 6.862745E-02	-.1352941	
  .0001754	 6.862745E-02	-.127451	
  .0001755	 6.470589E-02	-.1352941	
  .0001756	 6.862745E-02	-.1313726	
  .0001757	 6.862745E-02	-.127451	
  .0001758	 6.470589E-02	-.127451	
  .0001759	 6.470589E-02	-.127451	
  .000176	 6.470589E-02	-.127451	
  .0001761	 6.470589E-02	-.1313726	
  .0001762	 6.470589E-02	-.127451	
  .0001763	 6.078431E-02	-.127451	
  .0001764	 6.470589E-02	-.1313726	
  .0001765	 5.686275E-02	-.1196078	
  .0001766	 5.686275E-02	-.127451	
  .0001767	 6.078431E-02	-.1235294	
  .0001768	 5.686275E-02	-.1235294	
  .0001769	 6.078431E-02	-.1196078	
  .000177	 6.078431E-02	-.1235294	
  .0001771	 5.294118E-02	-.1235294	
  .0001772	 5.294118E-02	-.1196078	
  .0001773	 5.686275E-02	-.1196078	
  .0001774	 5.294118E-02	-.1196078	
  .0001775	 5.294118E-02	-.1196078	
  .0001776	 5.294118E-02	-.1156863	
  .0001777	 4.901961E-02	-.1117647	
  .0001778	 5.294118E-02	-.1156863	
  .0001779	 5.294118E-02	-.1117647	
  .000178	 4.901961E-02	-.1156863	
  .0001781	 4.901961E-02	-.1156863	
  .0001782	 4.901961E-02	-.1078431	
  .0001783	 4.901961E-02	-.1117647	
  .0001784	 4.509804E-02	-.1078431	
  .0001785	 4.901961E-02	-.1078431	
  .0001786	 4.509804E-02	-.1078431	
  .0001787	 4.901961E-02	-.1117647	
  .0001788	 4.509804E-02	-.1117647	
  .0001789	 4.509804E-02	-.1039216	
  .000179	 .0372549	-.1078431	
  .0001791	 4.117647E-02	-.1078431	
  .0001792	 4.117647E-02	-.1	
  .0001793	 4.117647E-02	-.1039216	
  .0001794	 4.117647E-02	-.1039216	
  .0001795	 .0372549	-.1	
  .0001796	 3.333334E-02	-.1	
  .0001797	 .0372549	-.1	
  .0001798	 3.333334E-02	-.1	
  .0001799	 3.333334E-02	-9.607843E-02	
  .00018	 .0372549	-9.607843E-02	
  .0001801	 .0372549	-9.215686E-02	
  .0001802	 2.941176E-02	-9.607843E-02	
  .0001803	 2.941176E-02	-9.215686E-02	
  .0001804	 3.333334E-02	-9.215686E-02	
  .0001805	 2.941176E-02	-9.215686E-02	
  .0001806	 .0254902	-.0882353	
  .0001807	 2.941176E-02	-8.431373E-02	
  .0001808	 2.156863E-02	-.0882353	
  .0001809	 2.156863E-02	-8.431373E-02	
  .000181	 2.156863E-02	-8.039216E-02	
  .0001811	 2.156863E-02	-8.431373E-02	
  .0001812	 2.156863E-02	-8.431373E-02	
  .0001813	 .0254902	-8.039216E-02	
  .0001814	 .0254902	-7.647059E-02	
  .0001815	 1.764706E-02	-7.647059E-02	
  .0001816	 1.764706E-02	-8.039216E-02	
  .0001817	 2.156863E-02	-7.647059E-02	
  .0001818	 1.764706E-02	-7.254902E-02	
  .0001819	 1.764706E-02	-7.647059E-02	
  .000182	 1.764706E-02	-6.862745E-02	
  .0001821	 1.764706E-02	-7.254902E-02	
  .0001822	 9.803922E-03	-7.647059E-02	
  .0001823	 9.803922E-03	-6.470589E-02	
  .0001824	 1.372549E-02	-6.470589E-02	
  .0001825	 9.803922E-03	-6.862745E-02	
  .0001826	 9.803922E-03	-6.470589E-02	
  .0001827	 5.882353E-03	-6.470589E-02	
  .0001828	 5.882353E-03	-6.470589E-02	
  .0001829	 9.803922E-03	-6.078431E-02	
  .000183	 5.882353E-03	-6.078431E-02	
  .0001831	 9.803922E-03	-5.686275E-02	
  .0001832	 5.882353E-03	-6.078431E-02	
  .0001833	 5.882353E-03	-5.686275E-02	
  .0001834	 1.960784E-03	-4.901961E-02	
  .0001835	 1.960784E-03	-5.294118E-02	
  .0001836	 9.803922E-03	-4.901961E-02	
  .0001837	-1.960784E-03	-5.294118E-02	
  .0001838	-1.960784E-03	-4.901961E-02	
  .0001839	-1.960784E-03	-4.901961E-02	
  .000184	-5.882353E-03	-4.901961E-02	
  .0001841	 1.960784E-03	-4.509804E-02	
  .0001842	-1.960784E-03	-4.117647E-02	
  .0001843	-1.960784E-03	-4.117647E-02	
  .0001844	-5.882353E-03	-.0372549	
  .0001845	-5.882353E-03	-4.117647E-02	
  .0001846	-9.803922E-03	-.0372549	
  .0001847	-9.803922E-03	-.0372549	
  .0001848	-5.882353E-03	-3.333334E-02	
  .0001849	-9.803922E-03	-3.333334E-02	
  .000185	-9.803922E-03	-3.333334E-02	
  .0001851	-1.372549E-02	-2.941176E-02	
  .0001852	-1.372549E-02	-2.941176E-02	
  .0001853	-9.803922E-03	-.0254902	
  .0001854	-9.803922E-03	-.0254902	
  .0001855	-1.372549E-02	-.0254902	
  .0001856	-1.764706E-02	-.0254902	
  .0001857	-1.372549E-02	-2.156863E-02	
  .0001858	-2.156863E-02	-2.156863E-02	
  .0001859	-1.372549E-02	-1.764706E-02	
  .000186	-1.764706E-02	-1.372549E-02	
  .0001861	-2.156863E-02	-1.372549E-02	
  .0001862	-1.764706E-02	-1.764706E-02	
  .0001863	-2.156863E-02	-1.372549E-02	
  .0001864	-2.156863E-02	-5.882353E-03	
  .0001865	-2.156863E-02	-9.803922E-03	
  .0001866	-2.156863E-02	-9.803922E-03	
  .0001867	-.0254902	-9.803922E-03	
  .0001868	-2.156863E-02	-1.960784E-03	
  .0001869	-.0254902	-1.960784E-03	
  .000187	-2.941176E-02	-1.960784E-03	
  .0001871	-2.941176E-02	-5.882353E-03	
  .0001872	-.0254902	-1.960784E-03	
  .0001873	-2.941176E-02	-5.882353E-03	
  .0001874	-2.941176E-02	-1.960784E-03	
  .0001875	-3.333334E-02	 1.960784E-03	
  .0001876	-2.941176E-02	 5.882353E-03	
  .0001877	-3.333334E-02	 5.882353E-03	
  .0001878	-.0372549	 9.803922E-03	
  .0001879	-.0372549	 9.803922E-03	
  .000188	-3.333334E-02	 9.803922E-03	
  .0001881	-3.333334E-02	 9.803922E-03	
  .0001882	-.0372549	 9.803922E-03	
  .0001883	-4.117647E-02	 1.372549E-02	
  .0001884	-.0372549	 1.764706E-02	
  .0001885	-4.509804E-02	 2.156863E-02	
  .0001886	-.0372549	 1.764706E-02	
  .0001887	-4.117647E-02	 1.372549E-02	
  .0001888	-4.117647E-02	 .0254902	
  .0001889	-4.509804E-02	 2.156863E-02	
  .000189	-4.509804E-02	 2.156863E-02	
  .0001891	-4.901961E-02	 .0254902	
  .0001892	-4.509804E-02	 .0254902	
  .0001893	-4.509804E-02	 2.941176E-02	
  .0001894	-4.901961E-02	 2.941176E-02	
  .0001895	-4.901961E-02	 2.941176E-02	
  .0001896	-4.901961E-02	 2.941176E-02	
  .0001897	-5.294118E-02	 3.333334E-02	
  .0001898	-5.294118E-02	 3.333334E-02	
  .0001899	-4.901961E-02	 2.941176E-02	
  .00019	-4.901961E-02	 .0372549	
  .0001901	-5.294118E-02	 3.333334E-02	
  .0001902	-5.686275E-02	 .0372549	
  .0001903	-5.686275E-02	 4.117647E-02	
  .0001904	-5.294118E-02	 4.117647E-02	
  .0001905	-5.686275E-02	 4.117647E-02	
  .0001906	-5.686275E-02	 4.509804E-02	
  .0001907	-5.686275E-02	 4.509804E-02	
  .0001908	-5.686275E-02	 4.901961E-02	
  .0001909	-6.078431E-02	 4.901961E-02	
  .000191	-6.078431E-02	 4.117647E-02	
  .0001911	-6.078431E-02	 4.901961E-02	
  .0001912	-6.078431E-02	 5.686275E-02	
  .0001913	-5.294118E-02	 5.294118E-02	
  .0001914	-6.078431E-02	 5.686275E-02	
  .0001915	-6.078431E-02	 4.901961E-02	
  .0001916	-6.470589E-02	 5.294118E-02	
  .0001917	-6.078431E-02	 5.686275E-02	
  .0001918	-6.078431E-02	 5.686275E-02	
  .0001919	-6.470589E-02	 6.078431E-02	
  .000192	-6.862745E-02	 6.862745E-02	
  .0001921	-6.470589E-02	 6.078431E-02	
  .0001922	-6.470589E-02	 5.686275E-02	
  .0001923	-6.078431E-02	 6.078431E-02	
  .0001924	-6.470589E-02	 6.078431E-02	
  .0001925	-6.078431E-02	 6.470589E-02	
  .0001926	-6.078431E-02	 6.470589E-02	
  .0001927	-6.470589E-02	 6.862745E-02	
  .0001928	-6.470589E-02	 6.862745E-02	
  .0001929	-6.470589E-02	 6.470589E-02	
  .000193	-6.862745E-02	 6.862745E-02	
  .0001931	-6.470589E-02	 6.862745E-02	
  .0001932	-6.862745E-02	 7.254902E-02	
  .0001933	-6.862745E-02	 7.647059E-02	
  .0001934	-6.862745E-02	 7.647059E-02	
  .0001935	-6.470589E-02	 7.647059E-02	
  .0001936	-6.470589E-02	 7.254902E-02	
  .0001937	-6.862745E-02	 7.647059E-02	
  .0001938	-6.470589E-02	 7.254902E-02	
  .0001939	-6.862745E-02	 7.647059E-02	
  .000194	-6.862745E-02	 7.647059E-02	
  .0001941	-6.470589E-02	 8.039216E-02	
  .0001942	-6.470589E-02	 8.431373E-02	
  .0001943	-6.862745E-02	 8.039216E-02	
  .0001944	-6.862745E-02	 8.039216E-02	
  .0001945	-7.254902E-02	 8.431373E-02	
  .0001946	-6.862745E-02	 8.039216E-02	
  .0001947	-6.862745E-02	 8.039216E-02	
  .0001948	-6.862745E-02	 8.431373E-02	
  .0001949	-7.254902E-02	 8.039216E-02	
  .000195	-6.862745E-02	 .0882353	
  .0001951	-7.254902E-02	 8.431373E-02	
  .0001952	-6.470589E-02	 9.215686E-02	
  .0001953	-6.862745E-02	 9.215686E-02	
  .0001954	-7.254902E-02	 9.215686E-02	
  .0001955	-6.470589E-02	 .0882353	
  .0001956	-7.254902E-02	 .0882353	
  .0001957	-6.862745E-02	 9.215686E-02	
  .0001958	-6.470589E-02	 9.215686E-02	
  .0001959	-6.470589E-02	 9.607843E-02	
  .000196	-6.862745E-02	 9.215686E-02	
  .0001961	-6.862745E-02	 9.215686E-02	
  .0001962	-6.862745E-02	 9.607843E-02	
  .0001963	-6.862745E-02	 9.607843E-02	
  .0001964	-6.862745E-02	 .1	
  .0001965	-6.862745E-02	 9.607843E-02	
  .0001966	-6.862745E-02	 9.607843E-02	
  .0001967	-7.254902E-02	 .1	
  .0001968	-6.862745E-02	 .1	
  .0001969	-7.254902E-02	 .1	
  .000197	-6.862745E-02	 9.607843E-02	
  .0001971	-6.862745E-02	 9.607843E-02	
  .0001972	-6.862745E-02	 .1	
  .0001973	-7.254902E-02	 9.607843E-02	
  .0001974	-6.862745E-02	 .1	
  .0001975	-6.862745E-02	 .1039216	
  .0001976	-6.470589E-02	 .1	
  .0001977	-6.470589E-02	 .1039216	
  .0001978	-6.862745E-02	 .1039216	
  .0001979	-6.470589E-02	 .1	
  .000198	-6.862745E-02	 .1078431	
  .0001981	-6.470589E-02	 .1039216	
  .0001982	-6.470589E-02	 .1039216	
  .0001983	-6.470589E-02	 .1039216	
  .0001984	-6.470589E-02	 .1039216	
  .0001985	-6.470589E-02	 .1078431	
  .0001986	-6.470589E-02	 9.607843E-02	
  .0001987	-6.470589E-02	 .1117647	
  .0001988	-6.862745E-02	 .1078431	
  .0001989	-6.470589E-02	 .1078431	
  .000199	-6.470589E-02	 .1078431	
  .0001991	-6.078431E-02	 .1117647	
  .0001992	-6.078431E-02	 .1078431	
  .0001993	-6.470589E-02	 .1078431	
  .0001994	-6.470589E-02	 .1078431	
  .0001995	-6.078431E-02	 .1117647	
  .0001996	-6.470589E-02	 .1078431	
  .0001997	-6.470589E-02	 .1039216	
  .0001998	-6.078431E-02	 .1039216	
  .0001999	-5.686275E-02	 .1078431	
  .0002	-6.470589E-02	 .1078431	
  .0002001	-6.078431E-02	 .1078431	
  .0002002	-6.078431E-02	 .1117647	
  .0002003	-6.078431E-02	 .1078431	
  .0002004	-6.470589E-02	 .1078431	
  .0002005	-6.470589E-02	 .1039216	
  .0002006	-6.470589E-02	 .1078431	
  .0002007	-6.078431E-02	 .1117647	
  .0002008	-6.078431E-02	 .1078431	
  .0002009	-5.686275E-02	 .1039216	
  .000201	-6.078431E-02	 .1078431	
  .0002011	-5.294118E-02	 .1156863	
  .0002012	-5.294118E-02	 .1117647	
  .0002013	-5.686275E-02	 .1117647	
  .0002014	-5.294118E-02	 .1078431	
  .0002015	-5.294118E-02	 .1078431	
  .0002016	-5.686275E-02	 .1117647	
  .0002017	-4.901961E-02	 .1078431	
  .0002018	-5.294118E-02	 .1156863	
  .0002019	-5.686275E-02	 .1117647	
  .000202	-5.686275E-02	 .1117647	
  .0002021	-5.686275E-02	 .1078431	
  .0002022	-5.294118E-02	 .1078431	
  .0002023	-4.901961E-02	 .1039216	
  .0002024	-4.901961E-02	 .1117647	
  .0002025	-5.294118E-02	 .1078431	
  .0002026	-4.901961E-02	 .1078431	
  .0002027	-4.901961E-02	 .1078431	
  .0002028	-4.901961E-02	 .1039216	
  .0002029	-4.901961E-02	 .1039216	
  .000203	-4.901961E-02	 .1039216	
  .0002031	-4.509804E-02	 .1039216	
  .0002032	-4.509804E-02	 .1078431	
  .0002033	-4.901961E-02	 .1078431	
  .0002034	-4.117647E-02	 .1078431	
  .0002035	-4.901961E-02	 .1039216	
  .0002036	-4.509804E-02	 .1039216	
  .0002037	-4.509804E-02	 .1	
  .0002038	-4.509804E-02	 .1	
  .0002039	-4.117647E-02	 .1039216	
  .000204	-4.117647E-02	 .1078431	
  .0002041	-4.117647E-02	 .1078431	
  .0002042	-4.117647E-02	 .1039216	
  .0002043	-4.509804E-02	 .1	
  .0002044	-4.117647E-02	 .1039216	
  .0002045	-4.117647E-02	 9.607843E-02	
  .0002046	-4.117647E-02	 9.607843E-02	
  .0002047	-4.117647E-02	 9.607843E-02	
  .0002048	-4.117647E-02	 9.215686E-02	
  .0002049	-4.117647E-02	 9.607843E-02	
  .000205	-4.117647E-02	 9.215686E-02	
  .0002051	-.0372549	 9.607843E-02	
  .0002052	-.0372549	 .1	
  .0002053	-3.333334E-02	 9.215686E-02	
  .0002054	-.0372549	 9.215686E-02	
  .0002055	-.0372549	 9.215686E-02	
  .0002056	-.0372549	 .0882353	
  .0002057	-3.333334E-02	 .0882353	
  .0002058	-3.333334E-02	 9.215686E-02	
  .0002059	-3.333334E-02	 9.607843E-02	
  .000206	-2.941176E-02	 8.431373E-02	
  .0002061	-3.333334E-02	 .0882353	
  .0002062	-2.941176E-02	 .0882353	
  .0002063	-3.333334E-02	 .0882353	
  .0002064	-2.941176E-02	 9.215686E-02	
  .0002065	-2.941176E-02	 8.431373E-02	
  .0002066	-2.941176E-02	 .0882353	
  .0002067	-2.941176E-02	 9.215686E-02	
  .0002068	-2.941176E-02	 8.431373E-02	
  .0002069	-.0254902	 8.039216E-02	
  .000207	-2.941176E-02	 8.039216E-02	
  .0002071	-.0254902	 8.431373E-02	
  .0002072	-.0254902	 8.039216E-02	
  .0002073	-.0254902	 7.647059E-02	
  .0002074	-.0254902	 8.431373E-02	
  .0002075	-.0254902	 7.647059E-02	
  .0002076	-.0254902	 7.647059E-02	
  .0002077	-1.764706E-02	 8.039216E-02	
  .0002078	-1.764706E-02	 7.647059E-02	
  .0002079	-2.156863E-02	 7.647059E-02	
  .000208	-2.156863E-02	 7.647059E-02	
  .0002081	-2.156863E-02	 7.254902E-02	
  .0002082	-1.372549E-02	 7.254902E-02	
  .0002083	-1.764706E-02	 7.647059E-02	
  .0002084	-1.372549E-02	 6.862745E-02	
  .0002085	-1.764706E-02	 6.862745E-02	
  .0002086	-1.764706E-02	 7.254902E-02	
  .0002087	-1.764706E-02	 6.862745E-02	
  .0002088	-1.372549E-02	 6.470589E-02	
  .0002089	-1.764706E-02	 6.862745E-02	
  .000209	-1.764706E-02	 6.862745E-02	
  .0002091	-9.803922E-03	 6.862745E-02	
  .0002092	-1.372549E-02	 6.862745E-02	
  .0002093	-1.372549E-02	 6.470589E-02	
  .0002094	-9.803922E-03	 6.470589E-02	
  .0002095	-5.882353E-03	 6.470589E-02	
  .0002096	-9.803922E-03	 5.686275E-02	
  .0002097	-5.882353E-03	 5.686275E-02	
  .0002098	-1.960784E-03	 5.686275E-02	
  .0002099	-9.803922E-03	 5.294118E-02	
  .00021	-9.803922E-03	 5.294118E-02	
  .0002101	-5.882353E-03	 5.686275E-02	
  .0002102	-5.882353E-03	 5.686275E-02	
  .0002103	-5.882353E-03	 5.686275E-02	
  .0002104	-9.803922E-03	 5.686275E-02	
  .0002105	-1.960784E-03	 4.901961E-02	
  .0002106	-1.960784E-03	 5.294118E-02	
  .0002107	-1.960784E-03	 4.901961E-02	
  .0002108	-1.960784E-03	 4.509804E-02	
  .0002109	 1.960784E-03	 4.901961E-02	
  .000211	 1.960784E-03	 5.294118E-02	
  .0002111	 5.882353E-03	 4.509804E-02	
  .0002112	 5.882353E-03	 4.901961E-02	
  .0002113	 1.960784E-03	 4.117647E-02	
  .0002114	 1.960784E-03	 4.117647E-02	
  .0002115	 5.882353E-03	 4.509804E-02	
  .0002116	 9.803922E-03	 4.117647E-02	
  .0002117	 5.882353E-03	 4.509804E-02	
  .0002118	 5.882353E-03	 4.117647E-02	
  .0002119	 1.960784E-03	 .0372549	
  .000212	 5.882353E-03	 3.333334E-02	
  .0002121	 9.803922E-03	 3.333334E-02	
  .0002122	 9.803922E-03	 2.941176E-02	
  .0002123	 9.803922E-03	 .0372549	
  .0002124	 9.803922E-03	 3.333334E-02	
  .0002125	 9.803922E-03	 3.333334E-02	
  .0002126	 1.372549E-02	 3.333334E-02	
  .0002127	 1.372549E-02	 2.941176E-02	
  .0002128	 9.803922E-03	 2.941176E-02	
  .0002129	 1.372549E-02	 .0254902	
  .000213	 1.764706E-02	 .0254902	
  .0002131	 1.764706E-02	 2.941176E-02	
  .0002132	 1.372549E-02	 2.156863E-02	
  .0002133	 1.764706E-02	 .0254902	
  .0002134	 1.372549E-02	 2.156863E-02	
  .0002135	 1.764706E-02	 .0254902	
  .0002136	 2.156863E-02	 2.156863E-02	
  .0002137	 1.764706E-02	 1.764706E-02	
  .0002138	 2.156863E-02	 1.764706E-02	
  .0002139	 1.764706E-02	 2.156863E-02	
  .000214	 .0254902	 1.764706E-02	
  .0002141	 2.156863E-02	 1.764706E-02	
  .0002142	 2.156863E-02	 1.764706E-02	
  .0002143	 2.156863E-02	 1.372549E-02	
  .0002144	 2.156863E-02	 9.803922E-03	
  .0002145	 .0254902	 9.803922E-03	
  .0002146	 .0254902	 5.882353E-03	
  .0002147	 2.156863E-02	 5.882353E-03	
  .0002148	 .0254902	 1.372549E-02	
  .0002149	 .0254902	 5.882353E-03	
  .000215	 2.941176E-02	 9.803922E-03	
  .0002151	 2.941176E-02	 5.882353E-03	
  .0002152	 3.333334E-02	 1.960784E-03	
  .0002153	 2.941176E-02	-1.960784E-03	
  .0002154	 2.941176E-02	 1.960784E-03	
  .0002155	 2.941176E-02	-1.960784E-03	
  .0002156	 3.333334E-02	 1.960784E-03	
  .0002157	 3.333334E-02	 1.960784E-03	
  .0002158	 2.941176E-02	-5.882353E-03	
  .0002159	 3.333334E-02	-5.882353E-03	
  .000216	 3.333334E-02	-5.882353E-03	
  .0002161	 3.333334E-02	-5.882353E-03	
  .0002162	 3.333334E-02	-5.882353E-03	
  .0002163	 .0372549	-9.803922E-03	
  .0002164	 .0372549	-9.803922E-03	
  .0002165	 .0372549	-9.803922E-03	
  .0002166	 4.117647E-02	-9.803922E-03	
  .0002167	 4.117647E-02	-9.803922E-03	
  .0002168	 .0372549	-1.372549E-02	
  .0002169	 4.509804E-02	-1.764706E-02	
  .000217	 4.509804E-02	-1.372549E-02	
  .0002171	 4.509804E-02	-1.372549E-02	
  .0002172	 4.117647E-02	-1.372549E-02	
  .0002173	 4.509804E-02	-1.372549E-02	
  .0002174	 4.901961E-02	-2.156863E-02	
  .0002175	 4.509804E-02	-2.156863E-02	
  .0002176	 4.901961E-02	-1.764706E-02	
  .0002177	 5.294118E-02	-2.156863E-02	
  .0002178	 4.901961E-02	-1.764706E-02	
  .0002179	 4.901961E-02	-2.156863E-02	
  .000218	 4.509804E-02	-.0254902	
  .0002181	 4.901961E-02	-.0254902	
  .0002182	 5.686275E-02	-.0254902	
  .0002183	 5.294118E-02	-2.941176E-02	
  .0002184	 5.294118E-02	-2.941176E-02	
  .0002185	 5.294118E-02	-.0254902	
  .0002186	 4.901961E-02	-3.333334E-02	
  .0002187	 5.294118E-02	-2.941176E-02	
  .0002188	 4.901961E-02	-3.333334E-02	
  .0002189	 5.294118E-02	-3.333334E-02	
  .000219	 5.686275E-02	-3.333334E-02	
  .0002191	 5.294118E-02	-3.333334E-02	
  .0002192	 5.294118E-02	-3.333334E-02	
  .0002193	 6.078431E-02	-.0372549	
  .0002194	 5.294118E-02	-4.117647E-02	
  .0002195	 5.686275E-02	-4.117647E-02	
  .0002196	 5.686275E-02	-4.117647E-02	
  .0002197	 5.686275E-02	-4.117647E-02	
  .0002198	 5.294118E-02	-4.509804E-02	
  .0002199	 5.686275E-02	-4.117647E-02	
  .00022	 5.686275E-02	-4.117647E-02	
  .0002201	 6.078431E-02	-4.509804E-02	
  .0002202	 6.078431E-02	-4.901961E-02	
  .0002203	 5.686275E-02	-4.509804E-02	
  .0002204	 5.686275E-02	-4.901961E-02	
  .0002205	 5.294118E-02	-4.509804E-02	
  .0002206	 5.686275E-02	-4.901961E-02	
  .0002207	 5.686275E-02	-5.294118E-02	
  .0002208	 5.686275E-02	-5.294118E-02	
  .0002209	 6.078431E-02	-4.509804E-02	
  .000221	 6.470589E-02	-4.901961E-02	
  .0002211	 5.686275E-02	-5.294118E-02	
  .0002212	 6.078431E-02	-5.686275E-02	
  .0002213	 6.078431E-02	-4.901961E-02	
  .0002214	 6.078431E-02	-5.294118E-02	
  .0002215	 6.470589E-02	-5.294118E-02	
  .0002216	 6.078431E-02	-4.901961E-02	
  .0002217	 5.686275E-02	-5.686275E-02	
  .0002218	 6.078431E-02	-6.078431E-02	
  .0002219	 5.686275E-02	-6.078431E-02	
  .000222	 5.686275E-02	-5.686275E-02	
  .0002221	 6.470589E-02	-6.078431E-02	
  .0002222	 6.078431E-02	-5.686275E-02	
  .0002223	 6.078431E-02	-6.078431E-02	
  .0002224	 6.078431E-02	-5.686275E-02	
  .0002225	 6.078431E-02	-6.078431E-02	
  .0002226	 6.078431E-02	-6.078431E-02	
  .0002227	 6.470589E-02	-6.078431E-02	
  .0002228	 6.078431E-02	-6.470589E-02	
  .0002229	 6.078431E-02	-6.862745E-02	
  .000223	 6.078431E-02	-6.078431E-02	
  .0002231	 6.078431E-02	-6.078431E-02	
  .0002232	 6.862745E-02	-6.470589E-02	
  .0002233	 6.078431E-02	-6.470589E-02	
  .0002234	 6.078431E-02	-6.470589E-02	
  .0002235	 6.470589E-02	-6.862745E-02	
  .0002236	 6.078431E-02	-6.862745E-02	
  .0002237	 6.470589E-02	-7.254902E-02	
  .0002238	 6.078431E-02	-6.078431E-02	
  .0002239	 6.078431E-02	-6.862745E-02	
  .000224	 6.470589E-02	-6.862745E-02	
  .0002241	 6.078431E-02	-7.254902E-02	
  .0002242	 6.470589E-02	-7.254902E-02	
  .0002243	 6.470589E-02	-6.862745E-02	
  .0002244	 6.470589E-02	-7.254902E-02	
  .0002245	 6.470589E-02	-6.862745E-02	
  .0002246	 6.078431E-02	-7.254902E-02	
  .0002247	 6.470589E-02	-7.254902E-02	
  .0002248	 6.470589E-02	-7.254902E-02	
  .0002249	 6.470589E-02	-7.254902E-02	
  .000225	 6.078431E-02	-7.254902E-02	
