 -.0000249	 5.882353E-03	-1.960784E-03	
 -.0000248	 5.882353E-03	 1.960784E-03	
 -.0000247	 5.882353E-03	 1.960784E-03	
 -.0000246	-1.960784E-03	 1.960784E-03	
 -.0000245	 1.960784E-03	 1.960784E-03	
 -.0000244	 5.882353E-03	 1.960784E-03	
 -.0000243	 5.882353E-03	 1.960784E-03	
 -.0000242	 1.960784E-03	 1.960784E-03	
 -.0000241	-1.960784E-03	 1.960784E-03	
 -.000024	 1.960784E-03	 1.960784E-03	
 -.0000239	-1.960784E-03	 1.960784E-03	
 -.0000238	 9.803922E-03	 5.882353E-03	
 -.0000237	 1.960784E-03	 5.882353E-03	
 -.0000236	 5.882353E-03	 1.960784E-03	
 -.0000235	 1.960784E-03	-1.960784E-03	
 -.0000234	 5.882353E-03	 1.960784E-03	
 -.0000233	 5.882353E-03	-1.960784E-03	
 -.0000232	 1.960784E-03	 5.882353E-03	
 -.0000231	 1.960784E-03	 5.882353E-03	
 -.000023	 5.882353E-03	 5.882353E-03	
 -.0000229	 1.960784E-03	-1.960784E-03	
 -.0000228	 1.960784E-03	-1.960784E-03	
 -.0000227	 5.882353E-03	-1.960784E-03	
 -.0000226	 5.882353E-03	 1.960784E-03	
 -.0000225	 1.960784E-03	 1.960784E-03	
 -.0000224	 1.960784E-03	 1.960784E-03	
 -.0000223	 1.960784E-03	 1.960784E-03	
 -.0000222	 5.882353E-03	 1.960784E-03	
 -.0000221	 5.882353E-03	 5.882353E-03	
 -.000022	 5.882353E-03	 5.882353E-03	
 -.0000219	 5.882353E-03	-1.960784E-03	
 -.0000218	 5.882353E-03	 1.960784E-03	
 -.0000217	 1.960784E-03	 1.960784E-03	
 -.0000216	 1.960784E-03	-1.960784E-03	
 -.0000215	 5.882353E-03	 5.882353E-03	
 -.0000214	 5.882353E-03	 5.882353E-03	
 -.0000213	 1.960784E-03	 1.960784E-03	
 -.0000212	 1.960784E-03	 5.882353E-03	
 -.0000211	 9.803922E-03	-1.960784E-03	
 -.000021	 1.960784E-03	 9.803922E-03	
 -.0000209	 1.960784E-03	 1.960784E-03	
 -.0000208	 1.960784E-03	 1.960784E-03	
 -.0000207	 5.882353E-03	 1.960784E-03	
 -.0000206	 5.882353E-03	 9.803922E-03	
 -.0000205	 5.882353E-03	 9.803922E-03	
 -.0000204	 1.960784E-03	-1.960784E-03	
 -.0000203	 1.960784E-03	 1.960784E-03	
 -.0000202	 5.882353E-03	 1.960784E-03	
 -.0000201	 1.960784E-03	 1.960784E-03	
 -.00002	-1.960784E-03	-1.960784E-03	
 -.0000199	 1.960784E-03	 5.882353E-03	
 -.0000198	 1.960784E-03	 9.803922E-03	
 -.0000197	 5.882353E-03	 1.960784E-03	
 -.0000196	 1.960784E-03	 1.960784E-03	
 -.0000195	 5.882353E-03	 1.960784E-03	
 -.0000194	 9.803922E-03	 1.960784E-03	
 -.0000193	 1.960784E-03	 5.882353E-03	
 -.0000192	 1.960784E-03	 1.960784E-03	
 -.0000191	 1.960784E-03	 1.960784E-03	
 -.000019	 5.882353E-03	 5.882353E-03	
 -.0000189	 5.882353E-03	 1.960784E-03	
 -.0000188	 5.882353E-03	 1.960784E-03	
 -.0000187	 5.882353E-03	-1.960784E-03	
 -.0000186	 5.882353E-03	 9.803922E-03	
 -.0000185	 5.882353E-03	 5.882353E-03	
 -.0000184	 1.960784E-03	 1.960784E-03	
 -.0000183	 1.960784E-03	 5.882353E-03	
 -.0000182	 5.882353E-03	 5.882353E-03	
 -.0000181	 9.803922E-03	 1.960784E-03	
 -.000018	 5.882353E-03	 5.882353E-03	
 -.0000179	 5.882353E-03	 1.960784E-03	
 -.0000178	 9.803922E-03	 1.960784E-03	
 -.0000177	 1.960784E-03	 1.960784E-03	
 -.0000176	 5.882353E-03	 1.960784E-03	
 -.0000175	 5.882353E-03	-1.960784E-03	
 -.0000174	 9.803922E-03	 5.882353E-03	
 -.0000173	 1.960784E-03	 1.960784E-03	
 -.0000172	 5.882353E-03	 5.882353E-03	
 -.0000171	 5.882353E-03	 1.960784E-03	
 -.000017	 1.960784E-03	-1.960784E-03	
 -.0000169	 5.882353E-03	-1.960784E-03	
 -.0000168	 1.960784E-03	 1.960784E-03	
 -.0000167	 1.960784E-03	 1.960784E-03	
 -.0000166	 1.960784E-03	 5.882353E-03	
 -.0000165	 1.960784E-03	 1.960784E-03	
 -.0000164	 1.960784E-03	 1.960784E-03	
 -.0000163	 1.960784E-03	-1.960784E-03	
 -.0000162	 1.960784E-03	 9.803922E-03	
 -.0000161	 9.803922E-03	 5.882353E-03	
 -.000016	 1.960784E-03	 5.882353E-03	
 -.0000159	 5.882353E-03	 1.960784E-03	
 -.0000158	 1.960784E-03	 1.960784E-03	
 -.0000157	 5.882353E-03	 5.882353E-03	
 -.0000156	 9.803922E-03	 1.960784E-03	
 -.0000155	 9.803922E-03	 5.882353E-03	
 -.0000154	 1.960784E-03	 5.882353E-03	
 -.0000153	 5.882353E-03	-1.960784E-03	
 -.0000152	 5.882353E-03	-1.960784E-03	
 -.0000151	 1.960784E-03	 5.882353E-03	
 -.000015	 1.960784E-03	 5.882353E-03	
 -.0000149	 5.882353E-03	 5.882353E-03	
 -.0000148	 5.882353E-03	 5.882353E-03	
 -.0000147	 5.882353E-03	 5.882353E-03	
 -.0000146	 1.960784E-03	-1.960784E-03	
 -.0000145	 1.960784E-03	 5.882353E-03	
 -.0000144	 1.960784E-03	 1.960784E-03	
 -.0000143	 1.960784E-03	 1.960784E-03	
 -.0000142	 1.960784E-03	 1.960784E-03	
 -.0000141	 5.882353E-03	 1.960784E-03	
 -.000014	 1.960784E-03	 5.882353E-03	
 -.0000139	 9.803922E-03	 1.960784E-03	
 -.0000138	 5.882353E-03	 1.960784E-03	
 -.0000137	 1.960784E-03	 1.960784E-03	
 -.0000136	 1.960784E-03	 1.960784E-03	
 -.0000135	 5.882353E-03	 5.882353E-03	
 -.0000134	 5.882353E-03	 1.960784E-03	
 -.0000133	 5.882353E-03	 5.882353E-03	
 -.0000132	 5.882353E-03	 5.882353E-03	
 -.0000131	 5.882353E-03	 9.803922E-03	
 -.000013	 5.882353E-03	 1.960784E-03	
 -.0000129	 1.960784E-03	 1.960784E-03	
 -.0000128	 1.960784E-03	 1.960784E-03	
 -.0000127	 1.960784E-03	 1.960784E-03	
 -.0000126	 1.960784E-03	 5.882353E-03	
 -.0000125	-1.960784E-03	 1.960784E-03	
 -.0000124	 1.960784E-03	 5.882353E-03	
 -.0000123	-1.960784E-03	 1.960784E-03	
 -.0000122	 5.882353E-03	 5.882353E-03	
 -.0000121	 1.960784E-03	 1.960784E-03	
 -.000012	 5.882353E-03	 5.882353E-03	
 -.0000119	 1.960784E-03	-1.960784E-03	
 -.0000118	 1.960784E-03	 1.960784E-03	
 -.0000117	-1.960784E-03	 1.960784E-03	
 -.0000116	 5.882353E-03	 5.882353E-03	
 -.0000115	 5.882353E-03	 5.882353E-03	
 -.0000114	 1.960784E-03	 1.960784E-03	
 -.0000113	 1.960784E-03	 1.960784E-03	
 -.0000112	 1.960784E-03	-1.960784E-03	
 -.0000111	 1.960784E-03	 9.803922E-03	
 -.000011	 1.960784E-03	 1.960784E-03	
 -.0000109	 1.960784E-03	 5.882353E-03	
 -.0000108	 1.960784E-03	 1.960784E-03	
 -.0000107	 5.882353E-03	 5.882353E-03	
 -.0000106	 1.960784E-03	 9.803922E-03	
 -.0000105	 1.960784E-03	 5.882353E-03	
 -.0000104	 1.960784E-03	 1.960784E-03	
 -.0000103	 1.960784E-03	 1.960784E-03	
 -.0000102	 1.960784E-03	 1.960784E-03	
 -.0000101	 1.960784E-03	 1.960784E-03	
 -.00001	 1.960784E-03	 1.960784E-03	
 -.0000099	 5.882353E-03	 5.882353E-03	
 -.0000098	 5.882353E-03	 1.960784E-03	
 -.0000097	 1.960784E-03	 1.960784E-03	
 -.0000096	 5.882353E-03	 1.960784E-03	
 -.0000095	 5.882353E-03	 1.960784E-03	
 -.0000094	 1.960784E-03	 5.882353E-03	
 -.0000093	 1.960784E-03	 1.960784E-03	
 -.0000092	 1.960784E-03	 1.960784E-03	
 -.0000091	 9.803922E-03	 5.882353E-03	
 -.000009	 5.882353E-03	 1.960784E-03	
 -.0000089	 9.803922E-03	 1.960784E-03	
 -.0000088	 5.882353E-03	-1.960784E-03	
 -.0000087	 9.803922E-03	 1.960784E-03	
 -.0000086	 1.960784E-03	 5.882353E-03	
 -.0000085	 5.882353E-03	-1.960784E-03	
 -.0000084	 1.960784E-03	 1.960784E-03	
 -.0000083	 5.882353E-03	 1.960784E-03	
 -.0000082	 5.882353E-03	 1.960784E-03	
 -.0000081	 5.882353E-03	 5.882353E-03	
 -.000008	 5.882353E-03	 1.960784E-03	
 -.0000079	 5.882353E-03	 5.882353E-03	
 -.0000078	 1.960784E-03	 5.882353E-03	
 -.0000077	 1.960784E-03	 1.960784E-03	
 -.0000076	 5.882353E-03	 1.960784E-03	
 -.0000075	 9.803922E-03	 1.960784E-03	
 -.0000074	 1.960784E-03	-1.960784E-03	
 -.0000073	 1.960784E-03	 1.960784E-03	
 -.0000072	 9.803922E-03	 5.882353E-03	
 -.0000071	 5.882353E-03	 1.960784E-03	
 -.000007	 1.960784E-03	 1.960784E-03	
 -.0000069	 1.960784E-03	 5.882353E-03	
 -.0000068	 1.960784E-03	-1.960784E-03	
 -.0000067	 1.960784E-03	 5.882353E-03	
 -.0000066	 1.960784E-03	 5.882353E-03	
 -.0000065	 1.960784E-03	 1.960784E-03	
 -.0000064	 5.882353E-03	-1.960784E-03	
 -.0000063	 5.882353E-03	 9.803922E-03	
 -.0000062	 9.803922E-03	 5.882353E-03	
 -.0000061	 1.960784E-03	 5.882353E-03	
 -.000006	 1.960784E-03	 1.960784E-03	
 -.0000059	 5.882353E-03	-1.960784E-03	
 -.0000058	-1.960784E-03	 5.882353E-03	
 -.0000057	 5.882353E-03	 1.960784E-03	
 -.0000056	 5.882353E-03	 9.803922E-03	
 -.0000055	 5.882353E-03	 5.882353E-03	
 -.0000054	 1.960784E-03	 1.960784E-03	
 -.0000053	 1.960784E-03	 1.960784E-03	
 -.0000052	 1.960784E-03	 1.960784E-03	
 -.0000051	 1.960784E-03	 1.960784E-03	
 -.000005	 1.960784E-03	 1.960784E-03	
 -.0000049	 5.882353E-03	 5.882353E-03	
 -.0000048	-1.960784E-03	 1.960784E-03	
 -.0000047	 9.803922E-03	 1.960784E-03	
 -.0000046	 5.882353E-03	 1.960784E-03	
 -.0000045	 5.882353E-03	 1.960784E-03	
 -.0000044	 1.960784E-03	-1.960784E-03	
 -.0000043	 1.960784E-03	-1.960784E-03	
 -.0000042	 1.960784E-03	 1.960784E-03	
 -.0000041	 1.960784E-03	 5.882353E-03	
 -.000004	 9.803922E-03	 1.960784E-03	
 -.0000039	 5.882353E-03	 5.882353E-03	
 -.0000038	 5.882353E-03	 1.960784E-03	
 -.0000037	 1.960784E-03	 1.960784E-03	
 -.0000036	 5.882353E-03	 1.960784E-03	
 -.0000035	 5.882353E-03	 1.960784E-03	
 -.0000034	 5.882353E-03	 5.882353E-03	
 -.0000033	 5.882353E-03	 1.960784E-03	
 -.0000032	 5.882353E-03	 5.882353E-03	
 -.0000031	 1.960784E-03	 1.960784E-03	
 -.000003	 1.960784E-03	 1.960784E-03	
 -.0000029	 5.882353E-03	-1.960784E-03	
 -.0000028	 1.960784E-03	 5.882353E-03	
 -.0000027	-1.960784E-03	 1.960784E-03	
 -.0000026	 5.882353E-03	 1.960784E-03	
 -.0000025	-1.960784E-03	 1.960784E-03	
 -.0000024	 1.960784E-03	 5.882353E-03	
 -.0000023	 5.882353E-03	 5.882353E-03	
 -.0000022	 1.960784E-03	 5.882353E-03	
 -.0000021	 1.960784E-03	 1.960784E-03	
 -.000002	 5.882353E-03	 1.960784E-03	
 -.0000019	 1.960784E-03	 5.882353E-03	
 -.0000018	 5.882353E-03	 1.960784E-03	
 -.0000017	 5.882353E-03	 5.882353E-03	
 -.0000016	 5.882353E-03	 5.882353E-03	
 -.0000015	 1.960784E-03	 1.960784E-03	
 -.0000014	 1.960784E-03	-1.960784E-03	
 -.0000013	 1.960784E-03	 1.960784E-03	
 -.0000012	 1.960784E-03	 9.803922E-03	
 -.0000011	-1.960784E-03	 5.882353E-03	
 -.000001	 1.960784E-03	 1.960784E-03	
 -.0000009	 1.960784E-03	 1.960784E-03	
 -.0000008	 1.960784E-03	 9.803922E-03	
 -.0000007	 1.960784E-03	 5.882353E-03	
 -.0000006	-1.960784E-03	 1.960784E-03	
 -.0000005	-1.960784E-03	 5.882353E-03	
 -.0000004	 1.960784E-03	 1.960784E-03	
 -.0000003	 5.882353E-03	-1.960784E-03	
 -.0000002	 5.882353E-03	 5.882353E-03	
 -.0000001	-1.960784E-03	 1.960784E-03	
  0	 5.882353E-03	 9.803922E-03	
  .0000001	 1.960784E-03	 5.882353E-03	
  .0000002	 1.960784E-03	 1.960784E-03	
  .0000003	 1.960784E-03	 5.882353E-03	
  .0000004	 5.882353E-03	 1.960784E-03	
  .0000005	-1.960784E-03	 5.882353E-03	
  .0000006	 5.882353E-03	 1.960784E-03	
  .0000007	 1.960784E-03	 1.960784E-03	
  .0000008	 5.882353E-03	 5.882353E-03	
  .0000009	 5.882353E-03	 5.882353E-03	
  .000001	 5.882353E-03	 1.960784E-03	
  .0000011	 5.882353E-03	-1.960784E-03	
  .0000012	 1.960784E-03	 5.882353E-03	
  .0000013	 1.960784E-03	 1.960784E-03	
  .0000014	 5.882353E-03	 1.960784E-03	
  .0000015	 5.882353E-03	 1.960784E-03	
  .0000016	 1.960784E-03	 5.882353E-03	
  .0000017	 1.960784E-03	 5.882353E-03	
  .0000018	 5.882353E-03	 5.882353E-03	
  .0000019	 1.960784E-03	 5.882353E-03	
  .000002	 5.882353E-03	 1.960784E-03	
  .0000021	 5.882353E-03	 1.960784E-03	
  .0000022	 1.960784E-03	 1.960784E-03	
  .0000023	 5.882353E-03	 1.960784E-03	
  .0000024	 5.882353E-03	 5.882353E-03	
  .0000025	 1.960784E-03	 1.960784E-03	
  .0000026	 1.960784E-03	 5.882353E-03	
  .0000027	 1.960784E-03	 1.960784E-03	
  .0000028	 1.960784E-03	 1.960784E-03	
  .0000029	 5.882353E-03	 1.960784E-03	
  .000003	 1.960784E-03	 5.882353E-03	
  .0000031	 1.960784E-03	-1.960784E-03	
  .0000032	-.3745098	 5.882353E-03	
  .0000033	-8.039216E-02	 2.156863E-02	
  .0000034	-.1784314	 2.941176E-02	
  .0000035	-.1509804	 4.117647E-02	
  .0000036	-.1705882	 6.078431E-02	
  .0000037	-.1666667	 6.470589E-02	
  .0000038	-.1705882	 7.647059E-02	
  .0000039	-.1745098	 7.647059E-02	
  .000004	-.1784314	 .0882353	
  .0000041	-.1862745	 .1	
  .0000042	-.1784314	 .1039216	
  .0000043	-.1862745	 .1156863	
  .0000044	-.1862745	 .1196078	
  .0000045	-.1862745	 .1235294	
  .0000046	-.1941177	 .127451	
  .0000047	-.1901961	 .1352941	
  .0000048	-.1941177	 .1352941	
  .0000049	-.1941177	 .1470588	
  .000005	-.1941177	 .1509804	
  .0000051	-.1980392	 .1588235	
  .0000052	-.2019608	 .1666667	
  .0000053	-.2019608	 .1666667	
  .0000054	-.1980392	 .1705882	
  .0000055	-.2019608	 .1784314	
  .0000056	-.2019608	 .1823529	
  .0000057	-.2058824	 .1901961	
  .0000058	-.2098039	 .1941177	
  .0000059	-.2058824	 .1980392	
  .000006	-.2058824	 .2058824	
  .0000061	-.2137255	 .2058824	
  .0000062	-.2098039	 .2058824	
  .0000063	-.2098039	 .2098039	
  .0000064	-.2058824	 .2137255	
  .0000065	-.2176471	 .2254902	
  .0000066	-.2137255	 .2254902	
  .0000067	-.2137255	 .2333333	
  .0000068	-.2176471	 .2333333	
  .0000069	-.2215686	 .2411765	
  .000007	-.2176471	 .2411765	
  .0000071	-.2137255	 .2411765	
  .0000072	-.2176471	 .2490196	
  .0000073	-.2176471	 .245098	
  .0000074	-.2215686	 .2568628	
  .0000075	-.2215686	 .2568628	
  .0000076	-.2176471	 .2647059	
  .0000077	-.2215686	 .2686275	
  .0000078	-.2215686	 .2647059	
  .0000079	-.2215686	 .2647059	
  .000008	-.2176471	 .2686275	
  .0000081	-.2215686	 .2686275	
  .0000082	-.2176471	 .2764706	
  .0000083	-.2176471	 .2803922	
  .0000084	-.2215686	 .2843137	
  .0000085	-.2215686	 .2882353	
  .0000086	-.2254902	 .2882353	
  .0000087	-.2215686	 .2960784	
  .0000088	-.2254902	 .2921569	
  .0000089	-.2176471	 .3	
  .000009	-.2215686	 .3	
  .0000091	-.2176471	 .3039216	
  .0000092	-.2254902	 .3039216	
  .0000093	-.2215686	 .3117647	
  .0000094	-.2254902	 .3156863	
  .0000095	-.2215686	 .3117647	
  .0000096	-.2215686	 .3117647	
  .0000097	-.2215686	 .3156863	
  .0000098	-.2254902	 .3156863	
  .0000099	-.2176471	 .3235294	
  .00001	-.2215686	 .3235294	
  .0000101	-.2254902	 .327451	
  .0000102	-.2254902	 .3313726	
  .0000103	-.2176471	 .3313726	
  .0000104	-.2215686	 .327451	
  .0000105	-.2215686	 .3352941	
  .0000106	-.2215686	 .3352941	
  .0000107	-.2176471	 .3352941	
  .0000108	-.2176471	 .3392157	
  .0000109	-.2137255	 .3392157	
  .000011	-.2176471	 .3392157	
  .0000111	-.2137255	 .3352941	
  .0000112	-.2137255	 .3431373	
  .0000113	-.2137255	 .3431373	
  .0000114	-.2137255	 .3431373	
  .0000115	-.2098039	 .3470588	
  .0000116	-.2137255	 .3509804	
  .0000117	-.2137255	 .354902	
  .0000118	-.2098039	 .3509804	
  .0000119	-.2098039	 .3470588	
  .000012	-.2058824	 .354902	
  .0000121	-.2098039	 .3509804	
  .0000122	-.2019608	 .354902	
  .0000123	-.2058824	 .3588235	
  .0000124	-.2098039	 .3509804	
  .0000125	-.2019608	 .3509804	
  .0000126	-.2019608	 .354902	
  .0000127	-.2019608	 .3588235	
  .0000128	-.1980392	 .3509804	
  .0000129	-.2019608	 .354902	
  .000013	-.1980392	 .354902	
  .0000131	-.1941177	 .3588235	
  .0000132	-.1941177	 .3627451	
  .0000133	-.1941177	 .3588235	
  .0000134	-.1901961	 .3588235	
  .0000135	-.1901961	 .354902	
  .0000136	-.1823529	 .354902	
  .0000137	-.1862745	 .3588235	
  .0000138	-.1862745	 .354902	
  .0000139	-.1823529	 .3588235	
  .000014	-.1784314	 .3627451	
  .0000141	-.1784314	 .3588235	
  .0000142	-.1784314	 .3588235	
  .0000143	-.1745098	 .3509804	
  .0000144	-.1784314	 .3588235	
  .0000145	-.1705882	 .3588235	
  .0000146	-.1705882	 .354902	
  .0000147	-.1666667	 .354902	
  .0000148	-.1705882	 .354902	
  .0000149	-.1666667	 .3509804	
  .000015	-.1627451	 .3509804	
  .0000151	-.1627451	 .354902	
  .0000152	-.1588235	 .3509804	
  .0000153	-.1588235	 .3470588	
  .0000154	-.1588235	 .3509804	
  .0000155	-.154902	 .3470588	
  .0000156	-.154902	 .3392157	
  .0000157	-.1509804	 .3431373	
  .0000158	-.1509804	 .3431373	
  .0000159	-.1509804	 .3392157	
  .000016	-.1509804	 .3352941	
  .0000161	-.1431373	 .3392157	
  .0000162	-.1392157	 .3313726	
  .0000163	-.1352941	 .3313726	
  .0000164	-.1392157	 .3352941	
  .0000165	-.1313726	 .3352941	
  .0000166	-.1352941	 .327451	
  .0000167	-.1313726	 .3235294	
  .0000168	-.1352941	 .327451	
  .0000169	-.1235294	 .3156863	
  .000017	-.1235294	 .3156863	
  .0000171	-.1235294	 .3156863	
  .0000172	-.1196078	 .3117647	
  .0000173	-.1156863	 .3156863	
  .0000174	-.1196078	 .3117647	
  .0000175	-.1117647	 .3078431	
  .0000176	-.1117647	 .3117647	
  .0000177	-.1078431	 .3039216	
  .0000178	-.1078431	 .3039216	
  .0000179	-.1078431	 .3	
  .000018	-.1	 .3	
  .0000181	-.1	 .2960784	
  .0000182	-.1	 .2960784	
  .0000183	-.1	 .2882353	
  .0000184	-.1	 .2882353	
  .0000185	-9.215686E-02	 .2921569	
  .0000186	-9.607843E-02	 .2882353	
  .0000187	-9.215686E-02	 .2803922	
  .0000188	-.0882353	 .2803922	
  .0000189	-8.431373E-02	 .2803922	
  .000019	-8.431373E-02	 .2843137	
  .0000191	-8.039216E-02	 .2803922	
  .0000192	-8.431373E-02	 .272549	
  .0000193	-8.039216E-02	 .2686275	
  .0000194	-7.254902E-02	 .2607843	
  .0000195	-6.862745E-02	 .2607843	
  .0000196	-7.254902E-02	 .2529412	
  .0000197	-6.862745E-02	 .2568628	
  .0000198	-6.470589E-02	 .2568628	
  .0000199	-5.686275E-02	 .2529412	
  .00002	-5.686275E-02	 .2490196	
  .0000201	-5.294118E-02	 .2490196	
  .0000202	-5.294118E-02	 .2411765	
  .0000203	-4.509804E-02	 .2411765	
  .0000204	-4.901961E-02	 .2333333	
  .0000205	-4.117647E-02	 .2333333	
  .0000206	-4.117647E-02	 .2372549	
  .0000207	-4.117647E-02	 .2333333	
  .0000208	-.0372549	 .2254902	
  .0000209	-.0372549	 .2215686	
  .000021	-3.333334E-02	 .2254902	
  .0000211	-2.941176E-02	 .2176471	
  .0000212	-2.941176E-02	 .2137255	
  .0000213	-.0254902	 .2137255	
  .0000214	-2.156863E-02	 .2137255	
  .0000215	-2.156863E-02	 .2058824	
  .0000216	-2.156863E-02	 .2019608	
  .0000217	-1.764706E-02	 .2019608	
  .0000218	-1.372549E-02	 .1980392	
  .0000219	-1.372549E-02	 .1823529	
  .000022	-9.803922E-03	 .1823529	
  .0000221	-5.882353E-03	 .1784314	
  .0000222	-1.960784E-03	 .1745098	
  .0000223	-5.882353E-03	 .1666667	
  .0000224	-1.960784E-03	 .1666667	
  .0000225	 1.960784E-03	 .1627451	
  .0000226	 5.882353E-03	 .1627451	
  .0000227	 1.960784E-03	 .1509804	
  .0000228	 9.803922E-03	 .154902	
  .0000229	 1.372549E-02	 .1470588	
  .000023	 1.372549E-02	 .1509804	
  .0000231	 1.764706E-02	 .1431373	
  .0000232	 1.372549E-02	 .1352941	
  .0000233	 2.156863E-02	 .1352941	
  .0000234	 .0254902	 .1392157	
  .0000235	 2.941176E-02	 .1313726	
  .0000236	 2.941176E-02	 .127451	
  .0000237	 2.941176E-02	 .1196078	
  .0000238	 .0372549	 .1196078	
  .0000239	 .0372549	 .1196078	
  .000024	 4.509804E-02	 .1117647	
  .0000241	 4.509804E-02	 .1078431	
  .0000242	 4.117647E-02	 .1039216	
  .0000243	 4.509804E-02	 9.607843E-02	
  .0000244	 4.901961E-02	 9.215686E-02	
  .0000245	 5.294118E-02	 .0882353	
  .0000246	 5.294118E-02	 8.431373E-02	
  .0000247	 5.686275E-02	 8.039216E-02	
  .0000248	 5.686275E-02	 7.647059E-02	
  .0000249	 6.078431E-02	 7.647059E-02	
  .000025	 6.470589E-02	 6.470589E-02	
  .0000251	 6.470589E-02	 6.078431E-02	
  .0000252	 6.862745E-02	 5.686275E-02	
  .0000253	 6.862745E-02	 5.686275E-02	
  .0000254	 6.862745E-02	 5.294118E-02	
  .0000255	 7.647059E-02	 4.901961E-02	
  .0000256	 7.254902E-02	 4.509804E-02	
  .0000257	 8.039216E-02	 4.117647E-02	
  .0000258	 8.039216E-02	 .0372549	
  .0000259	 8.039216E-02	 3.333334E-02	
  .000026	 8.431373E-02	 2.941176E-02	
  .0000261	 .0882353	 .0254902	
  .0000262	 9.215686E-02	 2.156863E-02	
  .0000263	 9.607843E-02	 1.764706E-02	
  .0000264	 9.607843E-02	 1.372549E-02	
  .0000265	 9.607843E-02	 9.803922E-03	
  .0000266	 .1	 5.882353E-03	
  .0000267	 .1039216	-1.960784E-03	
  .0000268	 .1078431	-5.882353E-03	
  .0000269	 .1039216	-9.803922E-03	
  .000027	 .1078431	-9.803922E-03	
  .0000271	 .1078431	-1.764706E-02	
  .0000272	 .1078431	-1.764706E-02	
  .0000273	 .1196078	-2.156863E-02	
  .0000274	 .1196078	-.0254902	
  .0000275	 .1196078	-2.941176E-02	
  .0000276	 .1235294	-3.333334E-02	
  .0000277	 .1196078	-.0372549	
  .0000278	 .1235294	-.0372549	
  .0000279	 .1235294	-4.509804E-02	
  .000028	 .1313726	-4.901961E-02	
  .0000281	 .1352941	-4.901961E-02	
  .0000282	 .1392157	-5.686275E-02	
  .0000283	 .1392157	-6.078431E-02	
  .0000284	 .1431373	-6.862745E-02	
  .0000285	 .1392157	-6.470589E-02	
  .0000286	 .1431373	-7.254902E-02	
  .0000287	 .1470588	-7.647059E-02	
  .0000288	 .1509804	-7.647059E-02	
  .0000289	 .154902	-8.039216E-02	
  .000029	 .154902	-8.431373E-02	
  .0000291	 .154902	-.0882353	
  .0000292	 .154902	-9.607843E-02	
  .0000293	 .1627451	-.1	
  .0000294	 .1627451	-.1039216	
  .0000295	 .1666667	-.1039216	
  .0000296	 .1627451	-.1078431	
  .0000297	 .1666667	-.1117647	
  .0000298	 .1705882	-.1156863	
  .0000299	 .1705882	-.1156863	
  .00003	 .1784314	-.1235294	
  .0000301	 .1784314	-.127451	
  .0000302	 .1745098	-.127451	
  .0000303	 .1745098	-.1313726	
  .0000304	 .1784314	-.1392157	
  .0000305	 .1823529	-.1392157	
  .0000306	 .1862745	-.1470588	
  .0000307	 .1901961	-.1509804	
  .0000308	 .1862745	-.1470588	
  .0000309	 .1901961	-.154902	
  .000031	 .1862745	-.1588235	
  .0000311	 .1117647	-.1509804	
  .0000312	 .2176471	-.1627451	
  .0000313	 .1627451	-.1627451	
  .0000314	 .1823529	-.1666667	
  .0000315	 .1784314	-.1705882	
  .0000316	 .1784314	-.1745098	
  .0000317	 .1862745	-.1784314	
  .0000318	 .1823529	-.1784314	
  .0000319	 .1823529	-.1784314	
  .000032	 .1862745	-.1823529	
  .0000321	 .1823529	-.1823529	
  .0000322	 .1823529	-.1862745	
  .0000323	 .1862745	-.1941177	
  .0000324	 .1901961	-.1901961	
  .0000325	 .1901961	-.1941177	
  .0000326	 .1862745	-.1980392	
  .0000327	 .1862745	-.1980392	
  .0000328	 .1862745	-.2019608	
  .0000329	 .1823529	-.2058824	
  .000033	 .1901961	-.2058824	
  .0000331	 .1901961	-.2137255	
  .0000332	 .1941177	-.2137255	
  .0000333	 .1941177	-.2137255	
  .0000334	 .1980392	-.2215686	
  .0000335	 .1862745	-.2215686	
  .0000336	 .1941177	-.2254902	
  .0000337	 .1901961	-.2215686	
  .0000338	 .1941177	-.2254902	
  .0000339	 .1980392	-.2294118	
  .000034	 .1980392	-.2333333	
  .0000341	 .1941177	-.2372549	
  .0000342	 .1941177	-.2411765	
  .0000343	 .1941177	-.2372549	
  .0000344	 .1901961	-.245098	
  .0000345	 .1941177	-.2411765	
  .0000346	 .1941177	-.245098	
  .0000347	 .1941177	-.2490196	
  .0000348	 .1980392	-.2529412	
  .0000349	 .1980392	-.2529412	
  .000035	 .1980392	-.2568628	
  .0000351	 .1901961	-.2529412	
  .0000352	 .1901961	-.2568628	
  .0000353	 .1941177	-.2607843	
  .0000354	 .1941177	-.2607843	
  .0000355	 .1901961	-.2647059	
  .0000356	 .1980392	-.2647059	
  .0000357	 .1941177	-.272549	
  .0000358	 .1980392	-.2686275	
  .0000359	 .1901961	-.272549	
  .000036	 .1941177	-.272549	
  .0000361	 .1980392	-.272549	
  .0000362	 .1941177	-.2764706	
  .0000363	 .2019608	-.2764706	
  .0000364	 .1941177	-.2803922	
  .0000365	 .1941177	-.2843137	
  .0000366	 .2058824	-.2882353	
  .0000367	 .1941177	-.2843137	
  .0000368	 .1941177	-.2882353	
  .0000369	 .1941177	-.2843137	
  .000037	 .1901961	-.2882353	
  .0000371	 .1941177	-.2882353	
  .0000372	 .1941177	-.2921569	
  .0000373	 .1901961	-.2921569	
  .0000374	 .1901961	-.2921569	
  .0000375	 .1941177	-.2921569	
  .0000376	 .1941177	-.3	
  .0000377	 .1901961	-.3	
  .0000378	 .1901961	-.3	
  .0000379	 .1941177	-.3	
  .000038	 .1941177	-.3	
  .0000381	 .1901961	-.3039216	
  .0000382	 .1901961	-.3039216	
  .0000383	 .1941177	-.3039216	
  .0000384	 .1862745	-.3039216	
  .0000385	 .1901961	-.3039216	
  .0000386	 .1901961	-.3078431	
  .0000387	 .1862745	-.3078431	
  .0000388	 .1862745	-.3078431	
  .0000389	 .1901961	-.3117647	
  .000039	 .1823529	-.3117647	
  .0000391	 .1862745	-.3156863	
  .0000392	 .1862745	-.3078431	
  .0000393	 .1862745	-.3078431	
  .0000394	 .1862745	-.3117647	
  .0000395	 .1862745	-.3078431	
  .0000396	 .1784314	-.3078431	
  .0000397	 .1823529	-.3156863	
  .0000398	 .1862745	-.3117647	
  .0000399	 .1862745	-.3117647	
  .00004	 .1823529	-.3156863	
  .0000401	 .1823529	-.3156863	
  .0000402	 .1784314	-.3156863	
  .0000403	 .1784314	-.3156863	
  .0000404	 .1784314	-.3117647	
  .0000405	 .1784314	-.3156863	
  .0000406	 .1784314	-.3156863	
  .0000407	 .1784314	-.3156863	
  .0000408	 .1784314	-.3196079	
  .0000409	 .1745098	-.3117647	
  .000041	 .1745098	-.3196079	
  .0000411	 .1745098	-.3117647	
  .0000412	 .1784314	-.3078431	
  .0000413	 .1745098	-.3117647	
  .0000414	 .1745098	-.3156863	
  .0000415	 .1705882	-.3156863	
  .0000416	 .1745098	-.3196079	
  .0000417	 .1666667	-.3078431	
  .0000418	 .1666667	-.3078431	
  .0000419	 .1705882	-.3117647	
  .000042	 .1666667	-.3117647	
  .0000421	 .1588235	-.3078431	
  .0000422	 .1588235	-.3117647	
  .0000423	 .1588235	-.3078431	
  .0000424	 .1627451	-.3156863	
  .0000425	 .154902	-.3078431	
  .0000426	 .1588235	-.3078431	
  .0000427	 .154902	-.3078431	
  .0000428	 .1509804	-.3078431	
  .0000429	 .154902	-.3039216	
  .000043	 .1509804	-.3117647	
  .0000431	 .1509804	-.3078431	
  .0000432	 .1509804	-.3078431	
  .0000433	 .154902	-.3039216	
  .0000434	 .1509804	-.3039216	
  .0000435	 .1470588	-.3	
  .0000436	 .1470588	-.3	
  .0000437	 .1392157	-.2960784	
  .0000438	 .1431373	-.3039216	
  .0000439	 .1470588	-.3	
  .000044	 .1392157	-.3	
  .0000441	 .1352941	-.3	
  .0000442	 .1352941	-.2921569	
  .0000443	 .1392157	-.2921569	
  .0000444	 .1352941	-.2921569	
  .0000445	 .1352941	-.2921569	
  .0000446	 .1313726	-.2921569	
  .0000447	 .127451	-.2882353	
  .0000448	 .127451	-.2882353	
  .0000449	 .1313726	-.2882353	
  .000045	 .1235294	-.2843137	
  .0000451	 .1196078	-.2843137	
  .0000452	 .1235294	-.2843137	
  .0000453	 .1196078	-.2803922	
  .0000454	 .1196078	-.2764706	
  .0000455	 .1235294	-.2803922	
  .0000456	 .1196078	-.2803922	
  .0000457	 .1196078	-.272549	
  .0000458	 .1117647	-.272549	
  .0000459	 .1117647	-.272549	
  .000046	 .1156863	-.2647059	
  .0000461	 .1078431	-.2647059	
  .0000462	 .1117647	-.2647059	
  .0000463	 .1117647	-.2647059	
  .0000464	 .1039216	-.2647059	
  .0000465	 .1039216	-.2647059	
  .0000466	 .1	-.2607843	
  .0000467	 .1	-.2568628	
  .0000468	 9.607843E-02	-.2568628	
  .0000469	 9.607843E-02	-.2529412	
  .000047	 9.215686E-02	-.2529412	
  .0000471	 9.215686E-02	-.2529412	
  .0000472	 9.215686E-02	-.2490196	
  .0000473	 8.431373E-02	-.2490196	
  .0000474	 9.215686E-02	-.2411765	
  .0000475	 .0882353	-.2372549	
  .0000476	 8.431373E-02	-.2372549	
  .0000477	 8.431373E-02	-.2372549	
  .0000478	 8.431373E-02	-.2333333	
  .0000479	 8.039216E-02	-.2333333	
  .000048	 8.039216E-02	-.2333333	
  .0000481	 8.039216E-02	-.2333333	
  .0000482	 8.039216E-02	-.2294118	
  .0000483	 7.254902E-02	-.2215686	
  .0000484	 7.254902E-02	-.2215686	
  .0000485	 7.254902E-02	-.2215686	
  .0000486	 6.862745E-02	-.2215686	
  .0000487	 6.862745E-02	-.2137255	
  .0000488	 6.862745E-02	-.2137255	
  .0000489	 6.078431E-02	-.2137255	
  .000049	 6.470589E-02	-.2137255	
  .0000491	 6.078431E-02	-.2058824	
  .0000492	 5.686275E-02	-.2058824	
  .0000493	 5.686275E-02	-.2058824	
  .0000494	 5.294118E-02	-.1980392	
  .0000495	 5.294118E-02	-.1941177	
  .0000496	 5.294118E-02	-.1941177	
  .0000497	 5.294118E-02	-.1941177	
  .0000498	 4.901961E-02	-.1901961	
  .0000499	 4.901961E-02	-.1901961	
  .00005	 4.509804E-02	-.1901961	
  .0000501	 5.294118E-02	-.1823529	
  .0000502	 4.509804E-02	-.1784314	
  .0000503	 4.901961E-02	-.1784314	
  .0000504	 4.509804E-02	-.1745098	
  .0000505	 4.509804E-02	-.1784314	
  .0000506	 4.117647E-02	-.1784314	
  .0000507	 4.117647E-02	-.1745098	
  .0000508	 .0372549	-.1705882	
  .0000509	 .0372549	-.1705882	
  .000051	 .0372549	-.1627451	
  .0000511	 3.333334E-02	-.1627451	
  .0000512	 3.333334E-02	-.1588235	
  .0000513	 2.941176E-02	-.1588235	
  .0000514	 2.941176E-02	-.1470588	
  .0000515	 .0254902	-.154902	
  .0000516	 .0254902	-.1509804	
  .0000517	 1.764706E-02	-.1431373	
  .0000518	 .0254902	-.1392157	
  .0000519	 2.156863E-02	-.1352941	
  .000052	 2.156863E-02	-.1352941	
  .0000521	 1.372549E-02	-.1352941	
  .0000522	 1.764706E-02	-.1313726	
  .0000523	 1.372549E-02	-.1313726	
  .0000524	 9.803922E-03	-.1235294	
  .0000525	 9.803922E-03	-.1235294	
  .0000526	 1.960784E-03	-.1196078	
  .0000527	-1.960784E-03	-.1156863	
  .0000528	 1.960784E-03	-.1117647	
  .0000529	 1.960784E-03	-.1156863	
  .000053	-1.960784E-03	-.1117647	
  .0000531	 1.960784E-03	-.1039216	
  .0000532	 1.960784E-03	-.1039216	
  .0000533	-5.882353E-03	-.1	
  .0000534	-5.882353E-03	-.1	
  .0000535	-9.803922E-03	-9.215686E-02	
  .0000536	-9.803922E-03	-.0882353	
  .0000537	-9.803922E-03	-9.215686E-02	
  .0000538	-9.803922E-03	-8.431373E-02	
  .0000539	-1.764706E-02	-8.431373E-02	
  .000054	-1.764706E-02	-.0882353	
  .0000541	-1.764706E-02	-8.039216E-02	
  .0000542	-1.764706E-02	-7.647059E-02	
  .0000543	-1.764706E-02	-7.647059E-02	
  .0000544	-2.156863E-02	-6.862745E-02	
  .0000545	-2.156863E-02	-6.862745E-02	
  .0000546	-.0254902	-6.470589E-02	
  .0000547	-.0254902	-6.470589E-02	
  .0000548	-3.333334E-02	-6.078431E-02	
  .0000549	-2.941176E-02	-6.078431E-02	
  .000055	-3.333334E-02	-5.686275E-02	
  .0000551	-3.333334E-02	-5.294118E-02	
  .0000552	-3.333334E-02	-4.901961E-02	
  .0000553	-.0372549	-4.509804E-02	
  .0000554	-3.333334E-02	-4.509804E-02	
  .0000555	-4.509804E-02	-.0372549	
  .0000556	-4.509804E-02	-.0372549	
  .0000557	-4.509804E-02	-4.117647E-02	
  .0000558	-4.509804E-02	-3.333334E-02	
  .0000559	-4.117647E-02	-2.941176E-02	
  .000056	-4.509804E-02	-.0254902	
  .0000561	-5.294118E-02	-.0254902	
  .0000562	-5.294118E-02	-2.156863E-02	
  .0000563	-4.901961E-02	-1.764706E-02	
  .0000564	-5.294118E-02	-1.372549E-02	
  .0000565	-5.294118E-02	-1.372549E-02	
  .0000566	-5.294118E-02	-1.372549E-02	
  .0000567	-5.686275E-02	-5.882353E-03	
  .0000568	-6.078431E-02	-5.882353E-03	
  .0000569	-6.078431E-02	-5.882353E-03	
  .000057	-6.470589E-02	-1.960784E-03	
  .0000571	-6.078431E-02	 5.882353E-03	
  .0000572	-6.470589E-02	 5.882353E-03	
  .0000573	-7.254902E-02	 9.803922E-03	
  .0000574	-6.470589E-02	 9.803922E-03	
  .0000575	-6.862745E-02	 1.372549E-02	
  .0000576	-7.254902E-02	 1.372549E-02	
  .0000577	-6.862745E-02	 2.156863E-02	
  .0000578	-7.254902E-02	 .0254902	
  .0000579	-7.647059E-02	 .0254902	
  .000058	-7.647059E-02	 .0254902	
  .0000581	-7.647059E-02	 .0254902	
  .0000582	-8.039216E-02	 .0372549	
  .0000583	-8.039216E-02	 .0372549	
  .0000584	-9.215686E-02	 .0372549	
  .0000585	-.0882353	 4.117647E-02	
  .0000586	-8.431373E-02	 4.509804E-02	
  .0000587	-9.607843E-02	 4.901961E-02	
  .0000588	-9.215686E-02	 4.901961E-02	
  .0000589	-.1	 4.901961E-02	
  .000059	-9.607843E-02	 5.294118E-02	
  .0000591	-9.607843E-02	 5.686275E-02	
  .0000592	-.1	 5.294118E-02	
  .0000593	-.1039216	 5.686275E-02	
  .0000594	-.1	 6.470589E-02	
  .0000595	-.1	 6.470589E-02	
  .0000596	-.1039216	 6.862745E-02	
  .0000597	-.1039216	 7.254902E-02	
  .0000598	-.1039216	 7.254902E-02	
  .0000599	-.1039216	 7.647059E-02	
  .00006	-.1117647	 7.647059E-02	
  .0000601	-.1078431	 8.039216E-02	
  .0000602	-.1039216	 .0882353	
  .0000603	-.1078431	 8.431373E-02	
  .0000604	-.1117647	 .0882353	
  .0000605	-.1117647	 8.431373E-02	
  .0000606	-.1117647	 9.607843E-02	
  .0000607	-.1156863	 9.607843E-02	
  .0000608	-.1117647	 .0882353	
  .0000609	-.1117647	 .1	
  .000061	-.1117647	 .1	
  .0000611	-.1156863	 .1039216	
  .0000612	-.1196078	 .1078431	
  .0000613	-.1156863	 .1078431	
  .0000614	-.1156863	 .1156863	
  .0000615	-.1196078	 .1156863	
  .0000616	-.1235294	 .1117647	
  .0000617	-.1196078	 .1156863	
  .0000618	-.1156863	 .1196078	
  .0000619	-.1235294	 .1156863	
  .000062	-.1196078	 .1235294	
  .0000621	-.1156863	 .1235294	
  .0000622	-.1156863	 .127451	
  .0000623	-.1156863	 .1235294	
  .0000624	-.1196078	 .1313726	
  .0000625	-.1196078	 .127451	
  .0000626	-.1196078	 .1352941	
  .0000627	-.1156863	 .1352941	
  .0000628	-.1196078	 .1313726	
  .0000629	-.1235294	 .1392157	
  .000063	-.1196078	 .1470588	
  .0000631	-.1156863	 .1392157	
  .0000632	-.1196078	 .1431373	
  .0000633	-.1235294	 .1392157	
  .0000634	-.1196078	 .1392157	
  .0000635	-.1235294	 .1470588	
  .0000636	-.1196078	 .1431373	
  .0000637	-.1235294	 .154902	
  .0000638	-.1235294	 .154902	
  .0000639	-.1235294	 .154902	
  .000064	-.1235294	 .1509804	
  .0000641	-.1196078	 .1509804	
  .0000642	-.1235294	 .1588235	
  .0000643	-.1235294	 .1588235	
  .0000644	-.1235294	 .1588235	
  .0000645	-.1235294	 .1627451	
  .0000646	-.127451	 .1627451	
  .0000647	-.1196078	 .1627451	
  .0000648	-.1196078	 .1666667	
  .0000649	-.1196078	 .1627451	
  .000065	-.1235294	 .1627451	
  .0000651	-.1235294	 .1705882	
  .0000652	-.1235294	 .1705882	
  .0000653	-.1196078	 .1745098	
  .0000654	-.1235294	 .1745098	
  .0000655	-.127451	 .1784314	
  .0000656	-.1196078	 .1745098	
  .0000657	-.1235294	 .1745098	
  .0000658	-.1156863	 .1705882	
  .0000659	-.1196078	 .1784314	
  .000066	-.1196078	 .1823529	
  .0000661	-.1235294	 .1784314	
  .0000662	-.1235294	 .1784314	
  .0000663	-.127451	 .1823529	
  .0000664	-.1196078	 .1784314	
  .0000665	-.1196078	 .1784314	
  .0000666	-.1196078	 .1745098	
  .0000667	-.1196078	 .1823529	
  .0000668	-.1196078	 .1862745	
  .0000669	-.1235294	 .1823529	
  .000067	-.1156863	 .1862745	
  .0000671	-.1196078	 .1901961	
  .0000672	-.1235294	 .1901961	
  .0000673	-.1117647	 .1823529	
  .0000674	-.1196078	 .1862745	
  .0000675	-.1156863	 .1862745	
  .0000676	-.1156863	 .1862745	
  .0000677	-.1156863	 .1901961	
  .0000678	-.1156863	 .1901961	
  .0000679	-.1156863	 .1941177	
  .000068	-.1196078	 .1901961	
  .0000681	-.1156863	 .1862745	
  .0000682	-.1156863	 .1941177	
  .0000683	-.1156863	 .1862745	
  .0000684	-.1078431	 .1901961	
  .0000685	-.1156863	 .1941177	
  .0000686	-.1156863	 .1901961	
  .0000687	-.1117647	 .1901961	
  .0000688	-.1117647	 .1901961	
  .0000689	-.1117647	 .1862745	
  .000069	-.1078431	 .1901961	
  .0000691	-.1117647	 .1862745	
  .0000692	-.1117647	 .1901961	
  .0000693	-.1078431	 .1901961	
  .0000694	-.1039216	 .1901961	
  .0000695	-.1078431	 .1901961	
  .0000696	-.1078431	 .1941177	
  .0000697	-.1039216	 .1862745	
  .0000698	-.1039216	 .1901961	
  .0000699	-.1039216	 .1862745	
  .00007	-.1039216	 .1901961	
  .0000701	-.1	 .1901961	
  .0000702	-.1039216	 .1941177	
  .0000703	-.1	 .1901961	
  .0000704	-.1039216	 .1862745	
  .0000705	-.1	 .1941177	
  .0000706	-.1	 .1901961	
  .0000707	-9.607843E-02	 .1862745	
  .0000708	-.1	 .1901961	
  .0000709	-9.607843E-02	 .1941177	
  .000071	-9.607843E-02	 .1901961	
  .0000711	-.1	 .1941177	
  .0000712	-9.607843E-02	 .1901961	
  .0000713	-9.607843E-02	 .1901961	
  .0000714	-.0882353	 .1862745	
  .0000715	-9.215686E-02	 .1823529	
  .0000716	-9.215686E-02	 .1823529	
  .0000717	-.0882353	 .1901961	
  .0000718	-9.215686E-02	 .1823529	
  .0000719	-.0882353	 .1862745	
  .000072	-8.431373E-02	 .1901961	
  .0000721	-.0882353	 .1862745	
  .0000722	-.0882353	 .1862745	
  .0000723	-.0882353	 .1823529	
  .0000724	-.0882353	 .1784314	
  .0000725	-8.431373E-02	 .1862745	
  .0000726	-8.431373E-02	 .1823529	
  .0000727	-8.039216E-02	 .1823529	
  .0000728	-8.039216E-02	 .1784314	
  .0000729	-7.647059E-02	 .1823529	
  .000073	-7.647059E-02	 .1823529	
  .0000731	-7.647059E-02	 .1784314	
  .0000732	-7.647059E-02	 .1784314	
  .0000733	-7.254902E-02	 .1784314	
  .0000734	-7.647059E-02	 .1784314	
  .0000735	-7.254902E-02	 .1745098	
  .0000736	-7.254902E-02	 .1823529	
  .0000737	-7.254902E-02	 .1784314	
  .0000738	-7.254902E-02	 .1745098	
  .0000739	-7.254902E-02	 .1666667	
  .000074	-6.862745E-02	 .1705882	
  .0000741	-6.862745E-02	 .1666667	
  .0000742	-6.862745E-02	 .1705882	
  .0000743	-6.470589E-02	 .1705882	
  .0000744	-6.470589E-02	 .1666667	
  .0000745	-6.078431E-02	 .1666667	
  .0000746	-6.470589E-02	 .1627451	
  .0000747	-6.078431E-02	 .1588235	
  .0000748	-6.078431E-02	 .1588235	
  .0000749	-5.686275E-02	 .1588235	
  .000075	-5.686275E-02	 .1627451	
  .0000751	-5.686275E-02	 .1588235	
  .0000752	-4.901961E-02	 .154902	
  .0000753	-4.901961E-02	 .1588235	
  .0000754	-5.686275E-02	 .154902	
  .0000755	-5.294118E-02	 .1509804	
  .0000756	-5.294118E-02	 .1509804	
  .0000757	-4.901961E-02	 .1509804	
  .0000758	-4.901961E-02	 .154902	
  .0000759	-4.509804E-02	 .154902	
  .000076	-4.509804E-02	 .1509804	
  .0000761	-4.509804E-02	 .1470588	
  .0000762	-4.509804E-02	 .1470588	
  .0000763	-4.509804E-02	 .1392157	
  .0000764	-4.509804E-02	 .1392157	
  .0000765	-4.117647E-02	 .1352941	
  .0000766	-4.509804E-02	 .1352941	
  .0000767	-4.117647E-02	 .1352941	
  .0000768	-.0372549	 .1352941	
  .0000769	-.0372549	 .1352941	
  .000077	-.0372549	 .1352941	
  .0000771	-3.333334E-02	 .1313726	
  .0000772	-3.333334E-02	 .127451	
  .0000773	-.0372549	 .127451	
  .0000774	-3.333334E-02	 .1235294	
  .0000775	-.0254902	 .1196078	
  .0000776	-2.941176E-02	 .1235294	
  .0000777	-2.941176E-02	 .1235294	
  .0000778	-.0254902	 .1196078	
  .0000779	-.0254902	 .1196078	
  .000078	-2.941176E-02	 .1196078	
  .0000781	-.0254902	 .1156863	
  .0000782	-2.156863E-02	 .1117647	
  .0000783	-2.156863E-02	 .1117647	
  .0000784	-1.764706E-02	 .1117647	
  .0000785	-2.156863E-02	 .1117647	
  .0000786	-2.156863E-02	 .1117647	
  .0000787	-2.156863E-02	 .1039216	
  .0000788	-9.803922E-03	 9.607843E-02	
  .0000789	-1.372549E-02	 .1	
  .000079	-1.372549E-02	 .1	
  .0000791	-1.372549E-02	 9.607843E-02	
  .0000792	-1.372549E-02	 .1	
  .0000793	-9.803922E-03	 9.607843E-02	
  .0000794	-9.803922E-03	 9.215686E-02	
  .0000795	-5.882353E-03	 9.607843E-02	
  .0000796	-1.960784E-03	 .0882353	
  .0000797	-5.882353E-03	 8.431373E-02	
  .0000798	-5.882353E-03	 8.431373E-02	
  .0000799	-1.960784E-03	 8.431373E-02	
  .00008	 1.960784E-03	 8.431373E-02	
  .0000801	 1.960784E-03	 8.431373E-02	
  .0000802	 1.960784E-03	 7.647059E-02	
  .0000803	 1.960784E-03	 7.647059E-02	
  .0000804	 1.960784E-03	 8.039216E-02	
  .0000805	 1.960784E-03	 7.647059E-02	
  .0000806	 5.882353E-03	 6.862745E-02	
  .0000807	 5.882353E-03	 6.862745E-02	
  .0000808	 9.803922E-03	 7.254902E-02	
  .0000809	 1.372549E-02	 6.470589E-02	
  .000081	 9.803922E-03	 6.862745E-02	
  .0000811	 9.803922E-03	 6.078431E-02	
  .0000812	 1.372549E-02	 6.470589E-02	
  .0000813	 1.764706E-02	 5.686275E-02	
  .0000814	 1.764706E-02	 5.686275E-02	
  .0000815	 2.156863E-02	 4.901961E-02	
  .0000816	 2.156863E-02	 4.901961E-02	
  .0000817	 1.764706E-02	 5.294118E-02	
  .0000818	 1.764706E-02	 4.901961E-02	
  .0000819	 2.156863E-02	 4.901961E-02	
  .000082	 .0254902	 4.509804E-02	
  .0000821	 2.156863E-02	 4.509804E-02	
  .0000822	 2.156863E-02	 4.117647E-02	
  .0000823	 2.156863E-02	 .0372549	
  .0000824	 .0254902	 4.117647E-02	
  .0000825	 2.941176E-02	 .0372549	
  .0000826	 .0254902	 2.941176E-02	
  .0000827	 2.941176E-02	 2.941176E-02	
  .0000828	 3.333334E-02	 3.333334E-02	
  .0000829	 .0372549	 2.941176E-02	
  .000083	 .0372549	 2.941176E-02	
  .0000831	 3.333334E-02	 2.156863E-02	
  .0000832	 4.117647E-02	 1.372549E-02	
  .0000833	 4.117647E-02	 .0254902	
  .0000834	 4.117647E-02	 1.764706E-02	
  .0000835	 4.509804E-02	 .0254902	
  .0000836	 .0372549	 1.372549E-02	
  .0000837	 4.117647E-02	 9.803922E-03	
  .0000838	 4.117647E-02	 9.803922E-03	
  .0000839	 4.509804E-02	 1.960784E-03	
  .000084	 4.509804E-02	 1.960784E-03	
  .0000841	 4.509804E-02	 5.882353E-03	
  .0000842	 4.509804E-02	-1.960784E-03	
  .0000843	 4.901961E-02	 1.960784E-03	
  .0000844	 5.294118E-02	-1.960784E-03	
  .0000845	 5.294118E-02	-9.803922E-03	
  .0000846	 5.294118E-02	-9.803922E-03	
  .0000847	 4.509804E-02	-9.803922E-03	
  .0000848	 4.901961E-02	-9.803922E-03	
  .0000849	 5.294118E-02	-9.803922E-03	
  .000085	 4.901961E-02	-9.803922E-03	
  .0000851	 5.686275E-02	-1.372549E-02	
  .0000852	 5.686275E-02	-1.372549E-02	
  .0000853	 5.686275E-02	-1.372549E-02	
  .0000854	 6.078431E-02	-2.156863E-02	
  .0000855	 5.686275E-02	-2.156863E-02	
  .0000856	 6.470589E-02	-2.156863E-02	
  .0000857	 6.470589E-02	-2.156863E-02	
  .0000858	 6.862745E-02	-.0254902	
  .0000859	 6.470589E-02	-.0254902	
  .000086	 6.470589E-02	-2.941176E-02	
  .0000861	 6.862745E-02	-2.941176E-02	
  .0000862	 6.862745E-02	-3.333334E-02	
  .0000863	 7.254902E-02	-3.333334E-02	
  .0000864	 7.254902E-02	-.0372549	
  .0000865	 6.862745E-02	-4.117647E-02	
  .0000866	 7.254902E-02	-.0372549	
  .0000867	 7.254902E-02	-4.117647E-02	
  .0000868	 7.647059E-02	-4.117647E-02	
  .0000869	 7.254902E-02	-4.509804E-02	
  .000087	 7.647059E-02	-4.509804E-02	
  .0000871	 7.254902E-02	-4.901961E-02	
  .0000872	 7.647059E-02	-4.509804E-02	
  .0000873	 7.647059E-02	-5.294118E-02	
  .0000874	 8.039216E-02	-5.294118E-02	
  .0000875	 8.039216E-02	-4.509804E-02	
  .0000876	 7.647059E-02	-5.294118E-02	
  .0000877	 8.431373E-02	-5.686275E-02	
  .0000878	 8.039216E-02	-5.686275E-02	
  .0000879	 8.039216E-02	-5.686275E-02	
  .000088	 8.039216E-02	-5.686275E-02	
  .0000881	 8.431373E-02	-6.078431E-02	
  .0000882	 8.431373E-02	-6.078431E-02	
  .0000883	 8.431373E-02	-6.078431E-02	
  .0000884	 8.431373E-02	-6.078431E-02	
  .0000885	 8.431373E-02	-6.862745E-02	
  .0000886	 8.431373E-02	-6.862745E-02	
  .0000887	 .0882353	-7.254902E-02	
  .0000888	 .0882353	-7.254902E-02	
  .0000889	 .0882353	-6.862745E-02	
  .000089	 8.431373E-02	-7.254902E-02	
  .0000891	 8.431373E-02	-7.254902E-02	
  .0000892	 9.215686E-02	-7.647059E-02	
  .0000893	 .0882353	-7.647059E-02	
  .0000894	 9.607843E-02	-8.039216E-02	
  .0000895	 9.215686E-02	-8.039216E-02	
  .0000896	 9.215686E-02	-8.039216E-02	
  .0000897	 .0882353	-8.431373E-02	
  .0000898	 .0882353	-8.431373E-02	
  .0000899	 9.215686E-02	-8.431373E-02	
  .00009	 9.215686E-02	-.0882353	
  .0000901	 9.215686E-02	-9.215686E-02	
  .0000902	 9.215686E-02	-.0882353	
  .0000903	 .1	-9.215686E-02	
  .0000904	 9.215686E-02	-9.215686E-02	
  .0000905	 9.215686E-02	-9.607843E-02	
  .0000906	 .0882353	-.0882353	
  .0000907	 9.607843E-02	-9.607843E-02	
  .0000908	 .1	-9.215686E-02	
  .0000909	 9.607843E-02	-9.607843E-02	
  .000091	 9.215686E-02	-9.607843E-02	
  .0000911	 .1	-.1	
  .0000912	 9.607843E-02	-9.607843E-02	
  .0000913	 9.607843E-02	-.1078431	
  .0000914	 9.607843E-02	-.1	
  .0000915	 9.607843E-02	-.1	
  .0000916	 9.607843E-02	-.1039216	
  .0000917	 9.215686E-02	-.1	
  .0000918	 9.607843E-02	-.1	
  .0000919	 .1	-.1078431	
  .000092	 9.607843E-02	-.1117647	
  .0000921	 9.215686E-02	-.1078431	
  .0000922	 9.215686E-02	-.1117647	
  .0000923	 9.607843E-02	-.1078431	
  .0000924	 9.215686E-02	-.1117647	
  .0000925	 9.607843E-02	-.1156863	
  .0000926	 9.607843E-02	-.1156863	
  .0000927	 9.607843E-02	-.1117647	
  .0000928	 .1039216	-.1156863	
  .0000929	 .1	-.1156863	
  .000093	 9.607843E-02	-.1156863	
  .0000931	 9.607843E-02	-.1156863	
  .0000932	 9.607843E-02	-.1156863	
  .0000933	 .1	-.1156863	
  .0000934	 .1039216	-.1156863	
  .0000935	 9.607843E-02	-.1196078	
  .0000936	 .1	-.127451	
  .0000937	 9.607843E-02	-.1235294	
  .0000938	 9.607843E-02	-.1235294	
  .0000939	 .1	-.1235294	
  .000094	 .1	-.1196078	
  .0000941	 9.607843E-02	-.127451	
  .0000942	 .1	-.127451	
  .0000943	 9.607843E-02	-.1235294	
  .0000944	 .1	-.127451	
  .0000945	 9.607843E-02	-.127451	
  .0000946	 9.607843E-02	-.127451	
  .0000947	 9.607843E-02	-.1313726	
  .0000948	 .1	-.127451	
  .0000949	 9.607843E-02	-.127451	
  .000095	 .1	-.1313726	
  .0000951	 9.607843E-02	-.1313726	
  .0000952	 9.607843E-02	-.1313726	
  .0000953	 9.607843E-02	-.1313726	
  .0000954	 9.215686E-02	-.1313726	
  .0000955	 .1	-.1313726	
  .0000956	 9.607843E-02	-.127451	
  .0000957	 9.607843E-02	-.1313726	
  .0000958	 9.607843E-02	-.1352941	
  .0000959	 9.607843E-02	-.1352941	
  .000096	 9.215686E-02	-.1392157	
  .0000961	 9.607843E-02	-.1352941	
  .0000962	 .1	-.1352941	
  .0000963	 9.607843E-02	-.1352941	
  .0000964	 9.215686E-02	-.1352941	
  .0000965	 9.607843E-02	-.1392157	
  .0000966	 9.215686E-02	-.1392157	
  .0000967	 9.607843E-02	-.1352941	
  .0000968	 9.215686E-02	-.1392157	
  .0000969	 9.607843E-02	-.1352941	
  .000097	 9.215686E-02	-.1352941	
  .0000971	 .0882353	-.1352941	
  .0000972	 .0882353	-.1392157	
  .0000973	 .0882353	-.1352941	
  .0000974	 9.215686E-02	-.1352941	
  .0000975	 9.215686E-02	-.1392157	
  .0000976	 9.215686E-02	-.1392157	
  .0000977	 9.215686E-02	-.1392157	
  .0000978	 8.431373E-02	-.1352941	
  .0000979	 .0882353	-.1392157	
  .000098	 9.215686E-02	-.1392157	
  .0000981	 .0882353	-.1392157	
  .0000982	 8.431373E-02	-.1392157	
  .0000983	 .0882353	-.1352941	
  .0000984	 8.431373E-02	-.1392157	
  .0000985	 8.431373E-02	-.1431373	
  .0000986	 8.431373E-02	-.1431373	
  .0000987	 8.431373E-02	-.1352941	
  .0000988	 8.431373E-02	-.1392157	
  .0000989	 8.431373E-02	-.1352941	
  .000099	 8.431373E-02	-.1352941	
  .0000991	 8.431373E-02	-.1352941	
  .0000992	 8.039216E-02	-.1392157	
  .0000993	 8.431373E-02	-.1352941	
  .0000994	 8.039216E-02	-.1392157	
  .0000995	 8.431373E-02	-.1352941	
  .0000996	 8.039216E-02	-.1352941	
  .0000997	 8.039216E-02	-.1352941	
  .0000998	 8.039216E-02	-.1313726	
  .0000999	 8.039216E-02	-.1352941	
  .0001	 8.431373E-02	-.1352941	
  .0001001	 7.647059E-02	-.1392157	
  .0001002	 7.647059E-02	-.1352941	
  .0001003	 7.647059E-02	-.1352941	
  .0001004	 7.254902E-02	-.1352941	
  .0001005	 7.254902E-02	-.1313726	
  .0001006	 7.647059E-02	-.127451	
  .0001007	 7.254902E-02	-.1352941	
  .0001008	 7.254902E-02	-.1313726	
  .0001009	 7.254902E-02	-.1313726	
  .000101	 7.647059E-02	-.1352941	
  .0001011	 7.254902E-02	-.1313726	
  .0001012	 6.862745E-02	-.1313726	
  .0001013	 7.254902E-02	-.1313726	
  .0001014	 6.862745E-02	-.127451	
  .0001015	 6.470589E-02	-.1313726	
  .0001016	 6.862745E-02	-.127451	
  .0001017	 6.862745E-02	-.127451	
  .0001018	 6.862745E-02	-.1313726	
  .0001019	 6.470589E-02	-.127451	
  .000102	 6.470589E-02	-.127451	
  .0001021	 6.078431E-02	-.127451	
  .0001022	 6.078431E-02	-.127451	
  .0001023	 6.470589E-02	-.1235294	
  .0001024	 6.078431E-02	-.127451	
  .0001025	 6.078431E-02	-.127451	
  .0001026	 6.078431E-02	-.1196078	
  .0001027	 6.470589E-02	-.1235294	
  .0001028	 6.078431E-02	-.1156863	
  .0001029	 5.686275E-02	-.1235294	
  .000103	 5.686275E-02	-.1196078	
  .0001031	 5.686275E-02	-.1156863	
  .0001032	 5.686275E-02	-.1196078	
  .0001033	 5.686275E-02	-.1156863	
  .0001034	 5.686275E-02	-.1196078	
  .0001035	 5.294118E-02	-.1196078	
  .0001036	 4.901961E-02	-.1156863	
  .0001037	 4.901961E-02	-.1156863	
  .0001038	 5.294118E-02	-.1156863	
  .0001039	 4.901961E-02	-.1078431	
  .000104	 4.901961E-02	-.1156863	
  .0001041	 5.294118E-02	-.1078431	
  .0001042	 4.901961E-02	-.1117647	
  .0001043	 4.901961E-02	-.1156863	
  .0001044	 4.901961E-02	-.1117647	
  .0001045	 4.117647E-02	-.1078431	
  .0001046	 4.509804E-02	-.1117647	
  .0001047	 4.117647E-02	-.1117647	
  .0001048	 4.117647E-02	-.1039216	
  .0001049	 4.901961E-02	-.1039216	
  .000105	 4.117647E-02	-.1039216	
  .0001051	 4.117647E-02	-.1039216	
  .0001052	 4.117647E-02	-.1	
  .0001053	 .0372549	-.1	
  .0001054	 4.117647E-02	-.1	
  .0001055	 .0372549	-9.607843E-02	
  .0001056	 4.117647E-02	-9.215686E-02	
  .0001057	 .0372549	-9.607843E-02	
  .0001058	 .0372549	-9.607843E-02	
  .0001059	 3.333334E-02	-9.607843E-02	
  .000106	 3.333334E-02	-9.215686E-02	
  .0001061	 3.333334E-02	-9.215686E-02	
  .0001062	 2.941176E-02	-.0882353	
  .0001063	 .0254902	-9.215686E-02	
  .0001064	 2.941176E-02	-8.431373E-02	
  .0001065	 2.941176E-02	-.0882353	
  .0001066	 2.941176E-02	-8.431373E-02	
  .0001067	 .0254902	-8.431373E-02	
  .0001068	 2.941176E-02	-.0882353	
  .0001069	 2.156863E-02	-8.431373E-02	
  .000107	 2.156863E-02	-8.039216E-02	
  .0001071	 2.156863E-02	-8.039216E-02	
  .0001072	 .0254902	-7.647059E-02	
  .0001073	 2.156863E-02	-8.039216E-02	
  .0001074	 2.156863E-02	-7.647059E-02	
  .0001075	 2.156863E-02	-7.647059E-02	
  .0001076	 2.156863E-02	-8.039216E-02	
  .0001077	 2.156863E-02	-7.254902E-02	
  .0001078	 1.764706E-02	-7.254902E-02	
  .0001079	 1.764706E-02	-7.254902E-02	
  .000108	 1.372549E-02	-6.862745E-02	
  .0001081	 1.372549E-02	-6.862745E-02	
  .0001082	 1.372549E-02	-6.862745E-02	
  .0001083	 1.372549E-02	-6.862745E-02	
  .0001084	 9.803922E-03	-6.862745E-02	
  .0001085	 1.372549E-02	-6.470589E-02	
  .0001086	 9.803922E-03	-6.470589E-02	
  .0001087	 9.803922E-03	-6.078431E-02	
  .0001088	 9.803922E-03	-5.686275E-02	
  .0001089	 5.882353E-03	-5.686275E-02	
  .000109	 5.882353E-03	-5.686275E-02	
  .0001091	 9.803922E-03	-5.686275E-02	
  .0001092	 9.803922E-03	-5.294118E-02	
  .0001093	 9.803922E-03	-5.686275E-02	
  .0001094	 1.960784E-03	-5.294118E-02	
  .0001095	 1.960784E-03	-5.294118E-02	
  .0001096	 1.960784E-03	-4.901961E-02	
  .0001097	 5.882353E-03	-4.901961E-02	
  .0001098	-1.960784E-03	-4.509804E-02	
  .0001099	 1.960784E-03	-4.901961E-02	
  .00011	 1.960784E-03	-4.901961E-02	
  .0001101	-1.960784E-03	-4.117647E-02	
  .0001102	-5.882353E-03	-4.117647E-02	
  .0001103	-1.960784E-03	-4.117647E-02	
  .0001104	-5.882353E-03	-4.117647E-02	
  .0001105	-1.960784E-03	-.0372549	
  .0001106	-5.882353E-03	-.0372549	
  .0001107	-5.882353E-03	-.0372549	
  .0001108	-5.882353E-03	-.0372549	
  .0001109	-5.882353E-03	-3.333334E-02	
  .000111	-9.803922E-03	-3.333334E-02	
  .0001111	-9.803922E-03	-3.333334E-02	
  .0001112	-5.882353E-03	-3.333334E-02	
  .0001113	-9.803922E-03	-.0254902	
  .0001114	-1.372549E-02	-2.941176E-02	
  .0001115	-1.372549E-02	-.0254902	
  .0001116	-9.803922E-03	-.0254902	
  .0001117	-9.803922E-03	-.0254902	
  .0001118	-1.372549E-02	-1.764706E-02	
  .0001119	-1.764706E-02	-2.156863E-02	
  .000112	-1.764706E-02	-2.156863E-02	
  .0001121	-2.156863E-02	-1.372549E-02	
  .0001122	-2.156863E-02	-1.764706E-02	
  .0001123	-2.156863E-02	-1.372549E-02	
  .0001124	-2.156863E-02	-1.372549E-02	
  .0001125	-2.156863E-02	-5.882353E-03	
  .0001126	-1.764706E-02	-9.803922E-03	
  .0001127	-2.156863E-02	-5.882353E-03	
  .0001128	-2.156863E-02	-9.803922E-03	
  .0001129	-.0254902	-5.882353E-03	
  .000113	-.0254902	-1.960784E-03	
  .0001131	-2.156863E-02	-5.882353E-03	
  .0001132	-2.941176E-02	 1.960784E-03	
  .0001133	-2.941176E-02	 1.960784E-03	
  .0001134	-2.941176E-02	 1.960784E-03	
  .0001135	-3.333334E-02	-1.960784E-03	
  .0001136	-3.333334E-02	 5.882353E-03	
  .0001137	-2.941176E-02	 1.960784E-03	
  .0001138	-3.333334E-02	 9.803922E-03	
  .0001139	-.0372549	 5.882353E-03	
  .000114	-3.333334E-02	 9.803922E-03	
  .0001141	-.0372549	 5.882353E-03	
  .0001142	-.0372549	 9.803922E-03	
  .0001143	-.0372549	 9.803922E-03	
  .0001144	-4.117647E-02	 1.372549E-02	
  .0001145	-.0372549	 9.803922E-03	
  .0001146	-4.117647E-02	 1.372549E-02	
  .0001147	-4.509804E-02	 1.764706E-02	
  .0001148	-.0372549	 2.156863E-02	
  .0001149	-4.117647E-02	 2.156863E-02	
  .000115	-4.901961E-02	 .0254902	
  .0001151	-4.901961E-02	 2.156863E-02	
  .0001152	-4.117647E-02	 .0254902	
  .0001153	-4.117647E-02	 2.156863E-02	
  .0001154	-4.509804E-02	 .0254902	
  .0001155	-4.901961E-02	 3.333334E-02	
  .0001156	-5.294118E-02	 2.941176E-02	
  .0001157	-4.901961E-02	 .0254902	
  .0001158	-5.294118E-02	 2.941176E-02	
  .0001159	-4.901961E-02	 3.333334E-02	
  .000116	-5.294118E-02	 3.333334E-02	
  .0001161	-5.294118E-02	 3.333334E-02	
  .0001162	-5.294118E-02	 3.333334E-02	
  .0001163	-5.686275E-02	 .0372549	
  .0001164	-5.294118E-02	 .0372549	
  .0001165	-5.294118E-02	 4.117647E-02	
  .0001166	-5.294118E-02	 .0372549	
  .0001167	-5.294118E-02	 .0372549	
  .0001168	-5.686275E-02	 4.117647E-02	
  .0001169	-6.078431E-02	 4.117647E-02	
  .000117	-6.078431E-02	 4.117647E-02	
  .0001171	-5.294118E-02	 4.901961E-02	
  .0001172	-6.078431E-02	 4.901961E-02	
  .0001173	-5.686275E-02	 5.294118E-02	
  .0001174	-5.686275E-02	 4.901961E-02	
  .0001175	-6.078431E-02	 4.509804E-02	
  .0001176	-5.686275E-02	 5.294118E-02	
  .0001177	-6.470589E-02	 5.294118E-02	
  .0001178	-6.470589E-02	 4.901961E-02	
  .0001179	-6.078431E-02	 5.294118E-02	
  .000118	-6.470589E-02	 5.686275E-02	
  .0001181	-6.078431E-02	 6.078431E-02	
  .0001182	-6.470589E-02	 6.078431E-02	
  .0001183	-6.078431E-02	 6.078431E-02	
  .0001184	-6.078431E-02	 6.078431E-02	
  .0001185	-6.470589E-02	 6.078431E-02	
  .0001186	-6.470589E-02	 6.470589E-02	
  .0001187	-6.862745E-02	 6.078431E-02	
  .0001188	-6.078431E-02	 6.862745E-02	
  .0001189	-6.862745E-02	 6.078431E-02	
  .000119	-6.470589E-02	 6.470589E-02	
  .0001191	-6.078431E-02	 7.254902E-02	
  .0001192	-6.078431E-02	 6.470589E-02	
  .0001193	-6.078431E-02	 6.862745E-02	
  .0001194	-6.470589E-02	 6.470589E-02	
  .0001195	-6.862745E-02	 6.862745E-02	
  .0001196	-6.078431E-02	 6.862745E-02	
  .0001197	-6.470589E-02	 7.254902E-02	
  .0001198	-6.470589E-02	 6.862745E-02	
  .0001199	-6.470589E-02	 6.470589E-02	
  .00012	-6.470589E-02	 8.039216E-02	
  .0001201	-6.078431E-02	 7.647059E-02	
  .0001202	-6.470589E-02	 7.254902E-02	
  .0001203	-6.470589E-02	 8.039216E-02	
  .0001204	-6.470589E-02	 8.039216E-02	
  .0001205	-6.078431E-02	 8.039216E-02	
  .0001206	-6.470589E-02	 8.039216E-02	
  .0001207	-6.470589E-02	 8.039216E-02	
  .0001208	-6.078431E-02	 8.431373E-02	
  .0001209	-6.470589E-02	 8.039216E-02	
  .000121	-6.470589E-02	 8.039216E-02	
  .0001211	-6.078431E-02	 8.039216E-02	
  .0001212	-5.686275E-02	 8.039216E-02	
  .0001213	-5.686275E-02	 8.039216E-02	
  .0001214	-6.078431E-02	 8.431373E-02	
  .0001215	-5.686275E-02	 8.039216E-02	
  .0001216	-5.294118E-02	 8.431373E-02	
  .0001217	-6.078431E-02	 8.039216E-02	
  .0001218	-5.686275E-02	 8.039216E-02	
  .0001219	-5.686275E-02	 8.039216E-02	
  .000122	-6.078431E-02	 8.431373E-02	
  .0001221	-5.686275E-02	 8.039216E-02	
  .0001222	-6.078431E-02	 8.039216E-02	
  .0001223	-5.686275E-02	 8.431373E-02	
  .0001224	-5.686275E-02	 9.215686E-02	
  .0001225	-5.294118E-02	 8.431373E-02	
  .0001226	-5.686275E-02	 8.431373E-02	
  .0001227	-5.686275E-02	 8.431373E-02	
  .0001228	-5.686275E-02	 8.431373E-02	
  .0001229	-5.686275E-02	 .0882353	
  .000123	-5.686275E-02	 8.431373E-02	
  .0001231	-5.294118E-02	 9.215686E-02	
  .0001232	-5.294118E-02	 9.215686E-02	
  .0001233	-5.686275E-02	 8.431373E-02	
  .0001234	-5.686275E-02	 8.431373E-02	
  .0001235	-5.686275E-02	 9.215686E-02	
  .0001236	-5.686275E-02	 8.431373E-02	
  .0001237	-5.294118E-02	 .0882353	
  .0001238	-5.686275E-02	 9.215686E-02	
  .0001239	-5.686275E-02	 9.215686E-02	
  .000124	-5.686275E-02	 .0882353	
  .0001241	-5.686275E-02	 8.431373E-02	
  .0001242	-5.686275E-02	 .0882353	
  .0001243	-5.294118E-02	 .0882353	
  .0001244	-5.294118E-02	 .0882353	
  .0001245	-5.686275E-02	 .0882353	
  .0001246	-5.294118E-02	 9.215686E-02	
  .0001247	-4.901961E-02	 9.215686E-02	
  .0001248	-5.294118E-02	 9.215686E-02	
  .0001249	-5.294118E-02	 9.215686E-02	
  .000125	-5.294118E-02	 8.039216E-02	
  .0001251	-5.294118E-02	 .0882353	
  .0001252	-4.901961E-02	 .0882353	
  .0001253	-4.901961E-02	 9.607843E-02	
  .0001254	-4.509804E-02	 .0882353	
  .0001255	-4.901961E-02	 9.607843E-02	
  .0001256	-5.294118E-02	 9.215686E-02	
  .0001257	-4.901961E-02	 9.215686E-02	
  .0001258	-5.294118E-02	 .0882353	
  .0001259	-4.901961E-02	 .0882353	
  .000126	-4.901961E-02	 9.215686E-02	
  .0001261	-4.901961E-02	 .0882353	
  .0001262	-4.901961E-02	 9.215686E-02	
  .0001263	-4.901961E-02	 .0882353	
  .0001264	-4.901961E-02	 9.215686E-02	
  .0001265	-4.509804E-02	 9.215686E-02	
  .0001266	-4.509804E-02	 .0882353	
  .0001267	-4.509804E-02	 .0882353	
  .0001268	-4.901961E-02	 .0882353	
  .0001269	-4.509804E-02	 8.431373E-02	
  .000127	-4.117647E-02	 9.215686E-02	
  .0001271	-4.901961E-02	 9.607843E-02	
  .0001272	-4.509804E-02	 .0882353	
  .0001273	-4.509804E-02	 .0882353	
  .0001274	-4.509804E-02	 .0882353	
  .0001275	-4.117647E-02	 .0882353	
  .0001276	-4.509804E-02	 .0882353	
  .0001277	-4.509804E-02	 .0882353	
  .0001278	-4.117647E-02	 9.215686E-02	
  .0001279	-4.117647E-02	 .0882353	
  .000128	-4.117647E-02	 .0882353	
  .0001281	-4.509804E-02	 9.215686E-02	
  .0001282	-.0372549	 .0882353	
  .0001283	-4.509804E-02	 8.039216E-02	
  .0001284	-4.117647E-02	 .0882353	
  .0001285	-.0372549	 8.431373E-02	
  .0001286	-4.509804E-02	 8.431373E-02	
  .0001287	-4.117647E-02	 .0882353	
  .0001288	-4.901961E-02	 8.431373E-02	
  .0001289	-4.117647E-02	 8.431373E-02	
  .000129	-4.509804E-02	 .0882353	
  .0001291	-4.117647E-02	 .0882353	
  .0001292	-4.117647E-02	 .0882353	
  .0001293	-4.117647E-02	 8.431373E-02	
  .0001294	-4.509804E-02	 .0882353	
  .0001295	-4.117647E-02	 .0882353	
  .0001296	-4.117647E-02	 .0882353	
  .0001297	-4.117647E-02	 8.431373E-02	
  .0001298	-4.117647E-02	 8.039216E-02	
  .0001299	-.0372549	 .0882353	
  .00013	-4.117647E-02	 .0882353	
  .0001301	-.0372549	 8.431373E-02	
  .0001302	-4.117647E-02	 .0882353	
  .0001303	-.0372549	 .0882353	
  .0001304	-.0372549	 8.431373E-02	
  .0001305	-.0372549	 8.431373E-02	
  .0001306	-.0372549	 .0882353	
  .0001307	-3.333334E-02	 .0882353	
  .0001308	-.0372549	 8.431373E-02	
  .0001309	-.0372549	 8.431373E-02	
  .000131	-3.333334E-02	 8.039216E-02	
  .0001311	-3.333334E-02	 .0882353	
  .0001312	-3.333334E-02	 8.039216E-02	
  .0001313	-.0372549	 8.039216E-02	
  .0001314	-.0372549	 8.431373E-02	
  .0001315	-3.333334E-02	 8.039216E-02	
  .0001316	-3.333334E-02	 8.039216E-02	
  .0001317	-3.333334E-02	 8.431373E-02	
  .0001318	-3.333334E-02	 8.039216E-02	
  .0001319	-3.333334E-02	 8.039216E-02	
  .000132	-3.333334E-02	 8.039216E-02	
  .0001321	-2.941176E-02	 7.647059E-02	
  .0001322	-3.333334E-02	 8.039216E-02	
  .0001323	-3.333334E-02	 8.431373E-02	
  .0001324	-.0254902	 7.647059E-02	
  .0001325	-2.941176E-02	 8.039216E-02	
  .0001326	-2.941176E-02	 7.647059E-02	
  .0001327	-.0254902	 7.647059E-02	
  .0001328	-2.941176E-02	 7.647059E-02	
  .0001329	-.0254902	 7.254902E-02	
  .000133	-.0254902	 7.647059E-02	
  .0001331	-2.941176E-02	 8.039216E-02	
  .0001332	-.0254902	 7.254902E-02	
  .0001333	-2.941176E-02	 6.862745E-02	
  .0001334	-2.156863E-02	 7.254902E-02	
  .0001335	-.0254902	 6.862745E-02	
  .0001336	-.0254902	 7.254902E-02	
  .0001337	-.0254902	 7.254902E-02	
  .0001338	-.0254902	 7.254902E-02	
  .0001339	-2.156863E-02	 6.470589E-02	
  .000134	-2.156863E-02	 6.470589E-02	
  .0001341	-2.156863E-02	 6.470589E-02	
  .0001342	-1.764706E-02	 6.862745E-02	
  .0001343	-2.156863E-02	 6.470589E-02	
  .0001344	-1.764706E-02	 6.862745E-02	
  .0001345	-2.156863E-02	 6.862745E-02	
  .0001346	-1.372549E-02	 6.470589E-02	
  .0001347	-1.764706E-02	 6.470589E-02	
  .0001348	-1.764706E-02	 6.470589E-02	
  .0001349	-1.764706E-02	 6.078431E-02	
  .000135	-1.764706E-02	 6.078431E-02	
  .0001351	-1.372549E-02	 6.078431E-02	
  .0001352	-1.372549E-02	 6.078431E-02	
  .0001353	-1.372549E-02	 6.470589E-02	
  .0001354	-1.372549E-02	 6.078431E-02	
  .0001355	-1.372549E-02	 5.686275E-02	
  .0001356	-1.372549E-02	 5.686275E-02	
  .0001357	-1.372549E-02	 5.294118E-02	
  .0001358	-1.372549E-02	 6.078431E-02	
  .0001359	-1.372549E-02	 5.686275E-02	
  .000136	-9.803922E-03	 5.294118E-02	
  .0001361	-9.803922E-03	 5.686275E-02	
  .0001362	-9.803922E-03	 5.294118E-02	
  .0001363	-1.960784E-03	 5.686275E-02	
  .0001364	-5.882353E-03	 5.294118E-02	
  .0001365	-5.882353E-03	 5.294118E-02	
  .0001366	-9.803922E-03	 4.901961E-02	
  .0001367	-5.882353E-03	 5.294118E-02	
  .0001368	-5.882353E-03	 4.509804E-02	
  .0001369	-1.960784E-03	 4.901961E-02	
  .000137	-9.803922E-03	 4.901961E-02	
  .0001371	-1.960784E-03	 4.901961E-02	
  .0001372	-5.882353E-03	 4.509804E-02	
  .0001373	-1.960784E-03	 4.509804E-02	
  .0001374	-1.960784E-03	 4.509804E-02	
  .0001375	-1.960784E-03	 4.901961E-02	
  .0001376	-1.960784E-03	 4.509804E-02	
  .0001377	 1.960784E-03	 4.509804E-02	
  .0001378	 5.882353E-03	 4.509804E-02	
  .0001379	 1.960784E-03	 4.509804E-02	
  .000138	 1.960784E-03	 4.117647E-02	
  .0001381	 1.960784E-03	 .0372549	
  .0001382	 1.960784E-03	 3.333334E-02	
  .0001383	 1.960784E-03	 .0372549	
  .0001384	 5.882353E-03	 3.333334E-02	
  .0001385	 5.882353E-03	 3.333334E-02	
  .0001386	 5.882353E-03	 4.117647E-02	
  .0001387	 9.803922E-03	 3.333334E-02	
  .0001388	 5.882353E-03	 3.333334E-02	
  .0001389	 5.882353E-03	 3.333334E-02	
  .000139	 9.803922E-03	 .0254902	
  .0001391	 9.803922E-03	 3.333334E-02	
  .0001392	 9.803922E-03	 2.941176E-02	
  .0001393	 9.803922E-03	 .0254902	
  .0001394	 1.764706E-02	 2.941176E-02	
  .0001395	 9.803922E-03	 2.941176E-02	
  .0001396	 1.764706E-02	 2.941176E-02	
  .0001397	 1.764706E-02	 2.156863E-02	
  .0001398	 1.372549E-02	 2.941176E-02	
  .0001399	 1.372549E-02	 .0254902	
  .00014	 1.372549E-02	 1.764706E-02	
  .0001401	 1.372549E-02	 2.156863E-02	
  .0001402	 1.764706E-02	 .0254902	
  .0001403	 1.372549E-02	 2.156863E-02	
  .0001404	 1.764706E-02	 2.156863E-02	
  .0001405	 2.156863E-02	 1.764706E-02	
  .0001406	 2.156863E-02	 1.372549E-02	
  .0001407	 1.764706E-02	 1.764706E-02	
  .0001408	 1.764706E-02	 1.372549E-02	
  .0001409	 1.764706E-02	 9.803922E-03	
  .000141	 2.156863E-02	 1.764706E-02	
  .0001411	 1.764706E-02	 9.803922E-03	
  .0001412	 2.156863E-02	 9.803922E-03	
  .0001413	 2.156863E-02	 9.803922E-03	
  .0001414	 .0254902	 9.803922E-03	
  .0001415	 2.156863E-02	 5.882353E-03	
  .0001416	 2.156863E-02	 9.803922E-03	
  .0001417	 2.156863E-02	 5.882353E-03	
  .0001418	 2.156863E-02	 5.882353E-03	
  .0001419	 .0254902	 9.803922E-03	
  .000142	 .0254902	 1.960784E-03	
  .0001421	 .0254902	 1.960784E-03	
  .0001422	 .0254902	 5.882353E-03	
  .0001423	 3.333334E-02	 1.960784E-03	
  .0001424	 .0254902	 5.882353E-03	
  .0001425	 2.941176E-02	-1.960784E-03	
  .0001426	 3.333334E-02	-1.960784E-03	
  .0001427	 2.941176E-02	 1.960784E-03	
  .0001428	 .0372549	-1.960784E-03	
  .0001429	 .0372549	 1.960784E-03	
  .000143	 3.333334E-02	-1.960784E-03	
  .0001431	 3.333334E-02	-1.960784E-03	
  .0001432	 3.333334E-02	-9.803922E-03	
  .0001433	 2.941176E-02	-9.803922E-03	
  .0001434	 .0372549	-1.372549E-02	
  .0001435	 .0372549	-9.803922E-03	
  .0001436	 3.333334E-02	-5.882353E-03	
  .0001437	 .0372549	-9.803922E-03	
  .0001438	 .0372549	-1.372549E-02	
  .0001439	 4.117647E-02	-1.372549E-02	
  .000144	 .0372549	-1.764706E-02	
  .0001441	 .0372549	-1.764706E-02	
  .0001442	 .0372549	-1.372549E-02	
  .0001443	 4.117647E-02	-1.372549E-02	
  .0001444	 4.117647E-02	-1.764706E-02	
  .0001445	 4.901961E-02	-1.764706E-02	
  .0001446	 4.117647E-02	-1.764706E-02	
  .0001447	 4.117647E-02	-1.764706E-02	
  .0001448	 4.509804E-02	-2.156863E-02	
  .0001449	 4.117647E-02	-1.764706E-02	
  .000145	 4.901961E-02	-2.156863E-02	
  .0001451	 4.509804E-02	-2.156863E-02	
  .0001452	 4.509804E-02	-1.764706E-02	
  .0001453	 4.117647E-02	-.0254902	
  .0001454	 4.509804E-02	-2.941176E-02	
  .0001455	 4.509804E-02	-.0254902	
  .0001456	 4.901961E-02	-2.941176E-02	
  .0001457	 4.509804E-02	-.0254902	
  .0001458	 4.901961E-02	-2.941176E-02	
  .0001459	 4.509804E-02	-2.941176E-02	
  .000146	 5.294118E-02	-2.941176E-02	
  .0001461	 4.509804E-02	-2.941176E-02	
  .0001462	 4.901961E-02	-2.941176E-02	
  .0001463	 4.901961E-02	-2.941176E-02	
  .0001464	 5.294118E-02	-3.333334E-02	
  .0001465	 5.294118E-02	-.0372549	
  .0001466	 4.509804E-02	-2.941176E-02	
  .0001467	 4.509804E-02	-3.333334E-02	
  .0001468	 5.294118E-02	-3.333334E-02	
  .0001469	 5.294118E-02	-3.333334E-02	
  .000147	 4.901961E-02	-3.333334E-02	
  .0001471	 4.901961E-02	-4.117647E-02	
  .0001472	 5.686275E-02	-.0372549	
  .0001473	 5.294118E-02	-3.333334E-02	
  .0001474	 4.901961E-02	-.0372549	
  .0001475	 5.294118E-02	-4.117647E-02	
  .0001476	 5.294118E-02	-4.117647E-02	
  .0001477	 5.294118E-02	-.0372549	
  .0001478	 5.686275E-02	-.0372549	
  .0001479	 4.901961E-02	-4.117647E-02	
  .000148	 5.294118E-02	-4.509804E-02	
  .0001481	 5.294118E-02	-4.509804E-02	
  .0001482	 5.294118E-02	-4.509804E-02	
  .0001483	 5.294118E-02	-4.509804E-02	
  .0001484	 4.901961E-02	-4.509804E-02	
  .0001485	 5.294118E-02	-4.117647E-02	
  .0001486	 5.294118E-02	-4.509804E-02	
  .0001487	 5.294118E-02	-4.509804E-02	
  .0001488	 5.686275E-02	-4.901961E-02	
  .0001489	 5.686275E-02	-5.294118E-02	
  .000149	 5.294118E-02	-4.901961E-02	
  .0001491	 5.294118E-02	-5.294118E-02	
  .0001492	 5.294118E-02	-4.901961E-02	
  .0001493	 5.686275E-02	-4.901961E-02	
  .0001494	 5.686275E-02	-5.294118E-02	
  .0001495	 5.294118E-02	-5.294118E-02	
  .0001496	 5.294118E-02	-5.294118E-02	
  .0001497	 5.686275E-02	-5.294118E-02	
  .0001498	 5.294118E-02	-5.294118E-02	
  .0001499	 5.686275E-02	-5.294118E-02	
  .00015	 5.686275E-02	-5.294118E-02	
  .0001501	 6.078431E-02	-5.294118E-02	
  .0001502	 5.686275E-02	-5.686275E-02	
  .0001503	 5.686275E-02	-5.294118E-02	
  .0001504	 5.294118E-02	-5.686275E-02	
  .0001505	 6.078431E-02	-5.686275E-02	
  .0001506	 5.686275E-02	-6.078431E-02	
  .0001507	 5.294118E-02	-6.078431E-02	
  .0001508	 5.686275E-02	-6.078431E-02	
  .0001509	 5.686275E-02	-5.686275E-02	
  .000151	 5.294118E-02	-6.078431E-02	
  .0001511	 5.686275E-02	-6.078431E-02	
  .0001512	 5.686275E-02	-6.078431E-02	
  .0001513	 5.294118E-02	-6.862745E-02	
  .0001514	 5.686275E-02	-6.078431E-02	
  .0001515	 5.294118E-02	-6.470589E-02	
  .0001516	 5.294118E-02	-6.470589E-02	
  .0001517	 5.294118E-02	-6.078431E-02	
  .0001518	 4.901961E-02	-6.078431E-02	
  .0001519	 5.294118E-02	-6.862745E-02	
  .000152	 5.686275E-02	-6.470589E-02	
  .0001521	 5.686275E-02	-5.686275E-02	
  .0001522	 6.078431E-02	-6.470589E-02	
  .0001523	 5.294118E-02	-6.470589E-02	
  .0001524	 5.294118E-02	-6.470589E-02	
  .0001525	 5.686275E-02	-6.470589E-02	
  .0001526	 5.686275E-02	-6.078431E-02	
  .0001527	 5.686275E-02	-6.470589E-02	
  .0001528	 5.686275E-02	-6.470589E-02	
  .0001529	 5.294118E-02	-6.470589E-02	
  .000153	 5.294118E-02	-6.862745E-02	
  .0001531	 5.294118E-02	-6.862745E-02	
  .0001532	 4.901961E-02	-6.470589E-02	
  .0001533	 5.294118E-02	-6.862745E-02	
  .0001534	 5.294118E-02	-6.470589E-02	
  .0001535	 5.294118E-02	-6.862745E-02	
  .0001536	 5.294118E-02	-6.470589E-02	
  .0001537	 5.294118E-02	-6.862745E-02	
  .0001538	 5.686275E-02	-6.862745E-02	
  .0001539	 5.294118E-02	-7.254902E-02	
  .000154	 5.294118E-02	-6.862745E-02	
  .0001541	 4.901961E-02	-6.862745E-02	
  .0001542	 5.294118E-02	-6.862745E-02	
  .0001543	 5.294118E-02	-6.862745E-02	
  .0001544	 5.294118E-02	-6.862745E-02	
  .0001545	 5.294118E-02	-6.862745E-02	
  .0001546	 4.901961E-02	-6.862745E-02	
  .0001547	 4.901961E-02	-7.254902E-02	
  .0001548	 5.294118E-02	-6.862745E-02	
  .0001549	 5.294118E-02	-7.254902E-02	
  .000155	 4.509804E-02	-6.470589E-02	
  .0001551	 5.686275E-02	-6.470589E-02	
  .0001552	 4.901961E-02	-7.254902E-02	
  .0001553	 5.294118E-02	-6.862745E-02	
  .0001554	 4.901961E-02	-7.254902E-02	
  .0001555	 4.901961E-02	-7.254902E-02	
  .0001556	 4.901961E-02	-7.254902E-02	
  .0001557	 4.901961E-02	-6.470589E-02	
  .0001558	 4.901961E-02	-7.254902E-02	
  .0001559	 4.509804E-02	-6.862745E-02	
  .000156	 4.509804E-02	-7.254902E-02	
  .0001561	 4.901961E-02	-6.862745E-02	
  .0001562	 4.509804E-02	-6.862745E-02	
  .0001563	 4.901961E-02	-7.254902E-02	
  .0001564	 4.509804E-02	-7.254902E-02	
  .0001565	 4.509804E-02	-6.862745E-02	
  .0001566	 4.509804E-02	-7.647059E-02	
  .0001567	 4.901961E-02	-6.862745E-02	
  .0001568	 4.509804E-02	-6.470589E-02	
  .0001569	 4.117647E-02	-6.862745E-02	
  .000157	 4.509804E-02	-6.862745E-02	
  .0001571	 4.509804E-02	-7.254902E-02	
  .0001572	 4.509804E-02	-6.862745E-02	
  .0001573	 4.117647E-02	-6.862745E-02	
  .0001574	 4.509804E-02	-6.862745E-02	
  .0001575	 4.117647E-02	-7.254902E-02	
  .0001576	 4.509804E-02	-6.470589E-02	
  .0001577	 4.509804E-02	-6.470589E-02	
  .0001578	 4.117647E-02	-6.862745E-02	
  .0001579	 4.117647E-02	-6.862745E-02	
  .000158	 4.509804E-02	-6.862745E-02	
  .0001581	 4.117647E-02	-6.862745E-02	
  .0001582	 4.117647E-02	-7.254902E-02	
  .0001583	 4.117647E-02	-6.470589E-02	
  .0001584	 4.117647E-02	-6.078431E-02	
  .0001585	 4.117647E-02	-6.862745E-02	
  .0001586	 .0372549	-6.862745E-02	
  .0001587	 .0372549	-6.862745E-02	
  .0001588	 4.117647E-02	-6.862745E-02	
  .0001589	 .0372549	-6.470589E-02	
  .000159	 3.333334E-02	-6.862745E-02	
  .0001591	 .0372549	-6.862745E-02	
  .0001592	 .0372549	-6.078431E-02	
  .0001593	 .0372549	-6.470589E-02	
  .0001594	 .0372549	-6.470589E-02	
  .0001595	 .0372549	-6.862745E-02	
  .0001596	 .0372549	-6.470589E-02	
  .0001597	 3.333334E-02	-6.078431E-02	
  .0001598	 3.333334E-02	-6.078431E-02	
  .0001599	 .0372549	-6.078431E-02	
  .00016	 .0372549	-6.078431E-02	
  .0001601	 .0372549	-6.470589E-02	
  .0001602	 3.333334E-02	-6.470589E-02	
  .0001603	 .0372549	-6.470589E-02	
  .0001604	 .0372549	-6.470589E-02	
  .0001605	 3.333334E-02	-6.078431E-02	
  .0001606	 3.333334E-02	-6.470589E-02	
  .0001607	 3.333334E-02	-6.078431E-02	
  .0001608	 .0372549	-6.078431E-02	
  .0001609	 2.941176E-02	-6.078431E-02	
  .000161	 2.941176E-02	-5.686275E-02	
  .0001611	 2.941176E-02	-6.078431E-02	
  .0001612	 3.333334E-02	-6.078431E-02	
  .0001613	 2.941176E-02	-6.078431E-02	
  .0001614	 .0254902	-5.686275E-02	
  .0001615	 .0254902	-5.686275E-02	
  .0001616	 2.941176E-02	-5.686275E-02	
  .0001617	 .0254902	-5.686275E-02	
  .0001618	 .0254902	-5.686275E-02	
  .0001619	 .0254902	-5.686275E-02	
  .000162	 2.941176E-02	-5.294118E-02	
  .0001621	 3.333334E-02	-5.686275E-02	
  .0001622	 .0254902	-5.686275E-02	
  .0001623	 2.156863E-02	-5.686275E-02	
  .0001624	 .0254902	-5.294118E-02	
  .0001625	 .0254902	-4.901961E-02	
  .0001626	 2.941176E-02	-5.294118E-02	
  .0001627	 .0254902	-4.509804E-02	
  .0001628	 2.156863E-02	-5.294118E-02	
  .0001629	 2.156863E-02	-5.686275E-02	
  .000163	 2.156863E-02	-5.294118E-02	
  .0001631	 .0254902	-4.901961E-02	
  .0001632	 2.156863E-02	-5.294118E-02	
  .0001633	 2.156863E-02	-4.901961E-02	
  .0001634	 1.764706E-02	-4.509804E-02	
  .0001635	 2.156863E-02	-4.509804E-02	
  .0001636	 1.764706E-02	-4.509804E-02	
  .0001637	 2.156863E-02	-4.901961E-02	
  .0001638	 1.764706E-02	-4.901961E-02	
  .0001639	 1.764706E-02	-4.509804E-02	
  .000164	 1.764706E-02	-4.509804E-02	
  .0001641	 1.764706E-02	-4.509804E-02	
  .0001642	 1.764706E-02	-4.509804E-02	
  .0001643	 .0254902	-4.117647E-02	
  .0001644	 1.764706E-02	-4.509804E-02	
  .0001645	 1.372549E-02	-.0372549	
  .0001646	 1.372549E-02	-4.117647E-02	
  .0001647	 1.372549E-02	-4.117647E-02	
  .0001648	 1.764706E-02	-4.117647E-02	
  .0001649	 1.372549E-02	-.0372549	
  .000165	 1.764706E-02	-.0372549	
  .0001651	 9.803922E-03	-.0372549	
  .0001652	 9.803922E-03	-.0372549	
  .0001653	 9.803922E-03	-.0372549	
  .0001654	 9.803922E-03	-.0372549	
  .0001655	 1.372549E-02	-.0372549	
  .0001656	 9.803922E-03	-3.333334E-02	
  .0001657	 9.803922E-03	-.0372549	
  .0001658	 9.803922E-03	-2.941176E-02	
  .0001659	 5.882353E-03	-3.333334E-02	
  .000166	 1.372549E-02	-3.333334E-02	
  .0001661	 9.803922E-03	-2.941176E-02	
  .0001662	 5.882353E-03	-3.333334E-02	
  .0001663	 5.882353E-03	-.0372549	
  .0001664	 5.882353E-03	-2.941176E-02	
  .0001665	 1.960784E-03	-2.941176E-02	
  .0001666	 9.803922E-03	-2.941176E-02	
  .0001667	 5.882353E-03	-.0254902	
  .0001668	 5.882353E-03	-2.941176E-02	
  .0001669	 5.882353E-03	-.0254902	
  .000167	 9.803922E-03	-.0254902	
  .0001671	 1.960784E-03	-2.156863E-02	
  .0001672	 5.882353E-03	-2.156863E-02	
  .0001673	 1.960784E-03	-.0254902	
  .0001674	 1.960784E-03	-.0254902	
  .0001675	 1.960784E-03	-1.764706E-02	
  .0001676	-1.960784E-03	-2.156863E-02	
  .0001677	-1.960784E-03	-1.764706E-02	
  .0001678	-1.960784E-03	-2.156863E-02	
  .0001679	 1.960784E-03	-2.156863E-02	
  .000168	-5.882353E-03	-2.156863E-02	
  .0001681	-5.882353E-03	-1.764706E-02	
  .0001682	-1.960784E-03	-1.764706E-02	
  .0001683	-1.960784E-03	-1.764706E-02	
  .0001684	-1.960784E-03	-2.156863E-02	
  .0001685	-1.960784E-03	-1.764706E-02	
  .0001686	-1.960784E-03	-1.764706E-02	
  .0001687	 1.960784E-03	-1.764706E-02	
  .0001688	-1.960784E-03	-1.372549E-02	
  .0001689	-5.882353E-03	-1.372549E-02	
  .000169	-1.960784E-03	-1.764706E-02	
  .0001691	-1.960784E-03	-9.803922E-03	
  .0001692	-5.882353E-03	-5.882353E-03	
  .0001693	-5.882353E-03	-9.803922E-03	
  .0001694	-5.882353E-03	-1.372549E-02	
  .0001695	-1.960784E-03	-5.882353E-03	
  .0001696	-5.882353E-03	-5.882353E-03	
  .0001697	-5.882353E-03	-9.803922E-03	
  .0001698	-9.803922E-03	-9.803922E-03	
  .0001699	-5.882353E-03	-1.960784E-03	
  .00017	-9.803922E-03	-5.882353E-03	
  .0001701	-9.803922E-03	-5.882353E-03	
  .0001702	-9.803922E-03	-1.960784E-03	
  .0001703	-9.803922E-03	-5.882353E-03	
  .0001704	-1.372549E-02	-1.960784E-03	
  .0001705	-1.372549E-02	-1.960784E-03	
  .0001706	-9.803922E-03	-1.960784E-03	
  .0001707	-9.803922E-03	-1.960784E-03	
  .0001708	-1.372549E-02	-5.882353E-03	
  .0001709	-1.372549E-02	-1.960784E-03	
  .000171	-1.372549E-02	-1.960784E-03	
  .0001711	-1.372549E-02	 1.960784E-03	
  .0001712	-1.764706E-02	-1.960784E-03	
  .0001713	-1.764706E-02	 5.882353E-03	
  .0001714	-1.372549E-02	-1.960784E-03	
  .0001715	-2.156863E-02	 5.882353E-03	
  .0001716	-2.156863E-02	 5.882353E-03	
  .0001717	-2.156863E-02	 1.960784E-03	
  .0001718	-1.764706E-02	 9.803922E-03	
  .0001719	-2.156863E-02	 9.803922E-03	
  .000172	-1.372549E-02	 9.803922E-03	
  .0001721	-1.764706E-02	 9.803922E-03	
  .0001722	-2.156863E-02	 5.882353E-03	
  .0001723	-2.156863E-02	 5.882353E-03	
  .0001724	-2.156863E-02	 1.372549E-02	
  .0001725	-2.156863E-02	 9.803922E-03	
  .0001726	-2.156863E-02	 1.764706E-02	
  .0001727	-2.156863E-02	 1.372549E-02	
  .0001728	-.0254902	 9.803922E-03	
  .0001729	-.0254902	 9.803922E-03	
  .000173	-2.156863E-02	 1.372549E-02	
  .0001731	-2.156863E-02	 1.372549E-02	
  .0001732	-.0254902	 1.764706E-02	
  .0001733	-.0254902	 1.764706E-02	
  .0001734	-.0254902	 1.764706E-02	
  .0001735	-.0254902	 1.372549E-02	
  .0001736	-.0254902	 1.764706E-02	
  .0001737	-2.941176E-02	 1.764706E-02	
  .0001738	-2.941176E-02	 2.156863E-02	
  .0001739	-.0254902	 1.764706E-02	
  .000174	-2.941176E-02	 2.156863E-02	
  .0001741	-2.941176E-02	 2.156863E-02	
  .0001742	-.0254902	 2.156863E-02	
  .0001743	-2.941176E-02	 2.156863E-02	
  .0001744	-2.941176E-02	 .0254902	
  .0001745	-2.941176E-02	 2.156863E-02	
  .0001746	-2.941176E-02	 .0254902	
  .0001747	-.0254902	 2.156863E-02	
  .0001748	-2.941176E-02	 2.941176E-02	
  .0001749	-.0254902	 2.941176E-02	
  .000175	-2.941176E-02	 2.941176E-02	
  .0001751	-3.333334E-02	 2.156863E-02	
  .0001752	-3.333334E-02	 .0254902	
  .0001753	-3.333334E-02	 .0254902	
  .0001754	-3.333334E-02	 2.941176E-02	
  .0001755	-3.333334E-02	 2.941176E-02	
  .0001756	-3.333334E-02	 .0254902	
  .0001757	-3.333334E-02	 3.333334E-02	
  .0001758	-2.941176E-02	 2.941176E-02	
  .0001759	-2.941176E-02	 3.333334E-02	
  .000176	-3.333334E-02	 2.941176E-02	
  .0001761	-3.333334E-02	 3.333334E-02	
  .0001762	-3.333334E-02	 .0254902	
  .0001763	-3.333334E-02	 2.941176E-02	
  .0001764	-2.941176E-02	 3.333334E-02	
  .0001765	-2.941176E-02	 3.333334E-02	
  .0001766	-3.333334E-02	 .0372549	
  .0001767	-.0372549	 .0372549	
  .0001768	-3.333334E-02	 .0372549	
  .0001769	-3.333334E-02	 3.333334E-02	
  .000177	-.0372549	 4.117647E-02	
  .0001771	-3.333334E-02	 .0372549	
  .0001772	-3.333334E-02	 .0372549	
  .0001773	-3.333334E-02	 .0372549	
  .0001774	-3.333334E-02	 4.509804E-02	
  .0001775	-2.941176E-02	 4.117647E-02	
  .0001776	-.0372549	 4.117647E-02	
  .0001777	-.0372549	 4.509804E-02	
  .0001778	-3.333334E-02	 .0372549	
  .0001779	-3.333334E-02	 4.117647E-02	
  .000178	-3.333334E-02	 .0372549	
  .0001781	-4.117647E-02	 4.117647E-02	
  .0001782	-.0372549	 4.901961E-02	
  .0001783	-3.333334E-02	 4.117647E-02	
  .0001784	-.0372549	 4.509804E-02	
  .0001785	-3.333334E-02	 4.117647E-02	
  .0001786	-3.333334E-02	 4.117647E-02	
  .0001787	-3.333334E-02	 4.509804E-02	
  .0001788	-3.333334E-02	 4.509804E-02	
  .0001789	-3.333334E-02	 4.901961E-02	
  .000179	-3.333334E-02	 4.901961E-02	
  .0001791	-2.941176E-02	 4.901961E-02	
  .0001792	-2.941176E-02	 4.117647E-02	
  .0001793	-3.333334E-02	 4.117647E-02	
  .0001794	-3.333334E-02	 4.901961E-02	
  .0001795	-3.333334E-02	 4.509804E-02	
  .0001796	-3.333334E-02	 4.509804E-02	
  .0001797	-3.333334E-02	 5.294118E-02	
  .0001798	-3.333334E-02	 4.901961E-02	
  .0001799	-2.941176E-02	 4.901961E-02	
  .00018	-3.333334E-02	 4.901961E-02	
  .0001801	-3.333334E-02	 4.901961E-02	
  .0001802	-3.333334E-02	 5.294118E-02	
  .0001803	-.0372549	 4.901961E-02	
  .0001804	-3.333334E-02	 4.509804E-02	
  .0001805	-2.941176E-02	 4.509804E-02	
  .0001806	-2.941176E-02	 4.901961E-02	
  .0001807	-3.333334E-02	 4.509804E-02	
  .0001808	-.0372549	 4.901961E-02	
  .0001809	-3.333334E-02	 5.294118E-02	
  .000181	-2.941176E-02	 4.901961E-02	
  .0001811	-.0372549	 4.901961E-02	
  .0001812	-3.333334E-02	 5.294118E-02	
  .0001813	-.0372549	 4.901961E-02	
  .0001814	-3.333334E-02	 5.686275E-02	
  .0001815	-3.333334E-02	 5.294118E-02	
  .0001816	-3.333334E-02	 4.901961E-02	
  .0001817	-3.333334E-02	 5.294118E-02	
  .0001818	-3.333334E-02	 6.078431E-02	
  .0001819	-2.941176E-02	 5.686275E-02	
  .000182	-3.333334E-02	 6.078431E-02	
  .0001821	-3.333334E-02	 5.294118E-02	
  .0001822	-3.333334E-02	 5.686275E-02	
  .0001823	-3.333334E-02	 5.686275E-02	
  .0001824	-2.941176E-02	 5.294118E-02	
  .0001825	-2.941176E-02	 5.686275E-02	
  .0001826	-3.333334E-02	 5.686275E-02	
  .0001827	-3.333334E-02	 5.294118E-02	
  .0001828	-3.333334E-02	 5.294118E-02	
  .0001829	-3.333334E-02	 5.294118E-02	
  .000183	-2.941176E-02	 5.294118E-02	
  .0001831	-3.333334E-02	 5.294118E-02	
  .0001832	-2.941176E-02	 5.686275E-02	
  .0001833	-3.333334E-02	 5.686275E-02	
  .0001834	-.0372549	 4.901961E-02	
  .0001835	-2.941176E-02	 4.901961E-02	
  .0001836	-2.941176E-02	 5.294118E-02	
  .0001837	-3.333334E-02	 5.294118E-02	
  .0001838	-2.941176E-02	 5.686275E-02	
  .0001839	-2.941176E-02	 5.686275E-02	
  .000184	-2.941176E-02	 5.686275E-02	
  .0001841	-.0254902	 5.686275E-02	
  .0001842	-2.941176E-02	 5.686275E-02	
  .0001843	-2.941176E-02	 5.294118E-02	
  .0001844	-2.941176E-02	 4.901961E-02	
  .0001845	-2.941176E-02	 5.686275E-02	
  .0001846	-2.156863E-02	 5.686275E-02	
  .0001847	-2.941176E-02	 5.686275E-02	
  .0001848	-.0254902	 6.078431E-02	
  .0001849	-.0254902	 5.686275E-02	
  .000185	-2.941176E-02	 5.294118E-02	
  .0001851	-2.941176E-02	 5.294118E-02	
  .0001852	-.0254902	 4.901961E-02	
  .0001853	-2.941176E-02	 5.686275E-02	
  .0001854	-.0254902	 5.294118E-02	
  .0001855	-2.941176E-02	 5.294118E-02	
  .0001856	-2.941176E-02	 5.686275E-02	
  .0001857	-2.941176E-02	 5.294118E-02	
  .0001858	-.0254902	 6.078431E-02	
  .0001859	-.0254902	 5.686275E-02	
  .000186	-.0254902	 5.294118E-02	
  .0001861	-2.156863E-02	 5.294118E-02	
  .0001862	-.0254902	 5.294118E-02	
  .0001863	-.0254902	 5.294118E-02	
  .0001864	-.0254902	 5.686275E-02	
  .0001865	-2.156863E-02	 5.686275E-02	
  .0001866	-2.156863E-02	 5.294118E-02	
  .0001867	-.0254902	 5.294118E-02	
  .0001868	-.0254902	 4.901961E-02	
  .0001869	-.0254902	 5.294118E-02	
  .000187	-.0254902	 5.686275E-02	
  .0001871	-2.156863E-02	 5.294118E-02	
  .0001872	-2.156863E-02	 5.294118E-02	
  .0001873	-2.156863E-02	 5.686275E-02	
  .0001874	-2.156863E-02	 5.686275E-02	
  .0001875	-2.156863E-02	 5.294118E-02	
  .0001876	-.0254902	 4.901961E-02	
  .0001877	-1.764706E-02	 4.901961E-02	
  .0001878	-2.156863E-02	 5.294118E-02	
  .0001879	-2.156863E-02	 4.901961E-02	
  .000188	-2.156863E-02	 4.901961E-02	
  .0001881	-1.764706E-02	 5.294118E-02	
  .0001882	-2.156863E-02	 4.901961E-02	
  .0001883	-2.156863E-02	 4.901961E-02	
  .0001884	-1.764706E-02	 5.294118E-02	
  .0001885	-1.764706E-02	 4.901961E-02	
  .0001886	-1.764706E-02	 5.294118E-02	
  .0001887	-2.156863E-02	 4.509804E-02	
  .0001888	-1.764706E-02	 4.901961E-02	
  .0001889	-1.372549E-02	 5.294118E-02	
  .000189	-1.372549E-02	 4.901961E-02	
  .0001891	-1.372549E-02	 4.509804E-02	
  .0001892	-1.764706E-02	 4.509804E-02	
  .0001893	-1.372549E-02	 5.294118E-02	
  .0001894	-1.764706E-02	 4.901961E-02	
  .0001895	-1.764706E-02	 4.509804E-02	
  .0001896	-1.764706E-02	 4.901961E-02	
  .0001897	-9.803922E-03	 4.901961E-02	
  .0001898	-9.803922E-03	 4.901961E-02	
  .0001899	-1.764706E-02	 4.901961E-02	
  .00019	-1.372549E-02	 4.509804E-02	
  .0001901	-9.803922E-03	 4.901961E-02	
  .0001902	-1.372549E-02	 4.117647E-02	
  .0001903	-1.372549E-02	 4.117647E-02	
  .0001904	-9.803922E-03	 4.117647E-02	
  .0001905	-9.803922E-03	 4.509804E-02	
  .0001906	-1.372549E-02	 4.117647E-02	
  .0001907	-1.372549E-02	 4.117647E-02	
  .0001908	-1.372549E-02	 4.117647E-02	
  .0001909	-1.372549E-02	 4.117647E-02	
  .000191	-1.372549E-02	 4.117647E-02	
  .0001911	-1.372549E-02	 4.117647E-02	
  .0001912	-9.803922E-03	 .0372549	
  .0001913	-1.372549E-02	 4.117647E-02	
  .0001914	-1.372549E-02	 .0372549	
  .0001915	-9.803922E-03	 .0372549	
  .0001916	-9.803922E-03	 .0372549	
  .0001917	-5.882353E-03	 4.509804E-02	
  .0001918	-1.960784E-03	 .0372549	
  .0001919	-9.803922E-03	 4.117647E-02	
  .000192	-5.882353E-03	 3.333334E-02	
  .0001921	-5.882353E-03	 .0372549	
  .0001922	-5.882353E-03	 4.117647E-02	
  .0001923	-1.960784E-03	 4.117647E-02	
  .0001924	-5.882353E-03	 4.509804E-02	
  .0001925	-5.882353E-03	 .0372549	
  .0001926	-1.960784E-03	 .0372549	
  .0001927	-5.882353E-03	 2.941176E-02	
  .0001928	-5.882353E-03	 3.333334E-02	
  .0001929	-5.882353E-03	 3.333334E-02	
  .000193	-1.960784E-03	 .0372549	
  .0001931	-5.882353E-03	 3.333334E-02	
  .0001932	-1.960784E-03	 3.333334E-02	
  .0001933	-1.960784E-03	 2.941176E-02	
  .0001934	-1.960784E-03	 .0254902	
  .0001935	-1.960784E-03	 2.941176E-02	
  .0001936	-1.960784E-03	 3.333334E-02	
  .0001937	 1.960784E-03	 2.941176E-02	
  .0001938	-1.960784E-03	 2.941176E-02	
  .0001939	-1.960784E-03	 3.333334E-02	
  .000194	 5.882353E-03	 3.333334E-02	
  .0001941	-1.960784E-03	 .0254902	
  .0001942	 1.960784E-03	 .0254902	
  .0001943	 5.882353E-03	 .0254902	
  .0001944	 1.960784E-03	 .0254902	
  .0001945	 1.960784E-03	 2.156863E-02	
  .0001946	 1.960784E-03	 2.941176E-02	
  .0001947	 1.960784E-03	 3.333334E-02	
  .0001948	 1.960784E-03	 .0254902	
  .0001949	 1.960784E-03	 2.156863E-02	
  .000195	 1.960784E-03	 .0254902	
  .0001951	 5.882353E-03	 2.156863E-02	
  .0001952	 5.882353E-03	 2.156863E-02	
  .0001953	 1.960784E-03	 1.764706E-02	
  .0001954	 1.960784E-03	 1.764706E-02	
  .0001955	 5.882353E-03	 2.156863E-02	
  .0001956	 1.960784E-03	 1.764706E-02	
  .0001957	 5.882353E-03	 2.156863E-02	
  .0001958	 5.882353E-03	 2.156863E-02	
  .0001959	 9.803922E-03	 1.372549E-02	
  .000196	 9.803922E-03	 1.764706E-02	
  .0001961	 1.960784E-03	 1.764706E-02	
  .0001962	 5.882353E-03	 1.372549E-02	
  .0001963	 9.803922E-03	 1.764706E-02	
  .0001964	 9.803922E-03	 1.764706E-02	
  .0001965	 9.803922E-03	 1.372549E-02	
  .0001966	 5.882353E-03	 1.372549E-02	
  .0001967	 9.803922E-03	 1.372549E-02	
  .0001968	 9.803922E-03	 1.764706E-02	
  .0001969	 9.803922E-03	 9.803922E-03	
  .000197	 9.803922E-03	 9.803922E-03	
  .0001971	 9.803922E-03	 9.803922E-03	
  .0001972	 9.803922E-03	 1.372549E-02	
  .0001973	 9.803922E-03	 1.764706E-02	
  .0001974	 9.803922E-03	 1.372549E-02	
  .0001975	 9.803922E-03	 9.803922E-03	
  .0001976	 1.372549E-02	 5.882353E-03	
  .0001977	 1.372549E-02	 5.882353E-03	
  .0001978	 9.803922E-03	 5.882353E-03	
  .0001979	 9.803922E-03	 9.803922E-03	
  .000198	 1.372549E-02	 9.803922E-03	
  .0001981	 1.372549E-02	 5.882353E-03	
  .0001982	 1.372549E-02	 1.960784E-03	
  .0001983	 1.372549E-02	 5.882353E-03	
  .0001984	 1.372549E-02	 5.882353E-03	
  .0001985	 1.764706E-02	 5.882353E-03	
  .0001986	 1.372549E-02	 5.882353E-03	
  .0001987	 1.372549E-02	 5.882353E-03	
  .0001988	 1.764706E-02	 1.960784E-03	
  .0001989	 1.372549E-02	 5.882353E-03	
  .000199	 1.764706E-02	 1.960784E-03	
  .0001991	 1.764706E-02	-1.960784E-03	
  .0001992	 2.156863E-02	 5.882353E-03	
  .0001993	 1.764706E-02	 1.960784E-03	
  .0001994	 1.764706E-02	-1.960784E-03	
  .0001995	 1.764706E-02	-1.960784E-03	
  .0001996	 2.156863E-02	 1.960784E-03	
  .0001997	 .0254902	 1.960784E-03	
  .0001998	 1.764706E-02	-1.960784E-03	
  .0001999	 2.156863E-02	-1.960784E-03	
  .0002	 2.156863E-02	-5.882353E-03	
  .0002001	 2.156863E-02	-5.882353E-03	
  .0002002	 2.156863E-02	-5.882353E-03	
  .0002003	 .0254902	-5.882353E-03	
  .0002004	 .0254902	-1.960784E-03	
  .0002005	 2.156863E-02	-9.803922E-03	
  .0002006	 2.156863E-02	-5.882353E-03	
  .0002007	 2.156863E-02	-1.960784E-03	
  .0002008	 .0254902	-9.803922E-03	
  .0002009	 .0254902	-9.803922E-03	
  .000201	 2.156863E-02	-9.803922E-03	
  .0002011	 2.156863E-02	-9.803922E-03	
  .0002012	 2.156863E-02	-9.803922E-03	
  .0002013	 2.156863E-02	-9.803922E-03	
  .0002014	 .0254902	-1.372549E-02	
  .0002015	 2.156863E-02	-9.803922E-03	
  .0002016	 2.156863E-02	-5.882353E-03	
  .0002017	 2.941176E-02	-1.372549E-02	
  .0002018	 2.941176E-02	-9.803922E-03	
  .0002019	 2.941176E-02	-1.372549E-02	
  .000202	 .0254902	-1.764706E-02	
  .0002021	 2.941176E-02	-9.803922E-03	
  .0002022	 3.333334E-02	-1.372549E-02	
  .0002023	 .0254902	-9.803922E-03	
  .0002024	 2.941176E-02	-1.372549E-02	
  .0002025	 2.941176E-02	-1.764706E-02	
  .0002026	 2.941176E-02	-1.764706E-02	
  .0002027	 2.941176E-02	-1.764706E-02	
  .0002028	 2.941176E-02	-1.764706E-02	
  .0002029	 2.941176E-02	-1.764706E-02	
  .000203	 2.941176E-02	-1.764706E-02	
  .0002031	 3.333334E-02	-2.156863E-02	
  .0002032	 2.941176E-02	-2.156863E-02	
  .0002033	 3.333334E-02	-2.156863E-02	
  .0002034	 3.333334E-02	-1.764706E-02	
  .0002035	 2.941176E-02	-2.156863E-02	
  .0002036	 2.941176E-02	-1.764706E-02	
  .0002037	 3.333334E-02	-1.764706E-02	
  .0002038	 3.333334E-02	-2.156863E-02	
  .0002039	 .0372549	-1.764706E-02	
  .000204	 3.333334E-02	-1.764706E-02	
  .0002041	 3.333334E-02	-.0254902	
  .0002042	 3.333334E-02	-.0254902	
  .0002043	 .0372549	-2.156863E-02	
  .0002044	 4.117647E-02	-2.156863E-02	
  .0002045	 3.333334E-02	-2.156863E-02	
  .0002046	 .0372549	-2.156863E-02	
  .0002047	 3.333334E-02	-.0254902	
  .0002048	 2.941176E-02	-.0254902	
  .0002049	 .0372549	-.0254902	
  .000205	 3.333334E-02	-.0254902	
  .0002051	 .0372549	-.0254902	
  .0002052	 2.941176E-02	-.0254902	
  .0002053	 3.333334E-02	-.0254902	
  .0002054	 2.941176E-02	-.0254902	
  .0002055	 3.333334E-02	-2.941176E-02	
  .0002056	 .0372549	-.0254902	
  .0002057	 3.333334E-02	-.0254902	
  .0002058	 3.333334E-02	-.0254902	
  .0002059	 .0372549	-.0254902	
  .000206	 2.941176E-02	-2.941176E-02	
  .0002061	 3.333334E-02	-2.941176E-02	
  .0002062	 3.333334E-02	-.0254902	
  .0002063	 3.333334E-02	-2.941176E-02	
  .0002064	 3.333334E-02	-2.941176E-02	
  .0002065	 3.333334E-02	-2.941176E-02	
  .0002066	 .0372549	-2.941176E-02	
  .0002067	 3.333334E-02	-2.941176E-02	
  .0002068	 .0372549	-.0254902	
  .0002069	 3.333334E-02	-3.333334E-02	
  .000207	 3.333334E-02	-3.333334E-02	
  .0002071	 3.333334E-02	-2.941176E-02	
  .0002072	 3.333334E-02	-.0254902	
  .0002073	 3.333334E-02	-2.941176E-02	
  .0002074	 .0372549	-3.333334E-02	
  .0002075	 3.333334E-02	-3.333334E-02	
  .0002076	 3.333334E-02	-.0372549	
  .0002077	 3.333334E-02	-3.333334E-02	
  .0002078	 2.941176E-02	-2.941176E-02	
  .0002079	 3.333334E-02	-2.941176E-02	
  .000208	 3.333334E-02	-.0372549	
  .0002081	 3.333334E-02	-.0372549	
  .0002082	 3.333334E-02	-3.333334E-02	
  .0002083	 3.333334E-02	-3.333334E-02	
  .0002084	 3.333334E-02	-2.941176E-02	
  .0002085	 3.333334E-02	-.0372549	
  .0002086	 3.333334E-02	-3.333334E-02	
  .0002087	 .0372549	-.0372549	
  .0002088	 3.333334E-02	-2.941176E-02	
  .0002089	 .0372549	-.0372549	
  .000209	 .0372549	-4.117647E-02	
  .0002091	 .0372549	-3.333334E-02	
  .0002092	 2.941176E-02	-3.333334E-02	
  .0002093	 3.333334E-02	-.0372549	
  .0002094	 3.333334E-02	-.0372549	
  .0002095	 .0372549	-3.333334E-02	
  .0002096	 .0372549	-.0372549	
  .0002097	 3.333334E-02	-.0372549	
  .0002098	 3.333334E-02	-.0372549	
  .0002099	 .0372549	-4.117647E-02	
  .00021	 3.333334E-02	-.0372549	
  .0002101	 3.333334E-02	-4.117647E-02	
  .0002102	 3.333334E-02	-4.117647E-02	
  .0002103	 .0372549	-.0372549	
  .0002104	 3.333334E-02	-4.117647E-02	
  .0002105	 2.941176E-02	-4.117647E-02	
  .0002106	 3.333334E-02	-.0372549	
  .0002107	 3.333334E-02	-4.117647E-02	
  .0002108	 3.333334E-02	-.0372549	
  .0002109	 2.941176E-02	-4.117647E-02	
  .000211	 2.941176E-02	-.0372549	
  .0002111	 2.941176E-02	-.0372549	
  .0002112	 2.941176E-02	-.0372549	
  .0002113	 2.941176E-02	-4.117647E-02	
  .0002114	 2.941176E-02	-4.117647E-02	
  .0002115	 3.333334E-02	-.0372549	
  .0002116	 3.333334E-02	-4.117647E-02	
  .0002117	 3.333334E-02	-.0372549	
  .0002118	 2.941176E-02	-4.117647E-02	
  .0002119	 3.333334E-02	-.0372549	
  .000212	 3.333334E-02	-3.333334E-02	
  .0002121	 3.333334E-02	-4.117647E-02	
  .0002122	 2.941176E-02	-3.333334E-02	
  .0002123	 3.333334E-02	-.0372549	
  .0002124	 2.941176E-02	-4.117647E-02	
  .0002125	 2.941176E-02	-4.117647E-02	
  .0002126	 2.941176E-02	-.0372549	
  .0002127	 2.941176E-02	-4.117647E-02	
  .0002128	 2.941176E-02	-.0372549	
  .0002129	 2.941176E-02	-4.117647E-02	
  .000213	 2.941176E-02	-4.117647E-02	
  .0002131	 2.941176E-02	-.0372549	
  .0002132	 2.941176E-02	-4.117647E-02	
  .0002133	 2.941176E-02	-4.117647E-02	
  .0002134	 2.941176E-02	-.0372549	
  .0002135	 .0254902	-.0372549	
  .0002136	 2.941176E-02	-.0372549	
  .0002137	 .0254902	-.0372549	
  .0002138	 3.333334E-02	-.0372549	
  .0002139	 2.941176E-02	-4.117647E-02	
  .000214	 2.941176E-02	-.0372549	
  .0002141	 .0254902	-.0372549	
  .0002142	 2.941176E-02	-4.117647E-02	
  .0002143	 2.941176E-02	-.0372549	
  .0002144	 .0254902	-3.333334E-02	
  .0002145	 .0254902	-.0372549	
  .0002146	 .0254902	-.0372549	
  .0002147	 .0254902	-.0372549	
  .0002148	 2.941176E-02	-4.117647E-02	
  .0002149	 2.941176E-02	-4.117647E-02	
  .000215	 2.941176E-02	-.0372549	
  .0002151	 .0254902	-.0372549	
  .0002152	 .0254902	-.0372549	
  .0002153	 .0254902	-3.333334E-02	
  .0002154	 .0254902	-.0372549	
  .0002155	 2.941176E-02	-3.333334E-02	
  .0002156	 .0254902	-.0372549	
  .0002157	 2.941176E-02	-.0372549	
  .0002158	 2.156863E-02	-.0372549	
  .0002159	 2.156863E-02	-.0372549	
  .000216	 2.156863E-02	-.0372549	
  .0002161	 .0254902	-.0372549	
  .0002162	 2.156863E-02	-.0372549	
  .0002163	 2.156863E-02	-.0372549	
  .0002164	 .0254902	-3.333334E-02	
  .0002165	 .0254902	-.0372549	
  .0002166	 2.156863E-02	-3.333334E-02	
  .0002167	 .0254902	-3.333334E-02	
  .0002168	 2.156863E-02	-.0372549	
  .0002169	 2.156863E-02	-.0372549	
  .000217	 2.156863E-02	-2.941176E-02	
  .0002171	 .0254902	-3.333334E-02	
  .0002172	 1.764706E-02	-2.941176E-02	
  .0002173	 1.372549E-02	-3.333334E-02	
  .0002174	 2.156863E-02	-3.333334E-02	
  .0002175	 1.764706E-02	-2.941176E-02	
  .0002176	 2.156863E-02	-3.333334E-02	
  .0002177	 1.764706E-02	-3.333334E-02	
  .0002178	 2.156863E-02	-2.941176E-02	
  .0002179	 2.156863E-02	-3.333334E-02	
  .000218	 1.764706E-02	-3.333334E-02	
  .0002181	 1.764706E-02	-3.333334E-02	
  .0002182	 2.156863E-02	-3.333334E-02	
  .0002183	 1.764706E-02	-2.941176E-02	
  .0002184	 1.764706E-02	-3.333334E-02	
  .0002185	 1.764706E-02	-3.333334E-02	
  .0002186	 2.156863E-02	-2.941176E-02	
  .0002187	 1.764706E-02	-.0254902	
  .0002188	 2.156863E-02	-2.941176E-02	
  .0002189	 2.156863E-02	-2.941176E-02	
  .000219	 1.764706E-02	-2.941176E-02	
  .0002191	 1.372549E-02	-2.941176E-02	
  .0002192	 2.156863E-02	-2.941176E-02	
  .0002193	 1.764706E-02	-.0254902	
  .0002194	 2.156863E-02	-.0254902	
  .0002195	 1.764706E-02	-2.156863E-02	
  .0002196	 1.372549E-02	-.0254902	
  .0002197	 1.764706E-02	-.0254902	
  .0002198	 1.764706E-02	-3.333334E-02	
  .0002199	 1.372549E-02	-.0254902	
  .00022	 1.372549E-02	-2.941176E-02	
  .0002201	 1.764706E-02	-2.941176E-02	
  .0002202	 1.764706E-02	-.0254902	
  .0002203	 9.803922E-03	-.0254902	
  .0002204	 9.803922E-03	-2.156863E-02	
  .0002205	 9.803922E-03	-.0254902	
  .0002206	 1.372549E-02	-2.941176E-02	
  .0002207	 9.803922E-03	-.0254902	
  .0002208	 9.803922E-03	-2.156863E-02	
  .0002209	 9.803922E-03	-2.156863E-02	
  .000221	 9.803922E-03	-1.764706E-02	
  .0002211	 5.882353E-03	-1.764706E-02	
  .0002212	 9.803922E-03	-2.156863E-02	
  .0002213	 9.803922E-03	-2.156863E-02	
  .0002214	 9.803922E-03	-1.764706E-02	
  .0002215	 1.372549E-02	-2.156863E-02	
  .0002216	 9.803922E-03	-1.764706E-02	
  .0002217	 9.803922E-03	-2.156863E-02	
  .0002218	 9.803922E-03	-.0254902	
  .0002219	 5.882353E-03	-1.764706E-02	
  .000222	 9.803922E-03	-.0254902	
  .0002221	 9.803922E-03	-1.372549E-02	
  .0002222	 9.803922E-03	-1.372549E-02	
  .0002223	 5.882353E-03	-2.156863E-02	
  .0002224	 5.882353E-03	-1.764706E-02	
  .0002225	 5.882353E-03	-1.372549E-02	
  .0002226	 5.882353E-03	-2.156863E-02	
  .0002227	 9.803922E-03	-1.372549E-02	
  .0002228	 1.960784E-03	-1.764706E-02	
  .0002229	 9.803922E-03	-1.372549E-02	
  .000223	 5.882353E-03	-1.764706E-02	
  .0002231	 5.882353E-03	-1.764706E-02	
  .0002232	 5.882353E-03	-1.764706E-02	
  .0002233	 5.882353E-03	-1.372549E-02	
  .0002234	 5.882353E-03	-1.764706E-02	
  .0002235	 1.960784E-03	-1.372549E-02	
  .0002236	-1.960784E-03	-9.803922E-03	
  .0002237	 9.803922E-03	-1.372549E-02	
  .0002238	 1.960784E-03	-1.372549E-02	
  .0002239	-1.960784E-03	-1.372549E-02	
  .000224	 1.960784E-03	-1.372549E-02	
  .0002241	 1.960784E-03	-1.372549E-02	
  .0002242	 5.882353E-03	-1.764706E-02	
  .0002243	 1.960784E-03	-9.803922E-03	
  .0002244	 5.882353E-03	-5.882353E-03	
  .0002245	 1.960784E-03	-9.803922E-03	
  .0002246	-1.960784E-03	-1.372549E-02	
  .0002247	 1.960784E-03	-9.803922E-03	
  .0002248	 1.960784E-03	-9.803922E-03	
  .0002249	 5.882353E-03	-9.803922E-03	
  .000225	-1.960784E-03	-9.803922E-03	
