 -.0000498	 5.882353E-02	-9.803922E-03	
 -.0000496	-1.960784E-02	-9.803922E-03	
 -.0000494	 5.882353E-02	-9.803922E-03	
 -.0000492	 5.882353E-02	 9.803922E-03	
 -.000049	 5.882353E-02	 9.803922E-03	
 -.0000488	 1.960784E-02	 9.803922E-03	
 -.0000486	 5.882353E-02	-9.803922E-03	
 -.0000484	-1.960784E-02	 4.901961E-02	
 -.0000482	 1.960784E-02	 9.803922E-03	
 -.000048	 5.882353E-02	-9.803922E-03	
 -.0000478	 5.882353E-02	 9.803922E-03	
 -.0000476	 5.882353E-02	 9.803922E-03	
 -.0000474	 5.882353E-02	 2.941176E-02	
 -.0000472	 1.960784E-02	 2.941176E-02	
 -.000047	 1.960784E-02	-9.803922E-03	
 -.0000468	 5.882353E-02	-9.803922E-03	
 -.0000466	 1.960784E-02	-9.803922E-03	
 -.0000464	 5.882353E-02	-9.803922E-03	
 -.0000462	 1.960784E-02	-9.803922E-03	
 -.000046	 5.882353E-02	 9.803922E-03	
 -.0000458	 5.882353E-02	 9.803922E-03	
 -.0000456	 5.882353E-02	 9.803922E-03	
 -.0000454	 5.882353E-02	 9.803922E-03	
 -.0000452	 5.882353E-02	-9.803922E-03	
 -.000045	 5.882353E-02	 9.803922E-03	
 -.0000448	 5.882353E-02	 9.803922E-03	
 -.0000446	 1.960784E-02	-9.803922E-03	
 -.0000444	 5.882353E-02	 9.803922E-03	
 -.0000442	 9.803922E-02	-9.803922E-03	
 -.000044	 5.882353E-02	 9.803922E-03	
 -.0000438	 5.882353E-02	-9.803922E-03	
 -.0000436	 5.882353E-02	 2.941176E-02	
 -.0000434	 5.882353E-02	-9.803922E-03	
 -.0000432	 5.882353E-02	 9.803922E-03	
 -.000043	 1.960784E-02	 9.803922E-03	
 -.0000428	 5.882353E-02	 9.803922E-03	
 -.0000426	 9.803922E-02	-9.803922E-03	
 -.0000424	 5.882353E-02	-9.803922E-03	
 -.0000422	 5.882353E-02	 9.803922E-03	
 -.000042	 5.882353E-02	 9.803922E-03	
 -.0000418	 1.960784E-02	-9.803922E-03	
 -.0000416	 5.882353E-02	-2.941176E-02	
 -.0000414	 9.803922E-02	-9.803922E-03	
 -.0000412	 5.882353E-02	 9.803922E-03	
 -.000041	 1.960784E-02	-2.941176E-02	
 -.0000408	 5.882353E-02	 9.803922E-03	
 -.0000406	 5.882353E-02	 9.803922E-03	
 -.0000404	 5.882353E-02	-9.803922E-03	
 -.0000402	 1.960784E-02	 9.803922E-03	
 -.00004	 5.882353E-02	-9.803922E-03	
 -.0000398	 1.960784E-02	-9.803922E-03	
 -.0000396	-1.960784E-02	-9.803922E-03	
 -.0000394	 9.803922E-02	 9.803922E-03	
 -.0000392	 1.960784E-02	 9.803922E-03	
 -.000039	 5.882353E-02	 9.803922E-03	
 -.0000388	 5.882353E-02	 2.941176E-02	
 -.0000386	 .1372549	-9.803922E-03	
 -.0000384	 1.960784E-02	-9.803922E-03	
 -.0000382	 1.960784E-02	-9.803922E-03	
 -.000038	 1.960784E-02	-9.803922E-03	
 -.0000378	 5.882353E-02	 2.941176E-02	
 -.0000376	 5.882353E-02	 9.803922E-03	
 -.0000374	 5.882353E-02	 4.901961E-02	
 -.0000372	 5.882353E-02	 9.803922E-03	
 -.000037	 5.882353E-02	-9.803922E-03	
 -.0000368	 1.960784E-02	-2.941176E-02	
 -.0000366	 5.882353E-02	 9.803922E-03	
 -.0000364	 5.882353E-02	-9.803922E-03	
 -.0000362	 5.882353E-02	 9.803922E-03	
 -.000036	 9.803922E-02	 9.803922E-03	
 -.0000358	 5.882353E-02	 9.803922E-03	
 -.0000356	 5.882353E-02	 9.803922E-03	
 -.0000354	 5.882353E-02	-9.803922E-03	
 -.0000352	 5.882353E-02	 2.941176E-02	
 -.000035	 9.803922E-02	-9.803922E-03	
 -.0000348	 5.882353E-02	-9.803922E-03	
 -.0000346	 1.960784E-02	 9.803922E-03	
 -.0000344	 1.960784E-02	 9.803922E-03	
 -.0000342	 9.803922E-02	 2.941176E-02	
 -.000034	 1.960784E-02	 9.803922E-03	
 -.0000338	 5.882353E-02	 9.803922E-03	
 -.0000336	 5.882353E-02	 9.803922E-03	
 -.0000334	 5.882353E-02	-9.803922E-03	
 -.0000332	 5.882353E-02	 9.803922E-03	
 -.000033	 9.803922E-02	 2.941176E-02	
 -.0000328	 5.882353E-02	 9.803922E-03	
 -.0000326	 1.960784E-02	 2.941176E-02	
 -.0000324	 5.882353E-02	 9.803922E-03	
 -.0000322	 1.960784E-02	-9.803922E-03	
 -.000032	 1.960784E-02	-9.803922E-03	
 -.0000318	 5.882353E-02	 9.803922E-03	
 -.0000316	 1.960784E-02	-9.803922E-03	
 -.0000314	 1.960784E-02	-2.941176E-02	
 -.0000312	 1.960784E-02	-9.803922E-03	
 -.000031	 1.960784E-02	-9.803922E-03	
 -.0000308	 5.882353E-02	 9.803922E-03	
 -.0000306	 1.960784E-02	 9.803922E-03	
 -.0000304	 1.960784E-02	-2.941176E-02	
 -.0000302	 5.882353E-02	-9.803922E-03	
 -.00003	 5.882353E-02	-9.803922E-03	
 -.0000298	 1.960784E-02	-2.941176E-02	
 -.0000296	 5.882353E-02	-9.803922E-03	
 -.0000294	 5.882353E-02	-9.803922E-03	
 -.0000292	 5.882353E-02	 9.803922E-03	
 -.000029	 5.882353E-02	 9.803922E-03	
 -.0000288	 5.882353E-02	-9.803922E-03	
 -.0000286	 1.960784E-02	 9.803922E-03	
 -.0000284	 1.960784E-02	-9.803922E-03	
 -.0000282	 5.882353E-02	-9.803922E-03	
 -.000028	 1.960784E-02	-9.803922E-03	
 -.0000278	 5.882353E-02	 9.803922E-03	
 -.0000276	 5.882353E-02	 2.941176E-02	
 -.0000274	 1.960784E-02	-9.803922E-03	
 -.0000272	 1.960784E-02	 9.803922E-03	
 -.000027	 1.960784E-02	-9.803922E-03	
 -.0000268	 9.803922E-02	-2.941176E-02	
 -.0000266	 1.960784E-02	 9.803922E-03	
 -.0000264	-1.960784E-02	-9.803922E-03	
 -.0000262	 5.882353E-02	 2.941176E-02	
 -.000026	 5.882353E-02	-9.803922E-03	
 -.0000258	 1.960784E-02	-2.941176E-02	
 -.0000256	 1.960784E-02	 9.803922E-03	
 -.0000254	 1.960784E-02	-9.803922E-03	
 -.0000252	 5.882353E-02	 2.941176E-02	
 -.000025	 1.960784E-02	-9.803922E-03	
 -.0000248	 1.960784E-02	-9.803922E-03	
 -.0000246	 9.803922E-02	 9.803922E-03	
 -.0000244	 5.882353E-02	-9.803922E-03	
 -.0000242	 5.882353E-02	-9.803922E-03	
 -.000024	 1.960784E-02	-9.803922E-03	
 -.0000238	 5.882353E-02	 2.941176E-02	
 -.0000236	 5.882353E-02	-9.803922E-03	
 -.0000234	 5.882353E-02	 9.803922E-03	
 -.0000232	 1.960784E-02	 9.803922E-03	
 -.000023	 5.882353E-02	-9.803922E-03	
 -.0000228	 9.803922E-02	 9.803922E-03	
 -.0000226	 5.882353E-02	 9.803922E-03	
 -.0000224	 5.882353E-02	 9.803922E-03	
 -.0000222	 5.882353E-02	-9.803922E-03	
 -.000022	 5.882353E-02	 9.803922E-03	
 -.0000218	 5.882353E-02	-9.803922E-03	
 -.0000216	 5.882353E-02	-9.803922E-03	
 -.0000214	 1.960784E-02	 9.803922E-03	
 -.0000212	 5.882353E-02	-2.941176E-02	
 -.000021	 1.960784E-02	 9.803922E-03	
 -.0000208	 5.882353E-02	-9.803922E-03	
 -.0000206	 1.960784E-02	-9.803922E-03	
 -.0000204	 1.960784E-02	 9.803922E-03	
 -.0000202	 1.960784E-02	-2.941176E-02	
 -.00002	 1.960784E-02	-2.941176E-02	
 -.0000198	 1.960784E-02	-9.803922E-03	
 -.0000196	 1.960784E-02	-2.941176E-02	
 -.0000194	 5.882353E-02	-2.941176E-02	
 -.0000192	-1.960784E-02	 2.941176E-02	
 -.000019	 5.882353E-02	 9.803922E-03	
 -.0000188	 5.882353E-02	 9.803922E-03	
 -.0000186	 5.882353E-02	 9.803922E-03	
 -.0000184	 5.882353E-02	-2.941176E-02	
 -.0000182	 5.882353E-02	-9.803922E-03	
 -.000018	 5.882353E-02	 9.803922E-03	
 -.0000178	 9.803922E-02	-9.803922E-03	
 -.0000176	 1.960784E-02	 9.803922E-03	
 -.0000174	 1.960784E-02	-9.803922E-03	
 -.0000172	 1.960784E-02	-2.941176E-02	
 -.000017	 1.960784E-02	 9.803922E-03	
 -.0000168	 5.882353E-02	 9.803922E-03	
 -.0000166	 1.960784E-02	-9.803922E-03	
 -.0000164	 1.960784E-02	 9.803922E-03	
 -.0000162	-1.960784E-02	-9.803922E-03	
 -.000016	 5.882353E-02	 9.803922E-03	
 -.0000158	 5.882353E-02	-9.803922E-03	
 -.0000156	 1.960784E-02	-9.803922E-03	
 -.0000154	 5.882353E-02	 9.803922E-03	
 -.0000152	 5.882353E-02	-9.803922E-03	
 -.000015	 1.960784E-02	 9.803922E-03	
 -.0000148	 5.882353E-02	 9.803922E-03	
 -.0000146	 5.882353E-02	 9.803922E-03	
 -.0000144	 9.803922E-02	-9.803922E-03	
 -.0000142	 5.882353E-02	-9.803922E-03	
 -.000014	 1.960784E-02	-9.803922E-03	
 -.0000138	 5.882353E-02	-9.803922E-03	
 -.0000136	 5.882353E-02	-9.803922E-03	
 -.0000134	 5.882353E-02	-9.803922E-03	
 -.0000132	 1.960784E-02	-9.803922E-03	
 -.000013	 5.882353E-02	-9.803922E-03	
 -.0000128	 5.882353E-02	 9.803922E-03	
 -.0000126	 1.960784E-02	-2.941176E-02	
 -.0000124	 1.960784E-02	-9.803922E-03	
 -.0000122	 1.960784E-02	 9.803922E-03	
 -.000012	 9.803922E-02	 9.803922E-03	
 -.0000118	 1.960784E-02	-9.803922E-03	
 -.0000116	 1.960784E-02	-2.941176E-02	
 -.0000114	 5.882353E-02	-9.803922E-03	
 -.0000112	 1.960784E-02	 9.803922E-03	
 -.000011	 5.882353E-02	 9.803922E-03	
 -.0000108	 1.960784E-02	 9.803922E-03	
 -.0000106	 1.960784E-02	-9.803922E-03	
 -.0000104	 1.960784E-02	-9.803922E-03	
 -.0000102	 5.882353E-02	 9.803922E-03	
 -.00001	 1.960784E-02	-9.803922E-03	
 -.0000098	 5.882353E-02	-9.803922E-03	
 -.0000096	 1.960784E-02	 9.803922E-03	
 -.0000094	 5.882353E-02	 9.803922E-03	
 -.0000092	 5.882353E-02	-9.803922E-03	
 -.000009	 5.882353E-02	 9.803922E-03	
 -.0000088	 5.882353E-02	 2.941176E-02	
 -.0000086	 5.882353E-02	 9.803922E-03	
 -.0000084	 1.960784E-02	-9.803922E-03	
 -.0000082	 1.960784E-02	-9.803922E-03	
 -.000008	 1.960784E-02	-9.803922E-03	
 -.0000078	 5.882353E-02	 2.941176E-02	
 -.0000076	 1.960784E-02	 9.803922E-03	
 -.0000074	 1.960784E-02	 9.803922E-03	
 -.0000072	 5.882353E-02	-9.803922E-03	
 -.000007	 1.960784E-02	-9.803922E-03	
 -.0000068	 1.960784E-02	 9.803922E-03	
 -.0000066	 1.960784E-02	-9.803922E-03	
 -.0000064	-1.960784E-02	-9.803922E-03	
 -.0000062	 5.882353E-02	-9.803922E-03	
 -.000006	 1.960784E-02	-9.803922E-03	
 -.0000058	 1.960784E-02	 9.803922E-03	
 -.0000056	 5.882353E-02	-9.803922E-03	
 -.0000054	 5.882353E-02	-9.803922E-03	
 -.0000052	 1.960784E-02	-9.803922E-03	
 -.000005	 1.960784E-02	-9.803922E-03	
 -.0000048	 5.882353E-02	 9.803922E-03	
 -.0000046	 5.882353E-02	 2.941176E-02	
 -.0000044	 9.803922E-02	-9.803922E-03	
 -.0000042	 5.882353E-02	-9.803922E-03	
 -.000004	 5.882353E-02	 2.941176E-02	
 -.0000038	 1.960784E-02	-9.803922E-03	
 -.0000036	 5.882353E-02	-9.803922E-03	
 -.0000034	 1.960784E-02	 9.803922E-03	
 -.0000032	 9.803922E-02	 9.803922E-03	
 -.000003	 5.882353E-02	 9.803922E-03	
 -.0000028	 1.960784E-02	-9.803922E-03	
 -.0000026	 1.960784E-02	 2.941176E-02	
 -.0000024	 5.882353E-02	-9.803922E-03	
 -.0000022	 5.882353E-02	 9.803922E-03	
 -.000002	 5.882353E-02	-9.803922E-03	
 -.0000018	 1.960784E-02	-9.803922E-03	
 -.0000016	 5.882353E-02	-9.803922E-03	
 -.0000014	 5.882353E-02	-9.803922E-03	
 -.0000012	 5.882353E-02	-9.803922E-03	
 -.000001	 1.960784E-02	 9.803922E-03	
 -.0000008	 5.882353E-02	-9.803922E-03	
 -.0000006	 5.882353E-02	 9.803922E-03	
 -.0000004	 1.960784E-02	-9.803922E-03	
 -.0000002	-1.960784E-02	-9.803922E-03	
  0	-1.960784E-02	-9.803922E-03	
  .0000002	 1.960784E-02	-9.803922E-03	
  .0000004	-2.372549	 9.803922E-03	
  .0000006	-1.117647	 6.862745E-02	
  .0000008	-1.431373	 .1470588	
  .000001	-1.313725	 .1666667	
  .0000012	-1.980392	 .1666667	
  .0000014	-.8039216	 .1862745	
  .0000016	-1.156863	 .2058824	
  .0000018	-1.117647	 .2254902	
  .000002	-1.156863	 .245098	
  .0000022	-1.117647	 .3039216	
  .0000024	-1.27451	 .2843137	
  .0000026	-1.196078	 .2843137	
  .0000028	-1.27451	 .2843137	
  .000003	-1.235294	 .3039216	
  .0000032	-1.313725	 .2843137	
  .0000034	-1.470588	 .3235294	
  .0000036	-1.352941	 .3627451	
  .0000038	-1.431373	 .3627451	
  .000004	-1.470588	 .3823529	
  .0000042	-1.431373	 .3823529	
  .0000044	-1.509804	 .3823529	
  .0000046	-1.470588	 .4019608	
  .0000048	-1.470588	 .4019608	
  .000005	-1.470588	 .4215686	
  .0000052	-1.509804	 .4607843	
  .0000054	-1.470588	 .4803922	
  .0000056	-1.431373	 .4803922	
  .0000058	-1.470588	 .4803922	
  .000006	-1.509804	 .4607843	
  .0000062	-1.509804	 .5	
  .0000064	-1.509804	 .4803922	
  .0000066	-1.54902	 .5196078	
  .0000068	-1.509804	 .5196078	
  .000007	-1.588235	 .5588235	
  .0000072	-1.745098	 .5196078	
  .0000074	-1.705882	 .5588235	
  .0000076	-2.019608	 .5784314	
  .0000078	-1.941176	 .5980392	
  .000008	-2.058824	 .6176471	
  .0000082	-1.941176	 .6176471	
  .0000084	-2.058824	 .6764706	
  .0000086	-2.019608	 .6568627	
  .0000088	-2.019608	 .6764706	
  .000009	-2.058824	 .7156863	
  .0000092	-2.058824	 .6764706	
  .0000094	-2.058824	 .7156863	
  .0000096	-2.098039	 .7352941	
  .0000098	-2.058824	 .7549019	
  .00001	-2.058824	 .7745098	
  .0000102	-2.098039	 .7941176	
  .0000104	-2.098039	 .7745098	
  .0000106	-2.098039	 .8333333	
  .0000108	-2.137255	 .8529412	
  .000011	-2.137255	 .8529412	
  .0000112	-2.137255	 .872549	
  .0000114	-2.137255	 .872549	
  .0000116	-2.137255	 .872549	
  .0000118	-2.137255	 .9117647	
  .000012	-2.098039	 .9509804	
  .0000122	-2.137255	 .9509804	
  .0000124	-2.176471	 .9509804	
  .0000126	-2.137255	 .9313725	
  .0000128	-2.137255	 .9313725	
  .000013	-2.176471	 .9509804	
  .0000132	-2.176471	 .9509804	
  .0000134	-2.176471	 .9705882	
  .0000136	-2.176471	 .990196	
  .0000138	-2.176471	 1.009804	
  .000014	-2.215686	 1.029412	
  .0000142	-2.176471	 1.009804	
  .0000144	-2.137255	 1.029412	
  .0000146	-2.176471	 1.029412	
  .0000148	-2.215686	 1.009804	
  .000015	-2.098039	 1.068627	
  .0000152	-2.176471	 1.068627	
  .0000154	-2.176471	 1.04902	
  .0000156	-2.215686	 1.04902	
  .0000158	-2.176471	 1.068627	
  .000016	-2.176471	 1.068627	
  .0000162	-2.137255	 1.088235	
  .0000164	-2.176471	 1.107843	
  .0000166	-2.137255	 1.107843	
  .0000168	-2.137255	 1.107843	
  .000017	-2.176471	 1.088235	
  .0000172	-2.137255	 1.127451	
  .0000174	-2.137255	 1.127451	
  .0000176	-2.137255	 1.107843	
  .0000178	-2.098039	 1.107843	
  .000018	-2.098039	 1.107843	
  .0000182	-2.137255	 1.147059	
  .0000184	-2.137255	 1.127451	
  .0000186	-2.098039	 1.166667	
  .0000188	-2.137255	 1.166667	
  .000019	-2.137255	 1.166667	
  .0000192	-2.098039	 1.127451	
  .0000194	-2.098039	 1.127451	
  .0000196	-2.137255	 1.127451	
  .0000198	-2.098039	 1.166667	
  .00002	-2.098039	 1.166667	
  .0000202	-2.019608	 1.186275	
  .0000204	-2.019608	 1.205882	
  .0000206	-2.019608	 1.186275	
  .0000208	-1.980392	 1.186275	
  .000021	-1.980392	 1.166667	
  .0000212	-1.980392	 1.186275	
  .0000214	-1.980392	 1.166667	
  .0000216	-2.019608	 1.205882	
  .0000218	-1.941176	 1.186275	
  .000022	-1.980392	 1.205882	
  .0000222	-1.941176	 1.205882	
  .0000224	-1.980392	 1.205882	
  .0000226	-1.941176	 1.166667	
  .0000228	-1.901961	 1.205882	
  .000023	-1.901961	 1.166667	
  .0000232	-1.901961	 1.186275	
  .0000234	-1.862745	 1.205882	
  .0000236	-1.862745	 1.205882	
  .0000238	-1.901961	 1.22549	
  .000024	-1.862745	 1.205882	
  .0000242	-1.823529	 1.166667	
  .0000244	-1.745098	 1.147059	
  .0000246	-1.784314	 1.166667	
  .0000248	-1.784314	 1.166667	
  .000025	-1.784314	 1.186275	
  .0000252	-1.705882	 1.166667	
  .0000254	-1.745098	 1.166667	
  .0000256	-1.745098	 1.186275	
  .0000258	-1.705882	 1.147059	
  .000026	-1.666667	 1.127451	
  .0000262	-1.627451	 1.147059	
  .0000264	-1.666667	 1.166667	
  .0000266	-1.627451	 1.166667	
  .0000268	-1.588235	 1.166667	
  .000027	-1.627451	 1.166667	
  .0000272	-1.666667	 1.166667	
  .0000274	-1.588235	 1.127451	
  .0000276	-1.54902	 1.127451	
  .0000278	-1.54902	 1.127451	
  .000028	-1.54902	 1.107843	
  .0000282	-1.509804	 1.127451	
  .0000284	-1.54902	 1.127451	
  .0000286	-1.470588	 1.107843	
  .0000288	-1.54902	 1.127451	
  .000029	-1.470588	 1.107843	
  .0000292	-1.431373	 1.088235	
  .0000294	-1.431373	 1.068627	
  .0000296	-1.431373	 1.068627	
  .0000298	-1.392157	 1.088235	
  .00003	-1.352941	 1.088235	
  .0000302	-1.392157	 1.088235	
  .0000304	-1.352941	 1.088235	
  .0000306	-1.313725	 1.088235	
  .0000308	-1.313725	 1.088235	
  .000031	-1.313725	 1.029412	
  .0000312	-1.27451	 1.068627	
  .0000314	-1.235294	 1.029412	
  .0000316	-1.235294	 1.068627	
  .0000318	-1.196078	 1.04902	
  .000032	-1.235294	 1.04902	
  .0000322	-1.196078	 1.04902	
  .0000324	-1.117647	 1.009804	
  .0000326	-1.117647	 1.009804	
  .0000328	-1.156863	 1.009804	
  .000033	-1.117647	 .9705882	
  .0000332	-1.078431	 1.029412	
  .0000334	-1.039216	 .990196	
  .0000336	-1	 .990196	
  .0000338	-.9607843	 1.009804	
  .000034	-.9607843	 .9509804	
  .0000342	-1	 .9509804	
  .0000344	-.9607843	 .9313725	
  .0000346	-.9215686	 .9313725	
  .0000348	-.9215686	 .9117647	
  .000035	-.8431373	 .9313725	
  .0000352	-.8431373	 .9117647	
  .0000354	-.8431373	 .8921568	
  .0000356	-.8039216	 .9117647	
  .0000358	-.8039216	 .8921568	
  .000036	-.7647059	 .872549	
  .0000362	-.7647059	 .872549	
  .0000364	-.7254902	 .872549	
  .0000366	-.6862745	 .872549	
  .0000368	-.6862745	 .8529412	
  .000037	-.6862745	 .8333333	
  .0000372	-.6078432	 .8529412	
  .0000374	-.6078432	 .8137255	
  .0000376	-.5686275	 .7745098	
  .0000378	-.6078432	 .7941176	
  .000038	-.5686275	 .7745098	
  .0000382	-.4509804	 .7549019	
  .0000384	-.4509804	 .7745098	
  .0000386	-.4509804	 .7549019	
  .0000388	-.4117647	 .7352941	
  .000039	-.372549	 .7352941	
  .0000392	-.4509804	 .7156863	
  .0000394	-.372549	 .6960784	
  .0000396	-.3333333	 .6960784	
  .0000398	-.2941177	 .6764706	
  .00004	-.3333333	 .6764706	
  .0000402	-.254902	 .6764706	
  .0000404	-.2156863	 .6960784	
  .0000406	-.1764706	 .6372549	
  .0000408	-.1764706	 .6372549	
  .000041	-.1764706	 .6176471	
  .0000412	-.1372549	 .5980392	
  .0000414	-.1372549	 .5784314	
  .0000416	-9.803922E-02	 .5980392	
  .0000418	-5.882353E-02	 .5784314	
  .000042	-9.803922E-02	 .5392157	
  .0000422	-1.960784E-02	 .5392157	
  .0000424	-1.960784E-02	 .5392157	
  .0000426	 1.960784E-02	 .5392157	
  .0000428	 9.803922E-02	 .5	
  .000043	 1.960784E-02	 .5	
  .0000432	 9.803922E-02	 .5	
  .0000434	 9.803922E-02	 .4803922	
  .0000436	 9.803922E-02	 .4607843	
  .0000438	 .2156863	 .4411765	
  .000044	 .1764706	 .4411765	
  .0000442	 .2156863	 .4019608	
  .0000444	 .254902	 .3823529	
  .0000446	 .2941177	 .4019608	
  .0000448	 .254902	 .3627451	
  .000045	 .372549	 .3431373	
  .0000452	 .2941177	 .3823529	
  .0000454	 .4117647	 .3235294	
  .0000456	 .372549	 .3039216	
  .0000458	 .372549	 .2843137	
  .000046	 .5294118	 .2843137	
  .0000462	 .4509804	 .2647059	
  .0000464	 .5294118	 .2647059	
  .0000466	 .5294118	 .2647059	
  .0000468	 .5294118	 .245098	
  .000047	 .5686275	 .2058824	
  .0000472	 .6078432	 .1666667	
  .0000474	 .6078432	 .1862745	
  .0000476	 .6078432	 .1666667	
  .0000478	 .6470588	 .1470588	
  .000048	 .6862745	 .1470588	
  .0000482	 .7254902	 .1470588	
  .0000484	 .7254902	 .127451	
  .0000486	 .7254902	 .1078431	
  .0000488	 .8039216	 6.862745E-02	
  .000049	 .8039216	 4.901961E-02	
  .0000492	 .7647059	 2.941176E-02	
  .0000494	 .8039216	 2.941176E-02	
  .0000496	 .9215686	 4.901961E-02	
  .0000498	 .8431373	 9.803922E-03	
  .00005	 .9607843	 9.803922E-03	
  .0000502	 .9215686	-9.803922E-03	
  .0000504	 1	-9.803922E-03	
  .0000506	 .9607843	 9.803922E-03	
  .0000508	 1	-6.862745E-02	
  .000051	 1	-6.862745E-02	
  .0000512	 1.039216	-.0882353	
  .0000514	 1.078431	-6.862745E-02	
  .0000516	 1.117647	-.0882353	
  .0000518	 1.078431	-.0882353	
  .000052	 1.196078	-.1078431	
  .0000522	 1.27451	-.1470588	
  .0000524	 1.156863	-.1666667	
  .0000526	 1.156863	-.1862745	
  .0000528	 1.196078	-.1666667	
  .000053	 1.235294	-.1862745	
  .0000532	 1.235294	-.2058824	
  .0000534	 1.313725	-.2058824	
  .0000536	 1.313725	-.2058824	
  .0000538	 1.352941	-.2254902	
  .000054	 1.392157	-.245098	
  .0000542	 1.352941	-.245098	
  .0000544	 1.431373	-.2843137	
  .0000546	 1.509804	-.2843137	
  .0000548	 1.470588	-.3039216	
  .000055	 1.509804	-.3039216	
  .0000552	 1.509804	-.3431373	
  .0000554	 1.588235	-.3235294	
  .0000556	 1.509804	-.3431373	
  .0000558	 1.627451	-.3431373	
  .000056	 1.666667	-.3823529	
  .0000562	 1.627451	-.3627451	
  .0000564	 1.705882	-.4019608	
  .0000566	 1.666667	-.4019608	
  .0000568	 1.627451	-.4019608	
  .000057	 1.666667	-.4215686	
  .0000572	 1.705882	-.4411765	
  .0000574	 1.745098	-.4803922	
  .0000576	 1.784314	-.4803922	
  .0000578	 1.470588	-.4803922	
  .000058	 1.745098	-.4803922	
  .0000582	 1.54902	-.4607843	
  .0000584	 1.54902	-.4607843	
  .0000586	 1.54902	-.4803922	
  .0000588	 1.54902	-.5	
  .000059	 1.509804	-.5196078	
  .0000592	 1.54902	-.5196078	
  .0000594	 1.509804	-.5392157	
  .0000596	 1.54902	-.5392157	
  .0000598	 1.54902	-.5392157	
  .00006	 1.627451	-.5392157	
  .0000602	 1.627451	-.5196078	
  .0000604	 1.666667	-.5392157	
  .0000606	 1.627451	-.5784314	
  .0000608	 1.627451	-.5392157	
  .000061	 1.627451	-.5784314	
  .0000612	 1.627451	-.5588235	
  .0000614	 1.666667	-.5980392	
  .0000616	 1.705882	-.5784314	
  .0000618	 1.705882	-.5588235	
  .000062	 1.666667	-.6372549	
  .0000622	 1.705882	-.6176471	
  .0000624	 1.705882	-.5980392	
  .0000626	 1.627451	-.6372549	
  .0000628	 1.666667	-.6372549	
  .000063	 1.666667	-.6372549	
  .0000632	 1.666667	-.6176471	
  .0000634	 1.666667	-.6568627	
  .0000636	 1.705882	-.6568627	
  .0000638	 1.666667	-.6764706	
  .000064	 1.705882	-.6764706	
  .0000642	 1.666667	-.6960784	
  .0000644	 1.666667	-.6960784	
  .0000646	 1.666667	-.6960784	
  .0000648	 1.784314	-.6764706	
  .000065	 1.705882	-.6960784	
  .0000652	 1.705882	-.6960784	
  .0000654	 1.666667	-.7156863	
  .0000656	 1.666667	-.7352941	
  .0000658	 1.745098	-.7352941	
  .000066	 1.705882	-.7156863	
  .0000662	 1.705882	-.7549019	
  .0000664	 1.705882	-.7352941	
  .0000666	 1.745098	-.7549019	
  .0000668	 1.745098	-.7745098	
  .000067	 1.705882	-.7745098	
  .0000672	 1.705882	-.7549019	
  .0000674	 1.705882	-.7549019	
  .0000676	 1.705882	-.7941176	
  .0000678	 1.745098	-.7941176	
  .000068	 1.745098	-.7941176	
  .0000682	 1.784314	-.7941176	
  .0000684	 1.705882	-.8137255	
  .0000686	 1.784314	-.8137255	
  .0000688	 1.745098	-.8333333	
  .000069	 1.745098	-.8333333	
  .0000692	 1.745098	-.8137255	
  .0000694	 1.784314	-.7941176	
  .0000696	 1.745098	-.7745098	
  .0000698	 1.745098	-.8333333	
  .00007	 1.745098	-.8333333	
  .0000702	 1.784314	-.8529412	
  .0000704	 1.705882	-.8333333	
  .0000706	 1.745098	-.8333333	
  .0000708	 1.705882	-.8529412	
  .000071	 1.745098	-.8529412	
  .0000712	 1.705882	-.8333333	
  .0000714	 1.745098	-.8333333	
  .0000716	 1.705882	-.8529412	
  .0000718	 1.705882	-.8529412	
  .000072	 1.745098	-.8529412	
  .0000722	 1.784314	-.8921568	
  .0000724	 1.705882	-.8529412	
  .0000726	 1.705882	-.8529412	
  .0000728	 1.705882	-.872549	
  .000073	 1.705882	-.8529412	
  .0000732	 1.705882	-.872549	
  .0000734	 1.705882	-.8529412	
  .0000736	 1.745098	-.872549	
  .0000738	 1.745098	-.8921568	
  .000074	 1.666667	-.872549	
  .0000742	 1.705882	-.8921568	
  .0000744	 1.745098	-.8921568	
  .0000746	 1.705882	-.872549	
  .0000748	 1.705882	-.8921568	
  .000075	 1.666667	-.9313725	
  .0000752	 1.705882	-.9117647	
  .0000754	 1.666667	-.9117647	
  .0000756	 1.705882	-.9117647	
  .0000758	 1.666667	-.8921568	
  .000076	 1.705882	-.8921568	
  .0000762	 1.745098	-.8921568	
  .0000764	 1.666667	-.9509804	
  .0000766	 1.705882	-.9117647	
  .0000768	 1.705882	-.9117647	
  .000077	 1.666667	-.9313725	
  .0000772	 1.627451	-.9313725	
  .0000774	 1.705882	-.9117647	
  .0000776	 1.666667	-.9117647	
  .0000778	 1.627451	-.9509804	
  .000078	 1.627451	-.9313725	
  .0000782	 1.627451	-.9117647	
  .0000784	 1.627451	-.9313725	
  .0000786	 1.588235	-.9117647	
  .0000788	 1.588235	-.9313725	
  .000079	 1.588235	-.9509804	
  .0000792	 1.54902	-.9313725	
  .0000794	 1.588235	-.9313725	
  .0000796	 1.54902	-.9509804	
  .0000798	 1.54902	-.9313725	
  .00008	 1.54902	-.9313725	
  .0000802	 1.627451	-.9117647	
  .0000804	 1.588235	-.9313725	
  .0000806	 1.509804	-.9509804	
  .0000808	 1.509804	-.9313725	
  .000081	 1.509804	-.9313725	
  .0000812	 1.588235	-.9313725	
  .0000814	 1.54902	-.9313725	
  .0000816	 1.509804	-.9509804	
  .0000818	 1.470588	-.9313725	
  .000082	 1.431373	-.9117647	
  .0000822	 1.509804	-.9117647	
  .0000824	 1.470588	-.9117647	
  .0000826	 1.470588	-.9313725	
  .0000828	 1.470588	-.9313725	
  .000083	 1.431373	-.9117647	
  .0000832	 1.431373	-.9117647	
  .0000834	 1.431373	-.9117647	
  .0000836	 1.431373	-.8921568	
  .0000838	 1.431373	-.9117647	
  .000084	 1.392157	-.9117647	
  .0000842	 1.392157	-.9117647	
  .0000844	 1.352941	-.8921568	
  .0000846	 1.431373	-.8921568	
  .0000848	 1.352941	-.9117647	
  .000085	 1.352941	-.9117647	
  .0000852	 1.313725	-.9117647	
  .0000854	 1.352941	-.9313725	
  .0000856	 1.352941	-.8921568	
  .0000858	 1.313725	-.872549	
  .000086	 1.313725	-.8921568	
  .0000862	 1.313725	-.8921568	
  .0000864	 1.27451	-.8529412	
  .0000866	 1.27451	-.9117647	
  .0000868	 1.27451	-.872549	
  .000087	 1.235294	-.8529412	
  .0000872	 1.27451	-.8529412	
  .0000874	 1.156863	-.8529412	
  .0000876	 1.196078	-.872549	
  .0000878	 1.235294	-.872549	
  .000088	 1.196078	-.8333333	
  .0000882	 1.196078	-.8333333	
  .0000884	 1.196078	-.872549	
  .0000886	 1.156863	-.8333333	
  .0000888	 1.117647	-.8529412	
  .000089	 1.117647	-.872549	
  .0000892	 1.156863	-.8137255	
  .0000894	 1.078431	-.8137255	
  .0000896	 1.078431	-.8137255	
  .0000898	 1.117647	-.8333333	
  .00009	 1.117647	-.8333333	
  .0000902	 1.078431	-.8137255	
  .0000904	 1.039216	-.8137255	
  .0000906	 1.039216	-.7941176	
  .0000908	 1.039216	-.8333333	
  .000091	 1.039216	-.8137255	
  .0000912	 1.039216	-.7745098	
  .0000914	 .9607843	-.8137255	
  .0000916	 1	-.7745098	
  .0000918	 .9607843	-.7549019	
  .000092	 .9215686	-.7941176	
  .0000922	 .8823529	-.7745098	
  .0000924	 .8823529	-.7352941	
  .0000926	 .9607843	-.7549019	
  .0000928	 .8823529	-.7549019	
  .000093	 .8431373	-.7352941	
  .0000932	 .8823529	-.7352941	
  .0000934	 .9215686	-.7156863	
  .0000936	 .8823529	-.6960784	
  .0000938	 .8431373	-.7156863	
  .000094	 .8039216	-.7156863	
  .0000942	 .8039216	-.6960784	
  .0000944	 .8039216	-.7156863	
  .0000946	 .8431373	-.7156863	
  .0000948	 .8039216	-.7156863	
  .000095	 .8039216	-.6568627	
  .0000952	 .7647059	-.6960784	
  .0000954	 .7647059	-.6568627	
  .0000956	 .7254902	-.6764706	
  .0000958	 .7254902	-.6764706	
  .000096	 .7254902	-.6764706	
  .0000962	 .6862745	-.6764706	
  .0000964	 .6862745	-.6372549	
  .0000966	 .7254902	-.6568627	
  .0000968	 .6470588	-.6176471	
  .000097	 .6470588	-.6372549	
  .0000972	 .6470588	-.6176471	
  .0000974	 .6470588	-.5980392	
  .0000976	 .5686275	-.6176471	
  .0000978	 .5686275	-.5980392	
  .000098	 .5686275	-.5784314	
  .0000982	 .5686275	-.6176471	
  .0000984	 .4509804	-.5784314	
  .0000986	 .4901961	-.5980392	
  .0000988	 .4901961	-.5784314	
  .000099	 .4117647	-.5588235	
  .0000992	 .4509804	-.5784314	
  .0000994	 .4509804	-.5392157	
  .0000996	 .4117647	-.5588235	
  .0000998	 .4509804	-.5	
  .0001	 .4509804	-.5196078	
  .0001002	 .4117647	-.5196078	
  .0001004	 .372549	-.5	
  .0001006	 .372549	-.5196078	
  .0001008	 .372549	-.4803922	
  .000101	 .372549	-.4803922	
  .0001012	 .3333333	-.4607843	
  .0001014	 .3333333	-.4803922	
  .0001016	 .2941177	-.4803922	
  .0001018	 .2941177	-.4607843	
  .000102	 .254902	-.4215686	
  .0001022	 .2156863	-.4411765	
  .0001024	 .254902	-.4215686	
  .0001026	 .254902	-.4215686	
  .0001028	 .2156863	-.4019608	
  .000103	 .1764706	-.4411765	
  .0001032	 .1764706	-.4019608	
  .0001034	 .1764706	-.4215686	
  .0001036	 .1764706	-.4215686	
  .0001038	 .1764706	-.4019608	
  .000104	 9.803922E-02	-.3823529	
  .0001042	 9.803922E-02	-.3627451	
  .0001044	 .1764706	-.3431373	
  .0001046	 9.803922E-02	-.3823529	
  .0001048	 5.882353E-02	-.3431373	
  .000105	 5.882353E-02	-.3431373	
  .0001052	 1.960784E-02	-.3431373	
  .0001054	 5.882353E-02	-.3235294	
  .0001056	 1.960784E-02	-.3039216	
  .0001058	 1.960784E-02	-.3235294	
  .000106	 5.882353E-02	-.2843137	
  .0001062	 1.960784E-02	-.3039216	
  .0001064	-5.882353E-02	-.3039216	
  .0001066	-1.960784E-02	-.2647059	
  .0001068	-1.960784E-02	-.2647059	
  .000107	-5.882353E-02	-.245098	
  .0001072	-.1372549	-.2647059	
  .0001074	-9.803922E-02	-.2254902	
  .0001076	-.1372549	-.245098	
  .0001078	-.1372549	-.2254902	
  .000108	-.1372549	-.2254902	
  .0001082	-.1764706	-.2254902	
  .0001084	-.1764706	-.2058824	
  .0001086	-.1764706	-.2058824	
  .0001088	-.1764706	-.2058824	
  .000109	-.1372549	-.1666667	
  .0001092	-.1764706	-.1666667	
  .0001094	-.2156863	-.1666667	
  .0001096	-.254902	-.1666667	
  .0001098	-.2156863	-.1470588	
  .00011	-.254902	-.127451	
  .0001102	-.2941177	-.1470588	
  .0001104	-.2941177	-.127451	
  .0001106	-.3333333	-.127451	
  .0001108	-.2941177	-.0882353	
  .000111	-.2941177	-.0882353	
  .0001112	-.3333333	-.0882353	
  .0001114	-.372549	-.0882353	
  .0001116	-.372549	-6.862745E-02	
  .0001118	-.372549	-6.862745E-02	
  .000112	-.4117647	-6.862745E-02	
  .0001122	-.4117647	-4.901961E-02	
  .0001124	-.4509804	-4.901961E-02	
  .0001126	-.372549	-2.941176E-02	
  .0001128	-.4509804	-9.803922E-03	
  .000113	-.4509804	-9.803922E-03	
  .0001132	-.4509804	-9.803922E-03	
  .0001134	-.4509804	-9.803922E-03	
  .0001136	-.4901961	-9.803922E-03	
  .0001138	-.4901961	-2.941176E-02	
  .000114	-.4901961	 9.803922E-03	
  .0001142	-.4901961	 9.803922E-03	
  .0001144	-.4901961	 9.803922E-03	
  .0001146	-.5294118	 9.803922E-03	
  .0001148	-.5294118	 4.901961E-02	
  .000115	-.5686275	 4.901961E-02	
  .0001152	-.5686275	 4.901961E-02	
  .0001154	-.6078432	 4.901961E-02	
  .0001156	-.6078432	 4.901961E-02	
  .0001158	-.5686275	 6.862745E-02	
  .000116	-.6078432	 6.862745E-02	
  .0001162	-.6470588	 .0882353	
  .0001164	-.6078432	 .127451	
  .0001166	-.6470588	 .1078431	
  .0001168	-.6862745	 .0882353	
  .000117	-.6470588	 .0882353	
  .0001172	-.6470588	 .127451	
  .0001174	-.6862745	 .1078431	
  .0001176	-.7254902	 .127451	
  .0001178	-.6862745	 .1470588	
  .000118	-.7647059	 .1470588	
  .0001182	-.7647059	 .1666667	
  .0001184	-.7254902	 .1470588	
  .0001186	-.8039216	 .1470588	
  .0001188	-.7647059	 .1862745	
  .000119	-.7647059	 .1862745	
  .0001192	-.8039216	 .1862745	
  .0001194	-.8039216	 .1862745	
  .0001196	-.7647059	 .2254902	
  .0001198	-.8039216	 .245098	
  .00012	-.8431373	 .2254902	
  .0001202	-.8431373	 .2254902	
  .0001204	-.8823529	 .2058824	
  .0001206	-.8823529	 .2254902	
  .0001208	-.8431373	 .245098	
  .000121	-.8431373	 .2647059	
  .0001212	-.9215686	 .245098	
  .0001214	-.9215686	 .2254902	
  .0001216	-.8823529	 .245098	
  .0001218	-.8823529	 .2647059	
  .000122	-.9215686	 .245098	
  .0001222	-.9607843	 .2647059	
  .0001224	-.9215686	 .3039216	
  .0001226	-.9607843	 .3039216	
  .0001228	-.9215686	 .3039216	
  .000123	-.9215686	 .3039216	
  .0001232	-1	 .2843137	
  .0001234	-.9215686	 .2843137	
  .0001236	-.9215686	 .2843137	
  .0001238	-1	 .3039216	
  .000124	-.9607843	 .3431373	
  .0001242	-.9215686	 .3431373	
  .0001244	-.9607843	 .3431373	
  .0001246	-1	 .3431373	
  .0001248	-1	 .3431373	
  .000125	-.9607843	 .3235294	
  .0001252	-1	 .3235294	
  .0001254	-1	 .3431373	
  .0001256	-1	 .3627451	
  .0001258	-.9607843	 .3823529	
  .000126	-1	 .3823529	
  .0001262	-1.078431	 .3823529	
  .0001264	-1	 .3431373	
  .0001266	-1.039216	 .3823529	
  .0001268	-1.039216	 .3823529	
  .000127	-1	 .3627451	
  .0001272	-1	 .3823529	
  .0001274	-1	 .3823529	
  .0001276	-1	 .4019608	
  .0001278	-1.039216	 .4215686	
  .000128	-1	 .4019608	
  .0001282	-1	 .3627451	
  .0001284	-1.039216	 .3823529	
  .0001286	-1.039216	 .4019608	
  .0001288	-1	 .4215686	
  .000129	-.9607843	 .4215686	
  .0001292	-1	 .4411765	
  .0001294	-1.039216	 .4215686	
  .0001296	-1.039216	 .4019608	
  .0001298	-1.039216	 .4607843	
  .00013	-1.039216	 .4411765	
  .0001302	-1	 .4411765	
  .0001304	-1.039216	 .4411765	
  .0001306	-1	 .4607843	
  .0001308	-.9607843	 .4803922	
  .000131	-1	 .4411765	
  .0001312	-1.039216	 .4803922	
  .0001314	-1	 .4803922	
  .0001316	-1	 .4411765	
  .0001318	-1	 .4803922	
  .000132	-1	 .4411765	
  .0001322	-1	 .4803922	
  .0001324	-.9215686	 .5	
  .0001326	-.9607843	 .4803922	
  .0001328	-1	 .4803922	
  .000133	-.9607843	 .4803922	
  .0001332	-.9607843	 .4803922	
  .0001334	-.9607843	 .4607843	
  .0001336	-1	 .4607843	
  .0001338	-.9215686	 .4803922	
  .000134	-.9607843	 .5	
  .0001342	-.9215686	 .4803922	
  .0001344	-.9215686	 .4411765	
  .0001346	-.9215686	 .5	
  .0001348	-.9607843	 .4607843	
  .000135	-.9215686	 .4803922	
  .0001352	-.8823529	 .4803922	
  .0001354	-.9215686	 .5	
  .0001356	-.9215686	 .5392157	
  .0001358	-.8823529	 .5	
  .000136	-.9607843	 .5	
  .0001362	-.8823529	 .5392157	
  .0001364	-.9215686	 .5	
  .0001366	-.9215686	 .4607843	
  .0001368	-.9215686	 .4803922	
  .000137	-.8823529	 .5	
  .0001372	-.8823529	 .4803922	
  .0001374	-.8823529	 .5196078	
  .0001376	-.8823529	 .5	
  .0001378	-.8823529	 .5196078	
  .000138	-.8431373	 .4803922	
  .0001382	-.8431373	 .4803922	
  .0001384	-.8823529	 .5	
  .0001386	-.8431373	 .4803922	
  .0001388	-.8823529	 .5	
  .000139	-.8431373	 .4803922	
  .0001392	-.8431373	 .5	
  .0001394	-.8431373	 .5392157	
  .0001396	-.7647059	 .5	
  .0001398	-.8039216	 .5	
  .00014	-.8039216	 .4803922	
  .0001402	-.7647059	 .5	
  .0001404	-.8039216	 .5	
  .0001406	-.7647059	 .5	
  .0001408	-.8039216	 .5196078	
  .000141	-.7647059	 .4803922	
  .0001412	-.7647059	 .4803922	
  .0001414	-.7254902	 .4803922	
  .0001416	-.7254902	 .4803922	
  .0001418	-.7254902	 .4607843	
  .000142	-.7254902	 .4803922	
  .0001422	-.7254902	 .5	
  .0001424	-.7254902	 .5	
  .0001426	-.7254902	 .4803922	
  .0001428	-.7254902	 .4607843	
  .000143	-.6470588	 .4607843	
  .0001432	-.6862745	 .4607843	
  .0001434	-.6862745	 .4607843	
  .0001436	-.6862745	 .4607843	
  .0001438	-.6470588	 .5	
  .000144	-.6078432	 .4803922	
  .0001442	-.6078432	 .4803922	
  .0001444	-.6470588	 .4607843	
  .0001446	-.6470588	 .4411765	
  .0001448	-.6078432	 .4411765	
  .000145	-.6078432	 .4411765	
  .0001452	-.6078432	 .4607843	
  .0001454	-.5686275	 .4411765	
  .0001456	-.5686275	 .4803922	
  .0001458	-.5686275	 .4215686	
  .000146	-.6078432	 .4607843	
  .0001462	-.5294118	 .4215686	
  .0001464	-.5294118	 .4411765	
  .0001466	-.4901961	 .4607843	
  .0001468	-.5686275	 .4019608	
  .000147	-.5294118	 .4411765	
  .0001472	-.4901961	 .4215686	
  .0001474	-.4901961	 .4411765	
  .0001476	-.4901961	 .4411765	
  .0001478	-.4901961	 .4019608	
  .000148	-.4509804	 .4019608	
  .0001482	-.4509804	 .3823529	
  .0001484	-.4901961	 .3823529	
  .0001486	-.4117647	 .4019608	
  .0001488	-.4117647	 .4019608	
  .000149	-.4117647	 .4019608	
  .0001492	-.4509804	 .3823529	
  .0001494	-.4117647	 .3627451	
  .0001496	-.4117647	 .4215686	
  .0001498	-.4117647	 .3627451	
  .00015	-.372549	 .3627451	
  .0001502	-.372549	 .3627451	
  .0001504	-.3333333	 .3823529	
  .0001506	-.3333333	 .4019608	
  .0001508	-.372549	 .3823529	
  .000151	-.372549	 .3431373	
  .0001512	-.3333333	 .3627451	
  .0001514	-.3333333	 .3431373	
  .0001516	-.3333333	 .3431373	
  .0001518	-.3333333	 .3235294	
  .000152	-.2941177	 .3431373	
  .0001522	-.254902	 .3235294	
  .0001524	-.254902	 .3235294	
  .0001526	-.2941177	 .3235294	
  .0001528	-.2156863	 .3235294	
  .000153	-.254902	 .3235294	
  .0001532	-.254902	 .3235294	
  .0001534	-.254902	 .2843137	
  .0001536	-.1764706	 .3235294	
  .0001538	-.1764706	 .3039216	
  .000154	-.1372549	 .2843137	
  .0001542	-.1764706	 .2647059	
  .0001544	-.1372549	 .3039216	
  .0001546	-9.803922E-02	 .2843137	
  .0001548	-.1372549	 .2647059	
  .000155	-.1372549	 .2647059	
  .0001552	-.1372549	 .2647059	
  .0001554	-5.882353E-02	 .2843137	
  .0001556	-9.803922E-02	 .2647059	
  .0001558	-9.803922E-02	 .2647059	
  .000156	-9.803922E-02	 .2647059	
  .0001562	-5.882353E-02	 .245098	
  .0001564	-5.882353E-02	 .2254902	
  .0001566	-1.960784E-02	 .2254902	
  .0001568	-5.882353E-02	 .2254902	
  .000157	-5.882353E-02	 .2058824	
  .0001572	-1.960784E-02	 .2058824	
  .0001574	-1.960784E-02	 .2254902	
  .0001576	-1.960784E-02	 .2254902	
  .0001578	-1.960784E-02	 .2058824	
  .000158	 1.960784E-02	 .1862745	
  .0001582	-1.960784E-02	 .2058824	
  .0001584	 1.960784E-02	 .2254902	
  .0001586	 1.960784E-02	 .1862745	
  .0001588	 1.960784E-02	 .1862745	
  .000159	 5.882353E-02	 .1666667	
  .0001592	 5.882353E-02	 .2058824	
  .0001594	 .1372549	 .1666667	
  .0001596	 9.803922E-02	 .1666667	
  .0001598	 9.803922E-02	 .1666667	
  .00016	 .1372549	 .127451	
  .0001602	 .1372549	 .1470588	
  .0001604	 .1764706	 .127451	
  .0001606	 .1372549	 .1862745	
  .0001608	 .1372549	 .1470588	
  .000161	 .1764706	 .1078431	
  .0001612	 .2156863	 .1078431	
  .0001614	 .1764706	 .1078431	
  .0001616	 .1764706	 .1078431	
  .0001618	 .2156863	 .1078431	
  .000162	 .2156863	 .1078431	
  .0001622	 .254902	 .1078431	
  .0001624	 .2156863	 6.862745E-02	
  .0001626	 .254902	 .0882353	
  .0001628	 .2156863	 .0882353	
  .000163	 .2941177	 .0882353	
  .0001632	 .254902	 6.862745E-02	
  .0001634	 .2156863	 6.862745E-02	
  .0001636	 .2941177	 6.862745E-02	
  .0001638	 .372549	 .0882353	
  .000164	 .2941177	 4.901961E-02	
  .0001642	 .2941177	 4.901961E-02	
  .0001644	 .2941177	 6.862745E-02	
  .0001646	 .3333333	 9.803922E-03	
  .0001648	 .372549	 9.803922E-03	
  .000165	 .3333333	 4.901961E-02	
  .0001652	 .372549	 2.941176E-02	
  .0001654	 .372549	 9.803922E-03	
  .0001656	 .4117647	 9.803922E-03	
  .0001658	 .372549	 9.803922E-03	
  .000166	 .4117647	-9.803922E-03	
  .0001662	 .4509804	 9.803922E-03	
  .0001664	 .372549	-9.803922E-03	
  .0001666	 .4509804	-4.901961E-02	
  .0001668	 .4117647	-9.803922E-03	
  .000167	 .4509804	-4.901961E-02	
  .0001672	 .5686275	-2.941176E-02	
  .0001674	 .4509804	-4.901961E-02	
  .0001676	 .5294118	-4.901961E-02	
  .0001678	 .4901961	-.0882353	
  .000168	 .4901961	-4.901961E-02	
  .0001682	 .4901961	-6.862745E-02	
  .0001684	 .4901961	-6.862745E-02	
  .0001686	 .4901961	-4.901961E-02	
  .0001688	 .5294118	-6.862745E-02	
  .000169	 .5686275	-6.862745E-02	
  .0001692	 .6078432	-.0882353	
  .0001694	 .4901961	-6.862745E-02	
  .0001696	 .5686275	-.1078431	
  .0001698	 .5686275	-.1078431	
  .00017	 .5686275	-.1078431	
  .0001702	 .6078432	-.0882353	
  .0001704	 .5686275	-.0882353	
  .0001706	 .5686275	-.1078431	
  .0001708	 .6078432	-.1078431	
  .000171	 .6078432	-.127451	
  .0001712	 .6470588	-.1470588	
  .0001714	 .6078432	-.1470588	
  .0001716	 .6470588	-.1666667	
  .0001718	 .6470588	-.1470588	
  .000172	 .6862745	-.1666667	
  .0001722	 .6862745	-.127451	
  .0001724	 .6862745	-.1470588	
  .0001726	 .7254902	-.1666667	
  .0001728	 .7254902	-.1470588	
  .000173	 .7254902	-.1862745	
  .0001732	 .6862745	-.1862745	
  .0001734	 .7254902	-.2058824	
  .0001736	 .8039216	-.1862745	
  .0001738	 .7647059	-.1862745	
  .000174	 .8039216	-.1862745	
  .0001742	 .8039216	-.1666667	
  .0001744	 .7647059	-.2058824	
  .0001746	 .7647059	-.1862745	
  .0001748	 .8039216	-.2058824	
  .000175	 .8039216	-.2058824	
  .0001752	 .8431373	-.2058824	
  .0001754	 .8039216	-.245098	
  .0001756	 .8039216	-.2254902	
  .0001758	 .8039216	-.2254902	
  .000176	 .8039216	-.2254902	
  .0001762	 .8431373	-.2647059	
  .0001764	 .8823529	-.245098	
  .0001766	 .8431373	-.2254902	
  .0001768	 .8039216	-.2647059	
  .000177	 .8823529	-.245098	
  .0001772	 .8823529	-.2647059	
  .0001774	 .8823529	-.2647059	
  .0001776	 .8039216	-.2647059	
  .0001778	 .8431373	-.2843137	
  .000178	 .8431373	-.2843137	
  .0001782	 .8431373	-.2843137	
  .0001784	 .8431373	-.2843137	
  .0001786	 .8431373	-.3039216	
  .0001788	 .8823529	-.3039216	
  .000179	 .8823529	-.2647059	
  .0001792	 .9215686	-.2647059	
  .0001794	 .9215686	-.2843137	
  .0001796	 .8431373	-.3039216	
  .0001798	 .9215686	-.3039216	
  .00018	 .9215686	-.3039216	
  .0001802	 .9607843	-.3235294	
  .0001804	 .9215686	-.2843137	
  .0001806	 .8823529	-.3039216	
  .0001808	 .9215686	-.3431373	
  .000181	 .8823529	-.3039216	
  .0001812	 .9215686	-.3039216	
  .0001814	 .8823529	-.3431373	
  .0001816	 .8823529	-.3235294	
  .0001818	 .8823529	-.3235294	
  .000182	 .9215686	-.3235294	
  .0001822	 .9215686	-.3431373	
  .0001824	 .9215686	-.3431373	
  .0001826	 .8823529	-.3627451	
  .0001828	 .9215686	-.3823529	
  .000183	 .9215686	-.3627451	
  .0001832	 .9607843	-.3627451	
  .0001834	 .9215686	-.3627451	
  .0001836	 .9607843	-.3431373	
  .0001838	 .9215686	-.3823529	
  .000184	 .8823529	-.3627451	
  .0001842	 .9215686	-.3627451	
  .0001844	 .9215686	-.3823529	
  .0001846	 .9215686	-.3627451	
  .0001848	 .9215686	-.3627451	
  .000185	 .9215686	-.3627451	
  .0001852	 1	-.3823529	
  .0001854	 .8823529	-.3823529	
  .0001856	 .9215686	-.4019608	
  .0001858	 .9215686	-.3823529	
  .000186	 .9215686	-.3823529	
  .0001862	 .9215686	-.4019608	
  .0001864	 .8823529	-.4019608	
  .0001866	 .8823529	-.3823529	
  .0001868	 .8823529	-.4019608	
  .000187	 .9215686	-.3823529	
  .0001872	 .8823529	-.4019608	
  .0001874	 .9215686	-.4019608	
  .0001876	 .8823529	-.4019608	
  .0001878	 .8823529	-.4019608	
  .000188	 .8431373	-.4019608	
  .0001882	 .9215686	-.4019608	
  .0001884	 .8823529	-.4019608	
  .0001886	 .8823529	-.4019608	
  .0001888	 .8823529	-.4019608	
  .000189	 .8431373	-.4411765	
  .0001892	 .7647059	-.3627451	
  .0001894	 .4901961	-.3823529	
  .0001896	 .5294118	-.3823529	
  .0001898	 .4509804	-.3823529	
  .00019	 .5294118	-.3431373	
  .0001902	 .4901961	-.3627451	
  .0001904	 .4509804	-.3431373	
  .0001906	 .4509804	-.3431373	
  .0001908	 .4901961	-.3235294	
  .000191	 .5294118	-.3431373	
  .0001912	 .4117647	-.3235294	
  .0001914	 .4509804	-.3235294	
  .0001916	 .4509804	-.3039216	
  .0001918	 .4117647	-.3235294	
  .000192	 .372549	-.3039216	
  .0001922	 .4117647	-.3039216	
  .0001924	 .4117647	-.3235294	
  .0001926	 .4117647	-.2843137	
  .0001928	 .372549	-.2843137	
  .000193	 .372549	-.3235294	
  .0001932	 .4117647	-.2843137	
  .0001934	 .372549	-.2647059	
  .0001936	 .4509804	-.2843137	
  .0001938	 .372549	-.3039216	
  .000194	 .2941177	-.2647059	
  .0001942	 .3333333	-.2843137	
  .0001944	 .372549	-.2647059	
  .0001946	 .3333333	-.2647059	
  .0001948	 .4117647	-.245098	
  .000195	 .4117647	-.2843137	
  .0001952	 .2941177	-.2647059	
  .0001954	 .3333333	-.2647059	
  .0001956	 .3333333	-.2647059	
  .0001958	 .2941177	-.245098	
  .000196	 .2941177	-.2843137	
  .0001962	 .372549	-.2647059	
  .0001964	 .3333333	-.245098	
  .0001966	 .254902	-.2647059	
  .0001968	 .254902	-.245098	
  .000197	 .6078432	-.245098	
  .0001972	 .6078432	-.245098	
  .0001974	 .5294118	-.245098	
  .0001976	 .5294118	-.2843137	
  .0001978	 .5294118	-.2647059	
  .000198	 .5294118	-.2647059	
  .0001982	 .5294118	-.2843137	
  .0001984	 .5686275	-.2843137	
  .0001986	 .5686275	-.2647059	
  .0001988	 .5686275	-.245098	
  .000199	 .6078432	-.2843137	
  .0001992	 .5294118	-.2843137	
  .0001994	 .4901961	-.3039216	
  .0001996	 .5686275	-.3039216	
  .0001998	 .5686275	-.2843137	
  .0002	 .6078432	-.2843137	
  .0002002	 .5686275	-.2647059	
  .0002004	 .5686275	-.2843137	
  .0002006	 .5686275	-.3039216	
  .0002008	 .5294118	-.2647059	
  .000201	 .5294118	-.3039216	
  .0002012	 .5294118	-.2843137	
  .0002014	 .5686275	-.2843137	
  .0002016	 .5294118	-.3039216	
  .0002018	 .5686275	-.3039216	
  .000202	 .5294118	-.2843137	
  .0002022	 .5294118	-.2843137	
  .0002024	 .5294118	-.3039216	
  .0002026	 .4509804	-.3235294	
  .0002028	 .4901961	-.3235294	
  .000203	 .4509804	-.3235294	
  .0002032	 .4901961	-.2843137	
  .0002034	 .5294118	-.3039216	
  .0002036	 .4509804	-.3039216	
  .0002038	 .4901961	-.3039216	
  .000204	 .4509804	-.2843137	
  .0002042	 .4509804	-.3235294	
  .0002044	 .5294118	-.2843137	
  .0002046	 .4901961	-.2843137	
  .0002048	 .5294118	-.2843137	
  .000205	 .4901961	-.3039216	
  .0002052	 .4509804	-.2843137	
  .0002054	 .4509804	-.2843137	
  .0002056	 .4509804	-.2843137	
  .0002058	 .4509804	-.2843137	
  .000206	 .4509804	-.3039216	
  .0002062	 .4117647	-.2843137	
  .0002064	 .4117647	-.2647059	
  .0002066	 .4509804	-.2843137	
  .0002068	 .4117647	-.2843137	
  .000207	 .4117647	-.245098	
  .0002072	 .4509804	-.2843137	
  .0002074	 .4509804	-.3039216	
  .0002076	 .372549	-.2843137	
  .0002078	 .372549	-.2843137	
  .000208	 .4117647	-.2647059	
  .0002082	 .372549	-.2647059	
  .0002084	 .4117647	-.2843137	
  .0002086	 .3333333	-.2647059	
  .0002088	 .4117647	-.2647059	
  .000209	 .372549	-.2647059	
  .0002092	 .372549	-.2647059	
  .0002094	 .372549	-.2647059	
  .0002096	 .3333333	-.2843137	
  .0002098	 .3333333	-.245098	
  .00021	 .372549	-.245098	
  .0002102	 .372549	-.245098	
  .0002104	 .3333333	-.2647059	
  .0002106	 .372549	-.245098	
  .0002108	 .3333333	-.2647059	
  .000211	 .2941177	-.245098	
  .0002112	 .2941177	-.245098	
  .0002114	 .3333333	-.245098	
  .0002116	 .3333333	-.245098	
  .0002118	 .2941177	-.2254902	
  .000212	 .2941177	-.2254902	
  .0002122	 .3333333	-.2254902	
  .0002124	 .3333333	-.2254902	
  .0002126	 .2941177	-.2254902	
  .0002128	 .2941177	-.2254902	
  .000213	 .3333333	-.2254902	
  .0002132	 .254902	-.2058824	
  .0002134	 .3333333	-.245098	
  .0002136	 .2941177	-.245098	
  .0002138	 .2941177	-.2058824	
  .000214	 .2941177	-.2058824	
  .0002142	 .2941177	-.2254902	
  .0002144	 .254902	-.2058824	
  .0002146	 .2941177	-.2058824	
  .0002148	 .254902	-.1862745	
  .000215	 .254902	-.2058824	
  .0002152	 .254902	-.2058824	
  .0002154	 .254902	-.2058824	
  .0002156	 .254902	-.2058824	
  .0002158	 .2156863	-.2058824	
  .000216	 .254902	-.2058824	
  .0002162	 .254902	-.2058824	
  .0002164	 .1764706	-.2254902	
  .0002166	 .2156863	-.1862745	
  .0002168	 .2156863	-.1862745	
  .000217	 .254902	-.2058824	
  .0002172	 .1764706	-.1862745	
  .0002174	 .1764706	-.1862745	
  .0002176	 .1372549	-.1862745	
  .0002178	 .1372549	-.2058824	
  .000218	 .1764706	-.1666667	
  .0002182	 .1764706	-.1862745	
  .0002184	 .1764706	-.1862745	
  .0002186	 .1764706	-.1470588	
  .0002188	 .2156863	-.1666667	
  .000219	 .1372549	-.1666667	
  .0002192	 .1372549	-.1862745	
  .0002194	 .1372549	-.1862745	
  .0002196	 .1372549	-.1470588	
  .0002198	 .1372549	-.1666667	
  .00022	 9.803922E-02	-.127451	
  .0002202	 5.882353E-02	-.1470588	
  .0002204	 5.882353E-02	-.1666667	
  .0002206	 5.882353E-02	-.127451	
  .0002208	 9.803922E-02	-.1470588	
  .000221	 5.882353E-02	-.1470588	
  .0002212	 5.882353E-02	-.1470588	
  .0002214	 5.882353E-02	-.127451	
  .0002216	 5.882353E-02	-.1078431	
  .0002218	 5.882353E-02	-.127451	
  .000222	 5.882353E-02	-.1078431	
  .0002222	 5.882353E-02	-.1078431	
  .0002224	 5.882353E-02	-.127451	
  .0002226	 1.960784E-02	-.1470588	
  .0002228	-1.960784E-02	-.1078431	
  .000223	 1.960784E-02	-.1078431	
  .0002232	 9.803922E-02	-.127451	
  .0002234	-1.960784E-02	-.0882353	
  .0002236	 1.960784E-02	-.1078431	
  .0002238	 1.960784E-02	-.1078431	
  .000224	 1.960784E-02	-.127451	
  .0002242	 5.882353E-02	-.1078431	
  .0002244	 1.960784E-02	-.0882353	
  .0002246	-1.960784E-02	-.0882353	
  .0002248	 5.882353E-02	-6.862745E-02	
  .000225	-1.960784E-02	-.1078431	
  .0002252	 1.960784E-02	-.0882353	
  .0002254	-1.960784E-02	-.0882353	
  .0002256	-1.960784E-02	-6.862745E-02	
  .0002258	-1.960784E-02	-6.862745E-02	
  .000226	-5.882353E-02	-6.862745E-02	
  .0002262	-5.882353E-02	-6.862745E-02	
  .0002264	-5.882353E-02	-6.862745E-02	
  .0002266	-1.960784E-02	-6.862745E-02	
  .0002268	-9.803922E-02	-6.862745E-02	
  .000227	-9.803922E-02	-.1078431	
  .0002272	-5.882353E-02	-6.862745E-02	
  .0002274	-9.803922E-02	-6.862745E-02	
  .0002276	-5.882353E-02	-6.862745E-02	
  .0002278	-5.882353E-02	-6.862745E-02	
  .000228	-9.803922E-02	-4.901961E-02	
  .0002282	-9.803922E-02	-4.901961E-02	
  .0002284	-.1372549	-4.901961E-02	
  .0002286	-9.803922E-02	-4.901961E-02	
  .0002288	-.1372549	-9.803922E-03	
  .000229	-.1372549	-2.941176E-02	
  .0002292	-.1372549	-4.901961E-02	
  .0002294	-.1764706	-4.901961E-02	
  .0002296	-.1372549	-9.803922E-03	
  .0002298	-9.803922E-02	-9.803922E-03	
  .00023	-.2156863	-9.803922E-03	
  .0002302	-.1372549	-2.941176E-02	
  .0002304	-.1372549	-9.803922E-03	
  .0002306	-.1372549	-9.803922E-03	
  .0002308	-.1372549	-9.803922E-03	
  .000231	-.1372549	-9.803922E-03	
  .0002312	-.1764706	 9.803922E-03	
  .0002314	-.1372549	-9.803922E-03	
  .0002316	-.1764706	 2.941176E-02	
  .0002318	-.2156863	 9.803922E-03	
  .000232	-.1764706	-9.803922E-03	
  .0002322	-.1764706	 9.803922E-03	
  .0002324	-.1764706	 9.803922E-03	
  .0002326	-.2156863	 9.803922E-03	
  .0002328	-.1764706	 9.803922E-03	
  .000233	-.1372549	 2.941176E-02	
  .0002332	-.1764706	 9.803922E-03	
  .0002334	-.2156863	-9.803922E-03	
  .0002336	-.2156863	 4.901961E-02	
  .0002338	-.254902	 9.803922E-03	
  .000234	-.2156863	 2.941176E-02	
  .0002342	-.1764706	 2.941176E-02	
  .0002344	-.254902	 4.901961E-02	
  .0002346	-.2156863	 4.901961E-02	
  .0002348	-.2156863	 2.941176E-02	
  .000235	-.254902	 6.862745E-02	
  .0002352	-.254902	 4.901961E-02	
  .0002354	-.254902	 4.901961E-02	
  .0002356	-.2156863	 2.941176E-02	
  .0002358	-.2156863	 4.901961E-02	
  .000236	-.254902	 6.862745E-02	
  .0002362	-.2941177	 2.941176E-02	
  .0002364	-.2941177	 6.862745E-02	
  .0002366	-.2941177	 .0882353	
  .0002368	-.254902	 .0882353	
  .000237	-.2941177	 .0882353	
  .0002372	-.3333333	 6.862745E-02	
  .0002374	-.2941177	 4.901961E-02	
  .0002376	-.3333333	 .0882353	
  .0002378	-.2941177	 6.862745E-02	
  .000238	-.3333333	 6.862745E-02	
  .0002382	-.2941177	 .1078431	
  .0002384	-.2941177	 .1078431	
  .0002386	-.254902	 6.862745E-02	
  .0002388	-.3333333	 .0882353	
  .000239	-.372549	 .0882353	
  .0002392	-.3333333	 6.862745E-02	
  .0002394	-.3333333	 .0882353	
  .0002396	-.2941177	 .1078431	
  .0002398	-.3333333	 .127451	
  .00024	-.3333333	 .1078431	
  .0002402	-.372549	 .0882353	
  .0002404	-.372549	 .1078431	
  .0002406	-.3333333	 .1078431	
  .0002408	-.3333333	 .0882353	
  .000241	-.372549	 .1078431	
  .0002412	-.3333333	 .127451	
  .0002414	-.372549	 .127451	
  .0002416	-.372549	 .1078431	
  .0002418	-.372549	 .127451	
  .000242	-.372549	 .1078431	
  .0002422	-.372549	 .1078431	
  .0002424	-.3333333	 .127451	
  .0002426	-.372549	 .127451	
  .0002428	-.4117647	 .127451	
  .000243	-.372549	 .1470588	
  .0002432	-.4117647	 .1470588	
  .0002434	-.4509804	 .1470588	
  .0002436	-.372549	 .127451	
  .0002438	-.372549	 .1470588	
  .000244	-.372549	 .1078431	
  .0002442	-.4117647	 .1470588	
  .0002444	-.4117647	 .1666667	
  .0002446	-.4117647	 .1666667	
  .0002448	-.4117647	 .1470588	
  .000245	-.4509804	 .1470588	
  .0002452	-.4117647	 .1470588	
  .0002454	-.372549	 .1666667	
  .0002456	-.4117647	 .1470588	
  .0002458	-.4509804	 .1666667	
  .000246	-.4117647	 .1666667	
  .0002462	-.4117647	 .1470588	
  .0002464	-.372549	 .1862745	
  .0002466	-.4117647	 .1666667	
  .0002468	-.4117647	 .1666667	
  .000247	-.372549	 .1666667	
  .0002472	-.4117647	 .1666667	
  .0002474	-.4509804	 .1470588	
  .0002476	-.372549	 .1666667	
  .0002478	-.372549	 .1666667	
  .000248	-.4117647	 .2058824	
  .0002482	-.4117647	 .1862745	
  .0002484	-.4117647	 .1666667	
  .0002486	-.4117647	 .2254902	
  .0002488	-.4117647	 .1862745	
  .000249	-.4117647	 .1862745	
  .0002492	-.372549	 .1862745	
  .0002494	-.372549	 .2058824	
  .0002496	-.372549	 .2254902	
  .0002498	-.4117647	 .2058824	
  .00025	-.4117647	 .1862745	
  .0002502	-.372549	 .1666667	
  .0002504	-.4117647	 .1666667	
  .0002506	-.4117647	 .1666667	
  .0002508	-.4117647	 .1862745	
  .000251	-.372549	 .2058824	
  .0002512	-.372549	 .1862745	
  .0002514	-.4117647	 .2058824	
  .0002516	-.4117647	 .2254902	
  .0002518	-.372549	 .2254902	
  .000252	-.4117647	 .2058824	
  .0002522	-.372549	 .2058824	
  .0002524	-.372549	 .1666667	
  .0002526	-.372549	 .2058824	
  .0002528	-.372549	 .2058824	
  .000253	-.372549	 .2058824	
  .0002532	-.372549	 .1862745	
  .0002534	-.372549	 .245098	
  .0002536	-.4117647	 .2058824	
  .0002538	-.372549	 .1862745	
  .000254	-.4117647	 .2058824	
  .0002542	-.3333333	 .2058824	
  .0002544	-.372549	 .2058824	
  .0002546	-.372549	 .2058824	
  .0002548	-.372549	 .2254902	
  .000255	-.372549	 .2254902	
  .0002552	-.372549	 .2254902	
  .0002554	-.372549	 .2058824	
  .0002556	-.2941177	 .2058824	
  .0002558	-.3333333	 .1862745	
  .000256	-.3333333	 .1862745	
  .0002562	-.372549	 .2058824	
  .0002564	-.372549	 .2058824	
  .0002566	-.372549	 .2058824	
  .0002568	-.3333333	 .1862745	
  .000257	-.372549	 .2058824	
  .0002572	-.4117647	 .1862745	
  .0002574	-.372549	 .2058824	
  .0002576	-.372549	 .2254902	
  .0002578	-.2941177	 .2058824	
  .000258	-.372549	 .2254902	
  .0002582	-.372549	 .2254902	
  .0002584	-.2941177	 .2058824	
  .0002586	-.3333333	 .2058824	
  .0002588	-.3333333	 .1862745	
  .000259	-.3333333	 .2058824	
  .0002592	-.3333333	 .2254902	
  .0002594	-.2941177	 .2254902	
  .0002596	-.2941177	 .245098	
  .0002598	-.3333333	 .245098	
  .00026	-.3333333	 .2058824	
  .0002602	-.2941177	 .2058824	
  .0002604	-.2941177	 .2058824	
  .0002606	-.3333333	 .1862745	
  .0002608	-.2941177	 .2058824	
  .000261	-.2941177	 .2058824	
  .0002612	-.2941177	 .2254902	
  .0002614	-.2941177	 .2254902	
  .0002616	-.254902	 .1862745	
  .0002618	-.2941177	 .2058824	
  .000262	-.2941177	 .1862745	
  .0002622	-.2941177	 .2058824	
  .0002624	-.2941177	 .2058824	
  .0002626	-.2941177	 .2058824	
  .0002628	-.2156863	 .2254902	
  .000263	-.254902	 .2058824	
  .0002632	-.254902	 .2058824	
  .0002634	-.2941177	 .2058824	
  .0002636	-.254902	 .1666667	
  .0002638	-.254902	 .1862745	
  .000264	-.254902	 .2058824	
  .0002642	-.2156863	 .2254902	
  .0002644	-.2156863	 .1862745	
  .0002646	-.254902	 .1862745	
  .0002648	-.254902	 .2058824	
  .000265	-.2156863	 .1862745	
  .0002652	-.2156863	 .1666667	
  .0002654	-.2156863	 .1666667	
  .0002656	-.2156863	 .1666667	
  .0002658	-.2156863	 .2058824	
  .000266	-.254902	 .1666667	
  .0002662	-.1764706	 .1862745	
  .0002664	-.2156863	 .2254902	
  .0002666	-.2156863	 .1862745	
  .0002668	-.1764706	 .1666667	
  .000267	-.2156863	 .1666667	
  .0002672	-.1764706	 .1666667	
  .0002674	-.1764706	 .1470588	
  .0002676	-.1372549	 .1862745	
  .0002678	-.1372549	 .1862745	
  .000268	-.1372549	 .1862745	
  .0002682	-.1764706	 .1862745	
  .0002684	-.1372549	 .2058824	
  .0002686	-.1764706	 .1666667	
  .0002688	-.1372549	 .1470588	
  .000269	-.1372549	 .1666667	
  .0002692	-.1764706	 .1666667	
  .0002694	-.1372549	 .1862745	
  .0002696	-.1764706	 .1666667	
  .0002698	-.1372549	 .1666667	
  .00027	-.1372549	 .1470588	
  .0002702	-.1764706	 .1470588	
  .0002704	-.1372549	 .127451	
  .0002706	-.1372549	 .1470588	
  .0002708	-.1372549	 .1862745	
  .000271	-9.803922E-02	 .127451	
  .0002712	-9.803922E-02	 .1470588	
  .0002714	-9.803922E-02	 .1666667	
  .0002716	-9.803922E-02	 .1470588	
  .0002718	-9.803922E-02	 .1666667	
  .000272	-5.882353E-02	 .127451	
  .0002722	-9.803922E-02	 .127451	
  .0002724	-5.882353E-02	 .127451	
  .0002726	-9.803922E-02	 .1666667	
  .0002728	-1.960784E-02	 .127451	
  .000273	-5.882353E-02	 .0882353	
  .0002732	-5.882353E-02	 .1862745	
  .0002734	-9.803922E-02	 .1470588	
  .0002736	-5.882353E-02	 .127451	
  .0002738	-5.882353E-02	 .1078431	
  .000274	-5.882353E-02	 .1078431	
  .0002742	-1.960784E-02	 .1470588	
  .0002744	-1.960784E-02	 .1078431	
  .0002746	-5.882353E-02	 .127451	
  .0002748	-1.960784E-02	 .127451	
  .000275	-1.960784E-02	 .127451	
  .0002752	-1.960784E-02	 .0882353	
  .0002754	 1.960784E-02	 .0882353	
  .0002756	 1.960784E-02	 .0882353	
  .0002758	-5.882353E-02	 .0882353	
  .000276	-1.960784E-02	 .1078431	
  .0002762	 1.960784E-02	 .1078431	
  .0002764	 5.882353E-02	 .1078431	
  .0002766	-1.960784E-02	 .0882353	
  .0002768	-1.960784E-02	 6.862745E-02	
  .000277	-1.960784E-02	 .1078431	
  .0002772	-1.960784E-02	 .0882353	
  .0002774	-1.960784E-02	 .0882353	
  .0002776	 1.960784E-02	 6.862745E-02	
  .0002778	 1.960784E-02	 .1078431	
  .000278	 5.882353E-02	 .127451	
  .0002782	 5.882353E-02	 .0882353	
  .0002784	 5.882353E-02	 .1078431	
  .0002786	 5.882353E-02	 .0882353	
  .0002788	 9.803922E-02	 .0882353	
  .000279	 1.960784E-02	 .0882353	
  .0002792	 9.803922E-02	 6.862745E-02	
  .0002794	 9.803922E-02	 .127451	
  .0002796	 1.960784E-02	 .0882353	
  .0002798	 5.882353E-02	 6.862745E-02	
  .00028	 5.882353E-02	 .0882353	
  .0002802	 9.803922E-02	 6.862745E-02	
  .0002804	 5.882353E-02	 6.862745E-02	
  .0002806	 5.882353E-02	 4.901961E-02	
  .0002808	 5.882353E-02	 .0882353	
  .000281	 9.803922E-02	 6.862745E-02	
  .0002812	 9.803922E-02	 6.862745E-02	
  .0002814	 9.803922E-02	 4.901961E-02	
  .0002816	 .1372549	 4.901961E-02	
  .0002818	 9.803922E-02	 9.803922E-03	
  .000282	 9.803922E-02	 2.941176E-02	
  .0002822	 .1372549	 4.901961E-02	
  .0002824	 9.803922E-02	 2.941176E-02	
  .0002826	 .1764706	 4.901961E-02	
  .0002828	 .1372549	 4.901961E-02	
  .000283	 .1372549	 2.941176E-02	
  .0002832	 .1764706	 2.941176E-02	
  .0002834	 .1372549	 2.941176E-02	
  .0002836	 .1764706	 9.803922E-03	
  .0002838	 .1372549	 4.901961E-02	
  .000284	 .1764706	 2.941176E-02	
  .0002842	 .1764706	 2.941176E-02	
  .0002844	 .1764706	 2.941176E-02	
  .0002846	 .1764706	 9.803922E-03	
  .0002848	 .1764706	 9.803922E-03	
  .000285	 .1372549	 2.941176E-02	
  .0002852	 .1372549	 9.803922E-03	
  .0002854	 9.803922E-02	-9.803922E-03	
  .0002856	 .1372549	-9.803922E-03	
  .0002858	 .1764706	-9.803922E-03	
  .000286	 .254902	 9.803922E-03	
  .0002862	 .1764706	 9.803922E-03	
  .0002864	 .254902	-9.803922E-03	
  .0002866	 .2156863	-2.941176E-02	
  .0002868	 .1764706	-2.941176E-02	
  .000287	 .1372549	-2.941176E-02	
  .0002872	 .254902	-2.941176E-02	
  .0002874	 .2156863	 9.803922E-03	
  .0002876	 .2156863	 9.803922E-03	
  .0002878	 .254902	-2.941176E-02	
  .000288	 .2941177	-9.803922E-03	
  .0002882	 .1764706	-9.803922E-03	
  .0002884	 .2156863	-9.803922E-03	
  .0002886	 .254902	-2.941176E-02	
  .0002888	 .2156863	-4.901961E-02	
  .000289	 .254902	-2.941176E-02	
  .0002892	 .2941177	-9.803922E-03	
  .0002894	 .2156863	-9.803922E-03	
  .0002896	 .2156863	-2.941176E-02	
  .0002898	 .254902	-4.901961E-02	
  .00029	 .2941177	-4.901961E-02	
  .0002902	 .254902	-2.941176E-02	
  .0002904	 .254902	-4.901961E-02	
  .0002906	 .254902	-9.803922E-03	
  .0002908	 .2941177	-4.901961E-02	
  .000291	 .2941177	-4.901961E-02	
  .0002912	 .2941177	-2.941176E-02	
  .0002914	 .2941177	-6.862745E-02	
  .0002916	 .2941177	-2.941176E-02	
  .0002918	 .254902	-4.901961E-02	
  .000292	 .254902	-6.862745E-02	
  .0002922	 .2941177	-4.901961E-02	
  .0002924	 .2941177	-4.901961E-02	
  .0002926	 .2941177	-6.862745E-02	
  .0002928	 .254902	-6.862745E-02	
  .000293	 .2941177	-4.901961E-02	
  .0002932	 .254902	-.0882353	
  .0002934	 .2941177	-6.862745E-02	
  .0002936	 .2941177	-.0882353	
  .0002938	 .3333333	-6.862745E-02	
  .000294	 .372549	-6.862745E-02	
  .0002942	 .2941177	-.0882353	
  .0002944	 .3333333	-6.862745E-02	
  .0002946	 .3333333	-4.901961E-02	
  .0002948	 .372549	-6.862745E-02	
  .000295	 .2941177	-.1078431	
  .0002952	 .3333333	-.0882353	
  .0002954	 .372549	-.0882353	
  .0002956	 .3333333	-.1078431	
  .0002958	 .3333333	-.0882353	
  .000296	 .3333333	-6.862745E-02	
  .0002962	 .372549	-.0882353	
  .0002964	 .3333333	-.0882353	
  .0002966	 .3333333	-.0882353	
  .0002968	 .3333333	-.1078431	
  .000297	 .372549	-.0882353	
  .0002972	 .3333333	-.127451	
  .0002974	 .3333333	-.1078431	
  .0002976	 .3333333	-.1078431	
  .0002978	 .372549	-.0882353	
  .000298	 .4117647	-.1078431	
  .0002982	 .372549	-.0882353	
  .0002984	 .372549	-.127451	
  .0002986	 .372549	-.1470588	
  .0002988	 .372549	-.127451	
  .000299	 .4509804	-.127451	
  .0002992	 .4117647	-.0882353	
  .0002994	 .3333333	-.1078431	
  .0002996	 .3333333	-.127451	
  .0002998	 .372549	-.127451	
  .0003	 .372549	-.127451	
  .0003002	 .372549	-.1470588	
  .0003004	 .372549	-.127451	
  .0003006	 .372549	-.127451	
  .0003008	 .4117647	-.1078431	
  .000301	 .4117647	-.1078431	
  .0003012	 .4117647	-.127451	
  .0003014	 .4117647	-.127451	
  .0003016	 .372549	-.1470588	
  .0003018	 .372549	-.1470588	
  .000302	 .372549	-.1470588	
  .0003022	 .372549	-.1470588	
  .0003024	 .4509804	-.1470588	
  .0003026	 .4117647	-.127451	
  .0003028	 .4117647	-.1078431	
  .000303	 .372549	-.1666667	
  .0003032	 .4117647	-.1470588	
  .0003034	 .4117647	-.1666667	
  .0003036	 .372549	-.127451	
  .0003038	 .4509804	-.1470588	
  .000304	 .4117647	-.1470588	
  .0003042	 .4117647	-.127451	
  .0003044	 .372549	-.1470588	
  .0003046	 .4117647	-.1666667	
  .0003048	 .4509804	-.127451	
  .000305	 .4117647	-.1470588	
  .0003052	 .372549	-.1666667	
  .0003054	 .4117647	-.127451	
  .0003056	 .372549	-.1470588	
  .0003058	 .4509804	-.1470588	
  .000306	 .4117647	-.1666667	
  .0003062	 .4117647	-.1666667	
  .0003064	 .4117647	-.1666667	
  .0003066	 .372549	-.1666667	
  .0003068	 .372549	-.1862745	
  .000307	 .372549	-.1666667	
  .0003072	 .4117647	-.1470588	
  .0003074	 .372549	-.1470588	
  .0003076	 .4117647	-.1862745	
  .0003078	 .4117647	-.1470588	
  .000308	 .372549	-.1470588	
  .0003082	 .372549	-.1666667	
  .0003084	 .372549	-.1470588	
  .0003086	 .372549	-.1666667	
  .0003088	 .4117647	-.1470588	
  .000309	 .4117647	-.1470588	
  .0003092	 .372549	-.1666667	
  .0003094	 .372549	-.1666667	
  .0003096	 .3333333	-.1862745	
  .0003098	 .372549	-.1666667	
  .00031	 .372549	-.1666667	
  .0003102	 .372549	-.1470588	
  .0003104	 .372549	-.1470588	
  .0003106	 .372549	-.1470588	
  .0003108	 .3333333	-.1666667	
  .000311	 .4117647	-.1470588	
  .0003112	 .4117647	-.1470588	
  .0003114	 .4117647	-.1666667	
  .0003116	 .372549	-.1666667	
  .0003118	 .3333333	-.1666667	
  .000312	 .372549	-.1470588	
  .0003122	 .4117647	-.1666667	
  .0003124	 .4117647	-.1862745	
  .0003126	 .372549	-.1666667	
  .0003128	 .4117647	-.1470588	
  .000313	 .372549	-.1862745	
  .0003132	 .3333333	-.1666667	
  .0003134	 .2941177	-.1470588	
  .0003136	 .372549	-.1666667	
  .0003138	 .4117647	-.1470588	
  .000314	 .372549	-.1862745	
  .0003142	 .372549	-.1470588	
  .0003144	 .372549	-.1666667	
  .0003146	 .3333333	-.1862745	
  .0003148	 .3333333	-.1862745	
  .000315	 .3333333	-.1470588	
  .0003152	 .3333333	-.1862745	
  .0003154	 .3333333	-.1862745	
  .0003156	 .3333333	-.1470588	
  .0003158	 .2941177	-.127451	
  .000316	 .372549	-.1862745	
  .0003162	 .3333333	-.1862745	
  .0003164	 .2941177	-.1862745	
  .0003166	 .3333333	-.1666667	
  .0003168	 .2941177	-.1666667	
  .000317	 .2941177	-.1666667	
  .0003172	 .3333333	-.1666667	
  .0003174	 .2941177	-.1666667	
  .0003176	 .3333333	-.127451	
  .0003178	 .372549	-.1666667	
  .000318	 .2941177	-.1666667	
  .0003182	 .2941177	-.1666667	
  .0003184	 .2941177	-.1470588	
  .0003186	 .3333333	-.1470588	
  .0003188	 .3333333	-.1666667	
  .000319	 .2941177	-.127451	
  .0003192	 .2941177	-.1666667	
  .0003194	 .2941177	-.1862745	
  .0003196	 .2941177	-.1666667	
  .0003198	 .2941177	-.1470588	
  .00032	 .254902	-.1862745	
  .0003202	 .254902	-.1666667	
  .0003204	 .2941177	-.1470588	
  .0003206	 .2941177	-.1470588	
  .0003208	 .2156863	-.1470588	
  .000321	 .2941177	-.1470588	
  .0003212	 .2941177	-.1470588	
  .0003214	 .254902	-.1666667	
  .0003216	 .254902	-.1666667	
  .0003218	 .254902	-.1470588	
  .000322	 .254902	-.1666667	
  .0003222	 .3333333	-.1470588	
  .0003224	 .2156863	-.1470588	
  .0003226	 .254902	-.127451	
  .0003228	 .2156863	-.1470588	
  .000323	 .254902	-.1666667	
  .0003232	 .2941177	-.1666667	
  .0003234	 .1764706	-.127451	
  .0003236	 .254902	-.1470588	
  .0003238	 .254902	-.127451	
  .000324	 .2156863	-.1470588	
  .0003242	 .2156863	-.1666667	
  .0003244	 .2156863	-.1470588	
  .0003246	 .2156863	-.127451	
  .0003248	 .2156863	-.127451	
  .000325	 .1764706	-.1666667	
  .0003252	 .2156863	-.1470588	
  .0003254	 .2156863	-.1470588	
  .0003256	 .254902	-.1470588	
  .0003258	 .1764706	-.127451	
  .000326	 .2156863	-.127451	
  .0003262	 .2156863	-.1470588	
  .0003264	 .1764706	-.1470588	
  .0003266	 .1372549	-.127451	
  .0003268	 .1764706	-.1470588	
  .000327	 .1764706	-.127451	
  .0003272	 .1764706	-.1078431	
  .0003274	 .2156863	-.127451	
  .0003276	 .2156863	-.127451	
  .0003278	 .1372549	-.0882353	
  .000328	 .1764706	-.127451	
  .0003282	 .1764706	-.127451	
  .0003284	 .1372549	-.127451	
  .0003286	 .1372549	-.127451	
  .0003288	 .1764706	-.0882353	
  .000329	 9.803922E-02	-.0882353	
  .0003292	 .1372549	-.1078431	
  .0003294	 .1372549	-.1470588	
  .0003296	 .1764706	-.1078431	
  .0003298	 9.803922E-02	-.1078431	
  .00033	 9.803922E-02	-.0882353	
  .0003302	 .1372549	-.1078431	
  .0003304	 .1372549	-.0882353	
  .0003306	 9.803922E-02	-.0882353	
  .0003308	 .1372549	-.1078431	
  .000331	 .1764706	-.1078431	
  .0003312	 .1372549	-.0882353	
  .0003314	 9.803922E-02	-.1078431	
  .0003316	 5.882353E-02	-.0882353	
  .0003318	 .1372549	-.0882353	
  .000332	 9.803922E-02	-.0882353	
  .0003322	 .1372549	-.0882353	
  .0003324	 9.803922E-02	-.0882353	
  .0003326	 9.803922E-02	-6.862745E-02	
  .0003328	 9.803922E-02	-.0882353	
  .000333	 9.803922E-02	-.0882353	
  .0003332	 1.960784E-02	-6.862745E-02	
  .0003334	 9.803922E-02	-.0882353	
  .0003336	 9.803922E-02	-.0882353	
  .0003338	 5.882353E-02	-6.862745E-02	
  .000334	 9.803922E-02	-6.862745E-02	
  .0003342	 9.803922E-02	-.0882353	
  .0003344	 5.882353E-02	-6.862745E-02	
  .0003346	 5.882353E-02	-.0882353	
  .0003348	 9.803922E-02	-.0882353	
  .000335	 5.882353E-02	-6.862745E-02	
  .0003352	 5.882353E-02	-.0882353	
  .0003354	 9.803922E-02	-4.901961E-02	
  .0003356	 5.882353E-02	-6.862745E-02	
  .0003358	 5.882353E-02	-6.862745E-02	
  .000336	 1.960784E-02	-4.901961E-02	
  .0003362	 1.960784E-02	-6.862745E-02	
  .0003364	 1.960784E-02	-4.901961E-02	
  .0003366	 1.960784E-02	-4.901961E-02	
  .0003368	 1.960784E-02	-4.901961E-02	
  .000337	 5.882353E-02	-6.862745E-02	
  .0003372	-1.960784E-02	-6.862745E-02	
  .0003374	 1.960784E-02	-9.803922E-03	
  .0003376	 5.882353E-02	-6.862745E-02	
  .0003378	 1.960784E-02	-4.901961E-02	
  .000338	-1.960784E-02	-6.862745E-02	
  .0003382	 1.960784E-02	-4.901961E-02	
  .0003384	 1.960784E-02	-2.941176E-02	
  .0003386	 5.882353E-02	-4.901961E-02	
  .0003388	-1.960784E-02	-2.941176E-02	
  .000339	-5.882353E-02	-4.901961E-02	
  .0003392	-1.960784E-02	-2.941176E-02	
  .0003394	-5.882353E-02	-4.901961E-02	
  .0003396	-5.882353E-02	-2.941176E-02	
  .0003398	-5.882353E-02	-2.941176E-02	
  .00034	-1.960784E-02	-2.941176E-02	
  .0003402	-1.960784E-02	-2.941176E-02	
  .0003404	-1.960784E-02	 9.803922E-03	
  .0003406	-1.960784E-02	-9.803922E-03	
  .0003408	-1.960784E-02	-4.901961E-02	
  .000341	-1.960784E-02	-2.941176E-02	
  .0003412	-5.882353E-02	-2.941176E-02	
  .0003414	-1.960784E-02	-4.901961E-02	
  .0003416	-5.882353E-02	-2.941176E-02	
  .0003418	-5.882353E-02	 9.803922E-03	
  .000342	 1.960784E-02	 9.803922E-03	
  .0003422	-5.882353E-02	 9.803922E-03	
  .0003424	-5.882353E-02	 9.803922E-03	
  .0003426	-5.882353E-02	-9.803922E-03	
  .0003428	-5.882353E-02	-2.941176E-02	
  .000343	-1.960784E-02	-9.803922E-03	
  .0003432	-9.803922E-02	-9.803922E-03	
  .0003434	-1.960784E-02	 9.803922E-03	
  .0003436	-5.882353E-02	 2.941176E-02	
  .0003438	-1.960784E-02	-9.803922E-03	
  .000344	-9.803922E-02	-9.803922E-03	
  .0003442	-5.882353E-02	 9.803922E-03	
  .0003444	-5.882353E-02	-9.803922E-03	
  .0003446	-9.803922E-02	 2.941176E-02	
  .0003448	-9.803922E-02	-9.803922E-03	
  .000345	-9.803922E-02	-9.803922E-03	
  .0003452	-.1372549	 9.803922E-03	
  .0003454	-1.960784E-02	 9.803922E-03	
  .0003456	-.1372549	 2.941176E-02	
  .0003458	-5.882353E-02	-9.803922E-03	
  .000346	-9.803922E-02	 9.803922E-03	
  .0003462	-9.803922E-02	 2.941176E-02	
  .0003464	-.1372549	 9.803922E-03	
  .0003466	-9.803922E-02	 2.941176E-02	
  .0003468	-9.803922E-02	 2.941176E-02	
  .000347	-5.882353E-02	 2.941176E-02	
  .0003472	-9.803922E-02	-9.803922E-03	
  .0003474	-9.803922E-02	 9.803922E-03	
  .0003476	-.1372549	 4.901961E-02	
  .0003478	-.1372549	 9.803922E-03	
  .000348	-9.803922E-02	 2.941176E-02	
  .0003482	-.1372549	 2.941176E-02	
  .0003484	-5.882353E-02	 4.901961E-02	
  .0003486	-.1372549	 6.862745E-02	
  .0003488	-.1372549	 6.862745E-02	
  .000349	-.1372549	 4.901961E-02	
  .0003492	-.1372549	 4.901961E-02	
  .0003494	-.1372549	 9.803922E-03	
  .0003496	-.1764706	 4.901961E-02	
  .0003498	-.1764706	 4.901961E-02	
  .00035	-.1764706	 4.901961E-02	
  .0003502	-9.803922E-02	 6.862745E-02	
  .0003504	-.1372549	 4.901961E-02	
  .0003506	-.1372549	 6.862745E-02	
  .0003508	-9.803922E-02	 2.941176E-02	
  .000351	-.1372549	 6.862745E-02	
  .0003512	-.1372549	 4.901961E-02	
  .0003514	-.1764706	 4.901961E-02	
  .0003516	-9.803922E-02	 4.901961E-02	
  .0003518	-.1372549	 6.862745E-02	
  .000352	-9.803922E-02	 .0882353	
  .0003522	-.1372549	 2.941176E-02	
  .0003524	-.1764706	 .0882353	
  .0003526	-.1764706	 6.862745E-02	
  .0003528	-.1372549	 4.901961E-02	
  .000353	-.1372549	 6.862745E-02	
  .0003532	-.1764706	 4.901961E-02	
  .0003534	-.1372549	 6.862745E-02	
  .0003536	-.1764706	 6.862745E-02	
  .0003538	-.1372549	 6.862745E-02	
  .000354	-.1764706	 .0882353	
  .0003542	-.1764706	 6.862745E-02	
  .0003544	-.1764706	 6.862745E-02	
  .0003546	-.1764706	 4.901961E-02	
  .0003548	-.1764706	 .0882353	
  .000355	-.1764706	 6.862745E-02	
  .0003552	-.2156863	 6.862745E-02	
  .0003554	-.1372549	 .0882353	
  .0003556	-.1372549	 6.862745E-02	
  .0003558	-.1764706	 .0882353	
  .000356	-.2156863	 6.862745E-02	
  .0003562	-.2156863	 6.862745E-02	
  .0003564	-.254902	 6.862745E-02	
  .0003566	-.2156863	 .0882353	
  .0003568	-.1764706	 6.862745E-02	
  .000357	-.1764706	 .0882353	
  .0003572	-.1372549	 .127451	
  .0003574	-.1372549	 .1078431	
  .0003576	-.1764706	 .1078431	
  .0003578	-.1764706	 .1078431	
  .000358	-.2156863	 .0882353	
  .0003582	-.1764706	 .1078431	
  .0003584	-.1764706	 .0882353	
  .0003586	-.1764706	 .1470588	
  .0003588	-.1764706	 .1470588	
  .000359	-.2156863	 .0882353	
  .0003592	-.2156863	 .0882353	
  .0003594	-.2156863	 .1078431	
  .0003596	-.2156863	 .1078431	
  .0003598	-.2156863	 .1078431	
  .00036	-.2156863	 .1078431	
  .0003602	-.1764706	 .127451	
  .0003604	-.254902	 .0882353	
  .0003606	-.1764706	 .0882353	
  .0003608	-.2156863	 .0882353	
  .000361	-.1764706	 6.862745E-02	
  .0003612	-.2156863	 .1078431	
  .0003614	-.2156863	 .1078431	
  .0003616	-.2156863	 .0882353	
  .0003618	-.1372549	 .127451	
  .000362	-.2156863	 .127451	
  .0003622	-.254902	 .127451	
  .0003624	-.2156863	 .1078431	
  .0003626	-.2156863	 .1078431	
  .0003628	-.1764706	 .0882353	
  .000363	-.2156863	 .1078431	
  .0003632	-.1764706	 .127451	
  .0003634	-.2156863	 .1470588	
  .0003636	-.2156863	 .0882353	
  .0003638	-.2156863	 .1078431	
  .000364	-.2156863	 .1078431	
  .0003642	-.1764706	 .1078431	
  .0003644	-.2156863	 .0882353	
  .0003646	-.254902	 .1078431	
  .0003648	-.2156863	 .0882353	
  .000365	-.1764706	 .1078431	
  .0003652	-.1764706	 .127451	
  .0003654	-.2156863	 .127451	
  .0003656	-.1764706	 .0882353	
  .0003658	-.2156863	 .1078431	
  .000366	-.254902	 .1078431	
  .0003662	-.2156863	 .0882353	
  .0003664	-.2156863	 .1078431	
  .0003666	-.2156863	 .127451	
  .0003668	-.1764706	 .127451	
  .000367	-.1764706	 .1078431	
  .0003672	-.2156863	 .0882353	
  .0003674	-.2156863	 .1470588	
  .0003676	-.2156863	 .1078431	
  .0003678	-.2156863	 .1078431	
  .000368	-.254902	 .1078431	
  .0003682	-.2156863	 .1078431	
  .0003684	-.1372549	 .1470588	
  .0003686	-.254902	 .1470588	
  .0003688	-.2156863	 .127451	
  .000369	-.1764706	 .127451	
  .0003692	-.1764706	 .0882353	
  .0003694	-.1764706	 .1078431	
  .0003696	-.2156863	 .1078431	
  .0003698	-.1764706	 .127451	
  .00037	-.1764706	 .127451	
  .0003702	-.1764706	 .127451	
  .0003704	-.1372549	 .127451	
  .0003706	-.1372549	 .127451	
  .0003708	-.1764706	 .1470588	
  .000371	-.1372549	 .1078431	
  .0003712	-.2156863	 .1078431	
  .0003714	-.1764706	 .127451	
  .0003716	-.1372549	 .1078431	
  .0003718	-.1372549	 .127451	
  .000372	-.1764706	 .0882353	
  .0003722	-.1372549	 .1470588	
  .0003724	-.1764706	 .127451	
  .0003726	-.1372549	 .1078431	
  .0003728	-.1372549	 .1078431	
  .000373	-.1764706	 .127451	
  .0003732	-.1372549	 .127451	
  .0003734	-.1372549	 .1078431	
  .0003736	-.1372549	 .127451	
  .0003738	-.1372549	 .127451	
  .000374	-.1372549	 .127451	
  .0003742	-.1372549	 .0882353	
  .0003744	-9.803922E-02	 .1078431	
  .0003746	-.1372549	 .1078431	
  .0003748	-.1764706	 .0882353	
  .000375	-.1764706	 .1470588	
  .0003752	-.1372549	 .1078431	
  .0003754	-.1372549	 .1078431	
  .0003756	-.1372549	 .127451	
  .0003758	-.1372549	 .0882353	
  .000376	-.1372549	 .1078431	
  .0003762	-.1764706	 .1078431	
  .0003764	-.1372549	 .1078431	
  .0003766	-.1764706	 .1078431	
  .0003768	-9.803922E-02	 .127451	
  .000377	-.1372549	 .127451	
  .0003772	-5.882353E-02	 .1078431	
  .0003774	-.1372549	 .127451	
  .0003776	-9.803922E-02	 .1078431	
  .0003778	-9.803922E-02	 .0882353	
  .000378	-.1764706	 .127451	
  .0003782	-9.803922E-02	 .0882353	
  .0003784	-5.882353E-02	 .127451	
  .0003786	-9.803922E-02	 .127451	
  .0003788	-.1372549	 .0882353	
  .000379	-9.803922E-02	 .1078431	
  .0003792	-9.803922E-02	 .1078431	
  .0003794	-9.803922E-02	 .0882353	
  .0003796	-9.803922E-02	 .0882353	
  .0003798	-9.803922E-02	 .127451	
  .00038	-.1372549	 .127451	
  .0003802	-5.882353E-02	 .1078431	
  .0003804	-9.803922E-02	 .0882353	
  .0003806	-9.803922E-02	 .1078431	
  .0003808	-5.882353E-02	 .0882353	
  .000381	-9.803922E-02	 .0882353	
  .0003812	-9.803922E-02	 .0882353	
  .0003814	-9.803922E-02	 .1078431	
  .0003816	 1.960784E-02	 .1078431	
  .0003818	-5.882353E-02	 .1078431	
  .000382	-5.882353E-02	 .0882353	
  .0003822	-9.803922E-02	 .0882353	
  .0003824	-1.960784E-02	 6.862745E-02	
  .0003826	-5.882353E-02	 .0882353	
  .0003828	-5.882353E-02	 .1078431	
  .000383	-1.960784E-02	 .0882353	
  .0003832	 1.960784E-02	 .1078431	
  .0003834	-9.803922E-02	 .1078431	
  .0003836	-5.882353E-02	 .0882353	
  .0003838	-1.960784E-02	 6.862745E-02	
  .000384	-1.960784E-02	 .0882353	
  .0003842	-1.960784E-02	 .1078431	
  .0003844	-5.882353E-02	 6.862745E-02	
  .0003846	-1.960784E-02	 .1078431	
  .0003848	-5.882353E-02	 .1078431	
  .000385	-1.960784E-02	 .0882353	
  .0003852	-5.882353E-02	 .0882353	
  .0003854	-1.960784E-02	 6.862745E-02	
  .0003856	-1.960784E-02	 .0882353	
  .0003858	-1.960784E-02	 6.862745E-02	
  .000386	-1.960784E-02	 6.862745E-02	
  .0003862	 1.960784E-02	 6.862745E-02	
  .0003864	-5.882353E-02	 6.862745E-02	
  .0003866	-1.960784E-02	 6.862745E-02	
  .0003868	 1.960784E-02	 6.862745E-02	
  .000387	-1.960784E-02	 4.901961E-02	
  .0003872	-1.960784E-02	 .0882353	
  .0003874	-1.960784E-02	 4.901961E-02	
  .0003876	-1.960784E-02	 6.862745E-02	
  .0003878	 1.960784E-02	 6.862745E-02	
  .000388	-1.960784E-02	 6.862745E-02	
  .0003882	 5.882353E-02	 .0882353	
  .0003884	-1.960784E-02	 .0882353	
  .0003886	 1.960784E-02	 4.901961E-02	
  .0003888	 1.960784E-02	 4.901961E-02	
  .000389	 1.960784E-02	 2.941176E-02	
  .0003892	 1.960784E-02	 4.901961E-02	
  .0003894	-1.960784E-02	 4.901961E-02	
  .0003896	-1.960784E-02	 6.862745E-02	
  .0003898	 5.882353E-02	 4.901961E-02	
  .00039	 1.960784E-02	 6.862745E-02	
  .0003902	-1.960784E-02	 6.862745E-02	
  .0003904	 5.882353E-02	 4.901961E-02	
  .0003906	 5.882353E-02	 .0882353	
  .0003908	 5.882353E-02	 2.941176E-02	
  .000391	 1.960784E-02	 4.901961E-02	
  .0003912	 5.882353E-02	 4.901961E-02	
  .0003914	 5.882353E-02	 6.862745E-02	
  .0003916	 9.803922E-02	 2.941176E-02	
  .0003918	 5.882353E-02	 9.803922E-03	
  .000392	 5.882353E-02	 6.862745E-02	
  .0003922	 1.960784E-02	 4.901961E-02	
  .0003924	 5.882353E-02	 2.941176E-02	
  .0003926	 1.960784E-02	 2.941176E-02	
  .0003928	 5.882353E-02	 2.941176E-02	
  .000393	 9.803922E-02	 2.941176E-02	
  .0003932	 5.882353E-02	 9.803922E-03	
  .0003934	 5.882353E-02	 2.941176E-02	
  .0003936	 .1372549	 4.901961E-02	
  .0003938	 9.803922E-02	 2.941176E-02	
  .000394	 5.882353E-02	 2.941176E-02	
  .0003942	 .1372549	 2.941176E-02	
  .0003944	 9.803922E-02	 2.941176E-02	
  .0003946	 9.803922E-02	 9.803922E-03	
  .0003948	 9.803922E-02	 2.941176E-02	
  .000395	 5.882353E-02	 4.901961E-02	
  .0003952	 9.803922E-02	 9.803922E-03	
  .0003954	 .1372549	 2.941176E-02	
  .0003956	 9.803922E-02	 9.803922E-03	
  .0003958	 5.882353E-02	-9.803922E-03	
  .000396	 5.882353E-02	 9.803922E-03	
  .0003962	 9.803922E-02	 2.941176E-02	
  .0003964	 9.803922E-02	 9.803922E-03	
  .0003966	 5.882353E-02	 9.803922E-03	
  .0003968	 9.803922E-02	 4.901961E-02	
  .000397	 .1764706	 9.803922E-03	
  .0003972	 9.803922E-02	 2.941176E-02	
  .0003974	 9.803922E-02	 9.803922E-03	
  .0003976	 .1372549	-9.803922E-03	
  .0003978	 .1372549	 9.803922E-03	
  .000398	 .1372549	 9.803922E-03	
  .0003982	 9.803922E-02	 4.901961E-02	
  .0003984	 9.803922E-02	 2.941176E-02	
  .0003986	 .1372549	-2.941176E-02	
  .0003988	 9.803922E-02	 9.803922E-03	
  .000399	 .1764706	 9.803922E-03	
  .0003992	 9.803922E-02	-9.803922E-03	
  .0003994	 .1372549	-9.803922E-03	
  .0003996	 .1372549	-9.803922E-03	
  .0003998	 .1372549	 2.941176E-02	
  .0004	 .1372549	-2.941176E-02	
  .0004002	 .1372549	-9.803922E-03	
  .0004004	 .1764706	-2.941176E-02	
  .0004006	 .1764706	-2.941176E-02	
  .0004008	 .1372549	-2.941176E-02	
  .000401	 .1372549	-2.941176E-02	
  .0004012	 .1764706	-9.803922E-03	
  .0004014	 .2156863	-9.803922E-03	
  .0004016	 .1372549	 9.803922E-03	
  .0004018	 .1372549	 9.803922E-03	
  .000402	 .1372549	-2.941176E-02	
  .0004022	 .1372549	-2.941176E-02	
  .0004024	 .1764706	-2.941176E-02	
  .0004026	 .1764706	-2.941176E-02	
  .0004028	 .1764706	-9.803922E-03	
  .000403	 .1764706	-9.803922E-03	
  .0004032	 .1372549	-4.901961E-02	
  .0004034	 9.803922E-02	-4.901961E-02	
  .0004036	 .1764706	-4.901961E-02	
  .0004038	 .1764706	-9.803922E-03	
  .000404	 .1764706	-9.803922E-03	
  .0004042	 .1764706	-2.941176E-02	
  .0004044	 .1764706	-2.941176E-02	
  .0004046	 .1372549	-2.941176E-02	
  .0004048	 .2156863	-9.803922E-03	
  .000405	 .2156863	-2.941176E-02	
  .0004052	 .2156863	-2.941176E-02	
  .0004054	 .1764706	-6.862745E-02	
  .0004056	 .1764706	-2.941176E-02	
  .0004058	 .1372549	-4.901961E-02	
  .000406	 .2156863	-4.901961E-02	
  .0004062	 .1764706	-9.803922E-03	
  .0004064	 .2156863	-2.941176E-02	
  .0004066	 .2156863	-2.941176E-02	
  .0004068	 .1764706	-4.901961E-02	
  .000407	 .1764706	-9.803922E-03	
  .0004072	 .1764706	-2.941176E-02	
  .0004074	 .2156863	-4.901961E-02	
  .0004076	 .2156863	-4.901961E-02	
  .0004078	 .254902	-2.941176E-02	
  .000408	 .254902	-9.803922E-03	
  .0004082	 .1764706	-4.901961E-02	
  .0004084	 .1764706	-6.862745E-02	
  .0004086	 .2156863	-4.901961E-02	
  .0004088	 .2156863	-4.901961E-02	
  .000409	 .2156863	-4.901961E-02	
  .0004092	 .2156863	-6.862745E-02	
  .0004094	 .2156863	-4.901961E-02	
  .0004096	 .254902	-6.862745E-02	
  .0004098	 .1764706	-4.901961E-02	
  .00041	 .254902	-2.941176E-02	
  .0004102	 .254902	-6.862745E-02	
  .0004104	 .1764706	-4.901961E-02	
  .0004106	 .2156863	-4.901961E-02	
  .0004108	 .2156863	-6.862745E-02	
  .000411	 .254902	-6.862745E-02	
  .0004112	 .2156863	-6.862745E-02	
  .0004114	 .254902	-6.862745E-02	
  .0004116	 .254902	-.0882353	
  .0004118	 .2941177	-4.901961E-02	
  .000412	 .254902	-4.901961E-02	
  .0004122	 .254902	-.0882353	
  .0004124	 .2156863	-6.862745E-02	
  .0004126	 .2941177	-6.862745E-02	
  .0004128	 .2941177	-4.901961E-02	
  .000413	 .254902	-6.862745E-02	
  .0004132	 .254902	-6.862745E-02	
  .0004134	 .2941177	-6.862745E-02	
  .0004136	 .254902	-4.901961E-02	
  .0004138	 .2156863	-6.862745E-02	
  .000414	 .2941177	-6.862745E-02	
  .0004142	 .254902	-.0882353	
  .0004144	 .254902	-6.862745E-02	
  .0004146	 .254902	-6.862745E-02	
  .0004148	 .2156863	-6.862745E-02	
  .000415	 .254902	-6.862745E-02	
  .0004152	 .254902	-6.862745E-02	
  .0004154	 .2156863	-6.862745E-02	
  .0004156	 .2156863	-.1078431	
  .0004158	 .254902	-.1078431	
  .000416	 .2156863	-6.862745E-02	
  .0004162	 .254902	-.0882353	
  .0004164	 .254902	-.0882353	
  .0004166	 .254902	-4.901961E-02	
  .0004168	 .254902	-6.862745E-02	
  .000417	 .254902	-6.862745E-02	
  .0004172	 .2156863	-.0882353	
  .0004174	 .254902	-6.862745E-02	
  .0004176	 .2156863	-6.862745E-02	
  .0004178	 .3333333	-6.862745E-02	
  .000418	 .2941177	-6.862745E-02	
  .0004182	 .254902	-4.901961E-02	
  .0004184	 .2156863	-.0882353	
  .0004186	 .254902	-6.862745E-02	
  .0004188	 .2156863	-4.901961E-02	
  .000419	 .254902	-.1078431	
  .0004192	 .2156863	-.0882353	
  .0004194	 .2156863	-6.862745E-02	
  .0004196	 .254902	-6.862745E-02	
  .0004198	 .2156863	-.0882353	
  .00042	 .2156863	-.0882353	
  .0004202	 .254902	-.0882353	
  .0004204	 .2156863	-.127451	
  .0004206	 .2156863	-.0882353	
  .0004208	 .1764706	-.1078431	
  .000421	 .254902	-.0882353	
  .0004212	 .3333333	-6.862745E-02	
  .0004214	 .2156863	-.1078431	
  .0004216	 .2156863	-.0882353	
  .0004218	 .254902	-.1078431	
  .000422	 .254902	-.1078431	
  .0004222	 .254902	-.1078431	
  .0004224	 .254902	-.0882353	
  .0004226	 .254902	-6.862745E-02	
  .0004228	 .2156863	-.0882353	
  .000423	 .254902	-.1078431	
  .0004232	 .2156863	-.0882353	
  .0004234	 .254902	-.1078431	
  .0004236	 .1764706	-.0882353	
  .0004238	 .2156863	-.0882353	
  .000424	 .1764706	-.1078431	
  .0004242	 .2156863	-.1078431	
  .0004244	 .254902	-.1078431	
  .0004246	 .2941177	-.0882353	
  .0004248	 .2156863	-.0882353	
  .000425	 .254902	-.127451	
  .0004252	 .254902	-.1078431	
  .0004254	 .2156863	-.0882353	
  .0004256	 .1764706	-.0882353	
  .0004258	 .254902	-.0882353	
  .000426	 .2156863	-.0882353	
  .0004262	 .2156863	-.0882353	
  .0004264	 .2156863	-.0882353	
  .0004266	 .254902	-.0882353	
  .0004268	 .2156863	-4.901961E-02	
  .000427	 .2156863	-.0882353	
  .0004272	 .2156863	-.0882353	
  .0004274	 .2156863	-6.862745E-02	
  .0004276	 .254902	-6.862745E-02	
  .0004278	 .254902	-6.862745E-02	
  .000428	 .2156863	-6.862745E-02	
  .0004282	 .1764706	-.0882353	
  .0004284	 .2156863	-.1078431	
  .0004286	 .2156863	-.127451	
  .0004288	 .1764706	-.1078431	
  .000429	 .1372549	-.0882353	
  .0004292	 .2156863	-.0882353	
  .0004294	 .2156863	-.1078431	
  .0004296	 .2156863	-.0882353	
  .0004298	 .2156863	-.0882353	
  .00043	 .2156863	-.0882353	
  .0004302	 .2156863	-6.862745E-02	
  .0004304	 .1764706	-.0882353	
  .0004306	 .1764706	-.1078431	
  .0004308	 .2156863	-6.862745E-02	
  .000431	 .2156863	-6.862745E-02	
  .0004312	 .254902	-.0882353	
  .0004314	 .1764706	-.1078431	
  .0004316	 .2156863	-6.862745E-02	
  .0004318	 .1764706	-.0882353	
  .000432	 .2156863	-.0882353	
  .0004322	 .2156863	-.0882353	
  .0004324	 .2156863	-6.862745E-02	
  .0004326	 .254902	-.0882353	
  .0004328	 .2156863	-6.862745E-02	
  .000433	 .1764706	-6.862745E-02	
  .0004332	 .2156863	-6.862745E-02	
  .0004334	 .1764706	-6.862745E-02	
  .0004336	 .2156863	-.1078431	
  .0004338	 .2156863	-.0882353	
  .000434	 .2156863	-.0882353	
  .0004342	 .1372549	-.0882353	
  .0004344	 .1764706	-6.862745E-02	
  .0004346	 .1764706	-6.862745E-02	
  .0004348	 .1764706	-.0882353	
  .000435	 .1764706	-6.862745E-02	
  .0004352	 .1372549	-.0882353	
  .0004354	 .1372549	-.1078431	
  .0004356	 9.803922E-02	-.0882353	
  .0004358	 9.803922E-02	-.1078431	
  .000436	 .1372549	-.0882353	
  .0004362	 .1372549	-.0882353	
  .0004364	 .1764706	-4.901961E-02	
  .0004366	 .2156863	-.0882353	
  .0004368	 .1372549	-6.862745E-02	
  .000437	 .1764706	-.0882353	
  .0004372	 .1764706	-6.862745E-02	
  .0004374	 .1764706	-6.862745E-02	
  .0004376	 .1764706	-6.862745E-02	
  .0004378	 .1764706	-4.901961E-02	
  .000438	 .1372549	-6.862745E-02	
  .0004382	 .1372549	-6.862745E-02	
  .0004384	 9.803922E-02	-6.862745E-02	
  .0004386	 .1372549	-4.901961E-02	
  .0004388	 9.803922E-02	-.0882353	
  .000439	 9.803922E-02	-6.862745E-02	
  .0004392	 9.803922E-02	-6.862745E-02	
  .0004394	 9.803922E-02	-4.901961E-02	
  .0004396	 .1372549	-6.862745E-02	
  .0004398	 .1764706	-6.862745E-02	
  .00044	 9.803922E-02	-6.862745E-02	
  .0004402	 9.803922E-02	-.0882353	
  .0004404	 1.960784E-02	-.0882353	
  .0004406	 9.803922E-02	-4.901961E-02	
  .0004408	 9.803922E-02	-6.862745E-02	
  .000441	 .1764706	-6.862745E-02	
  .0004412	 9.803922E-02	-6.862745E-02	
  .0004414	 5.882353E-02	-4.901961E-02	
  .0004416	 5.882353E-02	-6.862745E-02	
  .0004418	 9.803922E-02	-6.862745E-02	
  .000442	 9.803922E-02	-6.862745E-02	
  .0004422	 9.803922E-02	-2.941176E-02	
  .0004424	 .1372549	-4.901961E-02	
  .0004426	 9.803922E-02	-6.862745E-02	
  .0004428	 5.882353E-02	-4.901961E-02	
  .000443	 5.882353E-02	-6.862745E-02	
  .0004432	 9.803922E-02	-6.862745E-02	
  .0004434	 9.803922E-02	-6.862745E-02	
  .0004436	 5.882353E-02	-4.901961E-02	
  .0004438	 1.960784E-02	-6.862745E-02	
  .000444	 5.882353E-02	-4.901961E-02	
  .0004442	 9.803922E-02	-4.901961E-02	
  .0004444	 9.803922E-02	-6.862745E-02	
  .0004446	 5.882353E-02	-2.941176E-02	
  .0004448	 5.882353E-02	-.0882353	
  .000445	 9.803922E-02	-6.862745E-02	
  .0004452	 5.882353E-02	-.0882353	
  .0004454	 1.960784E-02	-6.862745E-02	
  .0004456	 5.882353E-02	-6.862745E-02	
  .0004458	 5.882353E-02	-4.901961E-02	
  .000446	 5.882353E-02	-4.901961E-02	
  .0004462	 5.882353E-02	-4.901961E-02	
  .0004464	 5.882353E-02	-4.901961E-02	
  .0004466	 1.960784E-02	-9.803922E-03	
  .0004468	 5.882353E-02	-6.862745E-02	
  .000447	 5.882353E-02	-6.862745E-02	
  .0004472	-1.960784E-02	-6.862745E-02	
  .0004474	 5.882353E-02	-2.941176E-02	
  .0004476	 5.882353E-02	-2.941176E-02	
  .0004478	 1.960784E-02	-2.941176E-02	
  .000448	-1.960784E-02	-2.941176E-02	
  .0004482	 9.803922E-02	-4.901961E-02	
  .0004484	 5.882353E-02	-4.901961E-02	
  .0004486	 1.960784E-02	-4.901961E-02	
  .0004488	-1.960784E-02	-2.941176E-02	
  .000449	 1.960784E-02	-2.941176E-02	
  .0004492	 1.960784E-02	-2.941176E-02	
  .0004494	 1.960784E-02	-2.941176E-02	
  .0004496	 1.960784E-02	-2.941176E-02	
  .0004498	 1.960784E-02	-4.901961E-02	
  .00045	 5.882353E-02	-9.803922E-03	
