 -.0000498	 1.960784E-03	 9.803922E-03	
 -.0000496	 1.176471E-03	-9.803922E-03	
 -.0000494	 1.176471E-03	 9.803922E-03	
 -.0000492	 3.921568E-04	-9.803922E-03	
 -.000049	 1.960784E-03	-9.803922E-03	
 -.0000488	 1.176471E-03	 9.803922E-03	
 -.0000486	 3.921568E-04	 9.803922E-03	
 -.0000484	 1.960784E-03	-9.803922E-03	
 -.0000482	 1.960784E-03	-9.803922E-03	
 -.000048	 1.960784E-03	 9.803922E-03	
 -.0000478	 3.921568E-04	-9.803922E-03	
 -.0000476	 3.921568E-04	 9.803922E-03	
 -.0000474	 1.960784E-03	 9.803922E-03	
 -.0000472	 3.921568E-04	-9.803922E-03	
 -.000047	 1.176471E-03	 9.803922E-03	
 -.0000468	 1.176471E-03	-9.803922E-03	
 -.0000466	 1.960784E-03	 9.803922E-03	
 -.0000464	 1.176471E-03	 9.803922E-03	
 -.0000462	-3.921568E-04	 9.803922E-03	
 -.000046	 1.176471E-03	-2.941176E-02	
 -.0000458	 1.176471E-03	 9.803922E-03	
 -.0000456	 3.921568E-04	-2.941176E-02	
 -.0000454	 3.921568E-04	-9.803922E-03	
 -.0000452	-3.921568E-04	 9.803922E-03	
 -.000045	 1.176471E-03	 9.803922E-03	
 -.0000448	 2.745098E-03	 9.803922E-03	
 -.0000446	 1.176471E-03	-9.803922E-03	
 -.0000444	 3.921568E-04	-9.803922E-03	
 -.0000442	 3.921568E-04	-9.803922E-03	
 -.000044	 1.176471E-03	 9.803922E-03	
 -.0000438	 3.921568E-04	-9.803922E-03	
 -.0000436	-3.921568E-04	-9.803922E-03	
 -.0000434	 3.921568E-04	-9.803922E-03	
 -.0000432	 1.176471E-03	 9.803922E-03	
 -.000043	 1.960784E-03	-9.803922E-03	
 -.0000428	 3.921568E-04	-9.803922E-03	
 -.0000426	 1.176471E-03	-9.803922E-03	
 -.0000424	 1.176471E-03	 9.803922E-03	
 -.0000422	 1.176471E-03	 9.803922E-03	
 -.000042	 1.176471E-03	 9.803922E-03	
 -.0000418	 1.176471E-03	 2.941176E-02	
 -.0000416	 1.176471E-03	 9.803922E-03	
 -.0000414	 1.960784E-03	-9.803922E-03	
 -.0000412	 3.921568E-04	-9.803922E-03	
 -.000041	 3.921568E-04	 9.803922E-03	
 -.0000408	 1.960784E-03	-2.941176E-02	
 -.0000406	 1.960784E-03	-9.803922E-03	
 -.0000404	 1.176471E-03	-9.803922E-03	
 -.0000402	 1.176471E-03	 9.803922E-03	
 -.00004	 1.960784E-03	-9.803922E-03	
 -.0000398	 1.176471E-03	-2.941176E-02	
 -.0000396	 1.960784E-03	 9.803922E-03	
 -.0000394	 3.921568E-04	-2.941176E-02	
 -.0000392	 1.176471E-03	-2.941176E-02	
 -.000039	 1.176471E-03	-9.803922E-03	
 -.0000388	 3.921568E-04	-9.803922E-03	
 -.0000386	 1.176471E-03	-9.803922E-03	
 -.0000384	 1.176471E-03	 9.803922E-03	
 -.0000382	 1.176471E-03	-9.803922E-03	
 -.000038	 1.960784E-03	 9.803922E-03	
 -.0000378	-3.921568E-04	-9.803922E-03	
 -.0000376	 1.960784E-03	-9.803922E-03	
 -.0000374	 3.921568E-04	 2.941176E-02	
 -.0000372	 1.960784E-03	-9.803922E-03	
 -.000037	 1.176471E-03	 9.803922E-03	
 -.0000368	 1.176471E-03	 9.803922E-03	
 -.0000366	 3.921568E-04	-2.941176E-02	
 -.0000364	 3.921568E-04	 9.803922E-03	
 -.0000362	 1.960784E-03	-9.803922E-03	
 -.000036	 2.745098E-03	 9.803922E-03	
 -.0000358	 1.176471E-03	-9.803922E-03	
 -.0000356	 1.960784E-03	-9.803922E-03	
 -.0000354	 1.960784E-03	 9.803922E-03	
 -.0000352	 1.960784E-03	-9.803922E-03	
 -.000035	 3.921568E-04	 9.803922E-03	
 -.0000348	 1.176471E-03	-2.941176E-02	
 -.0000346	 1.176471E-03	-2.941176E-02	
 -.0000344	-3.921568E-04	-9.803922E-03	
 -.0000342	-3.921568E-04	-9.803922E-03	
 -.000034	 1.176471E-03	-9.803922E-03	
 -.0000338	 1.176471E-03	 9.803922E-03	
 -.0000336	 3.921568E-04	-9.803922E-03	
 -.0000334	 1.960784E-03	 9.803922E-03	
 -.0000332	 2.745098E-03	 9.803922E-03	
 -.000033	 1.176471E-03	 2.941176E-02	
 -.0000328	 1.960784E-03	 9.803922E-03	
 -.0000326	 1.960784E-03	 9.803922E-03	
 -.0000324	 3.921568E-04	-9.803922E-03	
 -.0000322	 1.176471E-03	-9.803922E-03	
 -.000032	 1.176471E-03	 2.941176E-02	
 -.0000318	 3.921568E-04	 9.803922E-03	
 -.0000316	 1.176471E-03	-9.803922E-03	
 -.0000314	 3.921568E-04	-9.803922E-03	
 -.0000312	 1.176471E-03	 9.803922E-03	
 -.000031	 1.176471E-03	-9.803922E-03	
 -.0000308	 3.921568E-04	-9.803922E-03	
 -.0000306	 1.176471E-03	 9.803922E-03	
 -.0000304	 1.176471E-03	 9.803922E-03	
 -.0000302	 1.176471E-03	 9.803922E-03	
 -.00003	 1.176471E-03	-9.803922E-03	
 -.0000298	 1.960784E-03	-9.803922E-03	
 -.0000296	 3.921568E-04	 9.803922E-03	
 -.0000294	 3.921568E-04	 9.803922E-03	
 -.0000292	 3.921568E-04	-9.803922E-03	
 -.000029	 3.921568E-04	-9.803922E-03	
 -.0000288	 3.921568E-04	 9.803922E-03	
 -.0000286	 1.176471E-03	 9.803922E-03	
 -.0000284	 3.921568E-04	-9.803922E-03	
 -.0000282	 1.960784E-03	 2.941176E-02	
 -.000028	 1.960784E-03	-9.803922E-03	
 -.0000278	 1.176471E-03	-9.803922E-03	
 -.0000276	 1.176471E-03	 9.803922E-03	
 -.0000274	 1.176471E-03	 9.803922E-03	
 -.0000272	 1.176471E-03	 9.803922E-03	
 -.000027	 1.960784E-03	 9.803922E-03	
 -.0000268	 1.960784E-03	 9.803922E-03	
 -.0000266	 3.921568E-04	 9.803922E-03	
 -.0000264	 1.176471E-03	 9.803922E-03	
 -.0000262	 3.921568E-04	-9.803922E-03	
 -.000026	 1.176471E-03	 9.803922E-03	
 -.0000258	 1.176471E-03	-9.803922E-03	
 -.0000256	 3.921568E-04	-9.803922E-03	
 -.0000254	 1.960784E-03	 9.803922E-03	
 -.0000252	 1.176471E-03	 9.803922E-03	
 -.000025	 1.960784E-03	 9.803922E-03	
 -.0000248	 3.921568E-04	 9.803922E-03	
 -.0000246	 1.176471E-03	 9.803922E-03	
 -.0000244	-3.921568E-04	-9.803922E-03	
 -.0000242	 1.176471E-03	 9.803922E-03	
 -.000024	 1.176471E-03	 9.803922E-03	
 -.0000238	 1.176471E-03	-9.803922E-03	
 -.0000236	 3.921568E-04	 9.803922E-03	
 -.0000234	 1.960784E-03	 4.901961E-02	
 -.0000232	 1.960784E-03	-9.803922E-03	
 -.000023	 3.921568E-04	 9.803922E-03	
 -.0000228	 3.921568E-04	-9.803922E-03	
 -.0000226	 1.960784E-03	-9.803922E-03	
 -.0000224	 1.176471E-03	 9.803922E-03	
 -.0000222	 1.960784E-03	 9.803922E-03	
 -.000022	 1.176471E-03	 2.941176E-02	
 -.0000218	 1.176471E-03	 9.803922E-03	
 -.0000216	 3.921568E-04	-2.941176E-02	
 -.0000214	-3.921568E-04	-9.803922E-03	
 -.0000212	 1.176471E-03	 9.803922E-03	
 -.000021	 1.176471E-03	-9.803922E-03	
 -.0000208	 1.176471E-03	 9.803922E-03	
 -.0000206	 3.921568E-04	 9.803922E-03	
 -.0000204	 3.921568E-04	 9.803922E-03	
 -.0000202	 1.176471E-03	-2.941176E-02	
 -.00002	 1.176471E-03	 9.803922E-03	
 -.0000198	 1.960784E-03	-9.803922E-03	
 -.0000196	-3.921568E-04	-9.803922E-03	
 -.0000194	 1.960784E-03	-9.803922E-03	
 -.0000192	 1.960784E-03	-9.803922E-03	
 -.000019	 1.960784E-03	 9.803922E-03	
 -.0000188	 2.745098E-03	 9.803922E-03	
 -.0000186	 1.176471E-03	 9.803922E-03	
 -.0000184	 1.960784E-03	 9.803922E-03	
 -.0000182	 1.960784E-03	 9.803922E-03	
 -.000018	 3.921568E-04	-9.803922E-03	
 -.0000178	 1.960784E-03	 9.803922E-03	
 -.0000176	 1.960784E-03	 9.803922E-03	
 -.0000174	 1.960784E-03	 9.803922E-03	
 -.0000172	 1.960784E-03	 2.941176E-02	
 -.000017	 1.176471E-03	 9.803922E-03	
 -.0000168	 3.921568E-04	 9.803922E-03	
 -.0000166	 1.960784E-03	 9.803922E-03	
 -.0000164	 1.960784E-03	-9.803922E-03	
 -.0000162	 3.921568E-04	 9.803922E-03	
 -.000016	-3.921568E-04	-9.803922E-03	
 -.0000158	 3.921568E-04	-9.803922E-03	
 -.0000156	 1.176471E-03	 2.941176E-02	
 -.0000154	 1.960784E-03	 9.803922E-03	
 -.0000152	 3.921568E-04	 2.941176E-02	
 -.000015	 1.960784E-03	-9.803922E-03	
 -.0000148	 3.921568E-04	-9.803922E-03	
 -.0000146	 3.921568E-04	 9.803922E-03	
 -.0000144	 3.921568E-04	-9.803922E-03	
 -.0000142	 1.960784E-03	 9.803922E-03	
 -.000014	 1.960784E-03	-9.803922E-03	
 -.0000138	 1.176471E-03	 9.803922E-03	
 -.0000136	 1.960784E-03	-2.941176E-02	
 -.0000134	 1.176471E-03	 9.803922E-03	
 -.0000132	 1.960784E-03	 9.803922E-03	
 -.000013	 1.176471E-03	-9.803922E-03	
 -.0000128	 1.176471E-03	 9.803922E-03	
 -.0000126	 1.176471E-03	-9.803922E-03	
 -.0000124	 1.960784E-03	 9.803922E-03	
 -.0000122	 1.960784E-03	 2.941176E-02	
 -.000012	 1.176471E-03	 2.941176E-02	
 -.0000118	 1.176471E-03	 9.803922E-03	
 -.0000116	 1.176471E-03	 9.803922E-03	
 -.0000114	 1.176471E-03	-9.803922E-03	
 -.0000112	 1.176471E-03	-9.803922E-03	
 -.000011	 1.176471E-03	-9.803922E-03	
 -.0000108	 1.176471E-03	 2.941176E-02	
 -.0000106	 3.921568E-04	 9.803922E-03	
 -.0000104	 2.745098E-03	 9.803922E-03	
 -.0000102	 2.745098E-03	 9.803922E-03	
 -.00001	 2.745098E-03	-9.803922E-03	
 -.0000098	 1.176471E-03	 9.803922E-03	
 -.0000096	 1.176471E-03	-9.803922E-03	
 -.0000094	 1.176471E-03	 9.803922E-03	
 -.0000092	 1.960784E-03	-9.803922E-03	
 -.000009	 1.176471E-03	-9.803922E-03	
 -.0000088	 1.960784E-03	 9.803922E-03	
 -.0000086	 1.960784E-03	-2.941176E-02	
 -.0000084	 2.745098E-03	 2.941176E-02	
 -.0000082	 1.176471E-03	-9.803922E-03	
 -.000008	 1.176471E-03	-9.803922E-03	
 -.0000078	 1.176471E-03	-9.803922E-03	
 -.0000076	 1.960784E-03	 9.803922E-03	
 -.0000074	 1.960784E-03	 9.803922E-03	
 -.0000072	 3.921568E-04	-9.803922E-03	
 -.000007	 2.745098E-03	 9.803922E-03	
 -.0000068	 1.176471E-03	-9.803922E-03	
 -.0000066	 1.176471E-03	-2.941176E-02	
 -.0000064	 1.960784E-03	-9.803922E-03	
 -.0000062	 1.176471E-03	-9.803922E-03	
 -.000006	 1.176471E-03	 9.803922E-03	
 -.0000058	 1.176471E-03	-9.803922E-03	
 -.0000056	 1.176471E-03	 9.803922E-03	
 -.0000054	 1.176471E-03	 9.803922E-03	
 -.0000052	 1.960784E-03	 9.803922E-03	
 -.000005	 1.176471E-03	 9.803922E-03	
 -.0000048	 3.921568E-04	-9.803922E-03	
 -.0000046	 3.921568E-04	-9.803922E-03	
 -.0000044	 3.921568E-04	-9.803922E-03	
 -.0000042	 1.176471E-03	-2.941176E-02	
 -.000004	 1.176471E-03	-9.803922E-03	
 -.0000038	 3.921568E-04	 9.803922E-03	
 -.0000036	 1.960784E-03	 2.941176E-02	
 -.0000034	 2.745098E-03	-9.803922E-03	
 -.0000032	 1.176471E-03	 9.803922E-03	
 -.000003	 3.921568E-04	-2.941176E-02	
 -.0000028	 1.176471E-03	-9.803922E-03	
 -.0000026	 3.921568E-04	 2.941176E-02	
 -.0000024	 1.960784E-03	 9.803922E-03	
 -.0000022	 2.745098E-03	 4.901961E-02	
 -.000002	 1.176471E-03	 2.941176E-02	
 -.0000018	 1.176471E-03	-9.803922E-03	
 -.0000016	 1.960784E-03	 9.803922E-03	
 -.0000014	 3.921568E-04	 9.803922E-03	
 -.0000012	 1.176471E-03	-9.803922E-03	
 -.000001	 1.176471E-03	 9.803922E-03	
 -.0000008	 3.921568E-04	-9.803922E-03	
 -.0000006	 3.921568E-04	 9.803922E-03	
 -.0000004	 1.176471E-03	 9.803922E-03	
 -.0000002	 1.960784E-03	-9.803922E-03	
  0	 1.960784E-03	-2.941176E-02	
  .0000002	-8.235293E-03	 .0882353	
  .0000004	 1.960784E-03	-4.901961E-02	
  .0000006	 1.176471E-03	-9.803922E-03	
  .0000008	 1.176471E-03	-9.803922E-03	
  .000001	 1.960784E-03	 2.941176E-02	
  .0000012	 2.745098E-03	 2.941176E-02	
  .0000014	 1.960784E-03	-9.803922E-03	
  .0000016	 1.176471E-03	-9.803922E-03	
  .0000018	 1.176471E-03	 9.803922E-03	
  .000002	 1.960784E-03	-9.803922E-03	
  .0000022	 2.745098E-03	 9.803922E-03	
  .0000024	 2.745098E-03	 2.941176E-02	
  .0000026	 1.176471E-03	 9.803922E-03	
  .0000028	 1.960784E-03	-9.803922E-03	
  .000003	 1.176471E-03	-9.803922E-03	
  .0000032	 2.745098E-03	-9.803922E-03	
  .0000034	 1.960784E-03	-9.803922E-03	
  .0000036	 1.960784E-03	-9.803922E-03	
  .0000038	 3.921568E-04	-9.803922E-03	
  .000004	 3.921568E-04	 9.803922E-03	
  .0000042	 1.176471E-03	 9.803922E-03	
  .0000044	 1.960784E-03	-9.803922E-03	
  .0000046	 1.176471E-03	 2.941176E-02	
  .0000048	 1.960784E-03	-9.803922E-03	
  .000005	 1.960784E-03	-9.803922E-03	
  .0000052	 1.176471E-03	-2.941176E-02	
  .0000054	 3.921568E-04	-9.803922E-03	
  .0000056	 1.176471E-03	-2.941176E-02	
  .0000058	 1.176471E-03	 9.803922E-03	
  .000006	 1.960784E-03	 9.803922E-03	
  .0000062	 1.176471E-03	-9.803922E-03	
  .0000064	 1.960784E-03	-9.803922E-03	
  .0000066	 1.176471E-03	 2.941176E-02	
  .0000068	 1.176471E-03	-2.941176E-02	
  .000007	 1.176471E-03	-2.941176E-02	
  .0000072	 1.176471E-03	-9.803922E-03	
  .0000074	 3.921568E-04	-9.803922E-03	
  .0000076	 1.176471E-03	 2.941176E-02	
  .0000078	 3.921568E-04	 9.803922E-03	
  .000008	 1.176471E-03	 9.803922E-03	
  .0000082	 1.960784E-03	 9.803922E-03	
  .0000084	 2.745098E-03	-9.803922E-03	
  .0000086	 3.921568E-04	-9.803922E-03	
  .0000088	 3.921568E-04	-9.803922E-03	
  .000009	 1.960784E-03	 9.803922E-03	
  .0000092	 1.960784E-03	-9.803922E-03	
  .0000094	 1.176471E-03	 9.803922E-03	
  .0000096	 1.960784E-03	 9.803922E-03	
  .0000098	 3.921568E-04	-9.803922E-03	
  .00001	 1.960784E-03	 2.941176E-02	
  .0000102	 1.176471E-03	 9.803922E-03	
  .0000104	 3.921568E-04	-9.803922E-03	
  .0000106	 1.176471E-03	 9.803922E-03	
  .0000108	 1.960784E-03	 9.803922E-03	
  .000011	 2.745098E-03	-9.803922E-03	
  .0000112	 2.745098E-03	-9.803922E-03	
  .0000114	 2.745098E-03	 2.941176E-02	
  .0000116	 1.176471E-03	-9.803922E-03	
  .0000118	 1.960784E-03	 9.803922E-03	
  .000012	 1.960784E-03	-9.803922E-03	
  .0000122	 1.960784E-03	 9.803922E-03	
  .0000124	 3.921568E-04	 9.803922E-03	
  .0000126	 1.176471E-03	-9.803922E-03	
  .0000128	 1.960784E-03	 9.803922E-03	
  .000013	 1.176471E-03	-9.803922E-03	
  .0000132	 1.176471E-03	 9.803922E-03	
  .0000134	 1.176471E-03	-9.803922E-03	
  .0000136	 1.176471E-03	-9.803922E-03	
  .0000138	 1.176471E-03	-9.803922E-03	
  .000014	 1.176471E-03	-2.941176E-02	
  .0000142	 1.176471E-03	-9.803922E-03	
  .0000144	 3.921568E-04	-9.803922E-03	
  .0000146	 1.960784E-03	 9.803922E-03	
  .0000148	 3.921568E-04	 9.803922E-03	
  .000015	 3.921568E-04	-4.901961E-02	
  .0000152	 3.921568E-04	 9.803922E-03	
  .0000154	-3.921568E-04	-9.803922E-03	
  .0000156	 1.176471E-03	-9.803922E-03	
  .0000158	 1.176471E-03	-2.941176E-02	
  .000016	 1.176471E-03	 9.803922E-03	
  .0000162	 1.960784E-03	 9.803922E-03	
  .0000164	 1.176471E-03	 9.803922E-03	
  .0000166	 1.176471E-03	 9.803922E-03	
  .0000168	 3.921568E-04	 9.803922E-03	
  .000017	 1.176471E-03	-9.803922E-03	
  .0000172	 3.921568E-04	 9.803922E-03	
  .0000174	 1.960784E-03	 9.803922E-03	
  .0000176	 3.921568E-04	 2.941176E-02	
  .0000178	 1.176471E-03	 9.803922E-03	
  .000018	 1.960784E-03	-9.803922E-03	
  .0000182	 3.921568E-04	 9.803922E-03	
  .0000184	 1.176471E-03	 9.803922E-03	
  .0000186	 1.176471E-03	-2.941176E-02	
  .0000188	 1.960784E-03	-9.803922E-03	
  .000019	 3.921568E-04	-9.803922E-03	
  .0000192	 3.921568E-04	 9.803922E-03	
  .0000194	 1.960784E-03	-9.803922E-03	
  .0000196	 1.176471E-03	-9.803922E-03	
  .0000198	 3.921568E-04	-9.803922E-03	
  .00002	 1.960784E-03	-9.803922E-03	
  .0000202	 1.176471E-03	-9.803922E-03	
  .0000204	 1.176471E-03	-9.803922E-03	
  .0000206	 1.176471E-03	 9.803922E-03	
  .0000208	 1.176471E-03	 9.803922E-03	
  .000021	 1.176471E-03	 9.803922E-03	
  .0000212	 1.960784E-03	 9.803922E-03	
  .0000214	 1.960784E-03	-2.941176E-02	
  .0000216	 1.176471E-03	-9.803922E-03	
  .0000218	 1.960784E-03	 9.803922E-03	
  .000022	 1.176471E-03	 9.803922E-03	
  .0000222	 2.745098E-03	-9.803922E-03	
  .0000224	 1.960784E-03	 2.941176E-02	
  .0000226	 2.745098E-03	 9.803922E-03	
  .0000228	 1.960784E-03	-9.803922E-03	
  .000023	 1.960784E-03	-2.941176E-02	
  .0000232	 1.176471E-03	 9.803922E-03	
  .0000234	 1.960784E-03	-9.803922E-03	
  .0000236	 1.176471E-03	-2.941176E-02	
  .0000238	 3.921568E-04	-9.803922E-03	
  .000024	 1.176471E-03	 9.803922E-03	
  .0000242	 1.960784E-03	-9.803922E-03	
  .0000244	 1.176471E-03	-9.803922E-03	
  .0000246	 1.176471E-03	-9.803922E-03	
  .0000248	 1.176471E-03	-2.941176E-02	
  .000025	-3.921568E-04	-2.941176E-02	
  .0000252	 1.960784E-03	-9.803922E-03	
  .0000254	 1.960784E-03	-9.803922E-03	
  .0000256	 3.921568E-04	 9.803922E-03	
  .0000258	 3.921568E-04	 9.803922E-03	
  .000026	 1.176471E-03	-9.803922E-03	
  .0000262	 1.176471E-03	-9.803922E-03	
  .0000264	 1.960784E-03	 9.803922E-03	
  .0000266	 1.960784E-03	-9.803922E-03	
  .0000268	 1.960784E-03	-9.803922E-03	
  .000027	 1.176471E-03	-9.803922E-03	
  .0000272	 1.176471E-03	 9.803922E-03	
  .0000274	 1.960784E-03	 2.941176E-02	
  .0000276	 3.921568E-04	 9.803922E-03	
  .0000278	 1.176471E-03	 9.803922E-03	
  .000028	 3.921568E-04	-9.803922E-03	
  .0000282	 1.176471E-03	-2.941176E-02	
  .0000284	 1.960784E-03	 9.803922E-03	
  .0000286	 3.921568E-04	-9.803922E-03	
  .0000288	 3.921568E-04	 9.803922E-03	
  .000029	 3.921568E-04	-9.803922E-03	
  .0000292	 1.960784E-03	-9.803922E-03	
  .0000294	 1.960784E-03	 9.803922E-03	
  .0000296	 1.960784E-03	-9.803922E-03	
  .0000298	 1.176471E-03	-9.803922E-03	
  .00003	 1.176471E-03	-9.803922E-03	
  .0000302	 1.176471E-03	-9.803922E-03	
  .0000304	 3.921568E-04	 9.803922E-03	
  .0000306	 1.176471E-03	 9.803922E-03	
  .0000308	 2.745098E-03	 9.803922E-03	
  .000031	 1.960784E-03	-2.941176E-02	
  .0000312	 2.745098E-03	 2.941176E-02	
  .0000314	-3.921568E-04	-9.803922E-03	
  .0000316	 1.176471E-03	-9.803922E-03	
  .0000318	 1.176471E-03	-9.803922E-03	
  .000032	 1.960784E-03	-9.803922E-03	
  .0000322	 3.921568E-04	-9.803922E-03	
  .0000324	 3.921568E-04	-9.803922E-03	
  .0000326	 1.960784E-03	 2.941176E-02	
  .0000328	 1.960784E-03	-9.803922E-03	
  .000033	 2.745098E-03	 9.803922E-03	
  .0000332	 3.921568E-04	-9.803922E-03	
  .0000334	 1.960784E-03	-9.803922E-03	
  .0000336	 1.960784E-03	-9.803922E-03	
  .0000338	 1.960784E-03	-9.803922E-03	
  .000034	 1.960784E-03	 9.803922E-03	
  .0000342	 1.176471E-03	 2.941176E-02	
  .0000344	 1.960784E-03	 9.803922E-03	
  .0000346	 1.960784E-03	 9.803922E-03	
  .0000348	 1.176471E-03	-9.803922E-03	
  .000035	 3.921568E-04	-9.803922E-03	
  .0000352	 3.921568E-04	-9.803922E-03	
  .0000354	 1.176471E-03	-9.803922E-03	
  .0000356	 1.176471E-03	 9.803922E-03	
  .0000358	 1.176471E-03	-9.803922E-03	
  .000036	 1.960784E-03	 2.941176E-02	
  .0000362	 2.745098E-03	 9.803922E-03	
  .0000364	 1.176471E-03	-9.803922E-03	
  .0000366	 3.921568E-04	-9.803922E-03	
  .0000368	 1.960784E-03	 9.803922E-03	
  .000037	 1.176471E-03	 9.803922E-03	
  .0000372	 1.960784E-03	-9.803922E-03	
  .0000374	 1.960784E-03	 2.941176E-02	
  .0000376	 1.960784E-03	 9.803922E-03	
  .0000378	 3.921568E-04	-9.803922E-03	
  .000038	 3.921568E-04	 9.803922E-03	
  .0000382	 1.960784E-03	 9.803922E-03	
  .0000384	 3.921568E-04	-9.803922E-03	
  .0000386	 1.960784E-03	-2.941176E-02	
  .0000388	 3.921568E-04	 9.803922E-03	
  .000039	 1.176471E-03	 9.803922E-03	
  .0000392	 3.921568E-04	-9.803922E-03	
  .0000394	 1.176471E-03	 9.803922E-03	
  .0000396	 1.960784E-03	-9.803922E-03	
  .0000398	 1.176471E-03	 9.803922E-03	
  .00004	 3.921568E-04	-9.803922E-03	
  .0000402	 1.960784E-03	-9.803922E-03	
  .0000404	 1.176471E-03	 9.803922E-03	
  .0000406	 1.960784E-03	-9.803922E-03	
  .0000408	 1.960784E-03	-9.803922E-03	
  .000041	 1.176471E-03	-9.803922E-03	
  .0000412	 1.960784E-03	-9.803922E-03	
  .0000414	 3.921568E-04	-9.803922E-03	
  .0000416	 1.176471E-03	 9.803922E-03	
  .0000418	 1.960784E-03	 9.803922E-03	
  .000042	 1.176471E-03	 2.941176E-02	
  .0000422	 3.921568E-04	 9.803922E-03	
  .0000424	 1.176471E-03	 9.803922E-03	
  .0000426	 3.921568E-04	-9.803922E-03	
  .0000428	 1.176471E-03	 9.803922E-03	
  .000043	 3.921568E-04	 2.941176E-02	
  .0000432	 3.921568E-04	-9.803922E-03	
  .0000434	 1.176471E-03	-9.803922E-03	
  .0000436	 1.176471E-03	-9.803922E-03	
  .0000438	 1.960784E-03	-9.803922E-03	
  .000044	 3.529412E-03	 9.803922E-03	
  .0000442	 3.921568E-04	 9.803922E-03	
  .0000444	 3.921568E-04	 9.803922E-03	
  .0000446	 1.960784E-03	-9.803922E-03	
  .0000448	 3.921568E-04	-9.803922E-03	
  .000045	 1.176471E-03	 9.803922E-03	
  .0000452	 1.176471E-03	-9.803922E-03	
  .0000454	 3.921568E-04	 2.941176E-02	
  .0000456	 1.176471E-03	 9.803922E-03	
  .0000458	 1.960784E-03	 2.941176E-02	
  .000046	 1.176471E-03	-9.803922E-03	
  .0000462	 3.921568E-04	 2.941176E-02	
  .0000464	 1.960784E-03	 9.803922E-03	
  .0000466	 1.176471E-03	 9.803922E-03	
  .0000468	 1.176471E-03	-9.803922E-03	
  .000047	 1.960784E-03	 2.941176E-02	
  .0000472	 3.921568E-04	 2.941176E-02	
  .0000474	 3.921568E-04	 9.803922E-03	
  .0000476	 1.176471E-03	-9.803922E-03	
  .0000478	 1.176471E-03	-9.803922E-03	
  .000048	-3.921568E-04	-9.803922E-03	
  .0000482	 1.176471E-03	-9.803922E-03	
  .0000484	 1.176471E-03	 9.803922E-03	
  .0000486	 1.176471E-03	 2.941176E-02	
  .0000488	 1.176471E-03	 9.803922E-03	
  .000049	 1.176471E-03	-9.803922E-03	
  .0000492	 1.960784E-03	 2.941176E-02	
  .0000494	 1.960784E-03	 9.803922E-03	
  .0000496	-3.921568E-04	 9.803922E-03	
  .0000498	 3.921568E-04	 9.803922E-03	
  .00005	 3.921568E-04	-9.803922E-03	
  .0000502	 1.176471E-03	-9.803922E-03	
  .0000504	 1.176471E-03	 9.803922E-03	
  .0000506	 1.176471E-03	 9.803922E-03	
  .0000508	 1.176471E-03	-9.803922E-03	
  .000051	 3.529412E-03	 4.901961E-02	
  .0000512	 1.176471E-03	 9.803922E-03	
  .0000514	 1.176471E-03	-9.803922E-03	
  .0000516	 3.921568E-04	 9.803922E-03	
  .0000518	 1.176471E-03	-9.803922E-03	
  .000052	 1.960784E-03	-9.803922E-03	
  .0000522	 1.960784E-03	 9.803922E-03	
  .0000524	 1.960784E-03	 9.803922E-03	
  .0000526	 1.176471E-03	-9.803922E-03	
  .0000528	 1.960784E-03	 9.803922E-03	
  .000053	 1.176471E-03	-4.901961E-02	
  .0000532	 1.960784E-03	-2.941176E-02	
  .0000534	 1.960784E-03	-9.803922E-03	
  .0000536	-1.176471E-03	-9.803922E-03	
  .0000538	 1.960784E-03	 9.803922E-03	
  .000054	 3.921568E-04	-9.803922E-03	
  .0000542	 1.960784E-03	 9.803922E-03	
  .0000544	 1.960784E-03	 9.803922E-03	
  .0000546	 1.176471E-03	 9.803922E-03	
  .0000548	 3.921568E-04	-2.941176E-02	
  .000055	 3.921568E-04	-9.803922E-03	
  .0000552	 1.176471E-03	 9.803922E-03	
  .0000554	 3.921568E-04	-9.803922E-03	
  .0000556	 3.921568E-04	 9.803922E-03	
  .0000558	 1.176471E-03	 2.941176E-02	
  .000056	 1.960784E-03	-9.803922E-03	
  .0000562	 3.921568E-04	-9.803922E-03	
  .0000564	 1.176471E-03	-9.803922E-03	
  .0000566	 1.960784E-03	-9.803922E-03	
  .0000568	 1.960784E-03	 9.803922E-03	
  .000057	 2.745098E-03	 9.803922E-03	
  .0000572	 2.745098E-03	 4.901961E-02	
  .0000574	 3.921568E-04	 2.941176E-02	
  .0000576	 2.745098E-03	-9.803922E-03	
  .0000578	 3.921568E-04	-9.803922E-03	
  .000058	 3.921568E-04	 9.803922E-03	
  .0000582	 1.176471E-03	-9.803922E-03	
  .0000584	 1.176471E-03	-9.803922E-03	
  .0000586	 3.921568E-04	 9.803922E-03	
  .0000588	-3.921568E-04	 9.803922E-03	
  .000059	 3.921568E-04	-9.803922E-03	
  .0000592	 1.176471E-03	 9.803922E-03	
  .0000594	 1.176471E-03	-9.803922E-03	
  .0000596	 3.921568E-04	-2.941176E-02	
  .0000598	 3.921568E-04	 9.803922E-03	
  .00006	 3.921568E-04	 9.803922E-03	
  .0000602	 3.921568E-04	 9.803922E-03	
  .0000604	 2.745098E-03	 2.941176E-02	
  .0000606	 1.176471E-03	 9.803922E-03	
  .0000608	-3.921568E-04	 9.803922E-03	
  .000061	 1.960784E-03	 2.941176E-02	
  .0000612	 3.921568E-04	 9.803922E-03	
  .0000614	 1.176471E-03	-9.803922E-03	
  .0000616	 1.176471E-03	 9.803922E-03	
  .0000618	 1.176471E-03	 9.803922E-03	
  .000062	 1.176471E-03	 9.803922E-03	
  .0000622	 1.176471E-03	-9.803922E-03	
  .0000624	 1.176471E-03	 9.803922E-03	
  .0000626	 1.960784E-03	 9.803922E-03	
  .0000628	 1.176471E-03	 9.803922E-03	
  .000063	 1.176471E-03	 9.803922E-03	
  .0000632	-3.921568E-04	-9.803922E-03	
  .0000634	 1.176471E-03	 9.803922E-03	
  .0000636	 3.921568E-04	-9.803922E-03	
  .0000638	 1.960784E-03	 9.803922E-03	
  .000064	 1.176471E-03	 2.941176E-02	
  .0000642	 1.176471E-03	 9.803922E-03	
  .0000644	 1.176471E-03	-2.941176E-02	
  .0000646	 1.176471E-03	-9.803922E-03	
  .0000648	 1.176471E-03	-9.803922E-03	
  .000065	 1.176471E-03	 9.803922E-03	
  .0000652	 1.176471E-03	 9.803922E-03	
  .0000654	 1.176471E-03	 9.803922E-03	
  .0000656	 1.176471E-03	-9.803922E-03	
  .0000658	 2.745098E-03	-9.803922E-03	
  .000066	 3.921568E-04	 4.901961E-02	
  .0000662	 1.176471E-03	-2.941176E-02	
  .0000664	 1.176471E-03	-2.941176E-02	
  .0000666	 1.176471E-03	 9.803922E-03	
  .0000668	 1.176471E-03	 2.941176E-02	
  .000067	 1.960784E-03	 2.941176E-02	
  .0000672	 1.176471E-03	 2.941176E-02	
  .0000674	 2.745098E-03	-9.803922E-03	
  .0000676	 1.176471E-03	-9.803922E-03	
  .0000678	 3.921568E-04	-2.941176E-02	
  .000068	 1.960784E-03	-9.803922E-03	
  .0000682	 3.921568E-04	 9.803922E-03	
  .0000684	 3.921568E-04	 2.941176E-02	
  .0000686	 1.176471E-03	 9.803922E-03	
  .0000688	 2.745098E-03	 9.803922E-03	
  .000069	 2.745098E-03	-9.803922E-03	
  .0000692	 2.745098E-03	 9.803922E-03	
  .0000694	 3.921568E-04	 9.803922E-03	
  .0000696	 3.921568E-04	 9.803922E-03	
  .0000698	 3.921568E-04	-2.941176E-02	
  .00007	 1.960784E-03	 9.803922E-03	
  .0000702	 1.960784E-03	 9.803922E-03	
  .0000704	 1.176471E-03	 9.803922E-03	
  .0000706	 1.176471E-03	-9.803922E-03	
  .0000708	 2.745098E-03	-9.803922E-03	
  .000071	 3.921568E-04	-9.803922E-03	
  .0000712	 3.921568E-04	 9.803922E-03	
  .0000714	 1.960784E-03	 9.803922E-03	
  .0000716	 1.960784E-03	-9.803922E-03	
  .0000718	 1.960784E-03	 9.803922E-03	
  .000072	 1.176471E-03	-9.803922E-03	
  .0000722	 1.176471E-03	 9.803922E-03	
  .0000724	 1.960784E-03	 9.803922E-03	
  .0000726	 1.176471E-03	 9.803922E-03	
  .0000728	 1.176471E-03	-9.803922E-03	
  .000073	 2.745098E-03	-9.803922E-03	
  .0000732	 2.745098E-03	-9.803922E-03	
  .0000734	 3.921568E-04	-9.803922E-03	
  .0000736	 1.960784E-03	 9.803922E-03	
  .0000738	 1.960784E-03	 2.941176E-02	
  .000074	 2.745098E-03	 9.803922E-03	
  .0000742	 1.176471E-03	 9.803922E-03	
  .0000744	 1.176471E-03	 9.803922E-03	
  .0000746	 1.176471E-03	-9.803922E-03	
  .0000748	 1.176471E-03	 9.803922E-03	
  .000075	 3.921568E-04	-9.803922E-03	
  .0000752	-3.921568E-04	-9.803922E-03	
  .0000754	 1.960784E-03	-9.803922E-03	
  .0000756	 1.176471E-03	 4.901961E-02	
  .0000758	 1.960784E-03	-9.803922E-03	
  .000076	 3.921568E-04	 9.803922E-03	
  .0000762	 1.176471E-03	 9.803922E-03	
  .0000764	 1.960784E-03	-9.803922E-03	
  .0000766	 1.176471E-03	 9.803922E-03	
  .0000768	 1.176471E-03	-9.803922E-03	
  .000077	 1.176471E-03	 2.941176E-02	
  .0000772	 1.176471E-03	 9.803922E-03	
  .0000774	 1.176471E-03	 9.803922E-03	
  .0000776	-3.921568E-04	-9.803922E-03	
  .0000778	 3.921568E-04	 2.941176E-02	
  .000078	 1.960784E-03	-9.803922E-03	
  .0000782	 3.921568E-04	-9.803922E-03	
  .0000784	 3.921568E-04	 9.803922E-03	
  .0000786	-3.921568E-04	 9.803922E-03	
  .0000788	 1.960784E-03	 9.803922E-03	
  .000079	 1.960784E-03	 9.803922E-03	
  .0000792	 1.176471E-03	-9.803922E-03	
  .0000794	-3.921568E-04	-9.803922E-03	
  .0000796	 3.921568E-04	-2.941176E-02	
  .0000798	 1.960784E-03	-9.803922E-03	
  .00008	 3.921568E-04	-9.803922E-03	
  .0000802	 1.960784E-03	 9.803922E-03	
  .0000804	 3.921568E-04	 9.803922E-03	
  .0000806	 3.921568E-04	 9.803922E-03	
  .0000808	 1.176471E-03	-9.803922E-03	
  .000081	 3.921568E-04	-9.803922E-03	
  .0000812	 1.176471E-03	-9.803922E-03	
  .0000814	 3.921568E-04	 9.803922E-03	
  .0000816	 1.960784E-03	 9.803922E-03	
  .0000818	 1.176471E-03	-9.803922E-03	
  .000082	 1.960784E-03	-9.803922E-03	
  .0000822	 1.176471E-03	-9.803922E-03	
  .0000824	 1.960784E-03	-9.803922E-03	
  .0000826	 1.176471E-03	-9.803922E-03	
  .0000828	 1.960784E-03	 9.803922E-03	
  .000083	 3.921568E-04	-9.803922E-03	
  .0000832	 1.176471E-03	-9.803922E-03	
  .0000834	 3.921568E-04	-9.803922E-03	
  .0000836	 2.745098E-03	-9.803922E-03	
  .0000838	-3.921568E-04	 9.803922E-03	
  .000084	 1.176471E-03	-2.941176E-02	
  .0000842	 3.921568E-04	-9.803922E-03	
  .0000844	 3.921568E-04	-2.941176E-02	
  .0000846	 3.921568E-04	-2.941176E-02	
  .0000848	 3.921568E-04	-9.803922E-03	
  .000085	 1.176471E-03	-9.803922E-03	
  .0000852	 1.176471E-03	 9.803922E-03	
  .0000854	 1.176471E-03	-9.803922E-03	
  .0000856	 1.960784E-03	-2.941176E-02	
  .0000858	 1.176471E-03	 2.941176E-02	
  .000086	 1.176471E-03	-9.803922E-03	
  .0000862	 1.176471E-03	-2.941176E-02	
  .0000864	 3.921568E-04	-2.941176E-02	
  .0000866	 3.921568E-04	 9.803922E-03	
  .0000868	 3.921568E-04	 2.941176E-02	
  .000087	 3.921568E-04	 9.803922E-03	
  .0000872	 1.176471E-03	 2.941176E-02	
  .0000874	 1.960784E-03	-9.803922E-03	
  .0000876	 1.960784E-03	-2.941176E-02	
  .0000878	 1.960784E-03	-9.803922E-03	
  .000088	 3.921568E-04	 9.803922E-03	
  .0000882	 3.921568E-04	 9.803922E-03	
  .0000884	 1.176471E-03	-9.803922E-03	
  .0000886	 1.176471E-03	-9.803922E-03	
  .0000888	 1.960784E-03	 9.803922E-03	
  .000089	 3.921568E-04	-9.803922E-03	
  .0000892	 3.921568E-04	 9.803922E-03	
  .0000894	 3.921568E-04	 9.803922E-03	
  .0000896	 1.960784E-03	-9.803922E-03	
  .0000898	 3.921568E-04	-9.803922E-03	
  .00009	 2.745098E-03	 9.803922E-03	
  .0000902	 1.960784E-03	-9.803922E-03	
  .0000904	 1.960784E-03	-2.941176E-02	
  .0000906	 1.176471E-03	 2.941176E-02	
  .0000908	 1.176471E-03	-9.803922E-03	
  .000091	 1.176471E-03	 2.941176E-02	
  .0000912	 1.960784E-03	 9.803922E-03	
  .0000914	 1.176471E-03	 9.803922E-03	
  .0000916	 1.960784E-03	 9.803922E-03	
  .0000918	 3.921568E-04	 9.803922E-03	
  .000092	 1.960784E-03	 9.803922E-03	
  .0000922	 1.176471E-03	 9.803922E-03	
  .0000924	 1.176471E-03	 9.803922E-03	
  .0000926	 3.921568E-04	-9.803922E-03	
  .0000928	 1.960784E-03	-2.941176E-02	
  .000093	 2.745098E-03	-2.941176E-02	
  .0000932	 1.176471E-03	-9.803922E-03	
  .0000934	 3.921568E-04	 9.803922E-03	
  .0000936	 1.176471E-03	 9.803922E-03	
  .0000938	 1.960784E-03	-9.803922E-03	
  .000094	 3.921568E-04	-9.803922E-03	
  .0000942	 1.176471E-03	-2.941176E-02	
  .0000944	 3.921568E-04	-9.803922E-03	
  .0000946	 3.921568E-04	-2.941176E-02	
  .0000948	 3.921568E-04	-2.941176E-02	
  .000095	-3.921568E-04	 9.803922E-03	
  .0000952	-3.921568E-04	-9.803922E-03	
  .0000954	 1.176471E-03	 9.803922E-03	
  .0000956	 1.176471E-03	 9.803922E-03	
  .0000958	 3.921568E-04	-9.803922E-03	
  .000096	 3.921568E-04	-2.941176E-02	
  .0000962	 1.176471E-03	-2.941176E-02	
  .0000964	 1.960784E-03	 9.803922E-03	
  .0000966	 1.960784E-03	-9.803922E-03	
  .0000968	 1.960784E-03	 2.941176E-02	
  .000097	 3.921568E-04	 9.803922E-03	
  .0000972	 3.921568E-04	-2.941176E-02	
  .0000974	 3.921568E-04	-9.803922E-03	
  .0000976	 3.921568E-04	 9.803922E-03	
  .0000978	 1.176471E-03	-2.941176E-02	
  .000098	 1.960784E-03	-2.941176E-02	
  .0000982	 1.176471E-03	 9.803922E-03	
  .0000984	 1.176471E-03	 9.803922E-03	
  .0000986	 1.176471E-03	-9.803922E-03	
  .0000988	 3.921568E-04	-9.803922E-03	
  .000099	 2.745098E-03	-9.803922E-03	
  .0000992	 1.960784E-03	-9.803922E-03	
  .0000994	 2.745098E-03	-2.941176E-02	
  .0000996	 1.960784E-03	-9.803922E-03	
  .0000998	 3.921568E-04	-9.803922E-03	
  .0001	 2.745098E-03	 9.803922E-03	
  .0001002	 1.960784E-03	-9.803922E-03	
  .0001004	 1.176471E-03	 9.803922E-03	
  .0001006	 1.960784E-03	 9.803922E-03	
  .0001008	 1.176471E-03	-2.941176E-02	
  .000101	 1.176471E-03	-9.803922E-03	
  .0001012	 1.960784E-03	 9.803922E-03	
  .0001014	 1.960784E-03	 9.803922E-03	
  .0001016	 1.176471E-03	 2.941176E-02	
  .0001018	 1.960784E-03	 9.803922E-03	
  .000102	 1.176471E-03	-9.803922E-03	
  .0001022	 1.960784E-03	 9.803922E-03	
  .0001024	 1.176471E-03	 9.803922E-03	
  .0001026	 1.176471E-03	-2.941176E-02	
  .0001028	 1.176471E-03	-9.803922E-03	
  .000103	 1.176471E-03	 9.803922E-03	
  .0001032	 3.921568E-04	-9.803922E-03	
  .0001034	 2.745098E-03	-9.803922E-03	
  .0001036	 1.176471E-03	 9.803922E-03	
  .0001038	 1.176471E-03	-2.941176E-02	
  .000104	 1.176471E-03	-2.941176E-02	
  .0001042	 3.921568E-04	-9.803922E-03	
  .0001044	 3.921568E-04	 9.803922E-03	
  .0001046	 1.176471E-03	-9.803922E-03	
  .0001048	 3.921568E-04	 9.803922E-03	
  .000105	 1.176471E-03	 9.803922E-03	
  .0001052	 1.176471E-03	 9.803922E-03	
  .0001054	 2.745098E-03	-9.803922E-03	
  .0001056	 1.176471E-03	 9.803922E-03	
  .0001058	 1.176471E-03	-9.803922E-03	
  .000106	 3.921568E-04	 9.803922E-03	
  .0001062	 1.176471E-03	-9.803922E-03	
  .0001064	 1.176471E-03	 9.803922E-03	
  .0001066	 1.176471E-03	 2.941176E-02	
  .0001068	 1.176471E-03	 2.941176E-02	
  .000107	 1.176471E-03	 9.803922E-03	
  .0001072	 1.176471E-03	 9.803922E-03	
  .0001074	 1.176471E-03	-2.941176E-02	
  .0001076	-3.921568E-04	-9.803922E-03	
  .0001078	 1.176471E-03	-9.803922E-03	
  .000108	 1.176471E-03	-9.803922E-03	
  .0001082	 1.176471E-03	-9.803922E-03	
  .0001084	 1.960784E-03	 9.803922E-03	
  .0001086	 1.176471E-03	-9.803922E-03	
  .0001088	 2.745098E-03	-9.803922E-03	
  .000109	 1.176471E-03	 9.803922E-03	
  .0001092	 3.921568E-04	 9.803922E-03	
  .0001094	 1.176471E-03	-9.803922E-03	
  .0001096	 1.176471E-03	 9.803922E-03	
  .0001098	 1.176471E-03	 9.803922E-03	
  .00011	 1.176471E-03	 9.803922E-03	
  .0001102	 3.921568E-04	-9.803922E-03	
  .0001104	 1.960784E-03	 2.941176E-02	
  .0001106	 1.960784E-03	-9.803922E-03	
  .0001108	 1.960784E-03	-2.941176E-02	
  .000111	 1.176471E-03	-9.803922E-03	
  .0001112	 1.176471E-03	 2.941176E-02	
  .0001114	 1.176471E-03	-9.803922E-03	
  .0001116	 3.921568E-04	-9.803922E-03	
  .0001118	 1.960784E-03	 9.803922E-03	
  .000112	 1.960784E-03	 9.803922E-03	
  .0001122	 3.921568E-04	 9.803922E-03	
  .0001124	 1.176471E-03	-9.803922E-03	
  .0001126	 1.176471E-03	 9.803922E-03	
  .0001128	 1.960784E-03	-9.803922E-03	
  .000113	 1.960784E-03	-9.803922E-03	
  .0001132	 1.176471E-03	 9.803922E-03	
  .0001134	-3.921568E-04	-9.803922E-03	
  .0001136	 1.960784E-03	 9.803922E-03	
  .0001138	 1.960784E-03	-9.803922E-03	
  .000114	 3.921568E-04	-9.803922E-03	
  .0001142	 1.176471E-03	-2.941176E-02	
  .0001144	 3.921568E-04	-9.803922E-03	
  .0001146	 3.921568E-04	-9.803922E-03	
  .0001148	 3.921568E-04	-9.803922E-03	
  .000115	 3.921568E-04	 9.803922E-03	
  .0001152	 1.176471E-03	 9.803922E-03	
  .0001154	 2.745098E-03	 9.803922E-03	
  .0001156	 1.960784E-03	-9.803922E-03	
  .0001158	 1.176471E-03	-9.803922E-03	
  .000116	 3.921568E-04	-9.803922E-03	
  .0001162	 1.176471E-03	 9.803922E-03	
  .0001164	 1.176471E-03	-9.803922E-03	
  .0001166	 3.921568E-04	 2.941176E-02	
  .0001168	 3.921568E-04	 9.803922E-03	
  .000117	 3.921568E-04	 9.803922E-03	
  .0001172	 3.921568E-04	 9.803922E-03	
  .0001174	 1.176471E-03	 9.803922E-03	
  .0001176	 1.176471E-03	-2.941176E-02	
  .0001178	 1.960784E-03	-9.803922E-03	
  .000118	 3.921568E-04	-9.803922E-03	
  .0001182	 1.176471E-03	-9.803922E-03	
  .0001184	 1.176471E-03	-9.803922E-03	
  .0001186	 3.921568E-04	-9.803922E-03	
  .0001188	 1.176471E-03	 9.803922E-03	
  .000119	 3.921568E-04	-2.941176E-02	
  .0001192	 1.960784E-03	-9.803922E-03	
  .0001194	 2.745098E-03	-9.803922E-03	
  .0001196	 3.921568E-04	-9.803922E-03	
  .0001198	 1.960784E-03	 9.803922E-03	
  .00012	 1.176471E-03	 9.803922E-03	
  .0001202	 1.176471E-03	 9.803922E-03	
  .0001204	 1.176471E-03	 9.803922E-03	
  .0001206	 1.176471E-03	-9.803922E-03	
  .0001208	 1.960784E-03	-9.803922E-03	
  .000121	 1.176471E-03	 9.803922E-03	
  .0001212	 2.745098E-03	 9.803922E-03	
  .0001214	 3.921568E-04	 9.803922E-03	
  .0001216	 1.960784E-03	-9.803922E-03	
  .0001218	 3.921568E-04	-9.803922E-03	
  .000122	 1.960784E-03	-9.803922E-03	
  .0001222	 1.960784E-03	-9.803922E-03	
  .0001224	 1.960784E-03	 9.803922E-03	
  .0001226	 1.176471E-03	-9.803922E-03	
  .0001228	 3.921568E-04	 9.803922E-03	
  .000123	 1.176471E-03	 9.803922E-03	
  .0001232	 2.745098E-03	-9.803922E-03	
  .0001234	 1.176471E-03	 2.941176E-02	
  .0001236	 1.176471E-03	-9.803922E-03	
  .0001238	 1.176471E-03	-9.803922E-03	
  .000124	 3.921568E-04	-9.803922E-03	
  .0001242	 1.176471E-03	-9.803922E-03	
  .0001244	 3.921568E-04	 9.803922E-03	
  .0001246	 1.960784E-03	 9.803922E-03	
  .0001248	 1.176471E-03	 9.803922E-03	
  .000125	 1.960784E-03	 9.803922E-03	
  .0001252	 1.960784E-03	-2.941176E-02	
  .0001254	 1.176471E-03	 2.941176E-02	
  .0001256	 1.176471E-03	-9.803922E-03	
  .0001258	 1.960784E-03	 9.803922E-03	
  .000126	 1.176471E-03	-9.803922E-03	
  .0001262	 1.176471E-03	-9.803922E-03	
  .0001264	 1.960784E-03	 2.941176E-02	
  .0001266	-3.921568E-04	 9.803922E-03	
  .0001268	 1.176471E-03	 9.803922E-03	
  .000127	 1.960784E-03	-9.803922E-03	
  .0001272	 1.176471E-03	-9.803922E-03	
  .0001274	 1.176471E-03	-9.803922E-03	
  .0001276	 3.921568E-04	-9.803922E-03	
  .0001278	 1.176471E-03	-9.803922E-03	
  .000128	 1.960784E-03	 9.803922E-03	
  .0001282	 1.960784E-03	 9.803922E-03	
  .0001284	 1.176471E-03	-9.803922E-03	
  .0001286	 1.960784E-03	 9.803922E-03	
  .0001288	 1.960784E-03	 9.803922E-03	
  .000129	 1.176471E-03	 9.803922E-03	
  .0001292	 1.176471E-03	-9.803922E-03	
  .0001294	 1.960784E-03	-9.803922E-03	
  .0001296	 1.960784E-03	-9.803922E-03	
  .0001298	 2.745098E-03	 9.803922E-03	
  .00013	 1.960784E-03	-2.941176E-02	
  .0001302	 1.960784E-03	 2.941176E-02	
  .0001304	 1.960784E-03	-9.803922E-03	
  .0001306	 1.176471E-03	 9.803922E-03	
  .0001308	 1.176471E-03	 9.803922E-03	
  .000131	 1.176471E-03	 9.803922E-03	
  .0001312	 2.745098E-03	 9.803922E-03	
  .0001314	 3.921568E-04	 9.803922E-03	
  .0001316	 2.745098E-03	 9.803922E-03	
  .0001318	 2.745098E-03	 2.941176E-02	
  .000132	 1.960784E-03	 9.803922E-03	
  .0001322	 1.176471E-03	-4.901961E-02	
  .0001324	 1.960784E-03	-9.803922E-03	
  .0001326	 1.960784E-03	-2.941176E-02	
  .0001328	 1.960784E-03	-2.941176E-02	
  .000133	 3.921568E-04	-9.803922E-03	
  .0001332	 1.176471E-03	-9.803922E-03	
  .0001334	 1.960784E-03	-9.803922E-03	
  .0001336	 1.176471E-03	 9.803922E-03	
  .0001338	 3.921568E-04	 9.803922E-03	
  .000134	 1.176471E-03	-2.941176E-02	
  .0001342	 3.921568E-04	-9.803922E-03	
  .0001344	 1.176471E-03	 9.803922E-03	
  .0001346	 1.176471E-03	-9.803922E-03	
  .0001348	 1.176471E-03	 9.803922E-03	
  .000135	 1.176471E-03	 2.941176E-02	
  .0001352	 1.176471E-03	-9.803922E-03	
  .0001354	 1.960784E-03	 2.941176E-02	
  .0001356	-3.921568E-04	-9.803922E-03	
  .0001358	 1.176471E-03	 9.803922E-03	
  .000136	 1.176471E-03	 9.803922E-03	
  .0001362	 1.960784E-03	-9.803922E-03	
  .0001364	 1.960784E-03	 2.941176E-02	
  .0001366	-1.176471E-03	 9.803922E-03	
  .0001368	 1.960784E-03	-9.803922E-03	
  .000137	 3.921568E-04	-9.803922E-03	
  .0001372	 3.921568E-04	 9.803922E-03	
  .0001374	-3.921568E-04	 9.803922E-03	
  .0001376	 1.176471E-03	-9.803922E-03	
  .0001378	 1.176471E-03	 9.803922E-03	
  .000138	 1.176471E-03	 2.941176E-02	
  .0001382	 3.921568E-04	-2.941176E-02	
  .0001384	 1.960784E-03	-2.941176E-02	
  .0001386	 1.960784E-03	 9.803922E-03	
  .0001388	 1.960784E-03	-9.803922E-03	
  .000139	-3.921568E-04	-9.803922E-03	
  .0001392	 3.921568E-04	 9.803922E-03	
  .0001394	 3.921568E-04	 9.803922E-03	
  .0001396	 1.960784E-03	 2.941176E-02	
  .0001398	 1.176471E-03	-9.803922E-03	
  .00014	 2.745098E-03	 9.803922E-03	
  .0001402	 3.921568E-04	-9.803922E-03	
  .0001404	 3.921568E-04	-2.941176E-02	
  .0001406	 1.960784E-03	 9.803922E-03	
  .0001408	 1.176471E-03	 9.803922E-03	
  .000141	 1.960784E-03	 9.803922E-03	
  .0001412	 1.960784E-03	 9.803922E-03	
  .0001414	 3.921568E-04	 9.803922E-03	
  .0001416	-3.921568E-04	-9.803922E-03	
  .0001418	 1.176471E-03	-9.803922E-03	
  .000142	 1.176471E-03	 9.803922E-03	
  .0001422	 1.176471E-03	 9.803922E-03	
  .0001424	 3.921568E-04	-9.803922E-03	
  .0001426	 3.921568E-04	-9.803922E-03	
  .0001428	 3.921568E-04	 2.941176E-02	
  .000143	 1.960784E-03	 9.803922E-03	
  .0001432	 1.176471E-03	 2.941176E-02	
  .0001434	 3.921568E-04	 9.803922E-03	
  .0001436	 3.921568E-04	 9.803922E-03	
  .0001438	-3.921568E-04	-9.803922E-03	
  .000144	 1.176471E-03	-9.803922E-03	
  .0001442	 3.921568E-04	 9.803922E-03	
  .0001444	 1.176471E-03	 2.941176E-02	
  .0001446	 1.176471E-03	 4.901961E-02	
  .0001448	 1.960784E-03	 9.803922E-03	
  .000145	 1.960784E-03	-9.803922E-03	
  .0001452	 3.921568E-04	 4.901961E-02	
  .0001454	-3.921568E-04	 9.803922E-03	
  .0001456	 1.176471E-03	 9.803922E-03	
  .0001458	 1.372549E-02	-.127451	
  .000146	-8.431372E-02	 6.862745E-02	
  .0001462	-4.980392E-02	 .1862745	
  .0001464	-5.686274E-02	 .2058824	
  .0001466	-5.529412E-02	 .2843137	
  .0001468	-5.999999E-02	 .3627451	
  .000147	-5.921568E-02	 .4019608	
  .0001472	-5.607843E-02	 .4803922	
  .0001474	-6.156863E-02	 .5	
  .0001476	-6.078431E-02	 .5980392	
  .0001478	-6.078431E-02	 .6372549	
  .000148	-6.156863E-02	 .6960784	
  .0001482	-6.313725E-02	 .7352941	
  .0001484	-6.156863E-02	 .7549019	
  .0001486	-6.235294E-02	 .8529412	
  .0001488	-6.235294E-02	 .8529412	
  .000149	-6.313725E-02	 .8921568	
  .0001492	-6.392156E-02	 .9117647	
  .0001494	-6.313725E-02	 .9705882	
  .0001496	-6.313725E-02	 .9705882	
  .0001498	-6.392156E-02	 .990196	
  .00015	-6.549019E-02	 1.029412	
  .0001502	-6.470588E-02	 1.029412	
  .0001504	-6.470588E-02	 1.04902	
  .0001506	-6.549019E-02	 1.068627	
  .0001508	-6.549019E-02	 1.127451	
  .000151	-6.549019E-02	 1.127451	
  .0001512	-6.784313E-02	 1.107843	
  .0001514	-6.627451E-02	 1.127451	
  .0001516	-6.627451E-02	 1.166667	
  .0001518	-6.549019E-02	 1.147059	
  .000152	-6.549019E-02	 1.127451	
  .0001522	-6.627451E-02	 1.166667	
  .0001524	-6.627451E-02	 1.166667	
  .0001526	-6.705882E-02	 1.166667	
  .0001528	-6.627451E-02	 1.205882	
  .000153	-6.784313E-02	 1.205882	
  .0001532	-6.627451E-02	 1.205882	
  .0001534	-6.705882E-02	 1.205882	
  .0001536	-6.705882E-02	 1.205882	
  .0001538	-6.627451E-02	 1.186275	
  .000154	-6.705882E-02	 1.205882	
  .0001542	-6.549019E-02	 1.205882	
  .0001544	-6.705882E-02	 1.245098	
  .0001546	-6.705882E-02	 1.22549	
  .0001548	-6.627451E-02	 1.22549	
  .000155	-6.627451E-02	 1.22549	
  .0001552	-6.705882E-02	 1.22549	
  .0001554	-6.627451E-02	 1.205882	
  .0001556	-6.705882E-02	 1.205882	
  .0001558	-6.705882E-02	 1.245098	
  .000156	-6.705882E-02	 1.205882	
  .0001562	-6.784313E-02	 1.22549	
  .0001564	-6.862745E-02	 1.186275	
  .0001566	-6.705882E-02	 1.205882	
  .0001568	-6.784313E-02	 1.186275	
  .000157	-6.784313E-02	 1.186275	
  .0001572	-6.784313E-02	 1.186275	
  .0001574	-6.627451E-02	 1.205882	
  .0001576	-6.627451E-02	 1.186275	
  .0001578	-6.705882E-02	 1.205882	
  .000158	-6.784313E-02	 1.166667	
  .0001582	-6.705882E-02	 1.186275	
  .0001584	-6.862745E-02	 1.166667	
  .0001586	-6.784313E-02	 1.127451	
  .0001588	-6.705882E-02	 1.147059	
  .000159	-6.705882E-02	 1.166667	
  .0001592	-6.862745E-02	 1.166667	
  .0001594	-6.784313E-02	 1.147059	
  .0001596	-6.784313E-02	 1.147059	
  .0001598	-6.862745E-02	 1.127451	
  .00016	-6.705882E-02	 1.088235	
  .0001602	-6.862745E-02	 1.088235	
  .0001604	-6.941176E-02	 1.088235	
  .0001606	-6.784313E-02	 1.088235	
  .0001608	-6.862745E-02	 1.088235	
  .000161	-6.941176E-02	 1.107843	
  .0001612	-7.098038E-02	 1.068627	
  .0001614	-7.019608E-02	 1.088235	
  .0001616	-6.941176E-02	 1.029412	
  .0001618	-6.941176E-02	 1.04902	
  .000162	-6.941176E-02	 1.009804	
  .0001622	-7.019608E-02	 1.009804	
  .0001624	-6.941176E-02	 .990196	
  .0001626	-7.019608E-02	 .990196	
  .0001628	-7.019608E-02	 1.009804	
  .000163	-7.098038E-02	 .990196	
  .0001632	-.0717647	 .9509804	
  .0001634	-7.098038E-02	 .9509804	
  .0001636	-7.098038E-02	 .9313725	
  .0001638	-6.941176E-02	 .9313725	
  .000164	-6.941176E-02	 .9313725	
  .0001642	-7.019608E-02	 .9509804	
  .0001644	-7.019608E-02	 .9117647	
  .0001646	-7.098038E-02	 .9117647	
  .0001648	-.0717647	 .8921568	
  .000165	-7.019608E-02	 .9117647	
  .0001652	-6.941176E-02	 .8529412	
  .0001654	-7.098038E-02	 .8529412	
  .0001656	-7.019608E-02	 .8529412	
  .0001658	-6.941176E-02	 .8333333	
  .000166	-6.941176E-02	 .8333333	
  .0001662	-6.941176E-02	 .7941176	
  .0001664	-6.862745E-02	 .7941176	
  .0001666	-6.941176E-02	 .7549019	
  .0001668	-6.784313E-02	 .7352941	
  .000167	-6.941176E-02	 .7549019	
  .0001672	-6.941176E-02	 .7352941	
  .0001674	-6.862745E-02	 .7352941	
  .0001676	-6.862745E-02	 .6960784	
  .0001678	-6.862745E-02	 .6960784	
  .000168	-6.784313E-02	 .7156863	
  .0001682	-6.784313E-02	 .6568627	
  .0001684	-6.705882E-02	 .6764706	
  .0001686	-6.705882E-02	 .6372549	
  .0001688	-6.705882E-02	 .6176471	
  .000169	-6.627451E-02	 .6176471	
  .0001692	-6.705882E-02	 .5980392	
  .0001694	-6.705882E-02	 .5784314	
  .0001696	-6.705882E-02	 .5784314	
  .0001698	-6.470588E-02	 .5784314	
  .00017	-6.705882E-02	 .5392157	
  .0001702	-6.549019E-02	 .5392157	
  .0001704	-6.549019E-02	 .5196078	
  .0001706	-6.549019E-02	 .5196078	
  .0001708	-6.392156E-02	 .5392157	
  .000171	-6.470588E-02	 .5	
  .0001712	-6.313725E-02	 .4803922	
  .0001714	-6.470588E-02	 .5	
  .0001716	-6.235294E-02	 .4607843	
  .0001718	-6.313725E-02	 .4019608	
  .000172	-6.235294E-02	 .4215686	
  .0001722	-6.235294E-02	 .4019608	
  .0001724	-6.313725E-02	 .3431373	
  .0001726	-6.313725E-02	 .3627451	
  .0001728	-6.235294E-02	 .3627451	
  .000173	-6.235294E-02	 .3431373	
  .0001732	-6.235294E-02	 .3039216	
  .0001734	-6.235294E-02	 .2843137	
  .0001736	-6.078431E-02	 .2647059	
  .0001738	-6.078431E-02	 .2647059	
  .000174	-6.078431E-02	 .2647059	
  .0001742	-6.078431E-02	 .245098	
  .0001744	-5.999999E-02	 .2254902	
  .0001746	-5.921568E-02	 .245098	
  .0001748	-5.921568E-02	 .2254902	
  .000175	-5.999999E-02	 .2058824	
  .0001752	-5.921568E-02	 .1666667	
  .0001754	-5.921568E-02	 .1470588	
  .0001756	-5.843137E-02	 .1470588	
  .0001758	-5.764706E-02	 .127451	
  .000176	-5.843137E-02	 .1470588	
  .0001762	-5.764706E-02	 .127451	
  .0001764	-5.607843E-02	 6.862745E-02	
  .0001766	-5.686274E-02	 .0882353	
  .0001768	-5.607843E-02	 6.862745E-02	
  .000177	-5.607843E-02	 2.941176E-02	
  .0001772	-5.529412E-02	 2.941176E-02	
  .0001774	-5.529412E-02	 9.803922E-03	
  .0001776	-5.529412E-02	 2.941176E-02	
  .0001778	-5.372549E-02	-9.803922E-03	
  .000178	-.0545098	-2.941176E-02	
  .0001782	-5.294117E-02	-9.803922E-03	
  .0001784	-5.372549E-02	-.0882353	
  .0001786	-5.215686E-02	-4.901961E-02	
  .0001788	-5.215686E-02	-4.901961E-02	
  .000179	-5.137255E-02	-.0882353	
  .0001792	-5.137255E-02	-.0882353	
  .0001794	-.0490196	-.1078431	
  .0001796	-5.137255E-02	-.127451	
  .0001798	-4.980392E-02	-.127451	
  .00018	-5.058823E-02	-.1666667	
  .0001802	-.0490196	-.1666667	
  .0001804	-.0490196	-.1666667	
  .0001806	-.0490196	-.1862745	
  .0001808	-4.745098E-02	-.2058824	
  .000181	-4.745098E-02	-.2254902	
  .0001812	-4.745098E-02	-.2254902	
  .0001814	-4.588235E-02	-.2254902	
  .0001816	-4.588235E-02	-.245098	
  .0001818	-4.431372E-02	-.2647059	
  .000182	-4.509804E-02	-.2843137	
  .0001822	-4.431372E-02	-.2843137	
  .0001824	-4.509804E-02	-.2843137	
  .0001826	-4.352941E-02	-.2843137	
  .0001828	-4.352941E-02	-.3039216	
  .000183	-4.509804E-02	-.3039216	
  .0001832	-4.352941E-02	-.3431373	
  .0001834	-4.352941E-02	-.3627451	
  .0001836	-4.352941E-02	-.3627451	
  .0001838	-4.196078E-02	-.3627451	
  .000184	-4.117647E-02	-.3627451	
  .0001842	-4.196078E-02	-.3627451	
  .0001844	-4.117647E-02	-.4215686	
  .0001846	-3.882353E-02	-.4019608	
  .0001848	-4.117647E-02	-.4019608	
  .000185	-3.960784E-02	-.4411765	
  .0001852	-3.960784E-02	-.4411765	
  .0001854	-3.960784E-02	-.4803922	
  .0001856	-3.960784E-02	-.4607843	
  .0001858	-3.803921E-02	-.4607843	
  .000186	-3.647058E-02	-.4803922	
  .0001862	-3.803921E-02	-.4803922	
  .0001864	-3.647058E-02	-.5	
  .0001866	-3.490196E-02	-.5196078	
  .0001868	-3.490196E-02	-.5588235	
  .000187	-3.490196E-02	-.5588235	
  .0001872	-3.411765E-02	-.5392157	
  .0001874	-3.411765E-02	-.5784314	
  .0001876	-3.333333E-02	-.5980392	
  .0001878	-3.254902E-02	-.5588235	
  .000188	-3.098039E-02	-.6176471	
  .0001882	-3.098039E-02	-.6176471	
  .0001884	-.0317647	-.6176471	
  .0001886	-3.019608E-02	-.6372549	
  .0001888	-3.019608E-02	-.6568627	
  .000189	-2.862745E-02	-.6372549	
  .0001892	-2.784314E-02	-.6568627	
  .0001894	-2.705882E-02	-.6764706	
  .0001896	-2.705882E-02	-.6764706	
  .0001898	-2.705882E-02	-.6960784	
  .00019	-2.627451E-02	-.7156863	
  .0001902	-2.549019E-02	-.7156863	
  .0001904	-2.470588E-02	-.6960784	
  .0001906	-2.470588E-02	-.7156863	
  .0001908	-2.470588E-02	-.7549019	
  .000191	-2.313725E-02	-.7549019	
  .0001912	-2.235294E-02	-.7941176	
  .0001914	-2.156863E-02	-.7745098	
  .0001916	-2.156863E-02	-.7941176	
  .0001918	-2.078431E-02	-.7941176	
  .000192	-.02	-.8137255	
  .0001922	-1.921568E-02	-.8137255	
  .0001924	-1.843137E-02	-.8137255	
  .0001926	-1.921568E-02	-.8137255	
  .0001928	-1.686274E-02	-.8529412	
  .000193	-1.686274E-02	-.8333333	
  .0001932	-1.686274E-02	-.8529412	
  .0001934	-1.607843E-02	-.872549	
  .0001936	-1.607843E-02	-.872549	
  .0001938	-1.529412E-02	-.8921568	
  .000194	-.0145098	-.8921568	
  .0001942	-1.372549E-02	-.9117647	
  .0001944	-1.294118E-02	-.9117647	
  .0001946	-1.294118E-02	-.8921568	
  .0001948	-1.215686E-02	-.9117647	
  .000195	-1.215686E-02	-.9313725	
  .0001952	-1.058823E-02	-.9509804	
  .0001954	-1.058823E-02	-.9117647	
  .0001956	-9.803921E-03	-.9509804	
  .0001958	-9.019608E-03	-.9509804	
  .000196	-9.019608E-03	-.9509804	
  .0001962	-9.019608E-03	-.9705882	
  .0001964	-8.235293E-03	-.9705882	
  .0001966	-7.45098E-03	-.9705882	
  .0001968	-7.45098E-03	-.990196	
  .000197	-5.098039E-03	-.990196	
  .0001972	-4.313725E-03	-1.009804	
  .0001974	-5.098039E-03	-1.009804	
  .0001976	-5.882353E-03	-.990196	
  .0001978	-3.529412E-03	-1.029412	
  .000198	-3.529412E-03	-1.009804	
  .0001982	-2.745098E-03	-1.029412	
  .0001984	-2.745098E-03	-1.029412	
  .0001986	-1.960784E-03	-1.029412	
  .0001988	-2.745098E-03	-1.029412	
  .000199	-3.921568E-04	-1.04902	
  .0001992	-3.921568E-04	-1.04902	
  .0001994	 3.921568E-04	-1.068627	
  .0001996	 3.921568E-04	-1.04902	
  .0001998	 3.921568E-04	-1.088235	
  .0002	 1.176471E-03	-1.068627	
  .0002002	 2.745098E-03	-1.068627	
  .0002004	 1.960784E-03	-1.088235	
  .0002006	 2.745098E-03	-1.068627	
  .0002008	 4.313725E-03	-1.107843	
  .000201	 4.313725E-03	-1.127451	
  .0002012	 5.098039E-03	-1.088235	
  .0002014	 5.882353E-03	-1.088235	
  .0002016	 5.882353E-03	-1.107843	
  .0002018	 5.098039E-03	-1.127451	
  .000202	 5.882353E-03	-1.107843	
  .0002022	 6.666666E-03	-1.107843	
  .0002024	 9.019608E-03	-1.127451	
  .0002026	 7.45098E-03	-1.088235	
  .0002028	 9.803921E-03	-1.127451	
  .000203	 8.235293E-03	-1.107843	
  .0002032	 8.235293E-03	-1.107843	
  .0002034	 9.019608E-03	-1.107843	
  .0002036	 9.803921E-03	-1.107843	
  .0002038	 9.803921E-03	-1.127451	
  .000204	 1.137255E-02	-1.107843	
  .0002042	 1.294118E-02	-1.127451	
  .0002044	 1.294118E-02	-1.127451	
  .0002046	 1.215686E-02	-1.107843	
  .0002048	 1.215686E-02	-1.107843	
  .000205	 1.372549E-02	-1.127451	
  .0002052	 1.372549E-02	-1.127451	
  .0002054	 .0145098	-1.107843	
  .0002056	 1.529412E-02	-1.088235	
  .0002058	 .0145098	-1.127451	
  .000206	 .0145098	-1.127451	
  .0002062	 1.686274E-02	-1.107843	
  .0002064	 1.686274E-02	-1.127451	
  .0002066	 1.843137E-02	-1.107843	
  .0002068	 1.607843E-02	-1.088235	
  .000207	 1.529412E-02	-1.107843	
  .0002072	 1.607843E-02	-1.127451	
  .0002074	 1.764706E-02	-1.107843	
  .0002076	 1.686274E-02	-1.107843	
  .0002078	 1.764706E-02	-1.127451	
  .000208	 1.764706E-02	-1.088235	
  .0002082	 1.843137E-02	-1.068627	
  .0002084	 1.764706E-02	-1.107843	
  .0002086	 .02	-1.088235	
  .0002088	 1.921568E-02	-1.068627	
  .000209	 .02	-1.088235	
  .0002092	 2.078431E-02	-1.088235	
  .0002094	 2.235294E-02	-1.088235	
  .0002096	 2.156863E-02	-1.068627	
  .0002098	 2.156863E-02	-1.068627	
  .00021	 2.078431E-02	-1.068627	
  .0002102	 2.235294E-02	-1.04902	
  .0002104	 2.313725E-02	-1.029412	
  .0002106	 2.313725E-02	-1.068627	
  .0002108	 2.392157E-02	-1.068627	
  .000211	 2.470588E-02	-1.04902	
  .0002112	 2.313725E-02	-1.009804	
  .0002114	 2.392157E-02	-1.04902	
  .0002116	 2.470588E-02	-1.029412	
  .0002118	 2.470588E-02	-1.009804	
  .000212	 2.549019E-02	-1.029412	
  .0002122	 2.627451E-02	-1.009804	
  .0002124	 2.627451E-02	-1.009804	
  .0002126	 2.627451E-02	-1.029412	
  .0002128	 2.627451E-02	-1.009804	
  .000213	 2.470588E-02	-1.029412	
  .0002132	 2.549019E-02	-1.009804	
  .0002134	 2.627451E-02	-.990196	
  .0002136	 2.705882E-02	-.9705882	
  .0002138	 2.705882E-02	-1.009804	
  .000214	 2.705882E-02	-.990196	
  .0002142	 2.862745E-02	-.9705882	
  .0002144	 2.941176E-02	-.9509804	
  .0002146	 2.941176E-02	-.9705882	
  .0002148	 2.941176E-02	-.9509804	
  .000215	 2.862745E-02	-.9705882	
  .0002152	 2.941176E-02	-.9313725	
  .0002154	 3.019608E-02	-.9509804	
  .0002156	 3.098039E-02	-.9117647	
  .0002158	 3.019608E-02	-.9117647	
  .000216	 3.019608E-02	-.9509804	
  .0002162	 2.941176E-02	-.8921568	
  .0002164	 3.098039E-02	-.8921568	
  .0002166	 .0317647	-.9117647	
  .0002168	 3.254902E-02	-.8921568	
  .000217	 3.098039E-02	-.9117647	
  .0002172	 3.254902E-02	-.872549	
  .0002174	 3.333333E-02	-.8333333	
  .0002176	 3.254902E-02	-.872549	
  .0002178	 3.490196E-02	-.872549	
  .000218	 3.333333E-02	-.872549	
  .0002182	 3.411765E-02	-.8333333	
  .0002184	 3.647058E-02	-.8333333	
  .0002186	 3.568627E-02	-.7941176	
  .0002188	 3.647058E-02	-.8333333	
  .000219	 3.803921E-02	-.8333333	
  .0002192	 3.647058E-02	-.8333333	
  .0002194	 .0372549	-.8333333	
  .0002196	 3.568627E-02	-.7941176	
  .0002198	 3.803921E-02	-.7941176	
  .00022	 3.647058E-02	-.7941176	
  .0002202	 3.803921E-02	-.7941176	
  .0002204	 3.803921E-02	-.7745098	
  .0002206	 3.803921E-02	-.7941176	
  .0002208	 3.882353E-02	-.7745098	
  .000221	 3.882353E-02	-.7549019	
  .0002212	 .0372549	-.7549019	
  .0002214	 3.882353E-02	-.7549019	
  .0002216	 3.803921E-02	-.7549019	
  .0002218	 3.882353E-02	-.7352941	
  .000222	 3.803921E-02	-.7352941	
  .0002222	 4.039215E-02	-.7352941	
  .0002224	 3.803921E-02	-.7156863	
  .0002226	 3.960784E-02	-.7156863	
  .0002228	 .0372549	-.6960784	
  .000223	 .0372549	-.6960784	
  .0002232	 3.803921E-02	-.6960784	
  .0002234	 3.803921E-02	-.6568627	
  .0002236	 3.803921E-02	-.6372549	
  .0002238	 3.960784E-02	-.6568627	
  .000224	 4.039215E-02	-.6372549	
  .0002242	 4.117647E-02	-.6568627	
  .0002244	 3.960784E-02	-.6176471	
  .0002246	 3.960784E-02	-.6372549	
  .0002248	 4.039215E-02	-.5980392	
  .000225	 3.882353E-02	-.6176471	
  .0002252	 3.882353E-02	-.5784314	
  .0002254	 4.039215E-02	-.5784314	
  .0002256	 3.960784E-02	-.5784314	
  .0002258	 4.039215E-02	-.5588235	
  .000226	 3.960784E-02	-.5588235	
  .0002262	 3.960784E-02	-.5588235	
  .0002264	 3.882353E-02	-.5392157	
  .0002266	 3.882353E-02	-.5392157	
  .0002268	 3.960784E-02	-.5196078	
  .000227	 3.960784E-02	-.5	
  .0002272	 4.039215E-02	-.5	
  .0002274	 4.117647E-02	-.4803922	
  .0002276	 4.117647E-02	-.4607843	
  .0002278	 3.882353E-02	-.4607843	
  .000228	 3.882353E-02	-.4607843	
  .0002282	 3.960784E-02	-.4803922	
  .0002284	 3.960784E-02	-.4411765	
  .0002286	 3.882353E-02	-.4215686	
  .0002288	 4.117647E-02	-.4019608	
  .000229	 3.960784E-02	-.4411765	
  .0002292	 4.196078E-02	-.4019608	
  .0002294	 3.960784E-02	-.3823529	
  .0002296	 3.960784E-02	-.3627451	
  .0002298	 3.960784E-02	-.3823529	
  .00023	 4.117647E-02	-.3431373	
  .0002302	 3.960784E-02	-.3431373	
  .0002304	 4.039215E-02	-.3235294	
  .0002306	 4.117647E-02	-.3235294	
  .0002308	 4.117647E-02	-.3039216	
  .000231	 3.882353E-02	-.2843137	
  .0002312	 3.882353E-02	-.3039216	
  .0002314	 3.960784E-02	-.2647059	
  .0002316	 3.960784E-02	-.245098	
  .0002318	 3.960784E-02	-.2647059	
  .000232	 3.960784E-02	-.245098	
  .0002322	 3.882353E-02	-.1862745	
  .0002324	 4.117647E-02	-.2058824	
  .0002326	 3.960784E-02	-.1862745	
  .0002328	 3.882353E-02	-.2058824	
  .000233	 3.803921E-02	-.1862745	
  .0002332	 .0372549	-.1666667	
  .0002334	 3.882353E-02	-.1470588	
  .0002336	 3.803921E-02	-.1666667	
  .0002338	 3.803921E-02	-.127451	
  .000234	 3.882353E-02	-6.862745E-02	
  .0002342	 3.803921E-02	-.1078431	
  .0002344	 3.803921E-02	-.1078431	
  .0002346	 3.647058E-02	-.0882353	
  .0002348	 3.803921E-02	-6.862745E-02	
  .000235	 .0372549	-4.901961E-02	
  .0002352	 3.803921E-02	-4.901961E-02	
  .0002354	 3.882353E-02	-9.803922E-03	
  .0002356	 3.568627E-02	-2.941176E-02	
  .0002358	 3.568627E-02	-4.901961E-02	
  .000236	 3.490196E-02	-9.803922E-03	
  .0002362	 3.568627E-02	 9.803922E-03	
  .0002364	 3.647058E-02	-9.803922E-03	
  .0002366	 3.568627E-02	 2.941176E-02	
  .0002368	 3.490196E-02	 2.941176E-02	
  .000237	 3.568627E-02	 4.901961E-02	
  .0002372	 3.568627E-02	 2.941176E-02	
  .0002374	 3.568627E-02	 6.862745E-02	
  .0002376	 3.411765E-02	 4.901961E-02	
  .0002378	 3.490196E-02	 6.862745E-02	
  .000238	 3.411765E-02	 .0882353	
  .0002382	 3.411765E-02	 .0882353	
  .0002384	 3.254902E-02	 .1078431	
  .0002386	 3.411765E-02	 .127451	
  .0002388	 3.333333E-02	 .1470588	
  .000239	 3.411765E-02	 .1666667	
  .0002392	 3.254902E-02	 .127451	
  .0002394	 .0317647	 .1470588	
  .0002396	 3.254902E-02	 .1470588	
  .0002398	 3.254902E-02	 .1666667	
  .00024	 .0317647	 .2058824	
  .0002402	 3.254902E-02	 .2058824	
  .0002404	 3.098039E-02	 .2254902	
  .0002406	 3.098039E-02	 .2254902	
  .0002408	 2.941176E-02	 .2254902	
  .000241	 3.098039E-02	 .245098	
  .0002412	 3.098039E-02	 .2647059	
  .0002414	 2.862745E-02	 .2647059	
  .0002416	 2.862745E-02	 .245098	
  .0002418	 2.941176E-02	 .2843137	
  .000242	 2.941176E-02	 .2843137	
  .0002422	 2.862745E-02	 .3039216	
  .0002424	 2.862745E-02	 .2843137	
  .0002426	 2.784314E-02	 .2843137	
  .0002428	 2.784314E-02	 .3039216	
  .000243	 2.705882E-02	 .3235294	
  .0002432	 2.784314E-02	 .3431373	
  .0002434	 2.705882E-02	 .3627451	
  .0002436	 2.705882E-02	 .3627451	
  .0002438	 2.549019E-02	 .4019608	
  .000244	 2.705882E-02	 .3823529	
  .0002442	 2.627451E-02	 .4019608	
  .0002444	 2.549019E-02	 .3823529	
  .0002446	 2.627451E-02	 .4215686	
  .0002448	 2.470588E-02	 .4019608	
  .000245	 2.392157E-02	 .4215686	
  .0002452	 2.470588E-02	 .4411765	
  .0002454	 2.235294E-02	 .4607843	
  .0002456	 2.392157E-02	 .4607843	
  .0002458	 2.235294E-02	 .4607843	
  .000246	 2.235294E-02	 .4411765	
  .0002462	 2.235294E-02	 .4803922	
  .0002464	 2.156863E-02	 .4803922	
  .0002466	 2.078431E-02	 .5	
  .0002468	 2.078431E-02	 .4803922	
  .000247	 2.156863E-02	 .5392157	
  .0002472	 2.156863E-02	 .5588235	
  .0002474	 2.078431E-02	 .5392157	
  .0002476	 1.921568E-02	 .5196078	
  .0002478	 1.921568E-02	 .5392157	
  .000248	 .02	 .5392157	
  .0002482	 .02	 .5392157	
  .0002484	 1.764706E-02	 .5784314	
  .0002486	 1.921568E-02	 .5784314	
  .0002488	 1.764706E-02	 .5588235	
  .000249	 1.843137E-02	 .6176471	
  .0002492	 1.686274E-02	 .5784314	
  .0002494	 1.607843E-02	 .5980392	
  .0002496	 1.607843E-02	 .5980392	
  .0002498	 1.529412E-02	 .6176471	
  .00025	 1.686274E-02	 .6176471	
  .0002502	 1.372549E-02	 .6176471	
  .0002504	 1.529412E-02	 .6372549	
  .0002506	 1.529412E-02	 .6372549	
  .0002508	 .0145098	 .6372549	
  .000251	 1.294118E-02	 .6372549	
  .0002512	 1.372549E-02	 .6372549	
  .0002514	 1.372549E-02	 .6568627	
  .0002516	 1.215686E-02	 .6372549	
  .0002518	 1.215686E-02	 .6764706	
  .000252	 1.137255E-02	 .7156863	
  .0002522	 1.137255E-02	 .7156863	
  .0002524	 1.058823E-02	 .6960784	
  .0002526	 9.803921E-03	 .6764706	
  .0002528	 9.019608E-03	 .6764706	
  .000253	 9.019608E-03	 .6960784	
  .0002532	 9.019608E-03	 .7352941	
  .0002534	 8.235293E-03	 .7156863	
  .0002536	 8.235293E-03	 .7352941	
  .0002538	 9.019608E-03	 .7745098	
  .000254	 8.235293E-03	 .7352941	
  .0002542	 7.45098E-03	 .7352941	
  .0002544	 7.45098E-03	 .7352941	
  .0002546	 6.666666E-03	 .7549019	
  .0002548	 5.882353E-03	 .7352941	
  .000255	 6.666666E-03	 .7352941	
  .0002552	 5.098039E-03	 .7745098	
  .0002554	 5.098039E-03	 .7549019	
  .0002556	 4.313725E-03	 .7745098	
  .0002558	 4.313725E-03	 .7352941	
  .000256	 2.745098E-03	 .7745098	
  .0002562	 2.745098E-03	 .7745098	
  .0002564	 2.745098E-03	 .7549019	
  .0002566	 1.176471E-03	 .7745098	
  .0002568	 3.921568E-04	 .7941176	
  .000257	-3.921568E-04	 .7745098	
  .0002572	 1.176471E-03	 .7941176	
  .0002574	 1.176471E-03	 .7549019	
  .0002576	 3.921568E-04	 .7549019	
  .0002578	 3.921568E-04	 .7745098	
  .000258	-1.176471E-03	 .8137255	
  .0002582	-1.960784E-03	 .7941176	
  .0002584	-1.176471E-03	 .8137255	
  .0002586	-2.745098E-03	 .8137255	
  .0002588	-1.960784E-03	 .8137255	
  .000259	-1.960784E-03	 .7941176	
  .0002592	-3.529412E-03	 .7745098	
  .0002594	-3.529412E-03	 .7941176	
  .0002596	-5.098039E-03	 .8137255	
  .0002598	-4.313725E-03	 .8137255	
  .00026	-5.098039E-03	 .8529412	
  .0002602	-5.098039E-03	 .8333333	
  .0002604	-5.098039E-03	 .8333333	
  .0002606	-5.882353E-03	 .8137255	
  .0002608	-6.666666E-03	 .8137255	
  .000261	-6.666666E-03	 .8137255	
  .0002612	-7.45098E-03	 .7941176	
  .0002614	-7.45098E-03	 .7941176	
  .0002616	-8.235293E-03	 .8137255	
  .0002618	-6.666666E-03	 .8333333	
  .000262	-9.019608E-03	 .8333333	
  .0002622	-7.45098E-03	 .8137255	
  .0002624	-9.019608E-03	 .8137255	
  .0002626	-9.803921E-03	 .7941176	
  .0002628	-9.019608E-03	 .8137255	
  .000263	-9.019608E-03	 .8137255	
  .0002632	-9.803921E-03	 .8333333	
  .0002634	-1.058823E-02	 .8333333	
  .0002636	-1.137255E-02	 .8333333	
  .0002638	-1.058823E-02	 .8529412	
  .000264	-1.058823E-02	 .8529412	
  .0002642	-1.215686E-02	 .8137255	
  .0002644	-1.215686E-02	 .8137255	
  .0002646	-1.215686E-02	 .7941176	
  .0002648	-1.294118E-02	 .8333333	
  .000265	-1.372549E-02	 .8529412	
  .0002652	-1.294118E-02	 .8529412	
  .0002654	-1.372549E-02	 .8333333	
  .0002656	-.0145098	 .8333333	
  .0002658	-1.372549E-02	 .7941176	
  .000266	-.0145098	 .8137255	
  .0002662	-1.607843E-02	 .8333333	
  .0002664	-1.607843E-02	 .8333333	
  .0002666	-1.529412E-02	 .8529412	
  .0002668	-.0145098	 .8333333	
  .000267	-1.529412E-02	 .8529412	
  .0002672	-1.607843E-02	 .8137255	
  .0002674	-1.686274E-02	 .8137255	
  .0002676	-1.607843E-02	 .8137255	
  .0002678	-1.764706E-02	 .8137255	
  .000268	-1.764706E-02	 .7941176	
  .0002682	-1.764706E-02	 .8333333	
  .0002684	-1.686274E-02	 .7941176	
  .0002686	-1.843137E-02	 .7745098	
  .0002688	-1.764706E-02	 .8137255	
  .000269	-1.764706E-02	 .7745098	
  .0002692	-1.764706E-02	 .7745098	
  .0002694	-1.921568E-02	 .7941176	
  .0002696	-1.843137E-02	 .7941176	
  .0002698	-.02	 .7941176	
  .00027	-2.078431E-02	 .7745098	
  .0002702	-1.921568E-02	 .7745098	
  .0002704	-1.921568E-02	 .7941176	
  .0002706	-.02	 .7549019	
  .0002708	-2.156863E-02	 .7352941	
  .000271	-.02	 .7745098	
  .0002712	-2.156863E-02	 .7549019	
  .0002714	-2.156863E-02	 .7352941	
  .0002716	-2.156863E-02	 .7549019	
  .0002718	-2.235294E-02	 .7352941	
  .000272	-2.156863E-02	 .7549019	
  .0002722	-.02	 .7549019	
  .0002724	-2.078431E-02	 .7156863	
  .0002726	-2.156863E-02	 .7156863	
  .0002728	-2.235294E-02	 .7352941	
  .000273	-2.392157E-02	 .6960784	
  .0002732	-2.313725E-02	 .6960784	
  .0002734	-2.156863E-02	 .7156863	
  .0002736	-2.235294E-02	 .7549019	
  .0002738	-2.235294E-02	 .7156863	
  .000274	-2.235294E-02	 .6960784	
  .0002742	-2.313725E-02	 .6960784	
  .0002744	-2.313725E-02	 .6568627	
  .0002746	-2.392157E-02	 .6568627	
  .0002748	-2.313725E-02	 .6568627	
  .000275	-2.313725E-02	 .6764706	
  .0002752	-2.470588E-02	 .6568627	
  .0002754	-2.392157E-02	 .6568627	
  .0002756	-2.627451E-02	 .6372549	
  .0002758	-2.627451E-02	 .6568627	
  .000276	-2.470588E-02	 .6176471	
  .0002762	-2.392157E-02	 .6176471	
  .0002764	-2.470588E-02	 .6176471	
  .0002766	-2.627451E-02	 .6176471	
  .0002768	-2.470588E-02	 .6372549	
  .000277	-2.392157E-02	 .6176471	
  .0002772	-2.549019E-02	 .6176471	
  .0002774	-2.470588E-02	 .5784314	
  .0002776	-2.627451E-02	 .5784314	
  .0002778	-2.627451E-02	 .5588235	
  .000278	-2.705882E-02	 .5588235	
  .0002782	-2.549019E-02	 .5784314	
  .0002784	-2.549019E-02	 .5784314	
  .0002786	-2.627451E-02	 .5784314	
  .0002788	-2.627451E-02	 .5392157	
  .000279	-2.627451E-02	 .5392157	
  .0002792	-2.627451E-02	 .5196078	
  .0002794	-2.705882E-02	 .5588235	
  .0002796	-2.627451E-02	 .5196078	
  .0002798	-2.627451E-02	 .5392157	
  .00028	-2.784314E-02	 .5196078	
  .0002802	-2.705882E-02	 .5	
  .0002804	-2.627451E-02	 .4803922	
  .0002806	-2.627451E-02	 .5	
  .0002808	-2.705882E-02	 .5	
  .000281	-2.705882E-02	 .4803922	
  .0002812	-2.784314E-02	 .4803922	
  .0002814	-2.705882E-02	 .4607843	
  .0002816	-2.705882E-02	 .4803922	
  .0002818	-2.862745E-02	 .4803922	
  .000282	-2.784314E-02	 .4215686	
  .0002822	-2.862745E-02	 .4411765	
  .0002824	-2.784314E-02	 .4019608	
  .0002826	-2.784314E-02	 .4019608	
  .0002828	-2.705882E-02	 .4215686	
  .000283	-2.784314E-02	 .4411765	
  .0002832	-2.862745E-02	 .4215686	
  .0002834	-2.705882E-02	 .3823529	
  .0002836	-2.705882E-02	 .4019608	
  .0002838	-2.784314E-02	 .4019608	
  .000284	-2.862745E-02	 .3823529	
  .0002842	-2.862745E-02	 .3627451	
  .0002844	-2.784314E-02	 .3431373	
  .0002846	-2.862745E-02	 .3431373	
  .0002848	-2.784314E-02	 .3823529	
  .000285	-2.705882E-02	 .3431373	
  .0002852	-2.705882E-02	 .3431373	
  .0002854	-2.862745E-02	 .3039216	
  .0002856	-2.784314E-02	 .2647059	
  .0002858	-2.784314E-02	 .2647059	
  .000286	-2.862745E-02	 .2843137	
  .0002862	-2.784314E-02	 .3039216	
  .0002864	-2.705882E-02	 .2647059	
  .0002866	-2.862745E-02	 .2647059	
  .0002868	-2.705882E-02	 .2843137	
  .000287	-2.705882E-02	 .2647059	
  .0002872	-2.784314E-02	 .2647059	
  .0002874	-2.705882E-02	 .2254902	
  .0002876	-2.862745E-02	 .2058824	
  .0002878	-2.784314E-02	 .2254902	
  .000288	-2.784314E-02	 .2254902	
  .0002882	-2.784314E-02	 .2058824	
  .0002884	-2.705882E-02	 .1666667	
  .0002886	-2.549019E-02	 .2254902	
  .0002888	-2.705882E-02	 .1862745	
  .000289	-2.784314E-02	 .1666667	
  .0002892	-2.627451E-02	 .1470588	
  .0002894	-2.705882E-02	 .127451	
  .0002896	-2.627451E-02	 .1470588	
  .0002898	-2.627451E-02	 .1470588	
  .00029	-2.705882E-02	 .127451	
  .0002902	-2.549019E-02	 .1470588	
  .0002904	-2.470588E-02	 .1078431	
  .0002906	-2.705882E-02	 6.862745E-02	
  .0002908	-2.549019E-02	 6.862745E-02	
  .000291	-2.549019E-02	 .1078431	
  .0002912	-2.705882E-02	 4.901961E-02	
  .0002914	-2.470588E-02	 .0882353	
  .0002916	-2.549019E-02	 6.862745E-02	
  .0002918	-2.627451E-02	 2.941176E-02	
  .000292	-2.549019E-02	 4.901961E-02	
  .0002922	-2.470588E-02	 2.941176E-02	
  .0002924	-2.470588E-02	 2.941176E-02	
  .0002926	-2.627451E-02	 2.941176E-02	
  .0002928	-2.470588E-02	 9.803922E-03	
  .000293	-2.549019E-02	-9.803922E-03	
  .0002932	-2.470588E-02	 9.803922E-03	
  .0002934	-2.470588E-02	 2.941176E-02	
  .0002936	-2.470588E-02	-2.941176E-02	
  .0002938	-2.392157E-02	-2.941176E-02	
  .000294	-2.470588E-02	-2.941176E-02	
  .0002942	-2.392157E-02	-4.901961E-02	
  .0002944	-2.313725E-02	-6.862745E-02	
  .0002946	-2.235294E-02	-6.862745E-02	
  .0002948	-2.313725E-02	-2.941176E-02	
  .000295	-2.392157E-02	-6.862745E-02	
  .0002952	-2.235294E-02	-.0882353	
  .0002954	-2.392157E-02	-.1078431	
  .0002956	-2.313725E-02	-.0882353	
  .0002958	-2.235294E-02	-.127451	
  .000296	-2.156863E-02	-.127451	
  .0002962	-2.235294E-02	-.1078431	
  .0002964	-2.235294E-02	-.127451	
  .0002966	-2.156863E-02	-.1470588	
  .0002968	-2.156863E-02	-.127451	
  .000297	-2.156863E-02	-.1666667	
  .0002972	-2.078431E-02	-.1666667	
  .0002974	-.02	-.1862745	
  .0002976	-.02	-.1666667	
  .0002978	-2.078431E-02	-.1862745	
  .000298	-2.156863E-02	-.1666667	
  .0002982	-1.921568E-02	-.2058824	
  .0002984	-.02	-.2058824	
  .0002986	-.02	-.2254902	
  .0002988	-.02	-.2254902	
  .000299	-1.843137E-02	-.2254902	
  .0002992	-1.921568E-02	-.2647059	
  .0002994	-1.843137E-02	-.245098	
  .0002996	-1.843137E-02	-.2254902	
  .0002998	-1.843137E-02	-.3039216	
  .0003	-1.921568E-02	-.2843137	
  .0003002	-1.764706E-02	-.3039216	
  .0003004	-1.843137E-02	-.2843137	
  .0003006	-1.686274E-02	-.2647059	
  .0003008	-1.764706E-02	-.3039216	
  .000301	-1.764706E-02	-.3039216	
  .0003012	-1.686274E-02	-.3235294	
  .0003014	-1.607843E-02	-.3039216	
  .0003016	-1.686274E-02	-.3431373	
  .0003018	-1.607843E-02	-.3235294	
  .000302	-1.607843E-02	-.3431373	
  .0003022	-1.529412E-02	-.3431373	
  .0003024	-1.607843E-02	-.3431373	
  .0003026	-1.529412E-02	-.3235294	
  .0003028	-.0145098	-.3431373	
  .000303	-.0145098	-.3627451	
  .0003032	-.0145098	-.3823529	
  .0003034	-.0145098	-.3823529	
  .0003036	-1.215686E-02	-.3627451	
  .0003038	-1.215686E-02	-.3823529	
  .000304	-1.372549E-02	-.3627451	
  .0003042	-1.372549E-02	-.4019608	
  .0003044	-1.215686E-02	-.4019608	
  .0003046	-1.372549E-02	-.3823529	
  .0003048	-1.294118E-02	-.3823529	
  .000305	-1.137255E-02	-.4215686	
  .0003052	-1.137255E-02	-.4411765	
  .0003054	-1.058823E-02	-.4411765	
  .0003056	-1.137255E-02	-.4215686	
  .0003058	-1.215686E-02	-.4411765	
  .000306	-1.058823E-02	-.4411765	
  .0003062	-9.803921E-03	-.4215686	
  .0003064	-9.019608E-03	-.4411765	
  .0003066	-8.235293E-03	-.4607843	
  .0003068	-8.235293E-03	-.4607843	
  .000307	-9.803921E-03	-.4607843	
  .0003072	-9.019608E-03	-.4803922	
  .0003074	-8.235293E-03	-.5	
  .0003076	-7.45098E-03	-.5	
  .0003078	-7.45098E-03	-.5	
  .000308	-7.45098E-03	-.5	
  .0003082	-7.45098E-03	-.5196078	
  .0003084	-5.882353E-03	-.5	
  .0003086	-5.882353E-03	-.5	
  .0003088	-6.666666E-03	-.5196078	
  .000309	-5.882353E-03	-.5196078	
  .0003092	-5.098039E-03	-.5392157	
  .0003094	-4.313725E-03	-.5392157	
  .0003096	-5.098039E-03	-.5588235	
  .0003098	-4.313725E-03	-.5392157	
  .00031	-4.313725E-03	-.5392157	
  .0003102	-3.529412E-03	-.5196078	
  .0003104	-4.313725E-03	-.5784314	
  .0003106	-3.529412E-03	-.5588235	
  .0003108	-1.960784E-03	-.5392157	
  .000311	-3.529412E-03	-.5784314	
  .0003112	-2.745098E-03	-.5588235	
  .0003114	-1.176471E-03	-.5588235	
  .0003116	-1.960784E-03	-.5784314	
  .0003118	-1.960784E-03	-.5784314	
  .000312	-1.176471E-03	-.5980392	
  .0003122	-3.921568E-04	-.5784314	
  .0003124	-1.960784E-03	-.5588235	
  .0003126	-3.921568E-04	-.5784314	
  .0003128	-1.176471E-03	-.5980392	
  .000313	 3.921568E-04	-.6176471	
  .0003132	 3.921568E-04	-.5784314	
  .0003134	 1.960784E-03	-.5980392	
  .0003136	 3.921568E-04	-.5980392	
  .0003138	 1.176471E-03	-.6176471	
  .000314	 2.745098E-03	-.6176471	
  .0003142	 1.960784E-03	-.5784314	
  .0003144	 3.529412E-03	-.6176471	
  .0003146	 2.745098E-03	-.5784314	
  .0003148	 1.960784E-03	-.6176471	
  .000315	 1.960784E-03	-.6372549	
  .0003152	 1.960784E-03	-.6176471	
  .0003154	 2.745098E-03	-.6176471	
  .0003156	 2.745098E-03	-.6372549	
  .0003158	 4.313725E-03	-.6176471	
  .000316	 3.529412E-03	-.6372549	
  .0003162	 3.529412E-03	-.6176471	
  .0003164	 5.098039E-03	-.5980392	
  .0003166	 5.098039E-03	-.6372549	
  .0003168	 4.313725E-03	-.6372549	
  .000317	 5.098039E-03	-.6568627	
  .0003172	 5.882353E-03	-.6568627	
  .0003174	 6.666666E-03	-.6568627	
  .0003176	 5.882353E-03	-.6372549	
  .0003178	 7.45098E-03	-.6176471	
  .000318	 6.666666E-03	-.6568627	
  .0003182	 8.235293E-03	-.6176471	
  .0003184	 7.45098E-03	-.6372549	
  .0003186	 6.666666E-03	-.6568627	
  .0003188	 8.235293E-03	-.6568627	
  .000319	 7.45098E-03	-.6372549	
  .0003192	 8.235293E-03	-.6764706	
  .0003194	 8.235293E-03	-.6372549	
  .0003196	 9.019608E-03	-.6764706	
  .0003198	 9.019608E-03	-.6568627	
  .00032	 9.803921E-03	-.6568627	
  .0003202	 9.019608E-03	-.6568627	
  .0003204	 9.803921E-03	-.6568627	
  .0003206	 9.803921E-03	-.6568627	
  .0003208	 9.803921E-03	-.6568627	
  .000321	 9.803921E-03	-.6372549	
  .0003212	 1.058823E-02	-.6372549	
  .0003214	 9.803921E-03	-.6568627	
  .0003216	 1.058823E-02	-.6568627	
  .0003218	 1.137255E-02	-.6764706	
  .000322	 1.058823E-02	-.6372549	
  .0003222	 1.058823E-02	-.6372549	
  .0003224	 1.215686E-02	-.6568627	
  .0003226	 1.215686E-02	-.6568627	
  .0003228	 1.215686E-02	-.6372549	
  .000323	 1.294118E-02	-.6568627	
  .0003232	 1.294118E-02	-.6568627	
  .0003234	 1.294118E-02	-.6176471	
  .0003236	 1.294118E-02	-.6568627	
  .0003238	 1.294118E-02	-.6568627	
  .000324	 1.294118E-02	-.6568627	
  .0003242	 1.294118E-02	-.5980392	
  .0003244	 .0145098	-.6176471	
  .0003246	 1.294118E-02	-.6176471	
  .0003248	 .0145098	-.6372549	
  .000325	 .0145098	-.6176471	
  .0003252	 1.529412E-02	-.6568627	
  .0003254	 1.529412E-02	-.6176471	
  .0003256	 .0145098	-.6176471	
  .0003258	 .0145098	-.5980392	
  .000326	 1.529412E-02	-.6176471	
  .0003262	 1.686274E-02	-.5980392	
  .0003264	 1.529412E-02	-.6176471	
  .0003266	 1.607843E-02	-.5980392	
  .0003268	 1.686274E-02	-.5980392	
  .000327	 1.607843E-02	-.5980392	
  .0003272	 1.529412E-02	-.5980392	
  .0003274	 1.529412E-02	-.5980392	
  .0003276	 1.686274E-02	-.5784314	
  .0003278	 1.686274E-02	-.5980392	
  .000328	 1.843137E-02	-.5980392	
  .0003282	 1.764706E-02	-.5784314	
  .0003284	 1.686274E-02	-.5784314	
  .0003286	 1.686274E-02	-.5588235	
  .0003288	 1.843137E-02	-.5784314	
  .000329	 1.764706E-02	-.5588235	
  .0003292	 1.764706E-02	-.5588235	
  .0003294	 1.843137E-02	-.5784314	
  .0003296	 1.921568E-02	-.5392157	
  .0003298	 1.921568E-02	-.5588235	
  .00033	 1.843137E-02	-.5588235	
  .0003302	 1.843137E-02	-.5784314	
  .0003304	 .02	-.5588235	
  .0003306	 .02	-.5196078	
  .0003308	 1.843137E-02	-.5588235	
  .000331	 .02	-.5392157	
  .0003312	 .02	-.5196078	
  .0003314	 .02	-.5196078	
  .0003316	 .02	-.5392157	
  .0003318	 .02	-.5392157	
  .000332	 .02	-.5196078	
  .0003322	 1.921568E-02	-.5196078	
  .0003324	 .02	-.5196078	
  .0003326	 .02	-.5196078	
  .0003328	 2.078431E-02	-.5	
  .000333	 2.078431E-02	-.4803922	
  .0003332	 2.235294E-02	-.4803922	
  .0003334	 .02	-.4803922	
  .0003336	 2.078431E-02	-.4803922	
  .0003338	 2.078431E-02	-.4803922	
  .000334	 2.078431E-02	-.4607843	
  .0003342	 2.235294E-02	-.4607843	
  .0003344	 2.235294E-02	-.4215686	
  .0003346	 2.235294E-02	-.4803922	
  .0003348	 2.235294E-02	-.4607843	
  .000335	 2.078431E-02	-.4607843	
  .0003352	 2.156863E-02	-.4215686	
  .0003354	 2.235294E-02	-.4607843	
  .0003356	 2.313725E-02	-.4411765	
  .0003358	 2.156863E-02	-.4215686	
  .000336	 2.156863E-02	-.4019608	
  .0003362	 2.313725E-02	-.4019608	
  .0003364	 2.156863E-02	-.4215686	
  .0003366	 2.235294E-02	-.4019608	
  .0003368	 2.235294E-02	-.4215686	
  .000337	 2.235294E-02	-.4019608	
  .0003372	 2.313725E-02	-.3823529	
  .0003374	 2.235294E-02	-.3823529	
  .0003376	 2.392157E-02	-.3823529	
  .0003378	 2.313725E-02	-.3823529	
  .000338	 2.313725E-02	-.3627451	
  .0003382	 2.313725E-02	-.3627451	
  .0003384	 2.235294E-02	-.3823529	
  .0003386	 2.313725E-02	-.3627451	
  .0003388	 2.313725E-02	-.3235294	
  .000339	 2.392157E-02	-.3431373	
  .0003392	 2.235294E-02	-.3431373	
  .0003394	 2.313725E-02	-.3431373	
  .0003396	 2.313725E-02	-.3039216	
  .0003398	 2.392157E-02	-.3039216	
  .00034	 2.313725E-02	-.3235294	
  .0003402	 2.392157E-02	-.3039216	
  .0003404	 2.313725E-02	-.3235294	
  .0003406	 2.313725E-02	-.3039216	
  .0003408	 2.313725E-02	-.3039216	
  .000341	 2.392157E-02	-.2843137	
  .0003412	 2.313725E-02	-.2647059	
  .0003414	 2.392157E-02	-.2843137	
  .0003416	 2.392157E-02	-.2843137	
  .0003418	 2.313725E-02	-.2647059	
  .000342	 2.313725E-02	-.2843137	
  .0003422	 2.313725E-02	-.2843137	
  .0003424	 2.235294E-02	-.245098	
  .0003426	 2.470588E-02	-.245098	
  .0003428	 2.470588E-02	-.245098	
  .000343	 2.313725E-02	-.2254902	
  .0003432	 2.392157E-02	-.2058824	
  .0003434	 2.235294E-02	-.2254902	
  .0003436	 2.392157E-02	-.2058824	
  .0003438	 2.235294E-02	-.2058824	
  .000344	 2.313725E-02	-.1862745	
  .0003442	 2.313725E-02	-.1470588	
  .0003444	 2.235294E-02	-.1666667	
  .0003446	 2.313725E-02	-.1862745	
  .0003448	 2.313725E-02	-.1666667	
  .000345	 2.235294E-02	-.1862745	
  .0003452	 2.235294E-02	-.1666667	
  .0003454	 2.156863E-02	-.1470588	
  .0003456	 2.313725E-02	-.1078431	
  .0003458	 2.235294E-02	-.127451	
  .000346	 2.235294E-02	-.127451	
  .0003462	 2.313725E-02	-.1078431	
  .0003464	 2.235294E-02	-.127451	
  .0003466	 2.235294E-02	-.0882353	
  .0003468	 2.078431E-02	-.0882353	
  .000347	 2.156863E-02	-.1078431	
  .0003472	 2.156863E-02	-.0882353	
  .0003474	 2.235294E-02	-6.862745E-02	
  .0003476	 2.078431E-02	-.0882353	
  .0003478	 2.235294E-02	-.0882353	
  .000348	 2.235294E-02	-6.862745E-02	
  .0003482	 2.156863E-02	-6.862745E-02	
  .0003484	 2.156863E-02	-6.862745E-02	
  .0003486	 2.235294E-02	-4.901961E-02	
  .0003488	 2.156863E-02	-4.901961E-02	
  .000349	 2.235294E-02	-2.941176E-02	
  .0003492	 2.078431E-02	-2.941176E-02	
  .0003494	 2.156863E-02	-9.803922E-03	
  .0003496	 2.156863E-02	-9.803922E-03	
  .0003498	 2.078431E-02	 9.803922E-03	
  .00035	 2.078431E-02	-2.941176E-02	
  .0003502	 2.156863E-02	 9.803922E-03	
  .0003504	 2.078431E-02	-9.803922E-03	
  .0003506	 2.078431E-02	-9.803922E-03	
  .0003508	 2.156863E-02	 9.803922E-03	
  .000351	 .02	 4.901961E-02	
  .0003512	 2.078431E-02	 4.901961E-02	
  .0003514	 .02	 4.901961E-02	
  .0003516	 1.843137E-02	 2.941176E-02	
  .0003518	 1.843137E-02	 4.901961E-02	
  .000352	 1.843137E-02	 4.901961E-02	
  .0003522	 1.921568E-02	 .0882353	
  .0003524	 1.843137E-02	 6.862745E-02	
  .0003526	 1.764706E-02	 6.862745E-02	
  .0003528	 1.921568E-02	 .127451	
  .000353	 1.921568E-02	 .0882353	
  .0003532	 1.843137E-02	 .0882353	
  .0003534	 1.843137E-02	 .0882353	
  .0003536	 1.843137E-02	 .0882353	
  .0003538	 1.843137E-02	 .127451	
  .000354	 1.843137E-02	 .1078431	
  .0003542	 1.921568E-02	 .1666667	
  .0003544	 1.686274E-02	 .1470588	
  .0003546	 1.764706E-02	 .127451	
  .0003548	 1.764706E-02	 .1470588	
  .000355	 1.764706E-02	 .1470588	
  .0003552	 1.764706E-02	 .127451	
  .0003554	 1.764706E-02	 .1470588	
  .0003556	 1.607843E-02	 .1666667	
  .0003558	 1.764706E-02	 .1666667	
  .000356	 1.764706E-02	 .1862745	
  .0003562	 1.764706E-02	 .1666667	
  .0003564	 1.607843E-02	 .1862745	
  .0003566	 1.607843E-02	 .1862745	
  .0003568	 1.607843E-02	 .2058824	
  .000357	 1.529412E-02	 .2058824	
  .0003572	 .0145098	 .2058824	
  .0003574	 1.607843E-02	 .245098	
  .0003576	 1.529412E-02	 .245098	
  .0003578	 .0145098	 .2058824	
  .000358	 1.529412E-02	 .2254902	
  .0003582	 .0145098	 .2058824	
  .0003584	 .0145098	 .2058824	
  .0003586	 1.372549E-02	 .245098	
  .0003588	 1.372549E-02	 .2647059	
  .000359	 .0145098	 .2647059	
  .0003592	 .0145098	 .245098	
  .0003594	 1.372549E-02	 .2647059	
  .0003596	 1.372549E-02	 .245098	
  .0003598	 .0145098	 .2843137	
  .00036	 1.294118E-02	 .2843137	
  .0003602	 1.215686E-02	 .2647059	
  .0003604	 1.137255E-02	 .2843137	
  .0003606	 1.215686E-02	 .3039216	
  .0003608	 1.294118E-02	 .3039216	
  .000361	 1.137255E-02	 .3235294	
  .0003612	 1.215686E-02	 .3039216	
  .0003614	 1.137255E-02	 .2843137	
  .0003616	 9.803921E-03	 .3039216	
  .0003618	 1.137255E-02	 .3235294	
  .000362	 1.137255E-02	 .3039216	
  .0003622	 9.019608E-03	 .3235294	
  .0003624	 1.058823E-02	 .3235294	
  .0003626	 1.137255E-02	 .3235294	
  .0003628	 1.137255E-02	 .3235294	
  .000363	 9.019608E-03	 .3627451	
  .0003632	 9.803921E-03	 .3431373	
  .0003634	 1.058823E-02	 .3431373	
  .0003636	 8.235293E-03	 .3431373	
  .0003638	 8.235293E-03	 .4019608	
  .000364	 9.019608E-03	 .4019608	
  .0003642	 7.45098E-03	 .3823529	
  .0003644	 7.45098E-03	 .3823529	
  .0003646	 7.45098E-03	 .3627451	
  .0003648	 7.45098E-03	 .3627451	
  .000365	 6.666666E-03	 .3823529	
  .0003652	 7.45098E-03	 .3823529	
  .0003654	 6.666666E-03	 .4019608	
  .0003656	 5.882353E-03	 .4019608	
  .0003658	 7.45098E-03	 .3823529	
  .000366	 6.666666E-03	 .4019608	
  .0003662	 7.45098E-03	 .4019608	
  .0003664	 5.882353E-03	 .4215686	
  .0003666	 5.882353E-03	 .3823529	
  .0003668	 5.882353E-03	 .4019608	
  .000367	 5.882353E-03	 .4215686	
  .0003672	 5.098039E-03	 .4411765	
  .0003674	 5.098039E-03	 .4215686	
  .0003676	 5.882353E-03	 .4019608	
  .0003678	 5.882353E-03	 .4607843	
  .000368	 4.313725E-03	 .4215686	
  .0003682	 4.313725E-03	 .4215686	
  .0003684	 4.313725E-03	 .4411765	
  .0003686	 4.313725E-03	 .4607843	
  .0003688	 5.098039E-03	 .4411765	
  .000369	 2.745098E-03	 .4215686	
  .0003692	 4.313725E-03	 .4607843	
  .0003694	 3.529412E-03	 .4607843	
  .0003696	 1.960784E-03	 .4607843	
  .0003698	 2.745098E-03	 .4215686	
  .00037	 2.745098E-03	 .4411765	
  .0003702	 2.745098E-03	 .4411765	
  .0003704	 3.921568E-04	 .4411765	
  .0003706	 1.176471E-03	 .4607843	
  .0003708	 3.921568E-04	 .4607843	
  .000371	 1.960784E-03	 .4803922	
  .0003712	 3.921568E-04	 .4607843	
  .0003714	 3.921568E-04	 .4607843	
  .0003716	 3.921568E-04	 .4411765	
  .0003718	-3.921568E-04	 .4803922	
  .000372	 3.921568E-04	 .4411765	
  .0003722	-1.960784E-03	 .4803922	
  .0003724	 3.921568E-04	 .4803922	
  .0003726	-3.921568E-04	 .5392157	
  .0003728	 3.921568E-04	 .4803922	
  .000373	-1.176471E-03	 .4803922	
  .0003732	-2.745098E-03	 .4607843	
  .0003734	-3.921568E-04	 .5	
  .0003736	-1.960784E-03	 .4803922	
  .0003738	-3.921568E-04	 .4803922	
  .000374	-1.960784E-03	 .5196078	
  .0003742	-3.529412E-03	 .5	
  .0003744	-3.529412E-03	 .4803922	
  .0003746	-2.745098E-03	 .4803922	
  .0003748	-3.529412E-03	 .5	
  .000375	-3.529412E-03	 .5	
  .0003752	-3.529412E-03	 .4803922	
  .0003754	-3.529412E-03	 .5	
  .0003756	-4.313725E-03	 .5196078	
  .0003758	-4.313725E-03	 .5	
  .000376	-4.313725E-03	 .4803922	
  .0003762	-5.098039E-03	 .4607843	
  .0003764	-4.313725E-03	 .4803922	
  .0003766	-5.098039E-03	 .5	
  .0003768	-4.313725E-03	 .5	
  .000377	-6.666666E-03	 .5	
  .0003772	-5.882353E-03	 .5	
  .0003774	-5.882353E-03	 .5	
  .0003776	-5.882353E-03	 .4803922	
  .0003778	-5.098039E-03	 .4803922	
  .000378	-6.666666E-03	 .4803922	
  .0003782	-5.098039E-03	 .4803922	
  .0003784	-5.098039E-03	 .5	
  .0003786	-6.666666E-03	 .5196078	
  .0003788	-5.882353E-03	 .5196078	
  .000379	-7.45098E-03	 .5	
  .0003792	-6.666666E-03	 .4803922	
  .0003794	-5.882353E-03	 .4607843	
  .0003796	-6.666666E-03	 .4803922	
  .0003798	-7.45098E-03	 .5	
  .00038	-7.45098E-03	 .4803922	
  .0003802	-7.45098E-03	 .4803922	
  .0003804	-7.45098E-03	 .5	
  .0003806	-8.235293E-03	 .4803922	
  .0003808	-8.235293E-03	 .4803922	
  .000381	-9.019608E-03	 .4803922	
  .0003812	-9.019608E-03	 .4803922	
  .0003814	-9.803921E-03	 .4607843	
  .0003816	-9.019608E-03	 .4607843	
  .0003818	-8.235293E-03	 .4607843	
  .000382	-9.019608E-03	 .5	
  .0003822	-9.803921E-03	 .5	
  .0003824	-9.803921E-03	 .4803922	
  .0003826	-9.803921E-03	 .4411765	
  .0003828	-9.803921E-03	 .5	
  .000383	-9.019608E-03	 .4411765	
  .0003832	-9.803921E-03	 .4411765	
  .0003834	-1.058823E-02	 .4607843	
  .0003836	-1.058823E-02	 .4607843	
  .0003838	-1.137255E-02	 .4803922	
  .000384	-1.215686E-02	 .4803922	
  .0003842	-9.803921E-03	 .4607843	
  .0003844	-9.803921E-03	 .4411765	
  .0003846	-1.058823E-02	 .4411765	
  .0003848	-1.058823E-02	 .4607843	
  .000385	-1.215686E-02	 .4215686	
  .0003852	-1.137255E-02	 .4607843	
  .0003854	-1.137255E-02	 .4411765	
  .0003856	-1.137255E-02	 .4607843	
  .0003858	-1.137255E-02	 .4607843	
  .000386	-1.137255E-02	 .4215686	
  .0003862	-1.215686E-02	 .4411765	
  .0003864	-1.372549E-02	 .4019608	
  .0003866	-1.215686E-02	 .4215686	
  .0003868	-1.294118E-02	 .4411765	
  .000387	-1.215686E-02	 .4411765	
  .0003872	-1.137255E-02	 .4215686	
  .0003874	-1.294118E-02	 .4215686	
  .0003876	-1.215686E-02	 .4411765	
  .0003878	-1.294118E-02	 .4215686	
  .000388	-1.215686E-02	 .4215686	
  .0003882	-1.294118E-02	 .3823529	
  .0003884	-1.294118E-02	 .3823529	
  .0003886	-1.372549E-02	 .4019608	
  .0003888	-1.294118E-02	 .4019608	
  .000389	-.0145098	 .3823529	
  .0003892	-1.372549E-02	 .4019608	
  .0003894	-1.294118E-02	 .3823529	
  .0003896	-1.372549E-02	 .3627451	
  .0003898	-1.372549E-02	 .3627451	
  .00039	-1.372549E-02	 .3627451	
  .0003902	-.0145098	 .3627451	
  .0003904	-.0145098	 .3627451	
  .0003906	-1.372549E-02	 .3627451	
  .0003908	-1.294118E-02	 .3823529	
  .000391	-.0145098	 .3627451	
  .0003912	-1.529412E-02	 .3431373	
  .0003914	-.0145098	 .3431373	
  .0003916	-1.529412E-02	 .3431373	
  .0003918	-1.372549E-02	 .3235294	
  .000392	-1.686274E-02	 .3235294	
  .0003922	-.0145098	 .3431373	
  .0003924	-1.372549E-02	 .3823529	
  .0003926	-1.529412E-02	 .3235294	
  .0003928	-1.372549E-02	 .3431373	
  .000393	-1.529412E-02	 .3235294	
  .0003932	-.0145098	 .3235294	
  .0003934	-.0145098	 .3235294	
  .0003936	-.0145098	 .3235294	
  .0003938	-1.529412E-02	 .3235294	
  .000394	-1.529412E-02	 .3039216	
  .0003942	-1.529412E-02	 .2843137	
  .0003944	-1.529412E-02	 .2843137	
  .0003946	-.0145098	 .2647059	
  .0003948	-1.529412E-02	 .2647059	
  .000395	-1.529412E-02	 .2843137	
  .0003952	-1.607843E-02	 .2647059	
  .0003954	-1.529412E-02	 .2843137	
  .0003956	-1.529412E-02	 .2843137	
  .0003958	-1.529412E-02	 .2647059	
  .000396	-.0145098	 .2647059	
  .0003962	-1.686274E-02	 .245098	
  .0003964	-1.529412E-02	 .245098	
  .0003966	-1.529412E-02	 .2254902	
  .0003968	-1.607843E-02	 .245098	
  .000397	-1.607843E-02	 .245098	
  .0003972	-.0145098	 .2058824	
  .0003974	-1.529412E-02	 .245098	
  .0003976	-1.529412E-02	 .2058824	
  .0003978	-1.686274E-02	 .1862745	
  .000398	-1.607843E-02	 .1862745	
  .0003982	-1.607843E-02	 .2058824	
  .0003984	-.0145098	 .2254902	
  .0003986	-.0145098	 .2254902	
  .0003988	-1.607843E-02	 .2058824	
  .000399	-1.607843E-02	 .2058824	
  .0003992	-1.607843E-02	 .1666667	
  .0003994	-1.607843E-02	 .1862745	
  .0003996	-1.607843E-02	 .1862745	
  .0003998	-1.686274E-02	 .1666667	
  .0004	-1.607843E-02	 .1666667	
  .0004002	-1.529412E-02	 .1470588	
  .0004004	-1.607843E-02	 .1470588	
  .0004006	-1.529412E-02	 .1470588	
  .0004008	-.0145098	 .127451	
  .000401	-1.529412E-02	 .1078431	
  .0004012	-1.607843E-02	 .1078431	
  .0004014	-1.607843E-02	 .127451	
  .0004016	-1.529412E-02	 .127451	
  .0004018	-.0145098	 .1078431	
  .000402	-.0145098	 .127451	
  .0004022	-1.529412E-02	 .0882353	
  .0004024	-1.529412E-02	 .1078431	
  .0004026	-1.529412E-02	 .127451	
  .0004028	-.0145098	 .1078431	
  .000403	-1.607843E-02	 .0882353	
  .0004032	-1.529412E-02	 6.862745E-02	
  .0004034	-1.607843E-02	 6.862745E-02	
  .0004036	-1.529412E-02	 .0882353	
  .0004038	-.0145098	 .0882353	
  .000404	-1.529412E-02	 6.862745E-02	
  .0004042	-.0145098	 6.862745E-02	
  .0004044	-.0145098	 4.901961E-02	
  .0004046	-.0145098	 6.862745E-02	
  .0004048	-1.372549E-02	 2.941176E-02	
  .000405	-.0145098	 4.901961E-02	
  .0004052	-1.529412E-02	 2.941176E-02	
  .0004054	-1.372549E-02	 6.862745E-02	
  .0004056	-1.529412E-02	 2.941176E-02	
  .0004058	-1.372549E-02	 9.803922E-03	
  .000406	-1.372549E-02	 9.803922E-03	
  .0004062	-1.529412E-02	 2.941176E-02	
  .0004064	-1.294118E-02	 2.941176E-02	
  .0004066	-1.294118E-02	-9.803922E-03	
  .0004068	-.0145098	 9.803922E-03	
  .000407	-.0145098	 9.803922E-03	
  .0004072	-1.372549E-02	-4.901961E-02	
  .0004074	-1.372549E-02	 9.803922E-03	
  .0004076	-1.294118E-02	 9.803922E-03	
  .0004078	-1.372549E-02	-2.941176E-02	
  .000408	-1.372549E-02	-2.941176E-02	
  .0004082	-1.372549E-02	-9.803922E-03	
  .0004084	-1.294118E-02	-9.803922E-03	
  .0004086	-1.372549E-02	-6.862745E-02	
  .0004088	-1.215686E-02	-6.862745E-02	
  .000409	-1.294118E-02	-6.862745E-02	
  .0004092	-1.294118E-02	-6.862745E-02	
  .0004094	-1.372549E-02	-6.862745E-02	
  .0004096	-1.215686E-02	-6.862745E-02	
  .0004098	-1.215686E-02	-6.862745E-02	
  .00041	-1.215686E-02	-.0882353	
  .0004102	-1.215686E-02	-6.862745E-02	
  .0004104	-1.294118E-02	-6.862745E-02	
  .0004106	-1.058823E-02	-.1078431	
  .0004108	-1.137255E-02	-.0882353	
  .000411	-1.215686E-02	-.1078431	
  .0004112	-1.215686E-02	-.1078431	
  .0004114	-1.294118E-02	-.127451	
  .0004116	-1.137255E-02	-.127451	
  .0004118	-1.215686E-02	-.1470588	
  .000412	-1.058823E-02	-.127451	
  .0004122	-1.058823E-02	-.1078431	
  .0004124	-1.058823E-02	-.1470588	
  .0004126	-1.058823E-02	-.1470588	
  .0004128	-1.058823E-02	-.1470588	
  .000413	-1.058823E-02	-.1666667	
  .0004132	-1.058823E-02	-.1470588	
  .0004134	-1.058823E-02	-.1470588	
  .0004136	-9.019608E-03	-.1078431	
  .0004138	-1.058823E-02	-.1470588	
  .000414	-1.058823E-02	-.1666667	
  .0004142	-9.803921E-03	-.1666667	
  .0004144	-9.803921E-03	-.1666667	
  .0004146	-9.803921E-03	-.1862745	
  .0004148	-9.019608E-03	-.1666667	
  .000415	-9.019608E-03	-.1862745	
  .0004152	-9.803921E-03	-.1666667	
  .0004154	-9.019608E-03	-.1862745	
  .0004156	-9.019608E-03	-.1862745	
  .0004158	-8.235293E-03	-.2058824	
  .000416	-8.235293E-03	-.2058824	
  .0004162	-8.235293E-03	-.2058824	
  .0004164	-8.235293E-03	-.2058824	
  .0004166	-8.235293E-03	-.2254902	
  .0004168	-7.45098E-03	-.2058824	
  .000417	-7.45098E-03	-.2254902	
  .0004172	-6.666666E-03	-.2058824	
  .0004174	-5.882353E-03	-.2254902	
  .0004176	-6.666666E-03	-.245098	
  .0004178	-5.882353E-03	-.2254902	
  .000418	-6.666666E-03	-.2254902	
  .0004182	-6.666666E-03	-.2254902	
  .0004184	-6.666666E-03	-.2058824	
  .0004186	-5.882353E-03	-.2254902	
  .0004188	-5.882353E-03	-.2647059	
  .000419	-5.098039E-03	-.245098	
  .0004192	-5.882353E-03	-.245098	
  .0004194	-5.098039E-03	-.245098	
  .0004196	-6.666666E-03	-.2647059	
  .0004198	-5.098039E-03	-.2647059	
  .00042	-5.098039E-03	-.2647059	
  .0004202	-4.313725E-03	-.2647059	
  .0004204	-5.098039E-03	-.2843137	
  .0004206	-3.529412E-03	-.3039216	
  .0004208	-4.313725E-03	-.2843137	
  .000421	-5.098039E-03	-.3039216	
  .0004212	-4.313725E-03	-.2843137	
  .0004214	-3.529412E-03	-.3039216	
  .0004216	-3.529412E-03	-.2843137	
  .0004218	-2.745098E-03	-.3039216	
  .000422	-3.529412E-03	-.3039216	
  .0004222	-2.745098E-03	-.2843137	
  .0004224	-3.529412E-03	-.2647059	
  .0004226	-2.745098E-03	-.3039216	
  .0004228	-1.960784E-03	-.3431373	
  .000423	-3.529412E-03	-.3235294	
  .0004232	-1.960784E-03	-.3235294	
  .0004234	-2.745098E-03	-.3235294	
  .0004236	-2.745098E-03	-.3039216	
  .0004238	-1.960784E-03	-.3235294	
  .000424	-1.176471E-03	-.3039216	
  .0004242	-2.745098E-03	-.3431373	
  .0004244	-1.960784E-03	-.3235294	
  .0004246	-2.745098E-03	-.3235294	
  .0004248	-1.960784E-03	-.3235294	
  .000425	-1.176471E-03	-.3235294	
  .0004252	-1.176471E-03	-.3235294	
  .0004254	-3.921568E-04	-.3235294	
  .0004256	-1.176471E-03	-.3431373	
  .0004258	-1.960784E-03	-.3431373	
  .000426	 3.921568E-04	-.3235294	
  .0004262	-1.176471E-03	-.3431373	
  .0004264	 3.921568E-04	-.3627451	
  .0004266	 1.176471E-03	-.3235294	
  .0004268	 1.176471E-03	-.3627451	
  .000427	 3.921568E-04	-.3627451	
  .0004272	 1.176471E-03	-.3431373	
  .0004274	-3.921568E-04	-.3823529	
  .0004276	 3.921568E-04	-.3431373	
  .0004278	 1.960784E-03	-.3627451	
  .000428	 3.921568E-04	-.3627451	
  .0004282	 1.176471E-03	-.3627451	
  .0004284	 1.176471E-03	-.3823529	
  .0004286	 1.960784E-03	-.3627451	
  .0004288	 2.745098E-03	-.3627451	
  .000429	 2.745098E-03	-.3627451	
  .0004292	 3.529412E-03	-.3823529	
  .0004294	 3.529412E-03	-.3823529	
  .0004296	 1.960784E-03	-.3627451	
  .0004298	 2.745098E-03	-.3823529	
  .00043	 2.745098E-03	-.3823529	
  .0004302	 3.529412E-03	-.3627451	
  .0004304	 3.529412E-03	-.3627451	
  .0004306	 3.529412E-03	-.3627451	
  .0004308	 3.529412E-03	-.3823529	
  .000431	 2.745098E-03	-.3823529	
  .0004312	 2.745098E-03	-.3627451	
  .0004314	 3.529412E-03	-.3823529	
  .0004316	 3.529412E-03	-.3823529	
  .0004318	 4.313725E-03	-.3823529	
  .000432	 6.666666E-03	-.3823529	
  .0004322	 5.098039E-03	-.3627451	
  .0004324	 3.529412E-03	-.4019608	
  .0004326	 4.313725E-03	-.3823529	
  .0004328	 5.098039E-03	-.3823529	
  .000433	 5.098039E-03	-.3823529	
  .0004332	 5.882353E-03	-.3823529	
  .0004334	 5.882353E-03	-.3627451	
  .0004336	 5.882353E-03	-.3823529	
  .0004338	 5.882353E-03	-.3823529	
  .000434	 4.313725E-03	-.4019608	
  .0004342	 5.098039E-03	-.3823529	
  .0004344	 6.666666E-03	-.3823529	
  .0004346	 6.666666E-03	-.3627451	
  .0004348	 5.882353E-03	-.3823529	
  .000435	 5.882353E-03	-.3627451	
  .0004352	 5.882353E-03	-.3627451	
  .0004354	 6.666666E-03	-.3823529	
  .0004356	 8.235293E-03	-.4019608	
  .0004358	 6.666666E-03	-.4019608	
  .000436	 7.45098E-03	-.3823529	
  .0004362	 8.235293E-03	-.4019608	
  .0004364	 7.45098E-03	-.3823529	
  .0004366	 8.235293E-03	-.3627451	
  .0004368	 7.45098E-03	-.3627451	
  .000437	 7.45098E-03	-.3823529	
  .0004372	 8.235293E-03	-.3627451	
  .0004374	 6.666666E-03	-.3823529	
  .0004376	 9.019608E-03	-.3823529	
  .0004378	 8.235293E-03	-.3627451	
  .000438	 9.019608E-03	-.3823529	
  .0004382	 8.235293E-03	-.3431373	
  .0004384	 9.019608E-03	-.3627451	
  .0004386	 9.019608E-03	-.3823529	
  .0004388	 9.019608E-03	-.3627451	
  .000439	 9.803921E-03	-.3627451	
  .0004392	 1.058823E-02	-.3823529	
  .0004394	 8.235293E-03	-.3431373	
  .0004396	 9.803921E-03	-.3823529	
  .0004398	 9.803921E-03	-.3627451	
  .00044	 9.803921E-03	-.3627451	
  .0004402	 9.803921E-03	-.3235294	
  .0004404	 9.803921E-03	-.3431373	
  .0004406	 9.803921E-03	-.3823529	
  .0004408	 9.803921E-03	-.3627451	
  .000441	 9.803921E-03	-.3627451	
  .0004412	 1.137255E-02	-.3431373	
  .0004414	 1.058823E-02	-.3431373	
  .0004416	 9.803921E-03	-.3235294	
  .0004418	 1.137255E-02	-.3235294	
  .000442	 1.137255E-02	-.3627451	
  .0004422	 1.058823E-02	-.3235294	
  .0004424	 1.137255E-02	-.3235294	
  .0004426	 1.137255E-02	-.3431373	
  .0004428	 1.137255E-02	-.3431373	
  .000443	 1.137255E-02	-.3235294	
  .0004432	 1.058823E-02	-.3039216	
  .0004434	 1.215686E-02	-.3039216	
  .0004436	 1.058823E-02	-.3431373	
  .0004438	 1.215686E-02	-.3039216	
  .000444	 1.058823E-02	-.3431373	
  .0004442	 1.137255E-02	-.3235294	
  .0004444	 1.215686E-02	-.3235294	
  .0004446	 1.058823E-02	-.3235294	
  .0004448	 1.137255E-02	-.3039216	
  .000445	 1.215686E-02	-.3039216	
  .0004452	 1.215686E-02	-.2843137	
  .0004454	 1.137255E-02	-.3235294	
  .0004456	 1.215686E-02	-.3235294	
  .0004458	 1.137255E-02	-.3039216	
  .000446	 1.215686E-02	-.3235294	
  .0004462	 1.294118E-02	-.2843137	
  .0004464	 1.215686E-02	-.3039216	
  .0004466	 1.294118E-02	-.2843137	
  .0004468	 1.372549E-02	-.3235294	
  .000447	 .0145098	-.2843137	
  .0004472	 1.215686E-02	-.3039216	
  .0004474	 1.294118E-02	-.3039216	
  .0004476	 1.294118E-02	-.2843137	
  .0004478	 1.294118E-02	-.2843137	
  .000448	 1.372549E-02	-.2843137	
  .0004482	 1.215686E-02	-.2843137	
  .0004484	 .0145098	-.2647059	
  .0004486	 1.372549E-02	-.2647059	
  .0004488	 1.294118E-02	-.245098	
  .000449	 1.294118E-02	-.2843137	
  .0004492	 .0145098	-.2843137	
  .0004494	 1.372549E-02	-.245098	
  .0004496	 1.372549E-02	-.2647059	
  .0004498	 1.372549E-02	-.2647059	
  .00045	 1.294118E-02	-.245098	
