 -.0000249	 3.921569E-02	 .1176471	
 -.0000248	 3.921569E-02	 .1176471	
 -.0000247	 .1176471	 .1176471	
 -.0000246	 .1176471	 3.921569E-02	
 -.0000245	 .1960784	 .1176471	
 -.0000244	 .1176471	 3.921569E-02	
 -.0000243	 .1960784	 3.921569E-02	
 -.0000242	 .1176471	 3.921569E-02	
 -.0000241	 3.921569E-02	 3.921569E-02	
 -.000024	 3.921569E-02	 .1960784	
 -.0000239	 3.921569E-02	 .1176471	
 -.0000238	 3.921569E-02	 3.921569E-02	
 -.0000237	 .1176471	 .1176471	
 -.0000236	 3.921569E-02	 .1176471	
 -.0000235	 .1176471	 .1176471	
 -.0000234	 3.921569E-02	 .1176471	
 -.0000233	 3.921569E-02	 3.921569E-02	
 -.0000232	 3.921569E-02	 3.921569E-02	
 -.0000231	 .1176471	 .1176471	
 -.000023	 .1176471	 .1176471	
 -.0000229	 3.921569E-02	 3.921569E-02	
 -.0000228	 3.921569E-02	-3.921569E-02	
 -.0000227	-3.921569E-02	 3.921569E-02	
 -.0000226	 .1176471	 .1960784	
 -.0000225	 3.921569E-02	 3.921569E-02	
 -.0000224	-3.921569E-02	 .1176471	
 -.0000223	 3.921569E-02	 3.921569E-02	
 -.0000222	 3.921569E-02	 3.921569E-02	
 -.0000221	 .1176471	 .1176471	
 -.000022	 .1176471	 .1176471	
 -.0000219	 .1176471	-3.921569E-02	
 -.0000218	 .1176471	 3.921569E-02	
 -.0000217	 3.921569E-02	 3.921569E-02	
 -.0000216	 .1176471	 .1176471	
 -.0000215	 3.921569E-02	 3.921569E-02	
 -.0000214	 .1176471	 .1176471	
 -.0000213	 3.921569E-02	 3.921569E-02	
 -.0000212	 3.921569E-02	 3.921569E-02	
 -.0000211	 3.921569E-02	 .1176471	
 -.000021	 3.921569E-02	 .1176471	
 -.0000209	 3.921569E-02	 .1176471	
 -.0000208	 .1176471	-3.921569E-02	
 -.0000207	 .1176471	 .1176471	
 -.0000206	 3.921569E-02	 3.921569E-02	
 -.0000205	 .1176471	 3.921569E-02	
 -.0000204	 3.921569E-02	-3.921569E-02	
 -.0000203	 3.921569E-02	 .1176471	
 -.0000202	 3.921569E-02	 .1176471	
 -.0000201	-3.921569E-02	 .1176471	
 -.00002	 3.921569E-02	 3.921569E-02	
 -.0000199	 3.921569E-02	 3.921569E-02	
 -.0000198	 3.921569E-02	 3.921569E-02	
 -.0000197	 3.921569E-02	 3.921569E-02	
 -.0000196	 3.921569E-02	 3.921569E-02	
 -.0000195	 3.921569E-02	 3.921569E-02	
 -.0000194	 .1176471	 3.921569E-02	
 -.0000193	 .1176471	 3.921569E-02	
 -.0000192	 .1960784	 .1176471	
 -.0000191	 3.921569E-02	 .1176471	
 -.000019	 3.921569E-02	 .1176471	
 -.0000189	 .1960784	 .1176471	
 -.0000188	-3.921569E-02	 .1960784	
 -.0000187	 .1176471	 3.921569E-02	
 -.0000186	 .1176471	 .1176471	
 -.0000185	 3.921569E-02	 .1176471	
 -.0000184	 .1176471	 .1960784	
 -.0000183	 3.921569E-02	 .1176471	
 -.0000182	 3.921569E-02	 3.921569E-02	
 -.0000181	 .1176471	 3.921569E-02	
 -.000018	 .1176471	-3.921569E-02	
 -.0000179	 .1176471	-3.921569E-02	
 -.0000178	 3.921569E-02	 3.921569E-02	
 -.0000177	 .1176471	 3.921569E-02	
 -.0000176	-3.921569E-02	 3.921569E-02	
 -.0000175	-3.921569E-02	 3.921569E-02	
 -.0000174	 3.921569E-02	 .1176471	
 -.0000173	 3.921569E-02	 .1176471	
 -.0000172	 .1176471	 3.921569E-02	
 -.0000171	 .1176471	 3.921569E-02	
 -.000017	 3.921569E-02	 .1176471	
 -.0000169	-3.921569E-02	 .1176471	
 -.0000168	 .1176471	 3.921569E-02	
 -.0000167	 .1176471	 3.921569E-02	
 -.0000166	 3.921569E-02	 3.921569E-02	
 -.0000165	 3.921569E-02	 3.921569E-02	
 -.0000164	 3.921569E-02	 3.921569E-02	
 -.0000163	-3.921569E-02	 3.921569E-02	
 -.0000162	 3.921569E-02	 3.921569E-02	
 -.0000161	 3.921569E-02	 3.921569E-02	
 -.000016	 .1176471	 3.921569E-02	
 -.0000159	 .1176471	 .1176471	
 -.0000158	 .1176471	 3.921569E-02	
 -.0000157	 3.921569E-02	 .1176471	
 -.0000156	 .1176471	 3.921569E-02	
 -.0000155	-3.921569E-02	 .1176471	
 -.0000154	 .1176471	 .1960784	
 -.0000153	 3.921569E-02	-3.921569E-02	
 -.0000152	 3.921569E-02	 3.921569E-02	
 -.0000151	-3.921569E-02	 .1176471	
 -.000015	 3.921569E-02	 .1176471	
 -.0000149	 .1176471	 .1176471	
 -.0000148	 3.921569E-02	 3.921569E-02	
 -.0000147	 3.921569E-02	 3.921569E-02	
 -.0000146	 3.921569E-02	 3.921569E-02	
 -.0000145	 3.921569E-02	 .1176471	
 -.0000144	 3.921569E-02	 3.921569E-02	
 -.0000143	 3.921569E-02	 .1176471	
 -.0000142	 3.921569E-02	 3.921569E-02	
 -.0000141	 3.921569E-02	 3.921569E-02	
 -.000014	 .1176471	 3.921569E-02	
 -.0000139	 3.921569E-02	 3.921569E-02	
 -.0000138	 3.921569E-02	 3.921569E-02	
 -.0000137	 3.921569E-02	 3.921569E-02	
 -.0000136	 3.921569E-02	 3.921569E-02	
 -.0000135	 3.921569E-02	 3.921569E-02	
 -.0000134	 3.921569E-02	 3.921569E-02	
 -.0000133	 3.921569E-02	-3.921569E-02	
 -.0000132	 3.921569E-02	 .1176471	
 -.0000131	 3.921569E-02	 3.921569E-02	
 -.000013	 .1176471	 3.921569E-02	
 -.0000129	 .1176471	 3.921569E-02	
 -.0000128	 .1176471	 3.921569E-02	
 -.0000127	 .1176471	 .1176471	
 -.0000126	 3.921569E-02	 3.921569E-02	
 -.0000125	 3.921569E-02	 .1176471	
 -.0000124	-3.921569E-02	 3.921569E-02	
 -.0000123	-3.921569E-02	 3.921569E-02	
 -.0000122	 .1176471	 .1176471	
 -.0000121	 .1176471	 .1176471	
 -.000012	 .1176471	 3.921569E-02	
 -.0000119	 .1176471	 .1176471	
 -.0000118	 3.921569E-02	 .1176471	
 -.0000117	 .1176471	 .1176471	
 -.0000116	 3.921569E-02	-3.921569E-02	
 -.0000115	 .1176471	 3.921569E-02	
 -.0000114	 3.921569E-02	 3.921569E-02	
 -.0000113	 3.921569E-02	 3.921569E-02	
 -.0000112	 .1176471	 3.921569E-02	
 -.0000111	 .1176471	 .1176471	
 -.000011	 3.921569E-02	 3.921569E-02	
 -.0000109	 3.921569E-02	 .1176471	
 -.0000108	 .1176471	 .1176471	
 -.0000107	 .1176471	 .1176471	
 -.0000106	 .1176471	 3.921569E-02	
 -.0000105	 .1176471	 .1176471	
 -.0000104	 3.921569E-02	 .1176471	
 -.0000103	 3.921569E-02	 3.921569E-02	
 -.0000102	 3.921569E-02	 3.921569E-02	
 -.0000101	 3.921569E-02	 3.921569E-02	
 -.00001	 3.921569E-02	 3.921569E-02	
 -.0000099	 .1176471	 3.921569E-02	
 -.0000098	 3.921569E-02	 3.921569E-02	
 -.0000097	 3.921569E-02	 3.921569E-02	
 -.0000096	 3.921569E-02	 3.921569E-02	
 -.0000095	 3.921569E-02	 3.921569E-02	
 -.0000094	 3.921569E-02	 .1176471	
 -.0000093	 .1960784	 .1176471	
 -.0000092	 3.921569E-02	 3.921569E-02	
 -.0000091	 3.921569E-02	 .1176471	
 -.000009	 .1176471	 .1176471	
 -.0000089	-3.921569E-02	 3.921569E-02	
 -.0000088	 .1176471	 3.921569E-02	
 -.0000087	 .1176471	 .1176471	
 -.0000086	 3.921569E-02	 3.921569E-02	
 -.0000085	 .1176471	 .1176471	
 -.0000084	 3.921569E-02	 .1176471	
 -.0000083	 3.921569E-02	 .1176471	
 -.0000082	 3.921569E-02	 3.921569E-02	
 -.0000081	 3.921569E-02	 3.921569E-02	
 -.000008	 3.921569E-02	 3.921569E-02	
 -.0000079	 3.921569E-02	 3.921569E-02	
 -.0000078	 3.921569E-02	-3.921569E-02	
 -.0000077	 3.921569E-02	 3.921569E-02	
 -.0000076	-3.921569E-02	 3.921569E-02	
 -.0000075	 3.921569E-02	 .1176471	
 -.0000074	 3.921569E-02	 3.921569E-02	
 -.0000073	-3.921569E-02	 3.921569E-02	
 -.0000072	 3.921569E-02	 3.921569E-02	
 -.0000071	 3.921569E-02	 .1176471	
 -.000007	 .1176471	 .1960784	
 -.0000069	 3.921569E-02	 .1176471	
 -.0000068	 3.921569E-02	 .1176471	
 -.0000067	 3.921569E-02	-3.921569E-02	
 -.0000066	 3.921569E-02	 .1176471	
 -.0000065	 .1176471	 .1176471	
 -.0000064	 .1176471	 3.921569E-02	
 -.0000063	 3.921569E-02	-3.921569E-02	
 -.0000062	-3.921569E-02	 .1176471	
 -.0000061	 .1176471	 3.921569E-02	
 -.000006	 3.921569E-02	 .1176471	
 -.0000059	 3.921569E-02	-3.921569E-02	
 -.0000058	 3.921569E-02	 3.921569E-02	
 -.0000057	 3.921569E-02	 .1176471	
 -.0000056	 3.921569E-02	 3.921569E-02	
 -.0000055	 3.921569E-02	 .1176471	
 -.0000054	 3.921569E-02	 3.921569E-02	
 -.0000053	 3.921569E-02	 3.921569E-02	
 -.0000052	-3.921569E-02	 .1176471	
 -.0000051	 3.921569E-02	 .1176471	
 -.000005	 .1176471	 3.921569E-02	
 -.0000049	 .1176471	 3.921569E-02	
 -.0000048	 3.921569E-02	 3.921569E-02	
 -.0000047	 .1960784	 .1176471	
 -.0000046	 3.921569E-02	 .1176471	
 -.0000045	 .1176471	 3.921569E-02	
 -.0000044	 .1176471	-3.921569E-02	
 -.0000043	 3.921569E-02	-3.921569E-02	
 -.0000042	 3.921569E-02	 3.921569E-02	
 -.0000041	 3.921569E-02	 .1176471	
 -.000004	 3.921569E-02	 3.921569E-02	
 -.0000039	 3.921569E-02	 3.921569E-02	
 -.0000038	 .1176471	-3.921569E-02	
 -.0000037	 3.921569E-02	 3.921569E-02	
 -.0000036	 3.921569E-02	-3.921569E-02	
 -.0000035	 3.921569E-02	 3.921569E-02	
 -.0000034	 .1176471	 3.921569E-02	
 -.0000033	 3.921569E-02	 .1176471	
 -.0000032	 3.921569E-02	 3.921569E-02	
 -.0000031	 3.921569E-02	 3.921569E-02	
 -.000003	 .1176471	-3.921569E-02	
 -.0000029	 .1176471	 .1176471	
 -.0000028	 3.921569E-02	 .1176471	
 -.0000027	 3.921569E-02	 3.921569E-02	
 -.0000026	 .1176471	 3.921569E-02	
 -.0000025	-3.921569E-02	 3.921569E-02	
 -.0000024	 .1176471	-3.921569E-02	
 -.0000023	 3.921569E-02	 .1176471	
 -.0000022	 .1960784	 3.921569E-02	
 -.0000021	 3.921569E-02	 3.921569E-02	
 -.000002	 3.921569E-02	 3.921569E-02	
 -.0000019	 3.921569E-02	 .1176471	
 -.0000018	 .1176471	 3.921569E-02	
 -.0000017	 3.921569E-02	 .1176471	
 -.0000016	 3.921569E-02	-3.921569E-02	
 -.0000015	 3.921569E-02	-3.921569E-02	
 -.0000014	 3.921569E-02	 .1176471	
 -.0000013	 3.921569E-02	 .1176471	
 -.0000012	 3.921569E-02	 3.921569E-02	
 -.0000011	-3.921569E-02	 .1176471	
 -.000001	 3.921569E-02	 3.921569E-02	
 -.0000009	 .1176471	 .1176471	
 -.0000008	 3.921569E-02	 .1176471	
 -.0000007	 .1176471	 3.921569E-02	
 -.0000006	 3.921569E-02	 .1176471	
 -.0000005	 3.921569E-02	-3.921569E-02	
 -.0000004	 .1176471	 .1176471	
 -.0000003	-3.921569E-02	 3.921569E-02	
 -.0000002	 .1176471	 3.921569E-02	
 -.0000001	 3.921569E-02	 3.921569E-02	
  0	 3.921569E-02	 3.921569E-02	
  .0000001	 3.921569E-02	 3.921569E-02	
  .0000002	-3.921569E-02	 .1176471	
  .0000003	 3.921569E-02	 3.921569E-02	
  .0000004	 3.921569E-02	 3.921569E-02	
  .0000005	 .1176471	 .1176471	
  .0000006	 .1176471	 3.921569E-02	
  .0000007	 .1176471	 3.921569E-02	
  .0000008	 3.921569E-02	 3.921569E-02	
  .0000009	 .1960784	 3.921569E-02	
  .000001	 3.921569E-02	 3.921569E-02	
  .0000011	 .1176471	 3.921569E-02	
  .0000012	 3.921569E-02	 .1176471	
  .0000013	 3.921569E-02	 .1176471	
  .0000014	 .1960784	 .1176471	
  .0000015	 .1176471	 .1176471	
  .0000016	 .1176471	 .1176471	
  .0000017	 3.921569E-02	-3.921569E-02	
  .0000018	 3.921569E-02	 3.921569E-02	
  .0000019	 3.921569E-02	 3.921569E-02	
  .000002	 .1176471	 3.921569E-02	
  .0000021	 .1176471	-3.921569E-02	
  .0000022	 3.921569E-02	 3.921569E-02	
  .0000023	 3.921569E-02	 3.921569E-02	
  .0000024	 3.921569E-02	 .1176471	
  .0000025	 3.921569E-02	 3.921569E-02	
  .0000026	 3.921569E-02	 3.921569E-02	
  .0000027	 3.921569E-02	 .1176471	
  .0000028	 .1176471	 .1176471	
  .0000029	 .1176471	 .1176471	
  .000003	 3.921569E-02	 .1176471	
  .0000031	 .1176471	 .1960784	
  .0000032	 .1176471	 3.921569E-02	
  .0000033	 3.921569E-02	 .1176471	
  .0000034	 .1176471	 3.921569E-02	
  .0000035	 3.921569E-02	 .1176471	
  .0000036	 .1176471	 3.921569E-02	
  .0000037	 3.921569E-02	 .1176471	
  .0000038	 .1176471	 3.921569E-02	
  .0000039	 .1176471	 .1176471	
  .000004	 3.921569E-02	 3.921569E-02	
  .0000041	 3.921569E-02	 .1176471	
  .0000042	 .1176471	-3.921569E-02	
  .0000043	 3.921569E-02	 .1176471	
  .0000044	 .1176471	 .2745098	
  .0000045	 .1176471	 .1176471	
  .0000046	 .1176471	 .1176471	
  .0000047	 3.921569E-02	 .1176471	
  .0000048	 3.921569E-02	 .1176471	
  .0000049	 .1176471	 .1176471	
  .000005	 .1176471	 .1176471	
  .0000051	 .1176471	-3.921569E-02	
  .0000052	 3.921569E-02	 3.921569E-02	
  .0000053	 3.921569E-02	-3.921569E-02	
  .0000054	 3.921569E-02	 .1176471	
  .0000055	 3.921569E-02	 3.921569E-02	
  .0000056	 3.921569E-02	 3.921569E-02	
  .0000057	 3.921569E-02	 .1176471	
  .0000058	 .1176471	 .1176471	
  .0000059	 3.921569E-02	 3.921569E-02	
  .000006	 3.921569E-02	 .1176471	
  .0000061	 3.921569E-02	 .1176471	
  .0000062	 3.921569E-02	 .1176471	
  .0000063	 3.921569E-02	 3.921569E-02	
  .0000064	 3.921569E-02	 3.921569E-02	
  .0000065	 3.921569E-02	-3.921569E-02	
  .0000066	 3.921569E-02	 .1176471	
  .0000067	 3.921569E-02	-3.921569E-02	
  .0000068	 .1176471	 .1176471	
  .0000069	 .1176471	 3.921569E-02	
  .000007	 .1176471	-3.921569E-02	
  .0000071	 .1176471	 .1176471	
  .0000072	 3.921569E-02	 3.921569E-02	
  .0000073	 .1176471	 .1176471	
  .0000074	 3.921569E-02	 3.921569E-02	
  .0000075	 3.921569E-02	 3.921569E-02	
  .0000076	 .1960784	 .1960784	
  .0000077	 .1176471	 .1176471	
  .0000078	 .1176471	 .1176471	
  .0000079	 3.921569E-02	 3.921569E-02	
  .000008	 3.921569E-02	 3.921569E-02	
  .0000081	 3.921569E-02	 3.921569E-02	
  .0000082	 .1176471	 .1176471	
  .0000083	 3.921569E-02	-3.921569E-02	
  .0000084	 3.921569E-02	-3.921569E-02	
  .0000085	 .1176471	 3.921569E-02	
  .0000086	 3.921569E-02	 3.921569E-02	
  .0000087	 3.921569E-02	 3.921569E-02	
  .0000088	 3.921569E-02	 3.921569E-02	
  .0000089	 3.921569E-02	 3.921569E-02	
  .000009	 .1176471	 .1176471	
  .0000091	 3.921569E-02	 3.921569E-02	
  .0000092	 .1176471	 3.921569E-02	
  .0000093	 3.921569E-02	 .1176471	
  .0000094	 3.921569E-02	 3.921569E-02	
  .0000095	 3.921569E-02	 .1176471	
  .0000096	 .1176471	 .1176471	
  .0000097	 .1960784	 3.921569E-02	
  .0000098	 3.921569E-02	 3.921569E-02	
  .0000099	 3.921569E-02	 3.921569E-02	
  .00001	 .1176471	 .1176471	
  .0000101	 3.921569E-02	 .1176471	
  .0000102	 3.921569E-02	-3.921569E-02	
  .0000103	 3.921569E-02	 3.921569E-02	
  .0000104	 3.921569E-02	 .1176471	
  .0000105	 .1176471	 .1176471	
  .0000106	 .1176471	 3.921569E-02	
  .0000107	 3.921569E-02	-3.921569E-02	
  .0000108	 .1176471	 3.921569E-02	
  .0000109	 3.921569E-02	 .1176471	
  .000011	 .1960784	 .1176471	
  .0000111	 .1176471	 .1176471	
  .0000112	 3.921569E-02	 .1176471	
  .0000113	 .1176471	 .1176471	
  .0000114	 3.921569E-02	 .1176471	
  .0000115	 3.921569E-02	 .1176471	
  .0000116	 .1176471	 3.921569E-02	
  .0000117	 3.921569E-02	 3.921569E-02	
  .0000118	 .1176471	 .1176471	
  .0000119	 3.921569E-02	 .1176471	
  .000012	 .1176471	 3.921569E-02	
  .0000121	 3.921569E-02	 .1176471	
  .0000122	 3.921569E-02	 .1176471	
  .0000123	 .1176471	 .1176471	
  .0000124	 .1176471	 .1176471	
  .0000125	 3.921569E-02	 3.921569E-02	
  .0000126	 3.921569E-02	-3.921569E-02	
  .0000127	-3.921569E-02	 .1176471	
  .0000128	 .1176471	 .1176471	
  .0000129	 3.921569E-02	 .1176471	
  .000013	 3.921569E-02	 .1960784	
  .0000131	 3.921569E-02	 .1176471	
  .0000132	-3.921569E-02	 .1176471	
  .0000133	 3.921569E-02	 3.921569E-02	
  .0000134	 3.921569E-02	 3.921569E-02	
  .0000135	 .1176471	 3.921569E-02	
  .0000136	-3.921569E-02	 3.921569E-02	
  .0000137	 .1176471	 .1176471	
  .0000138	 .1176471	 .1176471	
  .0000139	 3.921569E-02	 .1176471	
  .000014	-3.921569E-02	 3.921569E-02	
  .0000141	 3.921569E-02	-3.921569E-02	
  .0000142	 3.921569E-02	 .1176471	
  .0000143	 3.921569E-02	 .2745098	
  .0000144	 3.921569E-02	-3.921569E-02	
  .0000145	 3.921569E-02	 3.921569E-02	
  .0000146	-3.921569E-02	 .1176471	
  .0000147	 .1176471	 .1176471	
  .0000148	 .1176471	 .1176471	
  .0000149	 .1176471	 3.921569E-02	
  .000015	 3.921569E-02	 3.921569E-02	
  .0000151	 .1176471	 .1176471	
  .0000152	 .1176471	 3.921569E-02	
  .0000153	 .1176471	 3.921569E-02	
  .0000154	 3.921569E-02	-3.921569E-02	
  .0000155	 3.921569E-02	-3.921569E-02	
  .0000156	 3.921569E-02	 .1176471	
  .0000157	 .1176471	 .1176471	
  .0000158	 3.921569E-02	 3.921569E-02	
  .0000159	 3.921569E-02	 .1960784	
  .000016	 .1176471	 .1176471	
  .0000161	 3.921569E-02	 .1176471	
  .0000162	 3.921569E-02	 3.921569E-02	
  .0000163	 .1176471	 3.921569E-02	
  .0000164	 3.921569E-02	 3.921569E-02	
  .0000165	 .1176471	 .1960784	
  .0000166	 3.921569E-02	 3.921569E-02	
  .0000167	 3.921569E-02	 3.921569E-02	
  .0000168	 .1176471	-3.921569E-02	
  .0000169	 .1176471	 3.921569E-02	
  .000017	 .1176471	 .1176471	
  .0000171	-3.921569E-02	 3.921569E-02	
  .0000172	 .1176471	 .1176471	
  .0000173	-3.921569E-02	 3.921569E-02	
  .0000174	 3.921569E-02	-3.921569E-02	
  .0000175	 .1176471	 .1176471	
  .0000176	 .1176471	 .1176471	
  .0000177	 .1176471	 3.921569E-02	
  .0000178	 3.921569E-02	 3.921569E-02	
  .0000179	 3.921569E-02	 3.921569E-02	
  .000018	 .1176471	 3.921569E-02	
  .0000181	 .1176471	 3.921569E-02	
  .0000182	 .1176471	 .1176471	
  .0000183	 3.921569E-02	-3.921569E-02	
  .0000184	 .1176471	 .1176471	
  .0000185	 .1176471	 .1176471	
  .0000186	 3.921569E-02	 .1176471	
  .0000187	 3.921569E-02	 .1176471	
  .0000188	 3.921569E-02	 3.921569E-02	
  .0000189	 .1176471	 3.921569E-02	
  .000019	 .1176471	 .1176471	
  .0000191	 .1176471	 3.921569E-02	
  .0000192	 .1176471	 .1176471	
  .0000193	 .1176471	-3.921569E-02	
  .0000194	 .1176471	 .1176471	
  .0000195	 3.921569E-02	 3.921569E-02	
  .0000196	 .1960784	 .1176471	
  .0000197	 3.921569E-02	 .1176471	
  .0000198	 .1176471	 3.921569E-02	
  .0000199	 3.921569E-02	 3.921569E-02	
  .00002	 3.921569E-02	 3.921569E-02	
  .0000201	 3.921569E-02	 3.921569E-02	
  .0000202	 .1176471	 .1176471	
  .0000203	 3.921569E-02	 3.921569E-02	
  .0000204	 .1176471	 .1176471	
  .0000205	 3.921569E-02	 3.921569E-02	
  .0000206	 .1176471	-3.921569E-02	
  .0000207	 .1176471	 .1176471	
  .0000208	 3.921569E-02	 .1176471	
  .0000209	 .1960784	 .1176471	
  .000021	 .1960784	 .1176471	
  .0000211	 3.921569E-02	 3.921569E-02	
  .0000212	 .1176471	 .1176471	
  .0000213	-3.921569E-02	 .1176471	
  .0000214	 .1176471	 .1176471	
  .0000215	 .1176471	 3.921569E-02	
  .0000216	 .1176471	 3.921569E-02	
  .0000217	 .1176471	 .1176471	
  .0000218	 3.921569E-02	 3.921569E-02	
  .0000219	 3.921569E-02	 3.921569E-02	
  .000022	 3.921569E-02	 3.921569E-02	
  .0000221	 3.921569E-02	 3.921569E-02	
  .0000222	 .1176471	 3.921569E-02	
  .0000223	 3.921569E-02	 .1176471	
  .0000224	 3.921569E-02	 .1176471	
  .0000225	 3.921569E-02	 3.921569E-02	
  .0000226	-3.921569E-02	 .1176471	
  .0000227	 3.921569E-02	 .1176471	
  .0000228	 3.921569E-02	-3.921569E-02	
  .0000229	 .1176471	 .1176471	
  .000023	 3.921569E-02	 3.921569E-02	
  .0000231	 3.921569E-02	 .1176471	
  .0000232	 .1176471	-3.921569E-02	
  .0000233	 .1176471	 3.921569E-02	
  .0000234	 .1176471	 3.921569E-02	
  .0000235	 3.921569E-02	 3.921569E-02	
  .0000236	 .1960784	 .1176471	
  .0000237	 3.921569E-02	 .1176471	
  .0000238	 .1176471	 .1176471	
  .0000239	 3.921569E-02	 .1176471	
  .000024	 .1176471	 3.921569E-02	
  .0000241	 .1176471	 .1176471	
  .0000242	 3.921569E-02	 .1960784	
  .0000243	 .1176471	 3.921569E-02	
  .0000244	 .1176471	 3.921569E-02	
  .0000245	-3.921569E-02	 3.921569E-02	
  .0000246	 3.921569E-02	 .1176471	
  .0000247	 .1960784	 .1176471	
  .0000248	 .1960784	-3.921569E-02	
  .0000249	 .1176471	-3.921569E-02	
  .000025	 .1176471	 .1176471	
  .0000251	 3.921569E-02	-3.921569E-02	
  .0000252	 .1176471	 3.921569E-02	
  .0000253	 .1176471	 3.921569E-02	
  .0000254	 .1176471	-3.921569E-02	
  .0000255	 3.921569E-02	 .1176471	
  .0000256	 3.921569E-02	 3.921569E-02	
  .0000257	 3.921569E-02	 3.921569E-02	
  .0000258	-.1960784	-1.372549	
  .0000259	-3.921569E-02	 1.058824	
  .000026	-.3529412	-1.058824	
  .0000261	-.2745098	 .3529412	
  .0000262	-.509804	 .3529412	
  .0000263	-.5882353	-.1176471	
  .0000264	-.6666667	 3.921569E-02	
  .0000265	-.7450981	 3.921569E-02	
  .0000266	-.7450981	-3.921569E-02	
  .0000267	-.7450981	 .1960784	
  .0000268	-.7450981	 .1960784	
  .0000269	-.7450981	 .1176471	
  .000027	-.8235294	 .2745098	
  .0000271	-.9803922	 .4313726	
  .0000272	-.9803922	 .3529412	
  .0000273	-.9803922	 .3529412	
  .0000274	-.9019608	 .509804	
  .0000275	-1.058824	 .509804	
  .0000276	-.9019608	 .509804	
  .0000277	-.9019608	 .509804	
  .0000278	-.9019608	 .7450981	
  .0000279	-1.058824	 .6666667	
  .000028	-.9803922	 .7450981	
  .0000281	-1.058824	 .7450981	
  .0000282	-.9803922	 .8235294	
  .0000283	-.9803922	 .8235294	
  .0000284	-.9019608	 .9019608	
  .0000285	-.9803922	 .9803922	
  .0000286	-1.058824	 .9803922	
  .0000287	-.9803922	 .9019608	
  .0000288	-.9803922	 .9803922	
  .0000289	-1.058824	 1.058824	
  .000029	-.9803922	 .9803922	
  .0000291	-.9803922	 1.058824	
  .0000292	-.9803922	 1.058824	
  .0000293	-1.058824	 1.215686	
  .0000294	-1.058824	 1.215686	
  .0000295	-.9803922	 1.215686	
  .0000296	-1.058824	 1.294118	
  .0000297	-1.058824	 1.215686	
  .0000298	-1.058824	 1.294118	
  .0000299	-1.058824	 1.45098	
  .00003	-1.058824	 1.372549	
  .0000301	-1.058824	 1.372549	
  .0000302	-1.058824	 1.45098	
  .0000303	-1.058824	 1.607843	
  .0000304	-1.058824	 1.529412	
  .0000305	-1.058824	 1.529412	
  .0000306	-.9019608	 1.607843	
  .0000307	-.9803922	 1.686275	
  .0000308	-.9803922	 1.607843	
  .0000309	-.9803922	 1.764706	
  .000031	-1.137255	 1.686275	
  .0000311	-.9803922	 1.764706	
  .0000312	-1.058824	 1.764706	
  .0000313	-.9803922	 1.843137	
  .0000314	-1.058824	 1.764706	
  .0000315	-1.058824	 1.764706	
  .0000316	-1.058824	 1.843137	
  .0000317	-.9803922	 1.764706	
  .0000318	-1.058824	 1.843137	
  .0000319	-1.058824	 1.843137	
  .000032	-1.058824	 1.921569	
  .0000321	-.9803922	 1.921569	
  .0000322	-.9803922	 2	
  .0000323	-.9803922	 2	
  .0000324	-.9803922	 2	
  .0000325	-1.058824	 2	
  .0000326	-.9803922	 2.078431	
  .0000327	-1.058824	 2.078431	
  .0000328	-.9803922	 2.078431	
  .0000329	-1.058824	 2.078431	
  .000033	-.9803922	 2.156863	
  .0000331	-.9803922	 2.156863	
  .0000332	-.9803922	 2.156863	
  .0000333	-.9803922	 2.078431	
  .0000334	-1.058824	 2.156863	
  .0000335	-.9803922	 2.235294	
  .0000336	-.9803922	 2.313725	
  .0000337	-.9803922	 2.235294	
  .0000338	-.9803922	 2.235294	
  .0000339	-.9803922	 2.235294	
  .000034	-.9803922	 2.392157	
  .0000341	-.9019608	 2.392157	
  .0000342	-.9803922	 2.235294	
  .0000343	-1.058824	 2.313725	
  .0000344	-1.058824	 2.392157	
  .0000345	-.9019608	 2.392157	
  .0000346	-.9803922	 2.470588	
  .0000347	-.9019608	 2.313725	
  .0000348	-1.058824	 2.392157	
  .0000349	-.9803922	 2.392157	
  .000035	-.9803922	 2.392157	
  .0000351	-.9019608	 2.470588	
  .0000352	-.9803922	 2.470588	
  .0000353	-.9803922	 2.392157	
  .0000354	-.9803922	 2.54902	
  .0000355	-.9019608	 2.470588	
  .0000356	-.9803922	 2.54902	
  .0000357	-.9803922	 2.627451	
  .0000358	-1.058824	 2.54902	
  .0000359	-1.058824	 2.54902	
  .000036	-1.058824	 2.54902	
  .0000361	-1.058824	 2.54902	
  .0000362	-1.058824	 2.54902	
  .0000363	-.9803922	 2.627451	
  .0000364	-.9803922	 2.627451	
  .0000365	-.9803922	 2.627451	
  .0000366	-1.058824	 2.627451	
  .0000367	-1.058824	 2.627451	
  .0000368	-.9803922	 2.705882	
  .0000369	-1.058824	 2.627451	
  .000037	-.9803922	 2.705882	
  .0000371	-1.058824	 2.705882	
  .0000372	-.9803922	 2.627451	
  .0000373	-.9803922	 2.784314	
  .0000374	-.9803922	 2.784314	
  .0000375	-.9803922	 2.705882	
  .0000376	-.9803922	 2.705882	
  .0000377	-.9803922	 2.784314	
  .0000378	-1.058824	 2.784314	
  .0000379	-.9803922	 2.784314	
  .000038	-.9803922	 2.784314	
  .0000381	-1.058824	 2.862745	
  .0000382	-.9803922	 2.784314	
  .0000383	-.9803922	 2.862745	
  .0000384	-.9803922	 2.941176	
  .0000385	-1.058824	 2.862745	
  .0000386	-.9803922	 2.784314	
  .0000387	-.9803922	 2.784314	
  .0000388	-.9803922	 3.019608	
  .0000389	-1.058824	 2.941176	
  .000039	-.9019608	 2.862745	
  .0000391	-.9803922	 2.941176	
  .0000392	-.9803922	 2.941176	
  .0000393	-.9803922	 2.862745	
  .0000394	-.9803922	 2.941176	
  .0000395	-.9803922	 2.941176	
  .0000396	-1.058824	 2.862745	
  .0000397	-1.058824	 2.941176	
  .0000398	-1.058824	 2.941176	
  .0000399	-.9803922	 2.862745	
  .00004	-.9019608	 2.941176	
  .0000401	-.9019608	 2.941176	
  .0000402	-.9803922	 2.941176	
  .0000403	-.9803922	 3.019608	
  .0000404	-1.058824	 2.941176	
  .0000405	-.8235294	 3.019608	
  .0000406	-1.058824	 3.019608	
  .0000407	-.9803922	 3.019608	
  .0000408	-.9803922	 3.019608	
  .0000409	-.9803922	 2.941176	
  .000041	-.9019608	 3.019608	
  .0000411	-.9803922	 3.098039	
  .0000412	-.9019608	 3.098039	
  .0000413	-.9803922	 3.019608	
  .0000414	-.9803922	 3.019608	
  .0000415	-.9019608	 3.019608	
  .0000416	-.9803922	 3.098039	
  .0000417	-.9803922	 3.019608	
  .0000418	-.9019608	 3.019608	
  .0000419	-.9803922	 3.019608	
  .000042	-1.058824	 3.254902	
  .0000421	-.9803922	 3.098039	
  .0000422	-.9803922	 3.098039	
  .0000423	-.9803922	 3.098039	
  .0000424	-.9019608	 3.098039	
  .0000425	-.9019608	 3.176471	
  .0000426	-.9803922	 3.176471	
  .0000427	-.9019608	 3.176471	
  .0000428	-.9803922	 3.098039	
  .0000429	-.9803922	 3.098039	
  .000043	-.9019608	 3.176471	
  .0000431	-.9019608	 3.176471	
  .0000432	-.9803922	 3.176471	
  .0000433	-1.058824	 3.176471	
  .0000434	-.9019608	 3.176471	
  .0000435	-.9803922	 3.254902	
  .0000436	-.9019608	 3.176471	
  .0000437	-.9019608	 3.176471	
  .0000438	-.9019608	 3.098039	
  .0000439	-.9019608	 3.254902	
  .000044	-.9019608	 3.254902	
  .0000441	-.9019608	 3.176471	
  .0000442	-.9803922	 3.098039	
  .0000443	-1.058824	 3.176471	
  .0000444	-.9019608	 3.176471	
  .0000445	-.9019608	 3.254902	
  .0000446	-.9019608	 3.098039	
  .0000447	-.9019608	 3.098039	
  .0000448	-.9019608	 3.176471	
  .0000449	-.9019608	 3.176471	
  .000045	-.9019608	 3.176471	
  .0000451	-.9803922	 3.098039	
  .0000452	-.9019608	 3.098039	
  .0000453	-.9019608	 3.254902	
  .0000454	-.9019608	 3.176471	
  .0000455	-.9803922	 3.254902	
  .0000456	-.9019608	 3.176471	
  .0000457	-.9803922	 3.176471	
  .0000458	-.9803922	 3.254902	
  .0000459	-.9803922	 3.254902	
  .000046	-.9019608	 3.254902	
  .0000461	-.9803922	 3.098039	
  .0000462	-.9019608	 3.254902	
  .0000463	-.9019608	 3.176471	
  .0000464	-.9019608	 3.176471	
  .0000465	-.9019608	 3.098039	
  .0000466	-.9019608	 3.176471	
  .0000467	-.9019608	 3.333333	
  .0000468	-.9019608	 3.254902	
  .0000469	-.8235294	 3.254902	
  .000047	-.9019608	 3.254902	
  .0000471	-.9019608	 3.176471	
  .0000472	-.9019608	 3.333333	
  .0000473	-.9019608	 3.254902	
  .0000474	-.9019608	 3.254902	
  .0000475	-.9019608	 3.254902	
  .0000476	-.9019608	 3.333333	
  .0000477	-.9019608	 3.333333	
  .0000478	-.9019608	 3.254902	
  .0000479	-.9019608	 3.176471	
  .000048	-.9019608	 3.176471	
  .0000481	-.9019608	 3.254902	
  .0000482	-.9803922	 3.254902	
  .0000483	-.9803922	 3.254902	
  .0000484	-.9803922	 3.333333	
  .0000485	-.9019608	 3.176471	
  .0000486	-.9019608	 3.333333	
  .0000487	-.9019608	 3.333333	
  .0000488	-.9803922	 3.254902	
  .0000489	-.9019608	 3.254902	
  .000049	-.9019608	 3.254902	
  .0000491	-.9019608	 3.176471	
  .0000492	-.8235294	 3.254902	
  .0000493	-.9019608	 3.176471	
  .0000494	-.9019608	 3.333333	
  .0000495	-.9803922	 3.254902	
  .0000496	-.9019608	 3.254902	
  .0000497	-.9019608	 3.254902	
  .0000498	-.9803922	 3.176471	
  .0000499	-.9019608	 3.254902	
  .00005	-.9019608	 3.333333	
  .0000501	-.7450981	 3.333333	
  .0000502	-.9803922	 3.333333	
  .0000503	-.9019608	 3.176471	
  .0000504	-.8235294	 3.254902	
  .0000505	-.9803922	 3.333333	
  .0000506	-.8235294	 3.254902	
  .0000507	-.8235294	 3.254902	
  .0000508	-.9019608	 3.254902	
  .0000509	-.8235294	 3.254902	
  .000051	-.8235294	 3.333333	
  .0000511	-.9019608	 3.254902	
  .0000512	-.8235294	 3.176471	
  .0000513	-.8235294	 3.254902	
  .0000514	-.8235294	 3.254902	
  .0000515	-.9019608	 3.254902	
  .0000516	-.9019608	 3.176471	
  .0000517	-.9019608	 3.254902	
  .0000518	-.9019608	 3.176471	
  .0000519	-.9019608	 3.176471	
  .000052	-.8235294	 3.254902	
  .0000521	-.9803922	 3.333333	
  .0000522	-.9019608	 3.176471	
  .0000523	-.9019608	 3.254902	
  .0000524	-.9019608	 3.411765	
  .0000525	-.9019608	 3.333333	
  .0000526	-.8235294	 3.333333	
  .0000527	-.8235294	 3.176471	
  .0000528	-.9019608	 3.254902	
  .0000529	-.7450981	 3.254902	
  .000053	-.8235294	 3.176471	
  .0000531	-.9019608	 3.254902	
  .0000532	-.9803922	 3.254902	
  .0000533	-.8235294	 3.254902	
  .0000534	-.9019608	 3.333333	
  .0000535	-.8235294	 3.333333	
  .0000536	-.9019608	 3.254902	
  .0000537	-.8235294	 3.176471	
  .0000538	-.9019608	 3.254902	
  .0000539	-.9019608	 3.254902	
  .000054	-.8235294	 3.254902	
  .0000541	-.8235294	 3.176471	
  .0000542	-.9019608	 3.333333	
  .0000543	-.9019608	 3.254902	
  .0000544	-.7450981	 3.254902	
  .0000545	-.8235294	 3.254902	
  .0000546	-.9019608	 3.176471	
  .0000547	-.8235294	 3.254902	
  .0000548	-.9019608	 3.176471	
  .0000549	-.8235294	 3.254902	
  .000055	-.9019608	 3.176471	
  .0000551	-.9019608	 3.254902	
  .0000552	-.9019608	 3.254902	
  .0000553	-.8235294	 3.254902	
  .0000554	-.8235294	 3.254902	
  .0000555	-.8235294	 3.254902	
  .0000556	-.9019608	 3.254902	
  .0000557	-.9019608	 3.254902	
  .0000558	-.9019608	 3.254902	
  .0000559	-.9019608	 3.254902	
  .000056	-.9019608	 3.254902	
  .0000561	-.8235294	 3.333333	
  .0000562	-.9019608	 3.176471	
  .0000563	-.9019608	 3.254902	
  .0000564	-.8235294	 3.176471	
  .0000565	-.9019608	 3.176471	
  .0000566	-.8235294	 3.254902	
  .0000567	-.9019608	 3.176471	
  .0000568	-.8235294	 3.333333	
  .0000569	-.9019608	 3.176471	
  .000057	-.9019608	 3.098039	
  .0000571	-.8235294	 3.333333	
  .0000572	-.8235294	 3.254902	
  .0000573	-.8235294	 3.254902	
  .0000574	-.9019608	 3.098039	
  .0000575	-.9019608	 3.254902	
  .0000576	-.9019608	 3.333333	
  .0000577	-.8235294	 3.254902	
  .0000578	-.8235294	 3.098039	
  .0000579	-.8235294	 3.176471	
  .000058	-.8235294	 3.176471	
  .0000581	-.8235294	 3.176471	
  .0000582	-.9019608	 3.254902	
  .0000583	-.8235294	 3.254902	
  .0000584	-.9019608	 3.176471	
  .0000585	-.8235294	 3.254902	
  .0000586	-.8235294	 3.176471	
  .0000587	-.7450981	 3.176471	
  .0000588	-.8235294	 3.176471	
  .0000589	-.8235294	 3.176471	
  .000059	-.9019608	 3.176471	
  .0000591	-.8235294	 3.176471	
  .0000592	-.8235294	 3.176471	
  .0000593	-.8235294	 3.176471	
  .0000594	-.9019608	 3.098039	
  .0000595	-.8235294	 3.254902	
  .0000596	-.9019608	 3.176471	
  .0000597	-.8235294	 3.176471	
  .0000598	-.8235294	 3.176471	
  .0000599	-.9019608	 3.254902	
  .00006	-.7450981	 3.254902	
  .0000601	-.8235294	 3.254902	
  .0000602	-.8235294	 3.098039	
  .0000603	-.7450981	 3.254902	
  .0000604	-.8235294	 3.254902	
  .0000605	-.8235294	 3.176471	
  .0000606	-.7450981	 3.254902	
  .0000607	-.8235294	 3.176471	
  .0000608	-.7450981	 3.254902	
  .0000609	-.8235294	 3.254902	
  .000061	-.8235294	 3.098039	
  .0000611	-.9019608	 3.098039	
  .0000612	-.9019608	 3.098039	
  .0000613	-.9019608	 3.098039	
  .0000614	-.9019608	 3.098039	
  .0000615	-.9019608	 3.098039	
  .0000616	-.8235294	 3.098039	
  .0000617	-.8235294	 3.098039	
  .0000618	-.9019608	 3.176471	
  .0000619	-.9019608	 3.176471	
  .000062	-.8235294	 3.098039	
  .0000621	-.7450981	 3.019608	
  .0000622	-.8235294	 3.176471	
  .0000623	-.8235294	 3.176471	
  .0000624	-.8235294	 3.098039	
  .0000625	-.9019608	 3.254902	
  .0000626	-.8235294	 3.019608	
  .0000627	-.9019608	 3.098039	
  .0000628	-.8235294	 3.098039	
  .0000629	-.8235294	 3.098039	
  .000063	-.8235294	 3.098039	
  .0000631	-.8235294	 3.098039	
  .0000632	-.8235294	 3.176471	
  .0000633	-.8235294	 3.176471	
  .0000634	-.8235294	 3.176471	
  .0000635	-.8235294	 3.176471	
  .0000636	-.8235294	 3.019608	
  .0000637	-.8235294	 3.098039	
  .0000638	-.8235294	 3.254902	
  .0000639	-.7450981	 3.098039	
  .000064	-.8235294	 3.098039	
  .0000641	-.8235294	 3.098039	
  .0000642	-.7450981	 3.176471	
  .0000643	-.7450981	 3.176471	
  .0000644	-.7450981	 3.098039	
  .0000645	-.7450981	 3.098039	
  .0000646	-.7450981	 3.098039	
  .0000647	-.8235294	 3.098039	
  .0000648	-.8235294	 3.176471	
  .0000649	-.7450981	 3.019608	
  .000065	-.8235294	 3.019608	
  .0000651	-.8235294	 3.098039	
  .0000652	-.8235294	 3.176471	
  .0000653	-.8235294	 3.098039	
  .0000654	-.8235294	 3.019608	
  .0000655	-.8235294	 3.098039	
  .0000656	-.8235294	 3.098039	
  .0000657	-.7450981	 3.098039	
  .0000658	-.7450981	 3.098039	
  .0000659	-.8235294	 3.019608	
  .000066	-.8235294	 3.098039	
  .0000661	-.8235294	 3.098039	
  .0000662	-.8235294	 2.941176	
  .0000663	-.7450981	 3.019608	
  .0000664	-.8235294	 3.019608	
  .0000665	-.7450981	 3.098039	
  .0000666	-.7450981	 3.019608	
  .0000667	-.7450981	 3.098039	
  .0000668	-.8235294	 3.019608	
  .0000669	-.7450981	 3.019608	
  .000067	-.7450981	 3.098039	
  .0000671	-.8235294	 3.019608	
  .0000672	-.8235294	 3.019608	
  .0000673	-.8235294	 2.941176	
  .0000674	-.8235294	 3.098039	
  .0000675	-.8235294	 3.098039	
  .0000676	-.8235294	 3.019608	
  .0000677	-.8235294	 3.019608	
  .0000678	-.8235294	 2.941176	
  .0000679	-.8235294	 3.019608	
  .000068	-.7450981	 3.098039	
  .0000681	-.8235294	 3.019608	
  .0000682	-.8235294	 3.019608	
  .0000683	-.8235294	 3.019608	
  .0000684	-.7450981	 3.019608	
  .0000685	-.7450981	 3.019608	
  .0000686	-.7450981	 3.098039	
  .0000687	-.7450981	 3.019608	
  .0000688	-.8235294	 2.941176	
  .0000689	-.8235294	 3.098039	
  .000069	-.8235294	 3.019608	
  .0000691	-.7450981	 3.098039	
  .0000692	-.7450981	 3.019608	
  .0000693	-.7450981	 3.019608	
  .0000694	-.8235294	 3.098039	
  .0000695	-.7450981	 3.098039	
  .0000696	-.7450981	 3.019608	
  .0000697	-.7450981	 2.941176	
  .0000698	-.8235294	 3.098039	
  .0000699	-.6666667	 3.019608	
  .00007	-.7450981	 2.941176	
  .0000701	-.8235294	 2.941176	
  .0000702	-.7450981	 3.019608	
  .0000703	-.7450981	 3.098039	
  .0000704	-.6666667	 3.019608	
  .0000705	-.7450981	 3.019608	
  .0000706	-.7450981	 2.941176	
  .0000707	-.6666667	 2.941176	
  .0000708	-.7450981	 3.098039	
  .0000709	-.7450981	 2.941176	
  .000071	-.8235294	 2.941176	
  .0000711	-.7450981	 2.941176	
  .0000712	-.8235294	 3.019608	
  .0000713	-.7450981	 2.941176	
  .0000714	-.8235294	 2.941176	
  .0000715	-.8235294	 2.862745	
  .0000716	-.7450981	 2.941176	
  .0000717	-.7450981	 2.941176	
  .0000718	-.8235294	 3.019608	
  .0000719	-.8235294	 2.941176	
  .000072	-.7450981	 2.862745	
  .0000721	-.7450981	 3.019608	
  .0000722	-.7450981	 3.019608	
  .0000723	-.7450981	 2.941176	
  .0000724	-.7450981	 3.019608	
  .0000725	-.7450981	 2.862745	
  .0000726	-.8235294	 2.941176	
  .0000727	-.7450981	 2.862745	
  .0000728	-.8235294	 2.941176	
  .0000729	-.7450981	 2.862745	
  .000073	-.8235294	 2.941176	
  .0000731	-.7450981	 2.941176	
  .0000732	-.7450981	 3.019608	
  .0000733	-.7450981	 2.941176	
  .0000734	-.7450981	 2.941176	
  .0000735	-.8235294	 2.784314	
  .0000736	-.8235294	 2.941176	
  .0000737	-.8235294	 2.941176	
  .0000738	-.7450981	 2.862745	
  .0000739	-.8235294	 2.941176	
  .000074	-.7450981	 2.941176	
  .0000741	-.7450981	 2.941176	
  .0000742	-.6666667	 2.862745	
  .0000743	-.6666667	 2.862745	
  .0000744	-.7450981	 2.862745	
  .0000745	-.6666667	 2.941176	
  .0000746	-.6666667	 2.784314	
  .0000747	-.6666667	 2.941176	
  .0000748	-.6666667	 2.862745	
  .0000749	-.8235294	 2.784314	
  .000075	-.7450981	 2.862745	
  .0000751	-.7450981	 2.862745	
  .0000752	-.7450981	 2.862745	
  .0000753	-.6666667	 2.862745	
  .0000754	-.7450981	 2.862745	
  .0000755	-.7450981	 2.862745	
  .0000756	-.7450981	 2.941176	
  .0000757	-.7450981	 2.862745	
  .0000758	-.7450981	 2.941176	
  .0000759	-.6666667	 2.862745	
  .000076	-.7450981	 2.941176	
  .0000761	-.7450981	 2.941176	
  .0000762	-.7450981	 2.784314	
  .0000763	-.7450981	 2.784314	
  .0000764	-.6666667	 2.862745	
  .0000765	-.7450981	 2.784314	
  .0000766	-.6666667	 3.019608	
  .0000767	-.7450981	 2.784314	
  .0000768	-.7450981	 2.784314	
  .0000769	-.7450981	 2.941176	
  .000077	-.6666667	 2.862745	
  .0000771	-.6666667	 2.784314	
  .0000772	-.7450981	 2.784314	
  .0000773	-.7450981	 2.862745	
  .0000774	-.6666667	 2.862745	
  .0000775	-.7450981	 2.784314	
  .0000776	-.7450981	 2.862745	
  .0000777	-.6666667	 2.862745	
  .0000778	-.7450981	 2.784314	
  .0000779	-.7450981	 2.784314	
  .000078	-.7450981	 2.862745	
  .0000781	-.7450981	 2.784314	
  .0000782	-.7450981	 2.784314	
  .0000783	-.6666667	 2.862745	
  .0000784	-.6666667	 2.784314	
  .0000785	-.6666667	 2.784314	
  .0000786	-.6666667	 2.862745	
  .0000787	-.7450981	 2.705882	
  .0000788	-.7450981	 2.705882	
  .0000789	-.7450981	 2.705882	
  .000079	-.7450981	 2.784314	
  .0000791	-.7450981	 2.705882	
  .0000792	-.7450981	 2.784314	
  .0000793	-.7450981	 2.784314	
  .0000794	-.8235294	 2.784314	
  .0000795	-.7450981	 2.705882	
  .0000796	-.7450981	 2.784314	
  .0000797	-.6666667	 2.784314	
  .0000798	-.5882353	 2.705882	
  .0000799	-.7450981	 2.784314	
  .00008	-.6666667	 2.705882	
  .0000801	-.7450981	 2.784314	
  .0000802	-.6666667	 2.784314	
  .0000803	-.6666667	 2.705882	
  .0000804	-.6666667	 2.705882	
  .0000805	-.7450981	 2.784314	
  .0000806	-.5882353	 2.705882	
  .0000807	-.7450981	 2.784314	
  .0000808	-.6666667	 2.705882	
  .0000809	-.6666667	 2.705882	
  .000081	-.7450981	 2.784314	
  .0000811	-.6666667	 2.784314	
  .0000812	-.6666667	 2.705882	
  .0000813	-.5882353	 2.627451	
  .0000814	-.6666667	 2.705882	
  .0000815	-.7450981	 2.627451	
  .0000816	-.6666667	 2.784314	
  .0000817	-.6666667	 2.784314	
  .0000818	-.6666667	 2.784314	
  .0000819	-.6666667	 2.705882	
  .000082	-.5882353	 2.705882	
  .0000821	-.6666667	 2.862745	
  .0000822	-.6666667	 2.705882	
  .0000823	-.6666667	 2.784314	
  .0000824	-.7450981	 2.627451	
  .0000825	-.6666667	 2.705882	
  .0000826	-.5882353	 2.705882	
  .0000827	-.7450981	 2.627451	
  .0000828	-.6666667	 2.627451	
  .0000829	-.7450981	 2.705882	
  .000083	-.6666667	 2.705882	
  .0000831	-.5882353	 2.784314	
  .0000832	-.5882353	 2.705882	
  .0000833	-.6666667	 2.705882	
  .0000834	-.6666667	 2.627451	
  .0000835	-.6666667	 2.705882	
  .0000836	-.6666667	 2.705882	
  .0000837	-.6666667	 2.705882	
  .0000838	-.6666667	 2.705882	
  .0000839	-.7450981	 2.705882	
  .000084	-.6666667	 2.705882	
  .0000841	-.6666667	 2.627451	
  .0000842	-.5882353	 2.627451	
  .0000843	-.5882353	 2.54902	
  .0000844	-.6666667	 2.627451	
  .0000845	-.6666667	 2.54902	
  .0000846	-.6666667	 2.705882	
  .0000847	-.6666667	 2.627451	
  .0000848	-.5882353	 2.470588	
  .0000849	-.6666667	 2.627451	
  .000085	-.6666667	 2.705882	
  .0000851	-.5882353	 2.627451	
  .0000852	-.6666667	 2.627451	
  .0000853	-.5882353	 2.627451	
  .0000854	-.6666667	 2.627451	
  .0000855	-.6666667	 2.627451	
  .0000856	-.5882353	 2.627451	
  .0000857	-.6666667	 2.54902	
  .0000858	-.6666667	 2.705882	
  .0000859	-.6666667	 2.627451	
  .000086	-.6666667	 2.627451	
  .0000861	-.5882353	 2.627451	
  .0000862	-.5882353	 2.54902	
  .0000863	-.5882353	 2.627451	
  .0000864	-.6666667	 2.627451	
  .0000865	-.6666667	 2.705882	
  .0000866	-.5882353	 2.54902	
  .0000867	-.509804	 2.54902	
  .0000868	-.5882353	 2.627451	
  .0000869	-.5882353	 2.54902	
  .000087	-.5882353	 2.54902	
  .0000871	-.6666667	 2.54902	
  .0000872	-.5882353	 2.627451	
  .0000873	-.5882353	 2.627451	
  .0000874	-.5882353	 2.54902	
  .0000875	-.5882353	 2.54902	
  .0000876	-.6666667	 2.54902	
  .0000877	-.5882353	 2.54902	
  .0000878	-.6666667	 2.54902	
  .0000879	-.5882353	 2.54902	
  .000088	-.5882353	 2.627451	
  .0000881	-.5882353	 2.470588	
  .0000882	-.509804	 2.54902	
  .0000883	-.509804	 2.54902	
  .0000884	-.6666667	 2.54902	
  .0000885	-.6666667	 2.54902	
  .0000886	-.5882353	 2.392157	
  .0000887	-.5882353	 2.54902	
  .0000888	-.5882353	 2.54902	
  .0000889	-.6666667	 2.54902	
  .000089	-.5882353	 2.54902	
  .0000891	-.6666667	 2.392157	
  .0000892	-.5882353	 2.54902	
  .0000893	-.5882353	 2.54902	
  .0000894	-.5882353	 2.470588	
  .0000895	-.5882353	 2.470588	
  .0000896	-.6666667	 2.470588	
  .0000897	-.4313726	 2.470588	
  .0000898	-.5882353	 2.470588	
  .0000899	-.5882353	 2.392157	
  .00009	-.509804	 2.392157	
  .0000901	-.5882353	 2.54902	
  .0000902	-.5882353	 2.470588	
  .0000903	-.509804	 2.54902	
  .0000904	-.6666667	 2.470588	
  .0000905	-.509804	 2.54902	
  .0000906	-.5882353	 2.627451	
  .0000907	-.5882353	 2.470588	
  .0000908	-.5882353	 2.313725	
  .0000909	-.5882353	 2.470588	
  .000091	-.6666667	 2.470588	
  .0000911	-.5882353	 2.54902	
  .0000912	-.5882353	 2.313725	
  .0000913	-.5882353	 2.392157	
  .0000914	-.5882353	 2.313725	
  .0000915	-.5882353	 2.470588	
  .0000916	-.6666667	 2.470588	
  .0000917	-.5882353	 2.392157	
  .0000918	-.5882353	 2.392157	
  .0000919	-.5882353	 2.470588	
  .000092	-.5882353	 2.54902	
  .0000921	-.5882353	 2.470588	
  .0000922	-.5882353	 2.54902	
  .0000923	-.509804	 2.313725	
  .0000924	-.5882353	 2.470588	
  .0000925	-.509804	 2.392157	
  .0000926	-.5882353	 2.313725	
  .0000927	-.5882353	 2.392157	
  .0000928	-.5882353	 2.313725	
  .0000929	-.509804	 2.392157	
  .000093	-.5882353	 2.392157	
  .0000931	-.509804	 2.392157	
  .0000932	-.5882353	 2.392157	
  .0000933	-.5882353	 2.313725	
  .0000934	-.509804	 2.470588	
  .0000935	-.5882353	 2.470588	
  .0000936	-.509804	 2.392157	
  .0000937	-.5882353	 2.392157	
  .0000938	-.509804	 2.313725	
  .0000939	-.509804	 2.392157	
  .000094	-.509804	 2.313725	
  .0000941	-.509804	 2.313725	
  .0000942	-.5882353	 2.313725	
  .0000943	-.4313726	 2.392157	
  .0000944	-.5882353	 2.313725	
  .0000945	-.4313726	 2.392157	
  .0000946	-.509804	 2.313725	
  .0000947	-.5882353	 2.313725	
  .0000948	-.509804	 2.392157	
  .0000949	-.5882353	 2.313725	
  .000095	-.509804	 2.313725	
  .0000951	-.509804	 2.313725	
  .0000952	-.5882353	 2.392157	
  .0000953	-.5882353	 2.313725	
  .0000954	-.5882353	 2.235294	
  .0000955	-.5882353	 2.313725	
  .0000956	-.5882353	 2.235294	
  .0000957	-.5882353	 2.313725	
  .0000958	-.5882353	 2.235294	
  .0000959	-.509804	 2.235294	
  .000096	-.509804	 2.235294	
  .0000961	-.509804	 2.235294	
  .0000962	-.4313726	 2.235294	
  .0000963	-.4313726	 2.235294	
  .0000964	-.509804	 2.313725	
  .0000965	-.509804	 2.156863	
  .0000966	-.5882353	 2.235294	
  .0000967	-.4313726	 2.235294	
  .0000968	-.4313726	 2.313725	
  .0000969	-.4313726	 2.235294	
  .000097	-.509804	 2.235294	
  .0000971	-.509804	 2.313725	
  .0000972	-.4313726	 2.235294	
  .0000973	-.509804	 2.313725	
  .0000974	-.509804	 2.235294	
  .0000975	-.509804	 2.156863	
  .0000976	-.509804	 2.235294	
  .0000977	-.509804	 2.235294	
  .0000978	-.509804	 2.235294	
  .0000979	-.509804	 2.156863	
  .000098	-.509804	 2.078431	
  .0000981	-.4313726	 2.235294	
  .0000982	-.509804	 2.156863	
  .0000983	-.509804	 2.156863	
  .0000984	-.509804	 2.156863	
  .0000985	-.509804	 2.078431	
  .0000986	-.509804	 2.235294	
  .0000987	-.509804	 2.156863	
  .0000988	-.4313726	 2.156863	
  .0000989	-.509804	 2.156863	
  .000099	-.5882353	 2.078431	
  .0000991	-.509804	 2.156863	
  .0000992	-.509804	 2.156863	
  .0000993	-.509804	 2.078431	
  .0000994	-.509804	 2.078431	
  .0000995	-.509804	 2.156863	
  .0000996	-.4313726	 2.156863	
  .0000997	-.509804	 2.078431	
  .0000998	-.4313726	 2.156863	
  .0000999	-.4313726	 2.078431	
  .0001	-.509804	 2.235294	
  .0001001	-.4313726	 2	
  .0001002	-.4313726	 2.156863	
  .0001003	-.509804	 2.078431	
  .0001004	-.4313726	 2.156863	
  .0001005	-.509804	 2.156863	
  .0001006	-.4313726	 2.078431	
  .0001007	-.5882353	 2	
  .0001008	-.4313726	 2	
  .0001009	-.5882353	 2	
  .000101	-.509804	 2	
  .0001011	-.4313726	 2	
  .0001012	-.4313726	 2	
  .0001013	-.5882353	 2	
  .0001014	-.509804	 2.078431	
  .0001015	-.509804	 2	
  .0001016	-.509804	 2.078431	
  .0001017	-.509804	 1.921569	
  .0001018	-.509804	 2.078431	
  .0001019	-.509804	 2.078431	
  .000102	-.509804	 2	
  .0001021	-.4313726	 2.078431	
  .0001022	-.509804	 2	
  .0001023	-.4313726	 2	
  .0001024	-.509804	 2	
  .0001025	-.509804	 1.921569	
  .0001026	-.4313726	 1.921569	
  .0001027	-.4313726	 2	
  .0001028	-.4313726	 2	
  .0001029	-.509804	 2.078431	
  .000103	-.509804	 2	
  .0001031	-.509804	 2	
  .0001032	-.4313726	 1.921569	
  .0001033	-.4313726	 1.921569	
  .0001034	-.4313726	 2.078431	
  .0001035	-.4313726	 1.921569	
  .0001036	-.4313726	 1.921569	
  .0001037	-.4313726	 1.921569	
  .0001038	-.4313726	 2	
  .0001039	-.4313726	 1.921569	
  .000104	-.4313726	 1.843137	
  .0001041	-.4313726	 1.843137	
  .0001042	-.4313726	 1.921569	
  .0001043	-.4313726	 1.843137	
  .0001044	-.509804	 1.921569	
  .0001045	-.4313726	 1.921569	
  .0001046	-.4313726	 1.843137	
  .0001047	-.509804	 1.843137	
  .0001048	-.4313726	 1.843137	
  .0001049	-.509804	 1.921569	
  .000105	-.4313726	 1.921569	
  .0001051	-.4313726	 1.921569	
  .0001052	-.509804	 1.764706	
  .0001053	-.509804	 1.843137	
  .0001054	-.4313726	 1.843137	
  .0001055	-.509804	 1.921569	
  .0001056	-.4313726	 1.843137	
  .0001057	-.509804	 1.843137	
  .0001058	-.4313726	 1.843137	
  .0001059	-.4313726	 1.764706	
  .000106	-.509804	 1.764706	
  .0001061	-.4313726	 1.764706	
  .0001062	-.4313726	 1.843137	
  .0001063	-.509804	 1.843137	
  .0001064	-.4313726	 1.686275	
  .0001065	-.3529412	 1.686275	
  .0001066	-.4313726	 1.843137	
  .0001067	-.509804	 1.764706	
  .0001068	-.4313726	 1.764706	
  .0001069	-.4313726	 1.764706	
  .000107	-.4313726	 1.843137	
  .0001071	-.3529412	 1.843137	
  .0001072	-.509804	 1.686275	
  .0001073	-.3529412	 1.764706	
  .0001074	-.4313726	 1.764706	
  .0001075	-.4313726	 1.764706	
  .0001076	-.4313726	 1.843137	
  .0001077	-.4313726	 1.764706	
  .0001078	-.4313726	 1.843137	
  .0001079	-.4313726	 1.686275	
  .000108	-.4313726	 1.764706	
  .0001081	-.4313726	 1.764706	
  .0001082	-.4313726	 1.764706	
  .0001083	-.4313726	 1.686275	
  .0001084	-.4313726	 1.686275	
  .0001085	-.4313726	 1.686275	
  .0001086	-.509804	 1.686275	
  .0001087	-.3529412	 1.686275	
  .0001088	-.4313726	 1.607843	
  .0001089	-.509804	 1.607843	
  .000109	-.4313726	 1.686275	
  .0001091	-.4313726	 1.686275	
  .0001092	-.3529412	 1.607843	
  .0001093	-.509804	 1.686275	
  .0001094	-.509804	 1.607843	
  .0001095	-.2745098	 1.764706	
  .0001096	-.4313726	 1.607843	
  .0001097	-.4313726	 1.529412	
  .0001098	-.4313726	 1.607843	
  .0001099	-.4313726	 1.686275	
  .00011	-.4313726	 1.529412	
  .0001101	-.3529412	 1.686275	
  .0001102	-.509804	 1.529412	
  .0001103	-.3529412	 1.607843	
  .0001104	-.509804	 1.686275	
  .0001105	-.4313726	 1.607843	
  .0001106	-.4313726	 1.529412	
  .0001107	-.509804	 1.529412	
  .0001108	-.4313726	 1.607843	
  .0001109	-.4313726	 1.529412	
  .000111	-.4313726	 1.529412	
  .0001111	-.4313726	 1.529412	
  .0001112	-.4313726	 1.529412	
  .0001113	-.4313726	 1.45098	
  .0001114	-.4313726	 1.529412	
  .0001115	-.509804	 1.45098	
  .0001116	-.4313726	 1.45098	
  .0001117	-.4313726	 1.607843	
  .0001118	-.4313726	 1.607843	
  .0001119	-.4313726	 1.45098	
  .000112	-.3529412	 1.607843	
  .0001121	-.4313726	 1.45098	
  .0001122	-.4313726	 1.529412	
  .0001123	-.3529412	 1.45098	
  .0001124	-.3529412	 1.372549	
  .0001125	-.4313726	 1.372549	
  .0001126	-.4313726	 1.45098	
  .0001127	-.2745098	 1.529412	
  .0001128	-.3529412	 1.529412	
  .0001129	-.3529412	 1.45098	
  .000113	-.3529412	 1.45098	
  .0001131	-.3529412	 1.294118	
  .0001132	-.3529412	 1.372549	
  .0001133	-.3529412	 1.529412	
  .0001134	-.2745098	 1.294118	
  .0001135	-.1960784	 1.372549	
  .0001136	-.3529412	 1.45098	
  .0001137	-.2745098	 1.45098	
  .0001138	-.2745098	 1.294118	
  .0001139	-.1176471	 1.294118	
  .000114	-.2745098	 1.294118	
  .0001141	-.1176471	 1.294118	
  .0001142	-.1960784	 1.294118	
  .0001143	-.1176471	 1.45098	
  .0001144	-.1176471	 1.215686	
  .0001145	-.1960784	 1.215686	
  .0001146	-.1960784	 1.372549	
  .0001147	-.1176471	 1.215686	
  .0001148	-.1176471	 1.294118	
  .0001149	-.1960784	 1.294118	
  .000115	-.1176471	 1.215686	
  .0001151	-.1960784	 1.215686	
  .0001152	-.1176471	 1.294118	
  .0001153	-.1176471	 1.215686	
  .0001154	-.1176471	 1.215686	
  .0001155	-3.921569E-02	 1.215686	
  .0001156	-.1176471	 1.137255	
  .0001157	-3.921569E-02	 1.215686	
  .0001158	-3.921569E-02	 1.137255	
  .0001159	-3.921569E-02	 1.137255	
  .000116	 3.921569E-02	 1.215686	
  .0001161	 3.921569E-02	 1.058824	
  .0001162	 3.921569E-02	 1.215686	
  .0001163	 .1176471	 1.058824	
  .0001164	 3.921569E-02	 1.058824	
  .0001165	 .1960784	 1.215686	
  .0001166	 .1960784	 1.137255	
  .0001167	 .1960784	 1.058824	
  .0001168	 .1176471	 .9803922	
  .0001169	 .1960784	 1.058824	
  .000117	 .1960784	 .9803922	
  .0001171	 .1960784	 .9803922	
  .0001172	 .1960784	 .9803922	
  .0001173	 .2745098	 1.058824	
  .0001174	 .3529412	 1.058824	
  .0001175	 .1960784	 1.058824	
  .0001176	 .3529412	 .9803922	
  .0001177	 .3529412	 1.058824	
  .0001178	 .2745098	 .8235294	
  .0001179	 .4313726	 .9803922	
  .000118	 .3529412	 .9803922	
  .0001181	 .4313726	 .9019608	
  .0001182	 .3529412	 .9803922	
  .0001183	 .3529412	 .7450981	
  .0001184	 .2745098	 .8235294	
  .0001185	 .2745098	 .8235294	
  .0001186	 .3529412	 .8235294	
  .0001187	 .2745098	 .8235294	
  .0001188	 .1960784	 .6666667	
  .0001189	 .1960784	 .7450981	
  .000119	 .1960784	 .7450981	
  .0001191	 .1960784	 .7450981	
  .0001192	 .1960784	 .8235294	
  .0001193	 .1176471	 .7450981	
  .0001194	 .1960784	 .7450981	
  .0001195	 3.921569E-02	 .7450981	
  .0001196	 3.921569E-02	 .7450981	
  .0001197	 3.921569E-02	 .6666667	
  .0001198	-3.921569E-02	 .7450981	
  .0001199	-3.921569E-02	 .6666667	
  .00012	-3.921569E-02	 .6666667	
  .0001201	-.1960784	 .6666667	
  .0001202	-.1176471	 .6666667	
  .0001203	-.1176471	 .6666667	
  .0001204	-.1960784	 .6666667	
  .0001205	-.1176471	 .509804	
  .0001206	-.1960784	 .509804	
  .0001207	-.1960784	 .6666667	
  .0001208	-.1960784	 .5882353	
  .0001209	-.1960784	 .509804	
  .000121	-3.921569E-02	 .509804	
  .0001211	 3.921569E-02	 .509804	
  .0001212	 .1960784	 .6666667	
  .0001213	 .2745098	 .5882353	
  .0001214	 .3529412	 .5882353	
  .0001215	 .4313726	 .509804	
  .0001216	 .3529412	 .5882353	
  .0001217	 .509804	 .509804	
  .0001218	 .4313726	 .509804	
  .0001219	 .509804	 .6666667	
  .000122	 .4313726	 .4313726	
  .0001221	 .4313726	 .509804	
  .0001222	 .509804	 .509804	
  .0001223	 .509804	 .509804	
  .0001224	 .4313726	 .4313726	
  .0001225	 .509804	 .4313726	
  .0001226	 .509804	 .4313726	
  .0001227	 .4313726	 .4313726	
  .0001228	 .4313726	 .3529412	
  .0001229	 .4313726	 .4313726	
  .000123	 .4313726	 .3529412	
  .0001231	 .4313726	 .4313726	
  .0001232	 .4313726	 .4313726	
  .0001233	 .4313726	 .3529412	
  .0001234	 .4313726	 .3529412	
  .0001235	 .3529412	 .3529412	
  .0001236	 .3529412	 .4313726	
  .0001237	 .4313726	 .3529412	
  .0001238	 .509804	 .3529412	
  .0001239	 .3529412	 .2745098	
  .000124	 .4313726	 .2745098	
  .0001241	 .2745098	 .1960784	
  .0001242	 .3529412	 .1960784	
  .0001243	 .3529412	 .2745098	
  .0001244	 .3529412	 .2745098	
  .0001245	 .2745098	 .3529412	
  .0001246	 .3529412	 .2745098	
  .0001247	 .2745098	 .2745098	
  .0001248	 .3529412	 .2745098	
  .0001249	 .3529412	 .2745098	
  .000125	 .3529412	 .1176471	
  .0001251	 .1960784	 .1176471	
  .0001252	 .2745098	 .1176471	
  .0001253	 .3529412	 .1176471	
  .0001254	 .3529412	 .1960784	
  .0001255	 .3529412	 .1176471	
  .0001256	 .3529412	 .1176471	
  .0001257	 .3529412	 3.921569E-02	
  .0001258	 .3529412	 3.921569E-02	
  .0001259	 .4313726	 3.921569E-02	
  .000126	 .3529412	 3.921569E-02	
  .0001261	 .3529412	 3.921569E-02	
  .0001262	 .4313726	-3.921569E-02	
  .0001263	 .3529412	-3.921569E-02	
  .0001264	 .4313726	 3.921569E-02	
  .0001265	 .3529412	-3.921569E-02	
  .0001266	 .3529412	-.1176471	
  .0001267	 .1960784	-.1176471	
  .0001268	 .3529412	-3.921569E-02	
  .0001269	 .509804	-3.921569E-02	
  .000127	 .5882353	-.1176471	
  .0001271	 .5882353	-.1960784	
  .0001272	 .5882353	-.1960784	
  .0001273	 .5882353	-.1960784	
  .0001274	 .7450981	-.1960784	
  .0001275	 .7450981	-.1960784	
  .0001276	 .9803922	-3.921569E-02	
  .0001277	 2.156863	-.1176471	
  .0001278	 2.313725	-3.921569E-02	
  .0001279	 2.313725	-.1176471	
  .000128	 2.627451	-.2745098	
  .0001281	 2.078431	-3.921569E-02	
  .0001282	 2.313725	-.2745098	
  .0001283	 2	-.1176471	
  .0001284	 2.078431	-.1960784	
  .0001285	 2.156863	-.1960784	
  .0001286	 1.686275	-.1960784	
  .0001287	 1.686275	-.2745098	
  .0001288	 1.529412	-.2745098	
  .0001289	 1.607843	-.2745098	
  .000129	 1.529412	-.3529412	
  .0001291	 1.45098	-.2745098	
  .0001292	 1.45098	-.2745098	
  .0001293	 1.529412	-.2745098	
  .0001294	 1.294118	-.4313726	
  .0001295	 1.215686	-.3529412	
  .0001296	 1.215686	-.4313726	
  .0001297	 1.137255	-.2745098	
  .0001298	 1.137255	-.4313726	
  .0001299	 1.058824	-.4313726	
  .00013	 .8235294	-.4313726	
  .0001301	 .9803922	-.3529412	
  .0001302	 .9019608	-.3529412	
  .0001303	 .7450981	-.4313726	
  .0001304	 .8235294	-.5882353	
  .0001305	 .8235294	-.509804	
  .0001306	 .9019608	-.509804	
  .0001307	 .9019608	-.509804	
  .0001308	 .9803922	-.5882353	
  .0001309	 .9019608	-.509804	
  .000131	 .9019608	-.5882353	
  .0001311	 .9019608	-.509804	
  .0001312	 .9803922	-.509804	
  .0001313	 .9803922	-.5882353	
  .0001314	 .9803922	-.5882353	
  .0001315	 .9803922	-.5882353	
  .0001316	 1.058824	-.5882353	
  .0001317	 1.058824	-.5882353	
  .0001318	 1.137255	-.509804	
  .0001319	 .9803922	-.6666667	
  .000132	 1.058824	-.6666667	
  .0001321	 1.137255	-.6666667	
  .0001322	 1.058824	-.6666667	
  .0001323	 1.058824	-.7450981	
  .0001324	 1.058824	-.7450981	
  .0001325	 1.058824	-.7450981	
  .0001326	 1.058824	-.6666667	
  .0001327	 1.058824	-.7450981	
  .0001328	 .9803922	-.7450981	
  .0001329	 1.137255	-.9019608	
  .000133	 1.058824	-.7450981	
  .0001331	 1.137255	-.7450981	
  .0001332	 1.137255	-.9019608	
  .0001333	 1.058824	-.9019608	
  .0001334	 .9803922	-.9019608	
  .0001335	 1.058824	-.7450981	
  .0001336	 1.058824	-.9019608	
  .0001337	 1.215686	-.9803922	
  .0001338	 1.137255	-.9803922	
  .0001339	 1.215686	-.9803922	
  .000134	 1.294118	-1.058824	
  .0001341	 1.294118	-.9803922	
  .0001342	 1.372549	-1.058824	
  .0001343	 1.45098	-1.137255	
  .0001344	 1.45098	-1.058824	
  .0001345	 1.529412	-1.058824	
  .0001346	 1.529412	-1.058824	
  .0001347	 1.607843	-1.137255	
  .0001348	 1.607843	-1.137255	
  .0001349	 1.764706	-1.137255	
  .000135	 1.764706	-1.215686	
  .0001351	 1.843137	-1.294118	
  .0001352	 1.921569	-1.294118	
  .0001353	 2.078431	-1.215686	
  .0001354	 2.235294	-1.294118	
  .0001355	 2.470588	-1.294118	
  .0001356	 2.54902	-1.372549	
  .0001357	 2.627451	-1.372549	
  .0001358	 2.784314	-1.372549	
  .0001359	 2.862745	-1.372549	
  .000136	 2.784314	-1.45098	
  .0001361	 2.784314	-1.529412	
  .0001362	 2.705882	-1.529412	
  .0001363	 2.627451	-1.45098	
  .0001364	 2.862745	-1.529412	
  .0001365	 2.862745	-1.686275	
  .0001366	 2.627451	-1.607843	
  .0001367	 2.627451	-1.607843	
  .0001368	 2.862745	-1.607843	
  .0001369	 2.862745	-1.686275	
  .000137	 2.862745	-1.686275	
  .0001371	 2.862745	-1.764706	
  .0001372	 2.862745	-1.843137	
  .0001373	 2.862745	-1.764706	
  .0001374	 3.019608	-1.843137	
  .0001375	 3.176471	-1.843137	
  .0001376	 3.254902	-1.921569	
  .0001377	 3.411765	-1.921569	
  .0001378	 3.568627	-2	
  .0001379	 3.647059	-2	
  .000138	 3.568627	-2	
  .0001381	 3.568627	-2.078431	
  .0001382	 3.490196	-2.078431	
  .0001383	 3.411765	-2.078431	
  .0001384	 3.490196	-2.156863	
  .0001385	 3.490196	-2.156863	
  .0001386	 3.490196	-2.313725	
  .0001387	 3.72549	-2.313725	
  .0001388	 3.72549	-2.313725	
  .0001389	 3.647059	-2.392157	
  .000139	 3.490196	-2.392157	
  .0001391	 3.411765	-2.392157	
  .0001392	 3.490196	-2.470588	
  .0001393	 3.333333	-2.470588	
  .0001394	 3.019608	-2.54902	
  .0001395	 3.098039	-2.627451	
  .0001396	 2.627451	-2.54902	
  .0001397	 2.392157	-2.705882	
  .0001398	 2.313725	-2.705882	
  .0001399	 2.078431	-2.705882	
  .00014	 2.078431	-2.705882	
  .0001401	 2	-2.705882	
  .0001402	 4.117647	-2	
  .0001403	 2.862745	 .7450981	
  .0001404	 2.941176	 2.627451	
  .0001405	 3.568627	-1.372549	
  .0001406	 2.705882	 1.294118	
  .0001407	 3.333333	 2.54902	
  .0001408	 3.333333	-.2745098	
  .0001409	 4.039216	 1.607843	
  .000141	 3.254902	 .8235294	
  .0001411	 3.490196	 1.607843	
  .0001412	 3.019608	 .3529412	
  .0001413	 3.254902	 1.294118	
  .0001414	 2.784314	 1.137255	
  .0001415	 3.333333	 1.137255	
  .0001416	 3.333333	 .8235294	
  .0001417	 3.72549	 1.372549	
  .0001418	 3.411765	 1.137255	
  .0001419	 3.254902	 .8235294	
  .000142	 3.019608	 1.294118	
  .0001421	 3.019608	 1.137255	
  .0001422	 3.098039	 1.137255	
  .0001423	 3.176471	 .8235294	
  .0001424	 3.411765	 1.45098	
  .0001425	 3.254902	 .9803922	
  .0001426	 3.254902	 1.137255	
  .0001427	 2.941176	 .9803922	
  .0001428	 3.098039	 1.294118	
  .0001429	 2.705882	 .9019608	
  .000143	 3.019608	 1.294118	
  .0001431	 2.941176	 1.058824	
  .0001432	 3.254902	 1.137255	
  .0001433	 3.019608	 .9019608	
  .0001434	 3.019608	 1.294118	
  .0001435	 2.862745	 1.215686	
  .0001436	 2.784314	 .9803922	
  .0001437	 2.784314	 1.137255	
  .0001438	 2.941176	 1.215686	
  .0001439	 2.862745	 1.137255	
  .000144	 3.098039	 1.058824	
  .0001441	 2.941176	 1.294118	
  .0001442	 2.784314	 1.058824	
  .0001443	 2.705882	 1.215686	
  .0001444	 2.627451	 1.058824	
  .0001445	 2.705882	 1.215686	
  .0001446	 2.705882	 1.058824	
  .0001447	 2.784314	 1.137255	
  .0001448	 2.784314	 1.215686	
  .0001449	 2.784314	 1.137255	
  .000145	 2.627451	 1.058824	
  .0001451	 2.627451	 1.137255	
  .0001452	 2.54902	 1.137255	
  .0001453	 2.54902	 1.058824	
  .0001454	 2.54902	 1.137255	
  .0001455	 2.54902	 1.058824	
  .0001456	 2.627451	 1.137255	
  .0001457	 2.627451	 1.058824	
  .0001458	 2.54902	 1.215686	
  .0001459	 2.470588	 1.215686	
  .000146	 2.392157	 1.058824	
  .0001461	 2.470588	 1.137255	
  .0001462	 2.54902	 1.215686	
  .0001463	 2.470588	 1.137255	
  .0001464	 2.470588	 1.137255	
  .0001465	 2.392157	 1.137255	
  .0001466	 2.392157	 1.215686	
  .0001467	 2.392157	 1.058824	
  .0001468	 2.313725	 1.137255	
  .0001469	 2.313725	 1.137255	
  .000147	 2.392157	 1.137255	
  .0001471	 2.392157	 1.137255	
  .0001472	 2.392157	 1.137255	
  .0001473	 2.392157	 1.137255	
  .0001474	 2.313725	 1.215686	
  .0001475	 2.235294	 1.137255	
  .0001476	 2.392157	 1.215686	
  .0001477	 2.313725	 1.137255	
  .0001478	 2.313725	 1.137255	
  .0001479	 2.313725	 1.137255	
  .000148	 2.313725	 1.058824	
  .0001481	 2.313725	 1.215686	
  .0001482	 2.235294	 1.058824	
  .0001483	 2.235294	 1.215686	
  .0001484	 2.235294	 1.137255	
  .0001485	 2.235294	 1.137255	
  .0001486	 2.235294	 1.215686	
  .0001487	 2.392157	 1.137255	
  .0001488	 2.235294	 1.215686	
  .0001489	 2.235294	 1.215686	
  .000149	 2.156863	 1.215686	
  .0001491	 2.313725	 1.294118	
  .0001492	 2.235294	 1.215686	
  .0001493	 2.156863	 1.137255	
  .0001494	 2.313725	 1.215686	
  .0001495	 2.156863	 1.294118	
  .0001496	 2.156863	 1.137255	
  .0001497	 2.156863	 1.137255	
  .0001498	 2	 1.137255	
  .0001499	 2.156863	 1.215686	
  .00015	 2.156863	 1.294118	
  .0001501	 2.156863	 1.137255	
  .0001502	 2.156863	 1.058824	
  .0001503	 2.156863	 1.137255	
  .0001504	 2	 1.058824	
  .0001505	 2.078431	 1.058824	
  .0001506	 2.078431	 .9803922	
  .0001507	 2.078431	 1.058824	
  .0001508	 2.078431	 1.058824	
  .0001509	 2.078431	 1.215686	
  .000151	 2.078431	 1.137255	
  .0001511	 2.156863	 1.058824	
  .0001512	 2.078431	 1.058824	
  .0001513	 2	 1.058824	
  .0001514	 2.078431	 1.137255	
  .0001515	 2	 .9803922	
  .0001516	 2.078431	 1.137255	
  .0001517	 2	 1.058824	
  .0001518	 2	 1.137255	
  .0001519	 2.078431	 1.058824	
  .000152	 2	 1.058824	
  .0001521	 1.843137	 .9803922	
  .0001522	 1.843137	 1.058824	
  .0001523	 2.078431	 1.058824	
  .0001524	 2	 1.058824	
  .0001525	 2	 1.058824	
  .0001526	 1.921569	 1.058824	
  .0001527	 1.921569	 .9019608	
  .0001528	 1.764706	 1.058824	
  .0001529	 1.843137	 1.215686	
  .000153	 1.764706	 1.058824	
  .0001531	 1.45098	 1.058824	
  .0001532	 1.294118	 1.137255	
  .0001533	 1.215686	 1.058824	
  .0001534	 1.058824	 1.058824	
  .0001535	 1.058824	 .9803922	
  .0001536	 .9019608	 1.058824	
  .0001537	 .8235294	 .9803922	
  .0001538	 .6666667	 .9803922	
  .0001539	 .6666667	 1.058824	
  .000154	 .5882353	 .9803922	
  .0001541	 .509804	 .9803922	
  .0001542	 .3529412	 1.058824	
  .0001543	 .3529412	 1.058824	
  .0001544	 .3529412	 1.058824	
  .0001545	 .3529412	 .9803922	
  .0001546	 .3529412	 .9803922	
  .0001547	 .2745098	 1.058824	
  .0001548	 .2745098	 .9803922	
  .0001549	 .2745098	 .9803922	
  .000155	 .1960784	 .9803922	
  .0001551	 .2745098	 1.137255	
  .0001552	 .1960784	 .9803922	
  .0001553	 .1960784	 .9803922	
  .0001554	 .1960784	 .9803922	
  .0001555	 .1960784	 1.058824	
  .0001556	 .2745098	 1.058824	
  .0001557	 .1176471	 .9803922	
  .0001558	 .1960784	 1.137255	
  .0001559	 .1960784	 .9019608	
  .000156	 .1176471	 .9019608	
  .0001561	 .1176471	 1.058824	
  .0001562	 .1960784	 1.058824	
  .0001563	 .1960784	 .9803922	
  .0001564	 .1176471	 .9803922	
  .0001565	 .1176471	 1.058824	
  .0001566	 .1960784	 1.058824	
  .0001567	 3.921569E-02	 .9803922	
  .0001568	 .1960784	 .9803922	
  .0001569	 .1960784	 .9019608	
  .000157	 .1960784	 .9019608	
  .0001571	 3.921569E-02	 .9803922	
  .0001572	 .1176471	 1.058824	
  .0001573	 .1176471	 1.058824	
  .0001574	 .1176471	 .8235294	
  .0001575	 .1960784	 .9803922	
  .0001576	 .1176471	 .9803922	
  .0001577	 .1176471	 .9019608	
  .0001578	 .1176471	 .9019608	
  .0001579	 .1176471	 .8235294	
  .000158	 .1176471	 .9803922	
  .0001581	 .1176471	 .9019608	
  .0001582	 .1176471	 .9803922	
  .0001583	 .1176471	 .9019608	
  .0001584	 .1176471	 .9019608	
  .0001585	 .1176471	 .9803922	
  .0001586	 .1176471	 .9803922	
  .0001587	 .1176471	 .9019608	
  .0001588	 .1176471	 .9803922	
  .0001589	 .1176471	 .9803922	
  .000159	 .1960784	 .9803922	
  .0001591	 .1176471	 .9803922	
  .0001592	 .1176471	 .9019608	
  .0001593	 .1960784	 .9019608	
  .0001594	 .1176471	 .9019608	
  .0001595	 .1176471	 .8235294	
  .0001596	 .1960784	 .9803922	
  .0001597	 3.921569E-02	 .9019608	
  .0001598	 .1960784	 .9803922	
  .0001599	 .1176471	 .9803922	
  .00016	 .1176471	 .9019608	
  .0001601	 3.921569E-02	 .9019608	
  .0001602	 .1176471	 .9019608	
  .0001603	 .1960784	 .9019608	
  .0001604	 .1960784	 .9019608	
  .0001605	 .1960784	 .8235294	
  .0001606	 3.921569E-02	 .8235294	
  .0001607	 .1176471	 .8235294	
  .0001608	 .1176471	 .9803922	
  .0001609	 .1176471	 .9803922	
  .000161	 .1176471	 .8235294	
  .0001611	 .1176471	 .8235294	
  .0001612	 3.921569E-02	 .9019608	
  .0001613	 .1960784	 .9803922	
  .0001614	 .1176471	 .8235294	
  .0001615	 .1960784	 .9803922	
  .0001616	 3.921569E-02	 .8235294	
  .0001617	 3.921569E-02	 .8235294	
  .0001618	 .1960784	 .8235294	
  .0001619	 .1176471	 .8235294	
  .000162	 .1176471	 .7450981	
  .0001621	 .1176471	 .8235294	
  .0001622	 .1960784	 .9019608	
  .0001623	 .1960784	 .9019608	
  .0001624	 .1176471	 .8235294	
  .0001625	 .1176471	 .9019608	
  .0001626	 .1960784	 .7450981	
  .0001627	 .1176471	 .9019608	
  .0001628	 .1176471	 .9019608	
  .0001629	 .1960784	 .7450981	
  .000163	 .1960784	 .7450981	
  .0001631	 3.921569E-02	 .8235294	
  .0001632	 .1176471	 .8235294	
  .0001633	 .1176471	 .8235294	
  .0001634	 .2745098	 .9019608	
  .0001635	 .1960784	 .7450981	
  .0001636	 .2745098	 .8235294	
  .0001637	 .1176471	 .8235294	
  .0001638	 .1960784	 .9019608	
  .0001639	 .1960784	 .6666667	
  .000164	 .1960784	 .7450981	
  .0001641	 .1176471	 .9019608	
  .0001642	 3.921569E-02	 .8235294	
  .0001643	 .1176471	 .8235294	
  .0001644	 3.921569E-02	 .8235294	
  .0001645	 .1176471	 .8235294	
  .0001646	 .1176471	 .8235294	
  .0001647	 3.921569E-02	 .7450981	
  .0001648	 .1176471	 .6666667	
  .0001649	 .1176471	 .7450981	
  .000165	 3.921569E-02	 .8235294	
  .0001651	 .1176471	 .7450981	
  .0001652	 .1176471	 .7450981	
  .0001653	 .1176471	 .7450981	
  .0001654	 .1176471	 .6666667	
  .0001655	 .1960784	 .7450981	
  .0001656	 .1176471	 .7450981	
  .0001657	 .1176471	 .8235294	
  .0001658	 3.921569E-02	 .6666667	
  .0001659	 .1176471	 .7450981	
  .000166	 .1176471	 .8235294	
  .0001661	 .1960784	 .7450981	
  .0001662	 .1176471	 .6666667	
  .0001663	 .1176471	 .7450981	
  .0001664	 .1176471	 .9019608	
  .0001665	 .1960784	 .6666667	
  .0001666	 .1176471	 .7450981	
  .0001667	 .1960784	 .6666667	
  .0001668	 .1176471	 .6666667	
  .0001669	 .1176471	 .7450981	
  .000167	 .1176471	 .7450981	
  .0001671	 .1176471	 .7450981	
  .0001672	 .1176471	 .7450981	
  .0001673	 .1176471	 .6666667	
  .0001674	 .1960784	 .7450981	
  .0001675	 3.921569E-02	 .7450981	
  .0001676	 .1176471	 .6666667	
  .0001677	 .1176471	 .6666667	
  .0001678	 .1176471	 .6666667	
  .0001679	 .1176471	 .7450981	
  .000168	 .1176471	 .6666667	
  .0001681	 .1176471	 .5882353	
  .0001682	 .1176471	 .6666667	
  .0001683	 3.921569E-02	 .5882353	
  .0001684	 .1176471	 .7450981	
  .0001685	 .1176471	 .6666667	
  .0001686	 .1176471	 .5882353	
  .0001687	 .1176471	 .6666667	
  .0001688	 .1176471	 .6666667	
  .0001689	 .1960784	 .7450981	
  .000169	 3.921569E-02	 .5882353	
  .0001691	 .1176471	 .509804	
  .0001692	 .1960784	 .6666667	
  .0001693	 3.921569E-02	 .7450981	
  .0001694	 .1960784	 .5882353	
  .0001695	 .1176471	 .5882353	
  .0001696	 3.921569E-02	 .6666667	
  .0001697	 .1960784	 .6666667	
  .0001698	 .1176471	 .6666667	
  .0001699	 3.921569E-02	 .5882353	
  .00017	 3.921569E-02	 .5882353	
  .0001701	 3.921569E-02	 .5882353	
  .0001702	 3.921569E-02	 .5882353	
  .0001703	 .1176471	 .5882353	
  .0001704	 .1176471	 .509804	
  .0001705	 .1176471	 .5882353	
  .0001706	 .1176471	 .5882353	
  .0001707	 .1176471	 .6666667	
  .0001708	 .1176471	 .5882353	
  .0001709	 .1176471	 .6666667	
  .000171	 .1960784	 .5882353	
  .0001711	 .1176471	 .5882353	
  .0001712	 .1176471	 .6666667	
  .0001713	 .1176471	 .509804	
  .0001714	 .1176471	 .7450981	
  .0001715	 .1176471	 .509804	
  .0001716	 3.921569E-02	 .6666667	
  .0001717	 .1960784	 .6666667	
  .0001718	 .1176471	 .509804	
  .0001719	 3.921569E-02	 .509804	
  .000172	 3.921569E-02	 .509804	
  .0001721	 .1176471	 .5882353	
  .0001722	 .1176471	 .6666667	
  .0001723	 .1176471	 .5882353	
  .0001724	 .1176471	 .5882353	
  .0001725	 .1960784	 .4313726	
  .0001726	 3.921569E-02	 .5882353	
  .0001727	 .1960784	 .6666667	
  .0001728	 .1960784	 .4313726	
  .0001729	 .1176471	 .5882353	
  .000173	 .1176471	 .509804	
  .0001731	 .1176471	 .5882353	
  .0001732	 .1960784	 .5882353	
  .0001733	 .1960784	 .509804	
  .0001734	 .1176471	 .4313726	
  .0001735	 .1960784	 .509804	
  .0001736	 3.921569E-02	 .509804	
  .0001737	 .1960784	 .5882353	
  .0001738	 .1176471	 .4313726	
  .0001739	 .1176471	 .4313726	
  .000174	 .1176471	 .5882353	
  .0001741	 .1176471	 .509804	
  .0001742	 3.921569E-02	 .509804	
  .0001743	 .1176471	 .509804	
  .0001744	 3.921569E-02	 .509804	
  .0001745	 3.921569E-02	 .509804	
  .0001746	 3.921569E-02	 .4313726	
  .0001747	 3.921569E-02	 .4313726	
  .0001748	 3.921569E-02	 .4313726	
  .0001749	 .1176471	 .509804	
  .000175	 .1176471	 .4313726	
  .0001751	 .1176471	 .509804	
  .0001752	 .1176471	 .4313726	
  .0001753	 .1176471	 .3529412	
  .0001754	 .1176471	 .4313726	
  .0001755	 .1176471	 .4313726	
  .0001756	 .1960784	 .509804	
  .0001757	 3.921569E-02	 .3529412	
  .0001758	 3.921569E-02	 .4313726	
  .0001759	 .1176471	 .5882353	
  .000176	 .1176471	 .509804	
  .0001761	 .1960784	 .4313726	
  .0001762	 .1176471	 .4313726	
  .0001763	 3.921569E-02	 .509804	
  .0001764	 .1176471	 .4313726	
  .0001765	 .1176471	 .4313726	
  .0001766	 .1960784	 .4313726	
  .0001767	 .1176471	 .4313726	
  .0001768	 .1176471	 .4313726	
  .0001769	 .1176471	 .509804	
  .000177	-3.921569E-02	 .509804	
  .0001771	 3.921569E-02	 .509804	
  .0001772	 3.921569E-02	 .3529412	
  .0001773	 .1176471	 .4313726	
  .0001774	 .1176471	 .4313726	
  .0001775	 .1960784	 .3529412	
  .0001776	 .1176471	 .4313726	
  .0001777	 .1176471	 .2745098	
  .0001778	 .1176471	 .3529412	
  .0001779	 3.921569E-02	 .3529412	
  .000178	 .1176471	 .4313726	
  .0001781	 .1176471	 .4313726	
  .0001782	 3.921569E-02	 .2745098	
  .0001783	 3.921569E-02	 .4313726	
  .0001784	 .1176471	 .3529412	
  .0001785	 .1176471	 .3529412	
  .0001786	 .1176471	 .4313726	
  .0001787	 3.921569E-02	 .3529412	
  .0001788	 .1960784	 .3529412	
  .0001789	 3.921569E-02	 .3529412	
  .000179	 3.921569E-02	 .3529412	
  .0001791	 .1960784	 .4313726	
  .0001792	 3.921569E-02	 .3529412	
  .0001793	 .1960784	 .3529412	
  .0001794	 .1960784	 .4313726	
  .0001795	 .1176471	 .2745098	
  .0001796	 .1960784	 .4313726	
  .0001797	 .1176471	 .4313726	
  .0001798	 .1176471	 .3529412	
  .0001799	 .1176471	 .2745098	
  .00018	 .1176471	 .3529412	
  .0001801	 .1176471	 .1960784	
  .0001802	 3.921569E-02	 .3529412	
  .0001803	 .1176471	 .3529412	
  .0001804	 .1960784	 .2745098	
  .0001805	 3.921569E-02	 .2745098	
  .0001806	 3.921569E-02	 .3529412	
  .0001807	 3.921569E-02	 .2745098	
  .0001808	 .1176471	 .3529412	
  .0001809	 3.921569E-02	 .1960784	
  .000181	 3.921569E-02	 .3529412	
  .0001811	 3.921569E-02	 .4313726	
  .0001812	 .1176471	 .2745098	
  .0001813	 .1960784	 .3529412	
  .0001814	 3.921569E-02	 .2745098	
  .0001815	 3.921569E-02	 .2745098	
  .0001816	 .1176471	 .2745098	
  .0001817	 .1960784	 .2745098	
  .0001818	 .1176471	 .2745098	
  .0001819	 .1176471	 .2745098	
  .000182	 .1176471	 .2745098	
  .0001821	 .1176471	 .3529412	
  .0001822	 .1176471	 .2745098	
  .0001823	 .1176471	 .2745098	
  .0001824	 .1176471	 .1960784	
  .0001825	 .1176471	 .2745098	
  .0001826	 3.921569E-02	 .4313726	
  .0001827	 .1176471	 .2745098	
  .0001828	 .1176471	 .1960784	
  .0001829	 3.921569E-02	 .3529412	
  .000183	 3.921569E-02	 .2745098	
  .0001831	 .1176471	 .2745098	
  .0001832	 .1960784	 .2745098	
  .0001833	 .1960784	 .1960784	
  .0001834	 3.921569E-02	 .2745098	
  .0001835	 3.921569E-02	 .1960784	
  .0001836	 .1176471	 .2745098	
  .0001837	 .1176471	 .1960784	
  .0001838	 .1176471	 .1960784	
  .0001839	 3.921569E-02	 .2745098	
  .000184	 .1176471	 .2745098	
  .0001841	 3.921569E-02	 .1176471	
  .0001842	 .1176471	 .2745098	
  .0001843	 .1176471	 .1960784	
  .0001844	 3.921569E-02	 .1960784	
  .0001845	 .1176471	 .1960784	
  .0001846	 .1176471	 .1960784	
  .0001847	 .1176471	 .1960784	
  .0001848	 .1176471	 .2745098	
  .0001849	 .1176471	 .1960784	
  .000185	 .1176471	 .1176471	
  .0001851	 .1176471	 .1960784	
  .0001852	 .1176471	 .2745098	
  .0001853	 .1960784	 .1960784	
  .0001854	 3.921569E-02	 .1176471	
  .0001855	 .1960784	 .2745098	
  .0001856	 .1176471	 .1176471	
  .0001857	 .1176471	 .1176471	
  .0001858	 3.921569E-02	 .1960784	
  .0001859	 .1176471	 .1960784	
  .000186	 .1176471	 .1176471	
  .0001861	 .1176471	 .1176471	
  .0001862	 .1176471	 .1960784	
  .0001863	 .1176471	 .1960784	
  .0001864	 .1176471	 .1960784	
  .0001865	 .1176471	 .1176471	
  .0001866	 .1176471	 .1960784	
  .0001867	 3.921569E-02	 .1960784	
  .0001868	 .1176471	 .1960784	
  .0001869	 3.921569E-02	 .1176471	
  .000187	 .1176471	 .1960784	
  .0001871	 3.921569E-02	 .1176471	
  .0001872	 .1960784	 .1176471	
  .0001873	 3.921569E-02	 .1176471	
  .0001874	 .1176471	 .1960784	
  .0001875	 .1176471	 .1176471	
  .0001876	 .1176471	 .1176471	
  .0001877	 .1176471	 .1960784	
  .0001878	 .1176471	 .1176471	
  .0001879	 .1176471	 .1176471	
  .000188	 .1176471	 .1176471	
  .0001881	 3.921569E-02	 3.921569E-02	
  .0001882	 .1176471	 .1960784	
  .0001883	 .1176471	 .1176471	
  .0001884	 .1176471	 3.921569E-02	
  .0001885	 3.921569E-02	 .1176471	
  .0001886	 .1176471	 .1176471	
  .0001887	 .1960784	 .1176471	
  .0001888	 3.921569E-02	 3.921569E-02	
  .0001889	 .1176471	 .1176471	
  .000189	 .1960784	 .1176471	
  .0001891	 3.921569E-02	 .1176471	
  .0001892	 .1960784	 3.921569E-02	
  .0001893	 .1960784	 .1176471	
  .0001894	 .1176471	 .1176471	
  .0001895	 .1176471	 .1176471	
  .0001896	 3.921569E-02	 .1960784	
  .0001897	 3.921569E-02	 .1176471	
  .0001898	 .1176471	 .1176471	
  .0001899	 3.921569E-02	-3.921569E-02	
  .00019	 3.921569E-02	 3.921569E-02	
  .0001901	 3.921569E-02	 3.921569E-02	
  .0001902	 .1176471	 3.921569E-02	
  .0001903	 .1176471	-3.921569E-02	
  .0001904	 3.921569E-02	 3.921569E-02	
  .0001905	 3.921569E-02	 .1176471	
  .0001906	 .1176471	 .1176471	
  .0001907	 .1176471	 3.921569E-02	
  .0001908	 .1176471	 3.921569E-02	
  .0001909	 .1176471	 3.921569E-02	
  .000191	 .1176471	 .1176471	
  .0001911	 .1176471	-3.921569E-02	
  .0001912	 .1176471	 .1176471	
  .0001913	 3.921569E-02	 3.921569E-02	
  .0001914	 3.921569E-02	 .1176471	
  .0001915	 .1176471	 3.921569E-02	
  .0001916	 3.921569E-02	-3.921569E-02	
  .0001917	 .1176471	-3.921569E-02	
  .0001918	 .1176471	 3.921569E-02	
  .0001919	 .1176471	 .1176471	
  .000192	 .1176471	 3.921569E-02	
  .0001921	 .1176471	 3.921569E-02	
  .0001922	 3.921569E-02	-3.921569E-02	
  .0001923	 .1960784	 3.921569E-02	
  .0001924	 3.921569E-02	 3.921569E-02	
  .0001925	 3.921569E-02	 .1960784	
  .0001926	 .1176471	-3.921569E-02	
  .0001927	 .1176471	-3.921569E-02	
  .0001928	 .1176471	-3.921569E-02	
  .0001929	 .1176471	 3.921569E-02	
  .000193	 .1176471	 3.921569E-02	
  .0001931	 .1960784	-3.921569E-02	
  .0001932	 .1176471	-3.921569E-02	
  .0001933	 .1960784	-3.921569E-02	
  .0001934	 .1176471	-3.921569E-02	
  .0001935	 .1176471	-3.921569E-02	
  .0001936	 .1176471	-.1176471	
  .0001937	 3.921569E-02	-.1176471	
  .0001938	 .1176471	 3.921569E-02	
  .0001939	 3.921569E-02	-3.921569E-02	
  .000194	 .1176471	-3.921569E-02	
  .0001941	 .1176471	-3.921569E-02	
  .0001942	 .1176471	 3.921569E-02	
  .0001943	 3.921569E-02	-.1176471	
  .0001944	 .1176471	-3.921569E-02	
  .0001945	 .1176471	-3.921569E-02	
  .0001946	 3.921569E-02	-3.921569E-02	
  .0001947	 .1176471	-3.921569E-02	
  .0001948	 3.921569E-02	-3.921569E-02	
  .0001949	 .1176471	-.1176471	
  .000195	 3.921569E-02	-.1176471	
  .0001951	 .1176471	-.1176471	
  .0001952	 .1176471	 3.921569E-02	
  .0001953	 .1176471	-.1176471	
  .0001954	 .1176471	-3.921569E-02	
  .0001955	 3.921569E-02	-.1176471	
  .0001956	 .1176471	-.1176471	
  .0001957	 .1176471	-3.921569E-02	
  .0001958	 .1176471	-3.921569E-02	
  .0001959	 .1960784	-3.921569E-02	
  .000196	 .1176471	-.1176471	
  .0001961	 3.921569E-02	 3.921569E-02	
  .0001962	 .1960784	-.1176471	
  .0001963	 3.921569E-02	-.1176471	
  .0001964	 .1176471	-.1176471	
  .0001965	 .1176471	-.1176471	
  .0001966	 .1176471	-.1176471	
  .0001967	 .1176471	-.1176471	
  .0001968	 .1176471	-3.921569E-02	
  .0001969	 3.921569E-02	 3.921569E-02	
  .000197	 .1176471	-.1960784	
  .0001971	 .1960784	-.1176471	
  .0001972	 .1176471	-.1176471	
  .0001973	 .1176471	-.1960784	
  .0001974	 .1176471	-.1176471	
  .0001975	 .1176471	-.1176471	
  .0001976	 .1176471	-3.921569E-02	
  .0001977	 3.921569E-02	-.1176471	
  .0001978	 .1176471	-3.921569E-02	
  .0001979	 3.921569E-02	-.1176471	
  .000198	 .1176471	-.1176471	
  .0001981	 .1176471	-.1176471	
  .0001982	 .1176471	-.1960784	
  .0001983	 .1176471	-.1176471	
  .0001984	 .1176471	-.1176471	
  .0001985	 3.921569E-02	-3.921569E-02	
  .0001986	 .1176471	-.1176471	
  .0001987	 .1176471	-.1960784	
  .0001988	 .1176471	-.1960784	
  .0001989	 .1960784	-.1960784	
  .000199	 .1176471	-3.921569E-02	
  .0001991	 .1176471	-.1960784	
  .0001992	 .1176471	-.1176471	
  .0001993	 3.921569E-02	-.1960784	
  .0001994	 .1176471	-.1176471	
  .0001995	 .1176471	-.1176471	
  .0001996	 .1176471	-.1960784	
  .0001997	 3.921569E-02	-.1960784	
  .0001998	 3.921569E-02	-.1960784	
  .0001999	 3.921569E-02	-.1176471	
  .0002	 .1176471	-.2745098	
  .0002001	 .1960784	-.1960784	
  .0002002	 .1176471	-.1960784	
  .0002003	 .1176471	-.1960784	
  .0002004	 3.921569E-02	-.1176471	
  .0002005	 .1176471	-.2745098	
  .0002006	 .1960784	-.1176471	
  .0002007	 .1176471	-.2745098	
  .0002008	 3.921569E-02	-.1176471	
  .0002009	 .1176471	-.1176471	
  .000201	 .1176471	-.1960784	
  .0002011	 .1176471	-3.921569E-02	
  .0002012	 .1176471	-.2745098	
  .0002013	 3.921569E-02	-.1960784	
  .0002014	 .1176471	-.2745098	
  .0002015	 3.921569E-02	-.1960784	
  .0002016	 3.921569E-02	-.2745098	
  .0002017	 .1176471	-.1960784	
  .0002018	 .1176471	-.1176471	
  .0002019	 3.921569E-02	-.1960784	
  .000202	 .1960784	-.1960784	
  .0002021	 .1176471	-.2745098	
  .0002022	 .1176471	-.2745098	
  .0002023	 .1176471	-.2745098	
  .0002024	 .1176471	-3.921569E-02	
  .0002025	 .1176471	-.1960784	
  .0002026	 3.921569E-02	-.2745098	
  .0002027	 .1176471	-.1960784	
  .0002028	 .1176471	-.1960784	
  .0002029	 .1176471	-.1960784	
  .000203	 .1960784	-.2745098	
  .0002031	 .1176471	-.1960784	
  .0002032	 .1960784	-.1960784	
  .0002033	 .1176471	-.2745098	
  .0002034	 .1960784	-.1960784	
  .0002035	 .1176471	-.2745098	
  .0002036	 .1960784	-.3529412	
  .0002037	 .1176471	-.2745098	
  .0002038	 3.921569E-02	-.2745098	
  .0002039	 3.921569E-02	-.2745098	
  .000204	 .1176471	-.2745098	
  .0002041	 3.921569E-02	-.2745098	
  .0002042	 3.921569E-02	-.2745098	
  .0002043	 3.921569E-02	-.2745098	
  .0002044	 .1176471	-.3529412	
  .0002045	 3.921569E-02	-.2745098	
  .0002046	 .1176471	-.1960784	
  .0002047	 3.921569E-02	-.3529412	
  .0002048	 .1960784	-.3529412	
  .0002049	 .1176471	-.2745098	
  .000205	 .1176471	-.3529412	
  .0002051	 .1176471	-.3529412	
  .0002052	 .1176471	-.3529412	
  .0002053	 .1176471	-.2745098	
  .0002054	 .1176471	-.4313726	
  .0002055	 .1960784	-.3529412	
  .0002056	 .1960784	-.1960784	
  .0002057	 .1960784	-.2745098	
  .0002058	 .1176471	-.3529412	
  .0002059	 .1176471	-.3529412	
  .000206	 .1176471	-.2745098	
  .0002061	 .1176471	-.3529412	
  .0002062	 .1176471	-.2745098	
  .0002063	 .1176471	-.3529412	
  .0002064	 .1176471	-.3529412	
  .0002065	 3.921569E-02	-.3529412	
  .0002066	 .1960784	-.3529412	
  .0002067	 .1176471	-.2745098	
  .0002068	 .1176471	-.2745098	
  .0002069	 3.921569E-02	-.3529412	
  .000207	 .1960784	-.2745098	
  .0002071	 .1960784	-.3529412	
  .0002072	 .1176471	-.509804	
  .0002073	 .1176471	-.3529412	
  .0002074	 3.921569E-02	-.3529412	
  .0002075	 3.921569E-02	-.2745098	
  .0002076	 3.921569E-02	-.3529412	
  .0002077	 .1960784	-.3529412	
  .0002078	 .1176471	-.3529412	
  .0002079	 3.921569E-02	-.3529412	
  .000208	 .1176471	-.3529412	
  .0002081	 .1960784	-.3529412	
  .0002082	 .1176471	-.3529412	
  .0002083	 3.921569E-02	-.3529412	
  .0002084	 3.921569E-02	-.3529412	
  .0002085	 .1960784	-.3529412	
  .0002086	 .1176471	-.3529412	
  .0002087	 3.921569E-02	-.4313726	
  .0002088	 .1960784	-.3529412	
  .0002089	 .1176471	-.2745098	
  .000209	 .1960784	-.4313726	
  .0002091	 .1960784	-.3529412	
  .0002092	 3.921569E-02	-.4313726	
  .0002093	 .1960784	-.3529412	
  .0002094	 .1176471	-.2745098	
  .0002095	 .1176471	-.3529412	
  .0002096	 .1176471	-.4313726	
  .0002097	 .1176471	-.4313726	
  .0002098	 .1176471	-.3529412	
  .0002099	 3.921569E-02	-.4313726	
  .00021	 .1176471	-.509804	
  .0002101	 3.921569E-02	-.4313726	
  .0002102	 .1176471	-.4313726	
  .0002103	 3.921569E-02	-.3529412	
  .0002104	 .1176471	-.509804	
  .0002105	 .1176471	-.4313726	
  .0002106	 .1176471	-.509804	
  .0002107	 3.921569E-02	-.3529412	
  .0002108	 .1176471	-.3529412	
  .0002109	 .1176471	-.509804	
  .000211	 .1960784	-.4313726	
  .0002111	 .1176471	-.509804	
  .0002112	 .1176471	-.3529412	
  .0002113	 .1960784	-.4313726	
  .0002114	 .1176471	-.4313726	
  .0002115	 .1176471	-.509804	
  .0002116	 .1176471	-.4313726	
  .0002117	 .1176471	-.4313726	
  .0002118	 .1176471	-.4313726	
  .0002119	 .1176471	-.4313726	
  .000212	 .1176471	-.4313726	
  .0002121	 .1960784	-.4313726	
  .0002122	 3.921569E-02	-.4313726	
  .0002123	 3.921569E-02	-.3529412	
  .0002124	 .1176471	-.509804	
  .0002125	 .1176471	-.509804	
  .0002126	 3.921569E-02	-.4313726	
  .0002127	 .1176471	-.4313726	
  .0002128	 .1176471	-.4313726	
  .0002129	 .1960784	-.509804	
  .000213	 .1176471	-.509804	
  .0002131	 .1960784	-.509804	
  .0002132	 .1176471	-.509804	
  .0002133	 .1960784	-.509804	
  .0002134	 .1960784	-.509804	
  .0002135	 .1176471	-.5882353	
  .0002136	 .1176471	-.509804	
  .0002137	 .1176471	-.509804	
  .0002138	 3.921569E-02	-.509804	
  .0002139	 .1176471	-.509804	
  .000214	 .1176471	-.509804	
  .0002141	 .1176471	-.509804	
  .0002142	 .1176471	-.5882353	
  .0002143	 .1176471	-.5882353	
  .0002144	 3.921569E-02	-.5882353	
  .0002145	 .1176471	-.4313726	
  .0002146	 .1176471	-.509804	
  .0002147	 .1176471	-.5882353	
  .0002148	 .1176471	-.509804	
  .0002149	 .1176471	-.5882353	
  .000215	 .1176471	-.509804	
  .0002151	 3.921569E-02	-.5882353	
  .0002152	 .1176471	-.4313726	
  .0002153	 .1176471	-.5882353	
  .0002154	 3.921569E-02	-.6666667	
  .0002155	 .1960784	-.509804	
  .0002156	 .1176471	-.509804	
  .0002157	 .1960784	-.5882353	
  .0002158	 3.921569E-02	-.5882353	
  .0002159	 3.921569E-02	-.509804	
  .000216	 .1176471	-.5882353	
  .0002161	 .1176471	-.509804	
  .0002162	 .1960784	-.5882353	
  .0002163	 .1176471	-.5882353	
  .0002164	-3.921569E-02	-.5882353	
  .0002165	 .1960784	-.5882353	
  .0002166	 .1176471	-.509804	
  .0002167	 .1176471	-.4313726	
  .0002168	 3.921569E-02	-.5882353	
  .0002169	 .1960784	-.5882353	
  .000217	 .1176471	-.509804	
  .0002171	 3.921569E-02	-.6666667	
  .0002172	 .1176471	-.5882353	
  .0002173	 3.921569E-02	-.509804	
  .0002174	 .1176471	-.509804	
  .0002175	 .1960784	-.5882353	
  .0002176	 .1960784	-.5882353	
  .0002177	 3.921569E-02	-.5882353	
  .0002178	 .1176471	-.5882353	
  .0002179	 .1176471	-.5882353	
  .000218	 .1176471	-.5882353	
  .0002181	 .1176471	-.6666667	
  .0002182	 3.921569E-02	-.6666667	
  .0002183	 3.921569E-02	-.5882353	
  .0002184	 .1960784	-.5882353	
  .0002185	 .1176471	-.5882353	
  .0002186	 .1176471	-.6666667	
  .0002187	 .1960784	-.5882353	
  .0002188	 3.921569E-02	-.5882353	
  .0002189	 .1960784	-.7450981	
  .000219	 .1960784	-.5882353	
  .0002191	 .1176471	-.5882353	
  .0002192	 .1960784	-.5882353	
  .0002193	 3.921569E-02	-.509804	
  .0002194	 .1176471	-.6666667	
  .0002195	 .1176471	-.6666667	
  .0002196	 3.921569E-02	-.6666667	
  .0002197	 .1176471	-.6666667	
  .0002198	 3.921569E-02	-.7450981	
  .0002199	 .1176471	-.6666667	
  .00022	 .1176471	-.7450981	
  .0002201	 3.921569E-02	-.6666667	
  .0002202	 3.921569E-02	-.6666667	
  .0002203	 3.921569E-02	-.5882353	
  .0002204	 3.921569E-02	-.6666667	
  .0002205	 .1176471	-.7450981	
  .0002206	 .1176471	-.5882353	
  .0002207	 .1176471	-.5882353	
  .0002208	 3.921569E-02	-.5882353	
  .0002209	 .1176471	-.5882353	
  .000221	 3.921569E-02	-.7450981	
  .0002211	 3.921569E-02	-.6666667	
  .0002212	 .1960784	-.7450981	
  .0002213	 .1176471	-.6666667	
  .0002214	 .1176471	-.8235294	
  .0002215	 3.921569E-02	-.7450981	
  .0002216	 3.921569E-02	-.6666667	
  .0002217	 .1176471	-.6666667	
  .0002218	 .1176471	-.7450981	
  .0002219	 3.921569E-02	-.7450981	
  .000222	 .1176471	-.8235294	
  .0002221	 3.921569E-02	-.6666667	
  .0002222	 .1176471	-.6666667	
  .0002223	 .1176471	-.7450981	
  .0002224	 .1176471	-.8235294	
  .0002225	 3.921569E-02	-.6666667	
  .0002226	 .1176471	-.6666667	
  .0002227	 .1176471	-.7450981	
  .0002228	 .1960784	-.8235294	
  .0002229	 .1176471	-.7450981	
  .000223	 .1176471	-.6666667	
  .0002231	 3.921569E-02	-.7450981	
  .0002232	 .1960784	-.8235294	
  .0002233	 .1176471	-.8235294	
  .0002234	 3.921569E-02	-.8235294	
  .0002235	 .1176471	-.7450981	
  .0002236	 .1176471	-.8235294	
  .0002237	 3.921569E-02	-.8235294	
  .0002238	 .1176471	-.8235294	
  .0002239	 .1176471	-.8235294	
  .000224	 3.921569E-02	-.7450981	
  .0002241	 3.921569E-02	-.9019608	
  .0002242	 .1176471	-.8235294	
  .0002243	 .1176471	-.7450981	
  .0002244	 .1176471	-.8235294	
  .0002245	 3.921569E-02	-.8235294	
  .0002246	 .1176471	-.8235294	
  .0002247	 .1176471	-.7450981	
  .0002248	 .1176471	-.8235294	
  .0002249	 .1960784	-.7450981	
  .000225	 3.921569E-02	-.8235294	
