 -.0000249	 .1960784	 3.921569E-02	
 -.0000248	 3.921569E-02	-3.921569E-02	
 -.0000247	 .1176471	 3.921569E-02	
 -.0000246	 3.921569E-02	 .1176471	
 -.0000245	 3.921569E-02	 3.921569E-02	
 -.0000244	 3.921569E-02	 .1176471	
 -.0000243	 3.921569E-02	 3.921569E-02	
 -.0000242	 .1176471	 3.921569E-02	
 -.0000241	-3.921569E-02	 .1176471	
 -.000024	-3.921569E-02	 3.921569E-02	
 -.0000239	 .1176471	 .1176471	
 -.0000238	 3.921569E-02	 3.921569E-02	
 -.0000237	 .1176471	 .1176471	
 -.0000236	 3.921569E-02	 3.921569E-02	
 -.0000235	 .1176471	 3.921569E-02	
 -.0000234	 .1176471	 3.921569E-02	
 -.0000233	 3.921569E-02	 3.921569E-02	
 -.0000232	 3.921569E-02	 3.921569E-02	
 -.0000231	 3.921569E-02	 3.921569E-02	
 -.000023	 3.921569E-02	-3.921569E-02	
 -.0000229	 3.921569E-02	 3.921569E-02	
 -.0000228	 3.921569E-02	 3.921569E-02	
 -.0000227	 3.921569E-02	 .1176471	
 -.0000226	 3.921569E-02	 .1176471	
 -.0000225	 3.921569E-02	 3.921569E-02	
 -.0000224	 3.921569E-02	 .1176471	
 -.0000223	 .1176471	 .1176471	
 -.0000222	 3.921569E-02	 3.921569E-02	
 -.0000221	 3.921569E-02	 3.921569E-02	
 -.000022	 3.921569E-02	 .1176471	
 -.0000219	 3.921569E-02	 3.921569E-02	
 -.0000218	 3.921569E-02	 3.921569E-02	
 -.0000217	 3.921569E-02	 3.921569E-02	
 -.0000216	-3.921569E-02	 3.921569E-02	
 -.0000215	 3.921569E-02	 3.921569E-02	
 -.0000214	 3.921569E-02	 3.921569E-02	
 -.0000213	 3.921569E-02	 .1176471	
 -.0000212	 3.921569E-02	 .1176471	
 -.0000211	 3.921569E-02	 .1176471	
 -.000021	 .1176471	 .1176471	
 -.0000209	 3.921569E-02	 3.921569E-02	
 -.0000208	 .1176471	 .1176471	
 -.0000207	 3.921569E-02	 3.921569E-02	
 -.0000206	-3.921569E-02	 3.921569E-02	
 -.0000205	 3.921569E-02	 3.921569E-02	
 -.0000204	 3.921569E-02	 3.921569E-02	
 -.0000203	 3.921569E-02	-3.921569E-02	
 -.0000202	 .1176471	 3.921569E-02	
 -.0000201	 3.921569E-02	 .1176471	
 -.00002	 .1176471	 3.921569E-02	
 -.0000199	-3.921569E-02	 .1176471	
 -.0000198	 3.921569E-02	 .1176471	
 -.0000197	 3.921569E-02	 3.921569E-02	
 -.0000196	 3.921569E-02	 3.921569E-02	
 -.0000195	 3.921569E-02	-3.921569E-02	
 -.0000194	 .1176471	 3.921569E-02	
 -.0000193	 3.921569E-02	-3.921569E-02	
 -.0000192	 .1176471	 .1960784	
 -.0000191	-3.921569E-02	 .1176471	
 -.000019	 3.921569E-02	 3.921569E-02	
 -.0000189	 .1176471	 .1960784	
 -.0000188	 3.921569E-02	 3.921569E-02	
 -.0000187	 .1176471	 .1176471	
 -.0000186	 .1176471	 3.921569E-02	
 -.0000185	 3.921569E-02	-3.921569E-02	
 -.0000184	 3.921569E-02	 .1176471	
 -.0000183	 3.921569E-02	-3.921569E-02	
 -.0000182	 3.921569E-02	 .1176471	
 -.0000181	 .1176471	 3.921569E-02	
 -.000018	 3.921569E-02	 .1176471	
 -.0000179	 .1176471	 3.921569E-02	
 -.0000178	 3.921569E-02	 3.921569E-02	
 -.0000177	 3.921569E-02	 .1176471	
 -.0000176	 3.921569E-02	 3.921569E-02	
 -.0000175	 .1176471	 3.921569E-02	
 -.0000174	 3.921569E-02	 3.921569E-02	
 -.0000173	 3.921569E-02	 .1176471	
 -.0000172	 3.921569E-02	 3.921569E-02	
 -.0000171	 .1176471	 .1176471	
 -.000017	 .1176471	 3.921569E-02	
 -.0000169	 3.921569E-02	 3.921569E-02	
 -.0000168	 3.921569E-02	-3.921569E-02	
 -.0000167	 3.921569E-02	-.1176471	
 -.0000166	 3.921569E-02	 .1176471	
 -.0000165	 3.921569E-02	 3.921569E-02	
 -.0000164	 3.921569E-02	 .1176471	
 -.0000163	 3.921569E-02	-3.921569E-02	
 -.0000162	 3.921569E-02	 3.921569E-02	
 -.0000161	 3.921569E-02	 3.921569E-02	
 -.000016	 3.921569E-02	 3.921569E-02	
 -.0000159	 3.921569E-02	 3.921569E-02	
 -.0000158	 .1176471	 3.921569E-02	
 -.0000157	 3.921569E-02	-3.921569E-02	
 -.0000156	 .1176471	 .1960784	
 -.0000155	 3.921569E-02	 .1176471	
 -.0000154	 3.921569E-02	 .1176471	
 -.0000153	 3.921569E-02	-3.921569E-02	
 -.0000152	 .1176471	 3.921569E-02	
 -.0000151	 .1176471	 .1176471	
 -.000015	 3.921569E-02	-3.921569E-02	
 -.0000149	 3.921569E-02	 3.921569E-02	
 -.0000148	 .1176471	 .1176471	
 -.0000147	 3.921569E-02	 3.921569E-02	
 -.0000146	-3.921569E-02	 .1176471	
 -.0000145	 3.921569E-02	 .1176471	
 -.0000144	 3.921569E-02	 3.921569E-02	
 -.0000143	 3.921569E-02	 3.921569E-02	
 -.0000142	 3.921569E-02	 3.921569E-02	
 -.0000141	 .1176471	 3.921569E-02	
 -.000014	 3.921569E-02	 .1176471	
 -.0000139	 .1176471	 3.921569E-02	
 -.0000138	 3.921569E-02	 .1176471	
 -.0000137	-3.921569E-02	-3.921569E-02	
 -.0000136	 .1176471	 3.921569E-02	
 -.0000135	 .1176471	-3.921569E-02	
 -.0000134	 3.921569E-02	 .1176471	
 -.0000133	 3.921569E-02	 .1176471	
 -.0000132	 3.921569E-02	 3.921569E-02	
 -.0000131	-3.921569E-02	 3.921569E-02	
 -.000013	 3.921569E-02	 3.921569E-02	
 -.0000129	 .1176471	-3.921569E-02	
 -.0000128	 3.921569E-02	 3.921569E-02	
 -.0000127	 3.921569E-02	 3.921569E-02	
 -.0000126	-.1960784	-.1176471	
 -.0000125	 3.921569E-02	 .3529412	
 -.0000124	 3.921569E-02	 .1176471	
 -.0000123	 3.921569E-02	 3.921569E-02	
 -.0000122	 3.921569E-02	 .1176471	
 -.0000121	 .1176471	 3.921569E-02	
 -.000012	 3.921569E-02	 3.921569E-02	
 -.0000119	 .1176471	-3.921569E-02	
 -.0000118	 .1176471	 3.921569E-02	
 -.0000117	 3.921569E-02	-3.921569E-02	
 -.0000116	 3.921569E-02	 .1176471	
 -.0000115	 .1176471	 3.921569E-02	
 -.0000114	 3.921569E-02	 .1960784	
 -.0000113	 .1176471	 .1960784	
 -.0000112	-3.921569E-02	 3.921569E-02	
 -.0000111	 3.921569E-02	 .1176471	
 -.000011	 3.921569E-02	 3.921569E-02	
 -.0000109	 .1176471	 3.921569E-02	
 -.0000108	 .1176471	 3.921569E-02	
 -.0000107	 3.921569E-02	 .1176471	
 -.0000106	 .1176471	-3.921569E-02	
 -.0000105	-3.921569E-02	 3.921569E-02	
 -.0000104	 .1176471	 .1176471	
 -.0000103	 .1176471	 .1176471	
 -.0000102	 3.921569E-02	 3.921569E-02	
 -.0000101	 .1176471	 3.921569E-02	
 -.00001	 3.921569E-02	 .1176471	
 -.0000099	 3.921569E-02	 .1176471	
 -.0000098	 3.921569E-02	 .1176471	
 -.0000097	 3.921569E-02	-3.921569E-02	
 -.0000096	 3.921569E-02	 3.921569E-02	
 -.0000095	 .1176471	 3.921569E-02	
 -.0000094	 3.921569E-02	 3.921569E-02	
 -.0000093	 .1176471	 3.921569E-02	
 -.0000092	 3.921569E-02	 .1176471	
 -.0000091	 3.921569E-02	 .1176471	
 -.000009	 .1176471	 .1176471	
 -.0000089	 .1176471	-3.921569E-02	
 -.0000088	 .1176471	 3.921569E-02	
 -.0000087	 .1176471	-3.921569E-02	
 -.0000086	 3.921569E-02	 .1176471	
 -.0000085	 .1176471	 3.921569E-02	
 -.0000084	 .1176471	 3.921569E-02	
 -.0000083	 .1176471	 3.921569E-02	
 -.0000082	 3.921569E-02	 3.921569E-02	
 -.0000081	 .1176471	 3.921569E-02	
 -.000008	 3.921569E-02	 3.921569E-02	
 -.0000079	 3.921569E-02	 3.921569E-02	
 -.0000078	 .1176471	 3.921569E-02	
 -.0000077	 .1176471	 3.921569E-02	
 -.0000076	 .1176471	 .1176471	
 -.0000075	 3.921569E-02	 3.921569E-02	
 -.0000074	 3.921569E-02	 .1176471	
 -.0000073	 .1176471	 3.921569E-02	
 -.0000072	 .1960784	 .1176471	
 -.0000071	 .1176471	 .1176471	
 -.000007	 3.921569E-02	 3.921569E-02	
 -.0000069	 3.921569E-02	 3.921569E-02	
 -.0000068	 3.921569E-02	 3.921569E-02	
 -.0000067	 3.921569E-02	 3.921569E-02	
 -.0000066	 .1176471	 3.921569E-02	
 -.0000065	 3.921569E-02	 .1176471	
 -.0000064	 .1176471	 .1176471	
 -.0000063	-3.921569E-02	 3.921569E-02	
 -.0000062	 .1176471	 .1176471	
 -.0000061	 3.921569E-02	-3.921569E-02	
 -.000006	 .1176471	 .1176471	
 -.0000059	 3.921569E-02	 3.921569E-02	
 -.0000058	 .1176471	 3.921569E-02	
 -.0000057	 3.921569E-02	 .1960784	
 -.0000056	 .1176471	-3.921569E-02	
 -.0000055	 3.921569E-02	 .1176471	
 -.0000054	 .1176471	 .1176471	
 -.0000053	 .1960784	 3.921569E-02	
 -.0000052	 .1176471	 .1176471	
 -.0000051	 .1960784	-3.921569E-02	
 -.000005	 3.921569E-02	 .1176471	
 -.0000049	 .1176471	 3.921569E-02	
 -.0000048	 3.921569E-02	 3.921569E-02	
 -.0000047	 3.921569E-02	 3.921569E-02	
 -.0000046	 3.921569E-02	 .1176471	
 -.0000045	 3.921569E-02	 3.921569E-02	
 -.0000044	 3.921569E-02	-3.921569E-02	
 -.0000043	 3.921569E-02	 .1176471	
 -.0000042	-3.921569E-02	 3.921569E-02	
 -.0000041	 .1176471	 .1176471	
 -.000004	 .1176471	 3.921569E-02	
 -.0000039	 3.921569E-02	 .1960784	
 -.0000038	 3.921569E-02	 .1176471	
 -.0000037	 3.921569E-02	 3.921569E-02	
 -.0000036	 3.921569E-02	 3.921569E-02	
 -.0000035	 .1176471	 .1176471	
 -.0000034	 .1176471	 .1176471	
 -.0000033	 3.921569E-02	 3.921569E-02	
 -.0000032	 3.921569E-02	 3.921569E-02	
 -.0000031	 3.921569E-02	 .1176471	
 -.000003	 3.921569E-02	 3.921569E-02	
 -.0000029	 3.921569E-02	 .1176471	
 -.0000028	 .1176471	-3.921569E-02	
 -.0000027	 3.921569E-02	 .1176471	
 -.0000026	 3.921569E-02	 3.921569E-02	
 -.0000025	 .1176471	 3.921569E-02	
 -.0000024	 .1960784	 3.921569E-02	
 -.0000023	 3.921569E-02	 .1176471	
 -.0000022	 3.921569E-02	 .1176471	
 -.0000021	 3.921569E-02	 3.921569E-02	
 -.000002	 3.921569E-02	 3.921569E-02	
 -.0000019	 .1176471	 3.921569E-02	
 -.0000018	-3.921569E-02	-3.921569E-02	
 -.0000017	 3.921569E-02	 .1176471	
 -.0000016	 .1176471	 .1176471	
 -.0000015	 3.921569E-02	 .1176471	
 -.0000014	 .1176471	 .1176471	
 -.0000013	 3.921569E-02	 .1176471	
 -.0000012	 3.921569E-02	 3.921569E-02	
 -.0000011	 3.921569E-02	 3.921569E-02	
 -.000001	 .1176471	 .1960784	
 -.0000009	 .1176471	 3.921569E-02	
 -.0000008	 3.921569E-02	 .1176471	
 -.0000007	 3.921569E-02	-3.921569E-02	
 -.0000006	 3.921569E-02	 .1176471	
 -.0000005	 .1176471	 .1176471	
 -.0000004	-3.921569E-02	-3.921569E-02	
 -.0000003	 3.921569E-02	 3.921569E-02	
 -.0000002	 .1176471	-3.921569E-02	
 -.0000001	 3.921569E-02	 .1176471	
  0	 .1176471	 .1176471	
  .0000001	 3.921569E-02	 .1176471	
  .0000002	 3.921569E-02	-3.921569E-02	
  .0000003	 3.921569E-02	-3.921569E-02	
  .0000004	 .1176471	 3.921569E-02	
  .0000005	 3.921569E-02	 3.921569E-02	
  .0000006	 .1176471	 3.921569E-02	
  .0000007	 3.921569E-02	 .1176471	
  .0000008	 3.921569E-02	 3.921569E-02	
  .0000009	 .1176471	 .1176471	
  .000001	 3.921569E-02	 3.921569E-02	
  .0000011	 .1176471	 3.921569E-02	
  .0000012	 .1176471	 3.921569E-02	
  .0000013	 3.921569E-02	 3.921569E-02	
  .0000014	-3.921569E-02	 .1176471	
  .0000015	 3.921569E-02	-3.921569E-02	
  .0000016	 .1176471	 3.921569E-02	
  .0000017	 .1176471	 .1176471	
  .0000018	 3.921569E-02	 3.921569E-02	
  .0000019	 3.921569E-02	 3.921569E-02	
  .000002	-3.921569E-02	-3.921569E-02	
  .0000021	 .1176471	 3.921569E-02	
  .0000022	 3.921569E-02	 3.921569E-02	
  .0000023	 .1176471	 3.921569E-02	
  .0000024	 3.921569E-02	 3.921569E-02	
  .0000025	 3.921569E-02	 .1176471	
  .0000026	 .1176471	 3.921569E-02	
  .0000027	 .1960784	 .1176471	
  .0000028	 .1176471	 .1176471	
  .0000029	 3.921569E-02	 3.921569E-02	
  .000003	 3.921569E-02	 3.921569E-02	
  .0000031	 .1176471	 .1176471	
  .0000032	 3.921569E-02	 3.921569E-02	
  .0000033	 3.921569E-02	 .1176471	
  .0000034	 3.921569E-02	 .1176471	
  .0000035	 3.921569E-02	-3.921569E-02	
  .0000036	 3.921569E-02	 3.921569E-02	
  .0000037	 .1176471	 .1176471	
  .0000038	 3.921569E-02	 3.921569E-02	
  .0000039	 .1176471	 3.921569E-02	
  .000004	 .1176471	 3.921569E-02	
  .0000041	 .1176471	 3.921569E-02	
  .0000042	 .1176471	 .1176471	
  .0000043	 3.921569E-02	 3.921569E-02	
  .0000044	 3.921569E-02	 .1176471	
  .0000045	 .1960784	 .1176471	
  .0000046	 .1176471	 .1176471	
  .0000047	 .1176471	 .1176471	
  .0000048	 .1176471	-3.921569E-02	
  .0000049	 3.921569E-02	 3.921569E-02	
  .000005	 3.921569E-02	 3.921569E-02	
  .0000051	-3.921569E-02	 3.921569E-02	
  .0000052	 3.921569E-02	 .1176471	
  .0000053	 .1176471	 .1176471	
  .0000054	 .1176471	 3.921569E-02	
  .0000055	 .1176471	 3.921569E-02	
  .0000056	 3.921569E-02	 3.921569E-02	
  .0000057	-3.921569E-02	 3.921569E-02	
  .0000058	 .1176471	 .1176471	
  .0000059	 .1176471	 3.921569E-02	
  .000006	 3.921569E-02	 .1176471	
  .0000061	 .1176471	 3.921569E-02	
  .0000062	 3.921569E-02	 .1176471	
  .0000063	 .1176471	 .1176471	
  .0000064	 3.921569E-02	 3.921569E-02	
  .0000065	 3.921569E-02	 3.921569E-02	
  .0000066	 .1176471	-3.921569E-02	
  .0000067	 3.921569E-02	 3.921569E-02	
  .0000068	 3.921569E-02	 3.921569E-02	
  .0000069	 3.921569E-02	 .1176471	
  .000007	 3.921569E-02	 3.921569E-02	
  .0000071	-3.921569E-02	-3.921569E-02	
  .0000072	-3.921569E-02	 .1176471	
  .0000073	 3.921569E-02	 3.921569E-02	
  .0000074	 .1176471	 .1176471	
  .0000075	 .1176471	 3.921569E-02	
  .0000076	 3.921569E-02	 3.921569E-02	
  .0000077	 3.921569E-02	 .1176471	
  .0000078	 3.921569E-02	 3.921569E-02	
  .0000079	 3.921569E-02	 3.921569E-02	
  .000008	 3.921569E-02	 3.921569E-02	
  .0000081	 3.921569E-02	 3.921569E-02	
  .0000082	-3.921569E-02	 3.921569E-02	
  .0000083	 3.921569E-02	-3.921569E-02	
  .0000084	 3.921569E-02	 .1176471	
  .0000085	 .1176471	 .1176471	
  .0000086	-3.921569E-02	 3.921569E-02	
  .0000087	 .1176471	 3.921569E-02	
  .0000088	 3.921569E-02	 .1176471	
  .0000089	 .1176471	 .1176471	
  .000009	 3.921569E-02	 .1176471	
  .0000091	 3.921569E-02	 .1176471	
  .0000092	 .1176471	 3.921569E-02	
  .0000093	 3.921569E-02	 .1176471	
  .0000094	 .1176471	 .1176471	
  .0000095	 3.921569E-02	-3.921569E-02	
  .0000096	 3.921569E-02	-3.921569E-02	
  .0000097	 3.921569E-02	 3.921569E-02	
  .0000098	 .1176471	 .1176471	
  .0000099	 3.921569E-02	 3.921569E-02	
  .00001	 .1176471	 3.921569E-02	
  .0000101	 3.921569E-02	 3.921569E-02	
  .0000102	 3.921569E-02	 3.921569E-02	
  .0000103	 3.921569E-02	 3.921569E-02	
  .0000104	 3.921569E-02	-3.921569E-02	
  .0000105	 .1176471	 3.921569E-02	
  .0000106	 .1176471	 .1176471	
  .0000107	 3.921569E-02	 .1176471	
  .0000108	 .1176471	 3.921569E-02	
  .0000109	 3.921569E-02	 3.921569E-02	
  .000011	 3.921569E-02	 .1176471	
  .0000111	 .1176471	 3.921569E-02	
  .0000112	 .1176471	 .1176471	
  .0000113	 3.921569E-02	 3.921569E-02	
  .0000114	 3.921569E-02	-3.921569E-02	
  .0000115	 3.921569E-02	 .1176471	
  .0000116	 .1176471	 .1176471	
  .0000117	 .1176471	 .1176471	
  .0000118	 3.921569E-02	 3.921569E-02	
  .0000119	 3.921569E-02	-3.921569E-02	
  .000012	 .1176471	 .1176471	
  .0000121	 3.921569E-02	 .1176471	
  .0000122	 .1176471	 3.921569E-02	
  .0000123	 3.921569E-02	 3.921569E-02	
  .0000124	 3.921569E-02	 .1176471	
  .0000125	 .1176471	 3.921569E-02	
  .0000126	 .1176471	 .1176471	
  .0000127	 3.921569E-02	 3.921569E-02	
  .0000128	 .1176471	 3.921569E-02	
  .0000129	 3.921569E-02	 3.921569E-02	
  .000013	 3.921569E-02	 3.921569E-02	
  .0000131	 3.921569E-02	 .1176471	
  .0000132	 .1176471	 3.921569E-02	
  .0000133	-3.921569E-02	 3.921569E-02	
  .0000134	 3.921569E-02	 3.921569E-02	
  .0000135	 3.921569E-02	 3.921569E-02	
  .0000136	 .1176471	 3.921569E-02	
  .0000137	 3.921569E-02	 3.921569E-02	
  .0000138	 3.921569E-02	 3.921569E-02	
  .0000139	 3.921569E-02	 3.921569E-02	
  .000014	 .1176471	 3.921569E-02	
  .0000141	 3.921569E-02	 .1960784	
  .0000142	 3.921569E-02	 3.921569E-02	
  .0000143	 3.921569E-02	 3.921569E-02	
  .0000144	 .1176471	 3.921569E-02	
  .0000145	 .1176471	 3.921569E-02	
  .0000146	 .1176471	 .1176471	
  .0000147	 .1176471	-3.921569E-02	
  .0000148	 3.921569E-02	 3.921569E-02	
  .0000149	 3.921569E-02	 3.921569E-02	
  .000015	 3.921569E-02	 3.921569E-02	
  .0000151	 3.921569E-02	 .1176471	
  .0000152	 3.921569E-02	 3.921569E-02	
  .0000153	 3.921569E-02	 3.921569E-02	
  .0000154	 3.921569E-02	 .1176471	
  .0000155	 3.921569E-02	 3.921569E-02	
  .0000156	 3.921569E-02	 3.921569E-02	
  .0000157	-3.921569E-02	 3.921569E-02	
  .0000158	 3.921569E-02	 3.921569E-02	
  .0000159	 3.921569E-02	 .1176471	
  .000016	 .1176471	-3.921569E-02	
  .0000161	 .1176471	 3.921569E-02	
  .0000162	 3.921569E-02	 3.921569E-02	
  .0000163	 3.921569E-02	 .1176471	
  .0000164	 .1176471	 3.921569E-02	
  .0000165	 .1176471	 3.921569E-02	
  .0000166	 .1176471	 3.921569E-02	
  .0000167	 3.921569E-02	 3.921569E-02	
  .0000168	 .1176471	 3.921569E-02	
  .0000169	 3.921569E-02	 .1176471	
  .000017	 3.921569E-02	 3.921569E-02	
  .0000171	 3.921569E-02	 3.921569E-02	
  .0000172	 3.921569E-02	 3.921569E-02	
  .0000173	 3.921569E-02	 .1176471	
  .0000174	 .1176471	 3.921569E-02	
  .0000175	 3.921569E-02	 3.921569E-02	
  .0000176	 3.921569E-02	 .1176471	
  .0000177	 3.921569E-02	 3.921569E-02	
  .0000178	 3.921569E-02	 3.921569E-02	
  .0000179	 .1176471	-3.921569E-02	
  .000018	-3.921569E-02	 3.921569E-02	
  .0000181	 3.921569E-02	 .1176471	
  .0000182	 3.921569E-02	 3.921569E-02	
  .0000183	 3.921569E-02	 .1176471	
  .0000184	-3.921569E-02	 .1176471	
  .0000185	 3.921569E-02	 .1176471	
  .0000186	 .1176471	 .1176471	
  .0000187	 3.921569E-02	 3.921569E-02	
  .0000188	 .1176471	 .1176471	
  .0000189	-3.921569E-02	 3.921569E-02	
  .000019	 3.921569E-02	 3.921569E-02	
  .0000191	 3.921569E-02	 3.921569E-02	
  .0000192	 3.921569E-02	 .1176471	
  .0000193	 .1176471	 .1176471	
  .0000194	 .1176471	 3.921569E-02	
  .0000195	 3.921569E-02	 3.921569E-02	
  .0000196	 .1176471	 3.921569E-02	
  .0000197	 3.921569E-02	 .1176471	
  .0000198	 3.921569E-02	 .1176471	
  .0000199	 3.921569E-02	 .1176471	
  .00002	 3.921569E-02	 .1176471	
  .0000201	 .1176471	 3.921569E-02	
  .0000202	-3.921569E-02	 3.921569E-02	
  .0000203	 3.921569E-02	 3.921569E-02	
  .0000204	 .1176471	 .1176471	
  .0000205	 3.921569E-02	 .1176471	
  .0000206	 .1176471	 3.921569E-02	
  .0000207	 .1176471	 .1176471	
  .0000208	-.1960784	-.1176471	
  .0000209	-.2745098	 .1960784	
  .000021	-.7450981	 .2745098	
  .0000211	-.9803922	 .3529412	
  .0000212	-1.058824	 .1960784	
  .0000213	-1.137255	 .2745098	
  .0000214	-1.294118	 .2745098	
  .0000215	-1.372549	 .509804	
  .0000216	-1.45098	 .4313726	
  .0000217	-1.372549	 .6666667	
  .0000218	-1.529412	 .5882353	
  .0000219	-1.607843	 .6666667	
  .000022	-1.607843	 .7450981	
  .0000221	-1.529412	 .9019608	
  .0000222	-1.607843	 .9803922	
  .0000223	-1.686275	 1.058824	
  .0000224	-1.607843	 1.137255	
  .0000225	-1.607843	 1.137255	
  .0000226	-1.607843	 1.294118	
  .0000227	-1.686275	 1.137255	
  .0000228	-1.607843	 1.294118	
  .0000229	-1.607843	 1.372549	
  .000023	-1.686275	 1.45098	
  .0000231	-1.686275	 1.607843	
  .0000232	-1.607843	 1.607843	
  .0000233	-1.607843	 1.607843	
  .0000234	-1.686275	 1.607843	
  .0000235	-1.686275	 1.686275	
  .0000236	-1.607843	 1.686275	
  .0000237	-1.529412	 1.843137	
  .0000238	-1.607843	 1.843137	
  .0000239	-1.607843	 1.921569	
  .000024	-1.607843	 2.156863	
  .0000241	-1.607843	 2	
  .0000242	-1.686275	 2.078431	
  .0000243	-1.607843	 2.078431	
  .0000244	-1.607843	 2.156863	
  .0000245	-1.607843	 2.235294	
  .0000246	-1.607843	 2.078431	
  .0000247	-1.686275	 2.235294	
  .0000248	-1.607843	 2.235294	
  .0000249	-1.607843	 2.313725	
  .000025	-1.607843	 2.392157	
  .0000251	-1.607843	 2.470588	
  .0000252	-1.607843	 2.392157	
  .0000253	-1.529412	 2.313725	
  .0000254	-1.607843	 2.392157	
  .0000255	-1.686275	 2.392157	
  .0000256	-1.45098	 2.54902	
  .0000257	-1.607843	 2.54902	
  .0000258	-1.686275	 2.627451	
  .0000259	-1.607843	 2.627451	
  .000026	-1.607843	 2.627451	
  .0000261	-1.607843	 2.627451	
  .0000262	-1.607843	 2.784314	
  .0000263	-1.607843	 2.705882	
  .0000264	-1.607843	 2.705882	
  .0000265	-1.529412	 2.705882	
  .0000266	-1.607843	 2.784314	
  .0000267	-1.607843	 2.705882	
  .0000268	-1.607843	 2.862745	
  .0000269	-1.686275	 2.784314	
  .000027	-1.607843	 2.784314	
  .0000271	-1.529412	 2.784314	
  .0000272	-1.607843	 2.862745	
  .0000273	-1.607843	 2.941176	
  .0000274	-1.607843	 2.941176	
  .0000275	-1.607843	 2.941176	
  .0000276	-1.607843	 2.784314	
  .0000277	-1.607843	 2.941176	
  .0000278	-1.529412	 2.862745	
  .0000279	-1.607843	 2.941176	
  .000028	-1.529412	 2.941176	
  .0000281	-1.607843	 2.862745	
  .0000282	-1.529412	 3.019608	
  .0000283	-1.529412	 3.098039	
  .0000284	-1.607843	 3.019608	
  .0000285	-1.529412	 3.098039	
  .0000286	-1.45098	 3.019608	
  .0000287	-1.607843	 3.098039	
  .0000288	-1.45098	 3.019608	
  .0000289	-1.45098	 3.019608	
  .000029	-1.529412	 3.098039	
  .0000291	-1.45098	 3.019608	
  .0000292	-1.372549	 3.019608	
  .0000293	-1.45098	 3.098039	
  .0000294	-1.45098	 3.098039	
  .0000295	-1.45098	 2.941176	
  .0000296	-1.529412	 3.019608	
  .0000297	-1.45098	 3.098039	
  .0000298	-1.45098	 3.098039	
  .0000299	-1.45098	 3.098039	
  .00003	-1.45098	 3.019608	
  .0000301	-1.45098	 3.019608	
  .0000302	-1.529412	 3.098039	
  .0000303	-1.372549	 3.098039	
  .0000304	-1.45098	 3.098039	
  .0000305	-1.294118	 3.019608	
  .0000306	-1.372549	 3.098039	
  .0000307	-1.529412	 3.176471	
  .0000308	-1.45098	 3.098039	
  .0000309	-1.45098	 3.019608	
  .000031	-1.45098	 3.019608	
  .0000311	-1.45098	 3.176471	
  .0000312	-1.529412	 3.019608	
  .0000313	-1.45098	 3.098039	
  .0000314	-1.45098	 3.098039	
  .0000315	-1.45098	 3.098039	
  .0000316	-1.372549	 3.098039	
  .0000317	-1.45098	 3.019608	
  .0000318	-1.372549	 3.098039	
  .0000319	-1.372549	 3.098039	
  .000032	-1.372549	 3.176471	
  .0000321	-1.529412	 3.019608	
  .0000322	-1.372549	 3.176471	
  .0000323	-1.372549	 3.098039	
  .0000324	-1.45098	 3.098039	
  .0000325	-1.45098	 3.098039	
  .0000326	-1.45098	 3.098039	
  .0000327	-1.45098	 3.019608	
  .0000328	-1.45098	 3.098039	
  .0000329	-1.45098	 3.176471	
  .000033	-1.372549	 3.176471	
  .0000331	-1.372549	 3.098039	
  .0000332	-1.372549	 3.098039	
  .0000333	-1.45098	 3.019608	
  .0000334	-1.45098	 3.019608	
  .0000335	-1.45098	 3.098039	
  .0000336	-1.372549	 3.176471	
  .0000337	-1.372549	 3.176471	
  .0000338	-1.372549	 3.019608	
  .0000339	-1.372549	 3.254902	
  .000034	-1.372549	 3.019608	
  .0000341	-1.372549	 3.176471	
  .0000342	-1.294118	 3.019608	
  .0000343	-1.372549	 3.098039	
  .0000344	-1.372549	 3.176471	
  .0000345	-1.294118	 2.941176	
  .0000346	-1.372549	 3.098039	
  .0000347	-1.372549	 3.098039	
  .0000348	-1.45098	 3.019608	
  .0000349	-1.45098	 3.019608	
  .000035	-1.372549	 3.098039	
  .0000351	-1.372549	 3.098039	
  .0000352	-1.45098	 3.019608	
  .0000353	-1.294118	 3.098039	
  .0000354	-1.372549	 3.019608	
  .0000355	-1.294118	 3.098039	
  .0000356	-1.372549	 3.019608	
  .0000357	-1.372549	 3.176471	
  .0000358	-1.372549	 3.098039	
  .0000359	-1.294118	 3.019608	
  .000036	-1.294118	 3.019608	
  .0000361	-1.372549	 3.098039	
  .0000362	-1.294118	 3.098039	
  .0000363	-1.372549	 3.019608	
  .0000364	-1.372549	 3.019608	
  .0000365	-1.372549	 2.941176	
  .0000366	-1.372549	 3.019608	
  .0000367	-1.294118	 3.019608	
  .0000368	-1.372549	 2.941176	
  .0000369	-1.294118	 3.019608	
  .000037	-1.372549	 3.098039	
  .0000371	-1.372549	 2.941176	
  .0000372	-1.215686	 3.019608	
  .0000373	-1.294118	 3.019608	
  .0000374	-1.294118	 3.098039	
  .0000375	-1.294118	 2.941176	
  .0000376	-1.294118	 2.941176	
  .0000377	-1.294118	 2.862745	
  .0000378	-1.294118	 2.862745	
  .0000379	-1.215686	 3.019608	
  .000038	-1.294118	 2.941176	
  .0000381	-1.215686	 3.019608	
  .0000382	-1.215686	 3.019608	
  .0000383	-1.294118	 2.941176	
  .0000384	-1.294118	 2.941176	
  .0000385	-1.294118	 2.862745	
  .0000386	-1.294118	 2.941176	
  .0000387	-1.294118	 2.941176	
  .0000388	-1.215686	 2.862745	
  .0000389	-1.294118	 2.941176	
  .000039	-1.372549	 2.862745	
  .0000391	-1.137255	 3.019608	
  .0000392	-1.215686	 2.862745	
  .0000393	-1.215686	 2.784314	
  .0000394	-1.215686	 2.862745	
  .0000395	-1.215686	 2.941176	
  .0000396	-1.294118	 2.862745	
  .0000397	-1.294118	 2.862745	
  .0000398	-1.215686	 2.784314	
  .0000399	-1.215686	 2.784314	
  .00004	-1.294118	 2.784314	
  .0000401	-1.215686	 2.784314	
  .0000402	-1.137255	 2.862745	
  .0000403	-1.215686	 2.862745	
  .0000404	-1.137255	 2.784314	
  .0000405	-1.137255	 2.862745	
  .0000406	-1.215686	 2.784314	
  .0000407	-1.215686	 2.784314	
  .0000408	-1.215686	 2.705882	
  .0000409	-1.294118	 2.705882	
  .000041	-1.137255	 2.784314	
  .0000411	-1.215686	 2.705882	
  .0000412	-1.137255	 2.784314	
  .0000413	-1.137255	 2.705882	
  .0000414	-1.137255	 2.862745	
  .0000415	-1.137255	 2.705882	
  .0000416	-1.215686	 2.627451	
  .0000417	-1.137255	 2.784314	
  .0000418	-1.137255	 2.705882	
  .0000419	-1.058824	 2.705882	
  .000042	-1.137255	 2.627451	
  .0000421	-1.137255	 2.784314	
  .0000422	-1.058824	 2.705882	
  .0000423	-1.058824	 2.705882	
  .0000424	-1.058824	 2.627451	
  .0000425	-1.058824	 2.54902	
  .0000426	-1.137255	 2.627451	
  .0000427	-1.137255	 2.54902	
  .0000428	-1.137255	 2.627451	
  .0000429	-1.058824	 2.627451	
  .000043	-1.137255	 2.54902	
  .0000431	-.9803922	 2.54902	
  .0000432	-1.058824	 2.470588	
  .0000433	-.9803922	 2.470588	
  .0000434	-.9803922	 2.392157	
  .0000435	-.9019608	 2.54902	
  .0000436	-.9019608	 2.54902	
  .0000437	-.8235294	 2.392157	
  .0000438	-.9803922	 2.54902	
  .0000439	 1.921569	 2.54902	
  .000044	 5.294117	 2.784314	
  .0000441	 8.588235	 2.784314	
  .0000442	 10	 2.784314	
  .0000443	 10	 2.862745	
  .0000444	 10	 2.705882	
  .0000445	 10	 2.941176	
  .0000446	 10	 2.862745	
  .0000447	 10	 2.862745	
  .0000448	 10	 2.862745	
  .0000449	 10	 2.941176	
  .000045	 10	 2.862745	
  .0000451	 10	 2.862745	
  .0000452	 10	 2.784314	
  .0000453	 9.529411	 2.784314	
  .0000454	 8.431373	 2.862745	
  .0000455	 7.647059	 2.941176	
  .0000456	 6.941176	 2.941176	
  .0000457	 6.235294	 2.941176	
  .0000458	 5.607843	 2.862745	
  .0000459	 5.058824	 2.941176	
  .000046	 4.509804	 2.941176	
  .0000461	 3.960784	 2.862745	
  .0000462	 3.647059	 2.862745	
  .0000463	 3.254902	 2.862745	
  .0000464	 2.941176	 2.941176	
  .0000465	 2.54902	 2.862745	
  .0000466	 2.470588	 2.862745	
  .0000467	 2.156863	 2.862745	
  .0000468	 2	 2.862745	
  .0000469	 1.921569	 2.862745	
  .000047	 1.607843	 2.862745	
  .0000471	 1.607843	 2.784314	
  .0000472	 1.294118	 2.862745	
  .0000473	 1.215686	 2.941176	
  .0000474	 1.215686	 2.862745	
  .0000475	 1.058824	 2.784314	
  .0000476	 1.137255	 2.862745	
  .0000477	 .9019608	 2.784314	
  .0000478	 .9019608	 2.941176	
  .0000479	 .9019608	 2.784314	
  .000048	 .8235294	 2.941176	
  .0000481	 .8235294	 2.941176	
  .0000482	 .7450981	 2.862745	
  .0000483	 .7450981	 2.784314	
  .0000484	 .7450981	 2.862745	
  .0000485	 .7450981	 2.941176	
  .0000486	 .6666667	 2.862745	
  .0000487	 .5882353	 2.784314	
  .0000488	 .5882353	 2.784314	
  .0000489	 .5882353	 2.784314	
  .000049	 .5882353	 2.784314	
  .0000491	 .509804	 2.784314	
  .0000492	 .509804	 2.784314	
  .0000493	 .6666667	 2.784314	
  .0000494	 .509804	 2.784314	
  .0000495	 .4313726	 2.862745	
  .0000496	 .509804	 2.862745	
  .0000497	 .509804	 2.784314	
  .0000498	 .509804	 2.784314	
  .0000499	 .509804	 2.784314	
  .00005	 .509804	 2.784314	
  .0000501	 .509804	 2.862745	
  .0000502	 .4313726	 2.784314	
  .0000503	 .4313726	 2.784314	
  .0000504	 .509804	 2.784314	
  .0000505	 .4313726	 2.784314	
  .0000506	 .4313726	 2.784314	
  .0000507	 .4313726	 2.784314	
  .0000508	 .4313726	 2.784314	
  .0000509	 .3529412	 2.784314	
  .000051	 .3529412	 2.784314	
  .0000511	 .3529412	 2.784314	
  .0000512	 .3529412	 2.784314	
  .0000513	 .3529412	 2.705882	
  .0000514	 .4313726	 2.705882	
  .0000515	 .4313726	 2.627451	
  .0000516	 .3529412	 2.784314	
  .0000517	 .509804	 2.705882	
  .0000518	 .509804	 2.784314	
  .0000519	 .4313726	 2.705882	
  .000052	 .4313726	 2.784314	
  .0000521	 .509804	 2.705882	
  .0000522	 .509804	 2.705882	
  .0000523	 .4313726	 2.705882	
  .0000524	 .3529412	 2.705882	
  .0000525	 .4313726	 2.627451	
  .0000526	 .4313726	 2.705882	
  .0000527	 .3529412	 2.705882	
  .0000528	 .4313726	 2.705882	
  .0000529	 .3529412	 2.784314	
  .000053	 .4313726	 2.705882	
  .0000531	 .3529412	 2.627451	
  .0000532	 .4313726	 2.705882	
  .0000533	 .3529412	 2.54902	
  .0000534	 .4313726	 2.627451	
  .0000535	 .4313726	 2.705882	
  .0000536	 .509804	 2.627451	
  .0000537	 .3529412	 2.862745	
  .0000538	 .4313726	 2.627451	
  .0000539	 .3529412	 2.784314	
  .000054	 .509804	 2.705882	
  .0000541	 .509804	 2.705882	
  .0000542	 .5882353	 2.627451	
  .0000543	 .5882353	 2.54902	
  .0000544	 .509804	 2.627451	
  .0000545	 .509804	 2.54902	
  .0000546	 .509804	 2.627451	
  .0000547	 .5882353	 2.627451	
  .0000548	 .509804	 2.627451	
  .0000549	 .509804	 2.627451	
  .000055	 .509804	 2.627451	
  .0000551	 .3529412	 2.705882	
  .0000552	 .2745098	 2.54902	
  .0000553	 .4313726	 2.627451	
  .0000554	 .4313726	 2.54902	
  .0000555	 .3529412	 2.627451	
  .0000556	 .3529412	 2.54902	
  .0000557	 .2745098	 2.627451	
  .0000558	 .2745098	 2.627451	
  .0000559	 .2745098	 2.627451	
  .000056	 .2745098	 2.627451	
  .0000561	 .3529412	 2.54902	
  .0000562	 .3529412	 2.54902	
  .0000563	 .4313726	 2.470588	
  .0000564	 .3529412	 2.54902	
  .0000565	 .3529412	 2.54902	
  .0000566	 .509804	 2.470588	
  .0000567	 .4313726	 2.54902	
  .0000568	 .4313726	 2.54902	
  .0000569	 .509804	 2.54902	
  .000057	 .509804	 2.470588	
  .0000571	 .4313726	 2.54902	
  .0000572	 .3529412	 2.627451	
  .0000573	 .3529412	 2.470588	
  .0000574	 .3529412	 2.470588	
  .0000575	 .4313726	 2.470588	
  .0000576	 .3529412	 2.470588	
  .0000577	 .4313726	 2.54902	
  .0000578	 .509804	 2.54902	
  .0000579	 .5882353	 2.54902	
  .000058	 .5882353	 2.54902	
  .0000581	 .5882353	 2.54902	
  .0000582	 .5882353	 2.54902	
  .0000583	 .5882353	 2.470588	
  .0000584	 .509804	 2.54902	
  .0000585	 .4313726	 2.54902	
  .0000586	 .4313726	 2.54902	
  .0000587	 .4313726	 2.470588	
  .0000588	 .3529412	 2.470588	
  .0000589	 .3529412	 2.470588	
  .000059	 .4313726	 2.392157	
  .0000591	 .3529412	 2.470588	
  .0000592	 .4313726	 2.392157	
  .0000593	 .3529412	 2.392157	
  .0000594	 .3529412	 2.470588	
  .0000595	 .4313726	 2.470588	
  .0000596	 .509804	 2.392157	
  .0000597	 .509804	 2.470588	
  .0000598	 .509804	 2.313725	
  .0000599	 .509804	 2.313725	
  .00006	 .4313726	 2.470588	
  .0000601	 .4313726	 2.470588	
  .0000602	 .509804	 2.392157	
  .0000603	 .4313726	 2.392157	
  .0000604	 .2745098	 2.313725	
  .0000605	 .4313726	 2.470588	
  .0000606	 .4313726	 2.392157	
  .0000607	 .4313726	 2.392157	
  .0000608	 .3529412	 2.392157	
  .0000609	 .3529412	 2.313725	
  .000061	 .3529412	 2.313725	
  .0000611	 .3529412	 2.392157	
  .0000612	 .3529412	 2.392157	
  .0000613	 .3529412	 2.313725	
  .0000614	 .3529412	 2.313725	
  .0000615	 .3529412	 2.313725	
  .0000616	 .3529412	 2.313725	
  .0000617	 .4313726	 2.392157	
  .0000618	 .3529412	 2.235294	
  .0000619	 .3529412	 2.392157	
  .000062	 .3529412	 2.313725	
  .0000621	 .4313726	 2.313725	
  .0000622	 .2745098	 2.313725	
  .0000623	 .2745098	 2.235294	
  .0000624	 .3529412	 2.235294	
  .0000625	 .3529412	 2.235294	
  .0000626	 .3529412	 2.313725	
  .0000627	 .3529412	 2.235294	
  .0000628	 .1960784	 2.235294	
  .0000629	 .2745098	 2.156863	
  .000063	 .3529412	 2.156863	
  .0000631	 .509804	 2.156863	
  .0000632	 .4313726	 2.235294	
  .0000633	 .5882353	 2.235294	
  .0000634	 .4313726	 2.235294	
  .0000635	 .4313726	 2.156863	
  .0000636	 .4313726	 2.392157	
  .0000637	 .3529412	 2.156863	
  .0000638	 .509804	 2.235294	
  .0000639	 .6666667	 2.156863	
  .000064	 .5882353	 2.235294	
  .0000641	 .5882353	 2.156863	
  .0000642	 .4313726	 2.078431	
  .0000643	 .3529412	 2.156863	
  .0000644	 .3529412	 2.156863	
  .0000645	 .2745098	 2.235294	
  .0000646	 .1960784	 2.156863	
  .0000647	 .1176471	 2.156863	
  .0000648	 .1960784	 2.156863	
  .0000649	 .1960784	 2.078431	
  .000065	 .1960784	 2.156863	
  .0000651	 .1960784	 2.078431	
  .0000652	 .3529412	 2.235294	
  .0000653	 .2745098	 2.078431	
  .0000654	 .1960784	 2.156863	
  .0000655	 .1176471	 2.078431	
  .0000656	 .1176471	 2.156863	
  .0000657	 .1176471	 2.156863	
  .0000658	 .1176471	 2.156863	
  .0000659	 .1176471	 2.156863	
  .000066	 .1176471	 2.078431	
  .0000661	 .1176471	 2	
  .0000662	 3.921569E-02	 2	
  .0000663	 .1176471	 2	
  .0000664	 3.921569E-02	 2	
  .0000665	 3.921569E-02	 2	
  .0000666	 3.921569E-02	 2	
  .0000667	 3.921569E-02	 2	
  .0000668	 3.921569E-02	 2.078431	
  .0000669	 .1176471	 2	
  .000067	 3.921569E-02	 2	
  .0000671	 3.921569E-02	 2.156863	
  .0000672	 3.921569E-02	 2	
  .0000673	 3.921569E-02	 2.078431	
  .0000674	 .1176471	 1.921569	
  .0000675	 .1176471	 1.921569	
  .0000676	 .1176471	 2	
  .0000677	 .1176471	 2	
  .0000678	 .1176471	 2	
  .0000679	 .1176471	 2.078431	
  .000068	 3.921569E-02	 2	
  .0000681	 .1176471	 2	
  .0000682	 3.921569E-02	 1.921569	
  .0000683	 .1176471	 2	
  .0000684	 3.921569E-02	 2	
  .0000685	 3.921569E-02	 1.921569	
  .0000686	 .1960784	 1.921569	
  .0000687	 3.921569E-02	 1.921569	
  .0000688	 .1176471	 1.921569	
  .0000689	 .1176471	 1.921569	
  .000069	 .1176471	 1.921569	
  .0000691	 .1176471	 1.843137	
  .0000692	 .1176471	 1.921569	
  .0000693	 3.921569E-02	 1.921569	
  .0000694	 3.921569E-02	 1.843137	
  .0000695	 3.921569E-02	 1.843137	
  .0000696	 3.921569E-02	 1.843137	
  .0000697	 .1176471	 1.843137	
  .0000698	 .1176471	 1.843137	
  .0000699	 .1960784	 1.921569	
  .00007	 .1960784	 1.921569	
  .0000701	 .1960784	 1.843137	
  .0000702	 .1960784	 1.921569	
  .0000703	 3.921569E-02	 1.764706	
  .0000704	 .1176471	 1.843137	
  .0000705	 .1176471	 1.764706	
  .0000706	 .1960784	 1.843137	
  .0000707	 .1176471	 1.921569	
  .0000708	 .1176471	 1.686275	
  .0000709	 .1176471	 1.843137	
  .000071	 .1176471	 1.764706	
  .0000711	 .1176471	 1.764706	
  .0000712	 .1176471	 1.764706	
  .0000713	 .1176471	 1.764706	
  .0000714	 .1176471	 1.843137	
  .0000715	 .1176471	 1.686275	
  .0000716	 .2745098	 1.764706	
  .0000717	 .1176471	 1.764706	
  .0000718	 .1960784	 1.843137	
  .0000719	 .1960784	 1.686275	
  .000072	 .2745098	 1.764706	
  .0000721	 .1176471	 1.686275	
  .0000722	 .1176471	 1.686275	
  .0000723	 .1960784	 1.686275	
  .0000724	 .1960784	 1.686275	
  .0000725	 .1176471	 1.764706	
  .0000726	 .1176471	 1.686275	
  .0000727	 .1176471	 1.686275	
  .0000728	 .1960784	 1.686275	
  .0000729	 .1176471	 1.607843	
  .000073	 .1960784	 1.686275	
  .0000731	 3.921569E-02	 1.607843	
  .0000732	 .1960784	 1.607843	
  .0000733	 .1176471	 1.686275	
  .0000734	 .1176471	 1.529412	
  .0000735	 .1960784	 1.686275	
  .0000736	 .1960784	 1.607843	
  .0000737	 .1176471	 1.686275	
  .0000738	 .1960784	 1.607843	
  .0000739	 .1960784	 1.607843	
  .000074	 .1960784	 1.686275	
  .0000741	 .1960784	 1.529412	
  .0000742	 .1176471	 1.607843	
  .0000743	 .1960784	 1.607843	
  .0000744	 3.921569E-02	 1.686275	
  .0000745	 .1176471	 1.529412	
  .0000746	 .1176471	 1.686275	
  .0000747	 .1960784	 1.529412	
  .0000748	 .1960784	 1.529412	
  .0000749	 .1176471	 1.529412	
  .000075	 .1176471	 1.529412	
  .0000751	 .1176471	 1.686275	
  .0000752	 .1960784	 1.529412	
  .0000753	 .1176471	 1.529412	
  .0000754	 .1176471	 1.529412	
  .0000755	 .1176471	 1.529412	
  .0000756	 .1176471	 1.529412	
  .0000757	 .1176471	 1.607843	
  .0000758	 .1176471	 1.529412	
  .0000759	 .1176471	 1.45098	
  .000076	 .1176471	 1.372549	
  .0000761	 .1176471	 1.45098	
  .0000762	 .1960784	 1.45098	
  .0000763	 .1176471	 1.45098	
  .0000764	 .1176471	 1.372549	
  .0000765	 3.921569E-02	 1.45098	
  .0000766	 .1960784	 1.45098	
  .0000767	 .1960784	 1.372549	
  .0000768	 .1960784	 1.372549	
  .0000769	 .1176471	 1.372549	
  .000077	 .1176471	 1.45098	
  .0000771	 .1176471	 1.294118	
  .0000772	 .1176471	 1.372549	
  .0000773	 .1960784	 1.294118	
  .0000774	 3.921569E-02	 1.372549	
  .0000775	 .1960784	 1.372549	
  .0000776	 .1960784	 1.294118	
  .0000777	 .1176471	 1.45098	
  .0000778	 .1176471	 1.45098	
  .0000779	 3.921569E-02	 1.372549	
  .000078	 3.921569E-02	 1.294118	
  .0000781	 .1960784	 1.372549	
  .0000782	 .1176471	 1.45098	
  .0000783	 .1176471	 1.372549	
  .0000784	 .1176471	 1.372549	
  .0000785	 .1960784	 1.294118	
  .0000786	 .1176471	 1.294118	
  .0000787	 .1176471	 1.294118	
  .0000788	 .2745098	 1.215686	
  .0000789	 .1960784	 1.215686	
  .000079	 .1960784	 1.215686	
  .0000791	 .1176471	 1.294118	
  .0000792	 3.921569E-02	 1.294118	
  .0000793	 .1960784	 1.294118	
  .0000794	 .1176471	 1.215686	
  .0000795	 3.921569E-02	 1.137255	
  .0000796	 .1176471	 1.215686	
  .0000797	 .1176471	 1.137255	
  .0000798	 .1176471	 1.215686	
  .0000799	 .1176471	 1.294118	
  .00008	 .1960784	 1.137255	
  .0000801	 .1960784	 1.215686	
  .0000802	 .1176471	 1.137255	
  .0000803	 .1176471	 1.137255	
  .0000804	 .1176471	 1.215686	
  .0000805	 .1176471	 1.058824	
  .0000806	 .1176471	 1.215686	
  .0000807	 .1176471	 1.058824	
  .0000808	 .1176471	 1.215686	
  .0000809	 .1176471	 1.137255	
  .000081	 .1176471	 1.215686	
  .0000811	 .1176471	 1.058824	
  .0000812	 3.921569E-02	 1.058824	
  .0000813	 .1176471	 1.058824	
  .0000814	 .1960784	 1.058824	
  .0000815	 .3529412	 1.137255	
  .0000816	 .1176471	 1.058824	
  .0000817	 .1960784	 1.058824	
  .0000818	 .1176471	 1.137255	
  .0000819	 .1960784	 1.215686	
  .000082	 .1176471	 1.058824	
  .0000821	 .1960784	 1.058824	
  .0000822	 .1176471	 .9803922	
  .0000823	 .1176471	 .9803922	
  .0000824	 .1176471	 1.058824	
  .0000825	 .1176471	 1.058824	
  .0000826	 .1176471	 1.058824	
  .0000827	 .1176471	 .9803922	
  .0000828	 .1176471	 .9803922	
  .0000829	 .1960784	 1.058824	
  .000083	 3.921569E-02	 .9019608	
  .0000831	 .2745098	 .9019608	
  .0000832	 .1176471	 .9803922	
  .0000833	 .1960784	 .8235294	
  .0000834	 .1176471	 1.137255	
  .0000835	 3.921569E-02	 .9019608	
  .0000836	 .1176471	 .9803922	
  .0000837	 .1960784	 .9019608	
  .0000838	 .1960784	 .9019608	
  .0000839	 .1960784	 .9803922	
  .000084	 .1960784	 .8235294	
  .0000841	 3.921569E-02	 .9019608	
  .0000842	 .1960784	 .9803922	
  .0000843	 .1960784	 .9803922	
  .0000844	 .1176471	 .9019608	
  .0000845	 .1960784	 .9019608	
  .0000846	 .1176471	 .8235294	
  .0000847	 3.921569E-02	 .7450981	
  .0000848	 .1176471	 .8235294	
  .0000849	 .1176471	 .8235294	
  .000085	 .1960784	 .9019608	
  .0000851	 .1960784	 .7450981	
  .0000852	 .1176471	 .9019608	
  .0000853	 .1176471	 .8235294	
  .0000854	 .1176471	 .8235294	
  .0000855	 .1176471	 .9019608	
  .0000856	 .1960784	 .9803922	
  .0000857	 .1176471	 .9019608	
  .0000858	 .1960784	 .8235294	
  .0000859	 3.921569E-02	 .6666667	
  .000086	 3.921569E-02	 .7450981	
  .0000861	 .1176471	 .7450981	
  .0000862	 .1960784	 .9019608	
  .0000863	 .1176471	 .7450981	
  .0000864	 .1960784	 .7450981	
  .0000865	 .1176471	 .7450981	
  .0000866	 .1960784	 .6666667	
  .0000867	 .1960784	 .7450981	
  .0000868	 .1176471	 .7450981	
  .0000869	 .1176471	 .8235294	
  .000087	 .1176471	 .6666667	
  .0000871	 .1176471	 .5882353	
  .0000872	 .1960784	 .6666667	
  .0000873	 3.921569E-02	 .5882353	
  .0000874	 .1176471	 .7450981	
  .0000875	 .1176471	 .5882353	
  .0000876	 .1176471	 .7450981	
  .0000877	 .1960784	 .7450981	
  .0000878	 .1176471	 .6666667	
  .0000879	 3.921569E-02	 .7450981	
  .000088	 .1176471	 .6666667	
  .0000881	 3.921569E-02	 .7450981	
  .0000882	 .1176471	 .6666667	
  .0000883	 .1176471	 .6666667	
  .0000884	 .1176471	 .509804	
  .0000885	 3.921569E-02	 .5882353	
  .0000886	 .1960784	 .5882353	
  .0000887	 .1176471	 .509804	
  .0000888	 .1176471	 .5882353	
  .0000889	 .1176471	 .5882353	
  .000089	 .1176471	 .5882353	
  .0000891	 .1176471	 .5882353	
  .0000892	 3.921569E-02	 .509804	
  .0000893	 .1176471	 .509804	
  .0000894	 .1176471	 .4313726	
  .0000895	 .1176471	 .4313726	
  .0000896	 .1176471	 .5882353	
  .0000897	 .1960784	 .509804	
  .0000898	 .1176471	 .509804	
  .0000899	 .1176471	 .4313726	
  .00009	 .1176471	 .5882353	
  .0000901	 .1176471	 .509804	
  .0000902	 .1960784	 .4313726	
  .0000903	 .1960784	 .4313726	
  .0000904	 .1176471	 .509804	
  .0000905	 .1176471	 .509804	
  .0000906	 .1176471	 .4313726	
  .0000907	 .1176471	 .4313726	
  .0000908	 .1960784	 .509804	
  .0000909	 .1176471	 .4313726	
  .000091	 .1176471	 .4313726	
  .0000911	 .1176471	 .4313726	
  .0000912	 .1960784	 .3529412	
  .0000913	 .1176471	 .3529412	
  .0000914	 .2745098	 .4313726	
  .0000915	 .1960784	 .3529412	
  .0000916	 3.921569E-02	 .3529412	
  .0000917	 .1960784	 .4313726	
  .0000918	 .1960784	 .4313726	
  .0000919	 .1176471	 .4313726	
  .000092	 .1960784	 .3529412	
  .0000921	 .1176471	 .3529412	
  .0000922	 3.921569E-02	 .3529412	
  .0000923	 .1176471	 .3529412	
  .0000924	 .1176471	 .4313726	
  .0000925	 3.921569E-02	 .3529412	
  .0000926	 .1960784	 .3529412	
  .0000927	 3.921569E-02	 .1960784	
  .0000928	 .1176471	 .2745098	
  .0000929	 .1176471	 .2745098	
  .000093	 .1960784	 .2745098	
  .0000931	 .1176471	 .2745098	
  .0000932	 .1960784	 .1960784	
  .0000933	 .1960784	 .3529412	
  .0000934	 .1960784	 .1960784	
  .0000935	 .1176471	 .2745098	
  .0000936	 .1960784	 .2745098	
  .0000937	 .1960784	 .2745098	
  .0000938	 .1960784	 .3529412	
  .0000939	 .1960784	 .1960784	
  .000094	 .1176471	 .2745098	
  .0000941	 .1176471	 .2745098	
  .0000942	 .1176471	 .1960784	
  .0000943	 .1176471	 .1960784	
  .0000944	 .1176471	 .2745098	
  .0000945	 .1960784	 .1176471	
  .0000946	 .1176471	 .1960784	
  .0000947	 .1176471	 .1176471	
  .0000948	 .1176471	 .1960784	
  .0000949	 .1960784	 .2745098	
  .000095	 .1960784	 .1960784	
  .0000951	 .1176471	 .1960784	
  .0000952	 .1176471	 .1176471	
  .0000953	 3.921569E-02	 .1176471	
  .0000954	 .1960784	 .1176471	
  .0000955	 .1176471	 .1960784	
  .0000956	 .1960784	 .1960784	
  .0000957	 .1960784	 .1176471	
  .0000958	 .1176471	 3.921569E-02	
  .0000959	 .1176471	 .1176471	
  .000096	 .1176471	 .1176471	
  .0000961	 .1176471	 .1176471	
  .0000962	 .1176471	 3.921569E-02	
  .0000963	 .1176471	 .1176471	
  .0000964	 .1960784	 .1176471	
  .0000965	 .1960784	 .1176471	
  .0000966	 .1960784	 3.921569E-02	
  .0000967	 .1176471	 3.921569E-02	
  .0000968	 .1176471	 .1176471	
  .0000969	 .1176471	-3.921569E-02	
  .000097	 .1176471	 3.921569E-02	
  .0000971	 .1176471	-3.921569E-02	
  .0000972	 .1176471	 3.921569E-02	
  .0000973	 .1176471	 .1176471	
  .0000974	 .1960784	-3.921569E-02	
  .0000975	 .1960784	 .1176471	
  .0000976	 .1960784	 .1176471	
  .0000977	 3.921569E-02	 3.921569E-02	
  .0000978	 .1176471	-3.921569E-02	
  .0000979	 .1176471	 3.921569E-02	
  .000098	 3.921569E-02	 3.921569E-02	
  .0000981	 .1176471	-3.921569E-02	
  .0000982	 .1176471	-3.921569E-02	
  .0000983	 .1176471	-3.921569E-02	
  .0000984	 .1176471	-3.921569E-02	
  .0000985	 .1176471	-3.921569E-02	
  .0000986	 .1176471	-3.921569E-02	
  .0000987	 .1176471	-3.921569E-02	
  .0000988	 .1960784	-.1176471	
  .0000989	 .1176471	-.1176471	
  .000099	 .1960784	-.1176471	
  .0000991	 .1960784	-.1176471	
  .0000992	 3.921569E-02	-.1176471	
  .0000993	 .1176471	-.1176471	
  .0000994	 .1176471	-.1176471	
  .0000995	 .1176471	-.1176471	
  .0000996	 .1960784	-3.921569E-02	
  .0000997	 .1960784	-3.921569E-02	
  .0000998	 .1176471	-.1960784	
  .0000999	 .1960784	-.1176471	
  .0001	 3.921569E-02	-.1176471	
  .0001001	 .1960784	-.1176471	
  .0001002	 .1176471	-.1960784	
  .0001003	 .1176471	-.1176471	
  .0001004	 .1960784	-.1960784	
  .0001005	 .1176471	-.1960784	
  .0001006	 .1176471	-.1176471	
  .0001007	 3.921569E-02	-.1176471	
  .0001008	 .1176471	-.1176471	
  .0001009	 .1176471	-.1960784	
  .000101	 .1176471	-.2745098	
  .0001011	 .1176471	-.1960784	
  .0001012	 .1176471	-.1176471	
  .0001013	 .2745098	-.1960784	
  .0001014	 3.921569E-02	-.1960784	
  .0001015	 .1176471	-.1960784	
  .0001016	 .1176471	-.1960784	
  .0001017	 .1176471	-.2745098	
  .0001018	 .1960784	-.1960784	
  .0001019	 .1176471	-.2745098	
  .000102	 .1176471	-.2745098	
  .0001021	 .1960784	-.2745098	
  .0001022	 .1176471	-.1960784	
  .0001023	 3.921569E-02	-.3529412	
  .0001024	 .1960784	-.2745098	
  .0001025	 .1176471	-.2745098	
  .0001026	 .1176471	-.3529412	
  .0001027	 .1176471	-.3529412	
  .0001028	 .1176471	-.2745098	
  .0001029	 .1960784	-.2745098	
  .000103	 .1176471	-.3529412	
  .0001031	 .1176471	-.3529412	
  .0001032	 .1176471	-.1960784	
  .0001033	 .1176471	-.3529412	
  .0001034	 .1960784	-.3529412	
  .0001035	 .1960784	-.3529412	
  .0001036	 .1960784	-.3529412	
  .0001037	 .1176471	-.2745098	
  .0001038	 .1960784	-.4313726	
  .0001039	 .1176471	-.3529412	
  .000104	 .1960784	-.3529412	
  .0001041	 .1176471	-.4313726	
  .0001042	 .1176471	-.4313726	
  .0001043	 .1176471	-.3529412	
  .0001044	 .1176471	-.4313726	
  .0001045	 .1176471	-.4313726	
  .0001046	 .1176471	-.4313726	
  .0001047	 .1176471	-.509804	
  .0001048	 .1176471	-.4313726	
  .0001049	 .1176471	-.4313726	
  .000105	 .1176471	-.3529412	
  .0001051	 3.921569E-02	-.4313726	
  .0001052	 .1960784	-.509804	
  .0001053	 .1176471	-.4313726	
  .0001054	 .1176471	-.4313726	
  .0001055	 .1176471	-.4313726	
  .0001056	 .1176471	-.509804	
  .0001057	 .1960784	-.5882353	
  .0001058	 .1176471	-.4313726	
  .0001059	 3.921569E-02	-.509804	
  .000106	 .1176471	-.509804	
  .0001061	 .1176471	-.509804	
  .0001062	 .1176471	-.509804	
  .0001063	 .1176471	-.509804	
  .0001064	 .1960784	-.509804	
  .0001065	 .1960784	-.509804	
  .0001066	 3.921569E-02	-.509804	
  .0001067	 .1176471	-.509804	
  .0001068	 .1176471	-.5882353	
  .0001069	 3.921569E-02	-.509804	
  .000107	 .1960784	-.5882353	
  .0001071	 3.921569E-02	-.5882353	
  .0001072	 .1176471	-.5882353	
  .0001073	 .1176471	-.5882353	
  .0001074	 .1176471	-.509804	
  .0001075	 .1176471	-.509804	
  .0001076	 3.921569E-02	-.5882353	
  .0001077	 .1176471	-.509804	
  .0001078	 .1176471	-.5882353	
  .0001079	 .1176471	-.5882353	
  .000108	 .1176471	-.6666667	
  .0001081	 .1176471	-.5882353	
  .0001082	 .1176471	-.6666667	
  .0001083	 .1176471	-.5882353	
  .0001084	 .1960784	-.6666667	
  .0001085	 .1176471	-.7450981	
  .0001086	 .1176471	-.6666667	
  .0001087	 .1176471	-.6666667	
  .0001088	 .1960784	-.5882353	
  .0001089	 3.921569E-02	-.7450981	
  .000109	 .1176471	-.7450981	
  .0001091	 3.921569E-02	-.7450981	
  .0001092	 .1176471	-.6666667	
  .0001093	 .1176471	-.7450981	
  .0001094	 .1176471	-.6666667	
  .0001095	 .1960784	-.6666667	
  .0001096	 .1960784	-.6666667	
  .0001097	 3.921569E-02	-.7450981	
  .0001098	 .1176471	-.6666667	
  .0001099	 .1176471	-.7450981	
  .00011	 .1960784	-.8235294	
  .0001101	 .1960784	-.7450981	
  .0001102	 .1176471	-.7450981	
  .0001103	 .1176471	-.7450981	
  .0001104	 3.921569E-02	-.8235294	
  .0001105	 .1176471	-.8235294	
  .0001106	 .1960784	-.7450981	
  .0001107	 .1176471	-.7450981	
  .0001108	 .1960784	-.7450981	
  .0001109	 .1176471	-.8235294	
  .000111	 .1176471	-.7450981	
  .0001111	 .1176471	-.8235294	
  .0001112	 .1960784	-.8235294	
  .0001113	 .1176471	-.8235294	
  .0001114	 .1960784	-.7450981	
  .0001115	 .1960784	-.9019608	
  .0001116	 .1960784	-.8235294	
  .0001117	 .1960784	-.8235294	
  .0001118	 3.921569E-02	-.8235294	
  .0001119	 .1176471	-.9019608	
  .000112	 .1176471	-.8235294	
  .0001121	 .1176471	-.8235294	
  .0001122	 .1176471	-.9019608	
  .0001123	 .1176471	-.8235294	
  .0001124	 .1960784	-.9019608	
  .0001125	 .1176471	-.9019608	
  .0001126	 .1176471	-.9019608	
  .0001127	 .1176471	-.9803922	
  .0001128	 .1960784	-.9019608	
  .0001129	 .1176471	-.9803922	
  .000113	 .1176471	-.9803922	
  .0001131	 .1960784	-.8235294	
  .0001132	 .1960784	-.9019608	
  .0001133	 .1176471	-.9019608	
  .0001134	 .1960784	-.9803922	
  .0001135	 .1960784	-.9803922	
  .0001136	 .1176471	-.9019608	
  .0001137	 .1960784	-.9803922	
  .0001138	 .1960784	-.9803922	
  .0001139	 .1960784	-.9803922	
  .000114	 .1960784	-.9803922	
  .0001141	 .1960784	-1.058824	
  .0001142	 .1176471	-.9019608	
  .0001143	 .1176471	-1.058824	
  .0001144	 .1176471	-1.058824	
  .0001145	 .1176471	-.9803922	
  .0001146	 .1176471	-1.058824	
  .0001147	 .1960784	-.9019608	
  .0001148	 .1960784	-1.058824	
  .0001149	 .1960784	-1.058824	
  .000115	 .1176471	-1.058824	
  .0001151	 .1176471	-1.058824	
  .0001152	 .1176471	-1.058824	
  .0001153	 .1176471	-1.137255	
  .0001154	 .1176471	-1.058824	
  .0001155	 .1960784	-1.058824	
  .0001156	 3.921569E-02	-1.058824	
  .0001157	 .1960784	-1.058824	
  .0001158	 .1176471	-1.137255	
  .0001159	 .1960784	-1.058824	
  .000116	 .1176471	-1.137255	
  .0001161	 .1960784	-1.058824	
  .0001162	 .1960784	-1.137255	
  .0001163	 .1960784	-1.137255	
  .0001164	 .1960784	-1.137255	
  .0001165	 3.921569E-02	-1.137255	
  .0001166	 .1176471	-1.058824	
  .0001167	 .1176471	-1.137255	
  .0001168	 .1960784	-1.137255	
  .0001169	 .1960784	-1.215686	
  .000117	 .1960784	-1.137255	
  .0001171	 .1960784	-1.137255	
  .0001172	 .1176471	-1.215686	
  .0001173	 .1176471	-1.137255	
  .0001174	 .1960784	-1.215686	
  .0001175	 3.921569E-02	-1.215686	
  .0001176	 .1176471	-1.215686	
  .0001177	 3.921569E-02	-1.215686	
  .0001178	 .1176471	-1.137255	
  .0001179	 .1176471	-1.294118	
  .000118	 3.921569E-02	-1.137255	
  .0001181	 .1176471	-1.215686	
  .0001182	 .1176471	-1.215686	
  .0001183	 .1176471	-1.215686	
  .0001184	 .1960784	-1.215686	
  .0001185	 .1176471	-1.215686	
  .0001186	 .1176471	-1.294118	
  .0001187	 .1176471	-1.294118	
  .0001188	 3.921569E-02	-1.372549	
  .0001189	 .1960784	-1.215686	
  .000119	 3.921569E-02	-1.372549	
  .0001191	 3.921569E-02	-1.294118	
  .0001192	 3.921569E-02	-1.294118	
  .0001193	 .1960784	-1.372549	
  .0001194	 .1960784	-1.294118	
  .0001195	 .1176471	-1.215686	
  .0001196	 3.921569E-02	-1.372549	
  .0001197	 .1176471	-1.372549	
  .0001198	 3.921569E-02	-1.294118	
  .0001199	 .1176471	-1.372549	
  .00012	 .1960784	-1.294118	
  .0001201	 .1960784	-1.294118	
  .0001202	 .1176471	-1.294118	
  .0001203	 .1176471	-1.45098	
  .0001204	 .1176471	-1.372549	
  .0001205	 .1176471	-1.372549	
  .0001206	 .1176471	-1.294118	
  .0001207	 .1960784	-1.372549	
  .0001208	 .1176471	-1.372549	
  .0001209	 .1960784	-1.45098	
  .000121	 .1176471	-1.45098	
  .0001211	 .1960784	-1.45098	
  .0001212	 .1176471	-1.45098	
  .0001213	 .1176471	-1.294118	
  .0001214	 .1960784	-1.45098	
  .0001215	 .1960784	-1.372549	
  .0001216	 .1960784	-1.372549	
  .0001217	 .1960784	-1.45098	
  .0001218	 .1176471	-1.45098	
  .0001219	 .1960784	-1.45098	
  .000122	 .1176471	-1.372549	
  .0001221	 .1176471	-1.529412	
  .0001222	 3.921569E-02	-1.45098	
  .0001223	 3.921569E-02	-1.529412	
  .0001224	 .1176471	-1.45098	
  .0001225	 .1960784	-1.529412	
  .0001226	 .1176471	-1.529412	
  .0001227	 .1960784	-1.45098	
  .0001228	 .1960784	-1.529412	
  .0001229	 .1176471	-1.529412	
  .000123	 .1176471	-1.372549	
  .0001231	 .1176471	-1.607843	
  .0001232	 .1176471	-1.45098	
  .0001233	 .1960784	-1.529412	
  .0001234	 .1176471	-1.529412	
  .0001235	 .1960784	-1.529412	
  .0001236	 .1960784	-1.607843	
  .0001237	 .1176471	-1.529412	
  .0001238	 .1176471	-1.529412	
  .0001239	 .1176471	-1.529412	
  .000124	 .1176471	-1.607843	
  .0001241	 .1176471	-1.529412	
  .0001242	 .1176471	-1.607843	
  .0001243	 .1176471	-1.607843	
  .0001244	 3.921569E-02	-1.607843	
  .0001245	 3.921569E-02	-1.607843	
  .0001246	 .1960784	-1.607843	
  .0001247	 .1960784	-1.607843	
  .0001248	 .1176471	-1.607843	
  .0001249	 .1176471	-1.607843	
  .000125	 .1176471	-1.607843	
  .0001251	 .1176471	-1.607843	
  .0001252	 .1960784	-1.529412	
  .0001253	 .1176471	-1.607843	
  .0001254	 .1960784	-1.686275	
  .0001255	 .1960784	-1.686275	
  .0001256	 .1176471	-1.607843	
  .0001257	 .1176471	-1.607843	
  .0001258	 .1960784	-1.607843	
  .0001259	 .1176471	-1.607843	
  .000126	 .1176471	-1.607843	
  .0001261	 .1176471	-1.686275	
  .0001262	 .1176471	-1.686275	
  .0001263	 .1960784	-1.686275	
  .0001264	 .1176471	-1.686275	
  .0001265	 3.921569E-02	-1.607843	
  .0001266	 .1176471	-1.686275	
  .0001267	 .1960784	-1.764706	
  .0001268	 3.921569E-02	-1.686275	
  .0001269	 .1176471	-1.686275	
  .000127	 3.921569E-02	-1.764706	
  .0001271	 .1176471	-1.686275	
  .0001272	 .1176471	-1.686275	
  .0001273	 .1176471	-1.764706	
  .0001274	 3.921569E-02	-1.686275	
  .0001275	 .1176471	-1.686275	
  .0001276	 .1960784	-1.686275	
  .0001277	 .1176471	-1.764706	
  .0001278	 3.921569E-02	-1.764706	
  .0001279	 .1960784	-1.686275	
  .000128	 .1176471	-1.843137	
  .0001281	 3.921569E-02	-1.764706	
  .0001282	 .1960784	-1.764706	
  .0001283	 .1960784	-1.843137	
  .0001284	 3.921569E-02	-1.843137	
  .0001285	 .1176471	-1.843137	
  .0001286	 .1176471	-1.764706	
  .0001287	 3.921569E-02	-1.764706	
  .0001288	 .1176471	-1.764706	
  .0001289	 .1176471	-1.843137	
  .000129	 .1176471	-1.843137	
  .0001291	 .1176471	-1.843137	
  .0001292	 3.921569E-02	-1.764706	
  .0001293	 .1176471	-1.686275	
  .0001294	 .1176471	-1.843137	
  .0001295	 .1176471	-1.843137	
  .0001296	 .1176471	-1.921569	
  .0001297	 .1176471	-1.843137	
  .0001298	 .1176471	-1.843137	
  .0001299	 .1176471	-1.843137	
  .00013	 .1176471	-1.921569	
  .0001301	 .1176471	-1.764706	
  .0001302	 .1176471	-1.843137	
  .0001303	 .1176471	-1.843137	
  .0001304	 .1176471	-1.843137	
  .0001305	 3.921569E-02	-1.843137	
  .0001306	 .1960784	-1.843137	
  .0001307	 .1176471	-1.921569	
  .0001308	 3.921569E-02	-1.843137	
  .0001309	 3.921569E-02	-1.921569	
  .000131	 .1960784	-1.921569	
  .0001311	 .1176471	-1.843137	
  .0001312	 .1176471	-1.764706	
  .0001313	 .1176471	-1.921569	
  .0001314	 .1176471	-1.843137	
  .0001315	 .1960784	-1.921569	
  .0001316	 3.921569E-02	-2	
  .0001317	 3.921569E-02	-1.921569	
  .0001318	 .1176471	-2	
  .0001319	 .1176471	-1.921569	
  .000132	 .1176471	-1.921569	
  .0001321	 3.921569E-02	-1.921569	
  .0001322	 .1176471	-2	
  .0001323	 .1176471	-2	
  .0001324	 .1960784	-2	
  .0001325	 .1176471	-2	
  .0001326	 .1960784	-1.921569	
  .0001327	 .1176471	-2	
  .0001328	 .1176471	-1.921569	
  .0001329	 .1176471	-1.921569	
  .000133	 .1176471	-2	
  .0001331	 3.921569E-02	-2	
  .0001332	 .2745098	-2	
  .0001333	 .1960784	-1.921569	
  .0001334	 .1960784	-2	
  .0001335	 .1176471	-2	
  .0001336	 .1176471	-1.921569	
  .0001337	 .1176471	-2	
  .0001338	 3.921569E-02	-2	
  .0001339	 .1176471	-2	
  .000134	 .1176471	-1.843137	
  .0001341	 .1176471	-2	
  .0001342	 .1176471	-1.921569	
  .0001343	 3.921569E-02	-2	
  .0001344	 3.921569E-02	-2.078431	
  .0001345	 .1960784	-1.921569	
  .0001346	 .1176471	-2	
  .0001347	 .1176471	-1.921569	
  .0001348	 .1176471	-2	
  .0001349	 .1960784	-2.078431	
  .000135	 .1176471	-2.078431	
  .0001351	 .1176471	-2	
  .0001352	 3.921569E-02	-2	
  .0001353	 .1176471	-2.078431	
  .0001354	 .1176471	-2.078431	
  .0001355	 .1176471	-2.156863	
  .0001356	 3.921569E-02	-2.078431	
  .0001357	 .1960784	-2.078431	
  .0001358	 .1176471	-2.078431	
  .0001359	 .1176471	-2	
  .000136	 .1176471	-2.078431	
  .0001361	 .1960784	-2.078431	
  .0001362	 .1176471	-2.156863	
  .0001363	 3.921569E-02	-2.078431	
  .0001364	 .1176471	-2.078431	
  .0001365	 .1176471	-2.078431	
  .0001366	 .1176471	-2.078431	
  .0001367	 3.921569E-02	-2.078431	
  .0001368	 3.921569E-02	-2.078431	
  .0001369	 .1176471	-2.078431	
  .000137	 .1176471	-2.078431	
  .0001371	 .1176471	-2.078431	
  .0001372	 .1176471	-2.078431	
  .0001373	 3.921569E-02	-2.078431	
  .0001374	 .1960784	-2.078431	
  .0001375	 .1176471	-2.078431	
  .0001376	 .1176471	-2.078431	
  .0001377	 3.921569E-02	-2.156863	
  .0001378	 .1176471	-2.078431	
  .0001379	 .1176471	-2.156863	
  .000138	 3.921569E-02	-2.156863	
  .0001381	 .1176471	-2.156863	
  .0001382	 3.921569E-02	-2.156863	
  .0001383	 3.921569E-02	-2.156863	
  .0001384	 .1176471	-2.156863	
  .0001385	 .1176471	-2.078431	
  .0001386	 .1960784	-2.156863	
  .0001387	 3.921569E-02	-2.156863	
  .0001388	 .1176471	-2.235294	
  .0001389	 3.921569E-02	-2.156863	
  .000139	 .1176471	-2.078431	
  .0001391	 .1176471	-2.156863	
  .0001392	 .1176471	-2.078431	
  .0001393	 .1176471	-2.156863	
  .0001394	 .1176471	-2.235294	
  .0001395	 .1176471	-2.156863	
  .0001396	 .1176471	-2.235294	
  .0001397	 .1176471	-2.235294	
  .0001398	 .1176471	-2.235294	
  .0001399	 3.921569E-02	-2.235294	
  .00014	 .1176471	-2.235294	
  .0001401	 .1176471	-2.235294	
  .0001402	 .1176471	-2.156863	
  .0001403	 .1176471	-2.156863	
  .0001404	 .1176471	-2.156863	
  .0001405	 .1176471	-2.156863	
  .0001406	 3.921569E-02	-2.156863	
  .0001407	 .1176471	-2.156863	
  .0001408	 .1960784	-2.156863	
  .0001409	 .1960784	-2.313725	
  .000141	 3.921569E-02	-2.235294	
  .0001411	 .1176471	-2.156863	
  .0001412	 3.921569E-02	-2.235294	
  .0001413	 .1960784	-2.235294	
  .0001414	 .1176471	-2.235294	
  .0001415	 3.921569E-02	-2.235294	
  .0001416	 .1176471	-2.235294	
  .0001417	 .1176471	-2.235294	
  .0001418	 .1176471	-2.235294	
  .0001419	 .1176471	-2.235294	
  .000142	 .1176471	-2.313725	
  .0001421	 3.921569E-02	-2.235294	
  .0001422	 .1176471	-2.235294	
  .0001423	 .1176471	-2.235294	
  .0001424	 .1176471	-2.313725	
  .0001425	 .1176471	-2.313725	
  .0001426	 .1176471	-2.313725	
  .0001427	 .1960784	-2.235294	
  .0001428	 .1176471	-2.235294	
  .0001429	 3.921569E-02	-2.235294	
  .000143	 .1176471	-2.235294	
  .0001431	 .1960784	-2.235294	
  .0001432	 .1960784	-2.235294	
  .0001433	 .1176471	-2.235294	
  .0001434	 .1960784	-2.392157	
  .0001435	 .1176471	-2.313725	
  .0001436	 .1176471	-2.235294	
  .0001437	 3.921569E-02	-2.235294	
  .0001438	 .1176471	-2.392157	
  .0001439	 .1176471	-2.235294	
  .000144	 .1960784	-2.313725	
  .0001441	 3.921569E-02	-2.235294	
  .0001442	 3.921569E-02	-2.313725	
  .0001443	 3.921569E-02	-2.313725	
  .0001444	 .1176471	-2.235294	
  .0001445	 .1960784	-2.313725	
  .0001446	 3.921569E-02	-2.235294	
  .0001447	 .1176471	-2.313725	
  .0001448	 .1176471	-2.313725	
  .0001449	 .1176471	-2.313725	
  .000145	 .1176471	-2.313725	
  .0001451	 .1176471	-2.313725	
  .0001452	 .1960784	-2.392157	
  .0001453	 .1176471	-2.313725	
  .0001454	 3.921569E-02	-2.392157	
  .0001455	 .1176471	-2.392157	
  .0001456	 3.921569E-02	-2.392157	
  .0001457	 .1176471	-2.392157	
  .0001458	 .1176471	-2.313725	
  .0001459	 .1176471	-2.313725	
  .000146	 .1960784	-2.392157	
  .0001461	 .1176471	-2.313725	
  .0001462	 .1960784	-2.392157	
  .0001463	 .1176471	-2.313725	
  .0001464	 .1176471	-2.313725	
  .0001465	 .1176471	-2.392157	
  .0001466	 .1176471	-2.313725	
  .0001467	 .1176471	-2.392157	
  .0001468	 .1176471	-2.313725	
  .0001469	 3.921569E-02	-2.313725	
  .000147	 .1176471	-2.313725	
  .0001471	 .1176471	-2.313725	
  .0001472	 3.921569E-02	-2.313725	
  .0001473	 3.921569E-02	-2.392157	
  .0001474	 3.921569E-02	-2.392157	
  .0001475	 3.921569E-02	-2.313725	
  .0001476	 3.921569E-02	-2.392157	
  .0001477	 .1176471	-2.235294	
  .0001478	 3.921569E-02	-2.470588	
  .0001479	 3.921569E-02	-2.313725	
  .000148	 .1176471	-2.392157	
  .0001481	 .1176471	-2.392157	
  .0001482	 3.921569E-02	-2.392157	
  .0001483	 3.921569E-02	-2.470588	
  .0001484	 .1176471	-2.392157	
  .0001485	 .1176471	-2.392157	
  .0001486	 3.921569E-02	-2.392157	
  .0001487	 3.921569E-02	-2.470588	
  .0001488	 3.921569E-02	-2.392157	
  .0001489	 .1176471	-2.392157	
  .000149	 .1176471	-2.392157	
  .0001491	 .1960784	-2.313725	
  .0001492	 .1176471	-2.313725	
  .0001493	 .1960784	-2.392157	
  .0001494	 .1960784	-2.392157	
  .0001495	 3.921569E-02	-2.392157	
  .0001496	 .1176471	-2.470588	
  .0001497	 .1960784	-2.54902	
  .0001498	 .1960784	-2.470588	
  .0001499	 3.921569E-02	-2.470588	
  .00015	 .1176471	-2.470588	
  .0001501	 .1176471	-2.392157	
  .0001502	 3.921569E-02	-2.392157	
  .0001503	 3.921569E-02	-2.392157	
  .0001504	 .1176471	-2.470588	
  .0001505	 3.921569E-02	-2.470588	
  .0001506	 .1176471	-2.470588	
  .0001507	 3.921569E-02	-2.470588	
  .0001508	 .1960784	-2.470588	
  .0001509	 .1176471	-2.470588	
  .000151	 .1176471	-2.392157	
  .0001511	 .1960784	-2.54902	
  .0001512	 .1960784	-2.470588	
  .0001513	 .1176471	-2.392157	
  .0001514	 3.921569E-02	-2.392157	
  .0001515	 3.921569E-02	-2.392157	
  .0001516	 .1176471	-2.392157	
  .0001517	 .1176471	-2.392157	
  .0001518	 .1176471	-2.470588	
  .0001519	 .1176471	-2.392157	
  .000152	 .1176471	-2.470588	
  .0001521	 3.921569E-02	-2.470588	
  .0001522	 .1176471	-2.470588	
  .0001523	 .1176471	-2.470588	
  .0001524	 .1176471	-2.470588	
  .0001525	 .1176471	-2.470588	
  .0001526	 .1176471	-2.54902	
  .0001527	 .1176471	-2.470588	
  .0001528	 .1176471	-2.54902	
  .0001529	 .1176471	-2.392157	
  .000153	 .1176471	-2.54902	
  .0001531	 .1176471	-2.392157	
  .0001532	 .1176471	-2.54902	
  .0001533	 .1960784	-2.470588	
  .0001534	 .1176471	-2.54902	
  .0001535	 .1176471	-2.54902	
  .0001536	 3.921569E-02	-2.392157	
  .0001537	 .1176471	-2.627451	
  .0001538	 .1176471	-2.470588	
  .0001539	 3.921569E-02	-2.470588	
  .000154	 .1176471	-2.392157	
  .0001541	 .1176471	-2.470588	
  .0001542	 3.921569E-02	-2.54902	
  .0001543	 .1960784	-2.470588	
  .0001544	 .1176471	-2.470588	
  .0001545	 .1176471	-2.392157	
  .0001546	 3.921569E-02	-2.54902	
  .0001547	 3.921569E-02	-2.54902	
  .0001548	 3.921569E-02	-2.470588	
  .0001549	 3.921569E-02	-2.470588	
  .000155	 .1176471	-2.470588	
  .0001551	 .1176471	-2.54902	
  .0001552	 3.921569E-02	-2.54902	
  .0001553	 .1960784	-2.54902	
  .0001554	 .1176471	-2.54902	
  .0001555	 .1176471	-2.54902	
  .0001556	 3.921569E-02	-2.470588	
  .0001557	 .1176471	-2.392157	
  .0001558	 .1176471	-2.54902	
  .0001559	 .1176471	-2.470588	
  .000156	 .1960784	-2.54902	
  .0001561	 .1176471	-2.470588	
  .0001562	 .1176471	-2.470588	
  .0001563	 3.921569E-02	-2.470588	
  .0001564	 3.921569E-02	-2.54902	
  .0001565	 .1176471	-2.470588	
  .0001566	 3.921569E-02	-2.54902	
  .0001567	 .1176471	-2.54902	
  .0001568	 .1176471	-2.54902	
  .0001569	 .1176471	-2.392157	
  .000157	 .1176471	-2.54902	
  .0001571	 .1176471	-2.54902	
  .0001572	 .1960784	-2.470588	
  .0001573	 3.921569E-02	-2.54902	
  .0001574	 .1176471	-2.54902	
  .0001575	 3.921569E-02	-2.54902	
  .0001576	 3.921569E-02	-2.470588	
  .0001577	 .1176471	-2.470588	
  .0001578	 3.921569E-02	-2.470588	
  .0001579	 .1176471	-2.54902	
  .000158	 .1176471	-2.627451	
  .0001581	 3.921569E-02	-2.54902	
  .0001582	 .1176471	-2.627451	
  .0001583	 3.921569E-02	-2.470588	
  .0001584	 .1176471	-2.54902	
  .0001585	 .1176471	-2.54902	
  .0001586	 .1176471	-2.627451	
  .0001587	 3.921569E-02	-2.54902	
  .0001588	 .1176471	-2.54902	
  .0001589	 .1176471	-2.54902	
  .000159	 .1176471	-2.470588	
  .0001591	 .1176471	-2.470588	
  .0001592	 .1176471	-2.54902	
  .0001593	 3.921569E-02	-2.54902	
  .0001594	 3.921569E-02	-2.54902	
  .0001595	 3.921569E-02	-2.54902	
  .0001596	 .1176471	-2.627451	
  .0001597	 .1176471	-2.54902	
  .0001598	 .1176471	-2.54902	
  .0001599	 3.921569E-02	-2.54902	
  .00016	 3.921569E-02	-2.627451	
  .0001601	 .1176471	-2.54902	
  .0001602	 3.921569E-02	-2.54902	
  .0001603	 .1176471	-2.54902	
  .0001604	 3.921569E-02	-2.470588	
  .0001605	 .1176471	-2.627451	
  .0001606	 3.921569E-02	-2.54902	
  .0001607	 .1960784	-2.627451	
  .0001608	 3.921569E-02	-2.54902	
  .0001609	 .1176471	-2.54902	
  .000161	 .1176471	-2.54902	
  .0001611	 .1960784	-2.470588	
  .0001612	 3.921569E-02	-2.627451	
  .0001613	 .1176471	-2.54902	
  .0001614	 .1176471	-2.54902	
  .0001615	 .1176471	-2.54902	
  .0001616	 .1176471	-2.470588	
  .0001617	 3.921569E-02	-2.470588	
  .0001618	 .1176471	-2.54902	
  .0001619	 .1176471	-2.470588	
  .000162	 .1176471	-2.54902	
  .0001621	 .1960784	-2.54902	
  .0001622	 3.921569E-02	-2.078431	
  .0001623	 .1960784	-2.078431	
  .0001624	 .1960784	-2.392157	
  .0001625	 .1176471	-2.313725	
  .0001626	 3.921569E-02	-2.313725	
  .0001627	 .1176471	-2.392157	
  .0001628	 .1176471	-2.313725	
  .0001629	 .1960784	-2.313725	
  .000163	 .1960784	-2.235294	
  .0001631	 .1176471	-2.313725	
  .0001632	 .1176471	-2.313725	
  .0001633	 .1176471	-2.392157	
  .0001634	 .1176471	-2.313725	
  .0001635	 3.921569E-02	-2.313725	
  .0001636	 .1176471	-2.392157	
  .0001637	 .1176471	-2.235294	
  .0001638	 3.921569E-02	-2.313725	
  .0001639	 3.921569E-02	-2.313725	
  .000164	 3.921569E-02	-2.235294	
  .0001641	 3.921569E-02	-2.313725	
  .0001642	 .1176471	-2.313725	
  .0001643	 .1960784	-2.313725	
  .0001644	 .1176471	-2.235294	
  .0001645	 .1176471	-2.235294	
  .0001646	 .1176471	-2.235294	
  .0001647	 3.921569E-02	-2.313725	
  .0001648	 3.921569E-02	-2.235294	
  .0001649	 .1176471	-2.235294	
  .000165	 .1176471	-2.313725	
  .0001651	 .1176471	-2.313725	
  .0001652	 .1960784	-2.313725	
  .0001653	-3.921569E-02	-2.235294	
  .0001654	 .1176471	-2.313725	
  .0001655	 3.921569E-02	-2.313725	
  .0001656	 .1176471	-2.156863	
  .0001657	 .1176471	-2.235294	
  .0001658	 .1176471	-2.235294	
  .0001659	 .1960784	-2.313725	
  .000166	 3.921569E-02	-2.313725	
  .0001661	 3.921569E-02	-2.235294	
  .0001662	 3.921569E-02	-2.313725	
  .0001663	-3.921569E-02	-2.235294	
  .0001664	 3.921569E-02	-2.156863	
  .0001665	 .1176471	-2.313725	
  .0001666	 3.921569E-02	-2.235294	
  .0001667	 3.921569E-02	-2.313725	
  .0001668	 3.921569E-02	-2.235294	
  .0001669	 .1176471	-2.235294	
  .000167	 3.921569E-02	-2.235294	
  .0001671	 .1176471	-2.235294	
  .0001672	 .1176471	-2.313725	
  .0001673	 .1176471	-2.235294	
  .0001674	 .1176471	-2.235294	
  .0001675	 .1176471	-2.235294	
  .0001676	 3.921569E-02	-2.313725	
  .0001677	 3.921569E-02	-2.156863	
  .0001678	 .1176471	-2.313725	
  .0001679	 .1176471	-2.235294	
  .000168	 3.921569E-02	-2.235294	
  .0001681	 .1176471	-2.235294	
  .0001682	 3.921569E-02	-2.235294	
  .0001683	 .1176471	-2.235294	
  .0001684	 .1176471	-2.235294	
  .0001685	 3.921569E-02	-2.235294	
  .0001686	 .1176471	-2.235294	
  .0001687	 3.921569E-02	-2.235294	
  .0001688	 .1176471	-2.156863	
  .0001689	 .1176471	-2.078431	
  .000169	 .1176471	-2.156863	
  .0001691	 .1176471	-2.235294	
  .0001692	 3.921569E-02	-2.156863	
  .0001693	 3.921569E-02	-2.235294	
  .0001694	 3.921569E-02	-2.235294	
  .0001695	 3.921569E-02	-2.235294	
  .0001696	 3.921569E-02	-2.235294	
  .0001697	 .1176471	-2.235294	
  .0001698	 3.921569E-02	-2.156863	
  .0001699	 3.921569E-02	-2.235294	
  .00017	 .1176471	-2.156863	
  .0001701	 3.921569E-02	-2.078431	
  .0001702	 .1176471	-2.156863	
  .0001703	 3.921569E-02	-2.235294	
  .0001704	 3.921569E-02	-2.235294	
  .0001705	 .1176471	-2.156863	
  .0001706	 .1176471	-2.235294	
  .0001707	 3.921569E-02	-2.235294	
  .0001708	 3.921569E-02	-2.156863	
  .0001709	 3.921569E-02	-2.235294	
  .000171	 .1176471	-2.156863	
  .0001711	 .1176471	-2.235294	
  .0001712	 3.921569E-02	-2.235294	
  .0001713	 3.921569E-02	-2.156863	
  .0001714	 3.921569E-02	-2.235294	
  .0001715	 3.921569E-02	-2.156863	
  .0001716	 .1176471	-2.156863	
  .0001717	 3.921569E-02	-2.156863	
  .0001718	-3.921569E-02	-2.156863	
  .0001719	 3.921569E-02	-2.235294	
  .000172	 .1176471	-2.235294	
  .0001721	 3.921569E-02	-2.156863	
  .0001722	 3.921569E-02	-2.235294	
  .0001723	 3.921569E-02	-2.156863	
  .0001724	 3.921569E-02	-2.156863	
  .0001725	-3.921569E-02	-2.156863	
  .0001726	 3.921569E-02	-2.235294	
  .0001727	 .1176471	-2.078431	
  .0001728	 .1176471	-2.156863	
  .0001729	 .1176471	-2.156863	
  .000173	 .1960784	-2.156863	
  .0001731	 .1176471	-2.156863	
  .0001732	 3.921569E-02	-2.078431	
  .0001733	 3.921569E-02	-2.156863	
  .0001734	-3.921569E-02	-2.156863	
  .0001735	 3.921569E-02	-2.235294	
  .0001736	 .1176471	-2.078431	
  .0001737	 .1176471	-2.156863	
  .0001738	 .1176471	-2.156863	
  .0001739	 .1176471	-2.078431	
  .000174	 3.921569E-02	-2.156863	
  .0001741	 .1176471	-2.078431	
  .0001742	 3.921569E-02	-2.156863	
  .0001743	 3.921569E-02	-2.156863	
  .0001744	 3.921569E-02	-2.156863	
  .0001745	 3.921569E-02	-2.156863	
  .0001746	 .1176471	-2.078431	
  .0001747	 3.921569E-02	-2.078431	
  .0001748	 3.921569E-02	-2.156863	
  .0001749	 3.921569E-02	-2.078431	
  .000175	-3.921569E-02	-2.156863	
  .0001751	 3.921569E-02	-2.156863	
  .0001752	 3.921569E-02	-2.156863	
  .0001753	 3.921569E-02	-2.156863	
  .0001754	 .1176471	-2.156863	
  .0001755	 3.921569E-02	-2	
  .0001756	 .1960784	-2.235294	
  .0001757	 3.921569E-02	-2.235294	
  .0001758	 .1176471	-2.156863	
  .0001759	 .1176471	-2.156863	
  .000176	 3.921569E-02	-2.078431	
  .0001761	 3.921569E-02	-2.156863	
  .0001762	 3.921569E-02	-2.156863	
  .0001763	 3.921569E-02	-2.078431	
  .0001764	 3.921569E-02	-2.078431	
  .0001765	 3.921569E-02	-2.078431	
  .0001766	 3.921569E-02	-2.156863	
  .0001767	 .1176471	-2.078431	
  .0001768	 .1176471	-2.078431	
  .0001769	 3.921569E-02	-2.156863	
  .000177	 3.921569E-02	-2.078431	
  .0001771	 3.921569E-02	-2.078431	
  .0001772	 .1960784	-2.078431	
  .0001773	 3.921569E-02	-2.078431	
  .0001774	-3.921569E-02	-2.078431	
  .0001775	 .1176471	-2.156863	
  .0001776	 3.921569E-02	-2.078431	
  .0001777	 .1960784	-2.156863	
  .0001778	 3.921569E-02	-2.156863	
  .0001779	 3.921569E-02	-2.156863	
  .000178	 .1176471	-2	
  .0001781	 3.921569E-02	-2.156863	
  .0001782	 .1176471	-2.156863	
  .0001783	 .1176471	-2.156863	
  .0001784	 3.921569E-02	-2.156863	
  .0001785	 3.921569E-02	-2.078431	
  .0001786	 3.921569E-02	-2.078431	
  .0001787	-3.921569E-02	-2.156863	
  .0001788	 3.921569E-02	-2.078431	
  .0001789	 .1176471	-2	
  .000179	 .1176471	-2.078431	
  .0001791	 .1176471	-2.156863	
  .0001792	 3.921569E-02	-2.078431	
  .0001793	 3.921569E-02	-2.078431	
  .0001794	 3.921569E-02	-2.078431	
  .0001795	 3.921569E-02	-2.078431	
  .0001796	 .1176471	-2.156863	
  .0001797	 3.921569E-02	-2.078431	
  .0001798	 .1176471	-2.156863	
  .0001799	 3.921569E-02	-2	
  .00018	-3.921569E-02	-2.078431	
  .0001801	 3.921569E-02	-2	
  .0001802	 3.921569E-02	-2	
  .0001803	-3.921569E-02	-2.078431	
  .0001804	 .1176471	-2.078431	
  .0001805	 .1176471	-2.078431	
  .0001806	 3.921569E-02	-2.156863	
  .0001807	 3.921569E-02	-2	
  .0001808	 .1176471	-2.078431	
  .0001809	 .1176471	-2.078431	
  .000181	 .1176471	-2.078431	
  .0001811	 3.921569E-02	-2.078431	
  .0001812	 3.921569E-02	-2.078431	
  .0001813	 3.921569E-02	-2.078431	
  .0001814	 3.921569E-02	-2	
  .0001815	 3.921569E-02	-2.078431	
  .0001816	 .1176471	-2	
  .0001817	 3.921569E-02	-2.078431	
  .0001818	 3.921569E-02	-2.078431	
  .0001819	 3.921569E-02	-2	
  .000182	-3.921569E-02	-2	
  .0001821	 .1176471	-2	
  .0001822	 3.921569E-02	-2.078431	
  .0001823	 3.921569E-02	-2	
  .0001824	 3.921569E-02	-2	
  .0001825	-3.921569E-02	-2	
  .0001826	 .1176471	-2	
  .0001827	 .1176471	-2	
  .0001828	 .1176471	-1.921569	
  .0001829	 .1176471	-2	
  .000183	 .1176471	-2.078431	
  .0001831	 3.921569E-02	-2.078431	
  .0001832	 .1176471	-2	
  .0001833	 3.921569E-02	-1.921569	
  .0001834	-3.921569E-02	-2.078431	
  .0001835	 .1176471	-2	
  .0001836	 3.921569E-02	-1.921569	
  .0001837	-3.921569E-02	-2	
  .0001838	-3.921569E-02	-2	
  .0001839	 3.921569E-02	-2	
  .000184	 .1176471	-2	
  .0001841	 .1176471	-2	
  .0001842	 3.921569E-02	-2	
  .0001843	 3.921569E-02	-1.921569	
  .0001844	 .1176471	-2	
  .0001845	 3.921569E-02	-2.078431	
  .0001846	-3.921569E-02	-1.921569	
  .0001847	 3.921569E-02	-1.921569	
  .0001848	 3.921569E-02	-2.078431	
  .0001849	 3.921569E-02	-2	
  .000185	-3.921569E-02	-2	
  .0001851	 3.921569E-02	-2	
  .0001852	 3.921569E-02	-1.921569	
  .0001853	 3.921569E-02	-2	
  .0001854	 .1176471	-1.921569	
  .0001855	 3.921569E-02	-2	
  .0001856	-3.921569E-02	-2	
  .0001857	 .1176471	-2	
  .0001858	 3.921569E-02	-2	
  .0001859	-3.921569E-02	-2	
  .000186	 3.921569E-02	-1.921569	
  .0001861	 3.921569E-02	-2	
  .0001862	 .1960784	-2	
  .0001863	-3.921569E-02	-2	
  .0001864	 .1176471	-1.843137	
  .0001865	 3.921569E-02	-1.921569	
  .0001866	 .1176471	-1.843137	
  .0001867	 .1176471	-1.921569	
  .0001868	 3.921569E-02	-1.921569	
  .0001869	 3.921569E-02	-2	
  .000187	 .1176471	-1.921569	
  .0001871	 .1176471	-1.921569	
  .0001872	 3.921569E-02	-1.921569	
  .0001873	 3.921569E-02	-1.843137	
  .0001874	 3.921569E-02	-2	
  .0001875	 3.921569E-02	-1.921569	
  .0001876	 3.921569E-02	-1.921569	
  .0001877	 .1176471	-1.921569	
  .0001878	 3.921569E-02	-1.921569	
  .0001879	 3.921569E-02	-1.921569	
  .000188	 3.921569E-02	-1.921569	
  .0001881	 .1176471	-1.921569	
  .0001882	 3.921569E-02	-2	
  .0001883	 3.921569E-02	-1.921569	
  .0001884	 3.921569E-02	-1.921569	
  .0001885	 3.921569E-02	-1.921569	
  .0001886	 3.921569E-02	-1.843137	
  .0001887	 .1176471	-1.843137	
  .0001888	 3.921569E-02	-1.843137	
  .0001889	 .1176471	-1.921569	
  .000189	 .1176471	-1.843137	
  .0001891	 3.921569E-02	-1.921569	
  .0001892	 3.921569E-02	-1.921569	
  .0001893	 .1176471	-1.921569	
  .0001894	 3.921569E-02	-1.843137	
  .0001895	 3.921569E-02	-1.921569	
  .0001896	 3.921569E-02	-1.843137	
  .0001897	 .1176471	-1.921569	
  .0001898	 .1176471	-1.843137	
  .0001899	 3.921569E-02	-1.843137	
  .00019	 3.921569E-02	-1.843137	
  .0001901	 3.921569E-02	-1.921569	
  .0001902	 .1176471	-1.843137	
  .0001903	 .1176471	-1.921569	
  .0001904	 .1176471	-1.843137	
  .0001905	 3.921569E-02	-1.921569	
  .0001906	 3.921569E-02	-1.764706	
  .0001907	 .1176471	-1.843137	
  .0001908	 .1960784	-1.764706	
  .0001909	 3.921569E-02	-1.843137	
  .000191	 3.921569E-02	-1.843137	
  .0001911	 3.921569E-02	-1.843137	
  .0001912	-3.921569E-02	-1.843137	
  .0001913	-3.921569E-02	-1.764706	
  .0001914	 .1176471	-1.764706	
  .0001915	 3.921569E-02	-1.764706	
  .0001916	 3.921569E-02	-1.843137	
  .0001917	 3.921569E-02	-1.843137	
  .0001918	 .1176471	-1.843137	
  .0001919	 3.921569E-02	-1.843137	
  .000192	 .1176471	-1.764706	
  .0001921	 .1176471	-1.843137	
  .0001922	 .1176471	-1.843137	
  .0001923	 .1176471	-1.764706	
  .0001924	 3.921569E-02	-1.764706	
  .0001925	 .1176471	-1.686275	
  .0001926	 .1176471	-1.764706	
  .0001927	 3.921569E-02	-1.686275	
  .0001928	 3.921569E-02	-1.686275	
  .0001929	 .1176471	-1.843137	
  .000193	 3.921569E-02	-1.764706	
  .0001931	 3.921569E-02	-1.764706	
  .0001932	-3.921569E-02	-1.686275	
  .0001933	 3.921569E-02	-1.764706	
  .0001934	 3.921569E-02	-1.686275	
  .0001935	 3.921569E-02	-1.764706	
  .0001936	 3.921569E-02	-1.686275	
  .0001937	 3.921569E-02	-1.764706	
  .0001938	 .1176471	-1.764706	
  .0001939	 .1176471	-1.764706	
  .000194	 .1176471	-1.843137	
  .0001941	 3.921569E-02	-1.686275	
  .0001942	 .1176471	-1.843137	
  .0001943	 .1176471	-1.764706	
  .0001944	 3.921569E-02	-1.764706	
  .0001945	 3.921569E-02	-1.764706	
  .0001946	 3.921569E-02	-1.764706	
  .0001947	 3.921569E-02	-1.764706	
  .0001948	 3.921569E-02	-1.764706	
  .0001949	 3.921569E-02	-1.764706	
  .000195	 .1176471	-1.686275	
  .0001951	 3.921569E-02	-1.686275	
  .0001952	 3.921569E-02	-1.686275	
  .0001953	 .1176471	-1.764706	
  .0001954	 .1176471	-1.686275	
  .0001955	 3.921569E-02	-1.686275	
  .0001956	 .1176471	-1.686275	
  .0001957	 3.921569E-02	-1.764706	
  .0001958	 3.921569E-02	-1.607843	
  .0001959	 3.921569E-02	-1.686275	
  .000196	 3.921569E-02	-1.686275	
  .0001961	 3.921569E-02	-1.686275	
  .0001962	 .1176471	-1.686275	
  .0001963	-3.921569E-02	-1.607843	
  .0001964	 3.921569E-02	-1.607843	
  .0001965	 .1176471	-1.607843	
  .0001966	 .1176471	-1.686275	
  .0001967	 3.921569E-02	-1.607843	
  .0001968	 .1176471	-1.686275	
  .0001969	 3.921569E-02	-1.686275	
  .000197	 3.921569E-02	-1.607843	
  .0001971	 3.921569E-02	-1.686275	
  .0001972	 3.921569E-02	-1.607843	
  .0001973	 3.921569E-02	-1.686275	
  .0001974	 3.921569E-02	-1.607843	
  .0001975	 .1176471	-1.686275	
  .0001976	 3.921569E-02	-1.686275	
  .0001977	 3.921569E-02	-1.607843	
  .0001978	 3.921569E-02	-1.607843	
  .0001979	 3.921569E-02	-1.529412	
  .000198	 3.921569E-02	-1.686275	
  .0001981	 .1176471	-1.607843	
  .0001982	 3.921569E-02	-1.686275	
  .0001983	 3.921569E-02	-1.686275	
  .0001984	 3.921569E-02	-1.607843	
  .0001985	 3.921569E-02	-1.686275	
  .0001986	 .1176471	-1.529412	
  .0001987	 3.921569E-02	-1.686275	
  .0001988	 3.921569E-02	-1.607843	
  .0001989	 .1176471	-1.607843	
  .000199	 .1176471	-1.607843	
  .0001991	 3.921569E-02	-1.607843	
  .0001992	 3.921569E-02	-1.686275	
  .0001993	 .1176471	-1.529412	
  .0001994	 .1176471	-1.607843	
  .0001995	 3.921569E-02	-1.607843	
  .0001996	 3.921569E-02	-1.607843	
  .0001997	 .1960784	-1.607843	
  .0001998	 3.921569E-02	-1.529412	
  .0001999	 3.921569E-02	-1.529412	
  .0002	-3.921569E-02	-1.529412	
  .0002001	 3.921569E-02	-1.607843	
  .0002002	 3.921569E-02	-1.607843	
  .0002003	 .1176471	-1.607843	
  .0002004	 3.921569E-02	-1.607843	
  .0002005	 3.921569E-02	-1.45098	
  .0002006	 .1176471	-1.529412	
  .0002007	 .1176471	-1.529412	
  .0002008	 .1176471	-1.529412	
  .0002009	 3.921569E-02	-1.529412	
  .000201	 3.921569E-02	-1.529412	
  .0002011	 3.921569E-02	-1.529412	
  .0002012	 .1176471	-1.45098	
  .0002013	 .1176471	-1.529412	
  .0002014	 3.921569E-02	-1.529412	
  .0002015	 3.921569E-02	-1.529412	
  .0002016	 3.921569E-02	-1.529412	
  .0002017	 3.921569E-02	-1.529412	
  .0002018	-3.921569E-02	-1.529412	
  .0002019	 .1176471	-1.529412	
  .000202	 3.921569E-02	-1.45098	
  .0002021	 3.921569E-02	-1.45098	
  .0002022	 .1176471	-1.529412	
  .0002023	 3.921569E-02	-1.45098	
  .0002024	 3.921569E-02	-1.45098	
  .0002025	 3.921569E-02	-1.45098	
  .0002026	 .1176471	-1.45098	
  .0002027	 .1960784	-1.45098	
  .0002028	 .1176471	-1.529412	
  .0002029	 3.921569E-02	-1.45098	
  .000203	-3.921569E-02	-1.529412	
  .0002031	 3.921569E-02	-1.45098	
  .0002032	 3.921569E-02	-1.45098	
  .0002033	 3.921569E-02	-1.45098	
  .0002034	 .1176471	-1.529412	
  .0002035	-3.921569E-02	-1.45098	
  .0002036	 3.921569E-02	-1.45098	
  .0002037	-3.921569E-02	-1.529412	
  .0002038	 3.921569E-02	-1.45098	
  .0002039	 .1176471	-1.45098	
  .000204	 3.921569E-02	-1.372549	
  .0002041	 3.921569E-02	-1.45098	
  .0002042	 3.921569E-02	-1.45098	
  .0002043	 .1176471	-1.45098	
  .0002044	-3.921569E-02	-1.45098	
  .0002045	 3.921569E-02	-1.372549	
  .0002046	 3.921569E-02	-1.45098	
  .0002047	 3.921569E-02	-1.372549	
  .0002048	 3.921569E-02	-1.372549	
  .0002049	 .1176471	-1.372549	
  .000205	-3.921569E-02	-1.45098	
  .0002051	 3.921569E-02	-1.45098	
  .0002052	 3.921569E-02	-1.372549	
  .0002053	 .1176471	-1.45098	
  .0002054	 .1176471	-1.45098	
  .0002055	 .1960784	-1.372549	
  .0002056	 3.921569E-02	-1.372549	
  .0002057	-3.921569E-02	-1.372549	
  .0002058	 3.921569E-02	-1.45098	
  .0002059	 3.921569E-02	-1.45098	
  .000206	 3.921569E-02	-1.372549	
  .0002061	-3.921569E-02	-1.372549	
  .0002062	 3.921569E-02	-1.294118	
  .0002063	 3.921569E-02	-1.45098	
  .0002064	-3.921569E-02	-1.215686	
  .0002065	 3.921569E-02	-1.372549	
  .0002066	 3.921569E-02	-1.294118	
  .0002067	 3.921569E-02	-1.294118	
  .0002068	 3.921569E-02	-1.372549	
  .0002069	 3.921569E-02	-1.372549	
  .000207	-3.921569E-02	-1.372549	
  .0002071	 3.921569E-02	-1.294118	
  .0002072	 3.921569E-02	-1.372549	
  .0002073	 3.921569E-02	-1.215686	
  .0002074	 .1176471	-1.294118	
  .0002075	-3.921569E-02	-1.372549	
  .0002076	 3.921569E-02	-1.294118	
  .0002077	 3.921569E-02	-1.294118	
  .0002078	 3.921569E-02	-1.294118	
  .0002079	 3.921569E-02	-1.294118	
  .000208	-3.921569E-02	-1.372549	
  .0002081	-3.921569E-02	-1.294118	
  .0002082	 3.921569E-02	-1.294118	
  .0002083	 3.921569E-02	-1.372549	
  .0002084	 3.921569E-02	-1.294118	
  .0002085	 .1176471	-1.215686	
  .0002086	 .1176471	-1.294118	
  .0002087	 .1176471	-1.294118	
  .0002088	 .1176471	-1.294118	
  .0002089	 3.921569E-02	-1.294118	
  .000209	 3.921569E-02	-1.294118	
  .0002091	 3.921569E-02	-1.294118	
  .0002092	 3.921569E-02	-1.294118	
  .0002093	-3.921569E-02	-1.215686	
  .0002094	-3.921569E-02	-1.294118	
  .0002095	-3.921569E-02	-1.215686	
  .0002096	 .1176471	-1.294118	
  .0002097	 3.921569E-02	-1.215686	
  .0002098	 3.921569E-02	-1.215686	
  .0002099	 3.921569E-02	-1.215686	
  .00021	 3.921569E-02	-1.215686	
  .0002101	 3.921569E-02	-1.215686	
  .0002102	 .1176471	-1.215686	
  .0002103	-3.921569E-02	-1.294118	
  .0002104	-3.921569E-02	-1.137255	
  .0002105	 3.921569E-02	-1.215686	
  .0002106	 .1176471	-1.215686	
  .0002107	 .1176471	-1.215686	
  .0002108	-3.921569E-02	-1.215686	
  .0002109	 3.921569E-02	-1.137255	
  .000211	 3.921569E-02	-1.215686	
  .0002111	-3.921569E-02	-1.137255	
  .0002112	 3.921569E-02	-1.137255	
  .0002113	-3.921569E-02	-1.137255	
  .0002114	-3.921569E-02	-1.215686	
  .0002115	-3.921569E-02	-1.137255	
  .0002116	 3.921569E-02	-1.137255	
  .0002117	 3.921569E-02	-1.215686	
  .0002118	 3.921569E-02	-1.137255	
  .0002119	 3.921569E-02	-1.215686	
  .000212	 .1176471	-1.137255	
  .0002121	 3.921569E-02	-1.137255	
  .0002122	-3.921569E-02	-1.215686	
  .0002123	 3.921569E-02	-1.137255	
  .0002124	 3.921569E-02	-1.215686	
  .0002125	 .1176471	-1.058824	
  .0002126	 3.921569E-02	-1.137255	
  .0002127	 3.921569E-02	-1.215686	
  .0002128	 3.921569E-02	-1.137255	
  .0002129	 3.921569E-02	-1.137255	
  .000213	 3.921569E-02	-1.058824	
  .0002131	 3.921569E-02	-1.215686	
  .0002132	 3.921569E-02	-.9803922	
  .0002133	 3.921569E-02	-1.137255	
  .0002134	-3.921569E-02	-1.058824	
  .0002135	 3.921569E-02	-1.058824	
  .0002136	-3.921569E-02	-1.137255	
  .0002137	 3.921569E-02	-1.058824	
  .0002138	 3.921569E-02	-1.058824	
  .0002139	 3.921569E-02	-1.058824	
  .000214	-3.921569E-02	-1.137255	
  .0002141	 .1176471	-1.058824	
  .0002142	 3.921569E-02	-1.058824	
  .0002143	 3.921569E-02	-.9803922	
  .0002144	-3.921569E-02	-1.058824	
  .0002145	 3.921569E-02	-1.058824	
  .0002146	 3.921569E-02	-.9803922	
  .0002147	-3.921569E-02	-.9803922	
  .0002148	-3.921569E-02	-1.058824	
  .0002149	 3.921569E-02	-1.058824	
  .000215	 3.921569E-02	-1.137255	
  .0002151	 .1176471	-.9803922	
  .0002152	 3.921569E-02	-1.058824	
  .0002153	 3.921569E-02	-1.058824	
  .0002154	-3.921569E-02	-1.058824	
  .0002155	 3.921569E-02	-1.058824	
  .0002156	 3.921569E-02	-.9803922	
  .0002157	-3.921569E-02	-1.058824	
  .0002158	 3.921569E-02	-.9803922	
  .0002159	 3.921569E-02	-.9803922	
  .000216	 3.921569E-02	-.9803922	
  .0002161	 3.921569E-02	-.9803922	
  .0002162	 3.921569E-02	-.9803922	
  .0002163	 3.921569E-02	-.8235294	
  .0002164	-3.921569E-02	-.9803922	
  .0002165	 3.921569E-02	-1.058824	
  .0002166	 3.921569E-02	-.9803922	
  .0002167	 3.921569E-02	-.9803922	
  .0002168	 3.921569E-02	-.9803922	
  .0002169	 3.921569E-02	-.9803922	
  .000217	 3.921569E-02	-.9019608	
  .0002171	 3.921569E-02	-.9803922	
  .0002172	-3.921569E-02	-.9019608	
  .0002173	 3.921569E-02	-.9803922	
  .0002174	 3.921569E-02	-1.058824	
  .0002175	 3.921569E-02	-.9803922	
  .0002176	 3.921569E-02	-1.058824	
  .0002177	 .1176471	-.8235294	
  .0002178	 3.921569E-02	-.9019608	
  .0002179	-3.921569E-02	-.9803922	
  .000218	 3.921569E-02	-.9019608	
  .0002181	 .1176471	-.9019608	
  .0002182	 3.921569E-02	-.9803922	
  .0002183	 3.921569E-02	-.8235294	
  .0002184	 .1176471	-.8235294	
  .0002185	 3.921569E-02	-.9019608	
  .0002186	 3.921569E-02	-.9803922	
  .0002187	 .1176471	-.9019608	
  .0002188	 3.921569E-02	-.8235294	
  .0002189	-3.921569E-02	-.9019608	
  .000219	-3.921569E-02	-.9019608	
  .0002191	-3.921569E-02	-.9019608	
  .0002192	 3.921569E-02	-.8235294	
  .0002193	-3.921569E-02	-.9019608	
  .0002194	-3.921569E-02	-.8235294	
  .0002195	 .1176471	-.8235294	
  .0002196	 3.921569E-02	-.9019608	
  .0002197	 .1176471	-.8235294	
  .0002198	 3.921569E-02	-.9019608	
  .0002199	 3.921569E-02	-.9019608	
  .00022	 3.921569E-02	-.8235294	
  .0002201	 3.921569E-02	-.8235294	
  .0002202	 3.921569E-02	-.8235294	
  .0002203	-3.921569E-02	-.8235294	
  .0002204	 3.921569E-02	-.8235294	
  .0002205	 .1176471	-.8235294	
  .0002206	 3.921569E-02	-.8235294	
  .0002207	-3.921569E-02	-.8235294	
  .0002208	-3.921569E-02	-.8235294	
  .0002209	 3.921569E-02	-.8235294	
  .000221	 3.921569E-02	-.7450981	
  .0002211	 3.921569E-02	-.8235294	
  .0002212	 3.921569E-02	-.7450981	
  .0002213	-3.921569E-02	-.7450981	
  .0002214	 3.921569E-02	-.8235294	
  .0002215	 3.921569E-02	-.7450981	
  .0002216	-3.921569E-02	-.7450981	
  .0002217	 .1176471	-.7450981	
  .0002218	 .1176471	-.8235294	
  .0002219	 3.921569E-02	-.8235294	
  .000222	-3.921569E-02	-.6666667	
  .0002221	 3.921569E-02	-.8235294	
  .0002222	 3.921569E-02	-.7450981	
  .0002223	 .1176471	-.8235294	
  .0002224	 .1176471	-.6666667	
  .0002225	 3.921569E-02	-.6666667	
  .0002226	 .1176471	-.7450981	
  .0002227	-3.921569E-02	-.7450981	
  .0002228	 3.921569E-02	-.7450981	
  .0002229	 3.921569E-02	-.6666667	
  .000223	-3.921569E-02	-.6666667	
  .0002231	 3.921569E-02	-.5882353	
  .0002232	 3.921569E-02	-.7450981	
  .0002233	 3.921569E-02	-.7450981	
  .0002234	 3.921569E-02	-.7450981	
  .0002235	-3.921569E-02	-.7450981	
  .0002236	 3.921569E-02	-.6666667	
  .0002237	 3.921569E-02	-.6666667	
  .0002238	-3.921569E-02	-.7450981	
  .0002239	-3.921569E-02	-.6666667	
  .000224	 3.921569E-02	-.6666667	
  .0002241	 3.921569E-02	-.5882353	
  .0002242	 3.921569E-02	-.5882353	
  .0002243	 3.921569E-02	-.5882353	
  .0002244	 3.921569E-02	-.6666667	
  .0002245	 3.921569E-02	-.6666667	
  .0002246	 3.921569E-02	-.5882353	
  .0002247	-3.921569E-02	-.6666667	
  .0002248	 3.921569E-02	-.6666667	
  .0002249	-3.921569E-02	-.5882353	
  .000225	 3.921569E-02	-.5882353	
