 -.0000249	 3.921569E-02	 3.921569E-02	
 -.0000248	 3.921569E-02	 3.921569E-02	
 -.0000247	 3.921569E-02	 3.921569E-02	
 -.0000246	 3.921569E-02	 3.921569E-02	
 -.0000245	 .1176471	 3.921569E-02	
 -.0000244	 3.921569E-02	 .1176471	
 -.0000243	 3.921569E-02	 3.921569E-02	
 -.0000242	 .1176471	 3.921569E-02	
 -.0000241	 3.921569E-02	 3.921569E-02	
 -.000024	 3.921569E-02	-3.921569E-02	
 -.0000239	 3.921569E-02	 3.921569E-02	
 -.0000238	-3.921569E-02	 3.921569E-02	
 -.0000237	 .1176471	-3.921569E-02	
 -.0000236	 3.921569E-02	 .1176471	
 -.0000235	 3.921569E-02	 .1176471	
 -.0000234	 3.921569E-02	 .1176471	
 -.0000233	 3.921569E-02	 3.921569E-02	
 -.0000232	 3.921569E-02	 3.921569E-02	
 -.0000231	 3.921569E-02	 .1176471	
 -.000023	 3.921569E-02	 .1176471	
 -.0000229	-3.921569E-02	 3.921569E-02	
 -.0000228	 3.921569E-02	 3.921569E-02	
 -.0000227	 3.921569E-02	 .1176471	
 -.0000226	 .1176471	 3.921569E-02	
 -.0000225	 .1176471	-3.921569E-02	
 -.0000224	-3.921569E-02	 .1176471	
 -.0000223	 .1176471	 3.921569E-02	
 -.0000222	 .1176471	 .1176471	
 -.0000221	 .1176471	 3.921569E-02	
 -.000022	 3.921569E-02	-3.921569E-02	
 -.0000219	 3.921569E-02	 3.921569E-02	
 -.0000218	 .1176471	 3.921569E-02	
 -.0000217	 3.921569E-02	 3.921569E-02	
 -.0000216	 3.921569E-02	-3.921569E-02	
 -.0000215	 .1176471	 3.921569E-02	
 -.0000214	 .1176471	 3.921569E-02	
 -.0000213	 .1176471	-3.921569E-02	
 -.0000212	 .1176471	 .1176471	
 -.0000211	 3.921569E-02	 3.921569E-02	
 -.000021	 .1176471	 .1176471	
 -.0000209	 3.921569E-02	-3.921569E-02	
 -.0000208	 .1176471	 .1176471	
 -.0000207	 .1176471	 3.921569E-02	
 -.0000206	 3.921569E-02	 3.921569E-02	
 -.0000205	 3.921569E-02	 .1176471	
 -.0000204	 3.921569E-02	 3.921569E-02	
 -.0000203	 .1176471	 .1176471	
 -.0000202	 .1176471	 3.921569E-02	
 -.0000201	 3.921569E-02	 3.921569E-02	
 -.00002	 3.921569E-02	 .1176471	
 -.0000199	 3.921569E-02	 3.921569E-02	
 -.0000198	 .1176471	 3.921569E-02	
 -.0000197	 3.921569E-02	 3.921569E-02	
 -.0000196	 3.921569E-02	 3.921569E-02	
 -.0000195	 3.921569E-02	 .1176471	
 -.0000194	 .1176471	 .1176471	
 -.0000193	 .1176471	 .1176471	
 -.0000192	 3.921569E-02	 3.921569E-02	
 -.0000191	 3.921569E-02	 3.921569E-02	
 -.000019	 .1176471	-3.921569E-02	
 -.0000189	 3.921569E-02	 .1176471	
 -.0000188	 3.921569E-02	 .1176471	
 -.0000187	 .1176471	 .1176471	
 -.0000186	 3.921569E-02	 3.921569E-02	
 -.0000185	 3.921569E-02	-3.921569E-02	
 -.0000184	 .1176471	 3.921569E-02	
 -.0000183	 3.921569E-02	-3.921569E-02	
 -.0000182	 3.921569E-02	 .1176471	
 -.0000181	 .1176471	 3.921569E-02	
 -.000018	 3.921569E-02	 3.921569E-02	
 -.0000179	 3.921569E-02	 .1960784	
 -.0000178	 3.921569E-02	 3.921569E-02	
 -.0000177	 .1176471	 3.921569E-02	
 -.0000176	 .1176471	-3.921569E-02	
 -.0000175	 .1176471	 .1176471	
 -.0000174	 .1176471	 .1176471	
 -.0000173	 .1960784	-3.921569E-02	
 -.0000172	 3.921569E-02	 .1176471	
 -.0000171	 .1176471	 .1176471	
 -.000017	 3.921569E-02	 3.921569E-02	
 -.0000169	 3.921569E-02	-3.921569E-02	
 -.0000168	 3.921569E-02	 .1176471	
 -.0000167	 3.921569E-02	 3.921569E-02	
 -.0000166	 3.921569E-02	 .1176471	
 -.0000165	 3.921569E-02	-3.921569E-02	
 -.0000164	 3.921569E-02	 3.921569E-02	
 -.0000163	 3.921569E-02	 3.921569E-02	
 -.0000162	 .1176471	 3.921569E-02	
 -.0000161	 3.921569E-02	 .1176471	
 -.000016	 3.921569E-02	 3.921569E-02	
 -.0000159	 .1176471	 3.921569E-02	
 -.0000158	 3.921569E-02	 .1176471	
 -.0000157	 3.921569E-02	 3.921569E-02	
 -.0000156	 .1176471	 .1176471	
 -.0000155	 .1176471	 3.921569E-02	
 -.0000154	 .1176471	-3.921569E-02	
 -.0000153	 3.921569E-02	 3.921569E-02	
 -.0000152	 3.921569E-02	 3.921569E-02	
 -.0000151	 3.921569E-02	 3.921569E-02	
 -.000015	 3.921569E-02	 3.921569E-02	
 -.0000149	 3.921569E-02	 3.921569E-02	
 -.0000148	 .1176471	 3.921569E-02	
 -.0000147	 3.921569E-02	 3.921569E-02	
 -.0000146	 .1176471	 3.921569E-02	
 -.0000145	 3.921569E-02	 .1176471	
 -.0000144	 3.921569E-02	 .1176471	
 -.0000143	 .1176471	-3.921569E-02	
 -.0000142	 3.921569E-02	 .1176471	
 -.0000141	 .1176471	 3.921569E-02	
 -.000014	 3.921569E-02	 3.921569E-02	
 -.0000139	 3.921569E-02	 3.921569E-02	
 -.0000138	 3.921569E-02	 3.921569E-02	
 -.0000137	 .1176471	 .1176471	
 -.0000136	 .1176471	 .1960784	
 -.0000135	 3.921569E-02	 .1960784	
 -.0000134	 .1176471	 .1176471	
 -.0000133	 .1176471	 3.921569E-02	
 -.0000132	 .1176471	 3.921569E-02	
 -.0000131	 3.921569E-02	 3.921569E-02	
 -.000013	 3.921569E-02	 .1176471	
 -.0000129	 .1176471	 3.921569E-02	
 -.0000128	 3.921569E-02	 3.921569E-02	
 -.0000127	 .1176471	 3.921569E-02	
 -.0000126	 .1176471	-3.921569E-02	
 -.0000125	 3.921569E-02	 3.921569E-02	
 -.0000124	 .1176471	 3.921569E-02	
 -.0000123	 .1176471	 .1176471	
 -.0000122	 3.921569E-02	 3.921569E-02	
 -.0000121	 .1176471	 3.921569E-02	
 -.000012	 3.921569E-02	 3.921569E-02	
 -.0000119	 3.921569E-02	 3.921569E-02	
 -.0000118	 .1176471	 3.921569E-02	
 -.0000117	 .1176471	-3.921569E-02	
 -.0000116	 .1176471	 .1176471	
 -.0000115	 .1176471	 .1960784	
 -.0000114	 3.921569E-02	 .1176471	
 -.0000113	 3.921569E-02	 3.921569E-02	
 -.0000112	 3.921569E-02	 3.921569E-02	
 -.0000111	 .1176471	 3.921569E-02	
 -.000011	 .1176471	 3.921569E-02	
 -.0000109	 .1176471	 .1176471	
 -.0000108	 3.921569E-02	 3.921569E-02	
 -.0000107	 3.921569E-02	 3.921569E-02	
 -.0000106	 3.921569E-02	 .1176471	
 -.0000105	 3.921569E-02	 .1176471	
 -.0000104	-3.921569E-02	 .1176471	
 -.0000103	 3.921569E-02	 3.921569E-02	
 -.0000102	 3.921569E-02	-3.921569E-02	
 -.0000101	 3.921569E-02	 .1176471	
 -.00001	 3.921569E-02	 3.921569E-02	
 -.0000099	 .1960784	 .1176471	
 -.0000098	 3.921569E-02	 3.921569E-02	
 -.0000097	 3.921569E-02	 .1176471	
 -.0000096	 .1960784	 .1176471	
 -.0000095	 .1960784	 .1176471	
 -.0000094	 3.921569E-02	 .1176471	
 -.0000093	 3.921569E-02	 3.921569E-02	
 -.0000092	 3.921569E-02	 3.921569E-02	
 -.0000091	 3.921569E-02	 3.921569E-02	
 -.000009	 3.921569E-02	 .1176471	
 -.0000089	 3.921569E-02	 .1176471	
 -.0000088	 .1176471	 3.921569E-02	
 -.0000087	-3.921569E-02	 .1176471	
 -.0000086	 .1176471	 3.921569E-02	
 -.0000085	 .1176471	 3.921569E-02	
 -.0000084	 3.921569E-02	-3.921569E-02	
 -.0000083	 .1176471	 3.921569E-02	
 -.0000082	 3.921569E-02	 3.921569E-02	
 -.0000081	 .1176471	-3.921569E-02	
 -.000008	 .1176471	 .2745098	
 -.0000079	 .1176471	 .1176471	
 -.0000078	 .1176471	 .1176471	
 -.0000077	 .1176471	 3.921569E-02	
 -.0000076	 3.921569E-02	 3.921569E-02	
 -.0000075	 .1176471	 .1176471	
 -.0000074	 .1176471	 3.921569E-02	
 -.0000073	 .1176471	 .1176471	
 -.0000072	 .1176471	 .1176471	
 -.0000071	 .1176471	 3.921569E-02	
 -.000007	 3.921569E-02	 3.921569E-02	
 -.0000069	 3.921569E-02	 .1176471	
 -.0000068	 .1176471	 3.921569E-02	
 -.0000067	 .1176471	 3.921569E-02	
 -.0000066	 3.921569E-02	 3.921569E-02	
 -.0000065	 .1176471	 3.921569E-02	
 -.0000064	 .1960784	 .1176471	
 -.0000063	 .1176471	 3.921569E-02	
 -.0000062	 .1176471	 3.921569E-02	
 -.0000061	 3.921569E-02	 3.921569E-02	
 -.000006	 .1176471	 3.921569E-02	
 -.0000059	 3.921569E-02	 .1176471	
 -.0000058	-3.921569E-02	 .1176471	
 -.0000057	 3.921569E-02	 .1960784	
 -.0000056	 3.921569E-02	-3.921569E-02	
 -.0000055	 3.921569E-02	 .1176471	
 -.0000054	 .1176471	 .1176471	
 -.0000053	 .1176471	 3.921569E-02	
 -.0000052	 3.921569E-02	 3.921569E-02	
 -.0000051	 .1176471	 3.921569E-02	
 -.000005	 3.921569E-02	 3.921569E-02	
 -.0000049	 .1176471	 3.921569E-02	
 -.0000048	 3.921569E-02	 3.921569E-02	
 -.0000047	 .1176471	 .1176471	
 -.0000046	 3.921569E-02	 .1176471	
 -.0000045	 3.921569E-02	 .1176471	
 -.0000044	 3.921569E-02	 .1176471	
 -.0000043	 .1176471	 .1176471	
 -.0000042	 .1176471	 3.921569E-02	
 -.0000041	 .1176471	 3.921569E-02	
 -.000004	 .1176471	 3.921569E-02	
 -.0000039	 3.921569E-02	-3.921569E-02	
 -.0000038	 .1176471	 .1176471	
 -.0000037	 .1176471	 .1960784	
 -.0000036	 3.921569E-02	 .1176471	
 -.0000035	 3.921569E-02	 .1176471	
 -.0000034	 3.921569E-02	 3.921569E-02	
 -.0000033	 .1176471	 .1176471	
 -.0000032	 3.921569E-02	 3.921569E-02	
 -.0000031	 3.921569E-02	 .1176471	
 -.000003	 .1176471	-3.921569E-02	
 -.0000029	 3.921569E-02	 .1176471	
 -.0000028	 .1176471	 3.921569E-02	
 -.0000027	 .1176471	 .1176471	
 -.0000026	 .1176471	 3.921569E-02	
 -.0000025	 .1176471	 3.921569E-02	
 -.0000024	 3.921569E-02	 .1176471	
 -.0000023	 3.921569E-02	 3.921569E-02	
 -.0000022	 3.921569E-02	 3.921569E-02	
 -.0000021	 3.921569E-02	 3.921569E-02	
 -.000002	 3.921569E-02	 3.921569E-02	
 -.0000019	 3.921569E-02	 3.921569E-02	
 -.0000018	 .1176471	 3.921569E-02	
 -.0000017	 .1176471	 .1176471	
 -.0000016	 .1176471	 .1176471	
 -.0000015	 3.921569E-02	 3.921569E-02	
 -.0000014	 3.921569E-02	 .1176471	
 -.0000013	 3.921569E-02	 3.921569E-02	
 -.0000012	 .1176471	 .1960784	
 -.0000011	 .1176471	 3.921569E-02	
 -.000001	 .1176471	 3.921569E-02	
 -.0000009	 .1176471	 .1176471	
 -.0000008	 3.921569E-02	-3.921569E-02	
 -.0000007	 .1176471	 .1176471	
 -.0000006	 3.921569E-02	 .1176471	
 -.0000005	 3.921569E-02	 .1176471	
 -.0000004	 .1176471	 .1176471	
 -.0000003	 .1176471	 3.921569E-02	
 -.0000002	 3.921569E-02	 3.921569E-02	
 -.0000001	 3.921569E-02	 .1176471	
  0	 .1176471	 .1176471	
  .0000001	 .1176471	 3.921569E-02	
  .0000002	 3.921569E-02	 .1176471	
  .0000003	 .1960784	 3.921569E-02	
  .0000004	 .1176471	 .1176471	
  .0000005	 3.921569E-02	-3.921569E-02	
  .0000006	 3.921569E-02	 3.921569E-02	
  .0000007	 3.921569E-02	 .1176471	
  .0000008	 .1176471	 3.921569E-02	
  .0000009	-3.921569E-02	 .1176471	
  .000001	 3.921569E-02	 .1176471	
  .0000011	 3.921569E-02	 .1176471	
  .0000012	 3.921569E-02	-3.921569E-02	
  .0000013	 3.921569E-02	 .1176471	
  .0000014	 .1176471	 3.921569E-02	
  .0000015	 .1176471	 3.921569E-02	
  .0000016	 .1176471	 .1176471	
  .0000017	 3.921569E-02	 3.921569E-02	
  .0000018	 3.921569E-02	-3.921569E-02	
  .0000019	 .1176471	 .1960784	
  .000002	 .1176471	-3.921569E-02	
  .0000021	 .1176471	 .1176471	
  .0000022	 .1176471	 3.921569E-02	
  .0000023	 .1176471	 .1176471	
  .0000024	 .1960784	 .1176471	
  .0000025	 .1176471	-3.921569E-02	
  .0000026	 3.921569E-02	 3.921569E-02	
  .0000027	-3.921569E-02	 .1176471	
  .0000028	 3.921569E-02	 .1176471	
  .0000029	 .1176471	 3.921569E-02	
  .000003	 3.921569E-02	 3.921569E-02	
  .0000031	 .1176471	 .1176471	
  .0000032	 .1176471	 .1176471	
  .0000033	-3.921569E-02	 .1176471	
  .0000034	 3.921569E-02	 3.921569E-02	
  .0000035	 .1176471	 .1176471	
  .0000036	 .1176471	 3.921569E-02	
  .0000037	 3.921569E-02	 3.921569E-02	
  .0000038	 .1176471	 .1176471	
  .0000039	 3.921569E-02	 3.921569E-02	
  .000004	 3.921569E-02	 .1176471	
  .0000041	 .1176471	 .1176471	
  .0000042	 3.921569E-02	 3.921569E-02	
  .0000043	 .1176471	 3.921569E-02	
  .0000044	 .1176471	 3.921569E-02	
  .0000045	 3.921569E-02	 3.921569E-02	
  .0000046	 3.921569E-02	 3.921569E-02	
  .0000047	 3.921569E-02	 3.921569E-02	
  .0000048	 3.921569E-02	 3.921569E-02	
  .0000049	 3.921569E-02	 .1176471	
  .000005	 3.921569E-02	 3.921569E-02	
  .0000051	 .1176471	 3.921569E-02	
  .0000052	 .1960784	 3.921569E-02	
  .0000053	 .1176471	 .1176471	
  .0000054	 3.921569E-02	 .1176471	
  .0000055	 .1176471	 3.921569E-02	
  .0000056	 3.921569E-02	 3.921569E-02	
  .0000057	-3.921569E-02	 3.921569E-02	
  .0000058	 .1176471	 3.921569E-02	
  .0000059	-3.921569E-02	 3.921569E-02	
  .000006	 3.921569E-02	 3.921569E-02	
  .0000061	 3.921569E-02	 .1960784	
  .0000062	 3.921569E-02	 .1176471	
  .0000063	 3.921569E-02	 .1176471	
  .0000064	 .1176471	 3.921569E-02	
  .0000065	 .1176471	 3.921569E-02	
  .0000066	 .1176471	 3.921569E-02	
  .0000067	 3.921569E-02	 .1176471	
  .0000068	 .1176471	 .1176471	
  .0000069	 .1176471	 3.921569E-02	
  .000007	 3.921569E-02	 3.921569E-02	
  .0000071	 .1176471	 .1176471	
  .0000072	 .1176471	-3.921569E-02	
  .0000073	 3.921569E-02	-3.921569E-02	
  .0000074	 .1176471	 3.921569E-02	
  .0000075	 3.921569E-02	 .1176471	
  .0000076	 3.921569E-02	 3.921569E-02	
  .0000077	 .1176471	 3.921569E-02	
  .0000078	 .1176471	 3.921569E-02	
  .0000079	 3.921569E-02	 3.921569E-02	
  .000008	 3.921569E-02	 3.921569E-02	
  .0000081	 3.921569E-02	-3.921569E-02	
  .0000082	 .1176471	 3.921569E-02	
  .0000083	 3.921569E-02	 .1176471	
  .0000084	 3.921569E-02	 3.921569E-02	
  .0000085	 3.921569E-02	 3.921569E-02	
  .0000086	 .1176471	 3.921569E-02	
  .0000087	 .1176471	 .1176471	
  .0000088	 .1176471	 3.921569E-02	
  .0000089	 3.921569E-02	 3.921569E-02	
  .000009	 3.921569E-02	 .1176471	
  .0000091	 3.921569E-02	 .1176471	
  .0000092	 3.921569E-02	 .1176471	
  .0000093	 3.921569E-02	 .1176471	
  .0000094	-3.921569E-02	 3.921569E-02	
  .0000095	 .1176471	 3.921569E-02	
  .0000096	 3.921569E-02	 3.921569E-02	
  .0000097	 .1176471	 .1176471	
  .0000098	 .1176471	-3.921569E-02	
  .0000099	 .1176471	 3.921569E-02	
  .00001	 .1176471	 3.921569E-02	
  .0000101	 3.921569E-02	 .1176471	
  .0000102	 .1176471	 3.921569E-02	
  .0000103	 .1176471	 .1176471	
  .0000104	 .1176471	 .1176471	
  .0000105	 3.921569E-02	-3.921569E-02	
  .0000106	 3.921569E-02	 3.921569E-02	
  .0000107	-3.921569E-02	-3.921569E-02	
  .0000108	 .1176471	 .1176471	
  .0000109	 .1176471	 .1176471	
  .000011	 3.921569E-02	 3.921569E-02	
  .0000111	 3.921569E-02	-3.921569E-02	
  .0000112	 3.921569E-02	 3.921569E-02	
  .0000113	 .1176471	 .1176471	
  .0000114	 .1176471	 3.921569E-02	
  .0000115	 .1176471	 .1176471	
  .0000116	 3.921569E-02	 3.921569E-02	
  .0000117	 3.921569E-02	-3.921569E-02	
  .0000118	 3.921569E-02	 .1960784	
  .0000119	 .1176471	 3.921569E-02	
  .000012	 3.921569E-02	 .1176471	
  .0000121	 .1960784	 3.921569E-02	
  .0000122	 .1176471	 .1176471	
  .0000123	 3.921569E-02	 .1176471	
  .0000124	 .1960784	 3.921569E-02	
  .0000125	 3.921569E-02	 .1176471	
  .0000126	 3.921569E-02	 .1176471	
  .0000127	 3.921569E-02	 3.921569E-02	
  .0000128	 3.921569E-02	-3.921569E-02	
  .0000129	 .1176471	 .1176471	
  .000013	 .1176471	-3.921569E-02	
  .0000131	 .1176471	 .1176471	
  .0000132	 3.921569E-02	 .1176471	
  .0000133	 3.921569E-02	 3.921569E-02	
  .0000134	 .1960784	 .1176471	
  .0000135	 .1176471	 3.921569E-02	
  .0000136	 3.921569E-02	 .1176471	
  .0000137	 .1176471	 3.921569E-02	
  .0000138	 3.921569E-02	-3.921569E-02	
  .0000139	 .1176471	 .1176471	
  .000014	 3.921569E-02	 .1176471	
  .0000141	 3.921569E-02	 .1176471	
  .0000142	 3.921569E-02	 3.921569E-02	
  .0000143	 3.921569E-02	 3.921569E-02	
  .0000144	 3.921569E-02	 .1176471	
  .0000145	 3.921569E-02	 3.921569E-02	
  .0000146	 3.921569E-02	 .1176471	
  .0000147	-3.921569E-02	 3.921569E-02	
  .0000148	 .1176471	 .1176471	
  .0000149	 3.921569E-02	 3.921569E-02	
  .000015	 .1176471	 3.921569E-02	
  .0000151	 3.921569E-02	 3.921569E-02	
  .0000152	 3.921569E-02	 .1176471	
  .0000153	 3.921569E-02	 .1176471	
  .0000154	 3.921569E-02	 3.921569E-02	
  .0000155	 3.921569E-02	 3.921569E-02	
  .0000156	-3.921569E-02	 3.921569E-02	
  .0000157	-3.921569E-02	 3.921569E-02	
  .0000158	 3.921569E-02	 3.921569E-02	
  .0000159	 3.921569E-02	 .1176471	
  .000016	 .1176471	 .1960784	
  .0000161	 3.921569E-02	 .1176471	
  .0000162	 3.921569E-02	 3.921569E-02	
  .0000163	 .1176471	 3.921569E-02	
  .0000164	 .1176471	 .1176471	
  .0000165	 .1176471	 .1960784	
  .0000166	 .1176471	 3.921569E-02	
  .0000167	-3.921569E-02	 .1176471	
  .0000168	 .1176471	 3.921569E-02	
  .0000169	 3.921569E-02	 .1176471	
  .000017	 .1176471	 .1176471	
  .0000171	 3.921569E-02	 3.921569E-02	
  .0000172	 3.921569E-02	 3.921569E-02	
  .0000173	 .1176471	 .1176471	
  .0000174	 .1176471	 .1176471	
  .0000175	 .1176471	 3.921569E-02	
  .0000176	-3.921569E-02	 .1176471	
  .0000177	 3.921569E-02	 3.921569E-02	
  .0000178	 3.921569E-02	 3.921569E-02	
  .0000179	 3.921569E-02	 .1176471	
  .000018	 3.921569E-02	-3.921569E-02	
  .0000181	 .1176471	 3.921569E-02	
  .0000182	 .1176471	 .1176471	
  .0000183	 3.921569E-02	 3.921569E-02	
  .0000184	 .1176471	 3.921569E-02	
  .0000185	 .1176471	 .1176471	
  .0000186	 .1176471	 .1176471	
  .0000187	 3.921569E-02	 3.921569E-02	
  .0000188	 .1176471	 3.921569E-02	
  .0000189	 3.921569E-02	 3.921569E-02	
  .000019	 .1176471	 .1176471	
  .0000191	-.1960784	-3.921569E-02	
  .0000192	-3.921569E-02	-.2745098	
  .0000193	-.1176471	-.2745098	
  .0000194	-.1176471	 3.921569E-02	
  .0000195	-.2745098	 3.921569E-02	
  .0000196	-3.921569E-02	 .2745098	
  .0000197	-.1176471	 .3529412	
  .0000198	-.1176471	 .509804	
  .0000199	-.2745098	 .509804	
  .00002	-.2745098	 .5882353	
  .0000201	-.2745098	 .6666667	
  .0000202	-.2745098	 .8235294	
  .0000203	-.3529412	 .9019608	
  .0000204	-.3529412	 .8235294	
  .0000205	-.4313726	 .9803922	
  .0000206	-.509804	 1.058824	
  .0000207	-.4313726	 1.215686	
  .0000208	-.509804	 1.137255	
  .0000209	-.5882353	 1.294118	
  .000021	-.7450981	 1.294118	
  .0000211	-1.294118	 1.294118	
  .0000212	-2.078431	 1.45098	
  .0000213	-2.705882	 1.372549	
  .0000214	-2.941176	 1.529412	
  .0000215	-3.254902	 1.607843	
  .0000216	-3.254902	 1.607843	
  .0000217	-3.098039	 1.764706	
  .0000218	-2.784314	 1.764706	
  .0000219	-2.313725	 1.764706	
  .000022	-2	 1.764706	
  .0000221	-2	 1.843137	
  .0000222	-1.843137	 2	
  .0000223	-1.607843	 1.921569	
  .0000224	-1.607843	 2	
  .0000225	-1.529412	 2.156863	
  .0000226	-1.372549	 2.078431	
  .0000227	-1.529412	 2.078431	
  .0000228	-1.529412	 2.313725	
  .0000229	-1.529412	 2.156863	
  .000023	-1.45098	 2.235294	
  .0000231	-1.45098	 2.313725	
  .0000232	-1.372549	 2.313725	
  .0000233	-1.372549	 2.470588	
  .0000234	-1.372549	 2.470588	
  .0000235	-1.372549	 2.470588	
  .0000236	-1.372549	 2.470588	
  .0000237	-1.372549	 2.54902	
  .0000238	-1.294118	 2.627451	
  .0000239	-1.372549	 2.470588	
  .000024	-1.45098	 2.54902	
  .0000241	-1.294118	 2.627451	
  .0000242	-1.294118	 2.627451	
  .0000243	-1.294118	 2.627451	
  .0000244	-1.294118	 2.705882	
  .0000245	-1.372549	 2.627451	
  .0000246	-1.372549	 2.705882	
  .0000247	-1.294118	 2.705882	
  .0000248	-1.294118	 2.862745	
  .0000249	-1.372549	 2.784314	
  .000025	-1.294118	 2.862745	
  .0000251	-1.372549	 2.784314	
  .0000252	-1.294118	 2.941176	
  .0000253	-1.372549	 2.862745	
  .0000254	-1.294118	 2.941176	
  .0000255	-1.294118	 2.862745	
  .0000256	-1.372549	 2.784314	
  .0000257	-1.294118	 3.019608	
  .0000258	-1.372549	 2.941176	
  .0000259	-1.294118	 3.019608	
  .000026	-1.372549	 3.019608	
  .0000261	-1.294118	 3.098039	
  .0000262	-1.294118	 3.019608	
  .0000263	-1.372549	 3.019608	
  .0000264	-1.372549	 3.098039	
  .0000265	-1.372549	 3.098039	
  .0000266	-1.215686	 3.098039	
  .0000267	-1.294118	 3.098039	
  .0000268	-1.294118	 3.098039	
  .0000269	-1.215686	 3.098039	
  .000027	-1.215686	 3.019608	
  .0000271	-1.215686	 3.176471	
  .0000272	-1.215686	 3.019608	
  .0000273	-1.294118	 3.098039	
  .0000274	-1.215686	 3.098039	
  .0000275	-1.294118	 3.176471	
  .0000276	-1.294118	 3.333333	
  .0000277	-1.294118	 3.098039	
  .0000278	-1.215686	 3.176471	
  .0000279	-1.294118	 3.098039	
  .000028	-1.215686	 3.176471	
  .0000281	-1.215686	 3.176471	
  .0000282	-1.215686	 3.176471	
  .0000283	-1.215686	 3.176471	
  .0000284	-1.294118	 3.254902	
  .0000285	-1.294118	 3.254902	
  .0000286	-1.215686	 3.098039	
  .0000287	-1.294118	 3.176471	
  .0000288	-1.294118	 3.333333	
  .0000289	-1.215686	 3.176471	
  .000029	-1.215686	 3.411765	
  .0000291	-1.215686	 3.333333	
  .0000292	-1.215686	 3.333333	
  .0000293	-1.215686	 3.333333	
  .0000294	-1.215686	 3.333333	
  .0000295	-1.215686	 3.333333	
  .0000296	-1.215686	 3.254902	
  .0000297	-1.137255	 3.254902	
  .0000298	-1.215686	 3.176471	
  .0000299	-1.215686	 3.333333	
  .00003	-1.137255	 3.254902	
  .0000301	-1.215686	 3.333333	
  .0000302	-1.215686	 3.254902	
  .0000303	-1.215686	 3.254902	
  .0000304	-1.294118	 3.333333	
  .0000305	-1.215686	 3.254902	
  .0000306	-1.215686	 3.333333	
  .0000307	-1.294118	 3.333333	
  .0000308	-1.137255	 3.254902	
  .0000309	-1.294118	 3.333333	
  .000031	-1.294118	 3.254902	
  .0000311	-1.294118	 3.254902	
  .0000312	-1.294118	 3.333333	
  .0000313	-1.215686	 3.333333	
  .0000314	-1.215686	 3.333333	
  .0000315	-1.137255	 3.176471	
  .0000316	-1.215686	 3.333333	
  .0000317	-1.215686	 3.254902	
  .0000318	-1.215686	 3.333333	
  .0000319	-1.137255	 3.254902	
  .000032	-1.215686	 3.333333	
  .0000321	-1.215686	 3.411765	
  .0000322	-1.137255	 3.254902	
  .0000323	-1.215686	 3.333333	
  .0000324	-1.137255	 3.333333	
  .0000325	-1.215686	 3.333333	
  .0000326	-1.215686	 3.333333	
  .0000327	-1.137255	 3.411765	
  .0000328	-1.137255	 3.333333	
  .0000329	-1.215686	 3.254902	
  .000033	-1.137255	 3.333333	
  .0000331	-1.137255	 3.254902	
  .0000332	-1.137255	 3.411765	
  .0000333	-1.215686	 3.333333	
  .0000334	-1.215686	 3.333333	
  .0000335	-1.137255	 3.333333	
  .0000336	-1.215686	 3.333333	
  .0000337	-1.215686	 3.333333	
  .0000338	-1.294118	 3.333333	
  .0000339	-1.137255	 3.333333	
  .000034	-1.137255	 3.333333	
  .0000341	-1.137255	 3.333333	
  .0000342	-1.058824	 3.254902	
  .0000343	-1.137255	 3.333333	
  .0000344	-1.137255	 3.333333	
  .0000345	-1.215686	 3.254902	
  .0000346	-1.137255	 3.333333	
  .0000347	-1.215686	 3.333333	
  .0000348	-1.137255	 3.333333	
  .0000349	-1.215686	 3.333333	
  .000035	-1.137255	 3.333333	
  .0000351	-1.137255	 3.333333	
  .0000352	-1.137255	 3.176471	
  .0000353	-1.137255	 3.333333	
  .0000354	-1.058824	 3.333333	
  .0000355	-1.137255	 3.254902	
  .0000356	-1.058824	 3.254902	
  .0000357	-1.137255	 3.254902	
  .0000358	-1.058824	 3.411765	
  .0000359	-1.137255	 3.333333	
  .000036	-1.058824	 3.333333	
  .0000361	-1.137255	 3.254902	
  .0000362	-1.137255	 3.176471	
  .0000363	-1.137255	 3.333333	
  .0000364	-1.215686	 3.254902	
  .0000365	-1.137255	 3.333333	
  .0000366	-1.058824	 3.254902	
  .0000367	-1.137255	 3.333333	
  .0000368	-1.058824	 3.333333	
  .0000369	-1.058824	 3.254902	
  .000037	-1.137255	 3.254902	
  .0000371	-1.058824	 3.176471	
  .0000372	-1.137255	 3.333333	
  .0000373	-1.215686	 3.254902	
  .0000374	-1.137255	 3.333333	
  .0000375	-1.058824	 3.176471	
  .0000376	-1.137255	 3.254902	
  .0000377	-1.137255	 3.176471	
  .0000378	-1.058824	 3.176471	
  .0000379	-1.058824	 3.176471	
  .000038	-1.058824	 3.254902	
  .0000381	-1.058824	 3.176471	
  .0000382	-1.137255	 3.333333	
  .0000383	-1.137255	 3.176471	
  .0000384	-1.137255	 3.254902	
  .0000385	-1.058824	 3.176471	
  .0000386	-.9803922	 3.176471	
  .0000387	-1.137255	 3.254902	
  .0000388	-1.137255	 3.176471	
  .0000389	-1.058824	 3.176471	
  .000039	-1.058824	 3.254902	
  .0000391	-1.058824	 3.176471	
  .0000392	-1.058824	 3.254902	
  .0000393	-1.137255	 3.098039	
  .0000394	-1.058824	 3.176471	
  .0000395	-1.058824	 3.176471	
  .0000396	-.9803922	 3.254902	
  .0000397	-1.137255	 3.176471	
  .0000398	-1.137255	 3.254902	
  .0000399	-1.058824	 3.333333	
  .00004	-.9803922	 3.254902	
  .0000401	-1.058824	 3.098039	
  .0000402	-1.058824	 3.176471	
  .0000403	-1.137255	 3.176471	
  .0000404	-1.058824	 3.098039	
  .0000405	-1.058824	 3.098039	
  .0000406	-1.058824	 3.176471	
  .0000407	-.9803922	 3.176471	
  .0000408	-.9803922	 3.176471	
  .0000409	-1.058824	 3.019608	
  .000041	-.9803922	 3.019608	
  .0000411	-.9803922	 3.098039	
  .0000412	-.9803922	 3.176471	
  .0000413	-.9803922	 3.176471	
  .0000414	-.9803922	 3.098039	
  .0000415	-1.058824	 3.098039	
  .0000416	-.9803922	 3.019608	
  .0000417	-.9803922	 3.176471	
  .0000418	-.9019608	 3.098039	
  .0000419	-.9803922	 3.098039	
  .000042	-.9019608	 3.254902	
  .0000421	-.9019608	 3.098039	
  .0000422	-.9803922	 3.098039	
  .0000423	-.9803922	 3.098039	
  .0000424	-1.058824	 3.098039	
  .0000425	-.9803922	 3.098039	
  .0000426	-.9803922	 3.098039	
  .0000427	-.9019608	 3.019608	
  .0000428	-.9803922	 2.941176	
  .0000429	-1.058824	 3.019608	
  .000043	-.9803922	 3.019608	
  .0000431	-.9803922	 3.176471	
  .0000432	-.9019608	 3.098039	
  .0000433	-.9019608	 3.176471	
  .0000434	-.9803922	 3.098039	
  .0000435	-.9019608	 3.019608	
  .0000436	-1.058824	 3.019608	
  .0000437	-.9803922	 3.019608	
  .0000438	-.9803922	 3.019608	
  .0000439	-.9803922	 3.019608	
  .000044	-.9803922	 3.019608	
  .0000441	-.9019608	 3.019608	
  .0000442	-.9803922	 3.019608	
  .0000443	-.9803922	 3.019608	
  .0000444	-.9803922	 2.941176	
  .0000445	-.9803922	 3.098039	
  .0000446	-.9803922	 3.019608	
  .0000447	-.9019608	 2.941176	
  .0000448	-.8235294	 3.019608	
  .0000449	-.9803922	 2.941176	
  .000045	-.9019608	 3.019608	
  .0000451	-.9803922	 2.862745	
  .0000452	-.9803922	 2.941176	
  .0000453	-.9803922	 2.941176	
  .0000454	-.9803922	 2.862745	
  .0000455	-.9803922	 3.019608	
  .0000456	-.9803922	 2.862745	
  .0000457	-.9019608	 3.019608	
  .0000458	-.9803922	 3.019608	
  .0000459	-.9803922	 2.941176	
  .000046	-.9019608	 2.941176	
  .0000461	-.9019608	 2.862745	
  .0000462	-.9019608	 3.019608	
  .0000463	-.9019608	 2.941176	
  .0000464	-.9019608	 2.862745	
  .0000465	-.9803922	 2.862745	
  .0000466	-.9803922	 2.941176	
  .0000467	-.9019608	 2.941176	
  .0000468	-.9019608	 2.862745	
  .0000469	-.9019608	 2.862745	
  .000047	-.9019608	 2.784314	
  .0000471	-.9803922	 2.862745	
  .0000472	-.9019608	 2.941176	
  .0000473	-.9019608	 2.862745	
  .0000474	-.9019608	 2.862745	
  .0000475	-.9019608	 2.784314	
  .0000476	-.9019608	 2.862745	
  .0000477	-.9019608	 2.862745	
  .0000478	-.8235294	 2.941176	
  .0000479	-.9019608	 2.941176	
  .000048	-.9803922	 2.784314	
  .0000481	-.9019608	 2.862745	
  .0000482	-.9019608	 2.784314	
  .0000483	-.9019608	 2.784314	
  .0000484	-.9019608	 2.784314	
  .0000485	-.9019608	 2.784314	
  .0000486	-.9019608	 2.784314	
  .0000487	-.9803922	 2.784314	
  .0000488	-.9019608	 2.862745	
  .0000489	-.9019608	 2.784314	
  .000049	-.9019608	 2.784314	
  .0000491	-.8235294	 2.784314	
  .0000492	-.8235294	 2.705882	
  .0000493	-.9019608	 2.784314	
  .0000494	-.9019608	 2.784314	
  .0000495	-.8235294	 2.784314	
  .0000496	-.9019608	 2.705882	
  .0000497	-.9019608	 2.862745	
  .0000498	-.9019608	 2.784314	
  .0000499	-.8235294	 2.705882	
  .00005	-.8235294	 2.705882	
  .0000501	-.9019608	 2.784314	
  .0000502	-.9019608	 2.705882	
  .0000503	-.8235294	 2.627451	
  .0000504	-.9019608	 2.705882	
  .0000505	-.9019608	 2.705882	
  .0000506	-.8235294	 2.784314	
  .0000507	-.9019608	 2.705882	
  .0000508	-.9019608	 2.705882	
  .0000509	-.8235294	 2.627451	
  .000051	-.9019608	 2.705882	
  .0000511	-.7450981	 2.705882	
  .0000512	-.8235294	 2.705882	
  .0000513	-.8235294	 2.627451	
  .0000514	-.8235294	 2.784314	
  .0000515	-.8235294	 2.705882	
  .0000516	-.8235294	 2.784314	
  .0000517	-.7450981	 2.627451	
  .0000518	-.8235294	 2.627451	
  .0000519	-.8235294	 2.705882	
  .000052	-.7450981	 2.54902	
  .0000521	-.8235294	 2.705882	
  .0000522	-.8235294	 2.705882	
  .0000523	-.7450981	 2.54902	
  .0000524	-.8235294	 2.54902	
  .0000525	-.8235294	 2.705882	
  .0000526	-.7450981	 2.54902	
  .0000527	-.7450981	 2.54902	
  .0000528	-.7450981	 2.627451	
  .0000529	-.8235294	 2.54902	
  .000053	-.8235294	 2.627451	
  .0000531	-.7450981	 2.54902	
  .0000532	-.8235294	 2.627451	
  .0000533	-.8235294	 2.627451	
  .0000534	-.8235294	 2.470588	
  .0000535	-.7450981	 2.627451	
  .0000536	-.7450981	 2.627451	
  .0000537	-.7450981	 2.627451	
  .0000538	-.6666667	 2.627451	
  .0000539	-.8235294	 2.470588	
  .000054	-.7450981	 2.627451	
  .0000541	-.8235294	 2.470588	
  .0000542	-.7450981	 2.470588	
  .0000543	-.7450981	 2.470588	
  .0000544	-.7450981	 2.54902	
  .0000545	-.6666667	 2.54902	
  .0000546	-.8235294	 2.470588	
  .0000547	-.6666667	 2.470588	
  .0000548	-.7450981	 2.392157	
  .0000549	-.6666667	 2.627451	
  .000055	-.7450981	 2.313725	
  .0000551	-.6666667	 2.470588	
  .0000552	-.7450981	 2.470588	
  .0000553	-.7450981	 2.470588	
  .0000554	-.7450981	 2.470588	
  .0000555	-.7450981	 2.392157	
  .0000556	-.6666667	 2.470588	
  .0000557	-.7450981	 2.54902	
  .0000558	-.6666667	 2.470588	
  .0000559	-.6666667	 2.470588	
  .000056	-.6666667	 2.470588	
  .0000561	-.6666667	 2.470588	
  .0000562	-.6666667	 2.470588	
  .0000563	-.6666667	 2.392157	
  .0000564	-.6666667	 2.392157	
  .0000565	-.6666667	 2.392157	
  .0000566	-.5882353	 2.392157	
  .0000567	-.6666667	 2.392157	
  .0000568	-.7450981	 2.313725	
  .0000569	-.6666667	 2.392157	
  .000057	-.6666667	 2.392157	
  .0000571	-.6666667	 2.392157	
  .0000572	-.6666667	 2.392157	
  .0000573	-.6666667	 2.235294	
  .0000574	-.6666667	 2.313725	
  .0000575	-.6666667	 2.392157	
  .0000576	-.6666667	 2.235294	
  .0000577	-.5882353	 2.313725	
  .0000578	-.6666667	 2.392157	
  .0000579	-.6666667	 2.235294	
  .000058	-.6666667	 2.313725	
  .0000581	-.6666667	 2.235294	
  .0000582	-.5882353	 2.313725	
  .0000583	-.5882353	 2.235294	
  .0000584	-.6666667	 2.313725	
  .0000585	-.6666667	 2.313725	
  .0000586	-.5882353	 2.156863	
  .0000587	-.6666667	 2.235294	
  .0000588	-.6666667	 2.235294	
  .0000589	-.7450981	 2.235294	
  .000059	-.6666667	 2.156863	
  .0000591	-.7450981	 2.156863	
  .0000592	-.6666667	 2.235294	
  .0000593	-.6666667	 2.156863	
  .0000594	-.509804	 2.235294	
  .0000595	-.5882353	 2.156863	
  .0000596	-.6666667	 2.235294	
  .0000597	-.5882353	 2.235294	
  .0000598	-.5882353	 2.156863	
  .0000599	-.5882353	 2.156863	
  .00006	-.6666667	 2.156863	
  .0000601	-.5882353	 2.078431	
  .0000602	-.5882353	 2.156863	
  .0000603	-.5882353	 2.235294	
  .0000604	-.6666667	 2.156863	
  .0000605	-.5882353	 2.156863	
  .0000606	-.5882353	 2.078431	
  .0000607	-.5882353	 2	
  .0000608	-.5882353	 2.078431	
  .0000609	-.5882353	 2	
  .000061	-.509804	 2.078431	
  .0000611	-.5882353	 2	
  .0000612	-.5882353	 2	
  .0000613	-.5882353	 2.156863	
  .0000614	-.5882353	 2	
  .0000615	-.509804	 2.156863	
  .0000616	-.4313726	 2.078431	
  .0000617	-.4313726	 2.078431	
  .0000618	-.509804	 2.156863	
  .0000619	-.509804	 1.921569	
  .000062	-.5882353	 2	
  .0000621	-.509804	 2	
  .0000622	-.509804	 2	
  .0000623	-.509804	 2	
  .0000624	-.509804	 2	
  .0000625	-.5882353	 1.921569	
  .0000626	-.509804	 1.921569	
  .0000627	-.509804	 1.921569	
  .0000628	-.5882353	 1.921569	
  .0000629	-.509804	 2.078431	
  .000063	-.4313726	 1.921569	
  .0000631	-.5882353	 2	
  .0000632	-.509804	 1.921569	
  .0000633	-.509804	 1.921569	
  .0000634	-.5882353	 1.843137	
  .0000635	-.5882353	 2	
  .0000636	-.509804	 1.921569	
  .0000637	-.4313726	 1.843137	
  .0000638	-.509804	 1.843137	
  .0000639	-.509804	 1.843137	
  .000064	-.509804	 1.843137	
  .0000641	-.509804	 1.921569	
  .0000642	-.509804	 1.843137	
  .0000643	-.509804	 1.764706	
  .0000644	-.509804	 1.764706	
  .0000645	-.509804	 1.843137	
  .0000646	-.4313726	 1.764706	
  .0000647	-.509804	 1.843137	
  .0000648	-.509804	 1.843137	
  .0000649	-.4313726	 1.686275	
  .000065	-.509804	 1.764706	
  .0000651	-.4313726	 1.607843	
  .0000652	-.509804	 1.686275	
  .0000653	-.4313726	 1.764706	
  .0000654	-.4313726	 1.764706	
  .0000655	-.4313726	 1.921569	
  .0000656	-.3529412	 1.843137	
  .0000657	-.509804	 1.764706	
  .0000658	-.509804	 1.607843	
  .0000659	-.509804	 1.607843	
  .000066	-.4313726	 1.843137	
  .0000661	-.4313726	 1.764706	
  .0000662	-.4313726	 1.843137	
  .0000663	-.4313726	 1.686275	
  .0000664	-.4313726	 1.607843	
  .0000665	-.4313726	 1.686275	
  .0000666	-.4313726	 1.607843	
  .0000667	-.509804	 1.607843	
  .0000668	-.4313726	 1.607843	
  .0000669	-.4313726	 1.686275	
  .000067	-.509804	 1.607843	
  .0000671	-.4313726	 1.607843	
  .0000672	-.4313726	 1.607843	
  .0000673	-.4313726	 1.45098	
  .0000674	-.4313726	 1.529412	
  .0000675	-.4313726	 1.529412	
  .0000676	-.3529412	 1.607843	
  .0000677	-.4313726	 1.686275	
  .0000678	-.3529412	 1.529412	
  .0000679	-.3529412	 1.607843	
  .000068	-.3529412	 1.529412	
  .0000681	-.4313726	 1.529412	
  .0000682	-.2745098	 1.45098	
  .0000683	-.3529412	 1.45098	
  .0000684	-.4313726	 1.529412	
  .0000685	-.4313726	 1.45098	
  .0000686	-.3529412	 1.45098	
  .0000687	-.3529412	 1.45098	
  .0000688	-.3529412	 1.372549	
  .0000689	-.4313726	 1.45098	
  .000069	-.4313726	 1.294118	
  .0000691	-.3529412	 1.372549	
  .0000692	-.4313726	 1.372549	
  .0000693	-.1960784	 1.45098	
  .0000694	-.4313726	 1.294118	
  .0000695	-.3529412	 1.529412	
  .0000696	-.3529412	 1.45098	
  .0000697	-.2745098	 1.45098	
  .0000698	-.3529412	 1.372549	
  .0000699	-.2745098	 1.372549	
  .00007	-.3529412	 1.294118	
  .0000701	-.3529412	 1.372549	
  .0000702	-.3529412	 1.45098	
  .0000703	-.3529412	 1.372549	
  .0000704	-.2745098	 1.372549	
  .0000705	-.2745098	 1.215686	
  .0000706	-.3529412	 1.137255	
  .0000707	-.2745098	 1.294118	
  .0000708	-.3529412	 1.215686	
  .0000709	-.2745098	 1.294118	
  .000071	-.2745098	 1.215686	
  .0000711	-.3529412	 1.137255	
  .0000712	-.2745098	 1.294118	
  .0000713	-.2745098	 1.215686	
  .0000714	-.2745098	 1.294118	
  .0000715	-.1960784	 1.215686	
  .0000716	-.1960784	 1.137255	
  .0000717	-.1960784	 1.215686	
  .0000718	-.1960784	 1.058824	
  .0000719	-.2745098	 1.137255	
  .000072	-.1960784	 1.137255	
  .0000721	-.2745098	 1.137255	
  .0000722	-.1960784	 1.058824	
  .0000723	-.1960784	 1.137255	
  .0000724	-.1960784	 1.058824	
  .0000725	-.1176471	 .9803922	
  .0000726	-.1960784	 1.058824	
  .0000727	-.1960784	 .9803922	
  .0000728	-3.921569E-02	 1.137255	
  .0000729	-3.921569E-02	 .9803922	
  .000073	-.1176471	 .9803922	
  .0000731	-3.921569E-02	 .9019608	
  .0000732	-3.921569E-02	 .9803922	
  .0000733	-.1176471	 .9019608	
  .0000734	-3.921569E-02	 .9803922	
  .0000735	 3.921569E-02	 .9019608	
  .0000736	 3.921569E-02	 .8235294	
  .0000737	 3.921569E-02	 .7450981	
  .0000738	-3.921569E-02	 .8235294	
  .0000739	 3.921569E-02	 .9019608	
  .000074	 .1176471	 .8235294	
  .0000741	 .1176471	 .8235294	
  .0000742	 .1176471	 .7450981	
  .0000743	 3.921569E-02	 .7450981	
  .0000744	 .1176471	 .6666667	
  .0000745	 .1960784	 .7450981	
  .0000746	 3.921569E-02	 .6666667	
  .0000747	 .1176471	 .8235294	
  .0000748	 3.921569E-02	 .5882353	
  .0000749	 3.921569E-02	 .6666667	
  .000075	 .1176471	 .5882353	
  .0000751	 .1176471	 .509804	
  .0000752	 3.921569E-02	 .6666667	
  .0000753	 .1176471	 .5882353	
  .0000754	 .1176471	 .6666667	
  .0000755	 .1176471	 .6666667	
  .0000756	 3.921569E-02	 .509804	
  .0000757	 .1960784	 .509804	
  .0000758	 .1960784	 .509804	
  .0000759	 .2745098	 .509804	
  .000076	 .2745098	 .4313726	
  .0000761	 .3529412	 .3529412	
  .0000762	 .4313726	 .3529412	
  .0000763	 .509804	 .4313726	
  .0000764	 .509804	 .3529412	
  .0000765	 .5882353	 .3529412	
  .0000766	 .509804	 .2745098	
  .0000767	 5.215686	 .9019608	
  .0000768	 4.039216	 1.686275	
  .0000769	 4.039216	 .7450981	
  .000077	 4.039216	 .9019608	
  .0000771	 3.72549	 1.215686	
  .0000772	 3.882353	 .9803922	
  .0000773	 3.568627	 1.137255	
  .0000774	 3.960784	 .9019608	
  .0000775	 3.803921	 1.137255	
  .0000776	 3.803921	 1.137255	
  .0000777	 3.72549	 1.058824	
  .0000778	 4.039216	 1.215686	
  .0000779	 3.882353	 1.058824	
  .000078	 4.039216	 1.137255	
  .0000781	 3.882353	 1.058824	
  .0000782	 4.039216	 1.215686	
  .0000783	 3.960784	 1.215686	
  .0000784	 3.882353	 1.058824	
  .0000785	 3.960784	 1.137255	
  .0000786	 3.882353	 1.137255	
  .0000787	 3.803921	 1.058824	
  .0000788	 3.803921	 1.058824	
  .0000789	 3.72549	 1.137255	
  .000079	 3.72549	 1.058824	
  .0000791	 3.647059	 1.058824	
  .0000792	 3.647059	 1.137255	
  .0000793	 3.568627	 1.058824	
  .0000794	 3.490196	 1.215686	
  .0000795	 3.490196	 1.058824	
  .0000796	 3.411765	 1.137255	
  .0000797	 3.411765	 1.137255	
  .0000798	 3.411765	 1.058824	
  .0000799	 3.254902	 1.058824	
  .00008	 3.254902	 1.058824	
  .0000801	 3.254902	 1.058824	
  .0000802	 3.254902	 1.058824	
  .0000803	 3.176471	 1.058824	
  .0000804	 3.098039	 1.058824	
  .0000805	 3.176471	 .9803922	
  .0000806	 3.176471	 1.058824	
  .0000807	 3.098039	 .9019608	
  .0000808	 3.176471	 .9803922	
  .0000809	 3.098039	 1.058824	
  .000081	 3.098039	 .9019608	
  .0000811	 3.098039	 1.058824	
  .0000812	 3.098039	 .9803922	
  .0000813	 3.019608	 .9803922	
  .0000814	 2.941176	 .9019608	
  .0000815	 2.862745	 .9803922	
  .0000816	 2.862745	 .9019608	
  .0000817	 2.784314	 .9019608	
  .0000818	 2.705882	 .9803922	
  .0000819	 2.784314	 .9019608	
  .000082	 2.705882	 .9019608	
  .0000821	 2.705882	 .9019608	
  .0000822	 2.54902	 .9019608	
  .0000823	 2.705882	 .9019608	
  .0000824	 2.627451	 .8235294	
  .0000825	 2.627451	 .8235294	
  .0000826	 2.54902	 .7450981	
  .0000827	 2.627451	 .9019608	
  .0000828	 2.627451	 .9019608	
  .0000829	 2.54902	 .9019608	
  .000083	 2.627451	 .9803922	
  .0000831	 2.470588	 .8235294	
  .0000832	 2.54902	 .8235294	
  .0000833	 2.54902	 .9019608	
  .0000834	 2.470588	 .8235294	
  .0000835	 2.470588	 .8235294	
  .0000836	 2.470588	 .7450981	
  .0000837	 2.470588	 .8235294	
  .0000838	 2.470588	 .8235294	
  .0000839	 2.470588	 .8235294	
  .000084	 2.392157	 .7450981	
  .0000841	 2.313725	 .7450981	
  .0000842	 2.392157	 .7450981	
  .0000843	 2.392157	 .8235294	
  .0000844	 2.392157	 .6666667	
  .0000845	 2.313725	 .7450981	
  .0000846	 2.313725	 .9019608	
  .0000847	 2.313725	 .7450981	
  .0000848	 2.235294	 .6666667	
  .0000849	 2.235294	 .6666667	
  .000085	 2.156863	 .5882353	
  .0000851	 2.235294	 .7450981	
  .0000852	 2.235294	 .5882353	
  .0000853	 2.235294	 .7450981	
  .0000854	 2.235294	 .8235294	
  .0000855	 2.156863	 .6666667	
  .0000856	 2.235294	 .5882353	
  .0000857	 2.156863	 .6666667	
  .0000858	 2.078431	 .7450981	
  .0000859	 2.078431	 .6666667	
  .000086	 2.078431	 .6666667	
  .0000861	 2.078431	 .6666667	
  .0000862	 2	 .6666667	
  .0000863	 2.156863	 .6666667	
  .0000864	 2	 .5882353	
  .0000865	 2	 .5882353	
  .0000866	 2.078431	 .5882353	
  .0000867	 1.921569	 .6666667	
  .0000868	 1.921569	 .6666667	
  .0000869	 1.921569	 .6666667	
  .000087	 1.843137	 .509804	
  .0000871	 1.764706	 .5882353	
  .0000872	 1.764706	 .5882353	
  .0000873	 1.764706	 .509804	
  .0000874	 1.607843	 .6666667	
  .0000875	 1.294118	 .6666667	
  .0000876	 1.137255	 .4313726	
  .0000877	 .9803922	 .5882353	
  .0000878	 .7450981	 .509804	
  .0000879	 .6666667	 .5882353	
  .000088	 .5882353	 .509804	
  .0000881	 .509804	 .509804	
  .0000882	 .3529412	 .5882353	
  .0000883	 .3529412	 .4313726	
  .0000884	 .3529412	 .5882353	
  .0000885	 .3529412	 .509804	
  .0000886	 .3529412	 .509804	
  .0000887	 .3529412	 .509804	
  .0000888	 .2745098	 .509804	
  .0000889	 .2745098	 .4313726	
  .000089	 .2745098	 .509804	
  .0000891	 .509804	 .509804	
  .0000892	 .2745098	 .509804	
  .0000893	 .3529412	 .509804	
  .0000894	 .4313726	 .4313726	
  .0000895	 .4313726	 .3529412	
  .0000896	 .3529412	 .4313726	
  .0000897	 .3529412	 .4313726	
  .0000898	 .3529412	 .3529412	
  .0000899	 .2745098	 .3529412	
  .00009	 .2745098	 .4313726	
  .0000901	 .2745098	 .4313726	
  .0000902	 .2745098	 .4313726	
  .0000903	 .2745098	 .4313726	
  .0000904	 .1960784	 .3529412	
  .0000905	 .2745098	 .3529412	
  .0000906	 .3529412	 .2745098	
  .0000907	 .3529412	 .3529412	
  .0000908	 .2745098	 .3529412	
  .0000909	 .2745098	 .2745098	
  .000091	 .2745098	 .509804	
  .0000911	 .2745098	 .2745098	
  .0000912	 .2745098	 .3529412	
  .0000913	 .3529412	 .2745098	
  .0000914	 .3529412	 .3529412	
  .0000915	 .2745098	 .3529412	
  .0000916	 .3529412	 .1960784	
  .0000917	 .1960784	 .2745098	
  .0000918	 .2745098	 .2745098	
  .0000919	 .2745098	 .2745098	
  .000092	 .2745098	 .1960784	
  .0000921	 .2745098	 .2745098	
  .0000922	 .2745098	 .3529412	
  .0000923	 .1960784	 .1960784	
  .0000924	 .2745098	 .2745098	
  .0000925	 .2745098	 .1960784	
  .0000926	 .2745098	 .3529412	
  .0000927	 .2745098	 .1176471	
  .0000928	 .2745098	 .3529412	
  .0000929	 .1960784	 .1960784	
  .000093	 .2745098	 .1960784	
  .0000931	 .2745098	 .1960784	
  .0000932	 .1960784	 .2745098	
  .0000933	 .1960784	 .1960784	
  .0000934	 .2745098	 .1176471	
  .0000935	 .1960784	 .1960784	
  .0000936	 .1960784	 .1176471	
  .0000937	 .1960784	 .1960784	
  .0000938	 .2745098	 .1176471	
  .0000939	 .2745098	 .1176471	
  .000094	 .2745098	 .1176471	
  .0000941	 .1960784	 .1960784	
  .0000942	 .2745098	 .1176471	
  .0000943	 .1960784	 3.921569E-02	
  .0000944	 .1960784	 .1176471	
  .0000945	 .1960784	 .1960784	
  .0000946	 .2745098	 3.921569E-02	
  .0000947	 .1960784	 .1960784	
  .0000948	 .2745098	 3.921569E-02	
  .0000949	 .1960784	 3.921569E-02	
  .000095	 .2745098	 .1176471	
  .0000951	 .1960784	 3.921569E-02	
  .0000952	 .2745098	 .1960784	
  .0000953	 .2745098	 .1176471	
  .0000954	 .1960784	 3.921569E-02	
  .0000955	 .1960784	-3.921569E-02	
  .0000956	 .1960784	 3.921569E-02	
  .0000957	 .1960784	 .1176471	
  .0000958	 .1960784	-3.921569E-02	
  .0000959	 .2745098	 .1176471	
  .000096	 .2745098	 3.921569E-02	
  .0000961	 .1960784	 3.921569E-02	
  .0000962	 .2745098	-3.921569E-02	
  .0000963	 .1960784	-3.921569E-02	
  .0000964	 .2745098	-.1176471	
  .0000965	 .3529412	-.1176471	
  .0000966	 .1960784	 3.921569E-02	
  .0000967	 .1960784	-3.921569E-02	
  .0000968	 .1960784	-.1176471	
  .0000969	 .1960784	-3.921569E-02	
  .000097	 .2745098	-.1176471	
  .0000971	 .1960784	-.1176471	
  .0000972	 .2745098	-3.921569E-02	
  .0000973	 .2745098	-3.921569E-02	
  .0000974	 .1960784	-3.921569E-02	
  .0000975	 .1960784	-.1176471	
  .0000976	 .2745098	-.1176471	
  .0000977	 .1176471	-.1176471	
  .0000978	 .2745098	-.1176471	
  .0000979	 .2745098	-.1176471	
  .000098	 .1960784	-.1176471	
  .0000981	 .1960784	-.1176471	
  .0000982	 .1176471	-.1960784	
  .0000983	 .1960784	-.1176471	
  .0000984	 .2745098	-.1176471	
  .0000985	 .1960784	-.1176471	
  .0000986	 .1960784	-.1960784	
  .0000987	 .1960784	-.2745098	
  .0000988	 .2745098	-.2745098	
  .0000989	 .1960784	-.1960784	
  .000099	 .2745098	-.1960784	
  .0000991	 .2745098	-.1960784	
  .0000992	 .1960784	-.1960784	
  .0000993	 .2745098	-.1960784	
  .0000994	 .2745098	-.1960784	
  .0000995	 .1960784	-.2745098	
  .0000996	 .1176471	-.1960784	
  .0000997	 .1960784	-.2745098	
  .0000998	 .1960784	-.2745098	
  .0000999	 .1960784	-.2745098	
  .0001	 .1960784	-.2745098	
  .0001001	 .1176471	-.2745098	
  .0001002	 .1960784	-.2745098	
  .0001003	 .1960784	-.2745098	
  .0001004	 .2745098	-.2745098	
  .0001005	 .1960784	-.2745098	
  .0001006	 .2745098	-.2745098	
  .0001007	 .1960784	-.3529412	
  .0001008	 .2745098	-.3529412	
  .0001009	 .1960784	-.1960784	
  .000101	 .2745098	-.3529412	
  .0001011	 .1960784	-.2745098	
  .0001012	 .3529412	-.3529412	
  .0001013	 .2745098	-.3529412	
  .0001014	 .1960784	-.2745098	
  .0001015	 .3529412	-.4313726	
  .0001016	 .1960784	-.4313726	
  .0001017	 .1176471	-.3529412	
  .0001018	 .1960784	-.3529412	
  .0001019	 .1960784	-.4313726	
  .000102	 .1960784	-.3529412	
  .0001021	 .1960784	-.3529412	
  .0001022	 .1960784	-.509804	
  .0001023	 .2745098	-.4313726	
  .0001024	 .1960784	-.509804	
  .0001025	 .1960784	-.2745098	
  .0001026	 .1960784	-.4313726	
  .0001027	 .1960784	-.4313726	
  .0001028	 .1176471	-.4313726	
  .0001029	 .1960784	-.4313726	
  .000103	 .1960784	-.4313726	
  .0001031	 .1960784	-.3529412	
  .0001032	 .1960784	-.4313726	
  .0001033	 .2745098	-.509804	
  .0001034	 .1960784	-.509804	
  .0001035	 .1176471	-.509804	
  .0001036	 .1960784	-.509804	
  .0001037	 .1960784	-.509804	
  .0001038	 .1960784	-.509804	
  .0001039	 .2745098	-.509804	
  .000104	 .1960784	-.509804	
  .0001041	 .1960784	-.5882353	
  .0001042	 .3529412	-.509804	
  .0001043	 .1176471	-.509804	
  .0001044	 .1960784	-.509804	
  .0001045	 .2745098	-.5882353	
  .0001046	 .1960784	-.509804	
  .0001047	 .1960784	-.6666667	
  .0001048	 .1960784	-.5882353	
  .0001049	 .1960784	-.509804	
  .000105	 .1960784	-.5882353	
  .0001051	 .2745098	-.509804	
  .0001052	 .2745098	-.509804	
  .0001053	 .1176471	-.4313726	
  .0001054	 .1960784	-.509804	
  .0001055	 .1960784	-.6666667	
  .0001056	 .1960784	-.5882353	
  .0001057	 .1176471	-.6666667	
  .0001058	 .1176471	-.509804	
  .0001059	 .2745098	-.5882353	
  .000106	 .1176471	-.5882353	
  .0001061	 .2745098	-.5882353	
  .0001062	 .2745098	-.6666667	
  .0001063	 .1960784	-.6666667	
  .0001064	 .1960784	-.7450981	
  .0001065	 .1176471	-.5882353	
  .0001066	 .1176471	-.6666667	
  .0001067	 .1960784	-.5882353	
  .0001068	 .1176471	-.6666667	
  .0001069	 .1960784	-.6666667	
  .000107	 .1960784	-.7450981	
  .0001071	 .1960784	-.6666667	
  .0001072	 .2745098	-.6666667	
  .0001073	 .1960784	-.6666667	
  .0001074	 .1960784	-.7450981	
  .0001075	 .1960784	-.6666667	
  .0001076	 .1176471	-.7450981	
  .0001077	 .2745098	-.6666667	
  .0001078	 .1960784	-.7450981	
  .0001079	 .1960784	-.7450981	
  .000108	 .1176471	-.7450981	
  .0001081	 .1960784	-.8235294	
  .0001082	 .1176471	-.7450981	
  .0001083	 .1960784	-.7450981	
  .0001084	 .1176471	-.7450981	
  .0001085	 .1960784	-.8235294	
  .0001086	 .1960784	-.8235294	
  .0001087	 .2745098	-.7450981	
  .0001088	 .1960784	-.8235294	
  .0001089	 .3529412	-.8235294	
  .000109	 .1176471	-.8235294	
  .0001091	 .1960784	-.7450981	
  .0001092	 .2745098	-.8235294	
  .0001093	 .1960784	-.7450981	
  .0001094	 .1960784	-.8235294	
  .0001095	 .1960784	-.9019608	
  .0001096	 .1176471	-.8235294	
  .0001097	 .1176471	-.8235294	
  .0001098	 .1960784	-.7450981	
  .0001099	 .1960784	-.9019608	
  .00011	 .1960784	-.8235294	
  .0001101	 .1960784	-.9019608	
  .0001102	 3.921569E-02	-.9019608	
  .0001103	 .2745098	-.9019608	
  .0001104	 .1960784	-.9803922	
  .0001105	 .1176471	-.9019608	
  .0001106	 .1960784	-.9803922	
  .0001107	 .2745098	-.9803922	
  .0001108	 .2745098	-.9019608	
  .0001109	 .2745098	-.9019608	
  .000111	 .1960784	-.8235294	
  .0001111	 .2745098	-.9019608	
  .0001112	 .1960784	-.9019608	
  .0001113	 .1960784	-.9803922	
  .0001114	 .2745098	-.9803922	
  .0001115	 .1960784	-.9019608	
  .0001116	 .1960784	-.9803922	
  .0001117	 .1960784	-.9803922	
  .0001118	 .1960784	-.9803922	
  .0001119	 .1176471	-.9019608	
  .000112	 .1960784	-1.058824	
  .0001121	 .2745098	-1.058824	
  .0001122	 .1960784	-.9803922	
  .0001123	 .1176471	-1.058824	
  .0001124	 .1960784	-.9019608	
  .0001125	 .2745098	-1.058824	
  .0001126	 .1960784	-.9803922	
  .0001127	 .1960784	-1.058824	
  .0001128	 .1960784	-1.058824	
  .0001129	 .1960784	-1.058824	
  .000113	 .1176471	-.9803922	
  .0001131	 .1960784	-.9803922	
  .0001132	 .2745098	-1.137255	
  .0001133	 .1960784	-1.058824	
  .0001134	 .1960784	-1.058824	
  .0001135	 .1176471	-1.058824	
  .0001136	 .1960784	-1.058824	
  .0001137	 .1960784	-1.058824	
  .0001138	 .1960784	-1.058824	
  .0001139	 .1176471	-1.137255	
  .000114	 .1960784	-1.058824	
  .0001141	 .1960784	-1.137255	
  .0001142	 .1176471	-1.137255	
  .0001143	 .1176471	-1.058824	
  .0001144	 .1176471	-1.137255	
  .0001145	 .1176471	-1.137255	
  .0001146	 .1960784	-1.215686	
  .0001147	 .1176471	-1.137255	
  .0001148	 .1960784	-1.058824	
  .0001149	 .1176471	-1.215686	
  .000115	 .1176471	-1.058824	
  .0001151	 .1960784	-1.137255	
  .0001152	 .1176471	-1.215686	
  .0001153	 .1960784	-1.215686	
  .0001154	 .1176471	-1.137255	
  .0001155	 .1176471	-1.058824	
  .0001156	 .1960784	-1.058824	
  .0001157	 .1960784	-1.215686	
  .0001158	 .1960784	-1.215686	
  .0001159	 .1960784	-1.137255	
  .000116	 .2745098	-1.215686	
  .0001161	 .1960784	-1.215686	
  .0001162	 .1960784	-1.215686	
  .0001163	 .1960784	-1.215686	
  .0001164	 .1960784	-1.215686	
  .0001165	 .1176471	-1.137255	
  .0001166	 .1960784	-1.215686	
  .0001167	 .1176471	-1.294118	
  .0001168	 3.921569E-02	-1.294118	
  .0001169	 .1176471	-1.215686	
  .000117	 .1960784	-1.294118	
  .0001171	 .1176471	-1.215686	
  .0001172	 .1176471	-1.294118	
  .0001173	 .1960784	-1.215686	
  .0001174	 .1960784	-1.294118	
  .0001175	 .1176471	-1.372549	
  .0001176	 .1960784	-1.294118	
  .0001177	 .1176471	-1.294118	
  .0001178	 .1176471	-1.294118	
  .0001179	 .1176471	-1.372549	
  .000118	 .1960784	-1.372549	
  .0001181	 .1176471	-1.372549	
  .0001182	 3.921569E-02	-1.372549	
  .0001183	 3.921569E-02	-1.372549	
  .0001184	 .1176471	-1.294118	
  .0001185	 .1176471	-1.372549	
  .0001186	 .1960784	-1.294118	
  .0001187	 .1176471	-1.372549	
  .0001188	 .1960784	-1.372549	
  .0001189	 .1176471	-1.294118	
  .000119	 .1960784	-1.294118	
  .0001191	 .2745098	-1.372549	
  .0001192	 .1960784	-1.372549	
  .0001193	 .1176471	-1.372549	
  .0001194	 .1176471	-1.372549	
  .0001195	 3.921569E-02	-1.45098	
  .0001196	 .1176471	-1.45098	
  .0001197	 .1176471	-1.372549	
  .0001198	 .1960784	-1.45098	
  .0001199	 .1176471	-1.372549	
  .00012	 .1176471	-1.529412	
  .0001201	 .1176471	-1.529412	
  .0001202	 .1960784	-1.45098	
  .0001203	 .1960784	-1.45098	
  .0001204	 .1176471	-1.45098	
  .0001205	 .1960784	-1.45098	
  .0001206	 .1960784	-1.529412	
  .0001207	 .1960784	-1.372549	
  .0001208	 .1176471	-1.45098	
  .0001209	 .1960784	-1.45098	
  .000121	 .1960784	-1.529412	
  .0001211	 .1960784	-1.45098	
  .0001212	 .1960784	-1.529412	
  .0001213	 .2745098	-1.529412	
  .0001214	 .1176471	-1.529412	
  .0001215	 .1176471	-1.529412	
  .0001216	 .1176471	-1.45098	
  .0001217	 .1176471	-1.686275	
  .0001218	 .1960784	-1.45098	
  .0001219	 .1960784	-1.529412	
  .000122	 .1176471	-1.45098	
  .0001221	 .1176471	-1.529412	
  .0001222	 .1176471	-1.607843	
  .0001223	 .1960784	-1.45098	
  .0001224	 .1960784	-1.607843	
  .0001225	 .1176471	-1.45098	
  .0001226	 .1176471	-1.607843	
  .0001227	 .1176471	-1.607843	
  .0001228	 .1176471	-1.529412	
  .0001229	 .1176471	-1.607843	
  .000123	 .1176471	-1.529412	
  .0001231	 .1960784	-1.607843	
  .0001232	 .1960784	-1.607843	
  .0001233	 .1176471	-1.607843	
  .0001234	 .1176471	-1.529412	
  .0001235	 .1176471	-1.607843	
  .0001236	 .1960784	-1.607843	
  .0001237	 .1960784	-1.529412	
  .0001238	 .1176471	-1.686275	
  .0001239	 .1960784	-1.686275	
  .000124	 .1960784	-1.607843	
  .0001241	 .1176471	-1.686275	
  .0001242	 .1960784	-1.607843	
  .0001243	 .1176471	-1.686275	
  .0001244	 .1176471	-1.686275	
  .0001245	 .1176471	-1.686275	
  .0001246	 .1176471	-1.686275	
  .0001247	 .1176471	-1.686275	
  .0001248	 .1176471	-1.686275	
  .0001249	 .1960784	-1.686275	
  .000125	 .1960784	-1.686275	
  .0001251	 3.921569E-02	-1.686275	
  .0001252	 .1176471	-1.686275	
  .0001253	 .1176471	-1.764706	
  .0001254	 .1960784	-1.686275	
  .0001255	 .1176471	-1.686275	
  .0001256	 .1176471	-1.686275	
  .0001257	 .1176471	-1.764706	
  .0001258	 3.921569E-02	-1.686275	
  .0001259	 .1960784	-1.764706	
  .000126	 3.921569E-02	-1.764706	
  .0001261	 .1176471	-1.764706	
  .0001262	 .1176471	-1.764706	
  .0001263	 .1960784	-1.686275	
  .0001264	 .1176471	-1.764706	
  .0001265	 3.921569E-02	-1.764706	
  .0001266	 .1176471	-1.843137	
  .0001267	 .1176471	-1.843137	
  .0001268	 .1176471	-1.764706	
  .0001269	 3.921569E-02	-1.764706	
  .000127	 .1960784	-1.764706	
  .0001271	 .1176471	-1.843137	
  .0001272	 .2745098	-1.764706	
  .0001273	 .1960784	-1.764706	
  .0001274	 3.921569E-02	-1.843137	
  .0001275	 .1960784	-1.843137	
  .0001276	 .1960784	-1.843137	
  .0001277	 3.921569E-02	-1.843137	
  .0001278	 .1176471	-1.843137	
  .0001279	 3.921569E-02	-1.843137	
  .000128	 3.921569E-02	-1.843137	
  .0001281	 .1176471	-1.843137	
  .0001282	 .1176471	-1.764706	
  .0001283	 .1176471	-1.843137	
  .0001284	 .1176471	-1.843137	
  .0001285	 .1176471	-1.921569	
  .0001286	 .1960784	-1.764706	
  .0001287	 .1960784	-1.764706	
  .0001288	 .1176471	-1.843137	
  .0001289	 3.921569E-02	-1.764706	
  .000129	 3.921569E-02	-1.843137	
  .0001291	 .1960784	-1.843137	
  .0001292	 .1176471	-1.921569	
  .0001293	 .1960784	-1.921569	
  .0001294	 .1176471	-1.921569	
  .0001295	 .1176471	-1.921569	
  .0001296	 3.921569E-02	-1.843137	
  .0001297	 .1176471	-2	
  .0001298	 3.921569E-02	-1.843137	
  .0001299	 .1176471	-2	
  .00013	 .1176471	-1.921569	
  .0001301	 .1176471	-2	
  .0001302	 .1176471	-1.843137	
  .0001303	 .1960784	-1.843137	
  .0001304	 .1960784	-1.921569	
  .0001305	 .1960784	-1.921569	
  .0001306	 3.921569E-02	-1.921569	
  .0001307	 .1960784	-2	
  .0001308	 .1176471	-1.921569	
  .0001309	 .1176471	-2	
  .000131	 .1960784	-1.921569	
  .0001311	 .1176471	-2	
  .0001312	 .1960784	-2	
  .0001313	 .1176471	-2	
  .0001314	 .1960784	-1.921569	
  .0001315	 .1176471	-1.843137	
  .0001316	 .1176471	-2	
  .0001317	 .1176471	-1.921569	
  .0001318	 3.921569E-02	-1.921569	
  .0001319	 .1960784	-1.921569	
  .000132	 3.921569E-02	-1.921569	
  .0001321	 .1176471	-1.921569	
  .0001322	 .1960784	-1.921569	
  .0001323	 .1176471	-2	
  .0001324	 .1176471	-2	
  .0001325	 3.921569E-02	-2.078431	
  .0001326	 .1176471	-2	
  .0001327	 .1176471	-2	
  .0001328	 .1176471	-2	
  .0001329	 .1176471	-2	
  .000133	 .1176471	-2	
  .0001331	 .1176471	-2.078431	
  .0001332	 .1176471	-2	
  .0001333	 .1176471	-2	
  .0001334	 .1176471	-2.078431	
  .0001335	 .1176471	-2	
  .0001336	 .1176471	-2	
  .0001337	 .1176471	-2	
  .0001338	 .1176471	-2	
  .0001339	 .1176471	-2.078431	
  .000134	 3.921569E-02	-2.078431	
  .0001341	 .1176471	-2.078431	
  .0001342	 .1176471	-2	
  .0001343	 3.921569E-02	-2.078431	
  .0001344	 .1176471	-2.078431	
  .0001345	 3.921569E-02	-2.078431	
  .0001346	 .1176471	-2.078431	
  .0001347	 .1176471	-2.078431	
  .0001348	 .1176471	-2	
  .0001349	 .1176471	-2	
  .000135	 .1176471	-2	
  .0001351	 .1960784	-2.078431	
  .0001352	 3.921569E-02	-2.078431	
  .0001353	 .1176471	-2.078431	
  .0001354	 .1176471	-2.078431	
  .0001355	 .1176471	-2.078431	
  .0001356	 .1176471	-2.156863	
  .0001357	 3.921569E-02	-2.078431	
  .0001358	 .1960784	-2.156863	
  .0001359	 .1960784	-2.156863	
  .000136	 .1176471	-2.156863	
  .0001361	 .1176471	-2.156863	
  .0001362	 .1176471	-2.078431	
  .0001363	 .1176471	-2.078431	
  .0001364	 .1176471	-2.156863	
  .0001365	 .1176471	-2.156863	
  .0001366	 .1176471	-2.235294	
  .0001367	 .1176471	-2.235294	
  .0001368	 .1176471	-2.156863	
  .0001369	 .1960784	-2.078431	
  .000137	 3.921569E-02	-2.078431	
  .0001371	 3.921569E-02	-2.235294	
  .0001372	 .1960784	-2.078431	
  .0001373	 .1176471	-2.156863	
  .0001374	 .1176471	-2.156863	
  .0001375	 .1176471	-2.156863	
  .0001376	 .1176471	-2.235294	
  .0001377	 .1176471	-2.156863	
  .0001378	 .1176471	-2.235294	
  .0001379	 .1960784	-2.156863	
  .000138	 .1176471	-2.235294	
  .0001381	 .1176471	-2.156863	
  .0001382	 .1176471	-2.156863	
  .0001383	 .1960784	-2.156863	
  .0001384	 .1176471	-2.156863	
  .0001385	 .1176471	-2.156863	
  .0001386	 .1960784	-2.235294	
  .0001387	 3.921569E-02	-2.235294	
  .0001388	 3.921569E-02	-2.156863	
  .0001389	 .1960784	-2.235294	
  .000139	 .1960784	-2.156863	
  .0001391	 .1176471	-2.235294	
  .0001392	 3.921569E-02	-2.235294	
  .0001393	 3.921569E-02	-2.235294	
  .0001394	 .1176471	-2.235294	
  .0001395	 .1176471	-2.235294	
  .0001396	 .1176471	-2.235294	
  .0001397	 3.921569E-02	-2.156863	
  .0001398	 .1176471	-2.313725	
  .0001399	 .1176471	-2.235294	
  .00014	 .1176471	-2.235294	
  .0001401	-3.921569E-02	-2.235294	
  .0001402	 .1176471	-2.235294	
  .0001403	 .1176471	-2.313725	
  .0001404	 .1176471	-2.313725	
  .0001405	 .1960784	-2.235294	
  .0001406	 .1176471	-2.235294	
  .0001407	 .1176471	-2.235294	
  .0001408	 .1960784	-2.235294	
  .0001409	 .1960784	-2.235294	
  .000141	 .1960784	-2.156863	
  .0001411	 .1176471	-2.392157	
  .0001412	 .1176471	-2.313725	
  .0001413	 .1960784	-2.235294	
  .0001414	 3.921569E-02	-2.156863	
  .0001415	 3.921569E-02	-2.235294	
  .0001416	 .1960784	-2.156863	
  .0001417	 .1176471	-2.313725	
  .0001418	 .1960784	-2.235294	
  .0001419	 3.921569E-02	-2.313725	
  .000142	 .1176471	-2.235294	
  .0001421	 .1176471	-2.235294	
  .0001422	 .1176471	-2.313725	
  .0001423	 3.921569E-02	-2.235294	
  .0001424	 3.921569E-02	-2.313725	
  .0001425	 .1176471	-2.313725	
  .0001426	 .1176471	-2.313725	
  .0001427	 3.921569E-02	-2.235294	
  .0001428	 3.921569E-02	-2.235294	
  .0001429	 .1176471	-2.313725	
  .000143	 .1176471	-2.392157	
  .0001431	 .1176471	-2.392157	
  .0001432	 .1176471	-2.313725	
  .0001433	 .1176471	-2.313725	
  .0001434	 3.921569E-02	-2.235294	
  .0001435	 .1176471	-2.313725	
  .0001436	 .1176471	-2.313725	
  .0001437	 .1176471	-2.313725	
  .0001438	 .1176471	-2.313725	
  .0001439	 .1176471	-2.313725	
  .000144	 .1176471	-2.235294	
  .0001441	 .1176471	-2.313725	
  .0001442	 .1960784	-2.392157	
  .0001443	 .1176471	-2.313725	
  .0001444	 .1176471	-2.392157	
  .0001445	 .1176471	-2.313725	
  .0001446	 .1960784	-2.392157	
  .0001447	 .1176471	-2.313725	
  .0001448	 .1176471	-2.235294	
  .0001449	 3.921569E-02	-2.313725	
  .000145	 3.921569E-02	-2.392157	
  .0001451	 .1176471	-2.313725	
  .0001452	 .1960784	-2.313725	
  .0001453	 3.921569E-02	-2.235294	
  .0001454	 .1176471	-2.313725	
  .0001455	 .1176471	-2.392157	
  .0001456	 3.921569E-02	-2.313725	
  .0001457	 .1960784	-2.392157	
  .0001458	 .1960784	-2.392157	
  .0001459	 3.921569E-02	-2.392157	
  .000146	 .1176471	-2.392157	
  .0001461	 .1176471	-2.313725	
  .0001462	 .1176471	-2.392157	
  .0001463	 .1176471	-2.392157	
  .0001464	 3.921569E-02	-2.392157	
  .0001465	 3.921569E-02	-2.392157	
  .0001466	 .1176471	-2.392157	
  .0001467	 .1176471	-2.392157	
  .0001468	 .1960784	-2.392157	
  .0001469	 .1176471	-2.392157	
  .000147	 .1176471	-2.392157	
  .0001471	 .1960784	-2.313725	
  .0001472	 .1176471	-2.392157	
  .0001473	 .1176471	-2.392157	
  .0001474	 .1176471	-2.392157	
  .0001475	 .1176471	-2.392157	
  .0001476	 .1176471	-2.392157	
  .0001477	 .1176471	-2.392157	
  .0001478	 3.921569E-02	-2.392157	
  .0001479	 .1176471	-2.470588	
  .000148	 .1176471	-2.392157	
  .0001481	 .1960784	-2.392157	
  .0001482	 .1176471	-2.392157	
  .0001483	 .1176471	-2.470588	
  .0001484	 .1176471	-2.392157	
  .0001485	 .1960784	-2.392157	
  .0001486	 .1176471	-2.470588	
  .0001487	 3.921569E-02	-2.392157	
  .0001488	 .1960784	-2.54902	
  .0001489	 .1960784	-2.313725	
  .000149	 .1176471	-2.470588	
  .0001491	 3.921569E-02	-2.54902	
  .0001492	 .1176471	-2.392157	
  .0001493	 3.921569E-02	-2.470588	
  .0001494	 3.921569E-02	-2.392157	
  .0001495	 .1176471	-2.470588	
  .0001496	 3.921569E-02	-2.392157	
  .0001497	 .1176471	-2.470588	
  .0001498	 3.921569E-02	-2.470588	
  .0001499	 .1176471	-2.470588	
  .00015	 .1176471	-2.470588	
  .0001501	 .1960784	-2.392157	
  .0001502	 3.921569E-02	-2.54902	
  .0001503	 .1176471	-2.470588	
  .0001504	 .1176471	-2.392157	
  .0001505	 .1176471	-2.470588	
  .0001506	 .1176471	-2.470588	
  .0001507	 .1176471	-2.392157	
  .0001508	 .1960784	-2.392157	
  .0001509	 .1960784	-2.392157	
  .000151	 .1176471	-2.54902	
  .0001511	 .1176471	-2.470588	
  .0001512	 3.921569E-02	-2.470588	
  .0001513	 3.921569E-02	-2.470588	
  .0001514	 3.921569E-02	-2.54902	
  .0001515	 3.921569E-02	-2.392157	
  .0001516	 .1176471	-2.392157	
  .0001517	 3.921569E-02	-2.470588	
  .0001518	 .1176471	-2.470588	
  .0001519	 3.921569E-02	-2.54902	
  .000152	 .1176471	-2.470588	
  .0001521	 .1176471	-2.54902	
  .0001522	 .1176471	-2.392157	
  .0001523	 .1176471	-2.392157	
  .0001524	 3.921569E-02	-2.54902	
  .0001525	 .1960784	-2.54902	
  .0001526	 3.921569E-02	-2.470588	
  .0001527	 3.921569E-02	-2.392157	
  .0001528	 .1176471	-2.470588	
  .0001529	 3.921569E-02	-2.470588	
  .000153	 3.921569E-02	-2.470588	
  .0001531	 .1176471	-2.470588	
  .0001532	 .1176471	-2.470588	
  .0001533	 .1176471	-2.470588	
  .0001534	 .1176471	-2.470588	
  .0001535	 .1176471	-2.54902	
  .0001536	 .1176471	-2.470588	
  .0001537	 .1960784	-2.54902	
  .0001538	 3.921569E-02	-2.54902	
  .0001539	 3.921569E-02	-2.470588	
  .000154	 3.921569E-02	-2.470588	
  .0001541	 .1176471	-2.54902	
  .0001542	 .1176471	-2.470588	
  .0001543	 3.921569E-02	-2.54902	
  .0001544	 .1176471	-2.470588	
  .0001545	 .1176471	-2.54902	
  .0001546	 .1176471	-2.392157	
  .0001547	 .1176471	-2.54902	
  .0001548	 3.921569E-02	-2.470588	
  .0001549	 .1176471	-2.54902	
  .000155	 .1176471	-2.54902	
  .0001551	 .1176471	-2.54902	
  .0001552	 .1176471	-2.54902	
  .0001553	 3.921569E-02	-2.392157	
  .0001554	 .1176471	-2.470588	
  .0001555	 3.921569E-02	-2.470588	
  .0001556	 .1176471	-2.54902	
  .0001557	 .1176471	-2.627451	
  .0001558	 3.921569E-02	-2.470588	
  .0001559	 3.921569E-02	-2.54902	
  .000156	 .1176471	-2.470588	
  .0001561	 3.921569E-02	-2.54902	
  .0001562	 3.921569E-02	-2.54902	
  .0001563	 3.921569E-02	-2.54902	
  .0001564	 3.921569E-02	-2.54902	
  .0001565	 .1176471	-2.54902	
  .0001566	 3.921569E-02	-2.54902	
  .0001567	 3.921569E-02	-2.470588	
  .0001568	 .1176471	-2.54902	
  .0001569	 3.921569E-02	-2.54902	
  .000157	 3.921569E-02	-2.54902	
  .0001571	 3.921569E-02	-2.54902	
  .0001572	 .1176471	-2.54902	
  .0001573	 .1176471	-2.54902	
  .0001574	 3.921569E-02	-2.54902	
  .0001575	 .1176471	-2.54902	
  .0001576	 3.921569E-02	-2.54902	
  .0001577	 .1176471	-2.627451	
  .0001578	 .1176471	-2.54902	
  .0001579	 .1176471	-2.470588	
  .000158	 .1960784	-2.54902	
  .0001581	 .1176471	-2.54902	
  .0001582	 .1176471	-2.54902	
  .0001583	 .1176471	-2.470588	
  .0001584	 .1960784	-2.54902	
  .0001585	-3.921569E-02	-2.470588	
  .0001586	 3.921569E-02	-2.54902	
  .0001587	 .1176471	-2.54902	
  .0001588	 .1960784	-2.470588	
  .0001589	 .1176471	-2.54902	
  .000159	 3.921569E-02	-2.54902	
  .0001591	 3.921569E-02	-2.54902	
  .0001592	 3.921569E-02	-2.54902	
  .0001593	 .1176471	-2.54902	
  .0001594	 .1176471	-2.470588	
  .0001595	 3.921569E-02	-2.470588	
  .0001596	 3.921569E-02	-2.54902	
  .0001597	 .1176471	-2.54902	
  .0001598	 .1960784	-2.392157	
  .0001599	 3.921569E-02	-2.156863	
  .00016	 .1176471	-2.392157	
  .0001601	 .1176471	-2.392157	
  .0001602	 .1176471	-2.392157	
  .0001603	 .1176471	-2.392157	
  .0001604	 .1176471	-2.392157	
  .0001605	-3.921569E-02	-2.392157	
  .0001606	 .1176471	-2.470588	
  .0001607	 .1176471	-2.313725	
  .0001608	 .1176471	-2.392157	
  .0001609	 .1176471	-2.470588	
  .000161	 3.921569E-02	-2.313725	
  .0001611	 3.921569E-02	-2.313725	
  .0001612	 3.921569E-02	-2.313725	
  .0001613	 3.921569E-02	-2.392157	
  .0001614	 .1176471	-2.313725	
  .0001615	 3.921569E-02	-2.313725	
  .0001616	 3.921569E-02	-2.392157	
  .0001617	 3.921569E-02	-2.313725	
  .0001618	-3.921569E-02	-2.313725	
  .0001619	 .1176471	-2.235294	
  .000162	 .1176471	-2.313725	
  .0001621	 3.921569E-02	-2.235294	
  .0001622	 .1176471	-2.313725	
  .0001623	 .1176471	-2.235294	
  .0001624	 .1176471	-2.313725	
  .0001625	 3.921569E-02	-2.313725	
  .0001626	 3.921569E-02	-2.313725	
  .0001627	 .1176471	-2.313725	
  .0001628	 3.921569E-02	-2.313725	
  .0001629	 3.921569E-02	-2.235294	
  .000163	 .1176471	-2.313725	
  .0001631	 3.921569E-02	-2.313725	
  .0001632	 3.921569E-02	-2.313725	
  .0001633	 3.921569E-02	-2.156863	
  .0001634	 3.921569E-02	-2.313725	
  .0001635	 .1176471	-2.235294	
  .0001636	 .1176471	-2.313725	
  .0001637	 .1176471	-2.313725	
  .0001638	 3.921569E-02	-2.156863	
  .0001639	 3.921569E-02	-2.235294	
  .000164	 .1176471	-2.235294	
  .0001641	 3.921569E-02	-2.156863	
  .0001642	 3.921569E-02	-2.313725	
  .0001643	 3.921569E-02	-2.156863	
  .0001644	 3.921569E-02	-2.235294	
  .0001645	 3.921569E-02	-2.235294	
  .0001646	 .1176471	-2.235294	
  .0001647	-3.921569E-02	-2.156863	
  .0001648	 .1176471	-2.235294	
  .0001649	 3.921569E-02	-2.156863	
  .000165	 .1176471	-2.156863	
  .0001651	 3.921569E-02	-2.235294	
  .0001652	 .1176471	-2.078431	
  .0001653	 .1176471	-2.156863	
  .0001654	 3.921569E-02	-2.078431	
  .0001655	 .1176471	-2.156863	
  .0001656	 .1176471	-2.235294	
  .0001657	 3.921569E-02	-2.156863	
  .0001658	 3.921569E-02	-2.156863	
  .0001659	 3.921569E-02	-2.156863	
  .000166	 .1176471	-2.235294	
  .0001661	 3.921569E-02	-2.156863	
  .0001662	 3.921569E-02	-2.235294	
  .0001663	 .1176471	-2.235294	
  .0001664	 .1176471	-2.078431	
  .0001665	 3.921569E-02	-2.156863	
  .0001666	 .1176471	-2.078431	
  .0001667	 .1176471	-2.235294	
  .0001668	 3.921569E-02	-2.156863	
  .0001669	 .1176471	-2.156863	
  .000167	 .1176471	-2.235294	
  .0001671	 .1176471	-2.156863	
  .0001672	 3.921569E-02	-2.156863	
  .0001673	 3.921569E-02	-2.078431	
  .0001674	 3.921569E-02	-2.235294	
  .0001675	 .1176471	-2.156863	
  .0001676	 3.921569E-02	-2.156863	
  .0001677	 .1176471	-2.235294	
  .0001678	 3.921569E-02	-2.078431	
  .0001679	 .1176471	-2.078431	
  .000168	 .1176471	-2.078431	
  .0001681	 .1176471	-2.156863	
  .0001682	 .1176471	-2.078431	
  .0001683	 .1960784	-2.156863	
  .0001684	 .1176471	-2.156863	
  .0001685	 3.921569E-02	-2.078431	
  .0001686	 .1176471	-2.078431	
  .0001687	 .1176471	-2.078431	
  .0001688	 3.921569E-02	-2.078431	
  .0001689	 3.921569E-02	-2.078431	
  .000169	 3.921569E-02	-2.156863	
  .0001691	 3.921569E-02	-2.235294	
  .0001692	 .1176471	-2.078431	
  .0001693	 3.921569E-02	-2.078431	
  .0001694	 3.921569E-02	-2.078431	
  .0001695	 3.921569E-02	-2.078431	
  .0001696	 3.921569E-02	-2.156863	
  .0001697	 .1176471	-2.156863	
  .0001698	 3.921569E-02	-2.078431	
  .0001699	 3.921569E-02	-2.078431	
  .00017	 3.921569E-02	-2.156863	
  .0001701	 .1176471	-2.078431	
  .0001702	-3.921569E-02	-2.078431	
  .0001703	 3.921569E-02	-2.156863	
  .0001704	 3.921569E-02	-2.156863	
  .0001705	 .1176471	-2.156863	
  .0001706	 .1176471	-2	
  .0001707	 .1960784	-2.078431	
  .0001708	 .1176471	-2.078431	
  .0001709	 3.921569E-02	-2.078431	
  .000171	 3.921569E-02	-2.156863	
  .0001711	 3.921569E-02	-2.078431	
  .0001712	 3.921569E-02	-2.156863	
  .0001713	 3.921569E-02	-2	
  .0001714	 .1176471	-2.078431	
  .0001715	 3.921569E-02	-2.078431	
  .0001716	 3.921569E-02	-2	
  .0001717	 3.921569E-02	-2.156863	
  .0001718	 .1176471	-2.078431	
  .0001719	 .1176471	-2.078431	
  .000172	 3.921569E-02	-2	
  .0001721	 .1176471	-2.078431	
  .0001722	 .1176471	-2.078431	
  .0001723	 3.921569E-02	-2.078431	
  .0001724	 3.921569E-02	-2.078431	
  .0001725	 .1176471	-2.078431	
  .0001726	 .1176471	-2.156863	
  .0001727	 3.921569E-02	-2.078431	
  .0001728	 3.921569E-02	-2.156863	
  .0001729	 .1176471	-2	
  .000173	 3.921569E-02	-2.078431	
  .0001731	 3.921569E-02	-2.078431	
  .0001732	 3.921569E-02	-2	
  .0001733	 3.921569E-02	-2.156863	
  .0001734	 .1176471	-2	
  .0001735	 .1176471	-2.156863	
  .0001736	 .1176471	-2.078431	
  .0001737	 .1176471	-2	
  .0001738	 3.921569E-02	-2.078431	
  .0001739	 .1176471	-2.078431	
  .000174	 3.921569E-02	-2.078431	
  .0001741	-3.921569E-02	-2.078431	
  .0001742	-3.921569E-02	-2	
  .0001743	 3.921569E-02	-2.078431	
  .0001744	 .1176471	-2.078431	
  .0001745	 3.921569E-02	-2	
  .0001746	 3.921569E-02	-1.921569	
  .0001747	 .1176471	-2.078431	
  .0001748	 3.921569E-02	-2	
  .0001749	 3.921569E-02	-2	
  .000175	 3.921569E-02	-2	
  .0001751	-3.921569E-02	-2	
  .0001752	-3.921569E-02	-2.078431	
  .0001753	 3.921569E-02	-2	
  .0001754	 .1176471	-1.921569	
  .0001755	 .1176471	-2	
  .0001756	-3.921569E-02	-2	
  .0001757	 .1176471	-2.078431	
  .0001758	 3.921569E-02	-2	
  .0001759	 .1960784	-2	
  .000176	 3.921569E-02	-2	
  .0001761	 3.921569E-02	-2.078431	
  .0001762	 .1176471	-2.078431	
  .0001763	 3.921569E-02	-2	
  .0001764	 .1176471	-2	
  .0001765	 3.921569E-02	-1.921569	
  .0001766	 3.921569E-02	-2.078431	
  .0001767	 .1176471	-2	
  .0001768	 3.921569E-02	-2	
  .0001769	 .1176471	-2	
  .000177	 .1176471	-2	
  .0001771	 3.921569E-02	-2.078431	
  .0001772	 3.921569E-02	-2	
  .0001773	 3.921569E-02	-2	
  .0001774	 3.921569E-02	-2	
  .0001775	 3.921569E-02	-2	
  .0001776	 .1176471	-2	
  .0001777	 3.921569E-02	-2	
  .0001778	 .1176471	-1.921569	
  .0001779	 3.921569E-02	-1.921569	
  .000178	 3.921569E-02	-2	
  .0001781	 .1176471	-2	
  .0001782	 .1960784	-2	
  .0001783	-3.921569E-02	-2	
  .0001784	-3.921569E-02	-2	
  .0001785	 .1176471	-2	
  .0001786	 .1176471	-1.921569	
  .0001787	 3.921569E-02	-2	
  .0001788	 .1176471	-2	
  .0001789	 3.921569E-02	-2	
  .000179	 3.921569E-02	-2	
  .0001791	 3.921569E-02	-1.921569	
  .0001792	 3.921569E-02	-1.921569	
  .0001793	 .1176471	-1.921569	
  .0001794	 .1176471	-2	
  .0001795	 .1176471	-2.078431	
  .0001796	 3.921569E-02	-2	
  .0001797	 3.921569E-02	-2	
  .0001798	 .1176471	-1.921569	
  .0001799	 .1176471	-2	
  .00018	 .1176471	-2	
  .0001801	 3.921569E-02	-1.921569	
  .0001802	 3.921569E-02	-2	
  .0001803	 3.921569E-02	-1.921569	
  .0001804	 .1176471	-2	
  .0001805	 .1176471	-1.921569	
  .0001806	 .1176471	-2.078431	
  .0001807	 3.921569E-02	-2	
  .0001808	 3.921569E-02	-2	
  .0001809	 3.921569E-02	-1.921569	
  .000181	 3.921569E-02	-1.921569	
  .0001811	 3.921569E-02	-1.921569	
  .0001812	 3.921569E-02	-1.921569	
  .0001813	 .1176471	-2	
  .0001814	 .1176471	-1.921569	
  .0001815	 3.921569E-02	-2	
  .0001816	 3.921569E-02	-1.921569	
  .0001817	 .1176471	-1.843137	
  .0001818	 3.921569E-02	-2	
  .0001819	 3.921569E-02	-1.921569	
  .000182	-3.921569E-02	-1.921569	
  .0001821	 .1176471	-1.921569	
  .0001822	 .1176471	-1.921569	
  .0001823	 3.921569E-02	-1.843137	
  .0001824	 3.921569E-02	-1.843137	
  .0001825	 3.921569E-02	-1.843137	
  .0001826	-3.921569E-02	-1.921569	
  .0001827	 3.921569E-02	-1.921569	
  .0001828	-3.921569E-02	-1.921569	
  .0001829	 3.921569E-02	-1.921569	
  .000183	 3.921569E-02	-2	
  .0001831	 .1176471	-1.921569	
  .0001832	 3.921569E-02	-1.921569	
  .0001833	-3.921569E-02	-1.843137	
  .0001834	 3.921569E-02	-1.921569	
  .0001835	 3.921569E-02	-1.843137	
  .0001836	 3.921569E-02	-1.843137	
  .0001837	 .1176471	-1.921569	
  .0001838	-3.921569E-02	-1.921569	
  .0001839	 .1176471	-1.921569	
  .000184	 3.921569E-02	-1.843137	
  .0001841	 .1176471	-1.843137	
  .0001842	 3.921569E-02	-1.843137	
  .0001843	 3.921569E-02	-1.843137	
  .0001844	 .1176471	-1.843137	
  .0001845	 3.921569E-02	-1.764706	
  .0001846	-3.921569E-02	-1.843137	
  .0001847	 .1176471	-1.843137	
  .0001848	 3.921569E-02	-1.921569	
  .0001849	 .1176471	-1.921569	
  .000185	 .1176471	-1.764706	
  .0001851	 3.921569E-02	-1.843137	
  .0001852	-3.921569E-02	-1.843137	
  .0001853	 .1176471	-1.921569	
  .0001854	 .1176471	-1.843137	
  .0001855	 3.921569E-02	-1.843137	
  .0001856	 3.921569E-02	-1.843137	
  .0001857	 3.921569E-02	-1.764706	
  .0001858	 3.921569E-02	-1.843137	
  .0001859	 3.921569E-02	-1.843137	
  .000186	 3.921569E-02	-1.921569	
  .0001861	 3.921569E-02	-1.921569	
  .0001862	 .1176471	-1.843137	
  .0001863	 3.921569E-02	-1.843137	
  .0001864	 .1176471	-1.764706	
  .0001865	 .1176471	-1.764706	
  .0001866	 3.921569E-02	-1.921569	
  .0001867	 .1176471	-1.764706	
  .0001868	 3.921569E-02	-1.843137	
  .0001869	 .1176471	-1.843137	
  .000187	 3.921569E-02	-1.843137	
  .0001871	 3.921569E-02	-1.843137	
  .0001872	 3.921569E-02	-1.764706	
  .0001873	 3.921569E-02	-1.843137	
  .0001874	 3.921569E-02	-1.843137	
  .0001875	 3.921569E-02	-1.843137	
  .0001876	 3.921569E-02	-1.843137	
  .0001877	 .1176471	-1.843137	
  .0001878	 3.921569E-02	-1.764706	
  .0001879	 .1176471	-1.764706	
  .000188	 3.921569E-02	-1.764706	
  .0001881	 .1176471	-1.843137	
  .0001882	-3.921569E-02	-1.843137	
  .0001883	 3.921569E-02	-1.686275	
  .0001884	 .1176471	-1.843137	
  .0001885	 .1176471	-1.764706	
  .0001886	 .1176471	-1.843137	
  .0001887	 3.921569E-02	-1.843137	
  .0001888	 3.921569E-02	-1.764706	
  .0001889	-3.921569E-02	-1.764706	
  .000189	 3.921569E-02	-1.686275	
  .0001891	 .1176471	-1.686275	
  .0001892	 3.921569E-02	-1.764706	
  .0001893	 3.921569E-02	-1.764706	
  .0001894	 3.921569E-02	-1.764706	
  .0001895	 3.921569E-02	-1.843137	
  .0001896	 3.921569E-02	-1.764706	
  .0001897	 3.921569E-02	-1.686275	
  .0001898	 .1176471	-1.686275	
  .0001899	 3.921569E-02	-1.764706	
  .00019	 .1176471	-1.686275	
  .0001901	 3.921569E-02	-1.764706	
  .0001902	 .1176471	-1.686275	
  .0001903	 .1176471	-1.764706	
  .0001904	 3.921569E-02	-1.607843	
  .0001905	 .1176471	-1.686275	
  .0001906	 .1960784	-1.764706	
  .0001907	 3.921569E-02	-1.764706	
  .0001908	 3.921569E-02	-1.686275	
  .0001909	 3.921569E-02	-1.686275	
  .000191	 3.921569E-02	-1.764706	
  .0001911	 3.921569E-02	-1.686275	
  .0001912	 .1176471	-1.686275	
  .0001913	 3.921569E-02	-1.686275	
  .0001914	 3.921569E-02	-1.686275	
  .0001915	 3.921569E-02	-1.764706	
  .0001916	 .1176471	-1.686275	
  .0001917	 3.921569E-02	-1.686275	
  .0001918	 3.921569E-02	-1.607843	
  .0001919	 .1176471	-1.686275	
  .000192	 .1176471	-1.686275	
  .0001921	 .1960784	-1.686275	
  .0001922	 3.921569E-02	-1.686275	
  .0001923	 3.921569E-02	-1.607843	
  .0001924	 3.921569E-02	-1.764706	
  .0001925	 3.921569E-02	-1.607843	
  .0001926	 3.921569E-02	-1.764706	
  .0001927	-3.921569E-02	-1.686275	
  .0001928	 3.921569E-02	-1.607843	
  .0001929	 3.921569E-02	-1.686275	
  .000193	 3.921569E-02	-1.607843	
  .0001931	 3.921569E-02	-1.686275	
  .0001932	 .1176471	-1.686275	
  .0001933	 .1176471	-1.686275	
  .0001934	 3.921569E-02	-1.686275	
  .0001935	 3.921569E-02	-1.529412	
  .0001936	 .1176471	-1.607843	
  .0001937	 3.921569E-02	-1.607843	
  .0001938	 3.921569E-02	-1.686275	
  .0001939	 3.921569E-02	-1.607843	
  .000194	 3.921569E-02	-1.607843	
  .0001941	 3.921569E-02	-1.607843	
  .0001942	 3.921569E-02	-1.529412	
  .0001943	 .1176471	-1.607843	
  .0001944	 3.921569E-02	-1.529412	
  .0001945	 3.921569E-02	-1.607843	
  .0001946	-3.921569E-02	-1.607843	
  .0001947	 .1176471	-1.607843	
  .0001948	 3.921569E-02	-1.529412	
  .0001949	 3.921569E-02	-1.529412	
  .000195	 3.921569E-02	-1.686275	
  .0001951	-3.921569E-02	-1.529412	
  .0001952	 .1176471	-1.45098	
  .0001953	 3.921569E-02	-1.607843	
  .0001954	 3.921569E-02	-1.607843	
  .0001955	 3.921569E-02	-1.607843	
  .0001956	 3.921569E-02	-1.529412	
  .0001957	 3.921569E-02	-1.607843	
  .0001958	 3.921569E-02	-1.607843	
  .0001959	 3.921569E-02	-1.529412	
  .000196	-3.921569E-02	-1.529412	
  .0001961	 3.921569E-02	-1.529412	
  .0001962	-3.921569E-02	-1.607843	
  .0001963	 .1176471	-1.607843	
  .0001964	 .1176471	-1.529412	
  .0001965	 3.921569E-02	-1.607843	
  .0001966	 .1176471	-1.607843	
  .0001967	 3.921569E-02	-1.529412	
  .0001968	 3.921569E-02	-1.529412	
  .0001969	 3.921569E-02	-1.607843	
  .000197	 3.921569E-02	-1.529412	
  .0001971	 3.921569E-02	-1.607843	
  .0001972	-3.921569E-02	-1.529412	
  .0001973	 .1176471	-1.529412	
  .0001974	 .1176471	-1.529412	
  .0001975	 3.921569E-02	-1.45098	
  .0001976	 3.921569E-02	-1.45098	
  .0001977	 .1176471	-1.45098	
  .0001978	 3.921569E-02	-1.45098	
  .0001979	 3.921569E-02	-1.529412	
  .000198	 .1960784	-1.529412	
  .0001981	 3.921569E-02	-1.529412	
  .0001982	-3.921569E-02	-1.45098	
  .0001983	 .1176471	-1.45098	
  .0001984	 .1176471	-1.45098	
  .0001985	 3.921569E-02	-1.529412	
  .0001986	-3.921569E-02	-1.607843	
  .0001987	 3.921569E-02	-1.45098	
  .0001988	-3.921569E-02	-1.45098	
  .0001989	 3.921569E-02	-1.45098	
  .000199	 3.921569E-02	-1.529412	
  .0001991	-3.921569E-02	-1.45098	
  .0001992	 3.921569E-02	-1.529412	
  .0001993	 3.921569E-02	-1.529412	
  .0001994	 .1176471	-1.45098	
  .0001995	 3.921569E-02	-1.529412	
  .0001996	 .1176471	-1.372549	
  .0001997	 .1176471	-1.45098	
  .0001998	 .1176471	-1.45098	
  .0001999	 3.921569E-02	-1.372549	
  .0002	 3.921569E-02	-1.45098	
  .0002001	 3.921569E-02	-1.372549	
  .0002002	 .1176471	-1.45098	
  .0002003	 3.921569E-02	-1.45098	
  .0002004	 .1176471	-1.45098	
  .0002005	 .1176471	-1.45098	
  .0002006	 .1176471	-1.45098	
  .0002007	 3.921569E-02	-1.372549	
  .0002008	-3.921569E-02	-1.372549	
  .0002009	 3.921569E-02	-1.45098	
  .000201	 .1176471	-1.372549	
  .0002011	 .1176471	-1.372549	
  .0002012	-3.921569E-02	-1.372549	
  .0002013	-3.921569E-02	-1.45098	
  .0002014	-3.921569E-02	-1.45098	
  .0002015	 .1176471	-1.45098	
  .0002016	 3.921569E-02	-1.372549	
  .0002017	 3.921569E-02	-1.294118	
  .0002018	 3.921569E-02	-1.45098	
  .0002019	 .1176471	-1.372549	
  .000202	 .1176471	-1.372549	
  .0002021	 3.921569E-02	-1.372549	
  .0002022	 3.921569E-02	-1.294118	
  .0002023	 3.921569E-02	-1.372549	
  .0002024	 3.921569E-02	-1.372549	
  .0002025	 .1176471	-1.294118	
  .0002026	 3.921569E-02	-1.372549	
  .0002027	 .1176471	-1.372549	
  .0002028	 3.921569E-02	-1.372549	
  .0002029	-3.921569E-02	-1.294118	
  .000203	 .1176471	-1.372549	
  .0002031	 3.921569E-02	-1.294118	
  .0002032	 .1176471	-1.372549	
  .0002033	 3.921569E-02	-1.372549	
  .0002034	 3.921569E-02	-1.215686	
  .0002035	 3.921569E-02	-1.294118	
  .0002036	 3.921569E-02	-1.372549	
  .0002037	 3.921569E-02	-1.294118	
  .0002038	 3.921569E-02	-1.372549	
  .0002039	 3.921569E-02	-1.215686	
  .000204	 3.921569E-02	-1.294118	
  .0002041	 3.921569E-02	-1.294118	
  .0002042	 3.921569E-02	-1.294118	
  .0002043	-3.921569E-02	-1.215686	
  .0002044	 3.921569E-02	-1.294118	
  .0002045	 3.921569E-02	-1.294118	
  .0002046	 .1176471	-1.215686	
  .0002047	 3.921569E-02	-1.215686	
  .0002048	 3.921569E-02	-1.294118	
  .0002049	-3.921569E-02	-1.372549	
  .000205	 3.921569E-02	-1.294118	
  .0002051	 .1176471	-1.294118	
  .0002052	-3.921569E-02	-1.372549	
  .0002053	-3.921569E-02	-1.215686	
  .0002054	 3.921569E-02	-1.215686	
  .0002055	 .1176471	-1.294118	
  .0002056	-3.921569E-02	-1.215686	
  .0002057	 .1176471	-1.294118	
  .0002058	 3.921569E-02	-1.294118	
  .0002059	 3.921569E-02	-1.215686	
  .000206	 3.921569E-02	-1.372549	
  .0002061	-3.921569E-02	-1.215686	
  .0002062	 .1176471	-1.215686	
  .0002063	 3.921569E-02	-1.294118	
  .0002064	 3.921569E-02	-1.294118	
  .0002065	 .1176471	-1.215686	
  .0002066	 3.921569E-02	-1.137255	
  .0002067	-3.921569E-02	-1.215686	
  .0002068	 3.921569E-02	-1.294118	
  .0002069	 3.921569E-02	-1.215686	
  .000207	 3.921569E-02	-1.215686	
  .0002071	 3.921569E-02	-1.137255	
  .0002072	 3.921569E-02	-1.215686	
  .0002073	 3.921569E-02	-1.215686	
  .0002074	-3.921569E-02	-1.215686	
  .0002075	 3.921569E-02	-1.215686	
  .0002076	 3.921569E-02	-1.215686	
  .0002077	 3.921569E-02	-1.215686	
  .0002078	 .1176471	-1.137255	
  .0002079	 .1960784	-1.215686	
  .000208	 3.921569E-02	-1.137255	
  .0002081	-3.921569E-02	-1.137255	
  .0002082	 .1176471	-1.215686	
  .0002083	 .1176471	-1.137255	
  .0002084	 .1176471	-1.215686	
  .0002085	 3.921569E-02	-1.215686	
  .0002086	 3.921569E-02	-1.137255	
  .0002087	 3.921569E-02	-1.215686	
  .0002088	-3.921569E-02	-1.137255	
  .0002089	 3.921569E-02	-1.058824	
  .000209	 3.921569E-02	-1.058824	
  .0002091	 3.921569E-02	-1.137255	
  .0002092	 3.921569E-02	-1.137255	
  .0002093	 .1176471	-1.215686	
  .0002094	 3.921569E-02	-1.137255	
  .0002095	 3.921569E-02	-1.137255	
  .0002096	 .1176471	-1.058824	
  .0002097	 .1176471	-1.137255	
  .0002098	 3.921569E-02	-1.058824	
  .0002099	 3.921569E-02	-1.215686	
  .00021	 3.921569E-02	-1.058824	
  .0002101	 .1176471	-1.137255	
  .0002102	 3.921569E-02	-.9803922	
  .0002103	 .1176471	-1.137255	
  .0002104	 .1176471	-1.137255	
  .0002105	 .1176471	-1.058824	
  .0002106	-3.921569E-02	-1.137255	
  .0002107	-3.921569E-02	-.9803922	
  .0002108	 3.921569E-02	-1.137255	
  .0002109	 3.921569E-02	-1.058824	
  .000211	 3.921569E-02	-1.137255	
  .0002111	 3.921569E-02	-1.058824	
  .0002112	-3.921569E-02	-1.137255	
  .0002113	-3.921569E-02	-.9803922	
  .0002114	 .1176471	-1.058824	
  .0002115	 3.921569E-02	-1.137255	
  .0002116	-3.921569E-02	-.9803922	
  .0002117	 3.921569E-02	-1.058824	
  .0002118	 3.921569E-02	-1.058824	
  .0002119	 3.921569E-02	-.9803922	
  .000212	 3.921569E-02	-1.058824	
  .0002121	-3.921569E-02	-.9803922	
  .0002122	-3.921569E-02	-.9803922	
  .0002123	 3.921569E-02	-1.058824	
  .0002124	 3.921569E-02	-1.058824	
  .0002125	-3.921569E-02	-1.058824	
  .0002126	 3.921569E-02	-.9803922	
  .0002127	 3.921569E-02	-.9803922	
  .0002128	-3.921569E-02	-.9803922	
  .0002129	-3.921569E-02	-.9803922	
  .000213	 3.921569E-02	-1.058824	
  .0002131	 .1176471	-.9803922	
  .0002132	 3.921569E-02	-.9803922	
  .0002133	-3.921569E-02	-.9019608	
  .0002134	 3.921569E-02	-.9803922	
  .0002135	 3.921569E-02	-.9803922	
  .0002136	 3.921569E-02	-.9803922	
  .0002137	-3.921569E-02	-.9803922	
  .0002138	-3.921569E-02	-.9803922	
  .0002139	 3.921569E-02	-.9803922	
  .000214	 3.921569E-02	-.9019608	
  .0002141	 3.921569E-02	-.9019608	
  .0002142	 3.921569E-02	-.9019608	
  .0002143	 3.921569E-02	-.8235294	
  .0002144	-3.921569E-02	-.9803922	
  .0002145	 3.921569E-02	-.9019608	
  .0002146	 3.921569E-02	-.9019608	
  .0002147	 3.921569E-02	-.8235294	
  .0002148	 3.921569E-02	-.9019608	
  .0002149	 3.921569E-02	-.9803922	
  .000215	 .1176471	-.9019608	
  .0002151	 3.921569E-02	-.9019608	
  .0002152	-3.921569E-02	-.9803922	
  .0002153	 3.921569E-02	-.9803922	
  .0002154	-3.921569E-02	-.9019608	
  .0002155	 3.921569E-02	-.9019608	
  .0002156	 3.921569E-02	-.9019608	
  .0002157	 3.921569E-02	-.9019608	
  .0002158	 3.921569E-02	-.8235294	
  .0002159	 3.921569E-02	-.9019608	
  .000216	 3.921569E-02	-.9019608	
  .0002161	 3.921569E-02	-.8235294	
  .0002162	-3.921569E-02	-.9019608	
  .0002163	 .1176471	-.9019608	
  .0002164	 3.921569E-02	-.9019608	
  .0002165	-3.921569E-02	-.9019608	
  .0002166	 3.921569E-02	-.9019608	
  .0002167	 3.921569E-02	-.9019608	
  .0002168	-3.921569E-02	-.8235294	
  .0002169	 3.921569E-02	-.8235294	
  .000217	-3.921569E-02	-.8235294	
  .0002171	 .1176471	-.9019608	
  .0002172	 3.921569E-02	-.8235294	
  .0002173	 3.921569E-02	-.8235294	
  .0002174	 3.921569E-02	-.8235294	
  .0002175	 3.921569E-02	-.8235294	
  .0002176	 3.921569E-02	-.7450981	
  .0002177	 3.921569E-02	-.8235294	
  .0002178	 .1176471	-.7450981	
  .0002179	 3.921569E-02	-.8235294	
  .000218	-3.921569E-02	-.7450981	
  .0002181	 3.921569E-02	-.8235294	
  .0002182	 .1176471	-.7450981	
  .0002183	 3.921569E-02	-.8235294	
  .0002184	-3.921569E-02	-.7450981	
  .0002185	 3.921569E-02	-.8235294	
  .0002186	 3.921569E-02	-.7450981	
  .0002187	 3.921569E-02	-.7450981	
  .0002188	 3.921569E-02	-.8235294	
  .0002189	-3.921569E-02	-.7450981	
  .000219	 3.921569E-02	-.8235294	
  .0002191	 3.921569E-02	-.8235294	
  .0002192	 .1176471	-.7450981	
  .0002193	 3.921569E-02	-.6666667	
  .0002194	 .1176471	-.6666667	
  .0002195	 3.921569E-02	-.7450981	
  .0002196	 3.921569E-02	-.7450981	
  .0002197	-3.921569E-02	-.5882353	
  .0002198	 3.921569E-02	-.7450981	
  .0002199	 .1176471	-.6666667	
  .00022	 .1176471	-.7450981	
  .0002201	 .1176471	-.6666667	
  .0002202	 .1176471	-.7450981	
  .0002203	 3.921569E-02	-.7450981	
  .0002204	 3.921569E-02	-.7450981	
  .0002205	-3.921569E-02	-.7450981	
  .0002206	-3.921569E-02	-.6666667	
  .0002207	-3.921569E-02	-.6666667	
  .0002208	 3.921569E-02	-.6666667	
  .0002209	 3.921569E-02	-.6666667	
  .000221	 3.921569E-02	-.7450981	
  .0002211	-3.921569E-02	-.7450981	
  .0002212	-3.921569E-02	-.7450981	
  .0002213	 .1176471	-.5882353	
  .0002214	 3.921569E-02	-.6666667	
  .0002215	 3.921569E-02	-.6666667	
  .0002216	 3.921569E-02	-.6666667	
  .0002217	 3.921569E-02	-.6666667	
  .0002218	 3.921569E-02	-.6666667	
  .0002219	-.1176471	-.6666667	
  .000222	-3.921569E-02	-.5882353	
  .0002221	 3.921569E-02	-.5882353	
  .0002222	 3.921569E-02	-.5882353	
  .0002223	 .1176471	-.6666667	
  .0002224	-3.921569E-02	-.6666667	
  .0002225	 3.921569E-02	-.6666667	
  .0002226	-3.921569E-02	-.6666667	
  .0002227	 3.921569E-02	-.5882353	
  .0002228	 3.921569E-02	-.5882353	
  .0002229	-3.921569E-02	-.509804	
  .000223	 3.921569E-02	-.6666667	
  .0002231	 3.921569E-02	-.5882353	
  .0002232	-3.921569E-02	-.509804	
  .0002233	 3.921569E-02	-.5882353	
  .0002234	 3.921569E-02	-.509804	
  .0002235	 3.921569E-02	-.5882353	
  .0002236	 3.921569E-02	-.5882353	
  .0002237	 3.921569E-02	-.5882353	
  .0002238	 3.921569E-02	-.5882353	
  .0002239	 3.921569E-02	-.509804	
  .000224	 .1176471	-.509804	
  .0002241	-3.921569E-02	-.509804	
  .0002242	 3.921569E-02	-.509804	
  .0002243	-3.921569E-02	-.509804	
  .0002244	 3.921569E-02	-.509804	
  .0002245	-3.921569E-02	-.509804	
  .0002246	 3.921569E-02	-.509804	
  .0002247	 3.921569E-02	-.509804	
  .0002248	 3.921569E-02	-.509804	
  .0002249	 .1176471	-.509804	
  .000225	 3.921569E-02	-.509804	
