 -.0000249	 .1176471	 .1176471	
 -.0000248	 3.921569E-02	 3.921569E-02	
 -.0000247	 .1176471	 3.921569E-02	
 -.0000246	 3.921569E-02	 3.921569E-02	
 -.0000245	 3.921569E-02	 .1176471	
 -.0000244	 .1176471	 3.921569E-02	
 -.0000243	 3.921569E-02	 .1176471	
 -.0000242	 .1176471	 3.921569E-02	
 -.0000241	 .1176471	 3.921569E-02	
 -.000024	 3.921569E-02	 3.921569E-02	
 -.0000239	 3.921569E-02	 3.921569E-02	
 -.0000238	 .1176471	 .1176471	
 -.0000237	 3.921569E-02	 3.921569E-02	
 -.0000236	 3.921569E-02	-3.921569E-02	
 -.0000235	 3.921569E-02	 3.921569E-02	
 -.0000234	 .1176471	 3.921569E-02	
 -.0000233	 3.921569E-02	-3.921569E-02	
 -.0000232	-3.921569E-02	 3.921569E-02	
 -.0000231	 .1176471	 .1176471	
 -.000023	 3.921569E-02	 3.921569E-02	
 -.0000229	 .1176471	 .1176471	
 -.0000228	 3.921569E-02	 3.921569E-02	
 -.0000227	 .1176471	 3.921569E-02	
 -.0000226	 .1176471	 .1176471	
 -.0000225	 3.921569E-02	 3.921569E-02	
 -.0000224	 3.921569E-02	 3.921569E-02	
 -.0000223	-3.921569E-02	 .1176471	
 -.0000222	 3.921569E-02	 3.921569E-02	
 -.0000221	 3.921569E-02	 .1176471	
 -.000022	 3.921569E-02	 .1176471	
 -.0000219	 3.921569E-02	 3.921569E-02	
 -.0000218	 .1176471	 3.921569E-02	
 -.0000217	 3.921569E-02	 3.921569E-02	
 -.0000216	 3.921569E-02	 .1176471	
 -.0000215	 3.921569E-02	 3.921569E-02	
 -.0000214	 .1960784	 .1176471	
 -.0000213	 3.921569E-02	 3.921569E-02	
 -.0000212	-3.921569E-02	 .1176471	
 -.0000211	 .1176471	-3.921569E-02	
 -.000021	 .1176471	 .1176471	
 -.0000209	 3.921569E-02	 .1176471	
 -.0000208	 .1176471	 3.921569E-02	
 -.0000207	 3.921569E-02	 3.921569E-02	
 -.0000206	 3.921569E-02	 3.921569E-02	
 -.0000205	 3.921569E-02	 3.921569E-02	
 -.0000204	 3.921569E-02	 3.921569E-02	
 -.0000203	 3.921569E-02	 3.921569E-02	
 -.0000202	 3.921569E-02	 3.921569E-02	
 -.0000201	 3.921569E-02	 3.921569E-02	
 -.00002	 .1176471	 3.921569E-02	
 -.0000199	 .1176471	 3.921569E-02	
 -.0000198	 .1176471	 .1176471	
 -.0000197	 .1176471	-3.921569E-02	
 -.0000196	 .1176471	-3.921569E-02	
 -.0000195	 3.921569E-02	 .1960784	
 -.0000194	 3.921569E-02	 3.921569E-02	
 -.0000193	 3.921569E-02	 .1176471	
 -.0000192	 .1176471	 3.921569E-02	
 -.0000191	 .1176471	 .1176471	
 -.000019	 .1176471	 .1176471	
 -.0000189	 .1960784	 .1176471	
 -.0000188	 3.921569E-02	 .1176471	
 -.0000187	 3.921569E-02	 .1176471	
 -.0000186	 3.921569E-02	 .1176471	
 -.0000185	 .1176471	 3.921569E-02	
 -.0000184	 .1176471	 .1960784	
 -.0000183	 3.921569E-02	 3.921569E-02	
 -.0000182	 3.921569E-02	 3.921569E-02	
 -.0000181	 3.921569E-02	 3.921569E-02	
 -.000018	-3.921569E-02	 3.921569E-02	
 -.0000179	 .1960784	 .1176471	
 -.0000178	 3.921569E-02	 .1176471	
 -.0000177	 .1176471	 .1176471	
 -.0000176	 3.921569E-02	 3.921569E-02	
 -.0000175	 3.921569E-02	 3.921569E-02	
 -.0000174	 3.921569E-02	 .1176471	
 -.0000173	 3.921569E-02	 3.921569E-02	
 -.0000172	-3.921569E-02	 .1176471	
 -.0000171	 .1176471	 3.921569E-02	
 -.000017	 .1176471	 3.921569E-02	
 -.0000169	 3.921569E-02	 .1176471	
 -.0000168	 3.921569E-02	 .1176471	
 -.0000167	 3.921569E-02	 3.921569E-02	
 -.0000166	 .1176471	 .1176471	
 -.0000165	 3.921569E-02	 .1176471	
 -.0000164	 3.921569E-02	 3.921569E-02	
 -.0000163	 3.921569E-02	 .1176471	
 -.0000162	 3.921569E-02	 3.921569E-02	
 -.0000161	 3.921569E-02	 .1176471	
 -.000016	 3.921569E-02	 .1176471	
 -.0000159	 .1176471	 3.921569E-02	
 -.0000158	 3.921569E-02	 .1176471	
 -.0000157	 3.921569E-02	-3.921569E-02	
 -.0000156	-3.921569E-02	-3.921569E-02	
 -.0000155	 .1176471	 3.921569E-02	
 -.0000154	 3.921569E-02	 .1176471	
 -.0000153	 .1176471	 3.921569E-02	
 -.0000152	 3.921569E-02	 3.921569E-02	
 -.0000151	-3.921569E-02	 3.921569E-02	
 -.000015	 3.921569E-02	 3.921569E-02	
 -.0000149	 3.921569E-02	 3.921569E-02	
 -.0000148	 .1176471	 .1176471	
 -.0000147	 3.921569E-02	 3.921569E-02	
 -.0000146	 3.921569E-02	 .1176471	
 -.0000145	 3.921569E-02	 3.921569E-02	
 -.0000144	-3.921569E-02	 .1176471	
 -.0000143	 .1176471	 .1176471	
 -.0000142	 3.921569E-02	-3.921569E-02	
 -.0000141	 3.921569E-02	 3.921569E-02	
 -.000014	 .1176471	 3.921569E-02	
 -.0000139	 3.921569E-02	 .1176471	
 -.0000138	 .1176471	 3.921569E-02	
 -.0000137	-3.921569E-02	 .1176471	
 -.0000136	 3.921569E-02	 3.921569E-02	
 -.0000135	 3.921569E-02	 3.921569E-02	
 -.0000134	 3.921569E-02	 .1176471	
 -.0000133	 3.921569E-02	-3.921569E-02	
 -.0000132	 .1176471	 3.921569E-02	
 -.0000131	 3.921569E-02	 .1176471	
 -.000013	 .1176471	 3.921569E-02	
 -.0000129	 3.921569E-02	 3.921569E-02	
 -.0000128	 .1176471	 .1176471	
 -.0000127	 3.921569E-02	 .1176471	
 -.0000126	 3.921569E-02	 3.921569E-02	
 -.0000125	-3.921569E-02	 3.921569E-02	
 -.0000124	 3.921569E-02	 3.921569E-02	
 -.0000123	 3.921569E-02	 .1176471	
 -.0000122	 3.921569E-02	 3.921569E-02	
 -.0000121	 .1176471	 .1176471	
 -.000012	 .1176471	 .1176471	
 -.0000119	 3.921569E-02	 3.921569E-02	
 -.0000118	-3.921569E-02	 3.921569E-02	
 -.0000117	 .1176471	 .1176471	
 -.0000116	 .1176471	 3.921569E-02	
 -.0000115	 .1960784	 3.921569E-02	
 -.0000114	 3.921569E-02	 3.921569E-02	
 -.0000113	 3.921569E-02	 3.921569E-02	
 -.0000112	 3.921569E-02	 3.921569E-02	
 -.0000111	 .1960784	 3.921569E-02	
 -.000011	 3.921569E-02	 .1176471	
 -.0000109	 3.921569E-02	 3.921569E-02	
 -.0000108	 3.921569E-02	 3.921569E-02	
 -.0000107	-3.921569E-02	 3.921569E-02	
 -.0000106	 3.921569E-02	 .1176471	
 -.0000105	 3.921569E-02	 .1176471	
 -.0000104	 3.921569E-02	 3.921569E-02	
 -.0000103	 3.921569E-02	 3.921569E-02	
 -.0000102	 3.921569E-02	 .1176471	
 -.0000101	 .1176471	 .1176471	
 -.00001	 3.921569E-02	 3.921569E-02	
 -.0000099	 3.921569E-02	 3.921569E-02	
 -.0000098	 3.921569E-02	 3.921569E-02	
 -.0000097	 .1176471	 3.921569E-02	
 -.0000096	 .1176471	 .1176471	
 -.0000095	 3.921569E-02	 .1176471	
 -.0000094	 .1176471	 .1176471	
 -.0000093	 .1176471	 3.921569E-02	
 -.0000092	 .1176471	 .1176471	
 -.0000091	 .1176471	 3.921569E-02	
 -.000009	 .1960784	 3.921569E-02	
 -.0000089	 3.921569E-02	 3.921569E-02	
 -.0000088	 .1176471	 .1176471	
 -.0000087	 .1176471	 3.921569E-02	
 -.0000086	 .1176471	-3.921569E-02	
 -.0000085	 3.921569E-02	 .1960784	
 -.0000084	 .1176471	 3.921569E-02	
 -.0000083	 3.921569E-02	 3.921569E-02	
 -.0000082	 3.921569E-02	 3.921569E-02	
 -.0000081	 3.921569E-02	-3.921569E-02	
 -.000008	 .1176471	 .1960784	
 -.0000079	 .1176471	 3.921569E-02	
 -.0000078	 3.921569E-02	 .1176471	
 -.0000077	 3.921569E-02	 3.921569E-02	
 -.0000076	 3.921569E-02	 .1176471	
 -.0000075	 .1176471	 .1176471	
 -.0000074	 3.921569E-02	 .1176471	
 -.0000073	 3.921569E-02	 3.921569E-02	
 -.0000072	 .1176471	 3.921569E-02	
 -.0000071	 .1176471	 3.921569E-02	
 -.000007	 3.921569E-02	 3.921569E-02	
 -.0000069	 3.921569E-02	 .1176471	
 -.0000068	 3.921569E-02	 3.921569E-02	
 -.0000067	 3.921569E-02	-3.921569E-02	
 -.0000066	 3.921569E-02	 .1176471	
 -.0000065	 3.921569E-02	 .1176471	
 -.0000064	 .1176471	 3.921569E-02	
 -.0000063	 .1176471	 .1176471	
 -.0000062	 .1176471	-3.921569E-02	
 -.0000061	 .1176471	 .1960784	
 -.000006	 3.921569E-02	 3.921569E-02	
 -.0000059	 3.921569E-02	 3.921569E-02	
 -.0000058	 .1176471	-3.921569E-02	
 -.0000057	 3.921569E-02	 3.921569E-02	
 -.0000056	 3.921569E-02	 .1176471	
 -.0000055	 3.921569E-02	 3.921569E-02	
 -.0000054	 .1176471	 .1176471	
 -.0000053	 .1176471	 .1176471	
 -.0000052	 3.921569E-02	 .1176471	
 -.0000051	 .1176471	 .1176471	
 -.000005	-3.921569E-02	 .1176471	
 -.0000049	 3.921569E-02	 .1960784	
 -.0000048	 3.921569E-02	 .1176471	
 -.0000047	 3.921569E-02	 .1176471	
 -.0000046	 3.921569E-02	-3.921569E-02	
 -.0000045	 3.921569E-02	 .1176471	
 -.0000044	 .1176471	 3.921569E-02	
 -.0000043	 .1176471	 3.921569E-02	
 -.0000042	 3.921569E-02	 3.921569E-02	
 -.0000041	 .1176471	-3.921569E-02	
 -.000004	 3.921569E-02	 3.921569E-02	
 -.0000039	 3.921569E-02	 3.921569E-02	
 -.0000038	 3.921569E-02	 .1176471	
 -.0000037	-3.921569E-02	 .1176471	
 -.0000036	 3.921569E-02	 .1176471	
 -.0000035	 .1176471	 3.921569E-02	
 -.0000034	 .1176471	-3.921569E-02	
 -.0000033	 .1176471	 .1176471	
 -.0000032	 3.921569E-02	 .1176471	
 -.0000031	 .1960784	-3.921569E-02	
 -.000003	 .1960784	 .1176471	
 -.0000029	 3.921569E-02	 3.921569E-02	
 -.0000028	 .1176471	 .1176471	
 -.0000027	 3.921569E-02	-3.921569E-02	
 -.0000026	 3.921569E-02	 .1176471	
 -.0000025	-3.921569E-02	 3.921569E-02	
 -.0000024	 3.921569E-02	 3.921569E-02	
 -.0000023	 3.921569E-02	 .1176471	
 -.0000022	 3.921569E-02	 3.921569E-02	
 -.0000021	 3.921569E-02	 .1176471	
 -.000002	 .1176471	 3.921569E-02	
 -.0000019	 3.921569E-02	 3.921569E-02	
 -.0000018	 .1176471	 .1176471	
 -.0000017	 .1176471	 .1176471	
 -.0000016	 .1176471	 3.921569E-02	
 -.0000015	 3.921569E-02	 3.921569E-02	
 -.0000014	 3.921569E-02	 .1960784	
 -.0000013	 .1176471	 .1176471	
 -.0000012	 3.921569E-02	 .1176471	
 -.0000011	 .1176471	 .1176471	
 -.000001	 3.921569E-02	 3.921569E-02	
 -.0000009	 3.921569E-02	 .1176471	
 -.0000008	 .1176471	 3.921569E-02	
 -.0000007	 3.921569E-02	 .1176471	
 -.0000006	 .1176471	 3.921569E-02	
 -.0000005	 3.921569E-02	 .1176471	
 -.0000004	 3.921569E-02	 3.921569E-02	
 -.0000003	 3.921569E-02	 .1176471	
 -.0000002	 3.921569E-02	 .1176471	
 -.0000001	 3.921569E-02	 3.921569E-02	
  0	 .1176471	 3.921569E-02	
  .0000001	 .1176471	 3.921569E-02	
  .0000002	 .1176471	 3.921569E-02	
  .0000003	 3.921569E-02	 .1960784	
  .0000004	 3.921569E-02	 3.921569E-02	
  .0000005	 .1176471	 .1176471	
  .0000006	 3.921569E-02	 3.921569E-02	
  .0000007	 .1176471	 3.921569E-02	
  .0000008	 .1176471	 3.921569E-02	
  .0000009	 3.921569E-02	-3.921569E-02	
  .000001	-3.921569E-02	 3.921569E-02	
  .0000011	 .1176471	 .1176471	
  .0000012	-3.921569E-02	 .1176471	
  .0000013	-3.921569E-02	 3.921569E-02	
  .0000014	 3.921569E-02	 .1176471	
  .0000015	 .1176471	 .1176471	
  .0000016	 3.921569E-02	 3.921569E-02	
  .0000017	 3.921569E-02	 .1176471	
  .0000018	 3.921569E-02	 3.921569E-02	
  .0000019	 .1176471	 .1176471	
  .000002	 .1176471	 3.921569E-02	
  .0000021	 3.921569E-02	 .1176471	
  .0000022	 3.921569E-02	 .1176471	
  .0000023	 3.921569E-02	 3.921569E-02	
  .0000024	 3.921569E-02	 .1176471	
  .0000025	-3.921569E-02	 .1176471	
  .0000026	 .1176471	 .1176471	
  .0000027	 3.921569E-02	 3.921569E-02	
  .0000028	 3.921569E-02	 3.921569E-02	
  .0000029	 .1176471	 .1176471	
  .000003	 3.921569E-02	 .1176471	
  .0000031	 3.921569E-02	 .1960784	
  .0000032	 3.921569E-02	 3.921569E-02	
  .0000033	 3.921569E-02	 3.921569E-02	
  .0000034	 3.921569E-02	 .1176471	
  .0000035	 .1176471	 .1176471	
  .0000036	 .1176471	 3.921569E-02	
  .0000037	 3.921569E-02	 .1176471	
  .0000038	 .1176471	 .1176471	
  .0000039	 3.921569E-02	 3.921569E-02	
  .000004	 3.921569E-02	 .1176471	
  .0000041	 .1176471	 .1176471	
  .0000042	 3.921569E-02	 .1176471	
  .0000043	 .1176471	 3.921569E-02	
  .0000044	 .1176471	 .1176471	
  .0000045	 .1176471	 .1176471	
  .0000046	 .1176471	 .1960784	
  .0000047	 .1176471	 .1176471	
  .0000048	 3.921569E-02	 3.921569E-02	
  .0000049	-3.921569E-02	 3.921569E-02	
  .000005	 3.921569E-02	 .1176471	
  .0000051	-3.921569E-02	 .1176471	
  .0000052	 3.921569E-02	 .1176471	
  .0000053	 .1176471	 .1176471	
  .0000054	-3.921569E-02	 .1176471	
  .0000055	 .1176471	 3.921569E-02	
  .0000056	 3.921569E-02	-3.921569E-02	
  .0000057	 3.921569E-02	 3.921569E-02	
  .0000058	 3.921569E-02	-3.921569E-02	
  .0000059	 3.921569E-02	 .1176471	
  .000006	 3.921569E-02	 3.921569E-02	
  .0000061	 3.921569E-02	 3.921569E-02	
  .0000062	 3.921569E-02	 3.921569E-02	
  .0000063	 3.921569E-02	 .1176471	
  .0000064	 .1176471	 3.921569E-02	
  .0000065	 .1176471	 3.921569E-02	
  .0000066	 .1176471	 3.921569E-02	
  .0000067	 3.921569E-02	 .1960784	
  .0000068	 .1176471	 3.921569E-02	
  .0000069	 3.921569E-02	 .1176471	
  .000007	 3.921569E-02	 3.921569E-02	
  .0000071	 3.921569E-02	 .1176471	
  .0000072	 3.921569E-02	 3.921569E-02	
  .0000073	 .1960784	 .1176471	
  .0000074	 3.921569E-02	 3.921569E-02	
  .0000075	 3.921569E-02	 3.921569E-02	
  .0000076	 3.921569E-02	 3.921569E-02	
  .0000077	 .1176471	 .1176471	
  .0000078	 3.921569E-02	 .1176471	
  .0000079	 3.921569E-02	 .1176471	
  .000008	 3.921569E-02	 3.921569E-02	
  .0000081	 .1176471	 .1176471	
  .0000082	 3.921569E-02	 .1176471	
  .0000083	 .1960784	 .1176471	
  .0000084	 3.921569E-02	 3.921569E-02	
  .0000085	 .1176471	 .1176471	
  .0000086	 .1176471	 .1176471	
  .0000087	 .1960784	 .1176471	
  .0000088	 3.921569E-02	-3.921569E-02	
  .0000089	 3.921569E-02	 3.921569E-02	
  .000009	 3.921569E-02	 .1176471	
  .0000091	 3.921569E-02	 3.921569E-02	
  .0000092	 3.921569E-02	 .1176471	
  .0000093	 3.921569E-02	 .1176471	
  .0000094	 3.921569E-02	 .1176471	
  .0000095	 3.921569E-02	 .1176471	
  .0000096	 3.921569E-02	 3.921569E-02	
  .0000097	 .1960784	 .1176471	
  .0000098	 3.921569E-02	 3.921569E-02	
  .0000099	 .1176471	 .1176471	
  .00001	 .1176471	 3.921569E-02	
  .0000101	 .1176471	 3.921569E-02	
  .0000102	 .1176471	 .1176471	
  .0000103	 .1176471	 3.921569E-02	
  .0000104	 .1176471	 .1176471	
  .0000105	 .1960784	 3.921569E-02	
  .0000106	 .1176471	 .1176471	
  .0000107	 .1176471	 .1176471	
  .0000108	 .1176471	 3.921569E-02	
  .0000109	 3.921569E-02	 3.921569E-02	
  .000011	 3.921569E-02	 .1176471	
  .0000111	 3.921569E-02	 .1176471	
  .0000112	 3.921569E-02	 3.921569E-02	
  .0000113	 .1176471	 .1176471	
  .0000114	 .1176471	 3.921569E-02	
  .0000115	 3.921569E-02	 .1176471	
  .0000116	 3.921569E-02	 .1176471	
  .0000117	 3.921569E-02	 3.921569E-02	
  .0000118	 .1176471	 .1176471	
  .0000119	 .1176471	 .1176471	
  .000012	 3.921569E-02	 .1960784	
  .0000121	 .1176471	 3.921569E-02	
  .0000122	 .1176471	 3.921569E-02	
  .0000123	 3.921569E-02	 3.921569E-02	
  .0000124	-3.921569E-02	 .1176471	
  .0000125	 3.921569E-02	 .1176471	
  .0000126	 .1176471	 3.921569E-02	
  .0000127	 3.921569E-02	 3.921569E-02	
  .0000128	-.1176471	-.1176471	
  .0000129	-.2745098	 .9019608	
  .000013	-.5882353	 .1960784	
  .0000131	-.9019608	 .3529412	
  .0000132	-1.058824	 .1960784	
  .0000133	-1.058824	 .3529412	
  .0000134	-1.137255	 .3529412	
  .0000135	-1.215686	 .509804	
  .0000136	-1.372549	 .4313726	
  .0000137	-1.372549	 .6666667	
  .0000138	-1.45098	 .5882353	
  .0000139	-1.529412	 .6666667	
  .000014	-1.529412	 .7450981	
  .0000141	-1.45098	 .7450981	
  .0000142	-1.45098	 .9803922	
  .0000143	-1.607843	 .9803922	
  .0000144	-1.529412	 1.137255	
  .0000145	-1.529412	 1.137255	
  .0000146	-1.529412	 1.294118	
  .0000147	-1.529412	 1.215686	
  .0000148	-1.607843	 1.294118	
  .0000149	-1.529412	 1.45098	
  .000015	-1.45098	 1.45098	
  .0000151	-1.607843	 1.529412	
  .0000152	-1.529412	 1.529412	
  .0000153	-1.529412	 1.686275	
  .0000154	-1.529412	 1.764706	
  .0000155	-1.529412	 1.764706	
  .0000156	-1.529412	 1.764706	
  .0000157	-1.529412	 1.843137	
  .0000158	-1.529412	 1.921569	
  .0000159	-1.529412	 1.921569	
  .000016	-1.45098	 2	
  .0000161	-1.529412	 2	
  .0000162	-1.529412	 2	
  .0000163	-1.607843	 2.078431	
  .0000164	-1.529412	 2.156863	
  .0000165	-1.529412	 2.235294	
  .0000166	-1.45098	 2.313725	
  .0000167	-1.529412	 2.235294	
  .0000168	-1.607843	 2.470588	
  .0000169	-1.529412	 2.313725	
  .000017	-1.529412	 2.392157	
  .0000171	-1.607843	 2.392157	
  .0000172	-1.529412	 2.392157	
  .0000173	-1.529412	 2.54902	
  .0000174	-1.529412	 2.54902	
  .0000175	-1.607843	 2.54902	
  .0000176	-1.529412	 2.54902	
  .0000177	-1.529412	 2.627451	
  .0000178	-1.529412	 2.627451	
  .0000179	-1.529412	 2.54902	
  .000018	-1.45098	 2.705882	
  .0000181	-1.45098	 2.705882	
  .0000182	-1.45098	 2.705882	
  .0000183	-1.529412	 2.705882	
  .0000184	-1.45098	 2.862745	
  .0000185	-1.529412	 2.705882	
  .0000186	-1.529412	 2.784314	
  .0000187	-1.529412	 2.784314	
  .0000188	-1.529412	 2.784314	
  .0000189	-1.529412	 2.784314	
  .000019	-1.607843	 2.784314	
  .0000191	-1.529412	 2.941176	
  .0000192	-1.529412	 2.941176	
  .0000193	-1.529412	 3.019608	
  .0000194	-1.607843	 3.019608	
  .0000195	-1.529412	 2.941176	
  .0000196	-1.529412	 2.941176	
  .0000197	-1.529412	 2.941176	
  .0000198	-1.529412	 3.019608	
  .0000199	-1.529412	 3.098039	
  .00002	-1.529412	 3.019608	
  .0000201	-1.529412	 3.098039	
  .0000202	-1.529412	 3.019608	
  .0000203	-1.45098	 3.176471	
  .0000204	-1.529412	 3.019608	
  .0000205	-1.45098	 3.098039	
  .0000206	-1.45098	 3.176471	
  .0000207	-1.529412	 3.019608	
  .0000208	-1.45098	 3.176471	
  .0000209	-1.45098	 3.176471	
  .000021	-1.529412	 3.098039	
  .0000211	-1.45098	 3.176471	
  .0000212	-1.529412	 3.411765	
  .0000213	-1.45098	 3.098039	
  .0000214	-1.529412	 3.098039	
  .0000215	-1.45098	 3.254902	
  .0000216	-1.529412	 3.333333	
  .0000217	-1.45098	 3.254902	
  .0000218	-1.45098	 3.176471	
  .0000219	-1.45098	 3.254902	
  .000022	-1.529412	 3.333333	
  .0000221	-1.45098	 3.333333	
  .0000222	-1.45098	 3.411765	
  .0000223	-1.45098	 3.254902	
  .0000224	-1.45098	 3.411765	
  .0000225	-1.45098	 3.411765	
  .0000226	-1.45098	 3.333333	
  .0000227	-1.529412	 3.411765	
  .0000228	-1.45098	 3.254902	
  .0000229	-1.45098	 3.333333	
  .000023	-1.529412	 3.254902	
  .0000231	-1.45098	 3.490196	
  .0000232	-1.45098	 3.333333	
  .0000233	-1.529412	 3.176471	
  .0000234	-1.45098	 3.333333	
  .0000235	-1.45098	 3.176471	
  .0000236	-1.45098	 3.333333	
  .0000237	-1.45098	 3.254902	
  .0000238	-1.45098	 3.333333	
  .0000239	-1.529412	 3.254902	
  .000024	-1.45098	 3.333333	
  .0000241	-1.45098	 3.333333	
  .0000242	-1.529412	 3.254902	
  .0000243	-1.45098	 3.411765	
  .0000244	-1.45098	 3.490196	
  .0000245	-1.529412	 3.333333	
  .0000246	-1.529412	 3.333333	
  .0000247	-1.45098	 3.333333	
  .0000248	-1.45098	 3.490196	
  .0000249	-1.45098	 3.411765	
  .000025	-1.45098	 3.411765	
  .0000251	-1.529412	 3.333333	
  .0000252	-1.45098	 3.333333	
  .0000253	-1.372549	 3.333333	
  .0000254	-1.45098	 3.333333	
  .0000255	-1.45098	 3.333333	
  .0000256	-1.372549	 3.333333	
  .0000257	-1.45098	 3.411765	
  .0000258	-1.372549	 3.333333	
  .0000259	-1.45098	 3.490196	
  .000026	-1.45098	 3.411765	
  .0000261	-1.45098	 3.411765	
  .0000262	-1.45098	 3.411765	
  .0000263	-1.45098	 3.333333	
  .0000264	-1.372549	 3.411765	
  .0000265	-1.45098	 3.411765	
  .0000266	-1.45098	 3.333333	
  .0000267	-1.45098	 3.411765	
  .0000268	-1.45098	 3.333333	
  .0000269	-1.372549	 3.411765	
  .000027	-1.372549	 3.333333	
  .0000271	-1.294118	 3.333333	
  .0000272	-1.372549	 3.411765	
  .0000273	-1.45098	 3.333333	
  .0000274	-1.372549	 3.411765	
  .0000275	-1.372549	 3.411765	
  .0000276	-1.372549	 3.333333	
  .0000277	-1.372549	 3.333333	
  .0000278	-1.45098	 3.411765	
  .0000279	-1.45098	 3.411765	
  .000028	-1.372549	 3.411765	
  .0000281	-1.294118	 3.333333	
  .0000282	-1.372549	 3.333333	
  .0000283	-1.372549	 3.411765	
  .0000284	-1.294118	 3.333333	
  .0000285	-1.294118	 3.333333	
  .0000286	-1.372549	 3.411765	
  .0000287	-1.372549	 3.254902	
  .0000288	-1.372549	 3.333333	
  .0000289	-1.45098	 3.333333	
  .000029	-1.294118	 3.333333	
  .0000291	-1.45098	 3.333333	
  .0000292	-1.45098	 3.333333	
  .0000293	-1.372549	 3.333333	
  .0000294	-1.372549	 3.254902	
  .0000295	-1.372549	 3.333333	
  .0000296	-1.294118	 3.254902	
  .0000297	-1.294118	 3.333333	
  .0000298	-1.372549	 3.333333	
  .0000299	-1.372549	 3.254902	
  .00003	-1.372549	 3.411765	
  .0000301	-1.372549	 3.254902	
  .0000302	-1.294118	 3.333333	
  .0000303	-1.294118	 3.254902	
  .0000304	-1.294118	 3.333333	
  .0000305	-1.294118	 3.411765	
  .0000306	-1.294118	 3.254902	
  .0000307	-1.372549	 3.254902	
  .0000308	-1.294118	 3.333333	
  .0000309	-1.294118	 3.333333	
  .000031	-1.294118	 3.333333	
  .0000311	-1.294118	 3.411765	
  .0000312	-1.372549	 3.333333	
  .0000313	-1.294118	 3.254902	
  .0000314	-1.372549	 3.254902	
  .0000315	-1.372549	 3.254902	
  .0000316	-1.215686	 3.333333	
  .0000317	-1.215686	 3.333333	
  .0000318	-1.215686	 3.333333	
  .0000319	-1.294118	 3.333333	
  .000032	-1.294118	 3.254902	
  .0000321	-1.294118	 3.254902	
  .0000322	-1.294118	 3.333333	
  .0000323	-1.294118	 3.333333	
  .0000324	-1.294118	 3.254902	
  .0000325	-1.372549	 3.254902	
  .0000326	-1.372549	 3.254902	
  .0000327	-1.294118	 3.254902	
  .0000328	-1.294118	 3.333333	
  .0000329	-1.215686	 3.254902	
  .000033	-1.215686	 3.254902	
  .0000331	-1.215686	 3.333333	
  .0000332	-1.294118	 3.254902	
  .0000333	-1.294118	 3.254902	
  .0000334	-1.294118	 3.254902	
  .0000335	-1.294118	 3.333333	
  .0000336	-1.294118	 3.176471	
  .0000337	-1.294118	 3.176471	
  .0000338	-1.215686	 3.176471	
  .0000339	-1.294118	 3.176471	
  .000034	-1.137255	 3.333333	
  .0000341	-1.215686	 3.254902	
  .0000342	-1.215686	 3.411765	
  .0000343	-1.215686	 3.333333	
  .0000344	-1.215686	 3.254902	
  .0000345	-1.294118	 3.254902	
  .0000346	-1.294118	 3.098039	
  .0000347	-1.215686	 3.254902	
  .0000348	-1.294118	 3.254902	
  .0000349	-1.294118	 3.333333	
  .000035	-1.294118	 3.254902	
  .0000351	-1.294118	 3.176471	
  .0000352	-1.137255	 3.254902	
  .0000353	-1.215686	 3.176471	
  .0000354	-1.215686	 3.176471	
  .0000355	-1.215686	 3.176471	
  .0000356	-1.215686	 3.254902	
  .0000357	-1.215686	 3.254902	
  .0000358	-1.215686	 3.254902	
  .0000359	-1.215686	 3.254902	
  .000036	-1.215686	 3.098039	
  .0000361	-1.215686	 3.176471	
  .0000362	-1.215686	 3.176471	
  .0000363	-1.137255	 3.176471	
  .0000364	-1.137255	 3.254902	
  .0000365	-1.137255	 3.098039	
  .0000366	-1.137255	 3.176471	
  .0000367	-1.215686	 3.098039	
  .0000368	-1.215686	 3.098039	
  .0000369	-1.215686	 3.098039	
  .000037	-1.137255	 3.254902	
  .0000371	-1.215686	 3.176471	
  .0000372	-1.137255	 3.019608	
  .0000373	-1.137255	 3.176471	
  .0000374	-1.215686	 3.176471	
  .0000375	-1.137255	 3.176471	
  .0000376	-1.215686	 3.098039	
  .0000377	-1.215686	 3.019608	
  .0000378	-1.137255	 3.098039	
  .0000379	-1.215686	 3.098039	
  .000038	-1.058824	 3.098039	
  .0000381	-1.215686	 3.098039	
  .0000382	-1.137255	 3.176471	
  .0000383	-1.137255	 3.098039	
  .0000384	-1.058824	 3.176471	
  .0000385	-1.137255	 3.176471	
  .0000386	-1.137255	 3.098039	
  .0000387	-1.137255	 3.098039	
  .0000388	-1.137255	 3.098039	
  .0000389	-1.215686	 3.176471	
  .000039	-1.137255	 3.098039	
  .0000391	-1.137255	 3.098039	
  .0000392	-1.137255	 3.098039	
  .0000393	-1.137255	 2.941176	
  .0000394	-1.215686	 3.098039	
  .0000395	-1.137255	 3.019608	
  .0000396	-1.058824	 3.098039	
  .0000397	-1.137255	 3.019608	
  .0000398	-1.137255	 2.941176	
  .0000399	-1.137255	 3.098039	
  .00004	-1.137255	 3.098039	
  .0000401	-1.215686	 3.019608	
  .0000402	-1.058824	 3.019608	
  .0000403	-1.058824	 3.098039	
  .0000404	-1.137255	 3.098039	
  .0000405	-.9803922	 2.862745	
  .0000406	-1.058824	 3.019608	
  .0000407	-1.137255	 3.019608	
  .0000408	-1.137255	 2.941176	
  .0000409	-1.137255	 3.019608	
  .000041	-1.058824	 3.098039	
  .0000411	-1.137255	 3.019608	
  .0000412	-1.058824	 3.019608	
  .0000413	-1.137255	 3.098039	
  .0000414	-1.058824	 2.941176	
  .0000415	-1.058824	 3.098039	
  .0000416	-1.058824	 2.941176	
  .0000417	-1.058824	 3.019608	
  .0000418	-1.058824	 2.941176	
  .0000419	-1.058824	 2.941176	
  .000042	-1.137255	 2.941176	
  .0000421	-1.137255	 2.941176	
  .0000422	-1.058824	 2.941176	
  .0000423	-1.058824	 2.941176	
  .0000424	-1.058824	 2.862745	
  .0000425	-1.137255	 3.019608	
  .0000426	-1.058824	 3.019608	
  .0000427	-1.058824	 3.019608	
  .0000428	-1.058824	 2.862745	
  .0000429	-1.058824	 2.941176	
  .000043	-1.058824	 2.941176	
  .0000431	-1.058824	 2.862745	
  .0000432	-.9803922	 2.941176	
  .0000433	-1.058824	 2.862745	
  .0000434	-1.058824	 3.019608	
  .0000435	-.9803922	 2.784314	
  .0000436	-1.058824	 2.862745	
  .0000437	-.9803922	 2.784314	
  .0000438	-1.058824	 2.784314	
  .0000439	-1.058824	 2.941176	
  .000044	-1.058824	 2.862745	
  .0000441	-1.058824	 3.019608	
  .0000442	-.9803922	 2.941176	
  .0000443	-1.058824	 2.862745	
  .0000444	-.9803922	 2.941176	
  .0000445	-1.058824	 2.862745	
  .0000446	-1.058824	 2.941176	
  .0000447	-1.058824	 2.862745	
  .0000448	-.9803922	 2.862745	
  .0000449	-.9803922	 2.862745	
  .000045	-.9803922	 2.862745	
  .0000451	-.9803922	 2.784314	
  .0000452	-.9803922	 2.862745	
  .0000453	-1.058824	 2.862745	
  .0000454	-.9803922	 2.862745	
  .0000455	-.9803922	 2.941176	
  .0000456	-.9803922	 2.862745	
  .0000457	-.9803922	 2.862745	
  .0000458	-.9803922	 2.784314	
  .0000459	-.9803922	 2.784314	
  .000046	-1.058824	 2.784314	
  .0000461	-.9803922	 2.705882	
  .0000462	-.9019608	 2.862745	
  .0000463	-.9803922	 2.705882	
  .0000464	-.9803922	 2.705882	
  .0000465	-.9019608	 2.784314	
  .0000466	-.9803922	 2.784314	
  .0000467	-.9019608	 2.784314	
  .0000468	-.9803922	 2.705882	
  .0000469	-.9019608	 2.705882	
  .000047	-.9803922	 2.784314	
  .0000471	-.9803922	 2.705882	
  .0000472	-.9803922	 2.705882	
  .0000473	-.9019608	 2.784314	
  .0000474	-.9019608	 2.784314	
  .0000475	-.9019608	 2.784314	
  .0000476	-1.058824	 2.627451	
  .0000477	-.9019608	 2.784314	
  .0000478	-.9019608	 2.705882	
  .0000479	-.8235294	 2.705882	
  .000048	-.9019608	 2.705882	
  .0000481	-.9019608	 2.784314	
  .0000482	-.9019608	 2.705882	
  .0000483	-.9019608	 2.705882	
  .0000484	-.8235294	 2.705882	
  .0000485	-.8235294	 2.627451	
  .0000486	-.9019608	 2.705882	
  .0000487	-.9019608	 2.627451	
  .0000488	-.9019608	 2.705882	
  .0000489	-.9019608	 2.705882	
  .000049	-.9019608	 2.705882	
  .0000491	-.9803922	 2.705882	
  .0000492	-.9803922	 2.627451	
  .0000493	-.9019608	 2.627451	
  .0000494	-.9019608	 2.54902	
  .0000495	-.8235294	 2.627451	
  .0000496	-.8235294	 2.627451	
  .0000497	-.8235294	 2.54902	
  .0000498	-.8235294	 2.705882	
  .0000499	-.8235294	 2.627451	
  .00005	-.9019608	 2.705882	
  .0000501	-.7450981	 2.54902	
  .0000502	-.7450981	 2.54902	
  .0000503	-.8235294	 2.627451	
  .0000504	-.7450981	 2.54902	
  .0000505	-.9019608	 2.627451	
  .0000506	-.9019608	 2.54902	
  .0000507	-.8235294	 2.54902	
  .0000508	-.9019608	 2.54902	
  .0000509	-.9019608	 2.627451	
  .000051	-.8235294	 2.627451	
  .0000511	-.8235294	 2.54902	
  .0000512	-.8235294	 2.54902	
  .0000513	-.8235294	 2.470588	
  .0000514	-.8235294	 2.470588	
  .0000515	-.7450981	 2.470588	
  .0000516	-.7450981	 2.54902	
  .0000517	-.8235294	 2.54902	
  .0000518	-.8235294	 2.392157	
  .0000519	-.7450981	 2.470588	
  .000052	-.8235294	 2.54902	
  .0000521	-.8235294	 2.54902	
  .0000522	-.7450981	 2.470588	
  .0000523	-.8235294	 2.470588	
  .0000524	-.7450981	 2.470588	
  .0000525	-.8235294	 2.470588	
  .0000526	-.8235294	 2.470588	
  .0000527	-.7450981	 2.470588	
  .0000528	-.8235294	 2.470588	
  .0000529	-.7450981	 2.470588	
  .000053	-.7450981	 2.392157	
  .0000531	-.7450981	 2.313725	
  .0000532	-.9019608	 2.392157	
  .0000533	-.8235294	 2.54902	
  .0000534	-.8235294	 2.313725	
  .0000535	-.8235294	 2.392157	
  .0000536	-.7450981	 2.313725	
  .0000537	-.8235294	 2.313725	
  .0000538	-.7450981	 2.392157	
  .0000539	-.7450981	 2.313725	
  .000054	-.7450981	 2.470588	
  .0000541	-.7450981	 2.470588	
  .0000542	-.7450981	 2.392157	
  .0000543	-.7450981	 2.313725	
  .0000544	-.7450981	 2.313725	
  .0000545	-.7450981	 2.392157	
  .0000546	-.7450981	 2.313725	
  .0000547	-.6666667	 2.313725	
  .0000548	-.6666667	 2.313725	
  .0000549	-.7450981	 2.313725	
  .000055	-.6666667	 2.392157	
  .0000551	-.7450981	 2.235294	
  .0000552	-.6666667	 2.235294	
  .0000553	-.6666667	 2.313725	
  .0000554	-.7450981	 2.392157	
  .0000555	-.7450981	 2.313725	
  .0000556	-.7450981	 2.313725	
  .0000557	-.7450981	 2.235294	
  .0000558	-.7450981	 2.313725	
  .0000559	-.8235294	 2.235294	
  .000056	-.7450981	 2.156863	
  .0000561	-.6666667	 2.313725	
  .0000562	-.6666667	 2.313725	
  .0000563	-.6666667	 2.156863	
  .0000564	-.6666667	 2.235294	
  .0000565	-.6666667	 2.156863	
  .0000566	-.6666667	 2.235294	
  .0000567	-.6666667	 2.235294	
  .0000568	-.6666667	 2.235294	
  .0000569	-.7450981	 2.313725	
  .000057	-.6666667	 2.078431	
  .0000571	-.6666667	 2.235294	
  .0000572	-.5882353	 2.156863	
  .0000573	-.6666667	 2.156863	
  .0000574	-.6666667	 2.156863	
  .0000575	-.7450981	 2.078431	
  .0000576	-.6666667	 2.078431	
  .0000577	-.6666667	 2.156863	
  .0000578	-.509804	 2.235294	
  .0000579	-.6666667	 2.078431	
  .000058	-.5882353	 2.235294	
  .0000581	-.509804	 2.156863	
  .0000582	-.509804	 2.156863	
  .0000583	-.5882353	 2.078431	
  .0000584	-.5882353	 2.078431	
  .0000585	-.5882353	 2	
  .0000586	-.5882353	 2.078431	
  .0000587	-.6666667	 2.156863	
  .0000588	-.6666667	 2.078431	
  .0000589	-.5882353	 2.156863	
  .000059	-.5882353	 2.078431	
  .0000591	-.6666667	 2	
  .0000592	-.5882353	 2	
  .0000593	-.5882353	 1.921569	
  .0000594	-.509804	 2	
  .0000595	-.5882353	 2.078431	
  .0000596	-.509804	 2	
  .0000597	-.509804	 2.156863	
  .0000598	-.5882353	 2	
  .0000599	-.509804	 2.078431	
  .00006	-.4313726	 1.921569	
  .0000601	-.509804	 2	
  .0000602	-.5882353	 2.078431	
  .0000603	-.4313726	 1.921569	
  .0000604	-.509804	 2	
  .0000605	-.509804	 1.921569	
  .0000606	-.509804	 1.921569	
  .0000607	-.509804	 1.921569	
  .0000608	-.509804	 1.921569	
  .0000609	-.509804	 1.921569	
  .000061	-.509804	 1.921569	
  .0000611	-.509804	 1.921569	
  .0000612	-.509804	 1.843137	
  .0000613	-.4313726	 2.078431	
  .0000614	-.509804	 1.843137	
  .0000615	-.509804	 2	
  .0000616	-.509804	 1.921569	
  .0000617	-.509804	 1.843137	
  .0000618	-.509804	 2	
  .0000619	-.509804	 2	
  .000062	-.509804	 1.843137	
  .0000621	-.4313726	 1.843137	
  .0000622	-.509804	 1.843137	
  .0000623	-.509804	 1.843137	
  .0000624	-.509804	 1.843137	
  .0000625	-.509804	 1.843137	
  .0000626	-.4313726	 1.764706	
  .0000627	-.509804	 1.764706	
  .0000628	-.4313726	 1.843137	
  .0000629	-.4313726	 1.764706	
  .000063	-.4313726	 1.764706	
  .0000631	-.509804	 1.764706	
  .0000632	-.4313726	 1.921569	
  .0000633	-.509804	 1.764706	
  .0000634	-.4313726	 1.686275	
  .0000635	-.4313726	 1.686275	
  .0000636	-.4313726	 1.764706	
  .0000637	-.4313726	 1.764706	
  .0000638	-.3529412	 1.686275	
  .0000639	-.4313726	 1.843137	
  .000064	-.4313726	 1.764706	
  .0000641	-.3529412	 1.686275	
  .0000642	-.4313726	 1.764706	
  .0000643	-.4313726	 1.686275	
  .0000644	-.4313726	 1.686275	
  .0000645	-.3529412	 1.686275	
  .0000646	-.4313726	 1.764706	
  .0000647	-.3529412	 1.607843	
  .0000648	-.4313726	 1.607843	
  .0000649	-.3529412	 1.686275	
  .000065	-.3529412	 1.607843	
  .0000651	-.2745098	 1.607843	
  .0000652	-.2745098	 1.607843	
  .0000653	-.3529412	 1.686275	
  .0000654	-.3529412	 1.686275	
  .0000655	-.3529412	 1.607843	
  .0000656	-.3529412	 1.607843	
  .0000657	-.2745098	 1.607843	
  .0000658	-.3529412	 1.529412	
  .0000659	-.2745098	 1.529412	
  .000066	-.2745098	 1.686275	
  .0000661	-.2745098	 1.607843	
  .0000662	-.3529412	 1.529412	
  .0000663	-.2745098	 1.529412	
  .0000664	-.4313726	 1.607843	
  .0000665	-.2745098	 1.529412	
  .0000666	-.3529412	 1.529412	
  .0000667	-.2745098	 1.607843	
  .0000668	-.2745098	 1.529412	
  .0000669	-.3529412	 1.372549	
  .000067	-.3529412	 1.529412	
  .0000671	-.2745098	 1.529412	
  .0000672	-.3529412	 1.529412	
  .0000673	-.2745098	 1.45098	
  .0000674	-.3529412	 1.372549	
  .0000675	-.2745098	 1.45098	
  .0000676	-.1960784	 1.45098	
  .0000677	-.1176471	 1.529412	
  .0000678	-.1960784	 1.45098	
  .0000679	-.2745098	 1.45098	
  .000068	-.1960784	 1.529412	
  .0000681	-.1960784	 1.45098	
  .0000682	-.1960784	 1.45098	
  .0000683	-.2745098	 1.372549	
  .0000684	-.1960784	 1.294118	
  .0000685	-.1960784	 1.372549	
  .0000686	-.1960784	 1.45098	
  .0000687	-.1960784	 1.372549	
  .0000688	-.2745098	 1.45098	
  .0000689	-.2745098	 1.294118	
  .000069	-.1960784	 1.372549	
  .0000691	-.1960784	 1.372549	
  .0000692	-.1960784	 1.294118	
  .0000693	-.1176471	 1.372549	
  .0000694	-.1960784	 1.294118	
  .0000695	-.1176471	 1.215686	
  .0000696	-.1960784	 1.45098	
  .0000697	-.1176471	 1.294118	
  .0000698	-.1960784	 1.294118	
  .0000699	-3.921569E-02	 1.215686	
  .00007	-.1176471	 1.215686	
  .0000701	-.1176471	 1.372549	
  .0000702	-.1176471	 1.215686	
  .0000703	-.1960784	 1.137255	
  .0000704	-.1960784	 1.215686	
  .0000705	-.1960784	 1.215686	
  .0000706	-.1960784	 1.137255	
  .0000707	-.1176471	 1.215686	
  .0000708	-.1960784	 1.215686	
  .0000709	-.1176471	 1.215686	
  .000071	-.1176471	 1.215686	
  .0000711	-.1960784	 1.137255	
  .0000712	-3.921569E-02	 1.215686	
  .0000713	-3.921569E-02	 1.137255	
  .0000714	-.1176471	 1.137255	
  .0000715	-.1176471	 1.215686	
  .0000716	-.1176471	 1.137255	
  .0000717	-.1176471	 1.215686	
  .0000718	-.1176471	 1.215686	
  .0000719	-.1176471	 1.137255	
  .000072	-.1176471	 1.137255	
  .0000721	-.1176471	 1.058824	
  .0000722	-3.921569E-02	 1.137255	
  .0000723	-.1176471	 1.137255	
  .0000724	-3.921569E-02	 1.137255	
  .0000725	-.1176471	 1.137255	
  .0000726	-.1176471	 1.137255	
  .0000727	-.1176471	 1.058824	
  .0000728	-3.921569E-02	 1.058824	
  .0000729	-3.921569E-02	 .9803922	
  .000073	-.1960784	 1.058824	
  .0000731	-3.921569E-02	 1.137255	
  .0000732	-3.921569E-02	 .9019608	
  .0000733	-3.921569E-02	 1.058824	
  .0000734	-3.921569E-02	 .9019608	
  .0000735	-.1176471	 .9019608	
  .0000736	-3.921569E-02	 1.058824	
  .0000737	-3.921569E-02	 .9803922	
  .0000738	 3.921569E-02	 1.137255	
  .0000739	 3.921569E-02	 1.137255	
  .000074	-.1176471	 1.058824	
  .0000741	 3.921569E-02	 .9803922	
  .0000742	-3.921569E-02	 .9803922	
  .0000743	-3.921569E-02	 .9803922	
  .0000744	-3.921569E-02	 .9803922	
  .0000745	 3.921569E-02	 .9803922	
  .0000746	 3.921569E-02	 .9019608	
  .0000747	-3.921569E-02	 .9803922	
  .0000748	 .1176471	 .9019608	
  .0000749	 3.921569E-02	 .9019608	
  .000075	 3.921569E-02	 .9019608	
  .0000751	 .1176471	 .9019608	
  .0000752	 3.921569E-02	 .9803922	
  .0000753	-.1176471	 .9019608	
  .0000754	 3.921569E-02	 .9019608	
  .0000755	-3.921569E-02	 .9019608	
  .0000756	 .1176471	 .8235294	
  .0000757	 .1176471	 .8235294	
  .0000758	 3.921569E-02	 .8235294	
  .0000759	 .1176471	 .9019608	
  .000076	 .1176471	 .9803922	
  .0000761	 3.921569E-02	 .7450981	
  .0000762	 .1176471	 .9019608	
  .0000763	 3.921569E-02	 .7450981	
  .0000764	 .1176471	 .8235294	
  .0000765	 3.921569E-02	 .8235294	
  .0000766	 .1176471	 .9019608	
  .0000767	 3.921569E-02	 .8235294	
  .0000768	 3.921569E-02	 .6666667	
  .0000769	-3.921569E-02	 .8235294	
  .000077	 3.921569E-02	 .7450981	
  .0000771	 3.921569E-02	 .7450981	
  .0000772	 .1176471	 .8235294	
  .0000773	 .1176471	 .5882353	
  .0000774	 .1960784	 .7450981	
  .0000775	 3.921569E-02	 .6666667	
  .0000776	 .2745098	 .7450981	
  .0000777	 .1176471	 .7450981	
  .0000778	 .1176471	 .8235294	
  .0000779	 .1960784	 .5882353	
  .000078	 .1960784	 .8235294	
  .0000781	 .1176471	 .7450981	
  .0000782	 .1960784	 .5882353	
  .0000783	 .1176471	 .5882353	
  .0000784	 .1176471	 .5882353	
  .0000785	 .1176471	 .6666667	
  .0000786	 .1960784	 .6666667	
  .0000787	 .1176471	 .6666667	
  .0000788	 .1176471	 .5882353	
  .0000789	 .1176471	 .5882353	
  .000079	 .1960784	 .5882353	
  .0000791	 .1176471	 .509804	
  .0000792	 .2745098	 .5882353	
  .0000793	 .1960784	 .5882353	
  .0000794	 .2745098	 .509804	
  .0000795	 .1960784	 .6666667	
  .0000796	 .1176471	 .509804	
  .0000797	 .1960784	 .5882353	
  .0000798	 .2745098	 .5882353	
  .0000799	 .2745098	 .5882353	
  .00008	 .1960784	 .509804	
  .0000801	 .2745098	 .509804	
  .0000802	 .1960784	 .509804	
  .0000803	 .1960784	 .509804	
  .0000804	 .2745098	 .509804	
  .0000805	 .1960784	 .4313726	
  .0000806	 .1960784	 .509804	
  .0000807	 .1960784	 .509804	
  .0000808	 .2745098	 .509804	
  .0000809	 .1960784	 .4313726	
  .000081	 .1960784	 .3529412	
  .0000811	 .2745098	 .509804	
  .0000812	 .2745098	 .3529412	
  .0000813	 .2745098	 .509804	
  .0000814	 .2745098	 .4313726	
  .0000815	 .1960784	 .4313726	
  .0000816	 .2745098	 .4313726	
  .0000817	 .1960784	 .4313726	
  .0000818	 .2745098	 .509804	
  .0000819	 .3529412	 .3529412	
  .000082	 .1960784	 .3529412	
  .0000821	 .2745098	 .3529412	
  .0000822	 .1960784	 .4313726	
  .0000823	 .3529412	 .4313726	
  .0000824	 .3529412	 .3529412	
  .0000825	 .2745098	 .4313726	
  .0000826	 .1960784	 .3529412	
  .0000827	 .2745098	 .3529412	
  .0000828	 .4313726	 .3529412	
  .0000829	 .2745098	 .3529412	
  .000083	 .2745098	 .4313726	
  .0000831	 .2745098	 .2745098	
  .0000832	 .2745098	 .2745098	
  .0000833	 .3529412	 .1960784	
  .0000834	 .3529412	 .1960784	
  .0000835	 .3529412	 .2745098	
  .0000836	 .3529412	 .2745098	
  .0000837	 .2745098	 .3529412	
  .0000838	 .3529412	 .3529412	
  .0000839	 .2745098	 .2745098	
  .000084	 .3529412	 .2745098	
  .0000841	 .2745098	 .2745098	
  .0000842	 .3529412	 .3529412	
  .0000843	 .2745098	 .2745098	
  .0000844	 .3529412	 .2745098	
  .0000845	 .2745098	 .1960784	
  .0000846	 .3529412	 .1960784	
  .0000847	 .3529412	 .2745098	
  .0000848	 .3529412	 .1176471	
  .0000849	 .3529412	 .1176471	
  .000085	 .4313726	 .1176471	
  .0000851	 .3529412	 .1960784	
  .0000852	 .2745098	 .1960784	
  .0000853	 .2745098	 .1960784	
  .0000854	 .3529412	 .1176471	
  .0000855	 .3529412	 .1176471	
  .0000856	 .3529412	 .1176471	
  .0000857	 .4313726	 .1176471	
  .0000858	 .4313726	 .1960784	
  .0000859	 .4313726	 .1176471	
  .000086	 .4313726	 .1176471	
  .0000861	 .4313726	 .1176471	
  .0000862	 .3529412	 3.921569E-02	
  .0000863	 .4313726	 .1176471	
  .0000864	 .3529412	 3.921569E-02	
  .0000865	 .3529412	 3.921569E-02	
  .0000866	 .3529412	 .1176471	
  .0000867	 .4313726	-3.921569E-02	
  .0000868	 .4313726	 3.921569E-02	
  .0000869	 .3529412	 .1176471	
  .000087	 .3529412	 .1176471	
  .0000871	 .4313726	 .1176471	
  .0000872	 .3529412	-3.921569E-02	
  .0000873	 .4313726	 3.921569E-02	
  .0000874	 .4313726	-3.921569E-02	
  .0000875	 .509804	 3.921569E-02	
  .0000876	 .3529412	-3.921569E-02	
  .0000877	 .3529412	 3.921569E-02	
  .0000878	 .509804	-3.921569E-02	
  .0000879	 .509804	-3.921569E-02	
  .000088	 .3529412	-3.921569E-02	
  .0000881	 .4313726	 3.921569E-02	
  .0000882	 .4313726	-3.921569E-02	
  .0000883	 .4313726	-.1176471	
  .0000884	 .4313726	-3.921569E-02	
  .0000885	 .4313726	-.1176471	
  .0000886	 .4313726	-3.921569E-02	
  .0000887	 .3529412	-.1176471	
  .0000888	 .4313726	-.1176471	
  .0000889	 .509804	-3.921569E-02	
  .000089	 .509804	-.1176471	
  .0000891	 .4313726	-3.921569E-02	
  .0000892	 .509804	-.1176471	
  .0000893	 .5882353	-.1960784	
  .0000894	 .509804	 3.921569E-02	
  .0000895	 .509804	-.1176471	
  .0000896	 .4313726	-3.921569E-02	
  .0000897	 .509804	-.1960784	
  .0000898	 .5882353	-.1960784	
  .0000899	 .5882353	-.1176471	
  .00009	 .5882353	-.1960784	
  .0000901	 .4313726	-.1176471	
  .0000902	 .509804	-.1176471	
  .0000903	 .509804	-.1960784	
  .0000904	 .509804	-.3529412	
  .0000905	 .5882353	-.1176471	
  .0000906	 .509804	-.1960784	
  .0000907	 .509804	-.1960784	
  .0000908	 .4313726	-.1960784	
  .0000909	 .509804	-.2745098	
  .000091	 .509804	-3.921569E-02	
  .0000911	 .509804	-.2745098	
  .0000912	 .509804	-.1176471	
  .0000913	 .509804	-.1960784	
  .0000914	 .509804	-.2745098	
  .0000915	 .4313726	-.1960784	
  .0000916	 .509804	-.1960784	
  .0000917	 .509804	-.2745098	
  .0000918	 .509804	-.2745098	
  .0000919	 .5882353	-.3529412	
  .000092	 .5882353	-.2745098	
  .0000921	 .509804	-.2745098	
  .0000922	 .509804	-.3529412	
  .0000923	 .5882353	-.3529412	
  .0000924	 .509804	-.2745098	
  .0000925	 .5882353	-.2745098	
  .0000926	 .5882353	-.3529412	
  .0000927	 .5882353	-.3529412	
  .0000928	 .4313726	-.3529412	
  .0000929	 .5882353	-.2745098	
  .000093	 .509804	-.3529412	
  .0000931	 .5882353	-.4313726	
  .0000932	 .5882353	-.4313726	
  .0000933	 .4313726	-.4313726	
  .0000934	 .5882353	-.4313726	
  .0000935	 .5882353	-.4313726	
  .0000936	 .5882353	-.3529412	
  .0000937	 .509804	-.3529412	
  .0000938	 .509804	-.4313726	
  .0000939	 .509804	-.3529412	
  .000094	 .5882353	-.509804	
  .0000941	 .6666667	-.3529412	
  .0000942	 .5882353	-.509804	
  .0000943	 .5882353	-.4313726	
  .0000944	 .5882353	-.509804	
  .0000945	 .5882353	-.4313726	
  .0000946	 .509804	-.509804	
  .0000947	 .5882353	-.509804	
  .0000948	 .6666667	-.4313726	
  .0000949	 .6666667	-.4313726	
  .000095	 .5882353	-.4313726	
  .0000951	 .509804	-.509804	
  .0000952	 .509804	-.4313726	
  .0000953	 .6666667	-.509804	
  .0000954	 .6666667	-.509804	
  .0000955	 .5882353	-.5882353	
  .0000956	 .5882353	-.509804	
  .0000957	 .6666667	-.4313726	
  .0000958	 .6666667	-.509804	
  .0000959	 .5882353	-.509804	
  .000096	 .6666667	-.509804	
  .0000961	 .509804	-.5882353	
  .0000962	 .6666667	-.5882353	
  .0000963	 .5882353	-.5882353	
  .0000964	 .5882353	-.509804	
  .0000965	 .6666667	-.5882353	
  .0000966	 .5882353	-.5882353	
  .0000967	 .6666667	-.5882353	
  .0000968	 .5882353	-.5882353	
  .0000969	 .6666667	-.5882353	
  .000097	 .6666667	-.6666667	
  .0000971	 .5882353	-.6666667	
  .0000972	 .7450981	-.6666667	
  .0000973	 .6666667	-.5882353	
  .0000974	 .7450981	-.5882353	
  .0000975	 .6666667	-.6666667	
  .0000976	 .6666667	-.5882353	
  .0000977	 .6666667	-.6666667	
  .0000978	 .6666667	-.6666667	
  .0000979	 .7450981	-.6666667	
  .000098	 .6666667	-.6666667	
  .0000981	 .6666667	-.5882353	
  .0000982	 .7450981	-.6666667	
  .0000983	 .6666667	-.6666667	
  .0000984	 .6666667	-.8235294	
  .0000985	 .6666667	-.7450981	
  .0000986	 .6666667	-.7450981	
  .0000987	 .6666667	-.7450981	
  .0000988	 .6666667	-.7450981	
  .0000989	 .6666667	-.7450981	
  .000099	 .7450981	-.6666667	
  .0000991	 .7450981	-.7450981	
  .0000992	 .7450981	-.8235294	
  .0000993	 .6666667	-.7450981	
  .0000994	 .8235294	-.8235294	
  .0000995	 .6666667	-.7450981	
  .0000996	 .7450981	-.8235294	
  .0000997	 .7450981	-.7450981	
  .0000998	 .7450981	-.7450981	
  .0000999	 .8235294	-.8235294	
  .0001	 .7450981	-.9019608	
  .0001001	 .8235294	-.7450981	
  .0001002	 .7450981	-.7450981	
  .0001003	 .6666667	-.9019608	
  .0001004	 .7450981	-.8235294	
  .0001005	 .7450981	-.9019608	
  .0001006	 .7450981	-.9019608	
  .0001007	 .7450981	-.8235294	
  .0001008	 .7450981	-.8235294	
  .0001009	 .8235294	-.8235294	
  .000101	 .7450981	-.8235294	
  .0001011	 .7450981	-.8235294	
  .0001012	 .8235294	-.9803922	
  .0001013	 .7450981	-.9019608	
  .0001014	 .7450981	-.9803922	
  .0001015	 .8235294	-.8235294	
  .0001016	 .8235294	-.9019608	
  .0001017	 .7450981	-.9019608	
  .0001018	 .7450981	-.9803922	
  .0001019	 .7450981	-.9019608	
  .000102	 .8235294	-.9019608	
  .0001021	 .8235294	-.9019608	
  .0001022	 .7450981	-.9019608	
  .0001023	 .7450981	-.9803922	
  .0001024	 .8235294	-.9019608	
  .0001025	 .9019608	-.9803922	
  .0001026	 .8235294	-1.058824	
  .0001027	 .7450981	-.9803922	
  .0001028	 .8235294	-.9019608	
  .0001029	 .8235294	-.9803922	
  .000103	 .7450981	-.9803922	
  .0001031	 .8235294	-1.058824	
  .0001032	 .7450981	-1.058824	
  .0001033	 .8235294	-1.058824	
  .0001034	 .8235294	-1.058824	
  .0001035	 .8235294	-.9019608	
  .0001036	 .8235294	-.9803922	
  .0001037	 .7450981	-.9803922	
  .0001038	 .8235294	-1.058824	
  .0001039	 .8235294	-1.058824	
  .000104	 .8235294	-1.058824	
  .0001041	 .8235294	-1.058824	
  .0001042	 .8235294	-.9803922	
  .0001043	 .8235294	-1.058824	
  .0001044	 .9019608	-.9803922	
  .0001045	 .9019608	-1.137255	
  .0001046	 .9019608	-1.137255	
  .0001047	 .8235294	-1.137255	
  .0001048	 .9019608	-1.137255	
  .0001049	 .8235294	-.9803922	
  .000105	 .8235294	-1.058824	
  .0001051	 .9019608	-1.137255	
  .0001052	 .8235294	-1.137255	
  .0001053	 .9019608	-1.215686	
  .0001054	 .9019608	-1.215686	
  .0001055	 .8235294	-1.137255	
  .0001056	 .9019608	-1.058824	
  .0001057	 .8235294	-1.058824	
  .0001058	 .8235294	-1.215686	
  .0001059	 .9019608	-1.058824	
  .000106	 .8235294	-1.215686	
  .0001061	 .9019608	-1.137255	
  .0001062	 .8235294	-1.215686	
  .0001063	 .9019608	-1.215686	
  .0001064	 .8235294	-1.137255	
  .0001065	 .8235294	-1.215686	
  .0001066	 .9019608	-1.215686	
  .0001067	 .9803922	-1.215686	
  .0001068	 .9019608	-1.215686	
  .0001069	 .9019608	-1.137255	
  .000107	 .9019608	-1.215686	
  .0001071	 .9019608	-1.215686	
  .0001072	 .9019608	-1.215686	
  .0001073	 .9803922	-1.294118	
  .0001074	 .9019608	-1.215686	
  .0001075	 .9019608	-1.215686	
  .0001076	 .9803922	-1.372549	
  .0001077	 1.058824	-1.215686	
  .0001078	 .9803922	-1.294118	
  .0001079	 .9803922	-1.294118	
  .000108	 .9019608	-1.372549	
  .0001081	 .9019608	-1.372549	
  .0001082	 .9019608	-1.137255	
  .0001083	 .9019608	-1.294118	
  .0001084	 .9019608	-1.294118	
  .0001085	 .9019608	-1.372549	
  .0001086	 .9803922	-1.294118	
  .0001087	 .9803922	-1.372549	
  .0001088	 .9019608	-1.294118	
  .0001089	 .9803922	-1.372549	
  .000109	 .9803922	-1.372549	
  .0001091	 .9803922	-1.372549	
  .0001092	 .9803922	-1.372549	
  .0001093	 .9803922	-1.372549	
  .0001094	 .9803922	-1.294118	
  .0001095	 1.058824	-1.45098	
  .0001096	 1.058824	-1.372549	
  .0001097	 1.058824	-1.372549	
  .0001098	 1.058824	-1.45098	
  .0001099	 .9019608	-1.45098	
  .00011	 .9803922	-1.372549	
  .0001101	 .9803922	-1.372549	
  .0001102	 .9803922	-1.372549	
  .0001103	 1.058824	-1.372549	
  .0001104	 .9803922	-1.45098	
  .0001105	 .9803922	-1.45098	
  .0001106	 .9803922	-1.45098	
  .0001107	 1.058824	-1.45098	
  .0001108	 .9803922	-1.45098	
  .0001109	 1.058824	-1.45098	
  .000111	 .9803922	-1.372549	
  .0001111	 .9803922	-1.529412	
  .0001112	 1.058824	-1.607843	
  .0001113	 .9803922	-1.529412	
  .0001114	 .9803922	-1.372549	
  .0001115	 .9803922	-1.45098	
  .0001116	 1.058824	-1.529412	
  .0001117	 .9803922	-1.529412	
  .0001118	 .9803922	-1.529412	
  .0001119	 1.058824	-1.607843	
  .000112	 1.058824	-1.529412	
  .0001121	 .9803922	-1.529412	
  .0001122	 .9803922	-1.529412	
  .0001123	 1.137255	-1.529412	
  .0001124	 1.058824	-1.529412	
  .0001125	 1.058824	-1.607843	
  .0001126	 .9803922	-1.529412	
  .0001127	 .9803922	-1.529412	
  .0001128	 1.058824	-1.607843	
  .0001129	 1.137255	-1.607843	
  .000113	 1.137255	-1.607843	
  .0001131	 .9803922	-1.686275	
  .0001132	 1.058824	-1.529412	
  .0001133	 1.137255	-1.607843	
  .0001134	 1.058824	-1.607843	
  .0001135	 1.137255	-1.607843	
  .0001136	 .9019608	-1.607843	
  .0001137	 1.058824	-1.607843	
  .0001138	 1.058824	-1.686275	
  .0001139	 1.137255	-1.607843	
  .000114	 1.058824	-1.607843	
  .0001141	 1.058824	-1.607843	
  .0001142	 1.137255	-1.686275	
  .0001143	 .9803922	-1.529412	
  .0001144	 1.137255	-1.686275	
  .0001145	 1.137255	-1.686275	
  .0001146	 1.058824	-1.764706	
  .0001147	 1.137255	-1.686275	
  .0001148	 1.058824	-1.607843	
  .0001149	 1.137255	-1.686275	
  .000115	 1.137255	-1.764706	
  .0001151	 1.058824	-1.686275	
  .0001152	 1.137255	-1.686275	
  .0001153	 1.137255	-1.686275	
  .0001154	 1.058824	-1.764706	
  .0001155	 1.137255	-1.686275	
  .0001156	 1.058824	-1.607843	
  .0001157	 1.137255	-1.764706	
  .0001158	 1.215686	-1.686275	
  .0001159	 1.137255	-1.764706	
  .000116	 1.215686	-1.764706	
  .0001161	 1.137255	-1.843137	
  .0001162	 1.058824	-1.764706	
  .0001163	 1.137255	-1.843137	
  .0001164	 1.137255	-1.764706	
  .0001165	 1.058824	-1.764706	
  .0001166	 1.137255	-1.764706	
  .0001167	 1.215686	-1.764706	
  .0001168	 1.137255	-1.764706	
  .0001169	 1.058824	-1.843137	
  .000117	 1.137255	-1.843137	
  .0001171	 1.137255	-1.843137	
  .0001172	 1.294118	-1.843137	
  .0001173	 1.137255	-1.843137	
  .0001174	 1.137255	-1.764706	
  .0001175	 1.137255	-1.921569	
  .0001176	 1.215686	-1.764706	
  .0001177	 1.137255	-1.843137	
  .0001178	 1.137255	-1.843137	
  .0001179	 1.137255	-1.843137	
  .000118	 1.137255	-1.843137	
  .0001181	 1.137255	-1.764706	
  .0001182	 1.137255	-1.843137	
  .0001183	 1.137255	-1.764706	
  .0001184	 1.137255	-1.921569	
  .0001185	 1.137255	-1.921569	
  .0001186	 1.215686	-1.843137	
  .0001187	 1.137255	-1.921569	
  .0001188	 1.294118	-1.843137	
  .0001189	 1.215686	-1.921569	
  .000119	 1.215686	-1.843137	
  .0001191	 1.215686	-1.843137	
  .0001192	 1.215686	-1.921569	
  .0001193	 1.137255	-1.921569	
  .0001194	 1.215686	-1.921569	
  .0001195	 1.294118	-1.921569	
  .0001196	 1.294118	-1.843137	
  .0001197	 1.294118	-2	
  .0001198	 1.137255	-1.921569	
  .0001199	 1.137255	-1.921569	
  .00012	 1.137255	-1.921569	
  .0001201	 1.137255	-2.078431	
  .0001202	 1.137255	-1.843137	
  .0001203	 1.215686	-2	
  .0001204	 1.215686	-1.921569	
  .0001205	 1.215686	-1.921569	
  .0001206	 1.137255	-2	
  .0001207	 1.215686	-1.921569	
  .0001208	 1.294118	-2	
  .0001209	 1.215686	-1.843137	
  .000121	 1.294118	-2	
  .0001211	 1.137255	-2.078431	
  .0001212	 1.215686	-2	
  .0001213	 1.215686	-2	
  .0001214	 1.215686	-1.921569	
  .0001215	 1.215686	-2	
  .0001216	 1.215686	-2	
  .0001217	 1.215686	-2	
  .0001218	 1.137255	-2	
  .0001219	 1.137255	-2	
  .000122	 1.215686	-2.078431	
  .0001221	 1.215686	-2	
  .0001222	 1.294118	-2	
  .0001223	 1.294118	-2	
  .0001224	 1.294118	-2	
  .0001225	 1.137255	-2	
  .0001226	 1.215686	-2	
  .0001227	 1.294118	-2.078431	
  .0001228	 1.137255	-2.078431	
  .0001229	 1.215686	-2	
  .000123	 1.137255	-2.156863	
  .0001231	 1.137255	-2	
  .0001232	 1.294118	-2	
  .0001233	 1.215686	-2	
  .0001234	 1.215686	-2.078431	
  .0001235	 1.215686	-2	
  .0001236	 1.294118	-2.078431	
  .0001237	 1.215686	-2.156863	
  .0001238	 1.294118	-2	
  .0001239	 1.215686	-2.078431	
  .000124	 1.215686	-2.156863	
  .0001241	 1.215686	-2.156863	
  .0001242	 1.215686	-2.078431	
  .0001243	 1.294118	-2.078431	
  .0001244	 1.215686	-2.156863	
  .0001245	 1.215686	-2.078431	
  .0001246	 1.294118	-2.156863	
  .0001247	 1.215686	-2.078431	
  .0001248	 1.294118	-2.156863	
  .0001249	 1.137255	-2.078431	
  .000125	 1.215686	-2.156863	
  .0001251	 1.215686	-2.156863	
  .0001252	 1.215686	-2.156863	
  .0001253	 1.137255	-2.156863	
  .0001254	 1.215686	-2.156863	
  .0001255	 1.215686	-2.156863	
  .0001256	 1.137255	-2.156863	
  .0001257	 1.294118	-2.156863	
  .0001258	 1.215686	-2.156863	
  .0001259	 1.372549	-2.156863	
  .000126	 1.215686	-2.156863	
  .0001261	 1.215686	-2.156863	
  .0001262	 1.215686	-2.156863	
  .0001263	 1.215686	-2.156863	
  .0001264	 1.294118	-2.156863	
  .0001265	 1.294118	-2.156863	
  .0001266	 1.215686	-2.235294	
  .0001267	 1.294118	-2.235294	
  .0001268	 1.137255	-2.235294	
  .0001269	 1.294118	-2.235294	
  .000127	 1.215686	-2.156863	
  .0001271	 1.294118	-2.313725	
  .0001272	 1.137255	-2.235294	
  .0001273	 1.215686	-2.156863	
  .0001274	 1.294118	-2.235294	
  .0001275	 1.372549	-2.156863	
  .0001276	 1.294118	-2.235294	
  .0001277	 1.215686	-2.313725	
  .0001278	 1.215686	-2.235294	
  .0001279	 1.215686	-2.235294	
  .000128	 1.215686	-2.235294	
  .0001281	 1.294118	-2.235294	
  .0001282	 1.215686	-2.235294	
  .0001283	 1.215686	-2.313725	
  .0001284	 1.294118	-2.235294	
  .0001285	 1.294118	-2.235294	
  .0001286	 1.215686	-2.156863	
  .0001287	 1.215686	-2.235294	
  .0001288	 1.294118	-2.235294	
  .0001289	 1.294118	-2.313725	
  .000129	 1.294118	-2.235294	
  .0001291	 1.294118	-2.235294	
  .0001292	 1.215686	-2.235294	
  .0001293	 1.294118	-2.235294	
  .0001294	 1.294118	-2.313725	
  .0001295	 1.294118	-2.235294	
  .0001296	 1.372549	-2.392157	
  .0001297	 1.294118	-2.235294	
  .0001298	 1.215686	-2.235294	
  .0001299	 1.215686	-2.313725	
  .00013	 1.294118	-2.392157	
  .0001301	 1.215686	-2.156863	
  .0001302	 1.294118	-2.313725	
  .0001303	 1.215686	-2.235294	
  .0001304	 1.215686	-2.313725	
  .0001305	 1.215686	-2.392157	
  .0001306	 1.294118	-2.313725	
  .0001307	 1.294118	-2.313725	
  .0001308	 1.294118	-2.313725	
  .0001309	 1.294118	-2.313725	
  .000131	 1.294118	-2.313725	
  .0001311	 1.372549	-2.313725	
  .0001312	 1.215686	-2.313725	
  .0001313	 1.294118	-2.313725	
  .0001314	 1.294118	-2.392157	
  .0001315	 1.294118	-2.392157	
  .0001316	 1.294118	-2.392157	
  .0001317	 1.294118	-2.313725	
  .0001318	 1.215686	-2.313725	
  .0001319	 1.215686	-2.392157	
  .000132	 1.294118	-2.235294	
  .0001321	 1.372549	-2.392157	
  .0001322	 1.294118	-2.313725	
  .0001323	 1.372549	-2.392157	
  .0001324	 1.215686	-2.392157	
  .0001325	 1.215686	-2.313725	
  .0001326	 1.215686	-2.313725	
  .0001327	 1.294118	-2.392157	
  .0001328	 1.215686	-2.313725	
  .0001329	 1.137255	-2.392157	
  .000133	 1.215686	-2.392157	
  .0001331	 1.215686	-2.392157	
  .0001332	 1.215686	-2.392157	
  .0001333	 1.294118	-2.392157	
  .0001334	 1.215686	-2.392157	
  .0001335	 1.294118	-2.470588	
  .0001336	 1.294118	-2.392157	
  .0001337	 1.294118	-2.392157	
  .0001338	 1.294118	-2.392157	
  .0001339	 1.294118	-2.313725	
  .000134	 1.215686	-2.392157	
  .0001341	 1.215686	-2.313725	
  .0001342	 1.294118	-2.313725	
  .0001343	 1.294118	-2.392157	
  .0001344	 1.215686	-2.392157	
  .0001345	 1.215686	-2.392157	
  .0001346	 1.294118	-2.392157	
  .0001347	 1.294118	-2.470588	
  .0001348	 1.215686	-2.392157	
  .0001349	 1.294118	-2.470588	
  .000135	 1.294118	-2.392157	
  .0001351	 1.294118	-2.392157	
  .0001352	 1.215686	-2.392157	
  .0001353	 1.294118	-2.313725	
  .0001354	 1.294118	-2.470588	
  .0001355	 1.294118	-2.470588	
  .0001356	 1.215686	-2.392157	
  .0001357	 1.215686	-2.470588	
  .0001358	 1.294118	-2.470588	
  .0001359	 1.294118	-2.470588	
  .000136	 1.215686	-2.470588	
  .0001361	 1.294118	-2.470588	
  .0001362	 1.215686	-2.470588	
  .0001363	 1.294118	-2.470588	
  .0001364	 1.294118	-2.392157	
  .0001365	 1.372549	-2.392157	
  .0001366	 1.372549	-2.470588	
  .0001367	 1.294118	-2.470588	
  .0001368	 1.372549	-2.470588	
  .0001369	 1.215686	-2.392157	
  .000137	 1.45098	-2.470588	
  .0001371	 1.294118	-2.470588	
  .0001372	 1.294118	-2.470588	
  .0001373	 1.294118	-2.470588	
  .0001374	 1.294118	-2.392157	
  .0001375	 1.294118	-2.470588	
  .0001376	 1.294118	-2.470588	
  .0001377	 1.294118	-2.470588	
  .0001378	 1.294118	-2.470588	
  .0001379	 1.294118	-2.470588	
  .000138	 1.294118	-2.470588	
  .0001381	 1.215686	-2.470588	
  .0001382	 1.294118	-2.54902	
  .0001383	 1.294118	-2.470588	
  .0001384	 1.294118	-2.470588	
  .0001385	 1.294118	-2.54902	
  .0001386	 1.215686	-2.392157	
  .0001387	 1.215686	-2.470588	
  .0001388	 1.215686	-2.470588	
  .0001389	 1.294118	-2.470588	
  .000139	 1.215686	-2.54902	
  .0001391	 1.294118	-2.54902	
  .0001392	 1.372549	-2.470588	
  .0001393	 1.294118	-2.470588	
  .0001394	 1.372549	-2.470588	
  .0001395	 1.372549	-2.54902	
  .0001396	 1.294118	-2.54902	
  .0001397	 1.294118	-2.54902	
  .0001398	 1.215686	-2.470588	
  .0001399	 1.294118	-2.470588	
  .00014	 1.215686	-2.470588	
  .0001401	 1.372549	-2.470588	
  .0001402	 1.372549	-2.470588	
  .0001403	 1.215686	-2.470588	
  .0001404	 1.294118	-2.54902	
  .0001405	 1.372549	-2.54902	
  .0001406	 1.294118	-2.54902	
  .0001407	 1.294118	-2.54902	
  .0001408	 1.294118	-2.54902	
  .0001409	 1.294118	-2.54902	
  .000141	 1.294118	-2.54902	
  .0001411	 1.294118	-2.470588	
  .0001412	 1.215686	-2.54902	
  .0001413	 1.294118	-2.54902	
  .0001414	 1.294118	-2.54902	
  .0001415	 1.294118	-2.54902	
  .0001416	 1.294118	-2.54902	
  .0001417	 1.294118	-2.54902	
  .0001418	 1.294118	-2.54902	
  .0001419	 1.294118	-2.470588	
  .000142	 1.372549	-2.54902	
  .0001421	 1.372549	-2.54902	
  .0001422	 1.372549	-2.54902	
  .0001423	 1.294118	-2.54902	
  .0001424	 1.294118	-2.470588	
  .0001425	 1.294118	-2.54902	
  .0001426	 1.294118	-2.54902	
  .0001427	 1.294118	-2.54902	
  .0001428	 1.215686	-2.54902	
  .0001429	 1.294118	-2.54902	
  .000143	 1.215686	-2.54902	
  .0001431	 1.294118	-2.54902	
  .0001432	 1.294118	-2.54902	
  .0001433	 1.215686	-2.470588	
  .0001434	 1.294118	-2.54902	
  .0001435	 1.215686	-2.54902	
  .0001436	 1.294118	-2.54902	
  .0001437	 1.294118	-2.470588	
  .0001438	 1.294118	-2.470588	
  .0001439	 1.215686	-2.54902	
  .000144	 1.215686	-2.54902	
  .0001441	 1.294118	-2.54902	
  .0001442	 1.294118	-2.627451	
  .0001443	 1.294118	-2.54902	
  .0001444	 1.294118	-2.627451	
  .0001445	 1.294118	-2.470588	
  .0001446	 1.372549	-2.54902	
  .0001447	 1.215686	-2.627451	
  .0001448	 1.215686	-2.627451	
  .0001449	 1.372549	-2.627451	
  .000145	 1.294118	-2.54902	
  .0001451	 1.294118	-2.470588	
  .0001452	 1.294118	-2.470588	
  .0001453	 1.294118	-2.627451	
  .0001454	 1.294118	-2.54902	
  .0001455	 1.294118	-2.54902	
  .0001456	 1.294118	-2.627451	
  .0001457	 1.294118	-2.627451	
  .0001458	 1.215686	-2.627451	
  .0001459	 1.215686	-2.627451	
  .000146	 1.372549	-2.627451	
  .0001461	 1.215686	-2.54902	
  .0001462	 1.294118	-2.54902	
  .0001463	 1.372549	-2.627451	
  .0001464	 1.294118	-2.54902	
  .0001465	 1.372549	-2.54902	
  .0001466	 1.215686	-2.627451	
  .0001467	 1.294118	-2.627451	
  .0001468	 1.294118	-2.627451	
  .0001469	 1.372549	-2.54902	
  .000147	 1.215686	-2.627451	
  .0001471	 1.215686	-2.54902	
  .0001472	 1.294118	-2.627451	
  .0001473	 1.372549	-2.54902	
  .0001474	 1.372549	-2.627451	
  .0001475	 1.294118	-2.627451	
  .0001476	 1.294118	-2.54902	
  .0001477	 1.294118	-2.627451	
  .0001478	 1.215686	-2.627451	
  .0001479	 1.294118	-2.627451	
  .000148	 1.294118	-2.627451	
  .0001481	 1.215686	-2.54902	
  .0001482	 1.294118	-2.627451	
  .0001483	 1.294118	-2.627451	
  .0001484	 1.294118	-2.627451	
  .0001485	 1.294118	-2.54902	
  .0001486	 1.294118	-2.627451	
  .0001487	 1.294118	-2.627451	
  .0001488	 1.294118	-2.627451	
  .0001489	 1.294118	-2.705882	
  .000149	 1.294118	-2.627451	
  .0001491	 1.294118	-2.705882	
  .0001492	 1.372549	-2.54902	
  .0001493	 1.294118	-2.627451	
  .0001494	 1.294118	-2.705882	
  .0001495	 1.294118	-2.627451	
  .0001496	 1.372549	-2.627451	
  .0001497	 1.215686	-2.54902	
  .0001498	 1.215686	-2.627451	
  .0001499	 1.215686	-2.54902	
  .00015	 1.294118	-2.705882	
  .0001501	 1.294118	-2.705882	
  .0001502	 1.294118	-2.627451	
  .0001503	 1.215686	-2.705882	
  .0001504	 1.372549	-2.705882	
  .0001505	 1.294118	-2.705882	
  .0001506	 1.215686	-2.54902	
  .0001507	 1.294118	-2.627451	
  .0001508	 1.294118	-2.627451	
  .0001509	 1.294118	-2.627451	
  .000151	 1.215686	-2.627451	
  .0001511	 1.215686	-2.627451	
  .0001512	 1.294118	-2.627451	
  .0001513	 1.215686	-2.705882	
  .0001514	 1.215686	-2.705882	
  .0001515	 1.215686	-2.627451	
  .0001516	 1.215686	-2.705882	
  .0001517	 1.215686	-2.627451	
  .0001518	 1.294118	-2.54902	
  .0001519	 1.294118	-2.627451	
  .000152	 1.215686	-2.627451	
  .0001521	 1.294118	-2.54902	
  .0001522	 1.215686	-2.627451	
  .0001523	 1.294118	-2.627451	
  .0001524	 1.215686	-2.705882	
  .0001525	 1.137255	-2.862745	
  .0001526	 1.294118	-2.941176	
  .0001527	 1.215686	-2.54902	
  .0001528	 1.215686	-2.627451	
  .0001529	 1.215686	-2.627451	
  .000153	 1.215686	-2.54902	
  .0001531	 1.294118	-2.705882	
  .0001532	 1.137255	-2.627451	
  .0001533	 1.137255	-2.54902	
  .0001534	 1.294118	-2.627451	
  .0001535	 1.215686	-2.627451	
  .0001536	 1.215686	-2.627451	
  .0001537	 1.137255	-2.54902	
  .0001538	 1.215686	-2.627451	
  .0001539	 1.137255	-2.54902	
  .000154	 1.294118	-2.627451	
  .0001541	 1.215686	-2.54902	
  .0001542	 1.215686	-2.627451	
  .0001543	 1.137255	-2.54902	
  .0001544	 1.137255	-2.54902	
  .0001545	 1.137255	-2.627451	
  .0001546	 1.137255	-2.54902	
  .0001547	 1.215686	-2.54902	
  .0001548	 1.137255	-2.627451	
  .0001549	 1.215686	-2.627451	
  .000155	 1.058824	-2.54902	
  .0001551	 1.215686	-2.470588	
  .0001552	 1.215686	-2.627451	
  .0001553	 1.215686	-2.627451	
  .0001554	 1.215686	-2.627451	
  .0001555	 1.137255	-2.54902	
  .0001556	 1.215686	-2.54902	
  .0001557	 1.137255	-2.627451	
  .0001558	 1.137255	-2.54902	
  .0001559	 1.215686	-2.54902	
  .000156	 1.137255	-2.54902	
  .0001561	 1.215686	-2.54902	
  .0001562	 1.137255	-2.54902	
  .0001563	 1.137255	-2.54902	
  .0001564	 1.215686	-2.54902	
  .0001565	 1.137255	-2.54902	
  .0001566	 1.215686	-2.54902	
  .0001567	 1.215686	-2.54902	
  .0001568	 1.215686	-2.627451	
  .0001569	 1.058824	-2.54902	
  .000157	 1.137255	-2.470588	
  .0001571	 1.294118	-2.54902	
  .0001572	 1.294118	-2.470588	
  .0001573	 1.215686	-2.54902	
  .0001574	 1.058824	-2.54902	
  .0001575	 1.215686	-2.54902	
  .0001576	 1.215686	-2.54902	
  .0001577	 1.137255	-2.54902	
  .0001578	 1.215686	-2.54902	
  .0001579	 1.137255	-2.470588	
  .000158	 1.137255	-2.470588	
  .0001581	 1.215686	-2.54902	
  .0001582	 1.137255	-2.54902	
  .0001583	 1.137255	-2.54902	
  .0001584	 1.058824	-2.470588	
  .0001585	 1.137255	-2.470588	
  .0001586	 1.215686	-2.54902	
  .0001587	 1.215686	-2.470588	
  .0001588	 1.137255	-2.54902	
  .0001589	 1.137255	-2.470588	
  .000159	 1.294118	-2.54902	
  .0001591	 1.137255	-2.392157	
  .0001592	 1.215686	-2.54902	
  .0001593	 1.294118	-2.54902	
  .0001594	 1.137255	-2.54902	
  .0001595	 1.215686	-2.470588	
  .0001596	 1.058824	-2.470588	
  .0001597	 1.058824	-2.54902	
  .0001598	 1.137255	-2.392157	
  .0001599	 1.215686	-2.470588	
  .00016	 1.137255	-2.470588	
  .0001601	 1.215686	-2.392157	
  .0001602	 1.137255	-2.470588	
  .0001603	 1.215686	-2.470588	
  .0001604	 1.215686	-2.470588	
  .0001605	 1.137255	-2.392157	
  .0001606	 1.137255	-2.54902	
  .0001607	 1.137255	-2.54902	
  .0001608	 1.215686	-2.54902	
  .0001609	 1.137255	-2.470588	
  .000161	 1.137255	-2.470588	
  .0001611	 1.137255	-2.54902	
  .0001612	 1.058824	-2.392157	
  .0001613	 1.058824	-2.470588	
  .0001614	 1.137255	-2.54902	
  .0001615	 1.215686	-2.54902	
  .0001616	 1.058824	-2.470588	
  .0001617	 1.215686	-2.313725	
  .0001618	 1.137255	-2.470588	
  .0001619	 1.137255	-2.392157	
  .000162	 1.215686	-2.470588	
  .0001621	 1.137255	-2.54902	
  .0001622	 1.137255	-2.392157	
  .0001623	 1.137255	-2.392157	
  .0001624	 1.058824	-2.470588	
  .0001625	 1.137255	-2.470588	
  .0001626	 1.137255	-2.470588	
  .0001627	 1.137255	-2.54902	
  .0001628	 1.058824	-2.470588	
  .0001629	 1.137255	-2.470588	
  .000163	 1.137255	-2.392157	
  .0001631	 1.058824	-2.392157	
  .0001632	 1.137255	-2.470588	
  .0001633	 1.058824	-2.470588	
  .0001634	 1.058824	-2.470588	
  .0001635	 1.137255	-2.470588	
  .0001636	 1.137255	-2.392157	
  .0001637	 1.137255	-2.470588	
  .0001638	 1.058824	-2.392157	
  .0001639	 1.137255	-2.392157	
  .000164	 1.137255	-2.470588	
  .0001641	 1.137255	-2.470588	
  .0001642	 1.058824	-2.392157	
  .0001643	 1.058824	-2.392157	
  .0001644	 1.137255	-2.54902	
  .0001645	 1.058824	-2.470588	
  .0001646	 1.137255	-2.470588	
  .0001647	 1.058824	-2.470588	
  .0001648	 1.137255	-2.470588	
  .0001649	 1.058824	-2.392157	
  .000165	 1.137255	-2.392157	
  .0001651	 1.137255	-2.392157	
  .0001652	 1.137255	-2.470588	
  .0001653	 1.137255	-2.392157	
  .0001654	 1.058824	-2.392157	
  .0001655	 1.058824	-2.392157	
  .0001656	 1.137255	-2.470588	
  .0001657	 1.058824	-2.392157	
  .0001658	 1.058824	-2.470588	
  .0001659	 .9803922	-2.392157	
  .000166	 1.137255	-2.392157	
  .0001661	 1.137255	-2.470588	
  .0001662	 1.058824	-2.392157	
  .0001663	 1.137255	-2.392157	
  .0001664	 1.058824	-2.470588	
  .0001665	 1.137255	-2.313725	
  .0001666	 1.058824	-2.392157	
  .0001667	 1.137255	-2.392157	
  .0001668	 1.058824	-2.392157	
  .0001669	 1.058824	-2.313725	
  .000167	 1.137255	-2.392157	
  .0001671	 1.137255	-2.392157	
  .0001672	 1.137255	-2.392157	
  .0001673	 1.058824	-2.470588	
  .0001674	 .9803922	-2.470588	
  .0001675	 .9803922	-2.392157	
  .0001676	 1.058824	-2.313725	
  .0001677	 1.137255	-2.313725	
  .0001678	 .9803922	-2.313725	
  .0001679	 1.058824	-2.392157	
  .000168	 1.058824	-2.470588	
  .0001681	 1.137255	-2.392157	
  .0001682	 .9803922	-2.392157	
  .0001683	 1.058824	-2.313725	
  .0001684	 1.137255	-2.392157	
  .0001685	 1.058824	-2.392157	
  .0001686	 1.058824	-2.313725	
  .0001687	 1.058824	-2.392157	
  .0001688	 1.058824	-2.313725	
  .0001689	 1.058824	-2.392157	
  .000169	 1.137255	-2.313725	
  .0001691	 1.058824	-2.313725	
  .0001692	 1.137255	-2.392157	
  .0001693	 1.058824	-2.392157	
  .0001694	 .9803922	-2.313725	
  .0001695	 .9803922	-2.313725	
  .0001696	 1.058824	-2.392157	
  .0001697	 1.058824	-2.235294	
  .0001698	 1.058824	-2.392157	
  .0001699	 1.058824	-2.313725	
  .00017	 1.058824	-2.313725	
  .0001701	 .9803922	-2.313725	
  .0001702	 1.058824	-2.392157	
  .0001703	 1.058824	-2.313725	
  .0001704	 .9803922	-2.313725	
  .0001705	 .9803922	-2.313725	
  .0001706	 .9803922	-2.313725	
  .0001707	 .9803922	-2.313725	
  .0001708	 .9803922	-2.313725	
  .0001709	 .9803922	-2.235294	
  .000171	 .9803922	-2.313725	
  .0001711	 1.058824	-2.313725	
  .0001712	 1.058824	-2.313725	
  .0001713	 .9803922	-2.313725	
  .0001714	 1.058824	-2.392157	
  .0001715	 .9803922	-2.313725	
  .0001716	 .9803922	-2.235294	
  .0001717	 1.137255	-2.313725	
  .0001718	 .9803922	-2.235294	
  .0001719	 1.058824	-2.313725	
  .000172	 1.058824	-2.313725	
  .0001721	 .9019608	-2.235294	
  .0001722	 1.058824	-2.235294	
  .0001723	 .9803922	-2.313725	
  .0001724	 .9803922	-2.235294	
  .0001725	 .9803922	-2.313725	
  .0001726	 .9803922	-2.235294	
  .0001727	 .9803922	-2.235294	
  .0001728	 .9803922	-2.235294	
  .0001729	 .9803922	-2.235294	
  .000173	 .9803922	-2.156863	
  .0001731	 .9803922	-2.235294	
  .0001732	 .9803922	-2.313725	
  .0001733	 .9803922	-2.235294	
  .0001734	 .9803922	-2.235294	
  .0001735	 .9803922	-2.156863	
  .0001736	 .9019608	-2.313725	
  .0001737	 .9019608	-2.235294	
  .0001738	 .9803922	-2.235294	
  .0001739	 .9019608	-2.235294	
  .000174	 .9019608	-2.156863	
  .0001741	 .9803922	-2.235294	
  .0001742	 .9803922	-2.235294	
  .0001743	 .9803922	-2.235294	
  .0001744	 .9803922	-2.235294	
  .0001745	 .9019608	-2.235294	
  .0001746	 .9019608	-2.235294	
  .0001747	 .9019608	-2.313725	
  .0001748	 .9019608	-2.235294	
  .0001749	 .9019608	-2.156863	
  .000175	 .9803922	-2.235294	
  .0001751	 .9803922	-2.235294	
  .0001752	 .9019608	-2.156863	
  .0001753	 .9803922	-2.156863	
  .0001754	 .9019608	-2.235294	
  .0001755	 .9019608	-2.235294	
  .0001756	 .9019608	-2.235294	
  .0001757	 .9019608	-2.156863	
  .0001758	 .9803922	-2.156863	
  .0001759	 .9803922	-2.156863	
  .000176	 .9803922	-2.235294	
  .0001761	 .9019608	-2.156863	
  .0001762	 .9019608	-2.235294	
  .0001763	 .9019608	-2.156863	
  .0001764	 .9019608	-2.235294	
  .0001765	 .9019608	-2.078431	
  .0001766	 .9803922	-2.156863	
  .0001767	 .9019608	-2.078431	
  .0001768	 .8235294	-2.078431	
  .0001769	 .9803922	-2.235294	
  .000177	 .9803922	-2.078431	
  .0001771	 .9019608	-2.156863	
  .0001772	 .9019608	-2.156863	
  .0001773	 .9019608	-2.156863	
  .0001774	 .9019608	-2.235294	
  .0001775	 .9019608	-2.078431	
  .0001776	 .9019608	-2.156863	
  .0001777	 .8235294	-2.078431	
  .0001778	 .9019608	-2.156863	
  .0001779	 .8235294	-2.235294	
  .000178	 .9803922	-2.156863	
  .0001781	 .8235294	-2.156863	
  .0001782	 .9019608	-2.078431	
  .0001783	 .9019608	-2.078431	
  .0001784	 .9803922	-2.235294	
  .0001785	 .8235294	-2.156863	
  .0001786	 .9019608	-2.156863	
  .0001787	 .9019608	-2	
  .0001788	 .9019608	-2.078431	
  .0001789	 .9019608	-2.078431	
  .000179	 .9019608	-2.156863	
  .0001791	 .9803922	-2.156863	
  .0001792	 .8235294	-2.078431	
  .0001793	 .8235294	-2.156863	
  .0001794	 .8235294	-2	
  .0001795	 .8235294	-2.156863	
  .0001796	 .8235294	-2	
  .0001797	 .9019608	-2.078431	
  .0001798	 .8235294	-2	
  .0001799	 .7450981	-2	
  .00018	 .9019608	-2.078431	
  .0001801	 .8235294	-2.078431	
  .0001802	 .9019608	-2.078431	
  .0001803	 .8235294	-2	
  .0001804	 .9019608	-1.921569	
  .0001805	 .8235294	-2.078431	
  .0001806	 .8235294	-2	
  .0001807	 .7450981	-2.078431	
  .0001808	 .8235294	-2	
  .0001809	 .8235294	-2.078431	
  .000181	 .9019608	-2	
  .0001811	 .7450981	-2.078431	
  .0001812	 .8235294	-2.078431	
  .0001813	 .8235294	-2	
  .0001814	 .8235294	-2.078431	
  .0001815	 .8235294	-2	
  .0001816	 .8235294	-2	
  .0001817	 .7450981	-2	
  .0001818	 .8235294	-2	
  .0001819	 .7450981	-2	
  .000182	 .7450981	-2	
  .0001821	 .7450981	-2	
  .0001822	 .7450981	-2	
  .0001823	 .8235294	-2	
  .0001824	 .8235294	-2	
  .0001825	 .7450981	-2	
  .0001826	 .8235294	-2	
  .0001827	 .8235294	-1.921569	
  .0001828	 .8235294	-2	
  .0001829	 .7450981	-1.921569	
  .000183	 .8235294	-1.921569	
  .0001831	 .8235294	-1.843137	
  .0001832	 .7450981	-2	
  .0001833	 .7450981	-1.921569	
  .0001834	 .8235294	-1.921569	
  .0001835	 .8235294	-1.921569	
  .0001836	 .7450981	-2	
  .0001837	 .8235294	-1.921569	
  .0001838	 .8235294	-2	
  .0001839	 .7450981	-2	
  .000184	 .7450981	-2	
  .0001841	 .7450981	-1.921569	
  .0001842	 .8235294	-1.843137	
  .0001843	 .7450981	-1.921569	
  .0001844	 .7450981	-1.921569	
  .0001845	 .7450981	-1.921569	
  .0001846	 .8235294	-1.921569	
  .0001847	 .6666667	-1.921569	
  .0001848	 .8235294	-1.843137	
  .0001849	 .6666667	-1.843137	
  .000185	 .7450981	-1.921569	
  .0001851	 .7450981	-1.921569	
  .0001852	 .7450981	-1.843137	
  .0001853	 .7450981	-1.921569	
  .0001854	 .7450981	-1.921569	
  .0001855	 .8235294	-1.843137	
  .0001856	 .7450981	-1.843137	
  .0001857	 .6666667	-1.843137	
  .0001858	 .7450981	-1.921569	
  .0001859	 .8235294	-1.843137	
  .000186	 .7450981	-1.843137	
  .0001861	 .8235294	-1.843137	
  .0001862	 .7450981	-1.843137	
  .0001863	 .7450981	-1.843137	
  .0001864	 .7450981	-1.843137	
  .0001865	 .8235294	-1.843137	
  .0001866	 .7450981	-1.921569	
  .0001867	 .6666667	-1.764706	
  .0001868	 .6666667	-1.921569	
  .0001869	 .8235294	-1.764706	
  .000187	 .6666667	-1.764706	
  .0001871	 .7450981	-1.843137	
  .0001872	 .7450981	-1.843137	
  .0001873	 .7450981	-1.764706	
  .0001874	 .7450981	-1.843137	
  .0001875	 .7450981	-1.764706	
  .0001876	 .6666667	-1.764706	
  .0001877	 .6666667	-1.843137	
  .0001878	 .7450981	-1.843137	
  .0001879	 .7450981	-1.764706	
  .000188	 .6666667	-1.764706	
  .0001881	 .7450981	-1.686275	
  .0001882	 .7450981	-1.764706	
  .0001883	 .7450981	-1.764706	
  .0001884	 .6666667	-1.764706	
  .0001885	 .7450981	-1.764706	
  .0001886	 .6666667	-1.764706	
  .0001887	 .7450981	-1.764706	
  .0001888	 .7450981	-1.607843	
  .0001889	 .7450981	-1.764706	
  .000189	 .7450981	-1.843137	
  .0001891	 .6666667	-1.764706	
  .0001892	 .7450981	-1.764706	
  .0001893	 .5882353	-1.686275	
  .0001894	 .6666667	-1.764706	
  .0001895	 .5882353	-1.686275	
  .0001896	 .6666667	-1.686275	
  .0001897	 .6666667	-1.764706	
  .0001898	 .7450981	-1.686275	
  .0001899	 .6666667	-1.686275	
  .00019	 .7450981	-1.686275	
  .0001901	 .5882353	-1.686275	
  .0001902	 .5882353	-1.686275	
  .0001903	 .6666667	-1.686275	
  .0001904	 .7450981	-1.686275	
  .0001905	 .6666667	-1.764706	
  .0001906	 .5882353	-1.686275	
  .0001907	 .5882353	-1.607843	
  .0001908	 .6666667	-1.686275	
  .0001909	 .5882353	-1.607843	
  .000191	 .6666667	-1.607843	
  .0001911	 .6666667	-1.686275	
  .0001912	 .5882353	-1.686275	
  .0001913	 .6666667	-1.686275	
  .0001914	 .6666667	-1.686275	
  .0001915	 .6666667	-1.607843	
  .0001916	 .5882353	-1.607843	
  .0001917	 .6666667	-1.686275	
  .0001918	 .5882353	-1.686275	
  .0001919	 .5882353	-1.607843	
  .000192	 .6666667	-1.686275	
  .0001921	 .5882353	-1.686275	
  .0001922	 .6666667	-1.607843	
  .0001923	 .5882353	-1.607843	
  .0001924	 .6666667	-1.529412	
  .0001925	 .5882353	-1.607843	
  .0001926	 .5882353	-1.686275	
  .0001927	 .6666667	-1.607843	
  .0001928	 .5882353	-1.529412	
  .0001929	 .5882353	-1.607843	
  .000193	 .5882353	-1.607843	
  .0001931	 .5882353	-1.529412	
  .0001932	 .5882353	-1.607843	
  .0001933	 .5882353	-1.529412	
  .0001934	 .6666667	-1.607843	
  .0001935	 .5882353	-1.529412	
  .0001936	 .6666667	-1.607843	
  .0001937	 .5882353	-1.529412	
  .0001938	 .5882353	-1.607843	
  .0001939	 .509804	-1.607843	
  .000194	 .509804	-1.529412	
  .0001941	 .5882353	-1.529412	
  .0001942	 .5882353	-1.529412	
  .0001943	 .5882353	-1.529412	
  .0001944	 .509804	-1.529412	
  .0001945	 .5882353	-1.607843	
  .0001946	 .5882353	-1.529412	
  .0001947	 .5882353	-1.45098	
  .0001948	 .509804	-1.529412	
  .0001949	 .5882353	-1.529412	
  .000195	 .5882353	-1.529412	
  .0001951	 .5882353	-1.529412	
  .0001952	 .5882353	-1.529412	
  .0001953	 .509804	-1.529412	
  .0001954	 .5882353	-1.529412	
  .0001955	 .5882353	-1.529412	
  .0001956	 .509804	-1.529412	
  .0001957	 .509804	-1.45098	
  .0001958	 .5882353	-1.529412	
  .0001959	 .509804	-1.45098	
  .000196	 .6666667	-1.45098	
  .0001961	 .5882353	-1.45098	
  .0001962	 .5882353	-1.45098	
  .0001963	 .509804	-1.529412	
  .0001964	 .6666667	-1.529412	
  .0001965	 .509804	-1.529412	
  .0001966	 .509804	-1.45098	
  .0001967	 .509804	-1.45098	
  .0001968	 .6666667	-1.45098	
  .0001969	 .509804	-1.529412	
  .000197	 .4313726	-1.45098	
  .0001971	 .509804	-1.45098	
  .0001972	 .509804	-1.45098	
  .0001973	 .5882353	-1.372549	
  .0001974	 .5882353	-1.45098	
  .0001975	 .509804	-1.45098	
  .0001976	 .509804	-1.45098	
  .0001977	 .509804	-1.45098	
  .0001978	 .509804	-1.45098	
  .0001979	 .509804	-1.372549	
  .000198	 .5882353	-1.372549	
  .0001981	 .5882353	-1.372549	
  .0001982	 .509804	-1.372549	
  .0001983	 .509804	-1.372549	
  .0001984	 .5882353	-1.45098	
  .0001985	 .509804	-1.294118	
  .0001986	 .509804	-1.45098	
  .0001987	 .5882353	-1.294118	
  .0001988	 .5882353	-1.372549	
  .0001989	 .5882353	-1.372549	
  .000199	 .509804	-1.294118	
  .0001991	 .509804	-1.294118	
  .0001992	 .3529412	-1.215686	
  .0001993	 .4313726	-1.372549	
  .0001994	 .4313726	-1.215686	
  .0001995	 .509804	-1.294118	
  .0001996	 .509804	-1.372549	
  .0001997	 .4313726	-1.294118	
  .0001998	 .4313726	-1.294118	
  .0001999	 .5882353	-1.294118	
  .0002	 .509804	-1.372549	
  .0002001	 .4313726	-1.294118	
  .0002002	 .509804	-1.294118	
  .0002003	 .5882353	-1.294118	
  .0002004	 .509804	-1.294118	
  .0002005	 .509804	-1.215686	
  .0002006	 .4313726	-1.215686	
  .0002007	 .509804	-1.372549	
  .0002008	 .509804	-1.294118	
  .0002009	 .509804	-1.294118	
  .000201	 .509804	-1.294118	
  .0002011	 .4313726	-1.294118	
  .0002012	 .4313726	-1.294118	
  .0002013	 .509804	-1.215686	
  .0002014	 .509804	-1.215686	
  .0002015	 .509804	-1.294118	
  .0002016	 .4313726	-1.294118	
  .0002017	 .4313726	-1.215686	
  .0002018	 .4313726	-1.137255	
  .0002019	 .4313726	-1.215686	
  .000202	 .4313726	-1.294118	
  .0002021	 .4313726	-1.215686	
  .0002022	 .4313726	-1.215686	
  .0002023	 .4313726	-1.215686	
  .0002024	 .509804	-1.215686	
  .0002025	 .4313726	-1.137255	
  .0002026	 .4313726	-1.215686	
  .0002027	 .3529412	-1.215686	
  .0002028	 .3529412	-1.215686	
  .0002029	 .4313726	-1.215686	
  .000203	 .4313726	-1.215686	
  .0002031	 .4313726	-1.137255	
  .0002032	 .4313726	-1.137255	
  .0002033	 .3529412	-1.215686	
  .0002034	 .3529412	-1.137255	
  .0002035	 .4313726	-1.215686	
  .0002036	 .4313726	-1.137255	
  .0002037	 .3529412	-1.137255	
  .0002038	 .4313726	-1.215686	
  .0002039	 .3529412	-1.058824	
  .000204	 .3529412	-1.137255	
  .0002041	 .4313726	-1.137255	
  .0002042	 .4313726	-1.137255	
  .0002043	 .3529412	-1.215686	
  .0002044	 .4313726	-1.137255	
  .0002045	 .3529412	-1.137255	
  .0002046	 .4313726	-1.058824	
  .0002047	 .3529412	-1.058824	
  .0002048	 .4313726	-1.215686	
  .0002049	 .4313726	-1.058824	
  .000205	 .4313726	-1.058824	
  .0002051	 .4313726	-1.137255	
  .0002052	 .3529412	-1.137255	
  .0002053	 .2745098	-1.137255	
  .0002054	 .3529412	-1.058824	
  .0002055	 .3529412	-1.058824	
  .0002056	 .3529412	-1.058824	
  .0002057	 .3529412	-1.137255	
  .0002058	 .2745098	-.9803922	
  .0002059	 .3529412	-1.058824	
  .000206	 .2745098	-1.058824	
  .0002061	 .4313726	-1.058824	
  .0002062	 .4313726	-1.058824	
  .0002063	 .4313726	-.9803922	
  .0002064	 .2745098	-.9803922	
  .0002065	 .2745098	-.9803922	
  .0002066	 .3529412	-1.058824	
  .0002067	 .4313726	-.9803922	
  .0002068	 .3529412	-1.058824	
  .0002069	 .3529412	-.9803922	
  .000207	 .2745098	-.9803922	
  .0002071	 .3529412	-1.058824	
  .0002072	 .2745098	-.9803922	
  .0002073	 .3529412	-1.058824	
  .0002074	 .2745098	-.9019608	
  .0002075	 .2745098	-1.058824	
  .0002076	 .3529412	-.9803922	
  .0002077	 .3529412	-.9803922	
  .0002078	 .2745098	-1.058824	
  .0002079	 .4313726	-.9019608	
  .000208	 .3529412	-.9803922	
  .0002081	 .3529412	-.9803922	
  .0002082	 .3529412	-.9019608	
  .0002083	 .2745098	-.9803922	
  .0002084	 .2745098	-.9019608	
  .0002085	 .2745098	-.9803922	
  .0002086	 .3529412	-.9019608	
  .0002087	 .3529412	-.9019608	
  .0002088	 .3529412	-.9803922	
  .0002089	 .2745098	-.9019608	
  .000209	 .2745098	-.8235294	
  .0002091	 .2745098	-.8235294	
  .0002092	 .2745098	-.9019608	
  .0002093	 .3529412	-.8235294	
  .0002094	 .2745098	-.9803922	
  .0002095	 .1960784	-.9019608	
  .0002096	 .2745098	-.9019608	
  .0002097	 .1960784	-.8235294	
  .0002098	 .2745098	-.9803922	
  .0002099	 .2745098	-.9019608	
  .00021	 .3529412	-.8235294	
  .0002101	 .2745098	-.8235294	
  .0002102	 .2745098	-.9019608	
  .0002103	 .2745098	-.8235294	
  .0002104	 .1960784	-.8235294	
  .0002105	 .2745098	-.8235294	
  .0002106	 .2745098	-.8235294	
  .0002107	 .1960784	-.7450981	
  .0002108	 .1960784	-.8235294	
  .0002109	 .1960784	-.8235294	
  .000211	 .2745098	-.8235294	
  .0002111	 .1960784	-.8235294	
  .0002112	 .2745098	-.8235294	
  .0002113	 .2745098	-.8235294	
  .0002114	 .2745098	-.7450981	
  .0002115	 .2745098	-.8235294	
  .0002116	 .2745098	-.8235294	
  .0002117	 .2745098	-.7450981	
  .0002118	 .1960784	-.8235294	
  .0002119	 .1960784	-.8235294	
  .000212	 .2745098	-.7450981	
  .0002121	 .1960784	-.7450981	
  .0002122	 .1960784	-.7450981	
  .0002123	 .1176471	-.7450981	
  .0002124	 .1960784	-.6666667	
  .0002125	 .1960784	-.6666667	
  .0002126	 .1176471	-.7450981	
  .0002127	 .1176471	-.7450981	
  .0002128	 .1960784	-.7450981	
  .0002129	 .1176471	-.7450981	
  .000213	 .1960784	-.6666667	
  .0002131	 .1960784	-.6666667	
  .0002132	 .1176471	-.6666667	
  .0002133	 .1176471	-.5882353	
  .0002134	 .2745098	-.6666667	
  .0002135	 .1176471	-.8235294	
  .0002136	 .1176471	-.6666667	
  .0002137	 .1176471	-.7450981	
  .0002138	 .1960784	-.6666667	
  .0002139	 .1960784	-.6666667	
  .000214	 .1176471	-.6666667	
  .0002141	 .1960784	-.7450981	
  .0002142	 .1176471	-.7450981	
  .0002143	 .1960784	-.7450981	
  .0002144	 3.921569E-02	-.6666667	
  .0002145	 .1176471	-.5882353	
  .0002146	 .1960784	-.5882353	
  .0002147	 .1176471	-.6666667	
  .0002148	 .1176471	-.6666667	
  .0002149	 .1960784	-.6666667	
  .000215	 .1176471	-.5882353	
  .0002151	 .1176471	-.6666667	
  .0002152	 .1176471	-.6666667	
  .0002153	 .1176471	-.5882353	
  .0002154	 .1176471	-.5882353	
  .0002155	 .1176471	-.5882353	
  .0002156	 .1176471	-.5882353	
  .0002157	 .1176471	-.509804	
  .0002158	 .1176471	-.5882353	
  .0002159	 .1176471	-.5882353	
  .000216	 3.921569E-02	-.509804	
  .0002161	 .1960784	-.5882353	
  .0002162	 .1960784	-.5882353	
  .0002163	 3.921569E-02	-.509804	
  .0002164	 .1176471	-.509804	
  .0002165	 .1176471	-.509804	
  .0002166	 .1176471	-.509804	
  .0002167	 .1176471	-.5882353	
  .0002168	 .1176471	-.5882353	
  .0002169	 3.921569E-02	-.509804	
  .000217	 3.921569E-02	-.509804	
  .0002171	 3.921569E-02	-.509804	
  .0002172	 .1176471	-.4313726	
  .0002173	 3.921569E-02	-.509804	
  .0002174	 .1176471	-.4313726	
  .0002175	 3.921569E-02	-.4313726	
  .0002176	 .1176471	-.509804	
  .0002177	 .1176471	-.5882353	
  .0002178	 .1960784	-.4313726	
  .0002179	 3.921569E-02	-.4313726	
  .000218	 .1176471	-.509804	
  .0002181	 3.921569E-02	-.4313726	
  .0002182	 .1176471	-.509804	
  .0002183	 3.921569E-02	-.509804	
  .0002184	 .1176471	-.509804	
  .0002185	 3.921569E-02	-.3529412	
  .0002186	 .1176471	-.4313726	
  .0002187	 3.921569E-02	-.509804	
  .0002188	 .1176471	-.4313726	
  .0002189	 3.921569E-02	-.3529412	
  .000219	-3.921569E-02	-.3529412	
  .0002191	 3.921569E-02	-.4313726	
  .0002192	-3.921569E-02	-.3529412	
  .0002193	 3.921569E-02	-.4313726	
  .0002194	-3.921569E-02	-.3529412	
  .0002195	 3.921569E-02	-.3529412	
  .0002196	-3.921569E-02	-.3529412	
  .0002197	 3.921569E-02	-.4313726	
  .0002198	 3.921569E-02	-.2745098	
  .0002199	 3.921569E-02	-.3529412	
  .00022	 3.921569E-02	-.3529412	
  .0002201	 3.921569E-02	-.4313726	
  .0002202	 3.921569E-02	-.3529412	
  .0002203	 3.921569E-02	-.3529412	
  .0002204	-3.921569E-02	-.3529412	
  .0002205	 3.921569E-02	-.3529412	
  .0002206	-3.921569E-02	-.3529412	
  .0002207	 3.921569E-02	-.3529412	
  .0002208	-3.921569E-02	-.3529412	
  .0002209	-3.921569E-02	-.2745098	
  .000221	 3.921569E-02	-.3529412	
  .0002211	 3.921569E-02	-.2745098	
  .0002212	 3.921569E-02	-.2745098	
  .0002213	 3.921569E-02	-.1960784	
  .0002214	 3.921569E-02	-.2745098	
  .0002215	 3.921569E-02	-.2745098	
  .0002216	-3.921569E-02	-.2745098	
  .0002217	-3.921569E-02	-.2745098	
  .0002218	-3.921569E-02	-.2745098	
  .0002219	-3.921569E-02	-.3529412	
  .000222	-3.921569E-02	-.2745098	
  .0002221	-3.921569E-02	-.2745098	
  .0002222	 3.921569E-02	-.2745098	
  .0002223	 3.921569E-02	-.1960784	
  .0002224	-3.921569E-02	-.2745098	
  .0002225	-3.921569E-02	-.1960784	
  .0002226	 3.921569E-02	-.1960784	
  .0002227	-3.921569E-02	-.2745098	
  .0002228	-3.921569E-02	-.1176471	
  .0002229	-.1176471	-.2745098	
  .000223	-3.921569E-02	-.1960784	
  .0002231	-3.921569E-02	-.1960784	
  .0002232	-.1176471	-.1176471	
  .0002233	-3.921569E-02	-.1960784	
  .0002234	-.1176471	-.2745098	
  .0002235	-.1176471	-.1176471	
  .0002236	 3.921569E-02	-.2745098	
  .0002237	-3.921569E-02	-.1960784	
  .0002238	-3.921569E-02	-.1960784	
  .0002239	-3.921569E-02	-.1960784	
  .000224	-.1176471	-.1176471	
  .0002241	-.1176471	-.1960784	
  .0002242	-3.921569E-02	-.1176471	
  .0002243	-.1176471	-.1960784	
  .0002244	-.1176471	-.1176471	
  .0002245	-3.921569E-02	-3.921569E-02	
  .0002246	-3.921569E-02	-.1960784	
  .0002247	-3.921569E-02	-.1960784	
  .0002248	-.1176471	-3.921569E-02	
  .0002249	-3.921569E-02	-.1176471	
  .000225	-.1176471	-.1960784	
