 -.0000249	 3.921569E-02	 3.921569E-02	
 -.0000248	 3.921569E-02	 3.921569E-02	
 -.0000247	 3.921569E-02	 3.921569E-02	
 -.0000246	 3.921569E-02	 .1176471	
 -.0000245	 .1176471	 .1176471	
 -.0000244	 3.921569E-02	 .1960784	
 -.0000243	 .1176471	 .1960784	
 -.0000242	 3.921569E-02	 3.921569E-02	
 -.0000241	 .1176471	 3.921569E-02	
 -.000024	 3.921569E-02	 3.921569E-02	
 -.0000239	 .1176471	 .1176471	
 -.0000238	 .1176471	 3.921569E-02	
 -.0000237	 3.921569E-02	 3.921569E-02	
 -.0000236	 .1176471	-3.921569E-02	
 -.0000235	 .1176471	 3.921569E-02	
 -.0000234	 3.921569E-02	 .1176471	
 -.0000233	 3.921569E-02	 3.921569E-02	
 -.0000232	-3.921569E-02	-3.921569E-02	
 -.0000231	 .1176471	 3.921569E-02	
 -.000023	 3.921569E-02	 .1176471	
 -.0000229	 3.921569E-02	 .1176471	
 -.0000228	 3.921569E-02	 .1176471	
 -.0000227	 3.921569E-02	 .1176471	
 -.0000226	 3.921569E-02	 .1176471	
 -.0000225	 .1960784	 .1176471	
 -.0000224	 .1176471	 3.921569E-02	
 -.0000223	 3.921569E-02	 3.921569E-02	
 -.0000222	 3.921569E-02	 3.921569E-02	
 -.0000221	 3.921569E-02	 3.921569E-02	
 -.000022	 .1176471	 .1176471	
 -.0000219	-3.921569E-02	 3.921569E-02	
 -.0000218	 3.921569E-02	 .1176471	
 -.0000217	 3.921569E-02	 3.921569E-02	
 -.0000216	 .1176471	 3.921569E-02	
 -.0000215	 .1176471	 3.921569E-02	
 -.0000214	 3.921569E-02	 3.921569E-02	
 -.0000213	 .1176471	 3.921569E-02	
 -.0000212	 .1176471	 .1960784	
 -.0000211	 .1176471	 .1176471	
 -.000021	 .1176471	 .1176471	
 -.0000209	 .1176471	 .1176471	
 -.0000208	 3.921569E-02	 .1176471	
 -.0000207	 3.921569E-02	 .1176471	
 -.0000206	 3.921569E-02	 3.921569E-02	
 -.0000205	 3.921569E-02	 3.921569E-02	
 -.0000204	 .1176471	 3.921569E-02	
 -.0000203	 3.921569E-02	 3.921569E-02	
 -.0000202	 3.921569E-02	 3.921569E-02	
 -.0000201	 3.921569E-02	 3.921569E-02	
 -.00002	 3.921569E-02	 3.921569E-02	
 -.0000199	 3.921569E-02	 .1176471	
 -.0000198	 .1176471	 3.921569E-02	
 -.0000197	-3.921569E-02	 3.921569E-02	
 -.0000196	 .1176471	 3.921569E-02	
 -.0000195	 3.921569E-02	 3.921569E-02	
 -.0000194	-3.921569E-02	 .1176471	
 -.0000193	 3.921569E-02	 3.921569E-02	
 -.0000192	 3.921569E-02	 3.921569E-02	
 -.0000191	 .1176471	 .1176471	
 -.000019	 3.921569E-02	 3.921569E-02	
 -.0000189	 .1176471	 3.921569E-02	
 -.0000188	 .1176471	 3.921569E-02	
 -.0000187	 .1176471	 3.921569E-02	
 -.0000186	 .1176471	 3.921569E-02	
 -.0000185	 3.921569E-02	 3.921569E-02	
 -.0000184	 3.921569E-02	 3.921569E-02	
 -.0000183	 3.921569E-02	 3.921569E-02	
 -.0000182	 3.921569E-02	 3.921569E-02	
 -.0000181	 3.921569E-02	 .1176471	
 -.000018	 3.921569E-02	 .1176471	
 -.0000179	 .1176471	 3.921569E-02	
 -.0000178	-3.921569E-02	 .1176471	
 -.0000177	 3.921569E-02	 .1176471	
 -.0000176	 3.921569E-02	 .1176471	
 -.0000175	 .1176471	 3.921569E-02	
 -.0000174	 3.921569E-02	 3.921569E-02	
 -.0000173	 3.921569E-02	 3.921569E-02	
 -.0000172	 3.921569E-02	 3.921569E-02	
 -.0000171	 3.921569E-02	 3.921569E-02	
 -.000017	 .1176471	-3.921569E-02	
 -.0000169	 3.921569E-02	 3.921569E-02	
 -.0000168	 .1176471	 .1176471	
 -.0000167	 .1176471	 3.921569E-02	
 -.0000166	 3.921569E-02	 3.921569E-02	
 -.0000165	 .1176471	 .1176471	
 -.0000164	 3.921569E-02	 .1176471	
 -.0000163	 3.921569E-02	-3.921569E-02	
 -.0000162	 3.921569E-02	 .1176471	
 -.0000161	 3.921569E-02	 .1176471	
 -.000016	 .1176471	 3.921569E-02	
 -.0000159	 .1176471	 .1176471	
 -.0000158	 .1176471	 .1176471	
 -.0000157	 .1176471	 .1176471	
 -.0000156	 .1176471	 .1176471	
 -.0000155	 3.921569E-02	 .1176471	
 -.0000154	 3.921569E-02	 3.921569E-02	
 -.0000153	 3.921569E-02	 3.921569E-02	
 -.0000152	-3.921569E-02	 3.921569E-02	
 -.0000151	 .1176471	 3.921569E-02	
 -.000015	 3.921569E-02	 3.921569E-02	
 -.0000149	 3.921569E-02	 .1176471	
 -.0000148	 3.921569E-02	 3.921569E-02	
 -.0000147	 3.921569E-02	 .1176471	
 -.0000146	 .1176471	 .1176471	
 -.0000145	-3.921569E-02	 .1176471	
 -.0000144	 .1176471	 .1176471	
 -.0000143	 3.921569E-02	 3.921569E-02	
 -.0000142	 .1176471	 .1176471	
 -.0000141	 .1176471	 3.921569E-02	
 -.000014	 3.921569E-02	 3.921569E-02	
 -.0000139	 3.921569E-02	 3.921569E-02	
 -.0000138	 3.921569E-02	 3.921569E-02	
 -.0000137	 3.921569E-02	 3.921569E-02	
 -.0000136	 3.921569E-02	 3.921569E-02	
 -.0000135	 .1176471	 3.921569E-02	
 -.0000134	 3.921569E-02	 3.921569E-02	
 -.0000133	 .1176471	 3.921569E-02	
 -.0000132	 3.921569E-02	 3.921569E-02	
 -.0000131	 3.921569E-02	 .1176471	
 -.000013	 .1176471	 .1176471	
 -.0000129	 3.921569E-02	 .1176471	
 -.0000128	 3.921569E-02	 .1176471	
 -.0000127	-3.921569E-02	 3.921569E-02	
 -.0000126	 .1960784	 .1176471	
 -.0000125	 3.921569E-02	 3.921569E-02	
 -.0000124	 3.921569E-02	 3.921569E-02	
 -.0000123	 .1176471	 3.921569E-02	
 -.0000122	 .1176471	 3.921569E-02	
 -.0000121	 .1176471	 .1176471	
 -.000012	 3.921569E-02	 3.921569E-02	
 -.0000119	 .1176471	 .1176471	
 -.0000118	 .1176471	 3.921569E-02	
 -.0000117	 .1176471	 3.921569E-02	
 -.0000116	 .1176471	-3.921569E-02	
 -.0000115	 .1176471	 3.921569E-02	
 -.0000114	 3.921569E-02	 .1176471	
 -.0000113	 .1176471	 .1176471	
 -.0000112	 3.921569E-02	 .1176471	
 -.0000111	 .1176471	 3.921569E-02	
 -.000011	 .1960784	 .1176471	
 -.0000109	 3.921569E-02	 .1176471	
 -.0000108	 3.921569E-02	 .1176471	
 -.0000107	 3.921569E-02	-3.921569E-02	
 -.0000106	 3.921569E-02	 3.921569E-02	
 -.0000105	 .1176471	 .1176471	
 -.0000104	 .1176471	-3.921569E-02	
 -.0000103	 .1176471	 .1176471	
 -.0000102	 3.921569E-02	 3.921569E-02	
 -.0000101	 3.921569E-02	-3.921569E-02	
 -.00001	 .1176471	-3.921569E-02	
 -.0000099	 3.921569E-02	 3.921569E-02	
 -.0000098	 3.921569E-02	 3.921569E-02	
 -.0000097	 .1176471	 .1176471	
 -.0000096	 .1176471	-3.921569E-02	
 -.0000095	 3.921569E-02	 3.921569E-02	
 -.0000094	 .1176471	 3.921569E-02	
 -.0000093	 3.921569E-02	 .1176471	
 -.0000092	 .1176471	 3.921569E-02	
 -.0000091	-3.921569E-02	 3.921569E-02	
 -.000009	 .1176471	 3.921569E-02	
 -.0000089	 3.921569E-02	 3.921569E-02	
 -.0000088	 .1176471	-3.921569E-02	
 -.0000087	 .1176471	 3.921569E-02	
 -.0000086	 3.921569E-02	 .1176471	
 -.0000085	 3.921569E-02	 .1176471	
 -.0000084	 3.921569E-02	 3.921569E-02	
 -.0000083	 3.921569E-02	 3.921569E-02	
 -.0000082	 3.921569E-02	 .1176471	
 -.0000081	 3.921569E-02	 3.921569E-02	
 -.000008	 3.921569E-02	 3.921569E-02	
 -.0000079	 3.921569E-02	 3.921569E-02	
 -.0000078	 3.921569E-02	 3.921569E-02	
 -.0000077	 3.921569E-02	 .1176471	
 -.0000076	 3.921569E-02	 3.921569E-02	
 -.0000075	 3.921569E-02	 .1176471	
 -.0000074	-3.921569E-02	 .1176471	
 -.0000073	 3.921569E-02	 .1176471	
 -.0000072	 3.921569E-02	 3.921569E-02	
 -.0000071	 3.921569E-02	 3.921569E-02	
 -.000007	-3.921569E-02	 .1176471	
 -.0000069	 3.921569E-02	 .1176471	
 -.0000068	-3.921569E-02	 3.921569E-02	
 -.0000067	 .1176471	 .1176471	
 -.0000066	 .1176471	 3.921569E-02	
 -.0000065	 3.921569E-02	 .1176471	
 -.0000064	 3.921569E-02	 3.921569E-02	
 -.0000063	 3.921569E-02	 .1176471	
 -.0000062	 .1176471	 .1960784	
 -.0000061	 .1176471	 3.921569E-02	
 -.000006	 3.921569E-02	 .1176471	
 -.0000059	 3.921569E-02	 .1960784	
 -.0000058	 .1176471	 3.921569E-02	
 -.0000057	 .1176471	 .1176471	
 -.0000056	 .1176471	 3.921569E-02	
 -.0000055	 3.921569E-02	 3.921569E-02	
 -.0000054	-3.921569E-02	 3.921569E-02	
 -.0000053	 3.921569E-02	 3.921569E-02	
 -.0000052	 3.921569E-02	 3.921569E-02	
 -.0000051	 3.921569E-02	 3.921569E-02	
 -.000005	 3.921569E-02	 3.921569E-02	
 -.0000049	 3.921569E-02	-3.921569E-02	
 -.0000048	 3.921569E-02	 .1176471	
 -.0000047	 .1176471	 3.921569E-02	
 -.0000046	 3.921569E-02	 .1176471	
 -.0000045	 3.921569E-02	 .1176471	
 -.0000044	 3.921569E-02	 3.921569E-02	
 -.0000043	 3.921569E-02	 3.921569E-02	
 -.0000042	 3.921569E-02	 .1176471	
 -.0000041	 .1176471	 3.921569E-02	
 -.000004	 3.921569E-02	 3.921569E-02	
 -.0000039	 3.921569E-02	 3.921569E-02	
 -.0000038	 .1176471	-3.921569E-02	
 -.0000037	 .1176471	-3.921569E-02	
 -.0000036	 .1176471	 3.921569E-02	
 -.0000035	 .1176471	 3.921569E-02	
 -.0000034	 .1176471	 .1176471	
 -.0000033	 3.921569E-02	 3.921569E-02	
 -.0000032	 3.921569E-02	 .1176471	
 -.0000031	 3.921569E-02	 .1176471	
 -.000003	 .1176471	 3.921569E-02	
 -.0000029	 3.921569E-02	 .1176471	
 -.0000028	 3.921569E-02	 3.921569E-02	
 -.0000027	 .1176471	 3.921569E-02	
 -.0000026	 .1176471	 3.921569E-02	
 -.0000025	 .1176471	 3.921569E-02	
 -.0000024	 3.921569E-02	-3.921569E-02	
 -.0000023	-3.921569E-02	 .1176471	
 -.0000022	 3.921569E-02	 .1176471	
 -.0000021	 3.921569E-02	 3.921569E-02	
 -.000002	 3.921569E-02	 3.921569E-02	
 -.0000019	 3.921569E-02	 3.921569E-02	
 -.0000018	 .1176471	-3.921569E-02	
 -.0000017	 .1176471	 3.921569E-02	
 -.0000016	 .1176471	 3.921569E-02	
 -.0000015	 3.921569E-02	 .1176471	
 -.0000014	 .1176471	 3.921569E-02	
 -.0000013	 3.921569E-02	 3.921569E-02	
 -.0000012	 .1176471	 3.921569E-02	
 -.0000011	 3.921569E-02	 3.921569E-02	
 -.000001	 3.921569E-02	 3.921569E-02	
 -.0000009	 3.921569E-02	 3.921569E-02	
 -.0000008	 3.921569E-02	 .1176471	
 -.0000007	 3.921569E-02	 3.921569E-02	
 -.0000006	 3.921569E-02	 3.921569E-02	
 -.0000005	 3.921569E-02	-3.921569E-02	
 -.0000004	 3.921569E-02	 3.921569E-02	
 -.0000003	 .1176471	 .1176471	
 -.0000002	 3.921569E-02	 3.921569E-02	
 -.0000001	 3.921569E-02	 .1176471	
  0	 .1176471	-3.921569E-02	
  .0000001	 3.921569E-02	-3.921569E-02	
  .0000002	 .1176471	 .1176471	
  .0000003	 3.921569E-02	 .1176471	
  .0000004	 3.921569E-02	 .1176471	
  .0000005	 3.921569E-02	 3.921569E-02	
  .0000006	-3.921569E-02	 3.921569E-02	
  .0000007	 3.921569E-02	 .1176471	
  .0000008	 .1176471	 .1176471	
  .0000009	 .1176471	 .1176471	
  .000001	 .1176471	 3.921569E-02	
  .0000011	 3.921569E-02	 3.921569E-02	
  .0000012	 .1176471	 .1176471	
  .0000013	 3.921569E-02	 3.921569E-02	
  .0000014	 3.921569E-02	 .1176471	
  .0000015	 3.921569E-02	 3.921569E-02	
  .0000016	 3.921569E-02	 3.921569E-02	
  .0000017	 3.921569E-02	 .1176471	
  .0000018	 3.921569E-02	 .1176471	
  .0000019	 .1176471	 .1176471	
  .000002	 .1176471	 .1176471	
  .0000021	 3.921569E-02	 .1176471	
  .0000022	 3.921569E-02	 3.921569E-02	
  .0000023	 .1176471	 3.921569E-02	
  .0000024	 3.921569E-02	 3.921569E-02	
  .0000025	 .1176471	 3.921569E-02	
  .0000026	 .1176471	 .1960784	
  .0000027	 .1176471	 .1176471	
  .0000028	 .1176471	 3.921569E-02	
  .0000029	 3.921569E-02	 3.921569E-02	
  .000003	 3.921569E-02	 .1176471	
  .0000031	 .1176471	 3.921569E-02	
  .0000032	 3.921569E-02	 3.921569E-02	
  .0000033	 3.921569E-02	 3.921569E-02	
  .0000034	 .1176471	 3.921569E-02	
  .0000035	 3.921569E-02	 .1176471	
  .0000036	 3.921569E-02	 .1176471	
  .0000037	 .1176471	 .1960784	
  .0000038	 .1176471	 3.921569E-02	
  .0000039	 .1176471	 .1960784	
  .000004	 .1176471	 .2745098	
  .0000041	 .1176471	 .1176471	
  .0000042	 3.921569E-02	 .1176471	
  .0000043	 3.921569E-02	 3.921569E-02	
  .0000044	 .1176471	 3.921569E-02	
  .0000045	 .1176471	 3.921569E-02	
  .0000046	 3.921569E-02	-3.921569E-02	
  .0000047	 3.921569E-02	 3.921569E-02	
  .0000048	 3.921569E-02	 3.921569E-02	
  .0000049	-3.921569E-02	-3.921569E-02	
  .000005	 3.921569E-02	 3.921569E-02	
  .0000051	-.6666667	-3.921569E-02	
  .0000052	-1.215686	 .1176471	
  .0000053	-1.607843	 .2745098	
  .0000054	-1.686275	 .6666667	
  .0000055	-1.843137	 .7450981	
  .0000056	-1.843137	 .9803922	
  .0000057	-1.843137	 1.058824	
  .0000058	-1.921569	 1.294118	
  .0000059	-1.921569	 1.372549	
  .000006	-1.921569	 1.529412	
  .0000061	-1.921569	 1.686275	
  .0000062	-1.921569	 1.764706	
  .0000063	-1.921569	 2	
  .0000064	-1.921569	 1.921569	
  .0000065	-1.921569	 2.078431	
  .0000066	-1.921569	 2.235294	
  .0000067	-1.843137	 2.392157	
  .0000068	-1.921569	 2.470588	
  .0000069	-1.921569	 2.54902	
  .000007	-1.921569	 2.627451	
  .0000071	-1.843137	 2.627451	
  .0000072	-1.843137	 2.705882	
  .0000073	-1.921569	 2.705882	
  .0000074	-1.921569	 2.705882	
  .0000075	-1.843137	 2.705882	
  .0000076	-1.921569	 2.862745	
  .0000077	-1.843137	 2.941176	
  .0000078	-1.921569	 2.862745	
  .0000079	-1.921569	 3.019608	
  .000008	-1.843137	 3.019608	
  .0000081	-1.843137	 2.941176	
  .0000082	-1.843137	 3.019608	
  .0000083	-1.843137	 3.098039	
  .0000084	-1.843137	 3.176471	
  .0000085	-1.764706	 3.176471	
  .0000086	-1.764706	 3.333333	
  .0000087	-1.843137	 3.098039	
  .0000088	-1.843137	 3.176471	
  .0000089	-1.921569	 3.333333	
  .000009	-1.921569	 3.176471	
  .0000091	-1.764706	 3.254902	
  .0000092	-1.764706	 3.411765	
  .0000093	-1.843137	 3.333333	
  .0000094	-1.764706	 3.254902	
  .0000095	-1.764706	 3.333333	
  .0000096	-1.764706	 3.176471	
  .0000097	-1.843137	 3.176471	
  .0000098	-1.921569	 3.176471	
  .0000099	-1.764706	 3.333333	
  .00001	-1.843137	 3.254902	
  .0000101	-1.686275	 3.411765	
  .0000102	-1.764706	 3.254902	
  .0000103	-1.764706	 3.254902	
  .0000104	-1.843137	 3.333333	
  .0000105	-1.764706	 3.333333	
  .0000106	-1.686275	 3.411765	
  .0000107	-1.764706	 3.411765	
  .0000108	-1.764706	 3.254902	
  .0000109	-1.686275	 3.333333	
  .000011	-1.686275	 3.411765	
  .0000111	-1.764706	 3.254902	
  .0000112	-1.607843	 3.176471	
  .0000113	-1.686275	 3.176471	
  .0000114	-1.607843	 3.176471	
  .0000115	-1.686275	 3.176471	
  .0000116	-1.686275	 3.411765	
  .0000117	-1.686275	 3.254902	
  .0000118	-1.607843	 3.254902	
  .0000119	-1.686275	 3.254902	
  .000012	-1.686275	 3.411765	
  .0000121	-1.607843	 3.333333	
  .0000122	-1.607843	 3.176471	
  .0000123	-1.686275	 3.176471	
  .0000124	-1.607843	 3.333333	
  .0000125	-1.529412	 3.254902	
  .0000126	-1.607843	 3.098039	
  .0000127	-1.607843	 3.098039	
  .0000128	-1.529412	 3.333333	
  .0000129	-1.607843	 3.176471	
  .000013	-1.529412	 3.176471	
  .0000131	-1.529412	 3.176471	
  .0000132	-1.529412	 3.176471	
  .0000133	-1.607843	 3.176471	
  .0000134	-1.529412	 3.098039	
  .0000135	-1.529412	 3.176471	
  .0000136	-1.529412	 3.176471	
  .0000137	-1.607843	 3.019608	
  .0000138	-1.529412	 3.098039	
  .0000139	-1.45098	 3.254902	
  .000014	-1.529412	 3.098039	
  .0000141	-1.372549	 3.019608	
  .0000142	-1.529412	 3.098039	
  .0000143	-1.529412	 3.098039	
  .0000144	-1.45098	 2.941176	
  .0000145	-1.45098	 3.019608	
  .0000146	-1.529412	 3.019608	
  .0000147	-1.529412	 3.019608	
  .0000148	-1.45098	 2.941176	
  .0000149	-1.45098	 2.941176	
  .000015	-1.529412	 2.941176	
  .0000151	-1.45098	 3.019608	
  .0000152	-1.45098	 3.098039	
  .0000153	-1.529412	 3.098039	
  .0000154	-1.45098	 2.941176	
  .0000155	-1.45098	 2.941176	
  .0000156	-1.45098	 2.862745	
  .0000157	-1.372549	 2.941176	
  .0000158	-1.372549	 2.941176	
  .0000159	-1.372549	 2.862745	
  .000016	-1.294118	 2.862745	
  .0000161	-1.372549	 2.862745	
  .0000162	-1.372549	 2.941176	
  .0000163	-1.45098	 2.862745	
  .0000164	-1.372549	 2.941176	
  .0000165	-1.372549	 2.784314	
  .0000166	-1.45098	 2.862745	
  .0000167	-1.294118	 3.019608	
  .0000168	-1.372549	 2.862745	
  .0000169	-1.372549	 2.862745	
  .000017	-1.372549	 2.862745	
  .0000171	-1.215686	 2.862745	
  .0000172	-1.294118	 2.784314	
  .0000173	-1.294118	 2.862745	
  .0000174	-1.372549	 2.784314	
  .0000175	-1.294118	 2.784314	
  .0000176	-1.294118	 2.862745	
  .0000177	-1.215686	 2.627451	
  .0000178	-1.294118	 2.784314	
  .0000179	-1.215686	 2.627451	
  .000018	-1.294118	 2.705882	
  .0000181	-1.137255	 2.54902	
  .0000182	-1.215686	 2.784314	
  .0000183	-1.215686	 2.705882	
  .0000184	-1.215686	 2.705882	
  .0000185	-1.215686	 2.705882	
  .0000186	-1.137255	 2.784314	
  .0000187	-1.137255	 2.705882	
  .0000188	-1.215686	 2.705882	
  .0000189	-1.137255	 2.627451	
  .000019	-1.137255	 2.54902	
  .0000191	-1.137255	 2.54902	
  .0000192	-1.137255	 2.627451	
  .0000193	-1.058824	 2.54902	
  .0000194	-1.215686	 2.470588	
  .0000195	-1.137255	 2.54902	
  .0000196	-1.058824	 2.54902	
  .0000197	-1.137255	 2.470588	
  .0000198	-1.058824	 2.54902	
  .0000199	-1.137255	 2.392157	
  .00002	-.9803922	 2.54902	
  .0000201	-.9803922	 2.470588	
  .0000202	-1.137255	 2.470588	
  .0000203	-1.058824	 2.392157	
  .0000204	-1.058824	 2.392157	
  .0000205	-.9803922	 2.470588	
  .0000206	-1.058824	 2.470588	
  .0000207	-1.058824	 2.392157	
  .0000208	-.9803922	 2.392157	
  .0000209	-.9019608	 2.392157	
  .000021	-.9803922	 2.313725	
  .0000211	-.9803922	 2.235294	
  .0000212	-1.058824	 2.313725	
  .0000213	-.9019608	 2.313725	
  .0000214	-.9803922	 2.235294	
  .0000215	-.9803922	 2.235294	
  .0000216	-.9803922	 2.313725	
  .0000217	-.9019608	 2.313725	
  .0000218	-.8235294	 2.235294	
  .0000219	-.9803922	 2.313725	
  .000022	-.9019608	 2.078431	
  .0000221	-.9019608	 2.235294	
  .0000222	-.8235294	 2.156863	
  .0000223	-.8235294	 2.078431	
  .0000224	-.8235294	 2.235294	
  .0000225	-.7450981	 2.156863	
  .0000226	-.8235294	 2.078431	
  .0000227	-.7450981	 2.156863	
  .0000228	-.8235294	 2.156863	
  .0000229	-.7450981	 2.078431	
  .000023	-.7450981	 2.078431	
  .0000231	-.6666667	 2	
  .0000232	-.7450981	 2	
  .0000233	-.6666667	 2	
  .0000234	-.7450981	 2	
  .0000235	-.7450981	 2.078431	
  .0000236	-.6666667	 2	
  .0000237	-.6666667	 2	
  .0000238	-.6666667	 2.078431	
  .0000239	-.5882353	 1.921569	
  .000024	-.5882353	 2	
  .0000241	-.6666667	 1.921569	
  .0000242	-.5882353	 1.843137	
  .0000243	-.5882353	 1.764706	
  .0000244	-.5882353	 1.764706	
  .0000245	-.5882353	 1.843137	
  .0000246	-.5882353	 1.686275	
  .0000247	-.5882353	 1.764706	
  .0000248	-.4313726	 1.686275	
  .0000249	-.509804	 1.686275	
  .000025	-.509804	 1.764706	
  .0000251	-.509804	 1.764706	
  .0000252	-.509804	 1.686275	
  .0000253	-.509804	 1.607843	
  .0000254	-.509804	 1.607843	
  .0000255	-.4313726	 1.529412	
  .0000256	-.4313726	 1.607843	
  .0000257	-.4313726	 1.607843	
  .0000258	-.3529412	 1.529412	
  .0000259	-.2745098	 1.529412	
  .000026	-.2745098	 1.529412	
  .0000261	-.3529412	 1.529412	
  .0000262	-.3529412	 1.45098	
  .0000263	-.2745098	 1.45098	
  .0000264	-.3529412	 1.45098	
  .0000265	-.2745098	 1.529412	
  .0000266	-.1960784	 1.529412	
  .0000267	-.3529412	 1.45098	
  .0000268	-.2745098	 1.294118	
  .0000269	-.1960784	 1.372549	
  .000027	-.1176471	 1.45098	
  .0000271	-.1960784	 1.294118	
  .0000272	-.1960784	 1.294118	
  .0000273	-.2745098	 1.215686	
  .0000274	-.2745098	 1.294118	
  .0000275	-.1960784	 1.372549	
  .0000276	-.1176471	 1.137255	
  .0000277	-.1960784	 1.215686	
  .0000278	-.1176471	 1.215686	
  .0000279	-3.921569E-02	 1.137255	
  .000028	-3.921569E-02	 1.137255	
  .0000281	-.1176471	 1.215686	
  .0000282	-3.921569E-02	 1.215686	
  .0000283	-3.921569E-02	 1.058824	
  .0000284	-3.921569E-02	 1.215686	
  .0000285	-3.921569E-02	 1.137255	
  .0000286	-.1176471	 1.058824	
  .0000287	-3.921569E-02	 1.058824	
  .0000288	-3.921569E-02	 .9803922	
  .0000289	-3.921569E-02	 .9803922	
  .000029	-3.921569E-02	 .9803922	
  .0000291	 3.921569E-02	 .9803922	
  .0000292	 3.921569E-02	 .9019608	
  .0000293	-3.921569E-02	 .9803922	
  .0000294	-3.921569E-02	 .9019608	
  .0000295	 3.921569E-02	 .8235294	
  .0000296	 3.921569E-02	 .8235294	
  .0000297	 .1176471	 .8235294	
  .0000298	 3.921569E-02	 .7450981	
  .0000299	 3.921569E-02	 .7450981	
  .00003	 3.921569E-02	 .8235294	
  .0000301	 3.921569E-02	 .7450981	
  .0000302	 .1176471	 .7450981	
  .0000303	 3.921569E-02	 .7450981	
  .0000304	 .1960784	 .7450981	
  .0000305	 .1176471	 .7450981	
  .0000306	 .1176471	 .7450981	
  .0000307	 .2745098	 .6666667	
  .0000308	 .1960784	 .6666667	
  .0000309	 .1960784	 .5882353	
  .000031	 .1960784	 .5882353	
  .0000311	 .1960784	 .5882353	
  .0000312	 .1960784	 .509804	
  .0000313	 .1960784	 .4313726	
  .0000314	 .1960784	 .509804	
  .0000315	 .2745098	 .509804	
  .0000316	 .2745098	 .4313726	
  .0000317	 .2745098	 .509804	
  .0000318	 .2745098	 .509804	
  .0000319	 .2745098	 .3529412	
  .000032	 .3529412	 .3529412	
  .0000321	 .1960784	 .3529412	
  .0000322	 .4313726	 .2745098	
  .0000323	 .3529412	 .3529412	
  .0000324	 .4313726	 .2745098	
  .0000325	 .3529412	 .3529412	
  .0000326	 .3529412	 .3529412	
  .0000327	 .4313726	 .3529412	
  .0000328	 .4313726	 .2745098	
  .0000329	 .4313726	 .2745098	
  .000033	 .509804	 .1960784	
  .0000331	 .4313726	 .1960784	
  .0000332	 .3529412	 .1960784	
  .0000333	 .4313726	 .1176471	
  .0000334	 .509804	 .1960784	
  .0000335	 .509804	 .1176471	
  .0000336	 .509804	 .1960784	
  .0000337	 .509804	 .1960784	
  .0000338	 .509804	 .1176471	
  .0000339	 .509804	-3.921569E-02	
  .000034	 .509804	 3.921569E-02	
  .0000341	 .509804	-3.921569E-02	
  .0000342	 .5882353	-3.921569E-02	
  .0000343	 .509804	-3.921569E-02	
  .0000344	 .5882353	-3.921569E-02	
  .0000345	 .509804	-3.921569E-02	
  .0000346	 .509804	-3.921569E-02	
  .0000347	 .5882353	-3.921569E-02	
  .0000348	 .509804	-.1176471	
  .0000349	 .5882353	-.1176471	
  .000035	 .509804	-.1176471	
  .0000351	 .509804	-3.921569E-02	
  .0000352	 .6666667	-.1960784	
  .0000353	 .5882353	-.1176471	
  .0000354	 .5882353	-.1960784	
  .0000355	 .6666667	-.2745098	
  .0000356	 .6666667	-.2745098	
  .0000357	 .6666667	-.1960784	
  .0000358	 .7450981	-.2745098	
  .0000359	 .7450981	-.3529412	
  .000036	 .7450981	-.2745098	
  .0000361	 .5882353	-.4313726	
  .0000362	 .7450981	-.3529412	
  .0000363	 .6666667	-.4313726	
  .0000364	 .7450981	-.3529412	
  .0000365	 .7450981	-.3529412	
  .0000366	 .6666667	-.3529412	
  .0000367	 .6666667	-.4313726	
  .0000368	 .7450981	-.509804	
  .0000369	 .9019608	-.509804	
  .000037	 .8235294	-.4313726	
  .0000371	 .7450981	-.4313726	
  .0000372	 .7450981	-.509804	
  .0000373	 .7450981	-.509804	
  .0000374	 .8235294	-.4313726	
  .0000375	 .8235294	-.6666667	
  .0000376	 .8235294	-.6666667	
  .0000377	 .8235294	-.5882353	
  .0000378	 .8235294	-.6666667	
  .0000379	 .9019608	-.6666667	
  .000038	 .8235294	-.5882353	
  .0000381	 .9019608	-.5882353	
  .0000382	 .9019608	-.6666667	
  .0000383	 .9803922	-.6666667	
  .0000384	 .9019608	-.7450981	
  .0000385	 .9019608	-.7450981	
  .0000386	 .9803922	-.6666667	
  .0000387	 .9803922	-.8235294	
  .0000388	 .9019608	-.8235294	
  .0000389	 .9803922	-.8235294	
  .000039	 .9803922	-.8235294	
  .0000391	 1.058824	-.9019608	
  .0000392	 1.137255	-.9019608	
  .0000393	 1.058824	-.9019608	
  .0000394	 1.058824	-.9019608	
  .0000395	 1.058824	-.9803922	
  .0000396	 1.215686	-1.058824	
  .0000397	 1.215686	-1.058824	
  .0000398	 1.215686	-.9019608	
  .0000399	 1.215686	-.9803922	
  .00004	 1.137255	-.9803922	
  .0000401	 1.137255	-1.058824	
  .0000402	 1.137255	-1.058824	
  .0000403	 1.215686	-1.137255	
  .0000404	 1.137255	-1.137255	
  .0000405	 1.215686	-1.215686	
  .0000406	 1.215686	-1.215686	
  .0000407	 1.137255	-1.294118	
  .0000408	 1.058824	-1.215686	
  .0000409	 1.137255	-1.294118	
  .000041	 1.058824	-1.294118	
  .0000411	 1.215686	-1.294118	
  .0000412	 1.372549	-1.45098	
  .0000413	 1.372549	-1.372549	
  .0000414	 1.294118	-1.372549	
  .0000415	 1.215686	-1.45098	
  .0000416	 1.294118	-1.372549	
  .0000417	 1.137255	-1.45098	
  .0000418	 1.058824	-1.686275	
  .0000419	 .9803922	-1.607843	
  .000042	 .5882353	-1.764706	
  .0000421	 1.058824	-1.843137	
  .0000422	 1.529412	-1.764706	
  .0000423	 4.588235	-1.529412	
  .0000424	 4.27451	-1.137255	
  .0000425	 4.352941	-1.294118	
  .0000426	 3.960784	-1.215686	
  .0000427	 3.960784	-1.137255	
  .0000428	 4.117647	-1.215686	
  .0000429	 4.352941	-1.215686	
  .000043	 4.196078	-1.137255	
  .0000431	 4.196078	-1.215686	
  .0000432	 4.196078	-1.137255	
  .0000433	 4.039216	-1.215686	
  .0000434	 3.960784	-1.215686	
  .0000435	 3.882353	-1.215686	
  .0000436	 3.647059	-1.137255	
  .0000437	 3.647059	-1.215686	
  .0000438	 3.490196	-1.294118	
  .0000439	 3.411765	-1.294118	
  .000044	 3.254902	-1.372549	
  .0000441	 3.176471	-1.372549	
  .0000442	 3.019608	-1.372549	
  .0000443	 3.019608	-1.294118	
  .0000444	 2.941176	-1.294118	
  .0000445	 2.862745	-1.294118	
  .0000446	 2.784314	-1.372549	
  .0000447	 2.784314	-1.294118	
  .0000448	 2.705882	-1.294118	
  .0000449	 2.705882	-1.294118	
  .000045	 2.705882	-1.294118	
  .0000451	 2.54902	-1.372549	
  .0000452	 2.627451	-1.45098	
  .0000453	 2.54902	-1.372549	
  .0000454	 2.54902	-1.45098	
  .0000455	 2.54902	-1.45098	
  .0000456	 2.392157	-1.45098	
  .0000457	 2.392157	-1.45098	
  .0000458	 2.313725	-1.607843	
  .0000459	 2.392157	-1.529412	
  .000046	 2.235294	-1.529412	
  .0000461	 2.156863	-1.529412	
  .0000462	 2.156863	-1.529412	
  .0000463	 2.078431	-1.45098	
  .0000464	 2.078431	-1.45098	
  .0000465	 2	-1.529412	
  .0000466	 2	-1.607843	
  .0000467	 1.921569	-1.607843	
  .0000468	 1.921569	-1.607843	
  .0000469	 1.294118	-1.686275	
  .000047	 .7450981	-1.607843	
  .0000471	 .4313726	-1.686275	
  .0000472	 .3529412	-1.607843	
  .0000473	 .1960784	-1.686275	
  .0000474	 .1960784	-1.686275	
  .0000475	 .1176471	-1.686275	
  .0000476	 .1176471	-1.764706	
  .0000477	 .1960784	-1.764706	
  .0000478	 .2745098	-1.764706	
  .0000479	 .1176471	-1.686275	
  .000048	 .1176471	-1.686275	
  .0000481	 .1960784	-1.686275	
  .0000482	 .2745098	-1.686275	
  .0000483	 .1176471	-1.686275	
  .0000484	 .1960784	-1.843137	
  .0000485	 .1960784	-1.764706	
  .0000486	 .1960784	-1.764706	
  .0000487	 .1960784	-1.843137	
  .0000488	 3.921569E-02	-1.843137	
  .0000489	 .1960784	-1.843137	
  .000049	 3.921569E-02	-1.921569	
  .0000491	 3.921569E-02	-1.843137	
  .0000492	 .1176471	-1.843137	
  .0000493	 .1960784	-1.921569	
  .0000494	 3.921569E-02	-1.843137	
  .0000495	 .1176471	-1.921569	
  .0000496	 .1176471	-1.843137	
  .0000497	 .2745098	-1.843137	
  .0000498	 3.921569E-02	-1.843137	
  .0000499	 3.921569E-02	-1.921569	
  .00005	 .1176471	-1.921569	
  .0000501	 .1176471	-1.921569	
  .0000502	 .1176471	-1.921569	
  .0000503	 .1960784	-1.921569	
  .0000504	 .1176471	-2	
  .0000505	 .1176471	-2	
  .0000506	 .1960784	-1.843137	
  .0000507	 .1176471	-1.921569	
  .0000508	 .1176471	-2	
  .0000509	 .1960784	-2	
  .000051	 .1176471	-2	
  .0000511	 .1176471	-2	
  .0000512	 .1176471	-2	
  .0000513	 .1176471	-2.078431	
  .0000514	 .1960784	-2	
  .0000515	 3.921569E-02	-2	
  .0000516	 .1176471	-2	
  .0000517	 .1176471	-2.078431	
  .0000518	 .1960784	-2.078431	
  .0000519	 .1176471	-2.156863	
  .000052	 .1176471	-2.078431	
  .0000521	 .1960784	-2.078431	
  .0000522	 .1960784	-2.156863	
  .0000523	 .1176471	-2.078431	
  .0000524	 .1176471	-2.078431	
  .0000525	 .1176471	-2.156863	
  .0000526	 3.921569E-02	-2.156863	
  .0000527	-3.921569E-02	-2.078431	
  .0000528	 .1176471	-2.156863	
  .0000529	 .1176471	-2.078431	
  .000053	 .1176471	-2.078431	
  .0000531	 3.921569E-02	-2.156863	
  .0000532	 .1960784	-2.078431	
  .0000533	 .1176471	-2.156863	
  .0000534	 .1176471	-2.156863	
  .0000535	 3.921569E-02	-2.235294	
  .0000536	 .1176471	-2.156863	
  .0000537	 .1176471	-2.156863	
  .0000538	 .1176471	-2.156863	
  .0000539	 .1176471	-2.235294	
  .000054	 .1176471	-2.235294	
  .0000541	 .1176471	-2.156863	
  .0000542	 .1176471	-2.235294	
  .0000543	 .1960784	-2.235294	
  .0000544	 .1176471	-2.156863	
  .0000545	 .1176471	-2.235294	
  .0000546	 3.921569E-02	-2.156863	
  .0000547	 .1960784	-2.078431	
  .0000548	 .1960784	-2.235294	
  .0000549	 .1176471	-2.235294	
  .000055	 3.921569E-02	-2.235294	
  .0000551	 .1176471	-2.235294	
  .0000552	 3.921569E-02	-2.235294	
  .0000553	 .1960784	-2.235294	
  .0000554	 .1960784	-2.313725	
  .0000555	 .1176471	-2.235294	
  .0000556	 .1960784	-2.235294	
  .0000557	 .1176471	-2.313725	
  .0000558	 3.921569E-02	-2.235294	
  .0000559	 .1176471	-2.235294	
  .000056	 .1176471	-2.313725	
  .0000561	 .1176471	-2.313725	
  .0000562	 .1176471	-2.235294	
  .0000563	 .1960784	-2.235294	
  .0000564	 3.921569E-02	-2.313725	
  .0000565	 .1176471	-2.313725	
  .0000566	 .1176471	-2.313725	
  .0000567	 .1960784	-2.313725	
  .0000568	 .1960784	-2.313725	
  .0000569	 .1176471	-2.392157	
  .000057	 .1960784	-2.235294	
  .0000571	 3.921569E-02	-2.313725	
  .0000572	 .1176471	-2.392157	
  .0000573	 3.921569E-02	-2.392157	
  .0000574	-3.921569E-02	-2.392157	
  .0000575	 3.921569E-02	-2.392157	
  .0000576	 .1176471	-2.392157	
  .0000577	 .1176471	-2.392157	
  .0000578	 .1176471	-2.392157	
  .0000579	 .1176471	-2.313725	
  .000058	 .1176471	-2.313725	
  .0000581	 .1176471	-2.313725	
  .0000582	 3.921569E-02	-2.392157	
  .0000583	 .1176471	-2.392157	
  .0000584	 .1176471	-2.470588	
  .0000585	 .1960784	-2.470588	
  .0000586	 3.921569E-02	-2.392157	
  .0000587	 .1176471	-2.392157	
  .0000588	 .1176471	-2.392157	
  .0000589	 3.921569E-02	-2.392157	
  .000059	 .1176471	-2.392157	
  .0000591	 3.921569E-02	-2.470588	
  .0000592	 3.921569E-02	-2.470588	
  .0000593	 .1176471	-2.470588	
  .0000594	 3.921569E-02	-2.392157	
  .0000595	 3.921569E-02	-2.470588	
  .0000596	 3.921569E-02	-2.392157	
  .0000597	 3.921569E-02	-2.392157	
  .0000598	-3.921569E-02	-2.392157	
  .0000599	 3.921569E-02	-2.470588	
  .00006	 .1176471	-2.313725	
  .0000601	 3.921569E-02	-2.392157	
  .0000602	 3.921569E-02	-2.392157	
  .0000603	 .1176471	-2.470588	
  .0000604	 3.921569E-02	-2.392157	
  .0000605	 .1176471	-2.392157	
  .0000606	 3.921569E-02	-2.392157	
  .0000607	 3.921569E-02	-2.470588	
  .0000608	 3.921569E-02	-2.470588	
  .0000609	-3.921569E-02	-2.392157	
  .000061	 3.921569E-02	-2.313725	
  .0000611	 .1176471	-2.235294	
  .0000612	 3.921569E-02	-2.235294	
  .0000613	 .1176471	-2.235294	
  .0000614	 3.921569E-02	-2.313725	
  .0000615	 .1176471	-2.235294	
  .0000616	 3.921569E-02	-2.235294	
  .0000617	 3.921569E-02	-2.235294	
  .0000618	 .1176471	-2.313725	
  .0000619	 .1176471	-2.313725	
  .000062	 .1176471	-2.235294	
  .0000621	 3.921569E-02	-2.313725	
  .0000622	-3.921569E-02	-2.235294	
  .0000623	 3.921569E-02	-2.235294	
  .0000624	 3.921569E-02	-2.313725	
  .0000625	 .1176471	-2.235294	
  .0000626	 .1176471	-2.313725	
  .0000627	 3.921569E-02	-2.235294	
  .0000628	 3.921569E-02	-2.235294	
  .0000629	 3.921569E-02	-2.235294	
  .000063	 3.921569E-02	-2.235294	
  .0000631	 3.921569E-02	-2.235294	
  .0000632	 3.921569E-02	-2.235294	
  .0000633	 .1960784	-2.235294	
  .0000634	-3.921569E-02	-2.235294	
  .0000635	 .1176471	-2.235294	
  .0000636	 .1176471	-2.235294	
  .0000637	 .1176471	-2.156863	
  .0000638	 .1176471	-2.235294	
  .0000639	 3.921569E-02	-2.156863	
  .000064	-3.921569E-02	-2.235294	
  .0000641	 .1176471	-2.235294	
  .0000642	 3.921569E-02	-2.235294	
  .0000643	 3.921569E-02	-2.235294	
  .0000644	 3.921569E-02	-2.156863	
  .0000645	 .1176471	-2.156863	
  .0000646	 .1176471	-2.078431	
  .0000647	 3.921569E-02	-2.156863	
  .0000648	 .1176471	-2.156863	
  .0000649	 3.921569E-02	-2.156863	
  .000065	 3.921569E-02	-2.156863	
  .0000651	-3.921569E-02	-2.156863	
  .0000652	 .1176471	-2.235294	
  .0000653	 3.921569E-02	-2.156863	
  .0000654	-3.921569E-02	-2.156863	
  .0000655	 3.921569E-02	-2.156863	
  .0000656	 3.921569E-02	-2.156863	
  .0000657	 3.921569E-02	-2.156863	
  .0000658	 3.921569E-02	-2.156863	
  .0000659	 3.921569E-02	-2.156863	
  .000066	 3.921569E-02	-2.156863	
  .0000661	-3.921569E-02	-2.078431	
  .0000662	 3.921569E-02	-2.156863	
  .0000663	 3.921569E-02	-2.078431	
  .0000664	 .1176471	-2	
  .0000665	 .1176471	-2.156863	
  .0000666	 .1960784	-2.156863	
  .0000667	 3.921569E-02	-2.156863	
  .0000668	 .1176471	-2.235294	
  .0000669	 3.921569E-02	-2.078431	
  .000067	 3.921569E-02	-2.156863	
  .0000671	 3.921569E-02	-2.156863	
  .0000672	-3.921569E-02	-2.078431	
  .0000673	 3.921569E-02	-2.156863	
  .0000674	 3.921569E-02	-2.156863	
  .0000675	 3.921569E-02	-2.156863	
  .0000676	 3.921569E-02	-2.156863	
  .0000677	 .1176471	-2.156863	
  .0000678	 3.921569E-02	-2.078431	
  .0000679	 .1176471	-2.078431	
  .000068	 3.921569E-02	-2.078431	
  .0000681	 3.921569E-02	-2.156863	
  .0000682	 .1176471	-2.078431	
  .0000683	-3.921569E-02	-2.156863	
  .0000684	 3.921569E-02	-2.156863	
  .0000685	 .1176471	-2.078431	
  .0000686	 .1176471	-2.078431	
  .0000687	 3.921569E-02	-2.078431	
  .0000688	 3.921569E-02	-2.078431	
  .0000689	-3.921569E-02	-2.078431	
  .000069	 3.921569E-02	-2.078431	
  .0000691	 .1176471	-2.078431	
  .0000692	 3.921569E-02	-2	
  .0000693	 3.921569E-02	-2.078431	
  .0000694	 3.921569E-02	-2.078431	
  .0000695	 .1176471	-1.921569	
  .0000696	 3.921569E-02	-2	
  .0000697	 3.921569E-02	-2	
  .0000698	 3.921569E-02	-2	
  .0000699	 3.921569E-02	-2	
  .00007	 3.921569E-02	-2	
  .0000701	 3.921569E-02	-2	
  .0000702	 3.921569E-02	-2.078431	
  .0000703	 3.921569E-02	-2	
  .0000704	 3.921569E-02	-1.921569	
  .0000705	 3.921569E-02	-2	
  .0000706	 3.921569E-02	-2	
  .0000707	 3.921569E-02	-2	
  .0000708	 3.921569E-02	-2	
  .0000709	 3.921569E-02	-1.921569	
  .000071	 3.921569E-02	-1.843137	
  .0000711	 .1176471	-1.921569	
  .0000712	 3.921569E-02	-1.921569	
  .0000713	 3.921569E-02	-1.843137	
  .0000714	 3.921569E-02	-1.843137	
  .0000715	-3.921569E-02	-1.921569	
  .0000716	 3.921569E-02	-1.921569	
  .0000717	-3.921569E-02	-2	
  .0000718	 3.921569E-02	-1.921569	
  .0000719	 3.921569E-02	-1.843137	
  .000072	 .1176471	-1.843137	
  .0000721	-3.921569E-02	-1.921569	
  .0000722	-3.921569E-02	-1.921569	
  .0000723	 3.921569E-02	-1.843137	
  .0000724	 3.921569E-02	-1.843137	
  .0000725	 3.921569E-02	-1.843137	
  .0000726	-3.921569E-02	-1.843137	
  .0000727	-3.921569E-02	-1.764706	
  .0000728	 3.921569E-02	-1.843137	
  .0000729	 3.921569E-02	-1.764706	
  .000073	 3.921569E-02	-1.843137	
  .0000731	-3.921569E-02	-1.764706	
  .0000732	 3.921569E-02	-1.843137	
  .0000733	 3.921569E-02	-1.843137	
  .0000734	 .1176471	-1.764706	
  .0000735	 .1176471	-1.764706	
  .0000736	 3.921569E-02	-1.764706	
  .0000737	-3.921569E-02	-1.764706	
  .0000738	-3.921569E-02	-1.764706	
  .0000739	-3.921569E-02	-1.686275	
  .000074	 .1176471	-1.764706	
  .0000741	 .1176471	-1.686275	
  .0000742	-3.921569E-02	-1.686275	
  .0000743	 3.921569E-02	-1.764706	
  .0000744	-3.921569E-02	-1.529412	
  .0000745	 .1176471	-1.607843	
  .0000746	 3.921569E-02	-1.686275	
  .0000747	-3.921569E-02	-1.686275	
  .0000748	 3.921569E-02	-1.686275	
  .0000749	 3.921569E-02	-1.686275	
  .000075	 3.921569E-02	-1.686275	
  .0000751	-3.921569E-02	-1.607843	
  .0000752	 3.921569E-02	-1.686275	
  .0000753	 3.921569E-02	-1.686275	
  .0000754	 .1176471	-1.607843	
  .0000755	 3.921569E-02	-1.607843	
  .0000756	 3.921569E-02	-1.607843	
  .0000757	 3.921569E-02	-1.607843	
  .0000758	-3.921569E-02	-1.607843	
  .0000759	 3.921569E-02	-1.607843	
  .000076	 3.921569E-02	-1.529412	
  .0000761	 3.921569E-02	-1.529412	
  .0000762	-3.921569E-02	-1.529412	
  .0000763	-3.921569E-02	-1.529412	
  .0000764	-3.921569E-02	-1.529412	
  .0000765	 .1176471	-1.529412	
  .0000766	 3.921569E-02	-1.607843	
  .0000767	 3.921569E-02	-1.529412	
  .0000768	 3.921569E-02	-1.45098	
  .0000769	-3.921569E-02	-1.529412	
  .000077	 .1176471	-1.529412	
  .0000771	-3.921569E-02	-1.45098	
  .0000772	 3.921569E-02	-1.45098	
  .0000773	-3.921569E-02	-1.529412	
  .0000774	-3.921569E-02	-1.45098	
  .0000775	-3.921569E-02	-1.45098	
  .0000776	 3.921569E-02	-1.45098	
  .0000777	-3.921569E-02	-1.372549	
  .0000778	 3.921569E-02	-1.372549	
  .0000779	 3.921569E-02	-1.372549	
  .000078	 3.921569E-02	-1.372549	
  .0000781	 3.921569E-02	-1.45098	
  .0000782	 3.921569E-02	-1.45098	
  .0000783	 3.921569E-02	-1.45098	
  .0000784	-3.921569E-02	-1.372549	
  .0000785	 3.921569E-02	-1.45098	
  .0000786	 3.921569E-02	-1.372549	
  .0000787	 3.921569E-02	-1.372549	
  .0000788	-3.921569E-02	-1.294118	
  .0000789	-3.921569E-02	-1.294118	
  .000079	 3.921569E-02	-1.294118	
  .0000791	-3.921569E-02	-1.372549	
  .0000792	 3.921569E-02	-1.372549	
  .0000793	-3.921569E-02	-1.294118	
  .0000794	 3.921569E-02	-1.294118	
  .0000795	-3.921569E-02	-1.294118	
  .0000796	-.1176471	-1.215686	
  .0000797	 3.921569E-02	-1.215686	
  .0000798	 3.921569E-02	-1.215686	
  .0000799	 3.921569E-02	-1.215686	
  .00008	 3.921569E-02	-1.294118	
  .0000801	 3.921569E-02	-1.294118	
  .0000802	 3.921569E-02	-1.215686	
  .0000803	 3.921569E-02	-1.137255	
  .0000804	-3.921569E-02	-1.215686	
  .0000805	-3.921569E-02	-1.215686	
  .0000806	 3.921569E-02	-1.215686	
  .0000807	-3.921569E-02	-1.137255	
  .0000808	-3.921569E-02	-1.215686	
  .0000809	 3.921569E-02	-1.137255	
  .000081	 3.921569E-02	-1.137255	
  .0000811	 3.921569E-02	-1.058824	
  .0000812	 3.921569E-02	-1.058824	
  .0000813	 3.921569E-02	-1.058824	
  .0000814	 3.921569E-02	-1.137255	
  .0000815	 3.921569E-02	-1.137255	
  .0000816	 3.921569E-02	-1.058824	
  .0000817	-3.921569E-02	-1.058824	
  .0000818	 3.921569E-02	-1.058824	
  .0000819	 3.921569E-02	-1.058824	
  .000082	 3.921569E-02	-1.058824	
  .0000821	-3.921569E-02	-.9803922	
  .0000822	-3.921569E-02	-.9803922	
  .0000823	-3.921569E-02	-.9803922	
  .0000824	 3.921569E-02	-1.058824	
  .0000825	 3.921569E-02	-1.058824	
  .0000826	 3.921569E-02	-.9019608	
  .0000827	 3.921569E-02	-.9803922	
  .0000828	 3.921569E-02	-.9019608	
  .0000829	 3.921569E-02	-.9803922	
  .000083	 3.921569E-02	-.9803922	
  .0000831	 3.921569E-02	-.8235294	
  .0000832	 3.921569E-02	-.9019608	
  .0000833	 .1176471	-.9803922	
  .0000834	 3.921569E-02	-.9019608	
  .0000835	 3.921569E-02	-.9019608	
  .0000836	 3.921569E-02	-.8235294	
  .0000837	-3.921569E-02	-.8235294	
  .0000838	 3.921569E-02	-.8235294	
  .0000839	 3.921569E-02	-.8235294	
  .000084	 3.921569E-02	-.9019608	
  .0000841	 3.921569E-02	-.8235294	
  .0000842	 3.921569E-02	-.9019608	
  .0000843	 3.921569E-02	-.7450981	
  .0000844	 .1176471	-.7450981	
  .0000845	-3.921569E-02	-.6666667	
  .0000846	 3.921569E-02	-.6666667	
  .0000847	 3.921569E-02	-.7450981	
  .0000848	 3.921569E-02	-.7450981	
  .0000849	-3.921569E-02	-.7450981	
  .000085	-3.921569E-02	-.6666667	
  .0000851	 .1176471	-.6666667	
  .0000852	 3.921569E-02	-.7450981	
  .0000853	 3.921569E-02	-.6666667	
  .0000854	-3.921569E-02	-.6666667	
  .0000855	-3.921569E-02	-.7450981	
  .0000856	 3.921569E-02	-.7450981	
  .0000857	 3.921569E-02	-.5882353	
  .0000858	 3.921569E-02	-.6666667	
  .0000859	 3.921569E-02	-.6666667	
  .000086	-3.921569E-02	-.509804	
  .0000861	 3.921569E-02	-.5882353	
  .0000862	 3.921569E-02	-.5882353	
  .0000863	 3.921569E-02	-.5882353	
  .0000864	 .1176471	-.5882353	
  .0000865	 .1176471	-.509804	
  .0000866	 3.921569E-02	-.5882353	
  .0000867	 3.921569E-02	-.5882353	
  .0000868	 3.921569E-02	-.4313726	
  .0000869	 3.921569E-02	-.509804	
  .000087	 3.921569E-02	-.509804	
  .0000871	 3.921569E-02	-.4313726	
  .0000872	-3.921569E-02	-.4313726	
  .0000873	 3.921569E-02	-.509804	
  .0000874	 .1176471	-.5882353	
  .0000875	 3.921569E-02	-.4313726	
  .0000876	 3.921569E-02	-.2745098	
  .0000877	 3.921569E-02	-.3529412	
  .0000878	 3.921569E-02	-.4313726	
  .0000879	-.1176471	-.4313726	
  .000088	 3.921569E-02	-.4313726	
  .0000881	 3.921569E-02	-.4313726	
  .0000882	-3.921569E-02	-.3529412	
  .0000883	 3.921569E-02	-.3529412	
  .0000884	 3.921569E-02	-.2745098	
  .0000885	 3.921569E-02	-.3529412	
  .0000886	 3.921569E-02	-.3529412	
  .0000887	 3.921569E-02	-.3529412	
  .0000888	-3.921569E-02	-.3529412	
  .0000889	 3.921569E-02	-.2745098	
  .000089	 3.921569E-02	-.2745098	
  .0000891	 3.921569E-02	-.2745098	
  .0000892	 3.921569E-02	-.2745098	
  .0000893	 3.921569E-02	-.1960784	
  .0000894	 3.921569E-02	-.1176471	
  .0000895	-3.921569E-02	-.1960784	
  .0000896	-3.921569E-02	-.1960784	
  .0000897	 3.921569E-02	-.1176471	
  .0000898	 .1176471	-.1960784	
  .0000899	 3.921569E-02	-3.921569E-02	
  .00009	 3.921569E-02	-.1176471	
  .0000901	 3.921569E-02	-.1176471	
  .0000902	 3.921569E-02	-.1176471	
  .0000903	 3.921569E-02	-.1176471	
  .0000904	 3.921569E-02	-.1176471	
  .0000905	-3.921569E-02	-.1176471	
  .0000906	 3.921569E-02	-3.921569E-02	
  .0000907	-3.921569E-02	-.1176471	
  .0000908	 3.921569E-02	-3.921569E-02	
  .0000909	 3.921569E-02	-3.921569E-02	
  .000091	 3.921569E-02	-3.921569E-02	
  .0000911	 3.921569E-02	-3.921569E-02	
  .0000912	 .1176471	-3.921569E-02	
  .0000913	-3.921569E-02	 3.921569E-02	
  .0000914	-3.921569E-02	 3.921569E-02	
  .0000915	 3.921569E-02	-3.921569E-02	
  .0000916	 3.921569E-02	-3.921569E-02	
  .0000917	-3.921569E-02	 .1176471	
  .0000918	 .1176471	 3.921569E-02	
  .0000919	 3.921569E-02	 3.921569E-02	
  .000092	-3.921569E-02	 .1960784	
  .0000921	 3.921569E-02	 3.921569E-02	
  .0000922	-3.921569E-02	 .1176471	
  .0000923	 3.921569E-02	 .1176471	
  .0000924	 3.921569E-02	 .1960784	
  .0000925	-3.921569E-02	 .2745098	
  .0000926	 3.921569E-02	 .1176471	
  .0000927	 3.921569E-02	 .2745098	
  .0000928	-3.921569E-02	 .2745098	
  .0000929	 3.921569E-02	 .1176471	
  .000093	 3.921569E-02	 .2745098	
  .0000931	-3.921569E-02	 .2745098	
  .0000932	 3.921569E-02	 .1960784	
  .0000933	 .1176471	 .1960784	
  .0000934	 3.921569E-02	 .2745098	
  .0000935	-3.921569E-02	 .2745098	
  .0000936	-3.921569E-02	 .1960784	
  .0000937	-3.921569E-02	 .1960784	
  .0000938	 .1176471	 .2745098	
  .0000939	 3.921569E-02	 .1960784	
  .000094	 3.921569E-02	 .2745098	
  .0000941	 3.921569E-02	 .2745098	
  .0000942	-3.921569E-02	 .3529412	
  .0000943	 .1176471	 .3529412	
  .0000944	-3.921569E-02	 .4313726	
  .0000945	-3.921569E-02	 .3529412	
  .0000946	-3.921569E-02	 .3529412	
  .0000947	-3.921569E-02	 .4313726	
  .0000948	-3.921569E-02	 .3529412	
  .0000949	 3.921569E-02	 .3529412	
  .000095	 3.921569E-02	 .4313726	
  .0000951	 3.921569E-02	 .3529412	
  .0000952	 .1176471	 .3529412	
  .0000953	-3.921569E-02	 .4313726	
  .0000954	-3.921569E-02	 .4313726	
  .0000955	-3.921569E-02	 .4313726	
  .0000956	-3.921569E-02	 .509804	
  .0000957	 3.921569E-02	 .4313726	
  .0000958	 3.921569E-02	 .509804	
  .0000959	 3.921569E-02	 .5882353	
  .000096	 3.921569E-02	 .509804	
  .0000961	 3.921569E-02	 .509804	
  .0000962	-3.921569E-02	 .509804	
  .0000963	 3.921569E-02	 .5882353	
  .0000964	 3.921569E-02	 .509804	
  .0000965	 3.921569E-02	 .509804	
  .0000966	 3.921569E-02	 .5882353	
  .0000967	 .1176471	 .5882353	
  .0000968	 .1176471	 .6666667	
  .0000969	-3.921569E-02	 .5882353	
  .000097	-3.921569E-02	 .5882353	
  .0000971	-3.921569E-02	 .5882353	
  .0000972	 3.921569E-02	 .5882353	
  .0000973	 3.921569E-02	 .5882353	
  .0000974	 3.921569E-02	 .6666667	
  .0000975	-3.921569E-02	 .6666667	
  .0000976	 .1176471	 .7450981	
  .0000977	 3.921569E-02	 .6666667	
  .0000978	 3.921569E-02	 .6666667	
  .0000979	 3.921569E-02	 .6666667	
  .000098	 3.921569E-02	 .6666667	
  .0000981	 3.921569E-02	 .6666667	
  .0000982	 3.921569E-02	 .8235294	
  .0000983	 3.921569E-02	 .7450981	
  .0000984	 3.921569E-02	 .7450981	
  .0000985	-3.921569E-02	 .6666667	
  .0000986	-3.921569E-02	 .7450981	
  .0000987	 3.921569E-02	 .7450981	
  .0000988	 3.921569E-02	 .7450981	
  .0000989	-3.921569E-02	 .8235294	
  .000099	 3.921569E-02	 .7450981	
  .0000991	-3.921569E-02	 .7450981	
  .0000992	 .1176471	 .9019608	
  .0000993	-3.921569E-02	 .8235294	
  .0000994	-3.921569E-02	 .8235294	
  .0000995	 3.921569E-02	 .8235294	
  .0000996	-3.921569E-02	 .8235294	
  .0000997	 3.921569E-02	 .8235294	
  .0000998	-3.921569E-02	 .9019608	
  .0000999	-3.921569E-02	 .9803922	
  .0001	 3.921569E-02	 .8235294	
  .0001001	 .1176471	 .9019608	
  .0001002	 3.921569E-02	 .9019608	
  .0001003	-3.921569E-02	 .9019608	
  .0001004	 3.921569E-02	 .9019608	
  .0001005	-3.921569E-02	 .9803922	
  .0001006	-3.921569E-02	 .9019608	
  .0001007	 3.921569E-02	 .9803922	
  .0001008	-3.921569E-02	 .9019608	
  .0001009	 3.921569E-02	 .9803922	
  .000101	 3.921569E-02	 .9019608	
  .0001011	 3.921569E-02	 1.058824	
  .0001012	 3.921569E-02	 .9803922	
  .0001013	-3.921569E-02	 .9803922	
  .0001014	-3.921569E-02	 1.058824	
  .0001015	-3.921569E-02	 1.058824	
  .0001016	 .1176471	 1.058824	
  .0001017	 3.921569E-02	 .9803922	
  .0001018	 .1176471	 .9803922	
  .0001019	 3.921569E-02	 1.137255	
  .000102	-3.921569E-02	 1.058824	
  .0001021	-3.921569E-02	 1.058824	
  .0001022	-3.921569E-02	 1.058824	
  .0001023	 3.921569E-02	 1.058824	
  .0001024	-3.921569E-02	 1.137255	
  .0001025	-3.921569E-02	 1.058824	
  .0001026	 3.921569E-02	 1.215686	
  .0001027	 3.921569E-02	 1.215686	
  .0001028	-3.921569E-02	 1.137255	
  .0001029	 3.921569E-02	 1.215686	
  .000103	 3.921569E-02	 1.294118	
  .0001031	 3.921569E-02	 1.215686	
  .0001032	 3.921569E-02	 1.215686	
  .0001033	 3.921569E-02	 1.215686	
  .0001034	 3.921569E-02	 1.137255	
  .0001035	-3.921569E-02	 1.137255	
  .0001036	-3.921569E-02	 1.137255	
  .0001037	 3.921569E-02	 1.215686	
  .0001038	 3.921569E-02	 1.294118	
  .0001039	 3.921569E-02	 1.215686	
  .000104	 3.921569E-02	 1.215686	
  .0001041	-3.921569E-02	 1.294118	
  .0001042	 .1176471	 1.215686	
  .0001043	-3.921569E-02	 1.294118	
  .0001044	 3.921569E-02	 1.372549	
  .0001045	-3.921569E-02	 1.215686	
  .0001046	-3.921569E-02	 1.294118	
  .0001047	-3.921569E-02	 1.294118	
  .0001048	 3.921569E-02	 1.294118	
  .0001049	-3.921569E-02	 1.372549	
  .000105	-3.921569E-02	 1.215686	
  .0001051	 3.921569E-02	 1.294118	
  .0001052	 3.921569E-02	 1.372549	
  .0001053	 3.921569E-02	 1.294118	
  .0001054	-3.921569E-02	 1.294118	
  .0001055	-3.921569E-02	 1.294118	
  .0001056	 3.921569E-02	 1.294118	
  .0001057	 .1176471	 1.45098	
  .0001058	 3.921569E-02	 1.45098	
  .0001059	 3.921569E-02	 1.45098	
  .000106	 3.921569E-02	 1.45098	
  .0001061	 3.921569E-02	 1.45098	
  .0001062	 .1960784	 1.45098	
  .0001063	 .1176471	 1.294118	
  .0001064	 3.921569E-02	 1.372549	
  .0001065	 3.921569E-02	 1.372549	
  .0001066	-3.921569E-02	 1.45098	
  .0001067	 3.921569E-02	 1.45098	
  .0001068	 3.921569E-02	 1.372549	
  .0001069	 3.921569E-02	 1.45098	
  .000107	-3.921569E-02	 1.45098	
  .0001071	-3.921569E-02	 1.372549	
  .0001072	 .1176471	 1.372549	
  .0001073	-3.921569E-02	 1.45098	
  .0001074	 3.921569E-02	 1.529412	
  .0001075	 3.921569E-02	 1.529412	
  .0001076	 3.921569E-02	 1.529412	
  .0001077	 .1176471	 1.529412	
  .0001078	 .1176471	 1.607843	
  .0001079	-3.921569E-02	 1.529412	
  .000108	-3.921569E-02	 1.529412	
  .0001081	 3.921569E-02	 1.529412	
  .0001082	 3.921569E-02	 1.529412	
  .0001083	 3.921569E-02	 1.529412	
  .0001084	-3.921569E-02	 1.529412	
  .0001085	-3.921569E-02	 1.529412	
  .0001086	 3.921569E-02	 1.529412	
  .0001087	 3.921569E-02	 1.529412	
  .0001088	-3.921569E-02	 1.607843	
  .0001089	 3.921569E-02	 1.529412	
  .000109	-3.921569E-02	 1.607843	
  .0001091	 .1176471	 1.607843	
  .0001092	 .1176471	 1.686275	
  .0001093	 3.921569E-02	 1.607843	
  .0001094	 3.921569E-02	 1.607843	
  .0001095	-3.921569E-02	 1.607843	
  .0001096	 .1176471	 1.607843	
  .0001097	-3.921569E-02	 1.686275	
  .0001098	 3.921569E-02	 1.686275	
  .0001099	 3.921569E-02	 1.686275	
  .00011	 3.921569E-02	 1.686275	
  .0001101	 3.921569E-02	 1.686275	
  .0001102	 3.921569E-02	 1.607843	
  .0001103	-3.921569E-02	 1.764706	
  .0001104	-3.921569E-02	 1.607843	
  .0001105	 3.921569E-02	 1.686275	
  .0001106	 3.921569E-02	 1.764706	
  .0001107	 3.921569E-02	 1.607843	
  .0001108	 .1176471	 1.607843	
  .0001109	 3.921569E-02	 1.686275	
  .000111	 3.921569E-02	 1.686275	
  .0001111	 3.921569E-02	 1.607843	
  .0001112	 3.921569E-02	 1.607843	
  .0001113	 3.921569E-02	 1.764706	
  .0001114	 3.921569E-02	 1.686275	
  .0001115	-3.921569E-02	 1.843137	
  .0001116	 .1176471	 1.764706	
  .0001117	 3.921569E-02	 1.686275	
  .0001118	 3.921569E-02	 1.764706	
  .0001119	 3.921569E-02	 1.764706	
  .000112	 3.921569E-02	 1.686275	
  .0001121	 3.921569E-02	 1.686275	
  .0001122	 3.921569E-02	 1.686275	
  .0001123	 .1176471	 1.764706	
  .0001124	 3.921569E-02	 1.764706	
  .0001125	 3.921569E-02	 1.764706	
  .0001126	 3.921569E-02	 1.764706	
  .0001127	 .1176471	 1.686275	
  .0001128	 3.921569E-02	 1.843137	
  .0001129	 3.921569E-02	 1.921569	
  .000113	 .1176471	 1.764706	
  .0001131	 3.921569E-02	 1.843137	
  .0001132	-3.921569E-02	 1.764706	
  .0001133	 3.921569E-02	 1.764706	
  .0001134	 3.921569E-02	 1.764706	
  .0001135	-3.921569E-02	 1.686275	
  .0001136	 3.921569E-02	 1.764706	
  .0001137	-3.921569E-02	 1.843137	
  .0001138	-3.921569E-02	 1.686275	
  .0001139	 3.921569E-02	 1.686275	
  .000114	 3.921569E-02	 1.764706	
  .0001141	 .1176471	 1.764706	
  .0001142	 3.921569E-02	 1.843137	
  .0001143	 3.921569E-02	 1.843137	
  .0001144	 3.921569E-02	 1.764706	
  .0001145	 3.921569E-02	 1.764706	
  .0001146	 3.921569E-02	 1.764706	
  .0001147	 .1176471	 1.764706	
  .0001148	 .1176471	 1.764706	
  .0001149	 3.921569E-02	 1.764706	
  .000115	 .1960784	 1.764706	
  .0001151	 .1176471	 1.686275	
  .0001152	 3.921569E-02	 1.764706	
  .0001153	 3.921569E-02	 1.764706	
  .0001154	 3.921569E-02	 1.764706	
  .0001155	 .1176471	 1.764706	
  .0001156	 .1176471	 1.764706	
  .0001157	 3.921569E-02	 1.921569	
  .0001158	-3.921569E-02	 1.843137	
  .0001159	-3.921569E-02	 1.764706	
  .000116	 3.921569E-02	 1.764706	
  .0001161	 .1960784	 1.843137	
  .0001162	 .1176471	 1.843137	
  .0001163	 3.921569E-02	 1.843137	
  .0001164	 3.921569E-02	 1.764706	
  .0001165	-3.921569E-02	 1.764706	
  .0001166	 3.921569E-02	 1.921569	
  .0001167	 3.921569E-02	 1.764706	
  .0001168	 3.921569E-02	 1.764706	
  .0001169	 .1176471	 1.764706	
  .000117	 3.921569E-02	 1.764706	
  .0001171	 .1176471	 1.686275	
  .0001172	 3.921569E-02	 1.764706	
  .0001173	 3.921569E-02	 1.843137	
  .0001174	 .1960784	 1.764706	
  .0001175	 .1176471	 1.764706	
  .0001176	 3.921569E-02	 1.764706	
  .0001177	 3.921569E-02	 1.921569	
  .0001178	 3.921569E-02	 1.764706	
  .0001179	 3.921569E-02	 1.764706	
  .000118	 3.921569E-02	 1.764706	
  .0001181	 3.921569E-02	 1.764706	
  .0001182	 3.921569E-02	 1.843137	
  .0001183	 3.921569E-02	 1.686275	
  .0001184	 .1176471	 1.843137	
  .0001185	 .1176471	 1.764706	
  .0001186	 3.921569E-02	 1.764706	
  .0001187	 3.921569E-02	 1.764706	
  .0001188	 .1176471	 1.764706	
  .0001189	 3.921569E-02	 1.764706	
  .000119	 .1176471	 1.764706	
  .0001191	 3.921569E-02	 1.843137	
  .0001192	 3.921569E-02	 1.764706	
  .0001193	 .1176471	 1.764706	
  .0001194	 3.921569E-02	 1.843137	
  .0001195	 3.921569E-02	 1.843137	
  .0001196	 3.921569E-02	 1.843137	
  .0001197	 3.921569E-02	 1.921569	
  .0001198	 .1176471	 1.764706	
  .0001199	 .1176471	 1.764706	
  .00012	 .1176471	 1.764706	
  .0001201	 3.921569E-02	 1.764706	
  .0001202	-3.921569E-02	 1.843137	
  .0001203	 .1176471	 1.843137	
  .0001204	 3.921569E-02	 1.764706	
  .0001205	-3.921569E-02	 1.843137	
  .0001206	 3.921569E-02	 1.843137	
  .0001207	 .1176471	 1.843137	
  .0001208	 3.921569E-02	 1.843137	
  .0001209	 3.921569E-02	 1.921569	
  .000121	 3.921569E-02	 1.764706	
  .0001211	 3.921569E-02	 1.843137	
  .0001212	 3.921569E-02	 1.764706	
  .0001213	 3.921569E-02	 1.764706	
  .0001214	 .1176471	 1.921569	
  .0001215	 .1176471	 1.686275	
  .0001216	 .1176471	 1.843137	
  .0001217	 3.921569E-02	 1.921569	
  .0001218	 .1176471	 1.843137	
  .0001219	 3.921569E-02	 1.843137	
  .000122	 3.921569E-02	 1.764706	
  .0001221	 .1176471	 1.764706	
  .0001222	 3.921569E-02	 1.921569	
  .0001223	 3.921569E-02	 1.764706	
  .0001224	 .1176471	 1.843137	
  .0001225	 .1176471	 1.843137	
  .0001226	 .1960784	 1.843137	
  .0001227	 .1176471	 1.843137	
  .0001228	 .1176471	 1.921569	
  .0001229	 .1176471	 1.843137	
  .000123	 .1960784	 1.764706	
  .0001231	 3.921569E-02	 1.764706	
  .0001232	 3.921569E-02	 1.764706	
  .0001233	 .1176471	 1.686275	
  .0001234	 .1176471	 1.686275	
  .0001235	 3.921569E-02	 1.686275	
  .0001236	 .1176471	 1.686275	
  .0001237	 .1176471	 1.764706	
  .0001238	 .1176471	 1.686275	
  .0001239	 3.921569E-02	 1.764706	
  .000124	 .1176471	 1.843137	
  .0001241	 .1176471	 1.843137	
  .0001242	 3.921569E-02	 1.843137	
  .0001243	 .1960784	 1.686275	
  .0001244	 3.921569E-02	 1.764706	
  .0001245	 3.921569E-02	 1.764706	
  .0001246	 .1176471	 1.764706	
  .0001247	 3.921569E-02	 1.764706	
  .0001248	 3.921569E-02	 1.686275	
  .0001249	 .1960784	 1.764706	
  .000125	 .1960784	 1.686275	
  .0001251	 .1176471	 1.764706	
  .0001252	 .1176471	 1.686275	
  .0001253	 .1960784	 1.607843	
  .0001254	 3.921569E-02	 1.686275	
  .0001255	 .1176471	 1.686275	
  .0001256	 .1176471	 1.764706	
  .0001257	 3.921569E-02	 1.764706	
  .0001258	 .1176471	 1.764706	
  .0001259	 .1176471	 1.686275	
  .000126	 .1960784	 1.764706	
  .0001261	 .1960784	 1.686275	
  .0001262	 .1176471	 1.686275	
  .0001263	 3.921569E-02	 1.607843	
  .0001264	 .1176471	 1.686275	
  .0001265	 .1176471	 1.764706	
  .0001266	 3.921569E-02	 1.607843	
  .0001267	 3.921569E-02	 1.607843	
  .0001268	 .1176471	 1.607843	
  .0001269	 .1176471	 1.607843	
  .000127	 .1960784	 1.529412	
  .0001271	 .1176471	 1.686275	
  .0001272	 3.921569E-02	 1.686275	
  .0001273	 .1176471	 1.686275	
  .0001274	 .1176471	 1.764706	
  .0001275	 .1960784	 1.686275	
  .0001276	 .1176471	 1.686275	
  .0001277	 3.921569E-02	 1.686275	
  .0001278	 .1960784	 1.607843	
  .0001279	 .1176471	 1.607843	
  .000128	 3.921569E-02	 1.607843	
  .0001281	 .1176471	 1.607843	
  .0001282	 .1176471	 1.529412	
  .0001283	 3.921569E-02	 1.529412	
  .0001284	 .1176471	 1.529412	
  .0001285	 3.921569E-02	 1.529412	
  .0001286	 3.921569E-02	 1.607843	
  .0001287	 .1960784	 1.529412	
  .0001288	 3.921569E-02	 1.529412	
  .0001289	 .1960784	 1.529412	
  .000129	 .1176471	 1.607843	
  .0001291	 .1176471	 1.529412	
  .0001292	 .1176471	 1.529412	
  .0001293	 3.921569E-02	 1.529412	
  .0001294	 .1176471	 1.607843	
  .0001295	 3.921569E-02	 1.529412	
  .0001296	 .1176471	 1.607843	
  .0001297	 .1176471	 1.529412	
  .0001298	 .1176471	 1.45098	
  .0001299	 .1176471	 1.45098	
  .00013	 3.921569E-02	 1.45098	
  .0001301	 3.921569E-02	 1.45098	
  .0001302	 3.921569E-02	 1.45098	
  .0001303	 3.921569E-02	 1.372549	
  .0001304	 .1176471	 1.529412	
  .0001305	 3.921569E-02	 1.529412	
  .0001306	 .1176471	 1.45098	
  .0001307	 .1176471	 1.45098	
  .0001308	 .1176471	 1.529412	
  .0001309	 .1176471	 1.372549	
  .000131	 3.921569E-02	 1.529412	
  .0001311	 3.921569E-02	 1.372549	
  .0001312	 .1960784	 1.45098	
  .0001313	 .1176471	 1.45098	
  .0001314	 .1176471	 1.294118	
  .0001315	 .1176471	 1.372549	
  .0001316	 .1176471	 1.529412	
  .0001317	 3.921569E-02	 1.45098	
  .0001318	 .1176471	 1.45098	
  .0001319	 3.921569E-02	 1.372549	
  .000132	 .1176471	 1.372549	
  .0001321	 .1176471	 1.372549	
  .0001322	 .1176471	 1.372549	
  .0001323	 3.921569E-02	 1.45098	
  .0001324	 .1176471	 1.45098	
  .0001325	 .1960784	 1.372549	
  .0001326	 .1176471	 1.45098	
  .0001327	 .1960784	 1.45098	
  .0001328	 .1176471	 1.372549	
  .0001329	 .1176471	 1.372549	
  .000133	 .1176471	 1.372549	
  .0001331	 3.921569E-02	 1.294118	
  .0001332	 .1176471	 1.294118	
  .0001333	 .1176471	 1.215686	
  .0001334	 3.921569E-02	 1.215686	
  .0001335	 3.921569E-02	 1.294118	
  .0001336	 .1176471	 1.215686	
  .0001337	 3.921569E-02	 1.215686	
  .0001338	 3.921569E-02	 1.215686	
  .0001339	 .1176471	 1.294118	
  .000134	 .1176471	 1.372549	
  .0001341	 .1176471	 1.372549	
  .0001342	 .1176471	 1.215686	
  .0001343	 .1176471	 1.215686	
  .0001344	 .1176471	 1.215686	
  .0001345	 .1176471	 1.215686	
  .0001346	 .1960784	 1.215686	
  .0001347	 3.921569E-02	 1.137255	
  .0001348	 .1960784	 1.137255	
  .0001349	 .1960784	 1.137255	
  .000135	 .1176471	 1.215686	
  .0001351	 3.921569E-02	 1.137255	
  .0001352	 .1176471	 1.137255	
  .0001353	 .1176471	 1.137255	
  .0001354	 3.921569E-02	 1.215686	
  .0001355	 3.921569E-02	 1.215686	
  .0001356	 3.921569E-02	 1.137255	
  .0001357	 3.921569E-02	 1.215686	
  .0001358	 .1176471	 1.137255	
  .0001359	 .2745098	 1.215686	
  .000136	 .1176471	 1.058824	
  .0001361	 3.921569E-02	 1.137255	
  .0001362	 .1176471	 .9803922	
  .0001363	 .1176471	 1.137255	
  .0001364	 .1176471	 1.137255	
  .0001365	 .1176471	 .9803922	
  .0001366	 .1176471	 1.058824	
  .0001367	 .1176471	 1.058824	
  .0001368	 .1960784	 .9803922	
  .0001369	 .1960784	 .9803922	
  .000137	 .1176471	 1.058824	
  .0001371	 .1176471	 .9803922	
  .0001372	 .1176471	 1.137255	
  .0001373	 .1176471	 1.058824	
  .0001374	 .1960784	 1.058824	
  .0001375	 .1176471	 1.137255	
  .0001376	 .1960784	 1.058824	
  .0001377	 .1176471	 .9803922	
  .0001378	 .1960784	 1.058824	
  .0001379	 .1176471	 .9803922	
  .000138	 .1960784	 1.058824	
  .0001381	 .1176471	 .9019608	
  .0001382	 .1176471	 .9019608	
  .0001383	 .1176471	 .9019608	
  .0001384	 3.921569E-02	 .9019608	
  .0001385	 3.921569E-02	 .9019608	
  .0001386	 .1176471	 .9019608	
  .0001387	 3.921569E-02	 .8235294	
  .0001388	 .1176471	 .8235294	
  .0001389	 .1176471	 .9019608	
  .000139	 .1176471	 .9019608	
  .0001391	 3.921569E-02	 .7450981	
  .0001392	 3.921569E-02	 .8235294	
  .0001393	 .1176471	 .8235294	
  .0001394	 .1176471	 .8235294	
  .0001395	 .1176471	 .8235294	
  .0001396	 .1176471	 .8235294	
  .0001397	 .1176471	 .6666667	
  .0001398	 3.921569E-02	 .7450981	
  .0001399	 .1176471	 .7450981	
  .00014	 3.921569E-02	 .7450981	
  .0001401	 .1176471	 .7450981	
  .0001402	 3.921569E-02	 .7450981	
  .0001403	 3.921569E-02	 .7450981	
  .0001404	 3.921569E-02	 .7450981	
  .0001405	 .1960784	 .7450981	
  .0001406	 .1176471	 .7450981	
  .0001407	 .1176471	 .6666667	
  .0001408	 .1176471	 .7450981	
  .0001409	 3.921569E-02	 .6666667	
  .000141	 .1176471	 .6666667	
  .0001411	 3.921569E-02	 .6666667	
  .0001412	 .1176471	 .6666667	
  .0001413	 .1176471	 .6666667	
  .0001414	 .1176471	 .6666667	
  .0001415	 .1176471	 .7450981	
  .0001416	 .1176471	 .6666667	
  .0001417	 .1176471	 .6666667	
  .0001418	 .1176471	 .6666667	
  .0001419	 .1176471	 .6666667	
  .000142	 .1176471	 .5882353	
  .0001421	 3.921569E-02	 .6666667	
  .0001422	 .1176471	 .6666667	
  .0001423	 .1176471	 .6666667	
  .0001424	 .1176471	 .5882353	
  .0001425	 .1176471	 .6666667	
  .0001426	 .1176471	 .6666667	
  .0001427	 .1176471	 .509804	
  .0001428	 .1176471	 .6666667	
  .0001429	 3.921569E-02	 .5882353	
  .000143	 .1176471	 .4313726	
  .0001431	 3.921569E-02	 .4313726	
  .0001432	 .1960784	 .509804	
  .0001433	 3.921569E-02	 .509804	
  .0001434	 .1176471	 .509804	
  .0001435	-3.921569E-02	 .509804	
  .0001436	 3.921569E-02	 .3529412	
  .0001437	 .1176471	 .509804	
  .0001438	 .1176471	 .509804	
  .0001439	 3.921569E-02	 .5882353	
  .000144	 .1176471	 .509804	
  .0001441	 .1176471	 .4313726	
  .0001442	 .1960784	 .3529412	
  .0001443	 .1176471	 .3529412	
  .0001444	 .1176471	 .3529412	
  .0001445	 3.921569E-02	 .4313726	
  .0001446	 .1176471	 .2745098	
  .0001447	 .1176471	 .3529412	
  .0001448	 .1960784	 .3529412	
  .0001449	 .1960784	 .3529412	
  .000145	 .1176471	 .3529412	
  .0001451	 .1176471	 .3529412	
  .0001452	 3.921569E-02	 .4313726	
  .0001453	 .1176471	 .4313726	
  .0001454	 .1176471	 .4313726	
  .0001455	 .1176471	 .3529412	
  .0001456	 .1176471	 .2745098	
  .0001457	 3.921569E-02	 .3529412	
  .0001458	 .2745098	 .3529412	
  .0001459	 .1176471	 .1960784	
  .000146	 .1176471	 .3529412	
  .0001461	 .1176471	 .1960784	
  .0001462	 .1176471	 .1960784	
  .0001463	 .1176471	 .3529412	
  .0001464	 .1176471	 .2745098	
  .0001465	 .1176471	 .1176471	
  .0001466	 .1960784	 .1960784	
  .0001467	 3.921569E-02	 .1176471	
  .0001468	 .1960784	 .1176471	
  .0001469	 .1176471	 .1960784	
  .000147	 .1176471	 .1960784	
  .0001471	 .1960784	 .1960784	
  .0001472	 .1176471	 .2745098	
  .0001473	 .1960784	 .1176471	
  .0001474	 3.921569E-02	 .1176471	
  .0001475	 3.921569E-02	 .1176471	
  .0001476	 .1176471	 .1176471	
  .0001477	 .1960784	 .1176471	
  .0001478	 .1176471	 .1176471	
  .0001479	 .1176471	 .1176471	
  .000148	 .1176471	 .1176471	
  .0001481	 .1176471	 3.921569E-02	
  .0001482	 .1176471	 3.921569E-02	
  .0001483	 .1176471	 3.921569E-02	
  .0001484	 .1176471	 3.921569E-02	
  .0001485	 .1960784	-3.921569E-02	
  .0001486	 .1176471	-3.921569E-02	
  .0001487	 .1176471	 3.921569E-02	
  .0001488	 .1176471	 .1176471	
  .0001489	 .1176471	 3.921569E-02	
  .000149	 .1176471	-3.921569E-02	
  .0001491	 3.921569E-02	-.1176471	
  .0001492	 .1176471	 3.921569E-02	
  .0001493	 .1176471	-3.921569E-02	
  .0001494	 .1176471	 3.921569E-02	
  .0001495	 .1960784	-3.921569E-02	
  .0001496	 .1176471	-3.921569E-02	
  .0001497	 .1176471	-3.921569E-02	
  .0001498	 .1176471	-.1176471	
  .0001499	 3.921569E-02	-3.921569E-02	
  .00015	 3.921569E-02	-3.921569E-02	
  .0001501	 3.921569E-02	-.1176471	
  .0001502	 .1176471	-3.921569E-02	
  .0001503	 .1176471	-.1176471	
  .0001504	 .1960784	-.1176471	
  .0001505	 3.921569E-02	-.1176471	
  .0001506	 3.921569E-02	-.1176471	
  .0001507	 3.921569E-02	-.1176471	
  .0001508	 3.921569E-02	-.1176471	
  .0001509	 3.921569E-02	-.1176471	
  .000151	 3.921569E-02	-.1176471	
  .0001511	 3.921569E-02	-.1176471	
  .0001512	 .1960784	-.1176471	
  .0001513	 .1176471	-.1960784	
  .0001514	 .1176471	-.1176471	
  .0001515	 .1176471	-.1960784	
  .0001516	 .1176471	-.2745098	
  .0001517	 .1176471	-.1176471	
  .0001518	 3.921569E-02	-.1960784	
  .0001519	 .1176471	-.1960784	
  .000152	 3.921569E-02	-.1960784	
  .0001521	 .1176471	-.1960784	
  .0001522	 .1176471	-.1960784	
  .0001523	 .1176471	-.2745098	
  .0001524	 .1960784	-.1960784	
  .0001525	 .1176471	-.1176471	
  .0001526	 .1960784	-.3529412	
  .0001527	 .1176471	-.2745098	
  .0001528	 .1176471	-.1960784	
  .0001529	 3.921569E-02	-.2745098	
  .000153	 .1176471	-.3529412	
  .0001531	 .1176471	-.3529412	
  .0001532	 3.921569E-02	-.3529412	
  .0001533	 .1960784	-.3529412	
  .0001534	 3.921569E-02	-.4313726	
  .0001535	 .1176471	-.4313726	
  .0001536	 .1176471	-.3529412	
  .0001537	 .1176471	-.2745098	
  .0001538	 3.921569E-02	-.3529412	
  .0001539	 .1176471	-.2745098	
  .000154	 3.921569E-02	-.4313726	
  .0001541	 3.921569E-02	-.4313726	
  .0001542	 .1176471	-.4313726	
  .0001543	 .1960784	-.3529412	
  .0001544	 .1176471	-.4313726	
  .0001545	 .1176471	-.4313726	
  .0001546	 .1960784	-.509804	
  .0001547	 .1960784	-.509804	
  .0001548	 .1176471	-.4313726	
  .0001549	 3.921569E-02	-.509804	
  .000155	 .1960784	-.509804	
  .0001551	 .1176471	-.509804	
  .0001552	 3.921569E-02	-.4313726	
  .0001553	 .1176471	-.509804	
  .0001554	 3.921569E-02	-.4313726	
  .0001555	 .1176471	-.4313726	
  .0001556	 .1176471	-.5882353	
  .0001557	 .1960784	-.509804	
  .0001558	 3.921569E-02	-.5882353	
  .0001559	 .1176471	-.509804	
  .000156	 3.921569E-02	-.509804	
  .0001561	 .1176471	-.509804	
  .0001562	 .1176471	-.509804	
  .0001563	 .1176471	-.5882353	
  .0001564	 3.921569E-02	-.5882353	
  .0001565	 .1960784	-.5882353	
  .0001566	 .1176471	-.5882353	
  .0001567	 .1960784	-.6666667	
  .0001568	 .1176471	-.5882353	
  .0001569	 .1960784	-.5882353	
  .000157	 .1960784	-.5882353	
  .0001571	 .1176471	-.509804	
  .0001572	 .1176471	-.5882353	
  .0001573	 .1176471	-.6666667	
  .0001574	 .1176471	-.6666667	
  .0001575	 3.921569E-02	-.6666667	
  .0001576	 .1176471	-.5882353	
  .0001577	 .1176471	-.6666667	
  .0001578	 .1176471	-.6666667	
  .0001579	 3.921569E-02	-.6666667	
  .000158	 3.921569E-02	-.6666667	
  .0001581	 .1176471	-.6666667	
  .0001582	 3.921569E-02	-.6666667	
  .0001583	 .1176471	-.7450981	
  .0001584	 .1960784	-.6666667	
  .0001585	 3.921569E-02	-.7450981	
  .0001586	 .1960784	-.6666667	
  .0001587	 3.921569E-02	-.6666667	
  .0001588	 .1176471	-.6666667	
  .0001589	 .1176471	-.7450981	
  .000159	 .1176471	-.6666667	
  .0001591	 .1176471	-.7450981	
  .0001592	 .1176471	-.6666667	
  .0001593	 .1176471	-.7450981	
  .0001594	 .1176471	-.7450981	
  .0001595	 .1176471	-.7450981	
  .0001596	 .1176471	-.8235294	
  .0001597	 .1176471	-.8235294	
  .0001598	 3.921569E-02	-.8235294	
  .0001599	 3.921569E-02	-.8235294	
  .00016	 .1176471	-.9019608	
  .0001601	 .1176471	-.7450981	
  .0001602	 3.921569E-02	-.8235294	
  .0001603	 .1176471	-.7450981	
  .0001604	 .1176471	-.7450981	
  .0001605	 3.921569E-02	-.8235294	
  .0001606	 3.921569E-02	-.9019608	
  .0001607	 3.921569E-02	-.9019608	
  .0001608	 3.921569E-02	-.8235294	
  .0001609	 .1176471	-.8235294	
  .000161	 .1176471	-.7450981	
  .0001611	 .1176471	-.9019608	
  .0001612	 .1176471	-.9019608	
  .0001613	 .1176471	-.8235294	
  .0001614	 .1176471	-.9019608	
  .0001615	 .1176471	-.9019608	
  .0001616	 .1176471	-.9019608	
  .0001617	 .1176471	-.9019608	
  .0001618	 .1176471	-.8235294	
  .0001619	 3.921569E-02	-.9019608	
  .000162	 3.921569E-02	-.8235294	
  .0001621	 3.921569E-02	-.9019608	
  .0001622	 .1960784	-.9019608	
  .0001623	 .1176471	-.9019608	
  .0001624	 3.921569E-02	-.8235294	
  .0001625	 .1176471	-.9019608	
  .0001626	 .1960784	-.9019608	
  .0001627	 .1176471	-.9803922	
  .0001628	 3.921569E-02	-.9803922	
  .0001629	 3.921569E-02	-.9019608	
  .000163	 3.921569E-02	-.9803922	
  .0001631	 .1176471	-.9803922	
  .0001632	 3.921569E-02	-1.058824	
  .0001633	 .1176471	-.9803922	
  .0001634	 3.921569E-02	-.9803922	
  .0001635	 3.921569E-02	-.9019608	
  .0001636	 .1176471	-.9803922	
  .0001637	 3.921569E-02	-.9019608	
  .0001638	 .1176471	-.9803922	
  .0001639	 .1176471	-.9803922	
  .000164	 .1176471	-.9803922	
  .0001641	 .1176471	-.9803922	
  .0001642	 3.921569E-02	-1.058824	
  .0001643	 3.921569E-02	-1.058824	
  .0001644	 .1176471	-1.058824	
  .0001645	 .1960784	-1.058824	
  .0001646	 .1176471	-1.137255	
  .0001647	 .1176471	-1.058824	
  .0001648	 3.921569E-02	-1.058824	
  .0001649	 .1960784	-1.058824	
  .000165	 .1176471	-1.058824	
  .0001651	 .1176471	-.9803922	
  .0001652	 3.921569E-02	-1.058824	
  .0001653	 .1176471	-.9803922	
  .0001654	 .1960784	-1.058824	
  .0001655	 3.921569E-02	-1.058824	
  .0001656	 .1176471	-1.058824	
  .0001657	 .1960784	-1.058824	
  .0001658	 3.921569E-02	-1.137255	
  .0001659	 .1176471	-1.058824	
  .000166	 .1176471	-1.137255	
  .0001661	 .1176471	-1.058824	
  .0001662	 .1176471	-1.137255	
  .0001663	 .1176471	-1.058824	
  .0001664	 .1176471	-1.137255	
  .0001665	 .1176471	-1.137255	
  .0001666	 .1960784	-1.137255	
  .0001667	 .1176471	-1.058824	
  .0001668	 .1176471	-1.058824	
  .0001669	 .1960784	-1.137255	
  .000167	 .1176471	-1.137255	
  .0001671	 .1176471	-1.137255	
  .0001672	 .1176471	-1.137255	
  .0001673	 3.921569E-02	-1.137255	
  .0001674	 .1176471	-1.137255	
  .0001675	 .1176471	-1.137255	
  .0001676	 .1960784	-1.215686	
  .0001677	 .1960784	-1.215686	
  .0001678	 .1176471	-1.137255	
  .0001679	 3.921569E-02	-1.137255	
  .000168	 .1176471	-1.137255	
  .0001681	 .1176471	-1.137255	
  .0001682	 .1176471	-1.137255	
  .0001683	 .1176471	-1.294118	
  .0001684	 3.921569E-02	-1.215686	
  .0001685	 .1176471	-1.058824	
  .0001686	 3.921569E-02	-1.137255	
  .0001687	 3.921569E-02	-1.137255	
  .0001688	 .1176471	-1.215686	
  .0001689	 3.921569E-02	-1.137255	
  .000169	 .1960784	-1.215686	
  .0001691	 .1176471	-1.137255	
  .0001692	 .1176471	-1.215686	
  .0001693	 .1176471	-1.294118	
  .0001694	 .1176471	-1.215686	
  .0001695	 3.921569E-02	-1.215686	
  .0001696	 3.921569E-02	-1.137255	
  .0001697	 3.921569E-02	-1.215686	
  .0001698	 3.921569E-02	-1.294118	
  .0001699	 3.921569E-02	-1.215686	
  .00017	 3.921569E-02	-1.137255	
  .0001701	 3.921569E-02	-1.215686	
  .0001702	 .1176471	-1.215686	
  .0001703	 3.921569E-02	-1.058824	
  .0001704	 .1176471	-1.215686	
  .0001705	 3.921569E-02	-1.215686	
  .0001706	 3.921569E-02	-1.215686	
  .0001707	 .1176471	-1.294118	
  .0001708	 .1176471	-1.215686	
  .0001709	 .1176471	-1.215686	
  .000171	 .1960784	-1.215686	
  .0001711	 3.921569E-02	-1.294118	
  .0001712	 3.921569E-02	-1.215686	
  .0001713	 .1176471	-1.294118	
  .0001714	 .1176471	-1.215686	
  .0001715	 3.921569E-02	-1.294118	
  .0001716	 .1176471	-1.137255	
  .0001717	 .1176471	-1.137255	
  .0001718	 3.921569E-02	-1.294118	
  .0001719	 .1176471	-1.215686	
  .000172	 .1176471	-1.215686	
  .0001721	 .1176471	-1.215686	
  .0001722	 .1176471	-1.215686	
  .0001723	 .1176471	-1.215686	
  .0001724	 .1960784	-1.294118	
  .0001725	 .1176471	-1.215686	
  .0001726	 .1176471	-1.215686	
  .0001727	-3.921569E-02	-1.294118	
  .0001728	-3.921569E-02	-1.294118	
  .0001729	 3.921569E-02	-1.294118	
  .000173	 .1176471	-1.294118	
  .0001731	 .1176471	-1.215686	
  .0001732	-3.921569E-02	-1.294118	
  .0001733	 .1176471	-1.294118	
  .0001734	 .1176471	-1.215686	
  .0001735	 .1176471	-1.215686	
  .0001736	 .1176471	-1.294118	
  .0001737	 3.921569E-02	-1.294118	
  .0001738	 3.921569E-02	-1.215686	
  .0001739	 .1176471	-1.294118	
  .000174	 .1176471	-1.294118	
  .0001741	 .1960784	-1.294118	
  .0001742	 .1176471	-1.215686	
  .0001743	 3.921569E-02	-1.294118	
  .0001744	 .1176471	-1.294118	
  .0001745	 3.921569E-02	-1.372549	
  .0001746	 .1176471	-1.294118	
  .0001747	 3.921569E-02	-1.294118	
  .0001748	 3.921569E-02	-1.294118	
  .0001749	 3.921569E-02	-1.372549	
  .000175	 .1176471	-1.294118	
  .0001751	 .1176471	-1.215686	
  .0001752	 3.921569E-02	-1.294118	
  .0001753	 .1176471	-1.294118	
  .0001754	 3.921569E-02	-1.294118	
  .0001755	 .1176471	-1.294118	
  .0001756	 .1176471	-1.294118	
  .0001757	 .1176471	-1.294118	
  .0001758	 .1176471	-1.137255	
  .0001759	 .1176471	-1.215686	
  .000176	 .1176471	-1.215686	
  .0001761	-3.921569E-02	-1.215686	
  .0001762	 .1176471	-1.215686	
  .0001763	 3.921569E-02	-1.215686	
  .0001764	 .1176471	-1.294118	
  .0001765	 .1176471	-1.372549	
  .0001766	 3.921569E-02	-1.215686	
  .0001767	 3.921569E-02	-1.215686	
  .0001768	 .1176471	-1.215686	
  .0001769	 3.921569E-02	-1.215686	
  .000177	 .1176471	-1.294118	
  .0001771	 3.921569E-02	-1.294118	
  .0001772	 3.921569E-02	-1.294118	
  .0001773	 .1176471	-1.294118	
  .0001774	 .1176471	-1.294118	
  .0001775	 3.921569E-02	-1.294118	
  .0001776	 .1176471	-1.294118	
  .0001777	 3.921569E-02	-1.294118	
  .0001778	 .1176471	-1.294118	
  .0001779	 3.921569E-02	-1.294118	
  .000178	 3.921569E-02	-1.294118	
  .0001781	 3.921569E-02	-1.215686	
  .0001782	 .1176471	-1.294118	
  .0001783	 3.921569E-02	-1.215686	
  .0001784	 .1176471	-1.215686	
  .0001785	 3.921569E-02	-1.294118	
  .0001786	 3.921569E-02	-1.215686	
  .0001787	 .1176471	-1.294118	
  .0001788	 3.921569E-02	-1.215686	
  .0001789	 .1176471	-1.294118	
  .000179	 .1176471	-1.294118	
  .0001791	 3.921569E-02	-1.294118	
  .0001792	 3.921569E-02	-1.294118	
  .0001793	 .1176471	-1.215686	
  .0001794	 3.921569E-02	-1.294118	
  .0001795	 3.921569E-02	-1.294118	
  .0001796	 .1176471	-1.215686	
  .0001797	 3.921569E-02	-1.215686	
  .0001798	 3.921569E-02	-1.215686	
  .0001799	 3.921569E-02	-1.215686	
  .00018	 3.921569E-02	-1.294118	
  .0001801	 .1176471	-1.215686	
  .0001802	 .1176471	-1.215686	
  .0001803	 3.921569E-02	-1.215686	
  .0001804	 3.921569E-02	-1.215686	
  .0001805	 .1176471	-1.215686	
  .0001806	 3.921569E-02	-1.294118	
  .0001807	 .1176471	-1.215686	
  .0001808	 .1176471	-1.215686	
  .0001809	 .1176471	-1.215686	
  .000181	 .1176471	-1.294118	
  .0001811	 3.921569E-02	-1.137255	
  .0001812	 .1176471	-1.215686	
  .0001813	 3.921569E-02	-1.215686	
  .0001814	 3.921569E-02	-1.215686	
  .0001815	 .1176471	-1.215686	
  .0001816	 3.921569E-02	-1.137255	
  .0001817	 .1176471	-1.215686	
  .0001818	 .1176471	-1.215686	
  .0001819	 3.921569E-02	-1.137255	
  .000182	 3.921569E-02	-1.215686	
  .0001821	 .1176471	-1.137255	
  .0001822	-3.921569E-02	-1.137255	
  .0001823	 .1176471	-1.215686	
  .0001824	 .1176471	-1.215686	
  .0001825	 3.921569E-02	-1.137255	
  .0001826	 3.921569E-02	-1.215686	
  .0001827	 3.921569E-02	-1.215686	
  .0001828	 3.921569E-02	-1.215686	
  .0001829	 3.921569E-02	-1.137255	
  .000183	 .1176471	-1.137255	
  .0001831	 3.921569E-02	-1.137255	
  .0001832	 3.921569E-02	-1.137255	
  .0001833	 .1176471	-1.058824	
  .0001834	 .1176471	-1.137255	
  .0001835	-3.921569E-02	-1.137255	
  .0001836	 3.921569E-02	-1.137255	
  .0001837	 3.921569E-02	-1.215686	
  .0001838	-3.921569E-02	-1.137255	
  .0001839	-3.921569E-02	-1.137255	
  .000184	 .1176471	-1.137255	
  .0001841	 3.921569E-02	-1.137255	
  .0001842	 3.921569E-02	-1.137255	
  .0001843	 .1176471	-1.215686	
  .0001844	 .1176471	-1.137255	
  .0001845	 3.921569E-02	-1.137255	
  .0001846	 3.921569E-02	-1.137255	
  .0001847	 3.921569E-02	-1.058824	
  .0001848	 3.921569E-02	-1.137255	
  .0001849	 3.921569E-02	-1.058824	
  .000185	 3.921569E-02	-.9803922	
  .0001851	 .1176471	-1.058824	
  .0001852	 .1176471	-1.058824	
  .0001853	 3.921569E-02	-1.137255	
  .0001854	 .1960784	-1.058824	
  .0001855	 .1176471	-1.137255	
  .0001856	 3.921569E-02	-1.058824	
  .0001857	 3.921569E-02	-1.058824	
  .0001858	 3.921569E-02	-1.058824	
  .0001859	 .1176471	-1.058824	
  .000186	 3.921569E-02	-1.058824	
  .0001861	 3.921569E-02	-1.058824	
  .0001862	 3.921569E-02	-1.058824	
  .0001863	 3.921569E-02	-1.058824	
  .0001864	 .1960784	-1.058824	
  .0001865	 .1176471	-1.137255	
  .0001866	-3.921569E-02	-.9803922	
  .0001867	 3.921569E-02	-.9803922	
  .0001868	 3.921569E-02	-.9803922	
  .0001869	 3.921569E-02	-1.058824	
  .000187	-3.921569E-02	-1.058824	
  .0001871	 3.921569E-02	-1.058824	
  .0001872	 .1176471	-1.058824	
  .0001873	 .1176471	-.9803922	
  .0001874	-3.921569E-02	-1.058824	
  .0001875	 .1176471	-.9803922	
  .0001876	 .1176471	-.9803922	
  .0001877	 3.921569E-02	-.9803922	
  .0001878	 3.921569E-02	-1.058824	
  .0001879	 3.921569E-02	-1.058824	
  .000188	-3.921569E-02	-.9803922	
  .0001881	 .1176471	-.9019608	
  .0001882	 3.921569E-02	-1.058824	
  .0001883	 .1176471	-.9019608	
  .0001884	 .1176471	-.9019608	
  .0001885	 3.921569E-02	-.9019608	
  .0001886	 3.921569E-02	-.9019608	
  .0001887	 3.921569E-02	-.9803922	
  .0001888	 3.921569E-02	-.9803922	
  .0001889	-3.921569E-02	-.9019608	
  .000189	 3.921569E-02	-.9019608	
  .0001891	 .1176471	-.9803922	
  .0001892	 .1176471	-.8235294	
  .0001893	 3.921569E-02	-.9019608	
  .0001894	-3.921569E-02	-.9019608	
  .0001895	 3.921569E-02	-.9019608	
  .0001896	 3.921569E-02	-.9803922	
  .0001897	-3.921569E-02	-.9019608	
  .0001898	 3.921569E-02	-.9019608	
  .0001899	-3.921569E-02	-.9019608	
  .00019	 .1176471	-.8235294	
  .0001901	 3.921569E-02	-.8235294	
  .0001902	 .1176471	-.8235294	
  .0001903	 3.921569E-02	-.9019608	
  .0001904	 3.921569E-02	-.9019608	
  .0001905	 .1176471	-.8235294	
  .0001906	 .1176471	-.9019608	
  .0001907	 3.921569E-02	-.8235294	
  .0001908	 3.921569E-02	-.8235294	
  .0001909	-3.921569E-02	-.8235294	
  .000191	 3.921569E-02	-.7450981	
  .0001911	 .1176471	-.9019608	
  .0001912	-3.921569E-02	-.8235294	
  .0001913	 3.921569E-02	-.8235294	
  .0001914	 3.921569E-02	-.8235294	
  .0001915	 3.921569E-02	-.7450981	
  .0001916	 .1176471	-.8235294	
  .0001917	-3.921569E-02	-.7450981	
  .0001918	 3.921569E-02	-.7450981	
  .0001919	 3.921569E-02	-.8235294	
  .000192	 3.921569E-02	-.7450981	
  .0001921	 3.921569E-02	-.6666667	
  .0001922	 .1176471	-.6666667	
  .0001923	 3.921569E-02	-.8235294	
  .0001924	 3.921569E-02	-.7450981	
  .0001925	-3.921569E-02	-.7450981	
  .0001926	 3.921569E-02	-.7450981	
  .0001927	-3.921569E-02	-.7450981	
  .0001928	 3.921569E-02	-.7450981	
  .0001929	 3.921569E-02	-.7450981	
  .000193	-3.921569E-02	-.6666667	
  .0001931	 3.921569E-02	-.6666667	
  .0001932	-3.921569E-02	-.6666667	
  .0001933	 .1176471	-.6666667	
  .0001934	-3.921569E-02	-.6666667	
  .0001935	 3.921569E-02	-.5882353	
  .0001936	 3.921569E-02	-.6666667	
  .0001937	-3.921569E-02	-.5882353	
  .0001938	 3.921569E-02	-.7450981	
  .0001939	 .1176471	-.5882353	
  .000194	 .1176471	-.6666667	
  .0001941	-3.921569E-02	-.6666667	
  .0001942	 .1176471	-.7450981	
  .0001943	-3.921569E-02	-.7450981	
  .0001944	 3.921569E-02	-.5882353	
  .0001945	 3.921569E-02	-.5882353	
  .0001946	 .1176471	-.6666667	
  .0001947	 .1176471	-.6666667	
  .0001948	-3.921569E-02	-.5882353	
  .0001949	-3.921569E-02	-.509804	
  .000195	 3.921569E-02	-.509804	
  .0001951	 3.921569E-02	-.5882353	
  .0001952	 .1176471	-.509804	
  .0001953	 3.921569E-02	-.5882353	
  .0001954	 .1176471	-.6666667	
  .0001955	 3.921569E-02	-.509804	
  .0001956	 3.921569E-02	-.5882353	
  .0001957	-3.921569E-02	-.509804	
  .0001958	 3.921569E-02	-.509804	
  .0001959	 3.921569E-02	-.5882353	
  .000196	-3.921569E-02	-.509804	
  .0001961	 3.921569E-02	-.5882353	
  .0001962	 3.921569E-02	-.509804	
  .0001963	 3.921569E-02	-.5882353	
  .0001964	-3.921569E-02	-.509804	
  .0001965	 3.921569E-02	-.4313726	
  .0001966	 .1176471	-.4313726	
  .0001967	 .1176471	-.4313726	
  .0001968	 3.921569E-02	-.509804	
  .0001969	 3.921569E-02	-.509804	
  .000197	 3.921569E-02	-.509804	
  .0001971	-3.921569E-02	-.4313726	
  .0001972	 3.921569E-02	-.509804	
  .0001973	 3.921569E-02	-.509804	
  .0001974	 3.921569E-02	-.4313726	
  .0001975	 3.921569E-02	-.509804	
  .0001976	 3.921569E-02	-.4313726	
  .0001977	 3.921569E-02	-.509804	
  .0001978	 3.921569E-02	-.509804	
  .0001979	 3.921569E-02	-.4313726	
  .000198	 .1176471	-.4313726	
  .0001981	-3.921569E-02	-.4313726	
  .0001982	 3.921569E-02	-.2745098	
  .0001983	 3.921569E-02	-.3529412	
  .0001984	-3.921569E-02	-.3529412	
  .0001985	 3.921569E-02	-.4313726	
  .0001986	-3.921569E-02	-.3529412	
  .0001987	 .1176471	-.3529412	
  .0001988	 3.921569E-02	-.3529412	
  .0001989	 3.921569E-02	-.2745098	
  .000199	 .1176471	-.3529412	
  .0001991	 .1176471	-.3529412	
  .0001992	-3.921569E-02	-.3529412	
  .0001993	-3.921569E-02	-.4313726	
  .0001994	 3.921569E-02	-.2745098	
  .0001995	 3.921569E-02	-.3529412	
  .0001996	 3.921569E-02	-.3529412	
  .0001997	 3.921569E-02	-.2745098	
  .0001998	-3.921569E-02	-.2745098	
  .0001999	 .1176471	-.2745098	
  .0002	 3.921569E-02	-.2745098	
  .0002001	 .1176471	-.2745098	
  .0002002	 3.921569E-02	-.1960784	
  .0002003	 3.921569E-02	-.2745098	
  .0002004	 3.921569E-02	-.2745098	
  .0002005	 .1176471	-.1960784	
  .0002006	 3.921569E-02	-.1960784	
  .0002007	 3.921569E-02	-.1960784	
  .0002008	 .1176471	-.2745098	
  .0002009	 3.921569E-02	-.1176471	
  .000201	 3.921569E-02	-.1960784	
  .0002011	-3.921569E-02	-.1960784	
  .0002012	 3.921569E-02	-.2745098	
  .0002013	 3.921569E-02	-.1960784	
  .0002014	 3.921569E-02	-.1960784	
  .0002015	 3.921569E-02	-.1960784	
  .0002016	-3.921569E-02	-.1176471	
  .0002017	 3.921569E-02	-.1176471	
  .0002018	 3.921569E-02	-.1960784	
  .0002019	 3.921569E-02	-.1176471	
  .000202	 .1176471	 3.921569E-02	
  .0002021	 3.921569E-02	-.1960784	
  .0002022	 .1176471	-.1176471	
  .0002023	 3.921569E-02	-.1176471	
  .0002024	 3.921569E-02	-.1960784	
  .0002025	-3.921569E-02	-.1176471	
  .0002026	 3.921569E-02	-.1960784	
  .0002027	 3.921569E-02	-.1960784	
  .0002028	 3.921569E-02	-3.921569E-02	
  .0002029	-3.921569E-02	-.1176471	
  .000203	-3.921569E-02	-.1176471	
  .0002031	 3.921569E-02	-3.921569E-02	
  .0002032	 .1176471	-3.921569E-02	
  .0002033	 3.921569E-02	 3.921569E-02	
  .0002034	 3.921569E-02	 .1176471	
  .0002035	 3.921569E-02	-.1176471	
  .0002036	 3.921569E-02	-3.921569E-02	
  .0002037	-3.921569E-02	-3.921569E-02	
  .0002038	 3.921569E-02	-3.921569E-02	
  .0002039	 3.921569E-02	-3.921569E-02	
  .000204	 3.921569E-02	-3.921569E-02	
  .0002041	 .1176471	 3.921569E-02	
  .0002042	 3.921569E-02	-3.921569E-02	
  .0002043	-3.921569E-02	 3.921569E-02	
  .0002044	 3.921569E-02	-3.921569E-02	
  .0002045	 3.921569E-02	-3.921569E-02	
  .0002046	 3.921569E-02	 3.921569E-02	
  .0002047	 3.921569E-02	 .1176471	
  .0002048	-3.921569E-02	 .1176471	
  .0002049	 3.921569E-02	 .1176471	
  .000205	-3.921569E-02	 .1176471	
  .0002051	 .1176471	 3.921569E-02	
  .0002052	 .1176471	 .1176471	
  .0002053	 .1176471	 3.921569E-02	
  .0002054	-3.921569E-02	 3.921569E-02	
  .0002055	 3.921569E-02	 .1176471	
  .0002056	 .1176471	 .1176471	
  .0002057	 .1176471	 .1960784	
  .0002058	 3.921569E-02	 3.921569E-02	
  .0002059	 3.921569E-02	 .1176471	
  .000206	 3.921569E-02	 .1176471	
  .0002061	 3.921569E-02	 .1176471	
  .0002062	 .1176471	 3.921569E-02	
  .0002063	 3.921569E-02	 .1176471	
  .0002064	 3.921569E-02	 .2745098	
  .0002065	 3.921569E-02	 .1960784	
  .0002066	 .1176471	 .1960784	
  .0002067	 3.921569E-02	 .1960784	
  .0002068	 .1176471	 .1176471	
  .0002069	 3.921569E-02	 .1176471	
  .000207	 3.921569E-02	 .1176471	
  .0002071	 .1176471	 .1960784	
  .0002072	 3.921569E-02	 .1960784	
  .0002073	 .1176471	 .1960784	
  .0002074	 3.921569E-02	 .1176471	
  .0002075	 3.921569E-02	 .2745098	
  .0002076	 3.921569E-02	 .2745098	
  .0002077	 3.921569E-02	 .1960784	
  .0002078	-3.921569E-02	 .1960784	
  .0002079	 3.921569E-02	 .1960784	
  .000208	-3.921569E-02	 .2745098	
  .0002081	 .1176471	 .2745098	
  .0002082	 3.921569E-02	 .2745098	
  .0002083	-3.921569E-02	 .2745098	
  .0002084	 3.921569E-02	 .1960784	
  .0002085	 3.921569E-02	 .1960784	
  .0002086	 .1176471	 .3529412	
  .0002087	 3.921569E-02	 .3529412	
  .0002088	-3.921569E-02	 .2745098	
  .0002089	 3.921569E-02	 .2745098	
  .000209	 3.921569E-02	 .3529412	
  .0002091	 3.921569E-02	 .3529412	
  .0002092	 3.921569E-02	 .3529412	
  .0002093	 3.921569E-02	 .3529412	
  .0002094	 3.921569E-02	 .3529412	
  .0002095	 3.921569E-02	 .3529412	
  .0002096	 3.921569E-02	 .3529412	
  .0002097	 3.921569E-02	 .4313726	
  .0002098	 .1176471	 .3529412	
  .0002099	 3.921569E-02	 .4313726	
  .00021	 .1176471	 .3529412	
  .0002101	 3.921569E-02	 .3529412	
  .0002102	 3.921569E-02	 .3529412	
  .0002103	 3.921569E-02	 .3529412	
  .0002104	 .1176471	 .4313726	
  .0002105	 3.921569E-02	 .509804	
  .0002106	-3.921569E-02	 .4313726	
  .0002107	 .1176471	 .3529412	
  .0002108	 3.921569E-02	 .509804	
  .0002109	 3.921569E-02	 .4313726	
  .000211	 3.921569E-02	 .4313726	
  .0002111	 3.921569E-02	 .4313726	
  .0002112	 3.921569E-02	 .4313726	
  .0002113	 3.921569E-02	 .509804	
  .0002114	 3.921569E-02	 .4313726	
  .0002115	 3.921569E-02	 .509804	
  .0002116	 3.921569E-02	 .5882353	
  .0002117	 .1176471	 .4313726	
  .0002118	 3.921569E-02	 .4313726	
  .0002119	 3.921569E-02	 .5882353	
  .000212	 .1176471	 .509804	
  .0002121	 .1176471	 .509804	
  .0002122	 3.921569E-02	 .4313726	
  .0002123	 3.921569E-02	 .509804	
  .0002124	 3.921569E-02	 .4313726	
  .0002125	 3.921569E-02	 .509804	
  .0002126	 3.921569E-02	 .509804	
  .0002127	 3.921569E-02	 .5882353	
  .0002128	-3.921569E-02	 .509804	
  .0002129	 3.921569E-02	 .509804	
  .000213	 3.921569E-02	 .5882353	
  .0002131	 .1176471	 .5882353	
  .0002132	-3.921569E-02	 .6666667	
  .0002133	 3.921569E-02	 .7450981	
  .0002134	-3.921569E-02	 .5882353	
  .0002135	 3.921569E-02	 .509804	
  .0002136	 3.921569E-02	 .509804	
  .0002137	-3.921569E-02	 .5882353	
  .0002138	 .1176471	 .6666667	
  .0002139	 .1176471	 .5882353	
  .000214	 .1176471	 .5882353	
  .0002141	 .1176471	 .5882353	
  .0002142	-3.921569E-02	 .6666667	
  .0002143	-3.921569E-02	 .5882353	
  .0002144	 .1176471	 .509804	
  .0002145	 3.921569E-02	 .5882353	
  .0002146	 3.921569E-02	 .7450981	
  .0002147	 3.921569E-02	 .7450981	
  .0002148	 3.921569E-02	 .6666667	
  .0002149	 3.921569E-02	 .7450981	
  .000215	 .1176471	 .6666667	
  .0002151	 .1960784	 .6666667	
  .0002152	 .1176471	 .6666667	
  .0002153	 3.921569E-02	 .6666667	
  .0002154	 3.921569E-02	 .509804	
  .0002155	 3.921569E-02	 .6666667	
  .0002156	 .1176471	 .7450981	
  .0002157	 3.921569E-02	 .6666667	
  .0002158	 3.921569E-02	 .7450981	
  .0002159	 3.921569E-02	 .6666667	
  .000216	 3.921569E-02	 .6666667	
  .0002161	 3.921569E-02	 .6666667	
  .0002162	 3.921569E-02	 .6666667	
  .0002163	 3.921569E-02	 .7450981	
  .0002164	 .1176471	 .7450981	
  .0002165	 .1176471	 .8235294	
  .0002166	 3.921569E-02	 .7450981	
  .0002167	 .1176471	 .7450981	
  .0002168	 .1176471	 .7450981	
  .0002169	 .1176471	 .8235294	
  .000217	 3.921569E-02	 .8235294	
  .0002171	 3.921569E-02	 .7450981	
  .0002172	 .1176471	 .8235294	
  .0002173	 3.921569E-02	 .6666667	
  .0002174	 3.921569E-02	 .7450981	
  .0002175	 3.921569E-02	 .8235294	
  .0002176	 3.921569E-02	 .8235294	
  .0002177	-3.921569E-02	 .7450981	
  .0002178	 .1176471	 .7450981	
  .0002179	 3.921569E-02	 .7450981	
  .000218	 .1176471	 .8235294	
  .0002181	 3.921569E-02	 .8235294	
  .0002182	-3.921569E-02	 .8235294	
  .0002183	 3.921569E-02	 .7450981	
  .0002184	 3.921569E-02	 .8235294	
  .0002185	 .1176471	 .9019608	
  .0002186	 3.921569E-02	 .8235294	
  .0002187	 3.921569E-02	 .9019608	
  .0002188	 3.921569E-02	 .8235294	
  .0002189	 3.921569E-02	 .8235294	
  .000219	 3.921569E-02	 .7450981	
  .0002191	 3.921569E-02	 .7450981	
  .0002192	 3.921569E-02	 .8235294	
  .0002193	-3.921569E-02	 .8235294	
  .0002194	-3.921569E-02	 .8235294	
  .0002195	 3.921569E-02	 .9019608	
  .0002196	-3.921569E-02	 .9019608	
  .0002197	 .1176471	 .8235294	
  .0002198	 3.921569E-02	 .8235294	
  .0002199	 3.921569E-02	 .9803922	
  .00022	 3.921569E-02	 .8235294	
  .0002201	 3.921569E-02	 .9019608	
  .0002202	 .1176471	 .8235294	
  .0002203	 3.921569E-02	 .8235294	
  .0002204	 3.921569E-02	 .9019608	
  .0002205	 3.921569E-02	 .8235294	
  .0002206	 3.921569E-02	 .8235294	
  .0002207	-3.921569E-02	 .9019608	
  .0002208	-3.921569E-02	 .9019608	
  .0002209	-3.921569E-02	 .9019608	
  .000221	 3.921569E-02	 .9803922	
  .0002211	 3.921569E-02	 .9019608	
  .0002212	 3.921569E-02	 .9803922	
  .0002213	 3.921569E-02	 .9019608	
  .0002214	 3.921569E-02	 .9803922	
  .0002215	-3.921569E-02	 1.058824	
  .0002216	 .1176471	 .9803922	
  .0002217	 3.921569E-02	 1.058824	
  .0002218	 3.921569E-02	 1.058824	
  .0002219	 3.921569E-02	 .9019608	
  .000222	 .1960784	 1.058824	
  .0002221	-3.921569E-02	 .9803922	
  .0002222	 3.921569E-02	 .9803922	
  .0002223	 3.921569E-02	 .9019608	
  .0002224	-3.921569E-02	 .9019608	
  .0002225	 3.921569E-02	 .9803922	
  .0002226	-3.921569E-02	 .9019608	
  .0002227	 3.921569E-02	 1.058824	
  .0002228	 3.921569E-02	 .9803922	
  .0002229	-3.921569E-02	 .9803922	
  .000223	 .1176471	 .9803922	
  .0002231	 3.921569E-02	 1.058824	
  .0002232	 3.921569E-02	 1.058824	
  .0002233	 3.921569E-02	 .9019608	
  .0002234	 3.921569E-02	 .9803922	
  .0002235	 3.921569E-02	 .9803922	
  .0002236	 3.921569E-02	 .9803922	
  .0002237	 .1176471	 1.058824	
  .0002238	 3.921569E-02	 .9803922	
  .0002239	 .1960784	 .9803922	
  .000224	 .1176471	 .9803922	
  .0002241	 3.921569E-02	 .9803922	
  .0002242	 3.921569E-02	 .9803922	
  .0002243	 .1176471	 .9803922	
  .0002244	 3.921569E-02	 .9803922	
  .0002245	-3.921569E-02	 1.058824	
  .0002246	 .1176471	 1.137255	
  .0002247	 .1176471	 .9803922	
  .0002248	 3.921569E-02	 .9803922	
  .0002249	 3.921569E-02	 .9803922	
  .000225	 .1176471	 1.058824	
