 -.0000249	 3.921569E-02	 3.921569E-02	
 -.0000248	 3.921569E-02	 3.921569E-02	
 -.0000247	 3.921569E-02	-3.921569E-02	
 -.0000246	 3.921569E-02	 3.921569E-02	
 -.0000245	 .1176471	 .1176471	
 -.0000244	 3.921569E-02	 .1960784	
 -.0000243	 .1176471	 .1176471	
 -.0000242	 .1176471	 .1176471	
 -.0000241	 3.921569E-02	 3.921569E-02	
 -.000024	 .1176471	 .1176471	
 -.0000239	 3.921569E-02	 3.921569E-02	
 -.0000238	 .1176471	 .1176471	
 -.0000237	 3.921569E-02	 .1176471	
 -.0000236	 .1176471	 3.921569E-02	
 -.0000235	 3.921569E-02	 .1176471	
 -.0000234	 3.921569E-02	 3.921569E-02	
 -.0000233	 3.921569E-02	 3.921569E-02	
 -.0000232	 3.921569E-02	 .1960784	
 -.0000231	 3.921569E-02	 .1176471	
 -.000023	 3.921569E-02	 3.921569E-02	
 -.0000229	 3.921569E-02	 3.921569E-02	
 -.0000228	 3.921569E-02	 .1176471	
 -.0000227	 3.921569E-02	 .1176471	
 -.0000226	-3.921569E-02	 3.921569E-02	
 -.0000225	 3.921569E-02	 .1176471	
 -.0000224	 .1176471	 .1176471	
 -.0000223	 .1176471	 .1176471	
 -.0000222	 .1176471	 .1960784	
 -.0000221	 3.921569E-02	 .1960784	
 -.000022	 3.921569E-02	 .1176471	
 -.0000219	 .1176471	 .1176471	
 -.0000218	 .1176471	 .1176471	
 -.0000217	 .1176471	 .1176471	
 -.0000216	 .1176471	 .1176471	
 -.0000215	 3.921569E-02	 3.921569E-02	
 -.0000214	 3.921569E-02	 3.921569E-02	
 -.0000213	 3.921569E-02	 3.921569E-02	
 -.0000212	 3.921569E-02	 .1176471	
 -.0000211	 3.921569E-02	 3.921569E-02	
 -.000021	 .1176471	 .1176471	
 -.0000209	 .1176471	 .1176471	
 -.0000208	 3.921569E-02	 .1960784	
 -.0000207	 .1176471	 .1960784	
 -.0000206	 3.921569E-02	 3.921569E-02	
 -.0000205	 3.921569E-02	 .1176471	
 -.0000204	 3.921569E-02	 .1176471	
 -.0000203	 .1176471	 3.921569E-02	
 -.0000202	 3.921569E-02	 .1176471	
 -.0000201	 .1176471	 3.921569E-02	
 -.00002	 .1176471	 .1176471	
 -.0000199	 .1176471	 3.921569E-02	
 -.0000198	 3.921569E-02	 .1176471	
 -.0000197	 .1176471	 3.921569E-02	
 -.0000196	 .1176471	 3.921569E-02	
 -.0000195	 .1176471	 3.921569E-02	
 -.0000194	 3.921569E-02	 .1176471	
 -.0000193	 .1176471	 .1176471	
 -.0000192	 3.921569E-02	 3.921569E-02	
 -.0000191	 3.921569E-02	 .1176471	
 -.000019	 .1176471	 .1176471	
 -.0000189	 .1960784	 .1176471	
 -.0000188	 .1176471	 .1176471	
 -.0000187	 .1176471	 3.921569E-02	
 -.0000186	 3.921569E-02	 3.921569E-02	
 -.0000185	 .1176471	 3.921569E-02	
 -.0000184	 .1176471	 .1960784	
 -.0000183	 3.921569E-02	 .1176471	
 -.0000182	 .1176471	 3.921569E-02	
 -.0000181	 3.921569E-02	 .1176471	
 -.000018	 3.921569E-02	 3.921569E-02	
 -.0000179	 .1176471	-3.921569E-02	
 -.0000178	 .1176471	 .1176471	
 -.0000177	 3.921569E-02	 .1960784	
 -.0000176	 .1176471	 .1176471	
 -.0000175	 .1176471	 .1176471	
 -.0000174	 .1176471	 .1176471	
 -.0000173	 3.921569E-02	 .1960784	
 -.0000172	 3.921569E-02	 3.921569E-02	
 -.0000171	 .1176471	 3.921569E-02	
 -.000017	 .1176471	 .1176471	
 -.0000169	 .1960784	 .1176471	
 -.0000168	 .1176471	 .1176471	
 -.0000167	-3.921569E-02	 3.921569E-02	
 -.0000166	-3.921569E-02	-3.921569E-02	
 -.0000165	 3.921569E-02	 3.921569E-02	
 -.0000164	 3.921569E-02	-3.921569E-02	
 -.0000163	 .1176471	 .1176471	
 -.0000162	 .1176471	 3.921569E-02	
 -.0000161	-3.921569E-02	 3.921569E-02	
 -.000016	 .1176471	 .1960784	
 -.0000159	 .1176471	 .1176471	
 -.0000158	 .1176471	 .1176471	
 -.0000157	 3.921569E-02	 .1176471	
 -.0000156	 3.921569E-02	-3.921569E-02	
 -.0000155	 .1176471	 3.921569E-02	
 -.0000154	 .1176471	 .1176471	
 -.0000153	 .1176471	 .1176471	
 -.0000152	 3.921569E-02	 3.921569E-02	
 -.0000151	 .1176471	 .1176471	
 -.000015	 .1176471	 .1176471	
 -.0000149	 3.921569E-02	 3.921569E-02	
 -.0000148	 3.921569E-02	 3.921569E-02	
 -.0000147	 3.921569E-02	 3.921569E-02	
 -.0000146	 .1176471	 .1176471	
 -.0000145	 .1176471	 .1176471	
 -.0000144	 3.921569E-02	 3.921569E-02	
 -.0000143	 3.921569E-02	 .1176471	
 -.0000142	 3.921569E-02	 .1176471	
 -.0000141	 .1176471	 .1176471	
 -.000014	 .1176471	 3.921569E-02	
 -.0000139	 3.921569E-02	 3.921569E-02	
 -.0000138	 3.921569E-02	 3.921569E-02	
 -.0000137	 3.921569E-02	 .1176471	
 -.0000136	 3.921569E-02	 .1960784	
 -.0000135	 .1176471	 .1176471	
 -.0000134	 .1176471	 .1176471	
 -.0000133	 3.921569E-02	 .1176471	
 -.0000132	 .1176471	 .1176471	
 -.0000131	 3.921569E-02	 3.921569E-02	
 -.000013	 .1176471	 .1176471	
 -.0000129	 .1176471	 .1176471	
 -.0000128	 .1176471	 .1176471	
 -.0000127	 .1176471	 3.921569E-02	
 -.0000126	 3.921569E-02	 3.921569E-02	
 -.0000125	 3.921569E-02	 .1176471	
 -.0000124	 .1176471	 .1176471	
 -.0000123	 .1176471	 .1960784	
 -.0000122	 3.921569E-02	 .1176471	
 -.0000121	 .1176471	 .1176471	
 -.000012	 .1176471	 .1176471	
 -.0000119	 .1176471	 3.921569E-02	
 -.0000118	 3.921569E-02	 3.921569E-02	
 -.0000117	 .1176471	 3.921569E-02	
 -.0000116	-3.921569E-02	 .1176471	
 -.0000115	 3.921569E-02	 3.921569E-02	
 -.0000114	 .1176471	 3.921569E-02	
 -.0000113	 3.921569E-02	 .1176471	
 -.0000112	 3.921569E-02	 3.921569E-02	
 -.0000111	 3.921569E-02	 .1176471	
 -.000011	 .1176471	 .1176471	
 -.0000109	-3.921569E-02	 .1960784	
 -.0000108	 3.921569E-02	 .1176471	
 -.0000107	 3.921569E-02	 .1176471	
 -.0000106	 3.921569E-02	 .1960784	
 -.0000105	 .1176471	 3.921569E-02	
 -.0000104	 .1176471	 .1176471	
 -.0000103	 3.921569E-02	 3.921569E-02	
 -.0000102	 3.921569E-02	 3.921569E-02	
 -.0000101	 .1176471	 .1176471	
 -.00001	 .1176471	 .1176471	
 -.0000099	 3.921569E-02	 .1176471	
 -.0000098	 3.921569E-02	 3.921569E-02	
 -.0000097	 3.921569E-02	 3.921569E-02	
 -.0000096	 3.921569E-02	 3.921569E-02	
 -.0000095	 3.921569E-02	 .1176471	
 -.0000094	 3.921569E-02	 .1960784	
 -.0000093	 3.921569E-02	 .1176471	
 -.0000092	 3.921569E-02	 .1176471	
 -.0000091	 3.921569E-02	 .1176471	
 -.000009	 .1960784	 .1176471	
 -.0000089	 .1176471	 3.921569E-02	
 -.0000088	 3.921569E-02	 3.921569E-02	
 -.0000087	 3.921569E-02	 3.921569E-02	
 -.0000086	 3.921569E-02	 .1176471	
 -.0000085	 .1176471	 .1176471	
 -.0000084	 3.921569E-02	 3.921569E-02	
 -.0000083	 3.921569E-02	 .1176471	
 -.0000082	 3.921569E-02	 3.921569E-02	
 -.0000081	 3.921569E-02	 3.921569E-02	
 -.000008	 .1176471	 3.921569E-02	
 -.0000079	 3.921569E-02	 .1176471	
 -.0000078	 3.921569E-02	 3.921569E-02	
 -.0000077	 .1176471	 .1960784	
 -.0000076	 .1176471	 .1176471	
 -.0000075	 .1176471	 .1176471	
 -.0000074	 3.921569E-02	 .1176471	
 -.0000073	 .1176471	 .1176471	
 -.0000072	 3.921569E-02	 3.921569E-02	
 -.0000071	 .1176471	 .1176471	
 -.000007	 .1176471	 3.921569E-02	
 -.0000069	 .1176471	 3.921569E-02	
 -.0000068	 3.921569E-02	 3.921569E-02	
 -.0000067	-3.921569E-02	 .1176471	
 -.0000066	 3.921569E-02	 .1176471	
 -.0000065	 3.921569E-02	 3.921569E-02	
 -.0000064	 3.921569E-02	-3.921569E-02	
 -.0000063	 .1176471	 3.921569E-02	
 -.0000062	 .1176471	 3.921569E-02	
 -.0000061	 .1176471	 .1176471	
 -.000006	 3.921569E-02	 .1176471	
 -.0000059	-3.921569E-02	 .1176471	
 -.0000058	 3.921569E-02	 .1176471	
 -.0000057	 3.921569E-02	 .1176471	
 -.0000056	 .1176471	 .1176471	
 -.0000055	 .1176471	 .1176471	
 -.0000054	 3.921569E-02	 3.921569E-02	
 -.0000053	 .1176471	 3.921569E-02	
 -.0000052	 .1176471	 3.921569E-02	
 -.0000051	 3.921569E-02	 3.921569E-02	
 -.000005	 3.921569E-02	 3.921569E-02	
 -.0000049	 3.921569E-02	 .1176471	
 -.0000048	 3.921569E-02	 3.921569E-02	
 -.0000047	 3.921569E-02	 3.921569E-02	
 -.0000046	 3.921569E-02	 .1960784	
 -.0000045	 3.921569E-02	 .1176471	
 -.0000044	 .1176471	 .1176471	
 -.0000043	 3.921569E-02	 .1960784	
 -.0000042	 .1176471	 .1176471	
 -.0000041	 3.921569E-02	 3.921569E-02	
 -.000004	 3.921569E-02	 .1176471	
 -.0000039	 3.921569E-02	 3.921569E-02	
 -.0000038	 .1176471	 .1176471	
 -.0000037	 .1176471	 .1176471	
 -.0000036	 .1176471	 3.921569E-02	
 -.0000035	 .1176471	 3.921569E-02	
 -.0000034	 3.921569E-02	 .1176471	
 -.0000033	 3.921569E-02	 .1960784	
 -.0000032	 3.921569E-02	 .1960784	
 -.0000031	 .1176471	 3.921569E-02	
 -.000003	 .1176471	 .1176471	
 -.0000029	 3.921569E-02	 .1176471	
 -.0000028	 3.921569E-02	 .1176471	
 -.0000027	 3.921569E-02	 .1176471	
 -.0000026	 .1176471	 .1960784	
 -.0000025	 .1176471	 .1176471	
 -.0000024	 .1176471	 .1960784	
 -.0000023	 .1176471	 .1960784	
 -.0000022	 .1176471	 3.921569E-02	
 -.0000021	 3.921569E-02	 .1960784	
 -.000002	 .1176471	 3.921569E-02	
 -.0000019	 3.921569E-02	 .1176471	
 -.0000018	 3.921569E-02	 .1176471	
 -.0000017	 .1176471	 3.921569E-02	
 -.0000016	 3.921569E-02	 3.921569E-02	
 -.0000015	 .1176471	 3.921569E-02	
 -.0000014	 3.921569E-02	 3.921569E-02	
 -.0000013	 3.921569E-02	 3.921569E-02	
 -.0000012	 .1176471	 .1176471	
 -.0000011	 .1176471	 .1960784	
 -.000001	 .1176471	 .1960784	
 -.0000009	 3.921569E-02	 .1960784	
 -.0000008	 3.921569E-02	 3.921569E-02	
 -.0000007	 .1176471	 .1176471	
 -.0000006	 .1176471	 3.921569E-02	
 -.0000005	 .1176471	-3.921569E-02	
 -.0000004	 .1176471	 .1176471	
 -.0000003	 .1176471	 3.921569E-02	
 -.0000002	 .1960784	 .1176471	
 -.0000001	 3.921569E-02	 .1176471	
  0	 3.921569E-02	 .1960784	
  .0000001	 3.921569E-02	-3.921569E-02	
  .0000002	 .1176471	 3.921569E-02	
  .0000003	 .1176471	 3.921569E-02	
  .0000004	 3.921569E-02	 .1176471	
  .0000005	 .1176471	 .1176471	
  .0000006	 .1176471	 .1176471	
  .0000007	 3.921569E-02	 .1176471	
  .0000008	 .1176471	 .1176471	
  .0000009	 .1960784	 .1176471	
  .000001	 .1960784	 3.921569E-02	
  .0000011	 3.921569E-02	 .1176471	
  .0000012	 .1176471	 3.921569E-02	
  .0000013	 .1176471	 .1176471	
  .0000014	 .1176471	 .1176471	
  .0000015	 .1176471	 3.921569E-02	
  .0000016	 3.921569E-02	 .1176471	
  .0000017	 .1176471	 .1176471	
  .0000018	 3.921569E-02	 3.921569E-02	
  .0000019	 .1960784	-3.921569E-02	
  .000002	 3.921569E-02	 3.921569E-02	
  .0000021	 3.921569E-02	 .1960784	
  .0000022	 .1176471	 .1960784	
  .0000023	 .1176471	 .1176471	
  .0000024	 3.921569E-02	 .1176471	
  .0000025	 .1176471	 .1176471	
  .0000026	 .1176471	 3.921569E-02	
  .0000027	 .1176471	 .1176471	
  .0000028	 .1176471	 .1176471	
  .0000029	 .1176471	 .1176471	
  .000003	 .1176471	 .1176471	
  .0000031	 3.921569E-02	 3.921569E-02	
  .0000032	 .1176471	 .1176471	
  .0000033	 .1176471	 .1176471	
  .0000034	 .1176471	 3.921569E-02	
  .0000035	 .1176471	 3.921569E-02	
  .0000036	 .1176471	 3.921569E-02	
  .0000037	 .1176471	 3.921569E-02	
  .0000038	 .1960784	 .1176471	
  .0000039	 .1176471	 .1176471	
  .000004	 .1176471	 .1176471	
  .0000041	 .1176471	 3.921569E-02	
  .0000042	 .1176471	 .1960784	
  .0000043	 .1960784	 .1176471	
  .0000044	 .1176471	 .1960784	
  .0000045	 .1176471	 .1960784	
  .0000046	 3.921569E-02	 3.921569E-02	
  .0000047	 .1176471	 .1176471	
  .0000048	 .1176471	 3.921569E-02	
  .0000049	 .1176471	 3.921569E-02	
  .000005	 3.921569E-02	 .1176471	
  .0000051	-1.058824	-.1960784	
  .0000052	-1.764706	-.3529412	
  .0000053	-2.078431	-.1176471	
  .0000054	-2.156863	-.1960784	
  .0000055	-2.235294	-.1960784	
  .0000056	-2.313725	-.2745098	
  .0000057	-2.235294	-.1960784	
  .0000058	-2.392157	-.1960784	
  .0000059	-2.392157	-.2745098	
  .000006	-2.313725	-.2745098	
  .0000061	-2.392157	-.2745098	
  .0000062	-2.313725	-.1960784	
  .0000063	-2.392157	-.3529412	
  .0000064	-2.392157	-.2745098	
  .0000065	-2.392157	-.1960784	
  .0000066	-2.392157	-.1960784	
  .0000067	-2.392157	-.2745098	
  .0000068	-2.392157	-.3529412	
  .0000069	-2.313725	-.2745098	
  .000007	-2.392157	-.2745098	
  .0000071	-2.392157	-.3529412	
  .0000072	-2.470588	-.1960784	
  .0000073	-2.392157	-.1176471	
  .0000074	-2.392157	-.3529412	
  .0000075	-2.392157	-.1960784	
  .0000076	-2.392157	-.2745098	
  .0000077	-2.313725	-.3529412	
  .0000078	-2.235294	-.2745098	
  .0000079	-2.313725	-.2745098	
  .000008	-2.392157	-.3529412	
  .0000081	-2.392157	-.3529412	
  .0000082	-2.392157	-.3529412	
  .0000083	-2.313725	-.3529412	
  .0000084	-2.313725	-.4313726	
  .0000085	-2.313725	-.3529412	
  .0000086	-2.235294	-.3529412	
  .0000087	-2.313725	-.2745098	
  .0000088	-2.235294	-.2745098	
  .0000089	-2.235294	-.1960784	
  .000009	-2.235294	-.2745098	
  .0000091	-2.235294	-.3529412	
  .0000092	-2.235294	-.3529412	
  .0000093	-2.313725	-.3529412	
  .0000094	-2.235294	-.3529412	
  .0000095	-2.235294	-.3529412	
  .0000096	-2.235294	-.3529412	
  .0000097	-2.156863	-.3529412	
  .0000098	-2.235294	-.3529412	
  .0000099	-2.156863	-.3529412	
  .00001	-2.235294	-.3529412	
  .0000101	-2.156863	-.3529412	
  .0000102	-2.156863	-.3529412	
  .0000103	-2.156863	-.3529412	
  .0000104	-2.156863	-.2745098	
  .0000105	-2.156863	-.2745098	
  .0000106	-2.156863	-.3529412	
  .0000107	-2.156863	-.3529412	
  .0000108	-2	-.3529412	
  .0000109	-2.156863	-.4313726	
  .000011	-2.078431	-.3529412	
  .0000111	-2.078431	-.4313726	
  .0000112	-2.078431	-.3529412	
  .0000113	-2.078431	-.2745098	
  .0000114	-2.078431	-.4313726	
  .0000115	-2.078431	-.3529412	
  .0000116	-2	-.3529412	
  .0000117	-2.078431	-.4313726	
  .0000118	-1.921569	-.4313726	
  .0000119	-2	-.2745098	
  .000012	-2.078431	-.3529412	
  .0000121	-1.921569	-.3529412	
  .0000122	-1.921569	-.3529412	
  .0000123	-1.921569	-.2745098	
  .0000124	-2	-.4313726	
  .0000125	-2	-.4313726	
  .0000126	-2	-.3529412	
  .0000127	-2	-.3529412	
  .0000128	-2	-.4313726	
  .0000129	-1.843137	-.3529412	
  .000013	-1.921569	-.4313726	
  .0000131	-1.921569	-.4313726	
  .0000132	-2	-.509804	
  .0000133	-2	-.4313726	
  .0000134	-1.921569	-.3529412	
  .0000135	-1.843137	-.4313726	
  .0000136	-1.921569	-.4313726	
  .0000137	-1.764706	-.3529412	
  .0000138	-1.921569	-.3529412	
  .0000139	-1.921569	-.3529412	
  .000014	-1.921569	-.4313726	
  .0000141	-1.843137	-.4313726	
  .0000142	-1.764706	-.4313726	
  .0000143	-1.843137	-.4313726	
  .0000144	-1.843137	-.3529412	
  .0000145	-1.764706	-.509804	
  .0000146	-1.764706	-.4313726	
  .0000147	-1.764706	-.4313726	
  .0000148	-1.843137	-.4313726	
  .0000149	-1.843137	-.4313726	
  .000015	-1.764706	-.509804	
  .0000151	-1.843137	-.509804	
  .0000152	-1.764706	-.3529412	
  .0000153	-1.764706	-.509804	
  .0000154	-1.686275	-.4313726	
  .0000155	-1.764706	-.4313726	
  .0000156	-1.764706	-.4313726	
  .0000157	-1.686275	-.509804	
  .0000158	-1.764706	-.4313726	
  .0000159	-1.764706	-.509804	
  .000016	-1.764706	-.4313726	
  .0000161	-1.686275	-.4313726	
  .0000162	-1.686275	-.4313726	
  .0000163	-1.607843	-.4313726	
  .0000164	-1.686275	-.3529412	
  .0000165	-1.686275	-.509804	
  .0000166	-1.686275	-.4313726	
  .0000167	-1.686275	-.509804	
  .0000168	-1.607843	-.4313726	
  .0000169	-1.686275	-.4313726	
  .000017	-1.686275	-.509804	
  .0000171	-1.529412	-.3529412	
  .0000172	-1.529412	-.3529412	
  .0000173	-1.529412	-.509804	
  .0000174	-1.529412	-.4313726	
  .0000175	-1.529412	-.3529412	
  .0000176	-1.45098	-.509804	
  .0000177	-1.529412	-.4313726	
  .0000178	-1.529412	-.4313726	
  .0000179	-1.529412	-.5882353	
  .000018	-1.45098	-.509804	
  .0000181	-1.529412	-.5882353	
  .0000182	-1.45098	-.509804	
  .0000183	-1.45098	-.4313726	
  .0000184	-1.529412	-.5882353	
  .0000185	-1.45098	-.509804	
  .0000186	-1.45098	-.4313726	
  .0000187	-1.294118	-.509804	
  .0000188	-1.372549	-.3529412	
  .0000189	-1.45098	-.4313726	
  .000019	-1.372549	-.509804	
  .0000191	-1.372549	-.509804	
  .0000192	-1.372549	-.509804	
  .0000193	-1.294118	-.509804	
  .0000194	-1.294118	-.509804	
  .0000195	-1.294118	-.509804	
  .0000196	-1.294118	-.5882353	
  .0000197	-1.215686	-.509804	
  .0000198	-1.215686	-.509804	
  .0000199	-1.294118	-.509804	
  .00002	-1.215686	-.509804	
  .0000201	-1.215686	-.5882353	
  .0000202	-1.215686	-.509804	
  .0000203	-1.215686	-.4313726	
  .0000204	-1.215686	-.509804	
  .0000205	-1.215686	-.509804	
  .0000206	-1.137255	-.509804	
  .0000207	-.9803922	-.509804	
  .0000208	-1.137255	-.5882353	
  .0000209	-1.058824	-.509804	
  .000021	-1.137255	-.5882353	
  .0000211	-1.058824	-.509804	
  .0000212	-.9803922	-.509804	
  .0000213	-1.058824	-.5882353	
  .0000214	-.9803922	-.509804	
  .0000215	-.9803922	-.5882353	
  .0000216	-1.058824	-.6666667	
  .0000217	-.9019608	-.6666667	
  .0000218	-.9803922	-.509804	
  .0000219	-.9803922	-.509804	
  .000022	-.8235294	-.5882353	
  .0000221	-.9019608	-.509804	
  .0000222	-.9019608	-.5882353	
  .0000223	-.9019608	-.509804	
  .0000224	-.9019608	-.509804	
  .0000225	-.9019608	-.5882353	
  .0000226	-.9019608	-.5882353	
  .0000227	-.8235294	-.5882353	
  .0000228	-.8235294	-.5882353	
  .0000229	-.8235294	-.5882353	
  .000023	-.7450981	-.6666667	
  .0000231	-.7450981	-.6666667	
  .0000232	-.7450981	-.6666667	
  .0000233	-.7450981	-.5882353	
  .0000234	-.6666667	-.7450981	
  .0000235	-.7450981	-.6666667	
  .0000236	-.5882353	-.6666667	
  .0000237	-.6666667	-.5882353	
  .0000238	-.6666667	-.5882353	
  .0000239	-.7450981	-.6666667	
  .000024	-.5882353	-.6666667	
  .0000241	-.5882353	-.5882353	
  .0000242	-.6666667	-.5882353	
  .0000243	-.5882353	-.5882353	
  .0000244	-.5882353	-.6666667	
  .0000245	-.5882353	-.6666667	
  .0000246	-.5882353	-.6666667	
  .0000247	-.4313726	-.6666667	
  .0000248	-.5882353	-.6666667	
  .0000249	-.509804	-.6666667	
  .000025	-.509804	-.6666667	
  .0000251	-.509804	-.6666667	
  .0000252	-.509804	-.6666667	
  .0000253	-.3529412	-.6666667	
  .0000254	-.4313726	-.6666667	
  .0000255	-.4313726	-.6666667	
  .0000256	-.4313726	-.7450981	
  .0000257	-.3529412	-.7450981	
  .0000258	-.3529412	-.6666667	
  .0000259	-.3529412	-.6666667	
  .000026	-.2745098	-.6666667	
  .0000261	-.2745098	-.7450981	
  .0000262	-.3529412	-.7450981	
  .0000263	-.2745098	-.6666667	
  .0000264	-.2745098	-.6666667	
  .0000265	-.2745098	-.7450981	
  .0000266	-.2745098	-.7450981	
  .0000267	-.2745098	-.7450981	
  .0000268	-.1960784	-.7450981	
  .0000269	-.2745098	-.7450981	
  .000027	-.1960784	-.6666667	
  .0000271	-.1960784	-.6666667	
  .0000272	-.1176471	-.9019608	
  .0000273	-.1960784	-.7450981	
  .0000274	-.1960784	-.6666667	
  .0000275	-.1176471	-.8235294	
  .0000276	-.1176471	-.7450981	
  .0000277	-.1176471	-.9019608	
  .0000278	-.1176471	-.9019608	
  .0000279	-3.921569E-02	-.8235294	
  .000028	-3.921569E-02	-.9019608	
  .0000281	-.1176471	-.8235294	
  .0000282	-3.921569E-02	-.8235294	
  .0000283	-3.921569E-02	-.9019608	
  .0000284	-3.921569E-02	-.9019608	
  .0000285	-3.921569E-02	-.9019608	
  .0000286	 .1176471	-.8235294	
  .0000287	-3.921569E-02	-.9019608	
  .0000288	 3.921569E-02	-.9019608	
  .0000289	 3.921569E-02	-.9803922	
  .000029	 .1176471	-.9019608	
  .0000291	 .1176471	-.9803922	
  .0000292	 .1960784	-.9803922	
  .0000293	 .1960784	-.9803922	
  .0000294	 .2745098	-1.058824	
  .0000295	 .4313726	-1.058824	
  .0000296	 .3529412	-1.137255	
  .0000297	 .2745098	-1.137255	
  .0000298	 .3529412	-1.137255	
  .0000299	 .3529412	-1.137255	
  .00003	 .3529412	-1.215686	
  .0000301	 .4313726	-1.137255	
  .0000302	 .4313726	-1.137255	
  .0000303	 .4313726	-1.137255	
  .0000304	 .4313726	-1.215686	
  .0000305	 .3529412	-1.294118	
  .0000306	 .5882353	-1.372549	
  .0000307	 .5882353	-1.372549	
  .0000308	 .5882353	-1.45098	
  .0000309	 .6666667	-1.529412	
  .000031	 .6666667	-1.529412	
  .0000311	 .7450981	-1.607843	
  .0000312	 .7450981	-1.764706	
  .0000313	 2.313725	-2.862745	
  .0000314	 3.490196	-1.294118	
  .0000315	 4.431373	-1.215686	
  .0000316	 4.980392	-1.215686	
  .0000317	 5.215686	-1.058824	
  .0000318	 5.294117	-.9019608	
  .0000319	 5.45098	-.9019608	
  .000032	 5.294117	-.8235294	
  .0000321	 5.137255	-.9019608	
  .0000322	 4.980392	-.8235294	
  .0000323	 4.823529	-.7450981	
  .0000324	 4.666667	-.7450981	
  .0000325	 4.588235	-.7450981	
  .0000326	 4.431373	-.7450981	
  .0000327	 4.352941	-.5882353	
  .0000328	 4.196078	-.6666667	
  .0000329	 4.117647	-.6666667	
  .000033	 3.882353	-.6666667	
  .0000331	 3.803921	-.5882353	
  .0000332	 3.72549	-.5882353	
  .0000333	 3.72549	-.5882353	
  .0000334	 3.568627	-.509804	
  .0000335	 3.568627	-.4313726	
  .0000336	 3.411765	-.3529412	
  .0000337	 3.254902	-.509804	
  .0000338	 3.333333	-.4313726	
  .0000339	 3.098039	-.4313726	
  .000034	 3.254902	-.3529412	
  .0000341	 3.176471	-.3529412	
  .0000342	 3.019608	-.3529412	
  .0000343	 3.098039	-.4313726	
  .0000344	 2.941176	-.4313726	
  .0000345	 2.862745	-.3529412	
  .0000346	 2.705882	-.4313726	
  .0000347	 2.54902	-.3529412	
  .0000348	 2.627451	-.3529412	
  .0000349	 2.54902	-.2745098	
  .000035	 2.470588	-.2745098	
  .0000351	 2.392157	-.2745098	
  .0000352	 2.392157	-.3529412	
  .0000353	 2.470588	-.1960784	
  .0000354	 2.313725	-.1960784	
  .0000355	 2.313725	-.2745098	
  .0000356	 2.313725	-.2745098	
  .0000357	 2.235294	-.2745098	
  .0000358	 2.313725	-.1960784	
  .0000359	 2.235294	-.2745098	
  .000036	 2.235294	-.2745098	
  .0000361	 2.078431	-.2745098	
  .0000362	 2.156863	-.1960784	
  .0000363	 2	-.2745098	
  .0000364	 2	-.1960784	
  .0000365	 1.921569	-.1960784	
  .0000366	 1.137255	-.2745098	
  .0000367	 .6666667	-.1176471	
  .0000368	 .3529412	-.1960784	
  .0000369	 .2745098	-.1960784	
  .000037	 .2745098	-.1176471	
  .0000371	 .1960784	-.1960784	
  .0000372	 .1960784	-.1960784	
  .0000373	 .1960784	-.1176471	
  .0000374	 .1960784	-.1176471	
  .0000375	 .1960784	-.1960784	
  .0000376	 .1176471	-.1960784	
  .0000377	 .1960784	-.2745098	
  .0000378	 .1176471	-.1960784	
  .0000379	 .1176471	-.2745098	
  .000038	 .1176471	-.2745098	
  .0000381	 .1176471	-.1960784	
  .0000382	 .1176471	-.1960784	
  .0000383	 .1960784	-.1960784	
  .0000384	 .1176471	-.1960784	
  .0000385	 .1960784	-.1176471	
  .0000386	 .1960784	-.1960784	
  .0000387	 .1960784	-3.921569E-02	
  .0000388	 .1960784	-.1960784	
  .0000389	 .1960784	-.1176471	
  .000039	 .1176471	-.1176471	
  .0000391	 .1176471	-.1176471	
  .0000392	 .1176471	-.1960784	
  .0000393	 .1960784	-.1176471	
  .0000394	 .2745098	-.1176471	
  .0000395	 .1176471	-.1960784	
  .0000396	 .1960784	-.1176471	
  .0000397	 .1960784	-.1960784	
  .0000398	 .1960784	-.1960784	
  .0000399	 .1176471	-.1960784	
  .00004	 .1960784	-.1176471	
  .0000401	 .1960784	-.1176471	
  .0000402	 .1176471	-.1176471	
  .0000403	 .1176471	-.1176471	
  .0000404	 .1960784	-.1176471	
  .0000405	 .2745098	-.1176471	
  .0000406	 .1960784	-.1176471	
  .0000407	 .1960784	-.1176471	
  .0000408	 .1960784	-.1960784	
  .0000409	 .1960784	-.1176471	
  .000041	 .1176471	-3.921569E-02	
  .0000411	 .1960784	-.1176471	
  .0000412	 .1176471	-.1960784	
  .0000413	 .1176471	-.1960784	
  .0000414	 .1960784	-.1960784	
  .0000415	 .1960784	-.1176471	
  .0000416	 .1176471	-3.921569E-02	
  .0000417	 .1176471	-.1176471	
  .0000418	 .1960784	-3.921569E-02	
  .0000419	 .1176471	-3.921569E-02	
  .000042	 .1960784	-3.921569E-02	
  .0000421	 .1960784	-3.921569E-02	
  .0000422	 .1176471	-3.921569E-02	
  .0000423	 .1960784	-.1176471	
  .0000424	 .1176471	-3.921569E-02	
  .0000425	 .1176471	-.1176471	
  .0000426	 .1960784	-.1176471	
  .0000427	 3.921569E-02	-.1176471	
  .0000428	 .1176471	-.1176471	
  .0000429	 3.921569E-02	-.1176471	
  .000043	 3.921569E-02	-.1960784	
  .0000431	 .1176471	-.1176471	
  .0000432	 .1176471	-.1176471	
  .0000433	 3.921569E-02	-.1176471	
  .0000434	 .1960784	-3.921569E-02	
  .0000435	 .1176471	-3.921569E-02	
  .0000436	 .1176471	-3.921569E-02	
  .0000437	 .1960784	-3.921569E-02	
  .0000438	 .1176471	-3.921569E-02	
  .0000439	 .2745098	-3.921569E-02	
  .000044	 .1176471	-3.921569E-02	
  .0000441	 .1960784	-3.921569E-02	
  .0000442	 .1176471	-3.921569E-02	
  .0000443	 .1960784	-3.921569E-02	
  .0000444	 .1960784	-.1176471	
  .0000445	 .1176471	-.1176471	
  .0000446	 .1176471	-.1176471	
  .0000447	 .1960784	-.1176471	
  .0000448	 .1176471	-.1176471	
  .0000449	 .1960784	-3.921569E-02	
  .000045	 .1176471	-3.921569E-02	
  .0000451	 .1176471	-3.921569E-02	
  .0000452	 .1960784	 3.921569E-02	
  .0000453	 .1960784	-3.921569E-02	
  .0000454	 .1176471	-3.921569E-02	
  .0000455	 .1960784	-3.921569E-02	
  .0000456	 .1960784	-.1176471	
  .0000457	 .1960784	-3.921569E-02	
  .0000458	 .1960784	-3.921569E-02	
  .0000459	 .1960784	-3.921569E-02	
  .000046	 .1960784	-3.921569E-02	
  .0000461	 .1960784	 3.921569E-02	
  .0000462	 .1176471	 3.921569E-02	
  .0000463	 .1176471	 3.921569E-02	
  .0000464	 .1176471	-3.921569E-02	
  .0000465	 .1176471	-3.921569E-02	
  .0000466	 .1176471	-3.921569E-02	
  .0000467	 .1176471	-3.921569E-02	
  .0000468	 3.921569E-02	 3.921569E-02	
  .0000469	 .1176471	 3.921569E-02	
  .000047	 .1960784	-3.921569E-02	
  .0000471	 .1960784	 .1176471	
  .0000472	 .1176471	 .1176471	
  .0000473	 .1960784	-3.921569E-02	
  .0000474	 .1960784	 3.921569E-02	
  .0000475	 .1176471	 3.921569E-02	
  .0000476	 3.921569E-02	-3.921569E-02	
  .0000477	 .1176471	-3.921569E-02	
  .0000478	 .1176471	-.1176471	
  .0000479	 .1176471	-3.921569E-02	
  .000048	 .1176471	-3.921569E-02	
  .0000481	 .1176471	 3.921569E-02	
  .0000482	 .1176471	-3.921569E-02	
  .0000483	 .1176471	 3.921569E-02	
  .0000484	 .1960784	 3.921569E-02	
  .0000485	 .1176471	 3.921569E-02	
  .0000486	 .1176471	 .1176471	
  .0000487	 3.921569E-02	-3.921569E-02	
  .0000488	 .1960784	-3.921569E-02	
  .0000489	 3.921569E-02	-3.921569E-02	
  .000049	 .1960784	 3.921569E-02	
  .0000491	 .1960784	 3.921569E-02	
  .0000492	 .1176471	 3.921569E-02	
  .0000493	 .1960784	-3.921569E-02	
  .0000494	 .1176471	 3.921569E-02	
  .0000495	 .1176471	 3.921569E-02	
  .0000496	 .1176471	 3.921569E-02	
  .0000497	 3.921569E-02	 3.921569E-02	
  .0000498	 .1960784	 3.921569E-02	
  .0000499	 .1176471	 .1176471	
  .00005	 .1176471	 .1176471	
  .0000501	 3.921569E-02	 3.921569E-02	
  .0000502	 3.921569E-02	 .1176471	
  .0000503	 .1960784	 3.921569E-02	
  .0000504	 .1960784	 .1176471	
  .0000505	 .1176471	 3.921569E-02	
  .0000506	 .1176471	 .1176471	
  .0000507	 .1960784	-3.921569E-02	
  .0000508	 .1960784	 3.921569E-02	
  .0000509	 .1960784	 .1176471	
  .000051	 .1960784	 3.921569E-02	
  .0000511	 .1176471	 3.921569E-02	
  .0000512	 .1176471	 3.921569E-02	
  .0000513	 .1176471	 3.921569E-02	
  .0000514	 .1960784	 3.921569E-02	
  .0000515	 .1176471	 3.921569E-02	
  .0000516	 .1960784	 .1176471	
  .0000517	 .1176471	 .1960784	
  .0000518	 .1176471	 .1960784	
  .0000519	 .1176471	 .1176471	
  .000052	 .1176471	 .1176471	
  .0000521	 .1176471	 3.921569E-02	
  .0000522	 .1176471	 .1176471	
  .0000523	 .1960784	 .1960784	
  .0000524	 .1176471	 .1176471	
  .0000525	 .1176471	 .1960784	
  .0000526	 3.921569E-02	 3.921569E-02	
  .0000527	 .1176471	 3.921569E-02	
  .0000528	 3.921569E-02	 3.921569E-02	
  .0000529	 .1176471	-3.921569E-02	
  .000053	 .1176471	 3.921569E-02	
  .0000531	 .1176471	 3.921569E-02	
  .0000532	 3.921569E-02	 3.921569E-02	
  .0000533	 .1176471	 .1176471	
  .0000534	 .1176471	 .1176471	
  .0000535	 .1176471	 .1176471	
  .0000536	 .1176471	 3.921569E-02	
  .0000537	 3.921569E-02	 .1176471	
  .0000538	 .1176471	 3.921569E-02	
  .0000539	 .1176471	 3.921569E-02	
  .000054	 .1176471	 .1176471	
  .0000541	 3.921569E-02	 .1176471	
  .0000542	 3.921569E-02	 3.921569E-02	
  .0000543	 3.921569E-02	 3.921569E-02	
  .0000544	 3.921569E-02	 3.921569E-02	
  .0000545	 3.921569E-02	 3.921569E-02	
  .0000546	 3.921569E-02	 3.921569E-02	
  .0000547	 .1176471	 3.921569E-02	
  .0000548	 3.921569E-02	 .1176471	
  .0000549	 3.921569E-02	 .1176471	
  .000055	 .1176471	 .1176471	
  .0000551	 .1176471	 .1176471	
  .0000552	 .1176471	 .1176471	
  .0000553	 3.921569E-02	 .1176471	
  .0000554	 3.921569E-02	 3.921569E-02	
  .0000555	 .1176471	 3.921569E-02	
  .0000556	 .1176471	 3.921569E-02	
  .0000557	 .1176471	 .1176471	
  .0000558	 .1176471	 .1176471	
  .0000559	 3.921569E-02	 .1176471	
  .000056	 3.921569E-02	 .1176471	
  .0000561	 .1176471	 .1176471	
  .0000562	 3.921569E-02	 .1176471	
  .0000563	 .1176471	 .1176471	
  .0000564	 .1176471	 .1176471	
  .0000565	 3.921569E-02	 .1960784	
  .0000566	 .1176471	 .1176471	
  .0000567	 3.921569E-02	 .2745098	
  .0000568	 3.921569E-02	 .1960784	
  .0000569	 .1176471	 .1176471	
  .000057	 .1176471	 .1960784	
  .0000571	 3.921569E-02	 .1960784	
  .0000572	 .1960784	 .1176471	
  .0000573	 .1176471	 .1960784	
  .0000574	 .1176471	 .1176471	
  .0000575	 .1176471	 .1176471	
  .0000576	 3.921569E-02	 .1176471	
  .0000577	 3.921569E-02	 .1176471	
  .0000578	 3.921569E-02	 .1176471	
  .0000579	 .1176471	 .1176471	
  .000058	 3.921569E-02	 .1176471	
  .0000581	 3.921569E-02	 .1176471	
  .0000582	 3.921569E-02	 .2745098	
  .0000583	 .1176471	 .1960784	
  .0000584	-3.921569E-02	 .1960784	
  .0000585	 .1176471	 .1176471	
  .0000586	-3.921569E-02	 .1176471	
  .0000587	 .1176471	 .1960784	
  .0000588	 3.921569E-02	 .1176471	
  .0000589	 3.921569E-02	 .1960784	
  .000059	 .1176471	 .1960784	
  .0000591	 3.921569E-02	 .1960784	
  .0000592	 .1176471	 .1176471	
  .0000593	 .1176471	 .1960784	
  .0000594	 .1176471	 .1960784	
  .0000595	 3.921569E-02	 .1176471	
  .0000596	 3.921569E-02	 .1960784	
  .0000597	 .1176471	 .1960784	
  .0000598	 .1176471	 .1960784	
  .0000599	 3.921569E-02	 .2745098	
  .00006	 .1176471	 .1960784	
  .0000601	 .1176471	 .1960784	
  .0000602	 3.921569E-02	 .1176471	
  .0000603	 .1176471	 .1960784	
  .0000604	 3.921569E-02	 .1960784	
  .0000605	 .1176471	 .1176471	
  .0000606	 .1176471	 .1176471	
  .0000607	 .1176471	 .1960784	
  .0000608	 .1176471	 .1960784	
  .0000609	 .1176471	 .1960784	
  .000061	 3.921569E-02	 .1176471	
  .0000611	 3.921569E-02	 .1176471	
  .0000612	 .1176471	 .1960784	
  .0000613	 .1176471	 .1176471	
  .0000614	 .1176471	 .1960784	
  .0000615	 3.921569E-02	 .2745098	
  .0000616	 .1176471	 .2745098	
  .0000617	 .1176471	 .1960784	
  .0000618	 .1176471	 .1960784	
  .0000619	-3.921569E-02	 .1960784	
  .000062	 3.921569E-02	 .2745098	
  .0000621	 3.921569E-02	 .3529412	
  .0000622	 3.921569E-02	 .2745098	
  .0000623	 .1176471	 .3529412	
  .0000624	 3.921569E-02	 .2745098	
  .0000625	 3.921569E-02	 .3529412	
  .0000626	 3.921569E-02	 .2745098	
  .0000627	 3.921569E-02	 .3529412	
  .0000628	 .1176471	 .3529412	
  .0000629	 3.921569E-02	 .3529412	
  .000063	 3.921569E-02	 .3529412	
  .0000631	 3.921569E-02	 .2745098	
  .0000632	 .1176471	 .4313726	
  .0000633	 3.921569E-02	 .4313726	
  .0000634	 3.921569E-02	 .4313726	
  .0000635	 .1176471	 .3529412	
  .0000636	 3.921569E-02	 .3529412	
  .0000637	 .1176471	 .4313726	
  .0000638	 3.921569E-02	 .4313726	
  .0000639	 3.921569E-02	 .4313726	
  .000064	-3.921569E-02	 .3529412	
  .0000641	 3.921569E-02	 .4313726	
  .0000642	 3.921569E-02	 .4313726	
  .0000643	-3.921569E-02	 .3529412	
  .0000644	 3.921569E-02	 .4313726	
  .0000645	-3.921569E-02	 .3529412	
  .0000646	 3.921569E-02	 .509804	
  .0000647	 3.921569E-02	 .509804	
  .0000648	 3.921569E-02	 .4313726	
  .0000649	 .1176471	 .4313726	
  .000065	 3.921569E-02	 .4313726	
  .0000651	 .1176471	 .509804	
  .0000652	-3.921569E-02	 .509804	
  .0000653	 3.921569E-02	 .509804	
  .0000654	 3.921569E-02	 .4313726	
  .0000655	 3.921569E-02	 .4313726	
  .0000656	 3.921569E-02	 .509804	
  .0000657	 3.921569E-02	 .4313726	
  .0000658	-3.921569E-02	 .4313726	
  .0000659	 3.921569E-02	 .4313726	
  .000066	 .1176471	 .4313726	
  .0000661	 3.921569E-02	 .3529412	
  .0000662	 3.921569E-02	 .4313726	
  .0000663	 3.921569E-02	 .4313726	
  .0000664	 .1176471	 .509804	
  .0000665	 3.921569E-02	 .509804	
  .0000666	 3.921569E-02	 .509804	
  .0000667	 3.921569E-02	 .509804	
  .0000668	 .1176471	 .4313726	
  .0000669	 3.921569E-02	 .509804	
  .000067	-3.921569E-02	 .509804	
  .0000671	 .1176471	 .509804	
  .0000672	 .1176471	 .509804	
  .0000673	 3.921569E-02	 .509804	
  .0000674	-3.921569E-02	 .509804	
  .0000675	-3.921569E-02	 .4313726	
  .0000676	 3.921569E-02	 .3529412	
  .0000677	 .1176471	 .4313726	
  .0000678	 .1176471	 .4313726	
  .0000679	 .1176471	 .4313726	
  .000068	 3.921569E-02	 .4313726	
  .0000681	 .1176471	 .509804	
  .0000682	 .1176471	 .4313726	
  .0000683	-3.921569E-02	 .509804	
  .0000684	 3.921569E-02	 .4313726	
  .0000685	-3.921569E-02	 .4313726	
  .0000686	-3.921569E-02	 .4313726	
  .0000687	 3.921569E-02	 .4313726	
  .0000688	 .1176471	 .509804	
  .0000689	 .1176471	 .4313726	
  .000069	 3.921569E-02	 .509804	
  .0000691	 3.921569E-02	 .4313726	
  .0000692	 3.921569E-02	 .4313726	
  .0000693	-3.921569E-02	 .509804	
  .0000694	 3.921569E-02	 .4313726	
  .0000695	-3.921569E-02	 .509804	
  .0000696	 3.921569E-02	 .4313726	
  .0000697	-3.921569E-02	 .5882353	
  .0000698	 3.921569E-02	 .509804	
  .0000699	 3.921569E-02	 .509804	
  .00007	 3.921569E-02	 .509804	
  .0000701	 3.921569E-02	 .4313726	
  .0000702	 3.921569E-02	 .509804	
  .0000703	 3.921569E-02	 .4313726	
  .0000704	 3.921569E-02	 .4313726	
  .0000705	 3.921569E-02	 .509804	
  .0000706	 3.921569E-02	 .4313726	
  .0000707	-3.921569E-02	 .509804	
  .0000708	-3.921569E-02	 .4313726	
  .0000709	-3.921569E-02	 .4313726	
  .000071	 3.921569E-02	 .4313726	
  .0000711	 3.921569E-02	 .4313726	
  .0000712	 3.921569E-02	 .4313726	
  .0000713	 3.921569E-02	 .509804	
  .0000714	 3.921569E-02	 .509804	
  .0000715	 .1176471	 .5882353	
  .0000716	 3.921569E-02	 .4313726	
  .0000717	-3.921569E-02	 .4313726	
  .0000718	-3.921569E-02	 .509804	
  .0000719	-3.921569E-02	 .4313726	
  .000072	 3.921569E-02	 .4313726	
  .0000721	 3.921569E-02	 .4313726	
  .0000722	 .1176471	 .509804	
  .0000723	 .1176471	 .4313726	
  .0000724	-3.921569E-02	 .4313726	
  .0000725	-3.921569E-02	 .4313726	
  .0000726	 3.921569E-02	 .4313726	
  .0000727	 3.921569E-02	 .4313726	
  .0000728	 3.921569E-02	 .4313726	
  .0000729	 3.921569E-02	 .4313726	
  .000073	-3.921569E-02	 .509804	
  .0000731	 .1176471	 .509804	
  .0000732	 3.921569E-02	 .509804	
  .0000733	-3.921569E-02	 .509804	
  .0000734	 .1176471	 .4313726	
  .0000735	-3.921569E-02	 .509804	
  .0000736	 .1176471	 .509804	
  .0000737	 .1176471	 .509804	
  .0000738	 3.921569E-02	 .4313726	
  .0000739	 3.921569E-02	 .509804	
  .000074	 .1176471	 .4313726	
  .0000741	-3.921569E-02	 .3529412	
  .0000742	-3.921569E-02	 .4313726	
  .0000743	 3.921569E-02	 .4313726	
  .0000744	 3.921569E-02	 .4313726	
  .0000745	-3.921569E-02	 .4313726	
  .0000746	 3.921569E-02	 .509804	
  .0000747	 3.921569E-02	 .4313726	
  .0000748	 3.921569E-02	 .4313726	
  .0000749	 .1176471	 .509804	
  .000075	 3.921569E-02	 .4313726	
  .0000751	 3.921569E-02	 .4313726	
  .0000752	-3.921569E-02	 .509804	
  .0000753	 3.921569E-02	 .4313726	
  .0000754	 3.921569E-02	 .4313726	
  .0000755	 3.921569E-02	 .509804	
  .0000756	-3.921569E-02	 .4313726	
  .0000757	 3.921569E-02	 .4313726	
  .0000758	-3.921569E-02	 .509804	
  .0000759	 .1176471	 .4313726	
  .000076	-3.921569E-02	 .3529412	
  .0000761	 3.921569E-02	 .4313726	
  .0000762	 .1176471	 .509804	
  .0000763	 3.921569E-02	 .509804	
  .0000764	 3.921569E-02	 .4313726	
  .0000765	-3.921569E-02	 .509804	
  .0000766	 3.921569E-02	 .509804	
  .0000767	 3.921569E-02	 .4313726	
  .0000768	 .1176471	 .509804	
  .0000769	 3.921569E-02	 .5882353	
  .000077	 .1176471	 .4313726	
  .0000771	 .1176471	 .509804	
  .0000772	 3.921569E-02	 .509804	
  .0000773	-3.921569E-02	 .509804	
  .0000774	-3.921569E-02	 .4313726	
  .0000775	-3.921569E-02	 .3529412	
  .0000776	 3.921569E-02	 .3529412	
  .0000777	 3.921569E-02	 .4313726	
  .0000778	 3.921569E-02	 .3529412	
  .0000779	-3.921569E-02	 .4313726	
  .000078	 3.921569E-02	 .509804	
  .0000781	 .1176471	 .4313726	
  .0000782	-3.921569E-02	 .509804	
  .0000783	 3.921569E-02	 .4313726	
  .0000784	 3.921569E-02	 .509804	
  .0000785	 3.921569E-02	 .509804	
  .0000786	-3.921569E-02	 .3529412	
  .0000787	-3.921569E-02	 .4313726	
  .0000788	 3.921569E-02	 .4313726	
  .0000789	-3.921569E-02	 .4313726	
  .000079	 3.921569E-02	 .4313726	
  .0000791	-3.921569E-02	 .3529412	
  .0000792	-3.921569E-02	 .4313726	
  .0000793	 3.921569E-02	 .4313726	
  .0000794	 3.921569E-02	 .509804	
  .0000795	 .1176471	 .4313726	
  .0000796	 3.921569E-02	 .509804	
  .0000797	-3.921569E-02	 .509804	
  .0000798	 3.921569E-02	 .509804	
  .0000799	 3.921569E-02	 .4313726	
  .00008	-3.921569E-02	 .4313726	
  .0000801	 3.921569E-02	 .509804	
  .0000802	 .1176471	 .3529412	
  .0000803	 3.921569E-02	 .4313726	
  .0000804	 .1176471	 .4313726	
  .0000805	 3.921569E-02	 .4313726	
  .0000806	 3.921569E-02	 .4313726	
  .0000807	 3.921569E-02	 .3529412	
  .0000808	 3.921569E-02	 .4313726	
  .0000809	 3.921569E-02	 .3529412	
  .000081	 3.921569E-02	 .3529412	
  .0000811	 .1176471	 .2745098	
  .0000812	-3.921569E-02	 .4313726	
  .0000813	 3.921569E-02	 .509804	
  .0000814	 .1176471	 .4313726	
  .0000815	 3.921569E-02	 .4313726	
  .0000816	 .1176471	 .3529412	
  .0000817	 3.921569E-02	 .4313726	
  .0000818	 3.921569E-02	 .4313726	
  .0000819	 3.921569E-02	 .4313726	
  .000082	 3.921569E-02	 .4313726	
  .0000821	 .1176471	 .4313726	
  .0000822	 3.921569E-02	 .3529412	
  .0000823	-3.921569E-02	 .3529412	
  .0000824	 3.921569E-02	 .4313726	
  .0000825	 3.921569E-02	 .4313726	
  .0000826	 3.921569E-02	 .3529412	
  .0000827	 3.921569E-02	 .3529412	
  .0000828	 3.921569E-02	 .3529412	
  .0000829	 3.921569E-02	 .4313726	
  .000083	 3.921569E-02	 .4313726	
  .0000831	 3.921569E-02	 .4313726	
  .0000832	-3.921569E-02	 .4313726	
  .0000833	 .1176471	 .4313726	
  .0000834	-3.921569E-02	 .4313726	
  .0000835	 3.921569E-02	 .4313726	
  .0000836	-3.921569E-02	 .4313726	
  .0000837	-3.921569E-02	 .4313726	
  .0000838	 .1176471	 .3529412	
  .0000839	 .1176471	 .3529412	
  .000084	-.1176471	 .3529412	
  .0000841	-3.921569E-02	 .3529412	
  .0000842	 3.921569E-02	 .3529412	
  .0000843	 3.921569E-02	 .3529412	
  .0000844	 3.921569E-02	 .3529412	
  .0000845	 3.921569E-02	 .4313726	
  .0000846	-3.921569E-02	 .4313726	
  .0000847	 3.921569E-02	 .4313726	
  .0000848	-3.921569E-02	 .4313726	
  .0000849	 3.921569E-02	 .4313726	
  .000085	-3.921569E-02	 .4313726	
  .0000851	 3.921569E-02	 .4313726	
  .0000852	 3.921569E-02	 .3529412	
  .0000853	 3.921569E-02	 .4313726	
  .0000854	 3.921569E-02	 .4313726	
  .0000855	-3.921569E-02	 .2745098	
  .0000856	 3.921569E-02	 .2745098	
  .0000857	-3.921569E-02	 .4313726	
  .0000858	 3.921569E-02	 .3529412	
  .0000859	 3.921569E-02	 .3529412	
  .000086	 3.921569E-02	 .3529412	
  .0000861	 3.921569E-02	 .3529412	
  .0000862	 3.921569E-02	 .4313726	
  .0000863	 3.921569E-02	 .3529412	
  .0000864	-3.921569E-02	 .4313726	
  .0000865	 3.921569E-02	 .4313726	
  .0000866	 3.921569E-02	 .4313726	
  .0000867	 3.921569E-02	 .4313726	
  .0000868	 3.921569E-02	 .4313726	
  .0000869	 .1176471	 .3529412	
  .000087	 .1176471	 .4313726	
  .0000871	 3.921569E-02	 .3529412	
  .0000872	-3.921569E-02	 .3529412	
  .0000873	-3.921569E-02	 .3529412	
  .0000874	-3.921569E-02	 .3529412	
  .0000875	 3.921569E-02	 .3529412	
  .0000876	 3.921569E-02	 .3529412	
  .0000877	 3.921569E-02	 .3529412	
  .0000878	 3.921569E-02	 .3529412	
  .0000879	-3.921569E-02	 .4313726	
  .000088	 .1176471	 .4313726	
  .0000881	-3.921569E-02	 .3529412	
  .0000882	 3.921569E-02	 .4313726	
  .0000883	-3.921569E-02	 .3529412	
  .0000884	-3.921569E-02	 .4313726	
  .0000885	-3.921569E-02	 .2745098	
  .0000886	 .1176471	 .3529412	
  .0000887	 3.921569E-02	 .3529412	
  .0000888	 3.921569E-02	 .3529412	
  .0000889	 3.921569E-02	 .3529412	
  .000089	 3.921569E-02	 .2745098	
  .0000891	-3.921569E-02	 .3529412	
  .0000892	 3.921569E-02	 .2745098	
  .0000893	 3.921569E-02	 .3529412	
  .0000894	-3.921569E-02	 .2745098	
  .0000895	-3.921569E-02	 .3529412	
  .0000896	 3.921569E-02	 .3529412	
  .0000897	-3.921569E-02	 .3529412	
  .0000898	-3.921569E-02	 .2745098	
  .0000899	-3.921569E-02	 .3529412	
  .00009	 3.921569E-02	 .2745098	
  .0000901	 3.921569E-02	 .3529412	
  .0000902	 3.921569E-02	 .3529412	
  .0000903	-3.921569E-02	 .3529412	
  .0000904	-3.921569E-02	 .4313726	
  .0000905	 3.921569E-02	 .4313726	
  .0000906	-3.921569E-02	 .3529412	
  .0000907	 3.921569E-02	 .3529412	
  .0000908	-3.921569E-02	 .3529412	
  .0000909	 3.921569E-02	 .2745098	
  .000091	 .1176471	 .2745098	
  .0000911	-3.921569E-02	 .3529412	
  .0000912	 3.921569E-02	 .3529412	
  .0000913	 3.921569E-02	 .4313726	
  .0000914	 3.921569E-02	 .3529412	
  .0000915	 3.921569E-02	 .3529412	
  .0000916	 3.921569E-02	 .3529412	
  .0000917	 3.921569E-02	 .2745098	
  .0000918	 3.921569E-02	 .3529412	
  .0000919	 3.921569E-02	 .3529412	
  .000092	 3.921569E-02	 .3529412	
  .0000921	 .1176471	 .3529412	
  .0000922	 3.921569E-02	 .2745098	
  .0000923	 3.921569E-02	 .2745098	
  .0000924	 3.921569E-02	 .2745098	
  .0000925	 3.921569E-02	 .2745098	
  .0000926	-3.921569E-02	 .3529412	
  .0000927	 .1176471	 .1960784	
  .0000928	-3.921569E-02	 .3529412	
  .0000929	 3.921569E-02	 .3529412	
  .000093	-3.921569E-02	 .3529412	
  .0000931	-3.921569E-02	 .3529412	
  .0000932	 3.921569E-02	 .3529412	
  .0000933	-3.921569E-02	 .2745098	
  .0000934	 3.921569E-02	 .3529412	
  .0000935	-3.921569E-02	 .2745098	
  .0000936	 3.921569E-02	 .2745098	
  .0000937	 3.921569E-02	 .3529412	
  .0000938	-3.921569E-02	 .2745098	
  .0000939	-3.921569E-02	 .1960784	
  .000094	-3.921569E-02	 .2745098	
  .0000941	 3.921569E-02	 .2745098	
  .0000942	 3.921569E-02	 .2745098	
  .0000943	-3.921569E-02	 .2745098	
  .0000944	 3.921569E-02	 .3529412	
  .0000945	-3.921569E-02	 .2745098	
  .0000946	 3.921569E-02	 .2745098	
  .0000947	 3.921569E-02	 .2745098	
  .0000948	 3.921569E-02	 .2745098	
  .0000949	-3.921569E-02	 .1960784	
  .000095	 3.921569E-02	 .3529412	
  .0000951	 3.921569E-02	 .3529412	
  .0000952	-3.921569E-02	 .2745098	
  .0000953	-3.921569E-02	 .2745098	
  .0000954	 3.921569E-02	 .2745098	
  .0000955	-3.921569E-02	 .2745098	
  .0000956	 3.921569E-02	 .3529412	
  .0000957	 3.921569E-02	 .1960784	
  .0000958	-3.921569E-02	 .2745098	
  .0000959	 3.921569E-02	 .3529412	
  .000096	-3.921569E-02	 .2745098	
  .0000961	 3.921569E-02	 .3529412	
  .0000962	 3.921569E-02	 .1960784	
  .0000963	-3.921569E-02	 .2745098	
  .0000964	-3.921569E-02	 .3529412	
  .0000965	-3.921569E-02	 .2745098	
  .0000966	 3.921569E-02	 .2745098	
  .0000967	-3.921569E-02	 .2745098	
  .0000968	 3.921569E-02	 .2745098	
  .0000969	 .1176471	 .2745098	
  .000097	-3.921569E-02	 .1960784	
  .0000971	-3.921569E-02	 .1960784	
  .0000972	-3.921569E-02	 .1960784	
  .0000973	-3.921569E-02	 .1176471	
  .0000974	-3.921569E-02	 .1960784	
  .0000975	 3.921569E-02	 .2745098	
  .0000976	-3.921569E-02	 .1960784	
  .0000977	-3.921569E-02	 .1960784	
  .0000978	-3.921569E-02	 .2745098	
  .0000979	 .1176471	 .1960784	
  .000098	 3.921569E-02	 .1960784	
  .0000981	-3.921569E-02	 .2745098	
  .0000982	-3.921569E-02	 .1960784	
  .0000983	-3.921569E-02	 .2745098	
  .0000984	-3.921569E-02	 .1960784	
  .0000985	 3.921569E-02	 .1960784	
  .0000986	-3.921569E-02	 .1960784	
  .0000987	 3.921569E-02	 .1960784	
  .0000988	 3.921569E-02	 .1960784	
  .0000989	-3.921569E-02	 .1960784	
  .000099	-3.921569E-02	 .1960784	
  .0000991	 3.921569E-02	 .1960784	
  .0000992	 3.921569E-02	 .1960784	
  .0000993	 3.921569E-02	 .1960784	
  .0000994	-3.921569E-02	 .2745098	
  .0000995	-3.921569E-02	 .3529412	
  .0000996	 3.921569E-02	 .2745098	
  .0000997	 3.921569E-02	 .2745098	
  .0000998	 3.921569E-02	 .1960784	
  .0000999	 .1176471	 .1960784	
  .0001	 3.921569E-02	 .1176471	
  .0001001	 3.921569E-02	 .1960784	
  .0001002	 3.921569E-02	 .2745098	
  .0001003	 3.921569E-02	 .1960784	
  .0001004	 3.921569E-02	 .2745098	
  .0001005	 3.921569E-02	 .1960784	
  .0001006	 3.921569E-02	 .1176471	
  .0001007	-3.921569E-02	 .1960784	
  .0001008	 3.921569E-02	 .1960784	
  .0001009	 3.921569E-02	 .1176471	
  .000101	 3.921569E-02	 .1960784	
  .0001011	-3.921569E-02	 .2745098	
  .0001012	 .1176471	 .2745098	
  .0001013	 3.921569E-02	 .1960784	
  .0001014	-3.921569E-02	 .2745098	
  .0001015	-3.921569E-02	 .1960784	
  .0001016	-3.921569E-02	 .1960784	
  .0001017	 .1176471	 .1176471	
  .0001018	 .1176471	 .1960784	
  .0001019	-3.921569E-02	 .1960784	
  .000102	 3.921569E-02	 .1960784	
  .0001021	 3.921569E-02	 .1960784	
  .0001022	 3.921569E-02	 .1960784	
  .0001023	-3.921569E-02	 .1960784	
  .0001024	 3.921569E-02	 .1176471	
  .0001025	-3.921569E-02	 .1960784	
  .0001026	 .1176471	 .2745098	
  .0001027	 3.921569E-02	 .1176471	
  .0001028	 .1176471	 .2745098	
  .0001029	-3.921569E-02	 .1960784	
  .000103	-3.921569E-02	 .1960784	
  .0001031	-3.921569E-02	 .1960784	
  .0001032	 3.921569E-02	 .1960784	
  .0001033	 3.921569E-02	 .2745098	
  .0001034	-3.921569E-02	 .1960784	
  .0001035	 3.921569E-02	 .1960784	
  .0001036	 3.921569E-02	 .1176471	
  .0001037	 .1176471	 .1960784	
  .0001038	 3.921569E-02	 .1960784	
  .0001039	-3.921569E-02	 .1176471	
  .000104	-3.921569E-02	 .1176471	
  .0001041	 3.921569E-02	 .1176471	
  .0001042	-3.921569E-02	 .1176471	
  .0001043	 3.921569E-02	 .1960784	
  .0001044	-3.921569E-02	 .1960784	
  .0001045	 .1176471	 .2745098	
  .0001046	 3.921569E-02	 .1960784	
  .0001047	 3.921569E-02	 .1960784	
  .0001048	-3.921569E-02	 .1176471	
  .0001049	 3.921569E-02	 .1176471	
  .000105	 3.921569E-02	 .1176471	
  .0001051	 3.921569E-02	 .1960784	
  .0001052	 3.921569E-02	 .1960784	
  .0001053	 3.921569E-02	 .1176471	
  .0001054	-3.921569E-02	 .1960784	
  .0001055	 3.921569E-02	 .2745098	
  .0001056	 3.921569E-02	 .1960784	
  .0001057	-3.921569E-02	 .1176471	
  .0001058	 3.921569E-02	 .1176471	
  .0001059	 3.921569E-02	 .1176471	
  .000106	-3.921569E-02	 .1960784	
  .0001061	 3.921569E-02	 .1960784	
  .0001062	-3.921569E-02	 .1960784	
  .0001063	-3.921569E-02	 .1960784	
  .0001064	 3.921569E-02	 .1176471	
  .0001065	 3.921569E-02	 .1960784	
  .0001066	-3.921569E-02	 .2745098	
  .0001067	 .1176471	 .1960784	
  .0001068	 3.921569E-02	 .1960784	
  .0001069	 3.921569E-02	 .1176471	
  .000107	-3.921569E-02	 .1960784	
  .0001071	 3.921569E-02	 .1176471	
  .0001072	-3.921569E-02	 .1176471	
  .0001073	 3.921569E-02	 .1176471	
  .0001074	-3.921569E-02	 .1176471	
  .0001075	-3.921569E-02	 .1960784	
  .0001076	 3.921569E-02	 .1176471	
  .0001077	-3.921569E-02	 .1960784	
  .0001078	 .1176471	 .1960784	
  .0001079	-3.921569E-02	 .1960784	
  .000108	 3.921569E-02	 .1960784	
  .0001081	 3.921569E-02	 .1176471	
  .0001082	-3.921569E-02	 .1960784	
  .0001083	 3.921569E-02	 .1176471	
  .0001084	 3.921569E-02	 .1176471	
  .0001085	 3.921569E-02	 3.921569E-02	
  .0001086	 3.921569E-02	 .1176471	
  .0001087	 .1176471	 .1176471	
  .0001088	 3.921569E-02	 3.921569E-02	
  .0001089	 3.921569E-02	 .1176471	
  .000109	 3.921569E-02	 .1176471	
  .0001091	 3.921569E-02	 .1176471	
  .0001092	 .1176471	 3.921569E-02	
  .0001093	-3.921569E-02	 .1176471	
  .0001094	-3.921569E-02	 .1960784	
  .0001095	-3.921569E-02	 .1176471	
  .0001096	 3.921569E-02	 .1176471	
  .0001097	-3.921569E-02	 .1960784	
  .0001098	 .1176471	 .1960784	
  .0001099	 3.921569E-02	 .1176471	
  .00011	 3.921569E-02	 .1176471	
  .0001101	 3.921569E-02	 .1176471	
  .0001102	 3.921569E-02	 .1176471	
  .0001103	 3.921569E-02	 .1960784	
  .0001104	 .1176471	 .1176471	
  .0001105	-3.921569E-02	 .1176471	
  .0001106	 3.921569E-02	 3.921569E-02	
  .0001107	 3.921569E-02	 3.921569E-02	
  .0001108	 3.921569E-02	 3.921569E-02	
  .0001109	-3.921569E-02	 .1176471	
  .000111	-3.921569E-02	 .1960784	
  .0001111	 3.921569E-02	 .1960784	
  .0001112	 .1176471	 .1176471	
  .0001113	 .1176471	 .1176471	
  .0001114	-3.921569E-02	 .1176471	
  .0001115	-3.921569E-02	 .1176471	
  .0001116	 3.921569E-02	 .1176471	
  .0001117	-3.921569E-02	 .1176471	
  .0001118	 .1176471	 3.921569E-02	
  .0001119	 .1176471	 .1176471	
  .000112	 3.921569E-02	 3.921569E-02	
  .0001121	 3.921569E-02	 3.921569E-02	
  .0001122	 .1176471	 3.921569E-02	
  .0001123	 3.921569E-02	 3.921569E-02	
  .0001124	 .1176471	 .1176471	
  .0001125	 .1176471	 3.921569E-02	
  .0001126	 3.921569E-02	 3.921569E-02	
  .0001127	 .1176471	 .1960784	
  .0001128	 3.921569E-02	 .1176471	
  .0001129	 3.921569E-02	 .1176471	
  .000113	 3.921569E-02	 .1960784	
  .0001131	-3.921569E-02	 .1176471	
  .0001132	 3.921569E-02	 .1176471	
  .0001133	 3.921569E-02	 .1960784	
  .0001134	 3.921569E-02	 .1176471	
  .0001135	 .1176471	 3.921569E-02	
  .0001136	 .1176471	 .1176471	
  .0001137	 3.921569E-02	 3.921569E-02	
  .0001138	 3.921569E-02	 3.921569E-02	
  .0001139	-3.921569E-02	 3.921569E-02	
  .000114	 3.921569E-02	 3.921569E-02	
  .0001141	-3.921569E-02	 3.921569E-02	
  .0001142	 3.921569E-02	 .1176471	
  .0001143	 3.921569E-02	 .1176471	
  .0001144	 3.921569E-02	 .1176471	
  .0001145	 3.921569E-02	 .1176471	
  .0001146	-3.921569E-02	 .1960784	
  .0001147	 .1176471	 .1176471	
  .0001148	-3.921569E-02	 .1176471	
  .0001149	 3.921569E-02	 .1176471	
  .000115	 3.921569E-02	 .1176471	
  .0001151	 3.921569E-02	 .1176471	
  .0001152	 .1176471	 3.921569E-02	
  .0001153	 3.921569E-02	 .1176471	
  .0001154	 .1176471	 .1960784	
  .0001155	 3.921569E-02	 .1176471	
  .0001156	-3.921569E-02	 .1176471	
  .0001157	 3.921569E-02	 .1176471	
  .0001158	 3.921569E-02	 3.921569E-02	
  .0001159	 3.921569E-02	 .1176471	
  .000116	 3.921569E-02	 3.921569E-02	
  .0001161	-3.921569E-02	 .1176471	
  .0001162	 .1176471	 .1176471	
  .0001163	 3.921569E-02	 3.921569E-02	
  .0001164	-3.921569E-02	 .1176471	
  .0001165	 .1176471	 .1960784	
  .0001166	 .1176471	 .1176471	
  .0001167	 .1176471	 .1176471	
  .0001168	 3.921569E-02	 .1176471	
  .0001169	 3.921569E-02	-3.921569E-02	
  .000117	 .1176471	 3.921569E-02	
  .0001171	 3.921569E-02	 3.921569E-02	
  .0001172	 3.921569E-02	 3.921569E-02	
  .0001173	 3.921569E-02	 3.921569E-02	
  .0001174	-3.921569E-02	 3.921569E-02	
  .0001175	 3.921569E-02	-3.921569E-02	
  .0001176	 3.921569E-02	 .1176471	
  .0001177	 .1176471	 .1176471	
  .0001178	 3.921569E-02	 .1176471	
  .0001179	 3.921569E-02	 .1960784	
  .000118	 3.921569E-02	 3.921569E-02	
  .0001181	 .1176471	 3.921569E-02	
  .0001182	 .1176471	 3.921569E-02	
  .0001183	 3.921569E-02	-3.921569E-02	
  .0001184	 3.921569E-02	 3.921569E-02	
  .0001185	 3.921569E-02	 3.921569E-02	
  .0001186	 .1176471	-3.921569E-02	
  .0001187	 3.921569E-02	-.1176471	
  .0001188	 .1176471	-3.921569E-02	
  .0001189	 .1176471	-.1176471	
  .000119	 .1176471	-.1176471	
  .0001191	 .1176471	-.1176471	
  .0001192	 3.921569E-02	-3.921569E-02	
  .0001193	 .1176471	-3.921569E-02	
  .0001194	 .1176471	-.1176471	
  .0001195	-3.921569E-02	-.1176471	
  .0001196	 3.921569E-02	-.1960784	
  .0001197	 .1960784	-.1176471	
  .0001198	 .1176471	-.1960784	
  .0001199	 3.921569E-02	-.1960784	
  .00012	 .1960784	-.1960784	
  .0001201	 3.921569E-02	-.1960784	
  .0001202	 .1176471	-.1176471	
  .0001203	 3.921569E-02	-.1960784	
  .0001204	 3.921569E-02	-.1960784	
  .0001205	 .1176471	-.1960784	
  .0001206	 3.921569E-02	-.1960784	
  .0001207	 .1960784	-.3529412	
  .0001208	 3.921569E-02	-.2745098	
  .0001209	 .1176471	-.1960784	
  .000121	 .1176471	-.1960784	
  .0001211	 .1176471	-.1960784	
  .0001212	 .1176471	-.1960784	
  .0001213	 3.921569E-02	-.2745098	
  .0001214	 .1176471	-.1960784	
  .0001215	 .1176471	-.2745098	
  .0001216	 .1960784	-.1960784	
  .0001217	 3.921569E-02	-.2745098	
  .0001218	 .1960784	-.2745098	
  .0001219	 .1176471	-.1960784	
  .000122	 3.921569E-02	-.1960784	
  .0001221	 .1176471	-.2745098	
  .0001222	 3.921569E-02	-.3529412	
  .0001223	 3.921569E-02	-.2745098	
  .0001224	 .1176471	-.1960784	
  .0001225	 3.921569E-02	-.2745098	
  .0001226	 .1960784	-.1960784	
  .0001227	 3.921569E-02	-.1960784	
  .0001228	 3.921569E-02	-.2745098	
  .0001229	 .1176471	-.3529412	
  .000123	 3.921569E-02	-.2745098	
  .0001231	 3.921569E-02	-.1960784	
  .0001232	 3.921569E-02	-.1960784	
  .0001233	 .1176471	-.2745098	
  .0001234	 3.921569E-02	-.2745098	
  .0001235	 .1176471	-.1960784	
  .0001236	 .1176471	-.2745098	
  .0001237	 3.921569E-02	-.2745098	
  .0001238	 3.921569E-02	-.2745098	
  .0001239	 3.921569E-02	-.2745098	
  .000124	 3.921569E-02	-.2745098	
  .0001241	-3.921569E-02	-.2745098	
  .0001242	 3.921569E-02	-.1960784	
  .0001243	 .1176471	-.1960784	
  .0001244	 3.921569E-02	-.1960784	
  .0001245	 .1176471	-.1960784	
  .0001246	 3.921569E-02	-.1960784	
  .0001247	 3.921569E-02	-.2745098	
  .0001248	 3.921569E-02	-.3529412	
  .0001249	 .1960784	-.2745098	
  .000125	 .1176471	-.1960784	
  .0001251	 .1176471	-.2745098	
  .0001252	 .1176471	-.2745098	
  .0001253	 .1176471	-.1960784	
  .0001254	 3.921569E-02	-.2745098	
  .0001255	 3.921569E-02	-.1960784	
  .0001256	 3.921569E-02	-.2745098	
  .0001257	 .1176471	-.1960784	
  .0001258	 .1176471	-.1960784	
  .0001259	 3.921569E-02	-.2745098	
  .000126	 .1176471	-.1960784	
  .0001261	 .1176471	-.1176471	
  .0001262	 .1960784	-.2745098	
  .0001263	 3.921569E-02	-.1960784	
  .0001264	-3.921569E-02	-.1176471	
  .0001265	 .1176471	-.1960784	
  .0001266	 .1176471	-.1960784	
  .0001267	 3.921569E-02	-.3529412	
  .0001268	 .1176471	-.2745098	
  .0001269	 .1176471	-.2745098	
  .000127	 .1176471	-.2745098	
  .0001271	 3.921569E-02	-.2745098	
  .0001272	 .1176471	-.2745098	
  .0001273	 3.921569E-02	-.2745098	
  .0001274	 3.921569E-02	-.2745098	
  .0001275	 3.921569E-02	-.1960784	
  .0001276	 .1960784	-.1960784	
  .0001277	 3.921569E-02	-.1960784	
  .0001278	 3.921569E-02	-.1176471	
  .0001279	 3.921569E-02	-.1960784	
  .000128	 3.921569E-02	-.2745098	
  .0001281	 .1176471	-.3529412	
  .0001282	 3.921569E-02	-.2745098	
  .0001283	 .1176471	-.2745098	
  .0001284	 .1176471	-.2745098	
  .0001285	 .1960784	-.2745098	
  .0001286	 .1960784	-.2745098	
  .0001287	 .1176471	-.1960784	
  .0001288	 3.921569E-02	-.2745098	
  .0001289	 .1176471	-.2745098	
  .000129	 .1176471	-.3529412	
  .0001291	 3.921569E-02	-.1960784	
  .0001292	 3.921569E-02	-.1176471	
  .0001293	 .1176471	-.1960784	
  .0001294	 3.921569E-02	-.1176471	
  .0001295	 .1176471	-.2745098	
  .0001296	 .2745098	-.1960784	
  .0001297	 .1960784	-.2745098	
  .0001298	 .1176471	-.2745098	
  .0001299	 .1960784	-.3529412	
  .00013	 .1176471	-.1960784	
  .0001301	 .1176471	-.1176471	
  .0001302	 3.921569E-02	-.2745098	
  .0001303	 .1176471	-.1960784	
  .0001304	 .1176471	-.3529412	
  .0001305	 .1176471	-.2745098	
  .0001306	 .1176471	-.2745098	
  .0001307	 3.921569E-02	-.2745098	
  .0001308	 .1176471	-.1960784	
  .0001309	 .1960784	-.1960784	
  .000131	 .1176471	-.1960784	
  .0001311	 .1176471	-.2745098	
  .0001312	 .1176471	-.1960784	
  .0001313	 .1176471	-.1960784	
  .0001314	 .1176471	-.1960784	
  .0001315	 .1176471	-.1960784	
  .0001316	 .1176471	-.1960784	
  .0001317	 .1960784	-.1960784	
  .0001318	 .1176471	-.2745098	
  .0001319	 .1176471	-.2745098	
  .000132	 .1176471	-.1960784	
  .0001321	 3.921569E-02	-.2745098	
  .0001322	 3.921569E-02	-.2745098	
  .0001323	 .1960784	-.1960784	
  .0001324	 3.921569E-02	-.2745098	
  .0001325	 .1176471	-.1960784	
  .0001326	 .1176471	-.1960784	
  .0001327	 3.921569E-02	-.1960784	
  .0001328	 3.921569E-02	-.2745098	
  .0001329	 3.921569E-02	-.1960784	
  .000133	 .1960784	-.1960784	
  .0001331	 .1176471	-.1960784	
  .0001332	 .1176471	-.1960784	
  .0001333	 .1176471	-.1960784	
  .0001334	 3.921569E-02	-.2745098	
  .0001335	 .1176471	-.2745098	
  .0001336	 .1176471	-.2745098	
  .0001337	 3.921569E-02	-.1960784	
  .0001338	 .1176471	-.2745098	
  .0001339	 3.921569E-02	-.2745098	
  .000134	 .1176471	-.1960784	
  .0001341	 3.921569E-02	-.1960784	
  .0001342	 .1176471	-.1960784	
  .0001343	 3.921569E-02	-.1960784	
  .0001344	 .1176471	-.1960784	
  .0001345	 3.921569E-02	-.1960784	
  .0001346	 .1176471	-.1960784	
  .0001347	 .1176471	-.2745098	
  .0001348	 3.921569E-02	-.2745098	
  .0001349	 .1176471	-.1960784	
  .000135	 .1176471	-.2745098	
  .0001351	 .1176471	-.2745098	
  .0001352	 3.921569E-02	-.1176471	
  .0001353	 .1176471	-.1960784	
  .0001354	-3.921569E-02	-.1960784	
  .0001355	 .1176471	-.1960784	
  .0001356	 .1176471	-.2745098	
  .0001357	 .1176471	-.1960784	
  .0001358	 3.921569E-02	-.2745098	
  .0001359	 3.921569E-02	-.1960784	
  .000136	 .1176471	-.1176471	
  .0001361	 .1176471	-.2745098	
  .0001362	 .1176471	-.1960784	
  .0001363	 .1176471	-3.921569E-02	
  .0001364	 .1176471	-.2745098	
  .0001365	 .1176471	-.1960784	
  .0001366	-3.921569E-02	-.1176471	
  .0001367	 .1176471	-.2745098	
  .0001368	 .1176471	-.2745098	
  .0001369	 3.921569E-02	-.2745098	
  .000137	 .1176471	-.1960784	
  .0001371	 .1176471	-.2745098	
  .0001372	 .1176471	-.1960784	
  .0001373	 .1176471	-.2745098	
  .0001374	 3.921569E-02	-.1960784	
  .0001375	 .1176471	-.1960784	
  .0001376	 .1176471	-.1960784	
  .0001377	 3.921569E-02	-.1176471	
  .0001378	 .1176471	-.2745098	
  .0001379	 .1176471	-.1960784	
  .000138	 .1176471	-.1960784	
  .0001381	 3.921569E-02	-.2745098	
  .0001382	 .1176471	-.1960784	
  .0001383	 .1176471	-.1960784	
  .0001384	 .1960784	-.1960784	
  .0001385	 .1176471	-.1960784	
  .0001386	 .1176471	-.1960784	
  .0001387	 3.921569E-02	-.2745098	
  .0001388	 .1176471	-.2745098	
  .0001389	 .1176471	-.2745098	
  .000139	 3.921569E-02	-.1960784	
  .0001391	 .1176471	-3.921569E-02	
  .0001392	 3.921569E-02	-.1960784	
  .0001393	 3.921569E-02	-.1960784	
  .0001394	 .1176471	-.1960784	
  .0001395	 .1960784	-.1960784	
  .0001396	 .1960784	-.2745098	
  .0001397	 .1176471	-.1960784	
  .0001398	 .1176471	-.1960784	
  .0001399	 3.921569E-02	-.1960784	
  .00014	 .1960784	-.1176471	
  .0001401	 3.921569E-02	-.2745098	
  .0001402	 3.921569E-02	-.1960784	
  .0001403	 .1176471	-.1960784	
  .0001404	 .1176471	-.2745098	
  .0001405	 .1960784	-.1960784	
  .0001406	 .1176471	-.1960784	
  .0001407	 .1176471	-.1960784	
  .0001408	 .1960784	-.1960784	
  .0001409	 .1960784	-.1176471	
  .000141	 .1176471	-.1960784	
  .0001411	 .1176471	-.1960784	
  .0001412	 .1176471	-.1960784	
  .0001413	 3.921569E-02	-.1960784	
  .0001414	 .1176471	-.1960784	
  .0001415	 .1176471	-.1176471	
  .0001416	 .1176471	-.1960784	
  .0001417	 3.921569E-02	-.1960784	
  .0001418	 .1176471	-.2745098	
  .0001419	 .1176471	-.1960784	
  .000142	 .1176471	-.1960784	
  .0001421	 .1176471	-.1960784	
  .0001422	 .1176471	-.2745098	
  .0001423	 3.921569E-02	-.1960784	
  .0001424	 .1176471	-.1176471	
  .0001425	 3.921569E-02	-.1176471	
  .0001426	 3.921569E-02	-.1960784	
  .0001427	 .1176471	-.1960784	
  .0001428	 .1176471	-.1960784	
  .0001429	 .1176471	-.1176471	
  .000143	 .1176471	-.1960784	
  .0001431	 .1176471	-.1960784	
  .0001432	 .1176471	-.1960784	
  .0001433	 .1176471	-.2745098	
  .0001434	 .1176471	-.2745098	
  .0001435	 .1176471	-.2745098	
  .0001436	 3.921569E-02	-.1960784	
  .0001437	 3.921569E-02	-.1960784	
  .0001438	-3.921569E-02	-.2745098	
  .0001439	 3.921569E-02	-.1960784	
  .000144	 3.921569E-02	-.1176471	
  .0001441	 .1960784	-.1176471	
  .0001442	 .1176471	-.1176471	
  .0001443	 .1176471	-.1176471	
  .0001444	 3.921569E-02	-.1960784	
  .0001445	 .1176471	-.1960784	
  .0001446	 .1176471	-.1960784	
  .0001447	 .1176471	-.1960784	
  .0001448	 3.921569E-02	-.1176471	
  .0001449	 .1176471	-.1176471	
  .000145	 3.921569E-02	-.1960784	
  .0001451	 3.921569E-02	-.1176471	
  .0001452	 .1176471	-.1176471	
  .0001453	-3.921569E-02	-.1960784	
  .0001454	 .1176471	-.1960784	
  .0001455	 3.921569E-02	-.1176471	
  .0001456	 3.921569E-02	-.1176471	
  .0001457	 .1176471	-.1960784	
  .0001458	 .1176471	-.1960784	
  .0001459	 .1176471	-.1176471	
  .000146	 .1960784	-.1960784	
  .0001461	 .1176471	-.1176471	
  .0001462	 3.921569E-02	-3.921569E-02	
  .0001463	 .1176471	-.1176471	
  .0001464	 .1176471	-.1176471	
  .0001465	-3.921569E-02	-.1176471	
  .0001466	 .1176471	-.1176471	
  .0001467	 .1176471	-.1960784	
  .0001468	 3.921569E-02	-.1960784	
  .0001469	 3.921569E-02	-.1960784	
  .000147	 .1176471	-.1960784	
  .0001471	 .1176471	-.1176471	
  .0001472	 3.921569E-02	-.1960784	
  .0001473	 3.921569E-02	-.1176471	
  .0001474	 .1960784	-.1176471	
  .0001475	 3.921569E-02	-3.921569E-02	
  .0001476	 3.921569E-02	-.1176471	
  .0001477	 .1176471	-.1960784	
  .0001478	 .1176471	-.1960784	
  .0001479	 .1176471	-.1960784	
  .000148	 .1960784	-.1176471	
  .0001481	 .1176471	-.1176471	
  .0001482	 .1176471	-.1960784	
  .0001483	 .1960784	-.1960784	
  .0001484	 .1176471	-.1176471	
  .0001485	 .1176471	-.1176471	
  .0001486	 .1176471	-.1176471	
  .0001487	 .1176471	-.1960784	
  .0001488	 .1176471	-.1960784	
  .0001489	 3.921569E-02	-.1176471	
  .000149	 .1960784	-3.921569E-02	
  .0001491	 .1176471	-3.921569E-02	
  .0001492	 .1176471	-.1176471	
  .0001493	 .1176471	-.1960784	
  .0001494	 .1960784	-.1176471	
  .0001495	 .1960784	-.2745098	
  .0001496	 3.921569E-02	-.1176471	
  .0001497	 .1176471	-.1176471	
  .0001498	 .1176471	-.1176471	
  .0001499	 .1176471	-3.921569E-02	
  .00015	 3.921569E-02	-.1176471	
  .0001501	 .1176471	-3.921569E-02	
  .0001502	 .1176471	-.1960784	
  .0001503	 .1176471	-.1960784	
  .0001504	 .1960784	-.1960784	
  .0001505	 .1176471	-.1176471	
  .0001506	 .1176471	-.1176471	
  .0001507	 .1960784	-3.921569E-02	
  .0001508	 .1960784	-3.921569E-02	
  .0001509	 .1176471	-.1176471	
  .000151	 .1176471	-.1176471	
  .0001511	 .1960784	-.1176471	
  .0001512	 .1176471	-.1176471	
  .0001513	 .1176471	-.1176471	
  .0001514	 .1176471	-.1176471	
  .0001515	 3.921569E-02	-.1960784	
  .0001516	 .1176471	-.1176471	
  .0001517	 .1176471	-.1176471	
  .0001518	 .1176471	-.1176471	
  .0001519	 .1176471	-.1960784	
  .000152	 .1176471	-.1960784	
  .0001521	 .1176471	-.1176471	
  .0001522	 3.921569E-02	-.1176471	
  .0001523	 .1960784	-3.921569E-02	
  .0001524	 .1176471	-3.921569E-02	
  .0001525	 3.921569E-02	-3.921569E-02	
  .0001526	 .1176471	-.1176471	
  .0001527	 .1176471	-.1176471	
  .0001528	 .1960784	-.1176471	
  .0001529	 .1176471	-.1176471	
  .000153	 .1176471	-.1176471	
  .0001531	 .1176471	-.1176471	
  .0001532	 .1960784	-3.921569E-02	
  .0001533	 .1176471	-.1176471	
  .0001534	 3.921569E-02	-.1176471	
  .0001535	 .1176471	-.1176471	
  .0001536	 3.921569E-02	-.1176471	
  .0001537	 .1176471	-.1176471	
  .0001538	 .1176471	-.1176471	
  .0001539	 3.921569E-02	-3.921569E-02	
  .000154	 .1176471	-.1176471	
  .0001541	 .1176471	-.1176471	
  .0001542	 .1176471	-3.921569E-02	
  .0001543	 .1176471	-3.921569E-02	
  .0001544	 .1960784	-3.921569E-02	
  .0001545	 .1176471	-3.921569E-02	
  .0001546	 .1960784	-3.921569E-02	
  .0001547	 .1176471	-3.921569E-02	
  .0001548	 .1176471	-.1176471	
  .0001549	 .1176471	-.1176471	
  .000155	 .1176471	-3.921569E-02	
  .0001551	 .1176471	-3.921569E-02	
  .0001552	 .1176471	-.1176471	
  .0001553	 3.921569E-02	-.1176471	
  .0001554	 .1176471	-.1176471	
  .0001555	 .1176471	-3.921569E-02	
  .0001556	 3.921569E-02	-3.921569E-02	
  .0001557	 .1176471	-3.921569E-02	
  .0001558	 .1176471	-3.921569E-02	
  .0001559	 .1176471	-.1176471	
  .000156	 3.921569E-02	-3.921569E-02	
  .0001561	 .1176471	 3.921569E-02	
  .0001562	 .1960784	-3.921569E-02	
  .0001563	 .1176471	 3.921569E-02	
  .0001564	 .1176471	-3.921569E-02	
  .0001565	 .1176471	-.1176471	
  .0001566	 .1176471	-.1176471	
  .0001567	 .1176471	-.1176471	
  .0001568	 .1960784	-.1176471	
  .0001569	 .1176471	-3.921569E-02	
  .000157	 3.921569E-02	-.1176471	
  .0001571	 .1176471	-.1176471	
  .0001572	 .1176471	-3.921569E-02	
  .0001573	 .1176471	-3.921569E-02	
  .0001574	 3.921569E-02	 3.921569E-02	
  .0001575	 .1176471	 3.921569E-02	
  .0001576	 .1176471	-.1176471	
  .0001577	 .1176471	-3.921569E-02	
  .0001578	 .1176471	-3.921569E-02	
  .0001579	 .1176471	-3.921569E-02	
  .000158	 .1176471	-3.921569E-02	
  .0001581	 .1960784	-.1176471	
  .0001582	 .1960784	-.1176471	
  .0001583	 .1176471	-.1176471	
  .0001584	 .1960784	-3.921569E-02	
  .0001585	 .1176471	-3.921569E-02	
  .0001586	 .1960784	-.1176471	
  .0001587	 .1176471	-3.921569E-02	
  .0001588	 3.921569E-02	-3.921569E-02	
  .0001589	 .1960784	 3.921569E-02	
  .000159	 .1176471	-3.921569E-02	
  .0001591	 .1176471	-3.921569E-02	
  .0001592	 .1176471	-3.921569E-02	
  .0001593	 .1960784	-3.921569E-02	
  .0001594	 .1960784	-3.921569E-02	
  .0001595	 .1176471	-3.921569E-02	
  .0001596	 .1176471	-3.921569E-02	
  .0001597	 .1176471	-3.921569E-02	
  .0001598	 .1960784	 3.921569E-02	
  .0001599	 .1176471	-3.921569E-02	
  .00016	 3.921569E-02	-3.921569E-02	
  .0001601	 .1176471	-.1176471	
  .0001602	 3.921569E-02	-.1176471	
  .0001603	 .1176471	-.1176471	
  .0001604	 3.921569E-02	-3.921569E-02	
  .0001605	 3.921569E-02	 3.921569E-02	
  .0001606	 .1176471	 3.921569E-02	
  .0001607	 .1176471	 3.921569E-02	
  .0001608	 .1176471	-3.921569E-02	
  .0001609	 .1176471	-3.921569E-02	
  .000161	 .1176471	-3.921569E-02	
  .0001611	 .1960784	 3.921569E-02	
  .0001612	 .1176471	-3.921569E-02	
  .0001613	 .1176471	-3.921569E-02	
  .0001614	 .1960784	-3.921569E-02	
  .0001615	 .1176471	-3.921569E-02	
  .0001616	 .1176471	-3.921569E-02	
  .0001617	 .1176471	-3.921569E-02	
  .0001618	 .1176471	-3.921569E-02	
  .0001619	 .1176471	-3.921569E-02	
  .000162	 .1960784	-3.921569E-02	
  .0001621	 3.921569E-02	-3.921569E-02	
  .0001622	 .1960784	 3.921569E-02	
  .0001623	 .1176471	 3.921569E-02	
  .0001624	 .1176471	 3.921569E-02	
  .0001625	 .1176471	-3.921569E-02	
  .0001626	 .1176471	-3.921569E-02	
  .0001627	 .1176471	-3.921569E-02	
  .0001628	 .1176471	 3.921569E-02	
  .0001629	 3.921569E-02	-3.921569E-02	
  .000163	 .1176471	-3.921569E-02	
  .0001631	 .1960784	-.1176471	
  .0001632	 .1176471	-3.921569E-02	
  .0001633	 .1176471	-3.921569E-02	
  .0001634	 .1176471	 3.921569E-02	
  .0001635	 .1176471	-3.921569E-02	
  .0001636	 3.921569E-02	-.1176471	
  .0001637	 .1176471	-3.921569E-02	
  .0001638	 .1176471	 3.921569E-02	
  .0001639	 .1176471	 3.921569E-02	
  .000164	 .1176471	 3.921569E-02	
  .0001641	 3.921569E-02	 3.921569E-02	
  .0001642	 .1176471	-.1176471	
  .0001643	 3.921569E-02	-3.921569E-02	
  .0001644	 .1176471	 3.921569E-02	
  .0001645	 .1176471	-3.921569E-02	
  .0001646	 3.921569E-02	 3.921569E-02	
  .0001647	 .1176471	-3.921569E-02	
  .0001648	 .1176471	-3.921569E-02	
  .0001649	 3.921569E-02	 3.921569E-02	
  .000165	 .1176471	 3.921569E-02	
  .0001651	 .1176471	-.1176471	
  .0001652	 .1176471	-3.921569E-02	
  .0001653	 .1176471	-3.921569E-02	
  .0001654	 3.921569E-02	 3.921569E-02	
  .0001655	 .1176471	-3.921569E-02	
  .0001656	 3.921569E-02	 3.921569E-02	
  .0001657	 .1176471	 .1176471	
  .0001658	 .1960784	-3.921569E-02	
  .0001659	 .1176471	 .1176471	
  .000166	 .1176471	 .1176471	
  .0001661	 .1176471	 3.921569E-02	
  .0001662	 .1960784	 3.921569E-02	
  .0001663	 .1176471	-3.921569E-02	
  .0001664	 .1176471	-3.921569E-02	
  .0001665	 3.921569E-02	-3.921569E-02	
  .0001666	 3.921569E-02	 3.921569E-02	
  .0001667	 .1176471	-3.921569E-02	
  .0001668	 .1176471	 3.921569E-02	
  .0001669	 .1176471	-3.921569E-02	
  .000167	 .1176471	 3.921569E-02	
  .0001671	 3.921569E-02	 .1176471	
  .0001672	 .1960784	 3.921569E-02	
  .0001673	 3.921569E-02	 3.921569E-02	
  .0001674	 .1176471	 .1176471	
  .0001675	 3.921569E-02	-3.921569E-02	
  .0001676	 .1176471	 .1176471	
  .0001677	 .1176471	-3.921569E-02	
  .0001678	 .1176471	 3.921569E-02	
  .0001679	 .1176471	 3.921569E-02	
  .000168	 .1176471	-3.921569E-02	
  .0001681	 .1176471	 3.921569E-02	
  .0001682	 .1176471	-3.921569E-02	
  .0001683	 .1176471	 3.921569E-02	
  .0001684	 3.921569E-02	-3.921569E-02	
  .0001685	 3.921569E-02	-3.921569E-02	
  .0001686	 .1960784	-3.921569E-02	
  .0001687	 3.921569E-02	 3.921569E-02	
  .0001688	 3.921569E-02	 .1176471	
  .0001689	 3.921569E-02	 3.921569E-02	
  .000169	 3.921569E-02	 .1176471	
  .0001691	 .1176471	 3.921569E-02	
  .0001692	 .1960784	 3.921569E-02	
  .0001693	 .1176471	 3.921569E-02	
  .0001694	 .1176471	-3.921569E-02	
  .0001695	 .1176471	 3.921569E-02	
  .0001696	 .1176471	 3.921569E-02	
  .0001697	 .1176471	 .1176471	
  .0001698	 3.921569E-02	 3.921569E-02	
  .0001699	 3.921569E-02	 .1176471	
  .00017	 3.921569E-02	-3.921569E-02	
  .0001701	 .1176471	 3.921569E-02	
  .0001702	 .1960784	 3.921569E-02	
  .0001703	 3.921569E-02	 .1176471	
  .0001704	 .1176471	 3.921569E-02	
  .0001705	 .1176471	 .1176471	
  .0001706	 .1176471	 3.921569E-02	
  .0001707	 .1176471	 3.921569E-02	
  .0001708	 .1176471	 3.921569E-02	
  .0001709	 .1176471	 .1176471	
  .000171	 3.921569E-02	 .1176471	
  .0001711	 .1176471	 3.921569E-02	
  .0001712	 .1176471	 3.921569E-02	
  .0001713	 .1176471	 3.921569E-02	
  .0001714	 3.921569E-02	-3.921569E-02	
  .0001715	 .1176471	 3.921569E-02	
  .0001716	 .1176471	-3.921569E-02	
  .0001717	 .1176471	-3.921569E-02	
  .0001718	 3.921569E-02	 3.921569E-02	
  .0001719	 .1960784	 3.921569E-02	
  .000172	 3.921569E-02	-3.921569E-02	
  .0001721	 .1176471	 3.921569E-02	
  .0001722	 3.921569E-02	 3.921569E-02	
  .0001723	-3.921569E-02	 .1176471	
  .0001724	 3.921569E-02	-3.921569E-02	
  .0001725	 .1176471	 3.921569E-02	
  .0001726	 .1176471	 .1176471	
  .0001727	 3.921569E-02	 3.921569E-02	
  .0001728	 .1176471	 .1176471	
  .0001729	 .1176471	 3.921569E-02	
  .000173	 3.921569E-02	 3.921569E-02	
  .0001731	 3.921569E-02	 3.921569E-02	
  .0001732	 .1176471	 3.921569E-02	
  .0001733	 3.921569E-02	 3.921569E-02	
  .0001734	 .1176471	-3.921569E-02	
  .0001735	 3.921569E-02	 3.921569E-02	
  .0001736	 3.921569E-02	 .1176471	
  .0001737	 .1176471	 3.921569E-02	
  .0001738	 .1176471	 .1176471	
  .0001739	 3.921569E-02	 .1176471	
  .000174	 3.921569E-02	 3.921569E-02	
  .0001741	 3.921569E-02	 3.921569E-02	
  .0001742	 3.921569E-02	 3.921569E-02	
  .0001743	 .1176471	 3.921569E-02	
  .0001744	 .1176471	 3.921569E-02	
  .0001745	 .1176471	 .1176471	
  .0001746	 .1176471	 3.921569E-02	
  .0001747	 3.921569E-02	 3.921569E-02	
  .0001748	 3.921569E-02	 3.921569E-02	
  .0001749	 .1176471	 3.921569E-02	
  .000175	 3.921569E-02	 3.921569E-02	
  .0001751	 .1176471	 3.921569E-02	
  .0001752	 3.921569E-02	 .1176471	
  .0001753	 3.921569E-02	 .1176471	
  .0001754	 3.921569E-02	 3.921569E-02	
  .0001755	 .1176471	 .2745098	
  .0001756	 3.921569E-02	 .1960784	
  .0001757	 .1176471	 .1176471	
  .0001758	 3.921569E-02	 .2745098	
  .0001759	 .1176471	 .2745098	
  .000176	 .1176471	 .1960784	
  .0001761	 3.921569E-02	 .2745098	
  .0001762	 .1176471	 .1960784	
  .0001763	 .1176471	 .2745098	
  .0001764	 3.921569E-02	 .1960784	
  .0001765	-3.921569E-02	 .2745098	
  .0001766	 .1176471	 .2745098	
  .0001767	 3.921569E-02	 .2745098	
  .0001768	 3.921569E-02	 .1960784	
  .0001769	 3.921569E-02	 .2745098	
  .000177	 .1176471	 .3529412	
  .0001771	 .1960784	 .3529412	
  .0001772	-3.921569E-02	 .3529412	
  .0001773	 3.921569E-02	 .4313726	
  .0001774	 3.921569E-02	 .2745098	
  .0001775	 3.921569E-02	 .3529412	
  .0001776	 .1176471	 .2745098	
  .0001777	 .1176471	 .3529412	
  .0001778	 3.921569E-02	 .2745098	
  .0001779	 3.921569E-02	 .3529412	
  .000178	 3.921569E-02	 .2745098	
  .0001781	 .1176471	 .3529412	
  .0001782	 .1176471	 .3529412	
  .0001783	 3.921569E-02	 .3529412	
  .0001784	 3.921569E-02	 .2745098	
  .0001785	 .1176471	 .2745098	
  .0001786	 .1176471	 .3529412	
  .0001787	 .1176471	 .4313726	
  .0001788	 3.921569E-02	 .3529412	
  .0001789	 3.921569E-02	 .3529412	
  .000179	 3.921569E-02	 .2745098	
  .0001791	 .1176471	 .3529412	
  .0001792	 .1176471	 .2745098	
  .0001793	 3.921569E-02	 .3529412	
  .0001794	 .1176471	 .2745098	
  .0001795	 .1176471	 .3529412	
  .0001796	 .1176471	 .4313726	
  .0001797	 3.921569E-02	 .2745098	
  .0001798	 3.921569E-02	 .3529412	
  .0001799	 .1176471	 .3529412	
  .00018	 3.921569E-02	 .3529412	
  .0001801	 .1176471	 .3529412	
  .0001802	 3.921569E-02	 .3529412	
  .0001803	 3.921569E-02	 .3529412	
  .0001804	 3.921569E-02	 .4313726	
  .0001805	 .1176471	 .3529412	
  .0001806	 3.921569E-02	 .2745098	
  .0001807	 .1176471	 .3529412	
  .0001808	 3.921569E-02	 .4313726	
  .0001809	 3.921569E-02	 .3529412	
  .000181	 3.921569E-02	 .3529412	
  .0001811	 .1176471	 .4313726	
  .0001812	 .1176471	 .3529412	
  .0001813	 .1176471	 .3529412	
  .0001814	 .1176471	 .2745098	
  .0001815	 3.921569E-02	 .3529412	
  .0001816	 3.921569E-02	 .2745098	
  .0001817	 .1176471	 .3529412	
  .0001818	 .1176471	 .3529412	
  .0001819	 3.921569E-02	 .3529412	
  .000182	 .1176471	 .3529412	
  .0001821	 .1176471	 .3529412	
  .0001822	 3.921569E-02	 .3529412	
  .0001823	 3.921569E-02	 .3529412	
  .0001824	-3.921569E-02	 .3529412	
  .0001825	 .1176471	 .2745098	
  .0001826	-3.921569E-02	 .3529412	
  .0001827	 .1176471	 .3529412	
  .0001828	 3.921569E-02	 .3529412	
  .0001829	 .1176471	 .3529412	
  .000183	 .1176471	 .3529412	
  .0001831	 3.921569E-02	 .2745098	
  .0001832	 .1176471	 .3529412	
  .0001833	 3.921569E-02	 .2745098	
  .0001834	 3.921569E-02	 .3529412	
  .0001835	 .1176471	 .4313726	
  .0001836	 3.921569E-02	 .3529412	
  .0001837	 3.921569E-02	 .3529412	
  .0001838	 .1176471	 .3529412	
  .0001839	 .1176471	 .3529412	
  .000184	 3.921569E-02	 .3529412	
  .0001841	 3.921569E-02	 .3529412	
  .0001842	 3.921569E-02	 .3529412	
  .0001843	 3.921569E-02	 .3529412	
  .0001844	 3.921569E-02	 .3529412	
  .0001845	 3.921569E-02	 .3529412	
  .0001846	 3.921569E-02	 .2745098	
  .0001847	 3.921569E-02	 .3529412	
  .0001848	 3.921569E-02	 .3529412	
  .0001849	 3.921569E-02	 .2745098	
  .000185	 3.921569E-02	 .3529412	
  .0001851	 .1176471	 .2745098	
  .0001852	 .1176471	 .4313726	
  .0001853	 3.921569E-02	 .3529412	
  .0001854	-3.921569E-02	 .4313726	
  .0001855	 3.921569E-02	 .4313726	
  .0001856	 .1176471	 .3529412	
  .0001857	 .1176471	 .4313726	
  .0001858	-3.921569E-02	 .4313726	
  .0001859	 .1176471	 .3529412	
  .000186	 3.921569E-02	 .3529412	
  .0001861	 .1176471	 .3529412	
  .0001862	 .1176471	 .3529412	
  .0001863	 3.921569E-02	 .2745098	
  .0001864	 3.921569E-02	 .2745098	
  .0001865	 3.921569E-02	 .3529412	
  .0001866	 3.921569E-02	 .3529412	
  .0001867	 3.921569E-02	 .3529412	
  .0001868	 .1176471	 .3529412	
  .0001869	 .1176471	 .3529412	
  .000187	 .1176471	 .4313726	
  .0001871	-3.921569E-02	 .4313726	
  .0001872	 3.921569E-02	 .4313726	
  .0001873	 3.921569E-02	 .3529412	
  .0001874	 3.921569E-02	 .3529412	
  .0001875	 3.921569E-02	 .4313726	
  .0001876	 3.921569E-02	 .3529412	
  .0001877	 3.921569E-02	 .3529412	
  .0001878	 3.921569E-02	 .3529412	
  .0001879	 .1176471	 .2745098	
  .000188	 .1176471	 .2745098	
  .0001881	 .1176471	 .3529412	
  .0001882	 3.921569E-02	 .3529412	
  .0001883	 .1176471	 .3529412	
  .0001884	 .1176471	 .3529412	
  .0001885	 3.921569E-02	 .4313726	
  .0001886	 3.921569E-02	 .4313726	
  .0001887	 3.921569E-02	 .3529412	
  .0001888	 3.921569E-02	 .4313726	
  .0001889	 .1176471	 .3529412	
  .000189	 .1176471	 .3529412	
  .0001891	 3.921569E-02	 .3529412	
  .0001892	 3.921569E-02	 .3529412	
  .0001893	 .1176471	 .2745098	
  .0001894	 3.921569E-02	 .3529412	
  .0001895	 3.921569E-02	 .3529412	
  .0001896	 3.921569E-02	 .2745098	
  .0001897	 3.921569E-02	 .3529412	
  .0001898	 3.921569E-02	 .2745098	
  .0001899	 3.921569E-02	 .2745098	
  .00019	 .1176471	 .2745098	
  .0001901	 3.921569E-02	 .3529412	
  .0001902	 3.921569E-02	 .3529412	
  .0001903	 3.921569E-02	 .3529412	
  .0001904	 3.921569E-02	 .3529412	
  .0001905	 3.921569E-02	 .3529412	
  .0001906	 3.921569E-02	 .3529412	
  .0001907	 3.921569E-02	 .3529412	
  .0001908	 3.921569E-02	 .3529412	
  .0001909	 3.921569E-02	 .3529412	
  .000191	 .1176471	 .3529412	
  .0001911	 3.921569E-02	 .3529412	
  .0001912	 .1176471	 .2745098	
  .0001913	 3.921569E-02	 .3529412	
  .0001914	-3.921569E-02	 .3529412	
  .0001915	 3.921569E-02	 .2745098	
  .0001916	 3.921569E-02	 .2745098	
  .0001917	 .1176471	 .2745098	
  .0001918	-3.921569E-02	 .2745098	
  .0001919	 .1176471	 .3529412	
  .000192	 3.921569E-02	 .3529412	
  .0001921	 3.921569E-02	 .3529412	
  .0001922	 3.921569E-02	 .3529412	
  .0001923	 3.921569E-02	 .3529412	
  .0001924	 .1176471	 .4313726	
  .0001925	 .1176471	 .3529412	
  .0001926	 .1176471	 .3529412	
  .0001927	 .1176471	 .3529412	
  .0001928	 .1176471	 .3529412	
  .0001929	 3.921569E-02	 .2745098	
  .000193	 3.921569E-02	 .3529412	
  .0001931	 3.921569E-02	 .4313726	
  .0001932	 3.921569E-02	 .2745098	
  .0001933	 3.921569E-02	 .3529412	
  .0001934	 3.921569E-02	 .2745098	
  .0001935	 3.921569E-02	 .3529412	
  .0001936	 .1176471	 .3529412	
  .0001937	-3.921569E-02	 .3529412	
  .0001938	 .1176471	 .3529412	
  .0001939	 3.921569E-02	 .2745098	
  .000194	 3.921569E-02	 .3529412	
  .0001941	 3.921569E-02	 .3529412	
  .0001942	 .1176471	 .2745098	
  .0001943	 3.921569E-02	 .3529412	
  .0001944	 .1176471	 .2745098	
  .0001945	 3.921569E-02	 .3529412	
  .0001946	-3.921569E-02	 .3529412	
  .0001947	 3.921569E-02	 .3529412	
  .0001948	 .1176471	 .2745098	
  .0001949	 3.921569E-02	 .2745098	
  .000195	 3.921569E-02	 .3529412	
  .0001951	 3.921569E-02	 .3529412	
  .0001952	 3.921569E-02	 .3529412	
  .0001953	 3.921569E-02	 .4313726	
  .0001954	 .1176471	 .4313726	
  .0001955	 3.921569E-02	 .2745098	
  .0001956	 3.921569E-02	 .3529412	
  .0001957	 3.921569E-02	 .4313726	
  .0001958	 .1176471	 .3529412	
  .0001959	 .1176471	 .3529412	
  .000196	-3.921569E-02	 .2745098	
  .0001961	 3.921569E-02	 .3529412	
  .0001962	 3.921569E-02	 .2745098	
  .0001963	 3.921569E-02	 .2745098	
  .0001964	 3.921569E-02	 .2745098	
  .0001965	 3.921569E-02	 .2745098	
  .0001966	 3.921569E-02	 .2745098	
  .0001967	 3.921569E-02	 .3529412	
  .0001968	 3.921569E-02	 .3529412	
  .0001969	 .1176471	 .3529412	
  .000197	 3.921569E-02	 .2745098	
  .0001971	 3.921569E-02	 .3529412	
  .0001972	 3.921569E-02	 .3529412	
  .0001973	 3.921569E-02	 .3529412	
  .0001974	 3.921569E-02	 .3529412	
  .0001975	 3.921569E-02	 .3529412	
  .0001976	 3.921569E-02	 .2745098	
  .0001977	 3.921569E-02	 .2745098	
  .0001978	 .1176471	 .3529412	
  .0001979	 3.921569E-02	 .2745098	
  .000198	 3.921569E-02	 .2745098	
  .0001981	-3.921569E-02	 .2745098	
  .0001982	 3.921569E-02	 .2745098	
  .0001983	 3.921569E-02	 .2745098	
  .0001984	 3.921569E-02	 .2745098	
  .0001985	 3.921569E-02	 .4313726	
  .0001986	 3.921569E-02	 .4313726	
  .0001987	 3.921569E-02	 .3529412	
  .0001988	 3.921569E-02	 .3529412	
  .0001989	 .1176471	 .3529412	
  .000199	 .1176471	 .3529412	
  .0001991	 3.921569E-02	 .3529412	
  .0001992	 3.921569E-02	 .2745098	
  .0001993	 3.921569E-02	 .2745098	
  .0001994	 .1176471	 .4313726	
  .0001995	 3.921569E-02	 .2745098	
  .0001996	 3.921569E-02	 .2745098	
  .0001997	 .1176471	 .2745098	
  .0001998	 3.921569E-02	 .2745098	
  .0001999	 3.921569E-02	 .2745098	
  .0002	 .1176471	 .2745098	
  .0002001	 3.921569E-02	 .3529412	
  .0002002	 .1176471	 .3529412	
  .0002003	 .1176471	 .3529412	
  .0002004	 3.921569E-02	 .2745098	
  .0002005	 3.921569E-02	 .2745098	
  .0002006	 3.921569E-02	 .2745098	
  .0002007	 3.921569E-02	 .3529412	
  .0002008	 3.921569E-02	 .3529412	
  .0002009	 .1176471	 .3529412	
  .000201	 3.921569E-02	 .2745098	
  .0002011	 .1176471	 .3529412	
  .0002012	 .1176471	 .2745098	
  .0002013	 3.921569E-02	 .2745098	
  .0002014	 3.921569E-02	 .2745098	
  .0002015	-3.921569E-02	 .2745098	
  .0002016	 3.921569E-02	 .1960784	
  .0002017	 3.921569E-02	 .2745098	
  .0002018	 .1176471	 .3529412	
  .0002019	 3.921569E-02	 .4313726	
  .000202	-3.921569E-02	 .3529412	
  .0002021	 3.921569E-02	 .1960784	
  .0002022	-3.921569E-02	 .3529412	
  .0002023	 .1176471	 .3529412	
  .0002024	 .1176471	 .3529412	
  .0002025	 3.921569E-02	 .3529412	
  .0002026	 .1176471	 .2745098	
  .0002027	 .1176471	 .3529412	
  .0002028	 3.921569E-02	 .2745098	
  .0002029	 3.921569E-02	 .2745098	
  .000203	 3.921569E-02	 .2745098	
  .0002031	 3.921569E-02	 .2745098	
  .0002032	 3.921569E-02	 .2745098	
  .0002033	 3.921569E-02	 .3529412	
  .0002034	 3.921569E-02	 .3529412	
  .0002035	 .1176471	 .2745098	
  .0002036	 3.921569E-02	 .3529412	
  .0002037	 3.921569E-02	 .3529412	
  .0002038	 3.921569E-02	 .3529412	
  .0002039	 3.921569E-02	 .3529412	
  .000204	 3.921569E-02	 .2745098	
  .0002041	 .1176471	 .3529412	
  .0002042	 .1176471	 .4313726	
  .0002043	 3.921569E-02	 .2745098	
  .0002044	 3.921569E-02	 .2745098	
  .0002045	 3.921569E-02	 .3529412	
  .0002046	 .1176471	 .3529412	
  .0002047	 3.921569E-02	 .3529412	
  .0002048	 .1176471	 .2745098	
  .0002049	 .1176471	 .3529412	
  .000205	 3.921569E-02	 .3529412	
  .0002051	 .1176471	 .2745098	
  .0002052	 3.921569E-02	 .3529412	
  .0002053	 .1176471	 .3529412	
  .0002054	 3.921569E-02	 .2745098	
  .0002055	 .1176471	 .3529412	
  .0002056	 3.921569E-02	 .3529412	
  .0002057	 .1176471	 .2745098	
  .0002058	 .1176471	 .2745098	
  .0002059	 3.921569E-02	 .2745098	
  .000206	 3.921569E-02	 .2745098	
  .0002061	 3.921569E-02	 .1960784	
  .0002062	-3.921569E-02	 .2745098	
  .0002063	 3.921569E-02	 .3529412	
  .0002064	 .1176471	 .2745098	
  .0002065	-3.921569E-02	 .1960784	
  .0002066	 3.921569E-02	 .2745098	
  .0002067	 3.921569E-02	 .2745098	
  .0002068	 3.921569E-02	 .2745098	
  .0002069	-3.921569E-02	 .3529412	
  .000207	 3.921569E-02	 .3529412	
  .0002071	 3.921569E-02	 .3529412	
  .0002072	 3.921569E-02	 .2745098	
  .0002073	 3.921569E-02	 .2745098	
  .0002074	 .1176471	 .3529412	
  .0002075	 3.921569E-02	 .2745098	
  .0002076	 .1176471	 .1960784	
  .0002077	 3.921569E-02	 .1960784	
  .0002078	 3.921569E-02	 .2745098	
  .0002079	-3.921569E-02	 .2745098	
  .000208	 3.921569E-02	 .2745098	
  .0002081	 .1176471	 .2745098	
  .0002082	 3.921569E-02	 .2745098	
  .0002083	 3.921569E-02	 .2745098	
  .0002084	 3.921569E-02	 .3529412	
  .0002085	 3.921569E-02	 .2745098	
  .0002086	 3.921569E-02	 .3529412	
  .0002087	 3.921569E-02	 .2745098	
  .0002088	 .1960784	 .2745098	
  .0002089	 .1960784	 .2745098	
  .000209	 .1176471	 .2745098	
  .0002091	 .1176471	 .1960784	
  .0002092	 3.921569E-02	 .3529412	
  .0002093	 3.921569E-02	 .3529412	
  .0002094	 3.921569E-02	 .1960784	
  .0002095	 3.921569E-02	 .2745098	
  .0002096	 3.921569E-02	 .1960784	
  .0002097	 3.921569E-02	 .2745098	
  .0002098	 3.921569E-02	 .1960784	
  .0002099	 3.921569E-02	 .2745098	
  .00021	 3.921569E-02	 .3529412	
  .0002101	 .1176471	 .2745098	
  .0002102	 .1176471	 .2745098	
  .0002103	 3.921569E-02	 .2745098	
  .0002104	 3.921569E-02	 .2745098	
  .0002105	 3.921569E-02	 .2745098	
  .0002106	 3.921569E-02	 .2745098	
  .0002107	 3.921569E-02	 .2745098	
  .0002108	 .1176471	 .2745098	
  .0002109	 .1176471	 .2745098	
  .000211	 3.921569E-02	 .2745098	
  .0002111	-3.921569E-02	 .1960784	
  .0002112	 3.921569E-02	 .1960784	
  .0002113	 3.921569E-02	 .1960784	
  .0002114	-3.921569E-02	 .2745098	
  .0002115	 3.921569E-02	 .1960784	
  .0002116	-3.921569E-02	 .1960784	
  .0002117	 3.921569E-02	 .2745098	
  .0002118	 3.921569E-02	 .2745098	
  .0002119	 3.921569E-02	 .2745098	
  .000212	 3.921569E-02	 .1960784	
  .0002121	-3.921569E-02	 .1960784	
  .0002122	 3.921569E-02	 .1960784	
  .0002123	 3.921569E-02	 .2745098	
  .0002124	 3.921569E-02	 .2745098	
  .0002125	 .1176471	 .2745098	
  .0002126	 3.921569E-02	 .1960784	
  .0002127	 3.921569E-02	 .1960784	
  .0002128	 3.921569E-02	 .1960784	
  .0002129	 3.921569E-02	 .2745098	
  .000213	 3.921569E-02	 .1960784	
  .0002131	-3.921569E-02	 .1960784	
  .0002132	-3.921569E-02	 .3529412	
  .0002133	 3.921569E-02	 .2745098	
  .0002134	 .1176471	 .2745098	
  .0002135	 3.921569E-02	 .2745098	
  .0002136	 3.921569E-02	 .2745098	
  .0002137	-3.921569E-02	 .1176471	
  .0002138	 3.921569E-02	 .3529412	
  .0002139	 3.921569E-02	 .2745098	
  .000214	 3.921569E-02	 .1960784	
  .0002141	 3.921569E-02	 .2745098	
  .0002142	 .1176471	 .2745098	
  .0002143	 3.921569E-02	 .1960784	
  .0002144	 3.921569E-02	 .3529412	
  .0002145	 3.921569E-02	 .2745098	
  .0002146	 3.921569E-02	 .2745098	
  .0002147	 3.921569E-02	 .2745098	
  .0002148	 3.921569E-02	 .2745098	
  .0002149	 .1176471	 .2745098	
  .000215	 3.921569E-02	 .1960784	
  .0002151	 3.921569E-02	 .1960784	
  .0002152	 .1176471	 .2745098	
  .0002153	 .1176471	 .1960784	
  .0002154	 3.921569E-02	 .2745098	
  .0002155	 3.921569E-02	 .2745098	
  .0002156	 .1176471	 .2745098	
  .0002157	 .1176471	 .2745098	
  .0002158	 3.921569E-02	 .2745098	
  .0002159	 3.921569E-02	 .1960784	
  .000216	 3.921569E-02	 .1960784	
  .0002161	-3.921569E-02	 .1176471	
  .0002162	 .1176471	 .1176471	
  .0002163	 3.921569E-02	 .1960784	
  .0002164	 3.921569E-02	 .1960784	
  .0002165	 .1176471	 .1960784	
  .0002166	 3.921569E-02	 .2745098	
  .0002167	 .1176471	 .1960784	
  .0002168	 3.921569E-02	 .2745098	
  .0002169	 3.921569E-02	 .2745098	
  .000217	 3.921569E-02	 .1960784	
  .0002171	-3.921569E-02	 .1960784	
  .0002172	 3.921569E-02	 .1176471	
  .0002173	 3.921569E-02	 .1960784	
  .0002174	 3.921569E-02	 .1960784	
  .0002175	 .1176471	 .1960784	
  .0002176	 .1960784	 .1176471	
  .0002177	 .1176471	 .1960784	
  .0002178	 3.921569E-02	 .1960784	
  .0002179	 .1176471	 .1960784	
  .000218	 3.921569E-02	 .1960784	
  .0002181	 3.921569E-02	 .1960784	
  .0002182	 3.921569E-02	 .2745098	
  .0002183	 3.921569E-02	 .2745098	
  .0002184	 3.921569E-02	 .1960784	
  .0002185	-3.921569E-02	 .2745098	
  .0002186	 .1176471	 .1960784	
  .0002187	 3.921569E-02	 .2745098	
  .0002188	 .1176471	 .1176471	
  .0002189	 .1960784	 .1960784	
  .000219	 3.921569E-02	 .1960784	
  .0002191	 .1176471	 .1960784	
  .0002192	-3.921569E-02	 .1960784	
  .0002193	 .1176471	 .1176471	
  .0002194	-3.921569E-02	 .1960784	
  .0002195	 .1176471	 .1176471	
  .0002196	 .1176471	 .1960784	
  .0002197	 .1176471	 .1960784	
  .0002198	 3.921569E-02	 .1960784	
  .0002199	 3.921569E-02	 .1960784	
  .00022	 .1176471	 .1960784	
  .0002201	 .1176471	 .2745098	
  .0002202	 .1176471	 .2745098	
  .0002203	 3.921569E-02	 .1960784	
  .0002204	-3.921569E-02	 .1960784	
  .0002205	 .1176471	 .1960784	
  .0002206	-3.921569E-02	 .2745098	
  .0002207	 .1176471	 .1960784	
  .0002208	 .1176471	 .1960784	
  .0002209	 3.921569E-02	 .1960784	
  .000221	 3.921569E-02	 .1960784	
  .0002211	 3.921569E-02	 .2745098	
  .0002212	 3.921569E-02	 .1960784	
  .0002213	-3.921569E-02	 .1176471	
  .0002214	 .1176471	 .1960784	
  .0002215	 3.921569E-02	 .1176471	
  .0002216	 3.921569E-02	 .1176471	
  .0002217	 .1176471	 .2745098	
  .0002218	-3.921569E-02	 .1176471	
  .0002219	 3.921569E-02	 .1960784	
  .000222	 3.921569E-02	 .1960784	
  .0002221	 3.921569E-02	 .1960784	
  .0002222	 3.921569E-02	 .2745098	
  .0002223	 3.921569E-02	 .1960784	
  .0002224	 .1176471	 .1960784	
  .0002225	 .1176471	 .1176471	
  .0002226	 3.921569E-02	 .1176471	
  .0002227	-3.921569E-02	 .1960784	
  .0002228	 3.921569E-02	 .1176471	
  .0002229	-3.921569E-02	 .1176471	
  .000223	 3.921569E-02	 .1176471	
  .0002231	-3.921569E-02	 .1960784	
  .0002232	 3.921569E-02	 .1960784	
  .0002233	 .1176471	 .1960784	
  .0002234	-3.921569E-02	 .2745098	
  .0002235	 3.921569E-02	 .1960784	
  .0002236	-3.921569E-02	 .1176471	
  .0002237	 3.921569E-02	 .1176471	
  .0002238	 3.921569E-02	 .1176471	
  .0002239	 .1176471	 .1960784	
  .000224	 .1176471	 .1960784	
  .0002241	 .1176471	 .1960784	
  .0002242	 3.921569E-02	 .1176471	
  .0002243	 3.921569E-02	 .1960784	
  .0002244	 .1176471	 .2745098	
  .0002245	 .1176471	 .1960784	
  .0002246	 .1176471	 .1960784	
  .0002247	 .1176471	 .1960784	
  .0002248	 .1176471	 .1960784	
  .0002249	 3.921569E-02	 .1176471	
  .000225	 3.921569E-02	 .1960784	
