 -.0000498	 .1176471	 3.921569E-02	
 -.0000496	 .1960784	 .1176471	
 -.0000494	 3.921569E-02	-3.921569E-02	
 -.0000492	 .1176471	 .1176471	
 -.000049	 .1176471	 3.921569E-02	
 -.0000488	 .1176471	 3.921569E-02	
 -.0000486	 .1960784	 3.921569E-02	
 -.0000484	 .1176471	 .1176471	
 -.0000482	 .1960784	 .1176471	
 -.000048	 3.921569E-02	 .1176471	
 -.0000478	 .1176471	-3.921569E-02	
 -.0000476	 3.921569E-02	 3.921569E-02	
 -.0000474	 3.921569E-02	 3.921569E-02	
 -.0000472	 .1176471	 .1176471	
 -.000047	 3.921569E-02	 3.921569E-02	
 -.0000468	 .1176471	-3.921569E-02	
 -.0000466	 .1176471	 .1960784	
 -.0000464	 .1176471	 .1176471	
 -.0000462	 .1176471	 3.921569E-02	
 -.000046	 3.921569E-02	 3.921569E-02	
 -.0000458	 3.921569E-02	-3.921569E-02	
 -.0000456	 3.921569E-02	 .1176471	
 -.0000454	 .1176471	 3.921569E-02	
 -.0000452	 .1176471	 .1176471	
 -.000045	 .1176471	 .1176471	
 -.0000448	 .1960784	 .1176471	
 -.0000446	 3.921569E-02	-3.921569E-02	
 -.0000444	 3.921569E-02	 .1960784	
 -.0000442	 .1176471	 3.921569E-02	
 -.000044	 .1176471	 .1176471	
 -.0000438	 3.921569E-02	 .1960784	
 -.0000436	 .1176471	 .1960784	
 -.0000434	 .1176471	 .1960784	
 -.0000432	 3.921569E-02	 .1960784	
 -.000043	 .1176471	-3.921569E-02	
 -.0000428	 3.921569E-02	 3.921569E-02	
 -.0000426	 3.921569E-02	 3.921569E-02	
 -.0000424	 3.921569E-02	 .1176471	
 -.0000422	 .1176471	 .1176471	
 -.000042	 3.921569E-02	 .1176471	
 -.0000418	 3.921569E-02	 .1960784	
 -.0000416	 .1176471	 3.921569E-02	
 -.0000414	 .1176471	 3.921569E-02	
 -.0000412	 .1960784	 3.921569E-02	
 -.000041	-3.921569E-02	 .1176471	
 -.0000408	 .1176471	-3.921569E-02	
 -.0000406	 .1176471	 .1176471	
 -.0000404	 .1176471	 3.921569E-02	
 -.0000402	 .1176471	 .1176471	
 -.00004	 .1960784	 3.921569E-02	
 -.0000398	 .1176471	 3.921569E-02	
 -.0000396	 .1960784	 .1176471	
 -.0000394	 3.921569E-02	 3.921569E-02	
 -.0000392	 .1176471	 3.921569E-02	
 -.000039	 .1176471	 .1176471	
 -.0000388	 .1176471	 3.921569E-02	
 -.0000386	 .1176471	 .1176471	
 -.0000384	 .1176471	 .1176471	
 -.0000382	 .1176471	 .1176471	
 -.000038	 .1960784	 .1176471	
 -.0000378	 3.921569E-02	 3.921569E-02	
 -.0000376	 3.921569E-02	 3.921569E-02	
 -.0000374	 .1960784	-3.921569E-02	
 -.0000372	 .1176471	 .1176471	
 -.000037	 .1176471	 .1176471	
 -.0000368	 .1960784	 3.921569E-02	
 -.0000366	 3.921569E-02	 .1176471	
 -.0000364	 .1176471	 .1176471	
 -.0000362	 .1176471	-3.921569E-02	
 -.000036	 .1176471	 .1176471	
 -.0000358	 .1176471	-3.921569E-02	
 -.0000356	 .1176471	 3.921569E-02	
 -.0000354	 .1176471	 .1176471	
 -.0000352	 3.921569E-02	 .1176471	
 -.000035	 3.921569E-02	 3.921569E-02	
 -.0000348	 .1176471	 .1176471	
 -.0000346	 3.921569E-02	 3.921569E-02	
 -.0000344	 3.921569E-02	 3.921569E-02	
 -.0000342	 .1176471	-3.921569E-02	
 -.000034	 .1960784	 3.921569E-02	
 -.0000338	 3.921569E-02	 3.921569E-02	
 -.0000336	 .1176471	 .1176471	
 -.0000334	 .1176471	 .2745098	
 -.0000332	 .1176471	 .1960784	
 -.000033	 3.921569E-02	-3.921569E-02	
 -.0000328	 .1176471	 3.921569E-02	
 -.0000326	 3.921569E-02	-3.921569E-02	
 -.0000324	 3.921569E-02	 3.921569E-02	
 -.0000322	 .1176471	 3.921569E-02	
 -.000032	 .1176471	 .1176471	
 -.0000318	 .1176471	 3.921569E-02	
 -.0000316	 3.921569E-02	 .1176471	
 -.0000314	 3.921569E-02	 3.921569E-02	
 -.0000312	 .1176471	 3.921569E-02	
 -.000031	 3.921569E-02	 3.921569E-02	
 -.0000308	 .1960784	 3.921569E-02	
 -.0000306	 .1176471	 .1176471	
 -.0000304	 .1176471	 .1176471	
 -.0000302	 .1960784	 .1176471	
 -.00003	 .1960784	 .1176471	
 -.0000298	 .1176471	 .1176471	
 -.0000296	 3.921569E-02	 3.921569E-02	
 -.0000294	 .1176471	 3.921569E-02	
 -.0000292	 .1176471	-3.921569E-02	
 -.000029	 .1176471	 .1176471	
 -.0000288	 .1960784	 .1176471	
 -.0000286	 .1960784	 3.921569E-02	
 -.0000284	 .1960784	 3.921569E-02	
 -.0000282	 .1960784	-4.745098	
 -.000028	 .1176471	 .1176471	
 -.0000278	 .1176471	-1.529412	
 -.0000276	 3.921569E-02	 3.921569E-02	
 -.0000274	 .1176471	 3.921569E-02	
 -.0000272	 .1176471	 3.921569E-02	
 -.000027	 .1176471	-3.921569E-02	
 -.0000268	 3.921569E-02	 .1176471	
 -.0000266	 3.921569E-02	 .1960784	
 -.0000264	 .1176471	 3.921569E-02	
 -.0000262	 .1176471	 3.921569E-02	
 -.000026	 3.921569E-02	 3.921569E-02	
 -.0000258	 .1176471	 .1176471	
 -.0000256	 .1176471	 .1176471	
 -.0000254	 .1176471	 3.921569E-02	
 -.0000252	 .1176471	-3.921569E-02	
 -.000025	 .1176471	 .1176471	
 -.0000248	 .1176471	-3.921569E-02	
 -.0000246	 3.921569E-02	 .1176471	
 -.0000244	 3.921569E-02	 3.921569E-02	
 -.0000242	 .1176471	 3.921569E-02	
 -.000024	 .1176471	 3.921569E-02	
 -.0000238	 .1176471	 3.921569E-02	
 -.0000236	 .1176471	 .1960784	
 -.0000234	 3.921569E-02	 .1176471	
 -.0000232	 3.921569E-02	 3.921569E-02	
 -.000023	 .1176471	 3.921569E-02	
 -.0000228	 3.921569E-02	 .1176471	
 -.0000226	 .1176471	 .1176471	
 -.0000224	 .1176471	 3.921569E-02	
 -.0000222	 .1176471	 3.921569E-02	
 -.000022	 .1176471	 .1176471	
 -.0000218	 .1176471	 .1176471	
 -.0000216	 .1176471	 3.921569E-02	
 -.0000214	 .1960784	 3.921569E-02	
 -.0000212	 3.921569E-02	 .1176471	
 -.000021	 .1176471	 3.921569E-02	
 -.0000208	 .1176471	 3.921569E-02	
 -.0000206	 .1176471	 3.921569E-02	
 -.0000204	 .1176471	 3.921569E-02	
 -.0000202	 .1960784	 3.921569E-02	
 -.00002	 3.921569E-02	 3.921569E-02	
 -.0000198	 .1176471	 .1176471	
 -.0000196	 .1176471	 3.921569E-02	
 -.0000194	 3.921569E-02	 3.921569E-02	
 -.0000192	 .1176471	 .1176471	
 -.000019	 .1176471	 .1176471	
 -.0000188	 .1176471	 .1176471	
 -.0000186	 .1176471	 3.921569E-02	
 -.0000184	 3.921569E-02	 .1176471	
 -.0000182	 .1176471	 .1176471	
 -.000018	 3.921569E-02	-3.921569E-02	
 -.0000178	 3.921569E-02	 3.921569E-02	
 -.0000176	 .1960784	 3.921569E-02	
 -.0000174	 .1176471	 .1176471	
 -.0000172	 .1176471	 3.921569E-02	
 -.000017	 3.921569E-02	 3.921569E-02	
 -.0000168	 .1176471	 3.921569E-02	
 -.0000166	 .1176471	 3.921569E-02	
 -.0000164	 3.921569E-02	 3.921569E-02	
 -.0000162	 3.921569E-02	-3.921569E-02	
 -.000016	 .1176471	 3.921569E-02	
 -.0000158	 .1176471	 3.921569E-02	
 -.0000156	 3.921569E-02	 3.921569E-02	
 -.0000154	 .1176471	 .1960784	
 -.0000152	 .1176471	 3.921569E-02	
 -.000015	 3.921569E-02	 3.921569E-02	
 -.0000148	 3.921569E-02	 3.921569E-02	
 -.0000146	 .1176471	 3.921569E-02	
 -.0000144	 3.921569E-02	 .1176471	
 -.0000142	 .1176471	 .1176471	
 -.000014	 3.921569E-02	 3.921569E-02	
 -.0000138	 .1176471	 3.921569E-02	
 -.0000136	 .1176471	 .1960784	
 -.0000134	 3.921569E-02	 .1176471	
 -.0000132	 .1176471	-3.921569E-02	
 -.000013	-3.921569E-02	-.1176471	
 -.0000128	 .1176471	 .2745098	
 -.0000126	 .1176471	 .1176471	
 -.0000124	 3.921569E-02	 3.921569E-02	
 -.0000122	 .1176471	 .1960784	
 -.000012	 .1176471	 .1960784	
 -.0000118	 3.921569E-02	 .1176471	
 -.0000116	 3.921569E-02	 3.921569E-02	
 -.0000114	 .1176471	 3.921569E-02	
 -.0000112	 3.921569E-02	 .1176471	
 -.000011	 .1176471	 3.921569E-02	
 -.0000108	 .1176471	 .1176471	
 -.0000106	 3.921569E-02	 3.921569E-02	
 -.0000104	 .1176471	 .1176471	
 -.0000102	 .1960784	 .1176471	
 -.00001	 3.921569E-02	 .1176471	
 -.0000098	 3.921569E-02	 3.921569E-02	
 -.0000096	 3.921569E-02	 3.921569E-02	
 -.0000094	 .1176471	 3.921569E-02	
 -.0000092	 .1176471	 .1176471	
 -.000009	 .1960784	 .1176471	
 -.0000088	 .1176471	 .1176471	
 -.0000086	 .1960784	 3.921569E-02	
 -.0000084	 3.921569E-02	 3.921569E-02	
 -.0000082	 3.921569E-02	-3.921569E-02	
 -.000008	 3.921569E-02	-3.921569E-02	
 -.0000078	 .1176471	-3.921569E-02	
 -.0000076	 .1176471	 3.921569E-02	
 -.0000074	 .1176471	 3.921569E-02	
 -.0000072	 .1176471	 3.921569E-02	
 -.000007	 3.921569E-02	 .1176471	
 -.0000068	 3.921569E-02	 .1176471	
 -.0000066	 .1176471	 3.921569E-02	
 -.0000064	 .1176471	 3.921569E-02	
 -.0000062	 3.921569E-02	 3.921569E-02	
 -.000006	 .1176471	 3.921569E-02	
 -.0000058	 .1176471	 .1960784	
 -.0000056	 .1176471	 3.921569E-02	
 -.0000054	 .1176471	 .1176471	
 -.0000052	 3.921569E-02	 3.921569E-02	
 -.000005	 3.921569E-02	 3.921569E-02	
 -.0000048	 3.921569E-02	 .1176471	
 -.0000046	 .1176471	 3.921569E-02	
 -.0000044	 .1176471	 .1176471	
 -.0000042	 3.921569E-02	 3.921569E-02	
 -.000004	 .1176471	 .1960784	
 -.0000038	 .1176471	 .1176471	
 -.0000036	 3.921569E-02	 .1176471	
 -.0000034	 3.921569E-02	 3.921569E-02	
 -.0000032	 .1176471	-3.921569E-02	
 -.000003	 3.921569E-02	-3.921569E-02	
 -.0000028	 3.921569E-02	 .1176471	
 -.0000026	 .1176471	 .1176471	
 -.0000024	 .1176471	 3.921569E-02	
 -.0000022	 .1176471	 3.921569E-02	
 -.000002	 .1176471	 3.921569E-02	
 -.0000018	 .1176471	-3.921569E-02	
 -.0000016	 3.921569E-02	 3.921569E-02	
 -.0000014	 .1176471	 3.921569E-02	
 -.0000012	 .1176471	-3.921569E-02	
 -.000001	 3.921569E-02	 3.921569E-02	
 -.0000008	 3.921569E-02	 3.921569E-02	
 -.0000006	 3.921569E-02	 3.921569E-02	
 -.0000004	 .1176471	 3.921569E-02	
 -.0000002	 3.921569E-02	-3.921569E-02	
  0	 .1176471	 .1176471	
  .0000002	 3.921569E-02	 .1176471	
  .0000004	-2.941176	 .9803922	
  .0000006	-4.509804	-3.568627	
  .0000008	-4.666667	-3.882353	
  .000001	-4.823529	-3.960784	
  .0000012	-4.901961	-3.960784	
  .0000014	-4.823529	-3.882353	
  .0000016	-4.745098	-4.117647	
  .0000018	-4.823529	-4.117647	
  .000002	-4.823529	-4.27451	
  .0000022	-4.588235	-4.196078	
  .0000024	-4.27451	-3.882353	
  .0000026	-3.960784	-3.882353	
  .0000028	-3.803921	-3.960784	
  .000003	-3.490196	-3.490196	
  .0000032	-2.941176	-3.411765	
  .0000034	-2.784314	-3.411765	
  .0000036	-2.862745	-3.568627	
  .0000038	-2.862745	-3.72549	
  .000004	-2.862745	-3.72549	
  .0000042	-2.784314	-3.803921	
  .0000044	-2.862745	-3.882353	
  .0000046	-2.862745	-3.960784	
  .0000048	-2.941176	-4.039216	
  .000005	-2.862745	-3.960784	
  .0000052	-2.784314	-4.039216	
  .0000054	-2.784314	-4.117647	
  .0000056	-2.784314	-4.039216	
  .0000058	-2.784314	-4.196078	
  .000006	-2.784314	-4.117647	
  .0000062	-2.784314	-4.196078	
  .0000064	-2.705882	-4.196078	
  .0000066	-2.705882	-4.27451	
  .0000068	-2.784314	-4.27451	
  .000007	-2.627451	-4.352941	
  .0000072	-2.54902	-4.196078	
  .0000074	-2.627451	-4.27451	
  .0000076	-2.627451	-4.27451	
  .0000078	-2.627451	-4.352941	
  .000008	-2.627451	-4.27451	
  .0000082	-2.54902	-4.352941	
  .0000084	-2.54902	-4.27451	
  .0000086	-2.54902	-4.352941	
  .0000088	-2.392157	-4.352941	
  .000009	-2.392157	-4.352941	
  .0000092	-2.470588	-4.352941	
  .0000094	-2.392157	-4.352941	
  .0000096	-2.392157	-4.352941	
  .0000098	-2.392157	-4.509804	
  .00001	-2.392157	-4.431373	
  .0000102	-2.313725	-4.431373	
  .0000104	-2.235294	-4.431373	
  .0000106	-2.313725	-4.431373	
  .0000108	-2.235294	-4.431373	
  .000011	-2.313725	-4.509804	
  .0000112	-2.235294	-4.588235	
  .0000114	-2.313725	-4.666667	
  .0000116	-2.313725	-4.745098	
  .0000118	-2.313725	-4.666667	
  .000012	-2.235294	-4.588235	
  .0000122	-2.235294	-4.509804	
  .0000124	-2.235294	-4.588235	
  .0000126	-2.156863	-4.666667	
  .0000128	-2.235294	-4.745098	
  .000013	-2.235294	-4.745098	
  .0000132	-2.235294	-4.901961	
  .0000134	-2.627451	-5.058824	
  .0000136	-2.627451	-5.058824	
  .0000138	-2.54902	-5.137255	
  .000014	-2.54902	-4.980392	
  .0000142	-2.470588	-5.058824	
  .0000144	-2.54902	-5.137255	
  .0000146	-2.470588	-5.137255	
  .0000148	-2.54902	-5.215686	
  .000015	-2.470588	-5.137255	
  .0000152	-2.470588	-5.215686	
  .0000154	-2.392157	-5.215686	
  .0000156	-2.392157	-5.294117	
  .0000158	-2.392157	-5.294117	
  .000016	-2.392157	-5.294117	
  .0000162	-2.392157	-5.215686	
  .0000164	-2.392157	-5.294117	
  .0000166	-2.392157	-5.372549	
  .0000168	-2.313725	-5.215686	
  .000017	-2.235294	-5.215686	
  .0000172	-2.156863	-5.137255	
  .0000174	-2.156863	-5.215686	
  .0000176	-2.078431	-5.215686	
  .0000178	-2.078431	-5.215686	
  .000018	-2.078431	-5.294117	
  .0000182	-2	-5.215686	
  .0000184	-1.843137	-5.137255	
  .0000186	-1.921569	-5.137255	
  .0000188	-1.843137	-5.137255	
  .000019	-1.843137	-5.137255	
  .0000192	-1.764706	-5.058824	
  .0000194	-1.686275	-5.058824	
  .0000196	-1.764706	-4.980392	
  .0000198	-1.686275	-5.058824	
  .00002	-1.686275	-5.058824	
  .0000202	-1.686275	-4.980392	
  .0000204	-1.686275	-4.980392	
  .0000206	-1.529412	-4.901961	
  .0000208	-1.529412	-4.901961	
  .000021	-1.45098	-4.823529	
  .0000212	-1.45098	-4.980392	
  .0000214	-1.372549	-5.058824	
  .0000216	-1.372549	-4.823529	
  .0000218	-1.372549	-4.823529	
  .000022	-1.215686	-4.901961	
  .0000222	-1.215686	-4.745098	
  .0000224	-1.215686	-4.666667	
  .0000226	-1.137255	-4.745098	
  .0000228	-1.137255	-4.666667	
  .000023	-1.137255	-4.823529	
  .0000232	-1.137255	-4.666667	
  .0000234	-1.058824	-4.666667	
  .0000236	-.9803922	-4.745098	
  .0000238	-.9803922	-4.509804	
  .000024	-.9019608	-4.509804	
  .0000242	-.9019608	-4.509804	
  .0000244	-.9019608	-4.588235	
  .0000246	-.9019608	-4.588235	
  .0000248	-.8235294	-4.588235	
  .000025	-.7450981	-4.352941	
  .0000252	-.7450981	-4.431373	
  .0000254	-.6666667	-4.431373	
  .0000256	-.5882353	-4.196078	
  .0000258	-.5882353	-4.431373	
  .000026	-.5882353	-4.27451	
  .0000262	-.6666667	-4.27451	
  .0000264	-.5882353	-4.352941	
  .0000266	-.509804	-4.27451	
  .0000268	-.4313726	-4.27451	
  .000027	-.3529412	-4.27451	
  .0000272	-.3529412	-4.117647	
  .0000274	-.2745098	-4.117647	
  .0000276	-.2745098	-4.117647	
  .0000278	-.3529412	-3.960784	
  .000028	-.1960784	-4.196078	
  .0000282	-.1960784	-4.117647	
  .0000284	-.2745098	-4.039216	
  .0000286	-.1176471	-3.882353	
  .0000288	-3.921569E-02	-3.882353	
  .000029	-3.921569E-02	-3.960784	
  .0000292	 3.921569E-02	-3.960784	
  .0000294	-3.921569E-02	-3.803921	
  .0000296	-3.921569E-02	-3.803921	
  .0000298	 3.921569E-02	-3.72549	
  .00003	 .1176471	-3.803921	
  .0000302	 .1960784	-3.72549	
  .0000304	 .1960784	-3.568627	
  .0000306	 .1960784	-3.72549	
  .0000308	 .1960784	-3.647059	
  .000031	 .2745098	-3.647059	
  .0000312	 .1960784	-3.72549	
  .0000314	 .1960784	-3.647059	
  .0000316	 .1960784	-3.72549	
  .0000318	-3.921569E-02	-3.647059	
  .000032	-3.921569E-02	-3.72549	
  .0000322	-3.921569E-02	-3.647059	
  .0000324	 3.921569E-02	-3.72549	
  .0000326	 3.921569E-02	-3.568627	
  .0000328	 3.921569E-02	-3.490196	
  .000033	 .1176471	-3.568627	
  .0000332	 .1176471	-3.490196	
  .0000334	 .1960784	-3.411765	
  .0000336	 .2745098	-3.490196	
  .0000338	 .2745098	-3.411765	
  .000034	 .3529412	-3.254902	
  .0000342	 .3529412	-3.333333	
  .0000344	 .4313726	-3.254902	
  .0000346	 .4313726	-3.411765	
  .0000348	 .509804	-3.176471	
  .000035	 .4313726	-3.176471	
  .0000352	 .5882353	-3.098039	
  .0000354	 .5882353	-3.098039	
  .0000356	 .7450981	-3.019608	
  .0000358	 .7450981	-2.941176	
  .000036	 .6666667	-2.941176	
  .0000362	 .7450981	-3.019608	
  .0000364	 .7450981	-2.941176	
  .0000366	 .7450981	-2.784314	
  .0000368	 .9019608	-2.862745	
  .000037	 .9019608	-2.705882	
  .0000372	 .9803922	-2.705882	
  .0000374	 1.058824	-2.705882	
  .0000376	 1.215686	-2.627451	
  .0000378	 1.058824	-2.627451	
  .000038	 1.137255	-2.54902	
  .0000382	 1.137255	-2.54902	
  .0000384	 1.215686	-2.54902	
  .0000386	 1.45098	-2.392157	
  .0000388	 1.215686	-2.392157	
  .000039	 1.372549	-2.235294	
  .0000392	 1.45098	-2.313725	
  .0000394	 1.372549	-2.235294	
  .0000396	 1.45098	-2.156863	
  .0000398	 1.45098	-2.235294	
  .00004	 1.607843	-2.078431	
  .0000402	 1.686275	-2	
  .0000404	 1.529412	-2	
  .0000406	 1.843137	-1.843137	
  .0000408	 1.686275	-1.764706	
  .000041	 1.686275	-1.921569	
  .0000412	 1.686275	-1.764706	
  .0000414	 1.764706	-1.764706	
  .0000416	 1.686275	-1.686275	
  .0000418	 1.921569	-1.607843	
  .000042	 1.843137	-1.45098	
  .0000422	 1.843137	-1.529412	
  .0000424	 1.921569	-1.372549	
  .0000426	 1.921569	-1.294118	
  .0000428	 2	-1.372549	
  .000043	 1.921569	-1.215686	
  .0000432	 1.921569	-1.137255	
  .0000434	 2	-1.215686	
  .0000436	 2.078431	-.9803922	
  .0000438	 2.078431	-1.058824	
  .000044	 2.156863	-.9019608	
  .0000442	 2.156863	-.9019608	
  .0000444	 2.156863	-.9019608	
  .0000446	 2.156863	-.8235294	
  .0000448	 2.156863	-.7450981	
  .000045	 2.235294	-.7450981	
  .0000452	 2.313725	-.5882353	
  .0000454	 2.313725	-.5882353	
  .0000456	 2.313725	-.5882353	
  .0000458	 2.392157	-.2745098	
  .000046	 2.392157	-.4313726	
  .0000462	 2.392157	-.4313726	
  .0000464	 2.313725	-.3529412	
  .0000466	 2.313725	-.2745098	
  .0000468	 2.392157	-.1960784	
  .000047	 2.470588	-.2745098	
  .0000472	 2.54902	-.1176471	
  .0000474	 2.54902	 3.921569E-02	
  .0000476	 2.470588	 .1176471	
  .0000478	 2.470588	-3.921569E-02	
  .000048	 2.627451	 3.921569E-02	
  .0000482	 2.470588	 .1176471	
  .0000484	 2.705882	 .1960784	
  .0000486	 2.54902	 .2745098	
  .0000488	 2.627451	 .3529412	
  .000049	 2.784314	 .3529412	
  .0000492	 2.705882	 .3529412	
  .0000494	 2.705882	 .4313726	
  .0000496	 2.627451	 .4313726	
  .0000498	 2.627451	 .509804	
  .00005	 2.784314	 .5882353	
  .0000502	 2.784314	 .6666667	
  .0000504	 2.784314	 .6666667	
  .0000506	 2.784314	 .8235294	
  .0000508	 2.862745	 .8235294	
  .000051	 2.862745	 .9019608	
  .0000512	 2.705882	 .9019608	
  .0000514	 2.784314	 .9803922	
  .0000516	 2.784314	 1.058824	
  .0000518	 2.862745	 1.137255	
  .000052	 2.862745	 1.137255	
  .0000522	 2.862745	 1.137255	
  .0000524	 2.784314	 1.215686	
  .0000526	 2.862745	 1.372549	
  .0000528	 2.862745	 1.215686	
  .000053	 2.862745	 1.372549	
  .0000532	 2.941176	 1.45098	
  .0000534	 2.941176	 1.529412	
  .0000536	 3.019608	 1.607843	
  .0000538	 3.019608	 1.607843	
  .000054	 3.019608	 1.686275	
  .0000542	 3.019608	 1.764706	
  .0000544	 3.019608	 1.764706	
  .0000546	 2.941176	 1.921569	
  .0000548	 3.019608	 1.921569	
  .000055	 3.098039	 2.078431	
  .0000552	 3.019608	 2	
  .0000554	 3.098039	 2.156863	
  .0000556	 3.098039	 2.313725	
  .0000558	 3.019608	 2.313725	
  .000056	 3.019608	 2.313725	
  .0000562	 3.019608	 2.392157	
  .0000564	 3.098039	 2.54902	
  .0000566	 3.098039	 2.54902	
  .0000568	 3.098039	 2.54902	
  .000057	 3.098039	 2.54902	
  .0000572	 3.098039	 2.627451	
  .0000574	 3.098039	 2.784314	
  .0000576	 3.019608	 2.784314	
  .0000578	 3.098039	 2.862745	
  .000058	 3.098039	 2.941176	
  .0000582	 3.098039	 2.941176	
  .0000584	 3.098039	 3.098039	
  .0000586	 3.098039	 3.098039	
  .0000588	 3.098039	 3.098039	
  .000059	 3.176471	 3.176471	
  .0000592	 3.098039	 3.254902	
  .0000594	 3.176471	 3.333333	
  .0000596	 3.176471	 3.333333	
  .0000598	 3.019608	 3.254902	
  .00006	 3.176471	 3.490196	
  .0000602	 3.098039	 3.490196	
  .0000604	 3.176471	 3.568627	
  .0000606	 3.176471	 3.568627	
  .0000608	 3.098039	 3.490196	
  .000061	 3.098039	 3.647059	
  .0000612	 3.098039	 3.568627	
  .0000614	 3.019608	 3.568627	
  .0000616	 3.176471	 3.568627	
  .0000618	 3.098039	 3.647059	
  .000062	 3.019608	 3.72549	
  .0000622	 3.019608	 3.803921	
  .0000624	 3.098039	 3.803921	
  .0000626	 3.098039	 3.803921	
  .0000628	 2.941176	 3.803921	
  .000063	 3.019608	 3.882353	
  .0000632	 3.019608	 3.882353	
  .0000634	 3.019608	 3.882353	
  .0000636	 3.019608	 3.882353	
  .0000638	 2.941176	 4.117647	
  .000064	 3.098039	 3.960784	
  .0000642	 3.019608	 3.960784	
  .0000644	 2.941176	 3.960784	
  .0000646	 2.941176	 4.039216	
  .0000648	 2.941176	 4.039216	
  .000065	 2.941176	 4.117647	
  .0000652	 2.941176	 4.117647	
  .0000654	 3.019608	 4.196078	
  .0000656	 2.941176	 4.27451	
  .0000658	 2.862745	 4.27451	
  .000066	 2.862745	 4.117647	
  .0000662	 2.784314	 4.196078	
  .0000664	 2.784314	 4.196078	
  .0000666	 2.941176	 4.27451	
  .0000668	 2.862745	 4.27451	
  .000067	 2.862745	 4.27451	
  .0000672	 2.862745	 4.27451	
  .0000674	 2.784314	 4.352941	
  .0000676	 2.705882	 4.352941	
  .0000678	 2.784314	 4.27451	
  .000068	 2.705882	 4.27451	
  .0000682	 2.784314	 4.352941	
  .0000684	 2.862745	 4.431373	
  .0000686	 2.784314	 4.352941	
  .0000688	 2.862745	 4.431373	
  .000069	 2.705882	 4.588235	
  .0000692	 2.705882	 4.431373	
  .0000694	 2.627451	 4.352941	
  .0000696	 2.627451	 4.431373	
  .0000698	 2.627451	 4.509804	
  .00007	 2.627451	 4.509804	
  .0000702	 2.705882	 4.431373	
  .0000704	 2.705882	 4.509804	
  .0000706	 2.627451	 4.431373	
  .0000708	 2.54902	 4.431373	
  .000071	 2.54902	 4.431373	
  .0000712	 2.470588	 4.431373	
  .0000714	 2.627451	 4.431373	
  .0000716	 2.470588	 4.588235	
  .0000718	 2.627451	 4.509804	
  .000072	 2.470588	 4.431373	
  .0000722	 2.392157	 4.588235	
  .0000724	 2.470588	 4.509804	
  .0000726	 2.392157	 4.27451	
  .0000728	 2.392157	 4.431373	
  .000073	 2.313725	 4.431373	
  .0000732	 2.392157	 4.431373	
  .0000734	 2.392157	 4.509804	
  .0000736	 2.313725	 4.352941	
  .0000738	 2.313725	 4.431373	
  .000074	 2.313725	 4.509804	
  .0000742	 2.313725	 4.509804	
  .0000744	 2.156863	 4.431373	
  .0000746	 2.156863	 4.352941	
  .0000748	 2.235294	 4.509804	
  .000075	 2.235294	 4.431373	
  .0000752	 2.235294	 4.431373	
  .0000754	 2.156863	 4.509804	
  .0000756	 2	 4.509804	
  .0000758	 2.156863	 4.431373	
  .000076	 2	 4.352941	
  .0000762	 1.921569	 4.431373	
  .0000764	 2.078431	 4.431373	
  .0000766	 1.921569	 4.352941	
  .0000768	 1.921569	 4.431373	
  .000077	 1.921569	 4.352941	
  .0000772	 1.921569	 4.431373	
  .0000774	 1.921569	 4.352941	
  .0000776	 1.921569	 4.352941	
  .0000778	 1.843137	 4.352941	
  .000078	 1.843137	 4.352941	
  .0000782	 1.764706	 4.431373	
  .0000784	 1.764706	 4.352941	
  .0000786	 1.764706	 4.352941	
  .0000788	 1.764706	 4.27451	
  .000079	 1.607843	 4.196078	
  .0000792	 1.686275	 4.352941	
  .0000794	 1.529412	 4.27451	
  .0000796	 1.607843	 4.196078	
  .0000798	 1.686275	 4.27451	
  .00008	 1.529412	 4.27451	
  .0000802	 1.529412	 4.352941	
  .0000804	 1.529412	 4.27451	
  .0000806	 1.45098	 4.27451	
  .0000808	 1.45098	 4.27451	
  .000081	 1.372549	 4.117647	
  .0000812	 1.294118	 4.117647	
  .0000814	 1.372549	 4.039216	
  .0000816	 1.294118	 4.117647	
  .0000818	 1.294118	 4.117647	
  .000082	 1.215686	 4.039216	
  .0000822	 1.137255	 4.117647	
  .0000824	 1.215686	 4.117647	
  .0000826	 1.137255	 4.039216	
  .0000828	 1.058824	 4.039216	
  .000083	 1.058824	 3.960784	
  .0000832	 1.058824	 4.039216	
  .0000834	 .9803922	 3.882353	
  .0000836	 .9803922	 3.960784	
  .0000838	 .9803922	 3.882353	
  .000084	 .9803922	 3.960784	
  .0000842	 .9019608	 3.803921	
  .0000844	 .9019608	 3.803921	
  .0000846	 .8235294	 3.882353	
  .0000848	 .9019608	 3.882353	
  .000085	 .7450981	 3.803921	
  .0000852	 .8235294	 3.803921	
  .0000854	 .7450981	 3.803921	
  .0000856	 .7450981	 3.803921	
  .0000858	 .6666667	 3.72549	
  .000086	 .5882353	 3.568627	
  .0000862	 .5882353	 3.568627	
  .0000864	 .6666667	 3.568627	
  .0000866	 .5882353	 3.647059	
  .0000868	 .509804	 3.647059	
  .000087	 .5882353	 3.647059	
  .0000872	 .509804	 3.568627	
  .0000874	 .4313726	 3.490196	
  .0000876	 .4313726	 3.490196	
  .0000878	 .3529412	 3.411765	
  .000088	 .4313726	 3.490196	
  .0000882	 .3529412	 3.490196	
  .0000884	 .2745098	 3.333333	
  .0000886	 .3529412	 3.411765	
  .0000888	 .3529412	 3.411765	
  .000089	 .1960784	 3.254902	
  .0000892	 .1176471	 3.176471	
  .0000894	 .1176471	 3.176471	
  .0000896	 .1960784	 3.176471	
  .0000898	 .1176471	 3.098039	
  .00009	 .1176471	 3.098039	
  .0000902	 .1176471	 3.176471	
  .0000904	 3.921569E-02	 3.098039	
  .0000906	 3.921569E-02	 3.019608	
  .0000908	-3.921569E-02	 2.941176	
  .000091	-3.921569E-02	 3.019608	
  .0000912	-3.921569E-02	 2.941176	
  .0000914	-.1176471	 2.862745	
  .0000916	-.1176471	 2.941176	
  .0000918	-.1960784	 2.862745	
  .000092	-.1960784	 2.862745	
  .0000922	-.2745098	 2.862745	
  .0000924	-.2745098	 2.862745	
  .0000926	-.2745098	 2.705882	
  .0000928	-.3529412	 2.784314	
  .000093	-.2745098	 2.627451	
  .0000932	-.3529412	 2.627451	
  .0000934	-.3529412	 2.705882	
  .0000936	-.3529412	 2.627451	
  .0000938	-.3529412	 2.627451	
  .000094	-.4313726	 2.54902	
  .0000942	-.509804	 2.470588	
  .0000944	-.509804	 2.392157	
  .0000946	-.509804	 2.54902	
  .0000948	-.509804	 2.470588	
  .000095	-.5882353	 2.392157	
  .0000952	-.5882353	 2.392157	
  .0000954	-.6666667	 2.392157	
  .0000956	-.6666667	 2.235294	
  .0000958	-.7450981	 2.156863	
  .000096	-.8235294	 2.156863	
  .0000962	-.7450981	 2.156863	
  .0000964	-.7450981	 2	
  .0000966	-.8235294	 2.078431	
  .0000968	-.8235294	 2.078431	
  .000097	-.9019608	 2	
  .0000972	-.9019608	 1.921569	
  .0000974	-.9019608	 2	
  .0000976	-.9803922	 1.921569	
  .0000978	-.9019608	 1.764706	
  .000098	-.9803922	 1.843137	
  .0000982	-.9803922	 1.843137	
  .0000984	-1.058824	 1.843137	
  .0000986	-.9803922	 1.764706	
  .0000988	-1.137255	 1.529412	
  .000099	-1.058824	 1.764706	
  .0000992	-1.215686	 1.686275	
  .0000994	-1.215686	 1.45098	
  .0000996	-1.058824	 1.607843	
  .0000998	-1.137255	 1.529412	
  .0001	-1.215686	 1.529412	
  .0001002	-1.215686	 1.45098	
  .0001004	-1.294118	 1.372549	
  .0001006	-1.294118	 1.372549	
  .0001008	-1.372549	 1.294118	
  .000101	-1.372549	 1.215686	
  .0001012	-1.294118	 .9803922	
  .0001014	-1.372549	 1.137255	
  .0001016	-1.294118	 1.058824	
  .0001018	-1.372549	 1.058824	
  .000102	-1.529412	 1.058824	
  .0001022	-1.45098	 .9803922	
  .0001024	-1.45098	 .7450981	
  .0001026	-1.529412	 .9803922	
  .0001028	-1.45098	 .8235294	
  .000103	-1.529412	 .9019608	
  .0001032	-1.529412	 .7450981	
  .0001034	-1.45098	 .6666667	
  .0001036	-1.529412	 .7450981	
  .0001038	-1.607843	 .6666667	
  .000104	-1.607843	 .6666667	
  .0001042	-1.607843	 .6666667	
  .0001044	-1.686275	 .4313726	
  .0001046	-1.607843	 .4313726	
  .0001048	-1.686275	 .3529412	
  .000105	-1.686275	 .3529412	
  .0001052	-1.607843	 .4313726	
  .0001054	-1.686275	 .4313726	
  .0001056	-1.764706	 .1960784	
  .0001058	-1.764706	 .1176471	
  .000106	-1.764706	 .1960784	
  .0001062	-1.686275	 .1960784	
  .0001064	-1.764706	 .1176471	
  .0001066	-1.843137	 3.921569E-02	
  .0001068	-1.764706	 3.921569E-02	
  .000107	-1.843137	 3.921569E-02	
  .0001072	-1.843137	-3.921569E-02	
  .0001074	-1.843137	-3.921569E-02	
  .0001076	-1.921569	-.1960784	
  .0001078	-1.843137	-.1960784	
  .000108	-1.843137	-3.921569E-02	
  .0001082	-1.843137	-.2745098	
  .0001084	-1.843137	-.2745098	
  .0001086	-1.843137	-.2745098	
  .0001088	-1.921569	-.4313726	
  .000109	-1.921569	-.4313726	
  .0001092	-1.921569	-.4313726	
  .0001094	-1.921569	-.509804	
  .0001096	-1.921569	-.509804	
  .0001098	-1.921569	-.509804	
  .00011	-1.921569	-.509804	
  .0001102	-1.921569	-.509804	
  .0001104	-2	-.7450981	
  .0001106	-2	-.7450981	
  .0001108	-2	-.7450981	
  .000111	-2	-.8235294	
  .0001112	-2	-.8235294	
  .0001114	-2.078431	-.8235294	
  .0001116	-2.078431	-.9019608	
  .0001118	-2.078431	-.9019608	
  .000112	-2.078431	-.8235294	
  .0001122	-2	-.9803922	
  .0001124	-2.078431	-.9803922	
  .0001126	-2.078431	-1.137255	
  .0001128	-2.078431	-1.137255	
  .000113	-2	-1.058824	
  .0001132	-1.921569	-1.215686	
  .0001134	-2.078431	-1.215686	
  .0001136	-2	-1.215686	
  .0001138	-2.078431	-1.215686	
  .000114	-2.078431	-1.372549	
  .0001142	-2.156863	-1.294118	
  .0001144	-2.078431	-1.372549	
  .0001146	-2	-1.372549	
  .0001148	-2.078431	-1.45098	
  .000115	-2.156863	-1.45098	
  .0001152	-2.156863	-1.45098	
  .0001154	-2.156863	-1.607843	
  .0001156	-2.156863	-1.764706	
  .0001158	-2.235294	-1.607843	
  .000116	-2.156863	-1.764706	
  .0001162	-2.156863	-1.686275	
  .0001164	-2.156863	-1.686275	
  .0001166	-2.078431	-1.764706	
  .0001168	-2.078431	-1.843137	
  .000117	-2.078431	-1.921569	
  .0001172	-2.078431	-1.921569	
  .0001174	-2.156863	-1.921569	
  .0001176	-2.078431	-2	
  .0001178	-2.078431	-2	
  .000118	-2.078431	-2.078431	
  .0001182	-2.078431	-2.078431	
  .0001184	-2.078431	-2.078431	
  .0001186	-2.156863	-2.156863	
  .0001188	-2.156863	-2.156863	
  .000119	-2.156863	-2.235294	
  .0001192	-2.156863	-2.235294	
  .0001194	-2	-2.235294	
  .0001196	-2.078431	-2.235294	
  .0001198	-2	-2.313725	
  .00012	-2.078431	-2.313725	
  .0001202	-2.078431	-2.392157	
  .0001204	-2.078431	-2.470588	
  .0001206	-2.078431	-2.392157	
  .0001208	-2	-2.470588	
  .000121	-2	-2.627451	
  .0001212	-2	-2.627451	
  .0001214	-2	-2.54902	
  .0001216	-2	-2.54902	
  .0001218	-1.921569	-2.54902	
  .000122	-2	-2.705882	
  .0001222	-2	-2.627451	
  .0001224	-2	-2.705882	
  .0001226	-1.843137	-2.784314	
  .0001228	-1.921569	-2.705882	
  .000123	-1.921569	-2.705882	
  .0001232	-1.921569	-2.862745	
  .0001234	-1.843137	-2.784314	
  .0001236	-1.921569	-2.941176	
  .0001238	-1.921569	-2.862745	
  .000124	-1.921569	-2.862745	
  .0001242	-1.843137	-2.941176	
  .0001244	-1.843137	-2.941176	
  .0001246	-1.921569	-2.941176	
  .0001248	-1.843137	-2.941176	
  .000125	-1.764706	-2.862745	
  .0001252	-1.843137	-2.941176	
  .0001254	-1.843137	-2.941176	
  .0001256	-1.921569	-2.941176	
  .0001258	-1.921569	-2.941176	
  .000126	-1.764706	-2.941176	
  .0001262	-1.764706	-3.019608	
  .0001264	-1.843137	-2.941176	
  .0001266	-1.764706	-3.019608	
  .0001268	-1.764706	-2.941176	
  .000127	-1.764706	-3.019608	
  .0001272	-1.764706	-3.098039	
  .0001274	-1.764706	-3.098039	
  .0001276	-1.686275	-3.098039	
  .0001278	-1.607843	-3.019608	
  .000128	-1.686275	-3.098039	
  .0001282	-1.607843	-3.019608	
  .0001284	-1.529412	-3.098039	
  .0001286	-1.686275	-3.176471	
  .0001288	-1.686275	-3.098039	
  .000129	-1.607843	-3.176471	
  .0001292	-1.607843	-3.176471	
  .0001294	-1.529412	-3.098039	
  .0001296	-1.529412	-3.176471	
  .0001298	-1.529412	-3.098039	
  .00013	-1.529412	-3.098039	
  .0001302	-1.607843	-3.176471	
  .0001304	-1.529412	-3.176471	
  .0001306	-1.607843	-3.176471	
  .0001308	-1.45098	-3.176471	
  .000131	-1.45098	-3.098039	
  .0001312	-1.372549	-3.176471	
  .0001314	-1.45098	-3.254902	
  .0001316	-1.529412	-3.098039	
  .0001318	-1.45098	-3.176471	
  .000132	-1.372549	-3.098039	
  .0001322	-1.372549	-3.098039	
  .0001324	-1.372549	-3.098039	
  .0001326	-1.372549	-3.098039	
  .0001328	-1.294118	-3.098039	
  .000133	-1.294118	-3.176471	
  .0001332	-1.294118	-3.098039	
  .0001334	-1.215686	-3.098039	
  .0001336	-1.294118	-3.176471	
  .0001338	-1.294118	-3.176471	
  .000134	-1.294118	-3.098039	
  .0001342	-1.137255	-3.098039	
  .0001344	-1.137255	-3.098039	
  .0001346	-1.137255	-3.019608	
  .0001348	-1.137255	-3.098039	
  .000135	-1.137255	-2.941176	
  .0001352	-1.215686	-3.019608	
  .0001354	-1.137255	-3.098039	
  .0001356	-1.137255	-3.098039	
  .0001358	-1.058824	-3.019608	
  .000136	-1.058824	-3.019608	
  .0001362	-1.058824	-3.019608	
  .0001364	-.9803922	-3.019608	
  .0001366	-.9803922	-3.098039	
  .0001368	-.9019608	-3.019608	
  .000137	-.9019608	-3.019608	
  .0001372	-.9803922	-3.019608	
  .0001374	-.9019608	-2.941176	
  .0001376	-.8235294	-2.941176	
  .0001378	-.8235294	-2.941176	
  .000138	-.8235294	-2.941176	
  .0001382	-.8235294	-3.019608	
  .0001384	-.9019608	-2.941176	
  .0001386	-.8235294	-2.941176	
  .0001388	-.8235294	-2.862745	
  .000139	-.7450981	-2.941176	
  .0001392	-.6666667	-2.784314	
  .0001394	-.7450981	-2.862745	
  .0001396	-.6666667	-2.862745	
  .0001398	-.6666667	-2.784314	
  .00014	-.6666667	-2.862745	
  .0001402	-.6666667	-2.784314	
  .0001404	-.5882353	-2.862745	
  .0001406	-.6666667	-2.862745	
  .0001408	-.509804	-2.705882	
  .000141	-.509804	-2.705882	
  .0001412	-.5882353	-2.705882	
  .0001414	-.509804	-2.784314	
  .0001416	-.509804	-2.627451	
  .0001418	-.4313726	-2.784314	
  .000142	-.5882353	-2.705882	
  .0001422	-.509804	-2.627451	
  .0001424	-.4313726	-2.627451	
  .0001426	-.3529412	-2.54902	
  .0001428	-.3529412	-2.54902	
  .000143	-.3529412	-2.627451	
  .0001432	-.2745098	-2.54902	
  .0001434	-.3529412	-2.627451	
  .0001436	-.2745098	-2.54902	
  .0001438	-.2745098	-2.470588	
  .000144	-.2745098	-2.54902	
  .0001442	-.1960784	-2.470588	
  .0001444	-.1960784	-2.470588	
  .0001446	-.1176471	-2.470588	
  .0001448	-.1176471	-2.235294	
  .000145	-.1960784	-2.392157	
  .0001452	-.1176471	-2.470588	
  .0001454	-.1176471	-2.392157	
  .0001456	-3.921569E-02	-2.313725	
  .0001458	-3.921569E-02	-2.235294	
  .000146	 3.921569E-02	-2.156863	
  .0001462	-3.921569E-02	-2.235294	
  .0001464	-3.921569E-02	-2.235294	
  .0001466	 3.921569E-02	-2.156863	
  .0001468	 .1176471	-2.235294	
  .000147	 .1176471	-2.235294	
  .0001472	 3.921569E-02	-2.156863	
  .0001474	 .1960784	-2.078431	
  .0001476	 .1176471	-2.078431	
  .0001478	 .1176471	-2.078431	
  .000148	 .2745098	-1.921569	
  .0001482	 .2745098	-2	
  .0001484	 .1960784	-2.078431	
  .0001486	 .1960784	-2	
  .0001488	 .1960784	-1.921569	
  .000149	 .3529412	-1.921569	
  .0001492	 .3529412	-1.921569	
  .0001494	 .3529412	-1.764706	
  .0001496	 .3529412	-1.764706	
  .0001498	 .3529412	-1.843137	
  .00015	 .3529412	-1.921569	
  .0001502	 .3529412	-1.843137	
  .0001504	 .3529412	-1.764706	
  .0001506	 .4313726	-1.843137	
  .0001508	 .4313726	-1.607843	
  .000151	 .509804	-1.686275	
  .0001512	 .509804	-1.686275	
  .0001514	 .509804	-1.607843	
  .0001516	 .509804	-1.607843	
  .0001518	 .509804	-1.529412	
  .000152	 .5882353	-1.607843	
  .0001522	 .509804	-1.529412	
  .0001524	 .5882353	-1.607843	
  .0001526	 .5882353	-1.45098	
  .0001528	 .5882353	-1.45098	
  .000153	 .6666667	-1.372549	
  .0001532	 .7450981	-1.45098	
  .0001534	 .7450981	-1.45098	
  .0001536	 .6666667	-1.372549	
  .0001538	 .6666667	-1.372549	
  .000154	 .8235294	-1.215686	
  .0001542	 .7450981	-1.215686	
  .0001544	 .8235294	-1.215686	
  .0001546	 .8235294	-1.137255	
  .0001548	 .7450981	-1.137255	
  .000155	 .8235294	-1.215686	
  .0001552	 .8235294	-1.215686	
  .0001554	 .8235294	-1.058824	
  .0001556	 .9803922	-.9803922	
  .0001558	 .8235294	-1.058824	
  .000156	 .9019608	-1.058824	
  .0001562	 .9019608	-.9803922	
  .0001564	 .9019608	-.9803922	
  .0001566	 .9803922	-.9019608	
  .0001568	 1.058824	-.9019608	
  .000157	 1.058824	-.8235294	
  .0001572	 .9803922	-.8235294	
  .0001574	 1.058824	-.8235294	
  .0001576	 1.058824	-.7450981	
  .0001578	 1.058824	-.7450981	
  .000158	 1.137255	-.6666667	
  .0001582	 1.058824	-.7450981	
  .0001584	 1.137255	-.6666667	
  .0001586	 1.058824	-.6666667	
  .0001588	 1.137255	-.7450981	
  .000159	 1.137255	-.509804	
  .0001592	 1.137255	-.509804	
  .0001594	 1.137255	-.4313726	
  .0001596	 1.294118	-.4313726	
  .0001598	 1.215686	-.4313726	
  .00016	 1.215686	-.509804	
  .0001602	 1.215686	-.3529412	
  .0001604	 1.215686	-.3529412	
  .0001606	 1.372549	-.3529412	
  .0001608	 1.215686	-.3529412	
  .000161	 1.215686	-.2745098	
  .0001612	 1.294118	-.1960784	
  .0001614	 1.294118	-.1960784	
  .0001616	 1.372549	-.1960784	
  .0001618	 1.294118	-.1960784	
  .000162	 1.372549	-.1176471	
  .0001622	 1.294118	-.1960784	
  .0001624	 1.372549	-.1176471	
  .0001626	 1.372549	-3.921569E-02	
  .0001628	 1.372549	-3.921569E-02	
  .000163	 1.372549	 3.921569E-02	
  .0001632	 1.45098	-3.921569E-02	
  .0001634	 1.372549	 3.921569E-02	
  .0001636	 1.45098	 .1960784	
  .0001638	 1.45098	 .1176471	
  .000164	 1.45098	 .1960784	
  .0001642	 1.529412	 .1176471	
  .0001644	 1.529412	 .2745098	
  .0001646	 1.529412	 .3529412	
  .0001648	 1.45098	 .2745098	
  .000165	 1.45098	 .1960784	
  .0001652	 1.45098	 .2745098	
  .0001654	 1.372549	 .3529412	
  .0001656	 1.607843	 .3529412	
  .0001658	 1.529412	 .4313726	
  .000166	 1.529412	 .509804	
  .0001662	 1.529412	 .509804	
  .0001664	 1.529412	 .509804	
  .0001666	 1.529412	 .509804	
  .0001668	 1.607843	 .5882353	
  .000167	 1.45098	 .5882353	
  .0001672	 1.607843	 .5882353	
  .0001674	 1.607843	 .6666667	
  .0001676	 1.607843	 .6666667	
  .0001678	 1.686275	 .6666667	
  .000168	 1.607843	 .8235294	
  .0001682	 1.529412	 .7450981	
  .0001684	 1.607843	 .7450981	
  .0001686	 1.529412	 .7450981	
  .0001688	 1.686275	 .8235294	
  .000169	 1.686275	 .9019608	
  .0001692	 1.686275	 .9019608	
  .0001694	 1.764706	 .9803922	
  .0001696	 1.607843	 .9803922	
  .0001698	 1.686275	 1.058824	
  .00017	 1.607843	 .9803922	
  .0001702	 1.529412	 1.058824	
  .0001704	 1.686275	 .9803922	
  .0001706	 1.686275	 1.137255	
  .0001708	 1.686275	 1.137255	
  .000171	 1.764706	 1.137255	
  .0001712	 1.607843	 1.215686	
  .0001714	 1.607843	 1.294118	
  .0001716	 1.686275	 1.215686	
  .0001718	 1.686275	 1.215686	
  .000172	 1.686275	 1.215686	
  .0001722	 1.764706	 1.294118	
  .0001724	 1.607843	 1.294118	
  .0001726	 1.686275	 1.294118	
  .0001728	 1.686275	 1.45098	
  .000173	 1.764706	 1.529412	
  .0001732	 1.686275	 1.45098	
  .0001734	 1.607843	 1.45098	
  .0001736	 1.686275	 1.607843	
  .0001738	 1.764706	 1.607843	
  .000174	 1.686275	 1.686275	
  .0001742	 1.686275	 1.686275	
  .0001744	 1.686275	 1.843137	
  .0001746	 1.607843	 1.764706	
  .0001748	 1.686275	 1.686275	
  .000175	 1.686275	 1.686275	
  .0001752	 1.607843	 1.764706	
  .0001754	 1.686275	 1.843137	
  .0001756	 1.686275	 1.764706	
  .0001758	 1.686275	 1.921569	
  .000176	 1.607843	 1.921569	
  .0001762	 1.607843	 1.921569	
  .0001764	 1.686275	 1.921569	
  .0001766	 1.686275	 1.843137	
  .0001768	 1.607843	 2	
  .000177	 1.607843	 1.921569	
  .0001772	 1.607843	 1.921569	
  .0001774	 1.686275	 2	
  .0001776	 1.686275	 2.156863	
  .0001778	 1.686275	 2.078431	
  .000178	 1.607843	 1.921569	
  .0001782	 1.607843	 2.156863	
  .0001784	 1.529412	 2.078431	
  .0001786	 1.529412	 2.078431	
  .0001788	 1.607843	 2.235294	
  .000179	 1.607843	 2.156863	
  .0001792	 1.686275	 2.235294	
  .0001794	 1.607843	 2.235294	
  .0001796	 1.607843	 2.235294	
  .0001798	 1.686275	 2.235294	
  .00018	 1.607843	 2.313725	
  .0001802	 1.529412	 2.156863	
  .0001804	 1.686275	 2.156863	
  .0001806	 1.607843	 2.235294	
  .0001808	 1.529412	 2.235294	
  .000181	 1.607843	 2.313725	
  .0001812	 1.607843	 2.313725	
  .0001814	 1.529412	 2.313725	
  .0001816	 1.45098	 2.235294	
  .0001818	 1.45098	 2.392157	
  .000182	 1.529412	 2.235294	
  .0001822	 1.529412	 2.313725	
  .0001824	 1.529412	 2.313725	
  .0001826	 1.607843	 2.392157	
  .0001828	 1.45098	 2.313725	
  .000183	 1.529412	 2.392157	
  .0001832	 1.529412	 2.235294	
  .0001834	 1.45098	 2.313725	
  .0001836	 1.372549	 2.313725	
  .0001838	 1.45098	 2.392157	
  .000184	 1.45098	 2.470588	
  .0001842	 1.529412	 2.470588	
  .0001844	 1.529412	 2.54902	
  .0001846	 1.372549	 2.470588	
  .0001848	 1.372549	 2.392157	
  .000185	 1.372549	 2.392157	
  .0001852	 1.294118	 2.392157	
  .0001854	 1.372549	 2.470588	
  .0001856	 1.372549	 2.470588	
  .0001858	 1.372549	 2.470588	
  .000186	 1.372549	 2.54902	
  .0001862	 1.372549	 2.392157	
  .0001864	 1.372549	 2.392157	
  .0001866	 1.372549	 2.313725	
  .0001868	 1.215686	 2.392157	
  .000187	 1.45098	 2.392157	
  .0001872	 1.294118	 2.470588	
  .0001874	 1.294118	 2.392157	
  .0001876	 1.45098	 2.470588	
  .0001878	 1.294118	 2.470588	
  .000188	 1.215686	 2.470588	
  .0001882	 1.215686	 2.392157	
  .0001884	 1.215686	 2.392157	
  .0001886	 1.215686	 2.470588	
  .0001888	 1.215686	 2.392157	
  .000189	 1.294118	 2.470588	
  .0001892	 1.215686	 2.54902	
  .0001894	 1.215686	 2.470588	
  .0001896	 1.137255	 2.470588	
  .0001898	 1.058824	 2.392157	
  .00019	 1.058824	 2.313725	
  .0001902	 1.137255	 2.313725	
  .0001904	 1.058824	 2.470588	
  .0001906	 1.137255	 2.313725	
  .0001908	 1.058824	 2.313725	
  .000191	 1.058824	 2.470588	
  .0001912	 .9803922	 2.392157	
  .0001914	 1.058824	 2.470588	
  .0001916	 1.058824	 2.313725	
  .0001918	 .9803922	 2.392157	
  .000192	 .9803922	 2.313725	
  .0001922	 1.058824	 2.392157	
  .0001924	 .9803922	 2.235294	
  .0001926	 .9803922	 2.313725	
  .0001928	 1.058824	 2.392157	
  .000193	 .9803922	 2.313725	
  .0001932	 .9019608	 2.392157	
  .0001934	 .8235294	 2.235294	
  .0001936	 .9019608	 2.392157	
  .0001938	 .9019608	 2.392157	
  .000194	 .9803922	 2.313725	
  .0001942	 .9019608	 2.392157	
  .0001944	 .8235294	 2.392157	
  .0001946	 .8235294	 2.313725	
  .0001948	 .8235294	 2.156863	
  .000195	 .7450981	 2.235294	
  .0001952	 .7450981	 2.235294	
  .0001954	 .7450981	 2.156863	
  .0001956	 .7450981	 2.235294	
  .0001958	 .7450981	 2.235294	
  .000196	 .7450981	 2.235294	
  .0001962	 .8235294	 2.235294	
  .0001964	 .7450981	 2.235294	
  .0001966	 .6666667	 2.235294	
  .0001968	 .6666667	 2.078431	
  .000197	 .6666667	 2.235294	
  .0001972	 .6666667	 2.156863	
  .0001974	 .6666667	 2.235294	
  .0001976	 .7450981	 2.235294	
  .0001978	 .6666667	 2.078431	
  .000198	 .7450981	 2.156863	
  .0001982	 .5882353	 2.156863	
  .0001984	 .5882353	 2.078431	
  .0001986	 .5882353	 2.078431	
  .0001988	 .509804	 2.078431	
  .000199	 .5882353	 2.078431	
  .0001992	 .509804	 2.078431	
  .0001994	 .5882353	 2.078431	
  .0001996	 .509804	 2.078431	
  .0001998	 .4313726	 2	
  .0002	 .4313726	 2	
  .0002002	 .509804	 1.843137	
  .0002004	 .509804	 1.921569	
  .0002006	 .4313726	 2	
  .0002008	 .3529412	 1.921569	
  .000201	 .4313726	 2	
  .0002012	 .4313726	 1.921569	
  .0002014	 .3529412	 1.921569	
  .0002016	 .2745098	 1.921569	
  .0002018	 .3529412	 1.843137	
  .000202	 .3529412	 1.843137	
  .0002022	 .3529412	 1.843137	
  .0002024	 .3529412	 1.843137	
  .0002026	 .3529412	 1.843137	
  .0002028	 .2745098	 1.843137	
  .000203	 .2745098	 1.686275	
  .0002032	 .2745098	 1.764706	
  .0002034	 .1960784	 1.686275	
  .0002036	 .2745098	 1.764706	
  .0002038	 .1960784	 1.686275	
  .000204	 .2745098	 1.843137	
  .0002042	 .1960784	 1.843137	
  .0002044	 .1176471	 1.843137	
  .0002046	 .1176471	 1.686275	
  .0002048	-3.921569E-02	 1.607843	
  .000205	 .1176471	 1.607843	
  .0002052	 .1176471	 1.607843	
  .0002054	 3.921569E-02	 1.607843	
  .0002056	 .1176471	 1.607843	
  .0002058	 .1176471	 1.607843	
  .000206	 3.921569E-02	 1.607843	
  .0002062	 3.921569E-02	 1.529412	
  .0002064	 3.921569E-02	 1.529412	
  .0002066	-3.921569E-02	 1.529412	
  .0002068	-3.921569E-02	 1.45098	
  .000207	 3.921569E-02	 1.607843	
  .0002072	-3.921569E-02	 1.372549	
  .0002074	 3.921569E-02	 1.45098	
  .0002076	-3.921569E-02	 1.45098	
  .0002078	-.1960784	 1.45098	
  .000208	-.1960784	 1.294118	
  .0002082	-.1960784	 1.294118	
  .0002084	-.1176471	 1.294118	
  .0002086	-3.921569E-02	 1.372549	
  .0002088	-.1176471	 1.372549	
  .000209	-.1176471	 1.372549	
  .0002092	-3.921569E-02	 1.215686	
  .0002094	-.1960784	 1.215686	
  .0002096	-.2745098	 1.215686	
  .0002098	-.2745098	 1.137255	
  .00021	-.1960784	 1.137255	
  .0002102	-.2745098	 1.137255	
  .0002104	-.1960784	 1.137255	
  .0002106	-.1960784	 1.058824	
  .0002108	-.3529412	 1.215686	
  .000211	-.3529412	 1.137255	
  .0002112	-.3529412	 1.137255	
  .0002114	-.4313726	 .9803922	
  .0002116	-.3529412	 1.058824	
  .0002118	-.2745098	 1.058824	
  .000212	-.4313726	 .9803922	
  .0002122	-.3529412	 .9803922	
  .0002124	-.3529412	 .9803922	
  .0002126	-.3529412	 .9803922	
  .0002128	-.4313726	 .8235294	
  .000213	-.4313726	 .9803922	
  .0002132	-.4313726	 .8235294	
  .0002134	-.4313726	 .8235294	
  .0002136	-.4313726	 .8235294	
  .0002138	-.4313726	 .9019608	
  .000214	-.4313726	 .9803922	
  .0002142	-.5882353	 .8235294	
  .0002144	-.509804	 .8235294	
  .0002146	-.509804	 .6666667	
  .0002148	-.509804	 .6666667	
  .000215	-.509804	 .7450981	
  .0002152	-.509804	 .6666667	
  .0002154	-.5882353	 .7450981	
  .0002156	-.5882353	 .6666667	
  .0002158	-.5882353	 .5882353	
  .000216	-.5882353	 .6666667	
  .0002162	-.5882353	 .5882353	
  .0002164	-.6666667	 .5882353	
  .0002166	-.5882353	 .509804	
  .0002168	-.5882353	 .509804	
  .000217	-.5882353	 .509804	
  .0002172	-.6666667	 .5882353	
  .0002174	-.5882353	 .4313726	
  .0002176	-.7450981	 .3529412	
  .0002178	-.7450981	 .5882353	
  .000218	-.6666667	 .4313726	
  .0002182	-.6666667	 .2745098	
  .0002184	-.5882353	 .509804	
  .0002186	-.6666667	 .3529412	
  .0002188	-.7450981	 .4313726	
  .000219	-.7450981	 .3529412	
  .0002192	-.8235294	 .3529412	
  .0002194	-.7450981	 .1960784	
  .0002196	-.8235294	 .1960784	
  .0002198	-.9019608	 .1960784	
  .00022	-.7450981	 .1960784	
  .0002202	-.7450981	 .2745098	
  .0002204	-.7450981	 .1176471	
  .0002206	-.7450981	 .1960784	
  .0002208	-.8235294	 .1176471	
  .000221	-.8235294	 .1960784	
  .0002212	-.8235294	 .1176471	
  .0002214	-.8235294	 3.921569E-02	
  .0002216	-.8235294	 3.921569E-02	
  .0002218	-.9019608	 3.921569E-02	
  .000222	-.8235294	-3.921569E-02	
  .0002222	-.8235294	 3.921569E-02	
  .0002224	-.8235294	 3.921569E-02	
  .0002226	-.8235294	-3.921569E-02	
  .0002228	-.9019608	-3.921569E-02	
  .000223	-.8235294	-3.921569E-02	
  .0002232	-.8235294	-.1176471	
  .0002234	-.9019608	-.1176471	
  .0002236	-.9019608	-.1176471	
  .0002238	-.8235294	-.1176471	
  .000224	-.9019608	-3.921569E-02	
  .0002242	-.9803922	-.1176471	
  .0002244	-.9803922	-.2745098	
  .0002246	-.9803922	-.1960784	
  .0002248	-1.058824	-.2745098	
  .000225	-.9803922	-.1960784	
  .0002252	-.9019608	-.2745098	
  .0002254	-.8235294	-.1960784	
  .0002256	-.9803922	-.2745098	
  .0002258	-.9803922	-.2745098	
  .000226	-.9803922	-.3529412	
  .0002262	-.9019608	-.3529412	
  .0002264	-.9803922	-.4313726	
  .0002266	-.9019608	-.3529412	
  .0002268	-.9803922	-.3529412	
  .000227	-.9803922	-.4313726	
  .0002272	-.8235294	-.509804	
  .0002274	-.9019608	-.509804	
  .0002276	-.9803922	-.4313726	
  .0002278	-.9019608	-.509804	
  .000228	-.9803922	-.5882353	
  .0002282	-.9803922	-.5882353	
  .0002284	-.9803922	-.4313726	
  .0002286	-.9803922	-.509804	
  .0002288	-.9019608	-.509804	
  .000229	-.9019608	-.6666667	
  .0002292	-.9803922	-.6666667	
  .0002294	-1.058824	-.7450981	
  .0002296	-1.058824	-.7450981	
  .0002298	-.9019608	-.7450981	
  .00023	-.9803922	-.6666667	
  .0002302	-.9803922	-.7450981	
  .0002304	-.9803922	-.6666667	
  .0002306	-.9803922	-.6666667	
  .0002308	-.9803922	-.7450981	
  .000231	-.9803922	-.7450981	
  .0002312	-1.058824	-.8235294	
  .0002314	-1.058824	-.8235294	
  .0002316	-.9803922	-.9019608	
  .0002318	-.9803922	-.9019608	
  .000232	-.9019608	-.8235294	
  .0002322	-.9803922	-.8235294	
  .0002324	-.9803922	-.9019608	
  .0002326	-.9803922	-.9803922	
  .0002328	-1.058824	-.9019608	
  .000233	-1.058824	-.9803922	
  .0002332	-.9803922	-.8235294	
  .0002334	-.9803922	-.9803922	
  .0002336	-.9803922	-.9803922	
  .0002338	-.8235294	-.9019608	
  .000234	-.9803922	-.9803922	
  .0002342	-.9803922	-1.058824	
  .0002344	-1.058824	-1.137255	
  .0002346	-1.058824	-1.058824	
  .0002348	-.9803922	-1.058824	
  .000235	-1.058824	-1.058824	
  .0002352	-.9803922	-1.137255	
  .0002354	-.9803922	-1.137255	
  .0002356	-.9803922	-1.137255	
  .0002358	-.9803922	-1.215686	
  .000236	-.9803922	-1.215686	
  .0002362	-.9803922	-1.137255	
  .0002364	-.9803922	-1.294118	
  .0002366	-.9019608	-1.137255	
  .0002368	-.9019608	-1.137255	
  .000237	-.9019608	-1.137255	
  .0002372	-.9019608	-1.294118	
  .0002374	-1.058824	-1.294118	
  .0002376	-.9803922	-1.137255	
  .0002378	-.9803922	-1.294118	
  .000238	-.9803922	-1.294118	
  .0002382	-.9019608	-1.215686	
  .0002384	-.9019608	-1.215686	
  .0002386	-.8235294	-1.294118	
  .0002388	-.8235294	-1.372549	
  .000239	-.9803922	-1.372549	
  .0002392	-.9019608	-1.372549	
  .0002394	-.9803922	-1.45098	
  .0002396	-.9019608	-1.45098	
  .0002398	-.9019608	-1.45098	
  .00024	-.9019608	-1.372549	
  .0002402	-.9019608	-1.45098	
  .0002404	-.8235294	-1.45098	
  .0002406	-.9019608	-1.372549	
  .0002408	-.9019608	-1.45098	
  .000241	-.9019608	-1.372549	
  .0002412	-.9019608	-1.45098	
  .0002414	-.8235294	-1.529412	
  .0002416	-.9019608	-1.45098	
  .0002418	-.8235294	-1.372549	
  .000242	-.9019608	-1.529412	
  .0002422	-.8235294	-1.529412	
  .0002424	-.9019608	-1.45098	
  .0002426	-.8235294	-1.529412	
  .0002428	-.8235294	-1.529412	
  .000243	-.8235294	-1.45098	
  .0002432	-.8235294	-1.529412	
  .0002434	-.7450981	-1.529412	
  .0002436	-.7450981	-1.529412	
  .0002438	-.7450981	-1.529412	
  .000244	-.8235294	-1.372549	
  .0002442	-.8235294	-1.607843	
  .0002444	-.8235294	-1.529412	
  .0002446	-.7450981	-1.607843	
  .0002448	-.7450981	-1.529412	
  .000245	-.6666667	-1.607843	
  .0002452	-.7450981	-1.529412	
  .0002454	-.7450981	-1.529412	
  .0002456	-.7450981	-1.529412	
  .0002458	-.7450981	-1.686275	
  .000246	-.7450981	-1.529412	
  .0002462	-.6666667	-1.607843	
  .0002464	-.6666667	-1.529412	
  .0002466	-.6666667	-1.529412	
  .0002468	-.6666667	-1.607843	
  .000247	-.5882353	-1.607843	
  .0002472	-.5882353	-1.529412	
  .0002474	-.7450981	-1.529412	
  .0002476	-.6666667	-1.607843	
  .0002478	-.7450981	-1.529412	
  .000248	-.6666667	-1.607843	
  .0002482	-.5882353	-1.607843	
  .0002484	-.5882353	-1.529412	
  .0002486	-.5882353	-1.607843	
  .0002488	-.5882353	-1.529412	
  .000249	-.6666667	-1.607843	
  .0002492	-.6666667	-1.607843	
  .0002494	-.5882353	-1.529412	
  .0002496	-.5882353	-1.686275	
  .0002498	-.5882353	-1.529412	
  .00025	-.509804	-1.529412	
  .0002502	-.5882353	-1.607843	
  .0002504	-.509804	-1.45098	
  .0002506	-.5882353	-1.529412	
  .0002508	-.509804	-1.529412	
  .000251	-.5882353	-1.529412	
  .0002512	-.5882353	-1.529412	
  .0002514	-.4313726	-1.529412	
  .0002516	-.4313726	-1.45098	
  .0002518	-.4313726	-1.607843	
  .000252	-.4313726	-1.529412	
  .0002522	-.4313726	-1.45098	
  .0002524	-.4313726	-1.607843	
  .0002526	-.3529412	-1.45098	
  .0002528	-.4313726	-1.45098	
  .000253	-.3529412	-1.45098	
  .0002532	-.3529412	-1.529412	
  .0002534	-.3529412	-1.529412	
  .0002536	-.3529412	-1.45098	
  .0002538	-.4313726	-1.45098	
  .000254	-.3529412	-1.529412	
  .0002542	-.2745098	-1.45098	
  .0002544	-.4313726	-1.45098	
  .0002546	-.2745098	-1.45098	
  .0002548	-.2745098	-1.45098	
  .000255	-.1960784	-1.372549	
  .0002552	-.2745098	-1.45098	
  .0002554	-.1960784	-1.372549	
  .0002556	-.2745098	-1.372549	
  .0002558	-.1960784	-1.45098	
  .000256	-.2745098	-1.45098	
  .0002562	-.1960784	-1.372549	
  .0002564	-.1960784	-1.372549	
  .0002566	-.1960784	-1.45098	
  .0002568	-.1960784	-1.294118	
  .000257	-3.921569E-02	-1.294118	
  .0002572	-.1960784	-1.372549	
  .0002574	-.1176471	-1.372549	
  .0002576	-.1960784	-1.294118	
  .0002578	-.1960784	-1.372549	
  .000258	-.1176471	-1.294118	
  .0002582	-.1960784	-1.294118	
  .0002584	-.1176471	-1.215686	
  .0002586	-3.921569E-02	-1.294118	
  .0002588	-.1176471	-1.215686	
  .000259	-3.921569E-02	-1.215686	
  .0002592	-.1960784	-1.137255	
  .0002594	-.1176471	-1.294118	
  .0002596	-3.921569E-02	-1.215686	
  .0002598	-3.921569E-02	-1.215686	
  .00026	-.1176471	-1.137255	
  .0002602	-3.921569E-02	-1.137255	
  .0002604	 3.921569E-02	-1.137255	
  .0002606	 3.921569E-02	-1.137255	
  .0002608	-3.921569E-02	-1.137255	
  .000261	-3.921569E-02	-1.137255	
  .0002612	 3.921569E-02	-1.137255	
  .0002614	 3.921569E-02	-1.137255	
  .0002616	 3.921569E-02	-1.058824	
  .0002618	 3.921569E-02	-1.137255	
  .000262	 .1176471	-1.058824	
  .0002622	 3.921569E-02	-1.058824	
  .0002624	 3.921569E-02	-1.137255	
  .0002626	 3.921569E-02	-1.058824	
  .0002628	 3.921569E-02	-1.137255	
  .000263	 .1960784	-1.058824	
  .0002632	 .1176471	-.9803922	
  .0002634	 .1960784	-1.058824	
  .0002636	 .1960784	-.9803922	
  .0002638	 .1176471	-.8235294	
  .000264	 .1960784	-.9803922	
  .0002642	 .1176471	-.9019608	
  .0002644	 .1960784	-.9019608	
  .0002646	 .1960784	-.9019608	
  .0002648	 .1960784	-.9019608	
  .000265	 .1960784	-.9019608	
  .0002652	 .2745098	-.9019608	
  .0002654	 .1960784	-.8235294	
  .0002656	 .2745098	-.9019608	
  .0002658	 .2745098	-.8235294	
  .000266	 .1960784	-.9019608	
  .0002662	 .3529412	-.9019608	
  .0002664	 .3529412	-.7450981	
  .0002666	 .2745098	-.9019608	
  .0002668	 .4313726	-.7450981	
  .000267	 .3529412	-.7450981	
  .0002672	 .3529412	-.7450981	
  .0002674	 .3529412	-.7450981	
  .0002676	 .3529412	-.7450981	
  .0002678	 .3529412	-.7450981	
  .000268	 .3529412	-.6666667	
  .0002682	 .4313726	-.7450981	
  .0002684	 .3529412	-.5882353	
  .0002686	 .3529412	-.5882353	
  .0002688	 .3529412	-.6666667	
  .000269	 .3529412	-.6666667	
  .0002692	 .3529412	-.5882353	
  .0002694	 .4313726	-.6666667	
  .0002696	 .4313726	-.5882353	
  .0002698	 .509804	-.5882353	
  .00027	 .4313726	-.6666667	
  .0002702	 .4313726	-.509804	
  .0002704	 .3529412	-.509804	
  .0002706	 .509804	-.509804	
  .0002708	 .509804	-.5882353	
  .000271	 .4313726	-.5882353	
  .0002712	 .509804	-.5882353	
  .0002714	 .4313726	-.509804	
  .0002716	 .509804	-.4313726	
  .0002718	 .509804	-.4313726	
  .000272	 .5882353	-.4313726	
  .0002722	 .5882353	-.509804	
  .0002724	 .509804	-.4313726	
  .0002726	 .509804	-.3529412	
  .0002728	 .5882353	-.2745098	
  .000273	 .509804	-.2745098	
  .0002732	 .6666667	-.2745098	
  .0002734	 .5882353	-.3529412	
  .0002736	 .509804	-.2745098	
  .0002738	 .509804	-.3529412	
  .000274	 .509804	-.3529412	
  .0002742	 .5882353	-.3529412	
  .0002744	 .5882353	-.3529412	
  .0002746	 .5882353	-.1960784	
  .0002748	 .6666667	-.1176471	
  .000275	 .6666667	-.1960784	
  .0002752	 .6666667	-.1176471	
  .0002754	 .6666667	-.1960784	
  .0002756	 .7450981	-.1960784	
  .0002758	 .6666667	-.1176471	
  .000276	 .6666667	-.2745098	
  .0002762	 .7450981	-3.921569E-02	
  .0002764	 .6666667	-.1176471	
  .0002766	 .6666667	 3.921569E-02	
  .0002768	 .7450981	-.1960784	
  .000277	 .7450981	-.1176471	
  .0002772	 .7450981	-3.921569E-02	
  .0002774	 .6666667	-.1176471	
  .0002776	 .7450981	-3.921569E-02	
  .0002778	 .7450981	 3.921569E-02	
  .000278	 .7450981	-3.921569E-02	
  .0002782	 .8235294	 3.921569E-02	
  .0002784	 .8235294	 3.921569E-02	
  .0002786	 .6666667	 3.921569E-02	
  .0002788	 .7450981	 3.921569E-02	
  .000279	 .7450981	 .1176471	
  .0002792	 .7450981	 3.921569E-02	
  .0002794	 .8235294	 3.921569E-02	
  .0002796	 .8235294	 3.921569E-02	
  .0002798	 .7450981	 .1176471	
  .00028	 .8235294	 .1176471	
  .0002802	 .7450981	 .1960784	
  .0002804	 .8235294	 3.921569E-02	
  .0002806	 .7450981	 .1960784	
  .0002808	 .6666667	 .1960784	
  .000281	 .8235294	 .1960784	
  .0002812	 .7450981	 .2745098	
  .0002814	 .9019608	 .1960784	
  .0002816	 .8235294	 .1960784	
  .0002818	 .8235294	 .2745098	
  .000282	 .7450981	 .3529412	
  .0002822	 .8235294	 .2745098	
  .0002824	 .9019608	 .2745098	
  .0002826	 .8235294	 .3529412	
  .0002828	 .9019608	 .3529412	
  .000283	 .9019608	 .4313726	
  .0002832	 .8235294	 .4313726	
  .0002834	 .9019608	 .4313726	
  .0002836	 .8235294	 .4313726	
  .0002838	 .8235294	 .4313726	
  .000284	 .8235294	 .3529412	
  .0002842	 .8235294	 .3529412	
  .0002844	 .9803922	 .509804	
  .0002846	 .8235294	 .509804	
  .0002848	 .9019608	 .5882353	
  .000285	 .9019608	 .5882353	
  .0002852	 .8235294	 .509804	
  .0002854	 .9019608	 .4313726	
  .0002856	 .8235294	 .509804	
  .0002858	 .8235294	 .5882353	
  .000286	 .9019608	 .5882353	
  .0002862	 .9019608	 .5882353	
  .0002864	 .9019608	 .5882353	
  .0002866	 .9803922	 .6666667	
  .0002868	 .9019608	 .6666667	
  .000287	 .9019608	 .6666667	
  .0002872	 .8235294	 .5882353	
  .0002874	 .9019608	 .7450981	
  .0002876	 .9019608	 .6666667	
  .0002878	 .9019608	 .7450981	
  .000288	 .9803922	 .7450981	
  .0002882	 .9019608	 .7450981	
  .0002884	 .9019608	 .7450981	
  .0002886	 .9019608	 .6666667	
  .0002888	 .8235294	 .6666667	
  .000289	 .9019608	 .7450981	
  .0002892	 .9019608	 .7450981	
  .0002894	 .8235294	 .8235294	
  .0002896	 .8235294	 .7450981	
  .0002898	 .9019608	 .7450981	
  .00029	 .9019608	 .8235294	
  .0002902	 .8235294	 .9019608	
  .0002904	 .9019608	 .7450981	
  .0002906	 .8235294	 .8235294	
  .0002908	 .8235294	 .7450981	
  .000291	 .9019608	 .9019608	
  .0002912	 .9019608	 .8235294	
  .0002914	 .9019608	 .9019608	
  .0002916	 .9019608	 .9019608	
  .0002918	 .9019608	 .9019608	
  .000292	 .8235294	 .9019608	
  .0002922	 .8235294	 .9803922	
  .0002924	 .8235294	 .9019608	
  .0002926	 .9019608	 .9803922	
  .0002928	 .8235294	 .9019608	
  .000293	 .9019608	 1.058824	
  .0002932	 .9019608	 1.058824	
  .0002934	 .8235294	 1.058824	
  .0002936	 .7450981	 .9803922	
  .0002938	 .8235294	 .9803922	
  .000294	 .8235294	 .9803922	
  .0002942	 .9019608	 .9803922	
  .0002944	 .8235294	 1.058824	
  .0002946	 .8235294	 1.137255	
  .0002948	 .8235294	 1.137255	
  .000295	 .8235294	 1.137255	
  .0002952	 .8235294	 1.058824	
  .0002954	 .7450981	 1.058824	
  .0002956	 .8235294	 1.137255	
  .0002958	 .8235294	 1.137255	
  .000296	 .9019608	 1.215686	
  .0002962	 .8235294	 1.215686	
  .0002964	 .8235294	 1.215686	
  .0002966	 .9019608	 1.137255	
  .0002968	 .8235294	 1.137255	
  .000297	 .8235294	 1.137255	
  .0002972	 .7450981	 1.137255	
  .0002974	 .7450981	 1.058824	
  .0002976	 .8235294	 1.215686	
  .0002978	 .7450981	 1.215686	
  .000298	 .8235294	 1.294118	
  .0002982	 .9019608	 1.215686	
  .0002984	 .8235294	 1.137255	
  .0002986	 .7450981	 1.137255	
  .0002988	 .7450981	 1.215686	
  .000299	 .7450981	 1.215686	
  .0002992	 .8235294	 1.137255	
  .0002994	 .9019608	 1.215686	
  .0002996	 .8235294	 1.137255	
  .0002998	 .7450981	 1.294118	
  .0003	 .7450981	 1.215686	
  .0003002	 .7450981	 1.215686	
  .0003004	 .7450981	 1.215686	
  .0003006	 .6666667	 1.215686	
  .0003008	 .6666667	 1.137255	
  .000301	 .6666667	 1.215686	
  .0003012	 .7450981	 1.137255	
  .0003014	 .7450981	 1.137255	
  .0003016	 .7450981	 1.137255	
  .0003018	 .7450981	 1.294118	
  .000302	 .7450981	 1.215686	
  .0003022	 .6666667	 1.215686	
  .0003024	 .6666667	 1.215686	
  .0003026	 .7450981	 1.294118	
  .0003028	 .7450981	 1.294118	
  .000303	 .6666667	 1.294118	
  .0003032	 .7450981	 1.294118	
  .0003034	 .6666667	 1.372549	
  .0003036	 .6666667	 1.215686	
  .0003038	 .5882353	 1.215686	
  .000304	 .5882353	 1.215686	
  .0003042	 .6666667	 1.294118	
  .0003044	 .6666667	 1.294118	
  .0003046	 .6666667	 1.294118	
  .0003048	 .6666667	 1.294118	
  .000305	 .7450981	 1.215686	
  .0003052	 .5882353	 1.137255	
  .0003054	 .6666667	 1.294118	
  .0003056	 .5882353	 1.294118	
  .0003058	 .6666667	 1.215686	
  .000306	 .6666667	 1.294118	
  .0003062	 .5882353	 1.137255	
  .0003064	 .7450981	 1.372549	
  .0003066	 .6666667	 1.294118	
  .0003068	 .5882353	 1.215686	
  .000307	 .509804	 1.137255	
  .0003072	 .5882353	 1.215686	
  .0003074	 .6666667	 1.137255	
  .0003076	 .5882353	 1.215686	
  .0003078	 .6666667	 1.215686	
  .000308	 .6666667	 1.372549	
  .0003082	 .5882353	 1.215686	
  .0003084	 .509804	 1.215686	
  .0003086	 .509804	 1.137255	
  .0003088	 .509804	 1.137255	
  .000309	 .509804	 1.215686	
  .0003092	 .509804	 1.215686	
  .0003094	 .509804	 1.215686	
  .0003096	 .509804	 1.058824	
  .0003098	 .509804	 1.215686	
  .00031	 .509804	 1.215686	
  .0003102	 .509804	 1.215686	
  .0003104	 .4313726	 1.215686	
  .0003106	 .3529412	 1.137255	
  .0003108	 .4313726	 1.137255	
  .000311	 .509804	 1.137255	
  .0003112	 .509804	 1.137255	
  .0003114	 .3529412	 1.215686	
  .0003116	 .509804	 1.294118	
  .0003118	 .4313726	 1.058824	
  .000312	 .3529412	 1.137255	
  .0003122	 .3529412	 1.058824	
  .0003124	 .3529412	 1.058824	
  .0003126	 .4313726	 1.137255	
  .0003128	 .4313726	 1.215686	
  .000313	 .4313726	 1.215686	
  .0003132	 .2745098	 1.137255	
  .0003134	 .3529412	 1.058824	
  .0003136	 .3529412	 1.058824	
  .0003138	 .2745098	 1.058824	
  .000314	 .3529412	 1.058824	
  .0003142	 .3529412	 .9803922	
  .0003144	 .3529412	 1.058824	
  .0003146	 .3529412	 1.137255	
  .0003148	 .3529412	 1.058824	
  .000315	 .2745098	 1.058824	
  .0003152	 .3529412	 .9803922	
  .0003154	 .1960784	 .9803922	
  .0003156	 .3529412	 .9803922	
  .0003158	 .3529412	 1.058824	
  .000316	 .2745098	 .9019608	
  .0003162	 .2745098	 1.058824	
  .0003164	 .3529412	 .9803922	
  .0003166	 .1960784	 .9019608	
  .0003168	 .1960784	 1.058824	
  .000317	 .1960784	 .9803922	
  .0003172	 .1176471	 .9019608	
  .0003174	 .1960784	 .9019608	
  .0003176	 .2745098	 .9803922	
  .0003178	 .1960784	 .9803922	
  .000318	 .2745098	 .9803922	
  .0003182	 .1176471	 .9019608	
  .0003184	 .2745098	 .9803922	
  .0003186	 .1176471	 .9019608	
  .0003188	 .1176471	 .9019608	
  .000319	 .2745098	 .7450981	
  .0003192	 .2745098	 .8235294	
  .0003194	 .1960784	 .8235294	
  .0003196	 .1176471	 .8235294	
  .0003198	 3.921569E-02	 .9019608	
  .00032	 .1960784	 .9019608	
  .0003202	 3.921569E-02	 .8235294	
  .0003204	 3.921569E-02	 .9019608	
  .0003206	 .1176471	 .7450981	
  .0003208	 .1176471	 .7450981	
  .000321	 .1176471	 .7450981	
  .0003212	 .1176471	 .8235294	
  .0003214	 3.921569E-02	 .9019608	
  .0003216	 3.921569E-02	 .9019608	
  .0003218	 3.921569E-02	 .7450981	
  .000322	 3.921569E-02	 .8235294	
  .0003222	 .1176471	 .8235294	
  .0003224	 .1176471	 .8235294	
  .0003226	 3.921569E-02	 .7450981	
  .0003228	 .1176471	 .7450981	
  .000323	-3.921569E-02	 .9019608	
  .0003232	-3.921569E-02	 .8235294	
  .0003234	-3.921569E-02	 .6666667	
  .0003236	-3.921569E-02	 .6666667	
  .0003238	-3.921569E-02	 .6666667	
  .000324	-3.921569E-02	 .6666667	
  .0003242	-3.921569E-02	 .6666667	
  .0003244	 3.921569E-02	 .5882353	
  .0003246	-3.921569E-02	 .7450981	
  .0003248	-.1176471	 .6666667	
  .000325	-3.921569E-02	 .509804	
  .0003252	-3.921569E-02	 .6666667	
  .0003254	-.1176471	 .6666667	
  .0003256	-3.921569E-02	 .6666667	
  .0003258	-3.921569E-02	 .5882353	
  .000326	-.1176471	 .5882353	
  .0003262	 3.921569E-02	 .6666667	
  .0003264	-3.921569E-02	 .6666667	
  .0003266	-.1176471	 .5882353	
  .0003268	-.1960784	 .509804	
  .000327	-.1176471	 .5882353	
  .0003272	-3.921569E-02	 .509804	
  .0003274	-3.921569E-02	 .5882353	
  .0003276	-3.921569E-02	 .5882353	
  .0003278	-.1176471	 .6666667	
  .000328	-.1176471	 .5882353	
  .0003282	-.1960784	 .509804	
  .0003284	-.1960784	 .4313726	
  .0003286	-.1176471	 .509804	
  .0003288	-.1960784	 .3529412	
  .000329	-.1176471	 .509804	
  .0003292	-.1960784	 .4313726	
  .0003294	-.1176471	 .3529412	
  .0003296	-.2745098	 .509804	
  .0003298	-.1960784	 .509804	
  .00033	-.1960784	 .3529412	
  .0003302	-.1960784	 .3529412	
  .0003304	-.2745098	 .2745098	
  .0003306	-.1960784	 .4313726	
  .0003308	-.1960784	 .2745098	
  .000331	-.1960784	 .4313726	
  .0003312	-.1960784	 .4313726	
  .0003314	-.1960784	 .2745098	
  .0003316	-.1960784	 .2745098	
  .0003318	-.2745098	 .3529412	
  .000332	-.3529412	 .3529412	
  .0003322	-.1960784	 .3529412	
  .0003324	-.3529412	 .3529412	
  .0003326	-.2745098	 .2745098	
  .0003328	-.2745098	 .3529412	
  .000333	-.2745098	 .2745098	
  .0003332	-.3529412	 .2745098	
  .0003334	-.3529412	 .1960784	
  .0003336	-.3529412	 .2745098	
  .0003338	-.2745098	 .1960784	
  .000334	-.2745098	 .1960784	
  .0003342	-.3529412	 .2745098	
  .0003344	-.2745098	 .2745098	
  .0003346	-.2745098	 .1960784	
  .0003348	-.3529412	 .1960784	
  .000335	-.2745098	 .1176471	
  .0003352	-.3529412	 .2745098	
  .0003354	-.2745098	 .1176471	
  .0003356	-.2745098	 .1960784	
  .0003358	-.3529412	 3.921569E-02	
  .000336	-.2745098	 .1960784	
  .0003362	-.1960784	 3.921569E-02	
  .0003364	-.4313726	 3.921569E-02	
  .0003366	-.3529412	 .1960784	
  .0003368	-.4313726	 3.921569E-02	
  .000337	-.4313726	 3.921569E-02	
  .0003372	-.3529412	 .1960784	
  .0003374	-.3529412	 3.921569E-02	
  .0003376	-.2745098	 .1176471	
  .0003378	-.4313726	 3.921569E-02	
  .000338	-.4313726	 3.921569E-02	
  .0003382	-.2745098	 3.921569E-02	
  .0003384	-.4313726	-.1176471	
  .0003386	-.509804	 3.921569E-02	
  .0003388	-.3529412	-.1176471	
  .000339	-.3529412	 3.921569E-02	
  .0003392	-.4313726	-.1176471	
  .0003394	-.4313726	 3.921569E-02	
  .0003396	-.4313726	-3.921569E-02	
  .0003398	-.3529412	-.1176471	
  .00034	-.4313726	-.1176471	
  .0003402	-.4313726	-.1176471	
  .0003404	-.3529412	-.1176471	
  .0003406	-.4313726	-3.921569E-02	
  .0003408	-.3529412	-.1176471	
  .000341	-.4313726	-.1960784	
  .0003412	-.4313726	-.1176471	
  .0003414	-.4313726	-.1176471	
  .0003416	-.4313726	-.1176471	
  .0003418	-.4313726	-.1176471	
  .000342	-.509804	-.1960784	
  .0003422	-.3529412	-.1176471	
  .0003424	-.3529412	-.2745098	
  .0003426	-.4313726	-.1176471	
  .0003428	-.4313726	-.1176471	
  .000343	-.4313726	-.1176471	
  .0003432	-.509804	-.2745098	
  .0003434	-.509804	-.3529412	
  .0003436	-.4313726	-.1960784	
  .0003438	-.4313726	-.2745098	
  .000344	-.4313726	-.1960784	
  .0003442	-.4313726	-.1960784	
  .0003444	-.4313726	-.1960784	
  .0003446	-.4313726	-.1960784	
  .0003448	-.509804	-.2745098	
  .000345	-.509804	-.3529412	
  .0003452	-.509804	-.2745098	
  .0003454	-.4313726	-.2745098	
  .0003456	-.4313726	-.2745098	
  .0003458	-.509804	-.3529412	
  .000346	-.3529412	-.3529412	
  .0003462	-.4313726	-.2745098	
  .0003464	-.509804	-.2745098	
  .0003466	-.509804	-.3529412	
  .0003468	-.5882353	-.4313726	
  .000347	-.4313726	-.3529412	
  .0003472	-.4313726	-.3529412	
  .0003474	-.3529412	-.3529412	
  .0003476	-.4313726	-.3529412	
  .0003478	-.3529412	-.3529412	
  .000348	-.509804	-.4313726	
  .0003482	-.509804	-.4313726	
  .0003484	-.509804	-.4313726	
  .0003486	-.509804	-.509804	
  .0003488	-.4313726	-.4313726	
  .000349	-.3529412	-.4313726	
  .0003492	-.3529412	-.509804	
  .0003494	-.4313726	-.4313726	
  .0003496	-.509804	-.4313726	
  .0003498	-.509804	-.4313726	
  .00035	-.509804	-.509804	
  .0003502	-.509804	-.509804	
  .0003504	-.4313726	-.5882353	
  .0003506	-.4313726	-.5882353	
  .0003508	-.4313726	-.4313726	
  .000351	-.4313726	-.509804	
  .0003512	-.3529412	-.4313726	
  .0003514	-.4313726	-.5882353	
  .0003516	-.4313726	-.4313726	
  .0003518	-.509804	-.509804	
  .000352	-.4313726	-.5882353	
  .0003522	-.3529412	-.509804	
  .0003524	-.4313726	-.509804	
  .0003526	-.4313726	-.4313726	
  .0003528	-.509804	-.4313726	
  .000353	-.509804	-.5882353	
  .0003532	-.4313726	-.5882353	
  .0003534	-.509804	-.6666667	
  .0003536	-.3529412	-.6666667	
  .0003538	-.4313726	-.5882353	
  .000354	-.4313726	-.6666667	
  .0003542	-.4313726	-.509804	
  .0003544	-.4313726	-.5882353	
  .0003546	-.4313726	-.6666667	
  .0003548	-.3529412	-.6666667	
  .000355	-.4313726	-.5882353	
  .0003552	-.4313726	-.5882353	
  .0003554	-.4313726	-.509804	
  .0003556	-.4313726	-.6666667	
  .0003558	-.3529412	-.5882353	
  .000356	-.3529412	-.6666667	
  .0003562	-.4313726	-.7450981	
  .0003564	-.3529412	-.5882353	
  .0003566	-.4313726	-.6666667	
  .0003568	-.4313726	-.6666667	
  .000357	-.4313726	-.5882353	
  .0003572	-.4313726	-.5882353	
  .0003574	-.3529412	-.6666667	
  .0003576	-.3529412	-.6666667	
  .0003578	-.3529412	-.7450981	
  .000358	-.3529412	-.7450981	
  .0003582	-.4313726	-.7450981	
  .0003584	-.4313726	-.7450981	
  .0003586	-.3529412	-.7450981	
  .0003588	-.2745098	-.7450981	
  .000359	-.4313726	-.7450981	
  .0003592	-.3529412	-.6666667	
  .0003594	-.4313726	-.7450981	
  .0003596	-.3529412	-.6666667	
  .0003598	-.3529412	-.6666667	
  .00036	-.4313726	-.7450981	
  .0003602	-.3529412	-.7450981	
  .0003604	-.2745098	-.7450981	
  .0003606	-.2745098	-.7450981	
  .0003608	-.2745098	-.6666667	
  .000361	-.3529412	-.7450981	
  .0003612	-.3529412	-.7450981	
  .0003614	-.3529412	-.7450981	
  .0003616	-.3529412	-.7450981	
  .0003618	-.4313726	-.7450981	
  .000362	-.1960784	-.7450981	
  .0003622	-.3529412	-.7450981	
  .0003624	-.1960784	-.6666667	
  .0003626	-.1960784	-.6666667	
  .0003628	-.3529412	-.7450981	
  .000363	-.2745098	-.9019608	
  .0003632	-.2745098	-.9019608	
  .0003634	-.3529412	-.7450981	
  .0003636	-.2745098	-.6666667	
  .0003638	-.1960784	-.7450981	
  .000364	-.2745098	-.8235294	
  .0003642	-.1960784	-.7450981	
  .0003644	-.2745098	-.7450981	
  .0003646	-.2745098	-.6666667	
  .0003648	-.2745098	-.8235294	
  .000365	-.2745098	-.8235294	
  .0003652	-.1960784	-.7450981	
  .0003654	-.2745098	-.6666667	
  .0003656	-.2745098	-.7450981	
  .0003658	-.1176471	-.8235294	
  .000366	-.2745098	-.7450981	
  .0003662	-.1176471	-.7450981	
  .0003664	-.1960784	-.7450981	
  .0003666	-.2745098	-.7450981	
  .0003668	-.1176471	-.7450981	
  .000367	-.1176471	-.6666667	
  .0003672	-.1960784	-.6666667	
  .0003674	-.1176471	-.5882353	
  .0003676	-.1960784	-.7450981	
  .0003678	-.1960784	-.7450981	
  .000368	-.1960784	-.9019608	
  .0003682	-.1960784	-.7450981	
  .0003684	-.1176471	-.8235294	
  .0003686	-.1176471	-.7450981	
  .0003688	-3.921569E-02	-.7450981	
  .000369	-3.921569E-02	-.7450981	
  .0003692	-.1960784	-.6666667	
  .0003694	-.1176471	-.6666667	
  .0003696	-.1176471	-.6666667	
  .0003698	-.1960784	-.6666667	
  .00037	-.1176471	-.7450981	
  .0003702	-.1176471	-.7450981	
  .0003704	-3.921569E-02	-.7450981	
  .0003706	-3.921569E-02	-.6666667	
  .0003708	-3.921569E-02	-.7450981	
  .000371	-.1176471	-.7450981	
  .0003712	-.1176471	-.6666667	
  .0003714	-.1176471	-.5882353	
  .0003716	-.1176471	-.6666667	
  .0003718	-3.921569E-02	-.6666667	
  .000372	-.1176471	-.6666667	
  .0003722	-3.921569E-02	-.6666667	
  .0003724	-3.921569E-02	-.5882353	
  .0003726	-.1960784	-.5882353	
  .0003728	-3.921569E-02	-.6666667	
  .000373	-3.921569E-02	-.7450981	
  .0003732	-.1176471	-.6666667	
  .0003734	-3.921569E-02	-.509804	
  .0003736	 3.921569E-02	-.6666667	
  .0003738	-3.921569E-02	-.5882353	
  .000374	-3.921569E-02	-.509804	
  .0003742	 3.921569E-02	-.6666667	
  .0003744	-3.921569E-02	-.5882353	
  .0003746	 3.921569E-02	-.5882353	
  .0003748	-3.921569E-02	-.509804	
  .000375	 3.921569E-02	-.6666667	
  .0003752	 .1176471	-.5882353	
  .0003754	 3.921569E-02	-.509804	
  .0003756	 3.921569E-02	-.5882353	
  .0003758	 3.921569E-02	-.5882353	
  .000376	-3.921569E-02	-.6666667	
  .0003762	 .1176471	-.509804	
  .0003764	-3.921569E-02	-.5882353	
  .0003766	 .1176471	-.509804	
  .0003768	 3.921569E-02	-.509804	
  .000377	 .1176471	-.5882353	
  .0003772	 .1176471	-.509804	
  .0003774	 .1176471	-.509804	
  .0003776	 .1176471	-.5882353	
  .0003778	 3.921569E-02	-.4313726	
  .000378	 .1176471	-.509804	
  .0003782	 3.921569E-02	-.5882353	
  .0003784	 .1176471	-.5882353	
  .0003786	 .1176471	-.4313726	
  .0003788	 3.921569E-02	-.4313726	
  .000379	 .1176471	-.4313726	
  .0003792	 3.921569E-02	-.509804	
  .0003794	 .1176471	-.509804	
  .0003796	 3.921569E-02	-.4313726	
  .0003798	 3.921569E-02	-.4313726	
  .00038	 .1960784	-.509804	
  .0003802	 .1176471	-.4313726	
  .0003804	 .1176471	-.4313726	
  .0003806	 3.921569E-02	-.4313726	
  .0003808	 .1960784	-.4313726	
  .000381	 .1176471	-.4313726	
  .0003812	 .1960784	-.4313726	
  .0003814	 .1960784	-.3529412	
  .0003816	 .1176471	-.3529412	
  .0003818	 .2745098	-.3529412	
  .000382	 .2745098	-.3529412	
  .0003822	 .1960784	-.3529412	
  .0003824	 .1176471	-.3529412	
  .0003826	 .1960784	-.3529412	
  .0003828	 .1960784	-.3529412	
  .000383	 .1176471	-.3529412	
  .0003832	 .2745098	-.2745098	
  .0003834	 .1960784	-.2745098	
  .0003836	 .2745098	-.2745098	
  .0003838	 .2745098	-.2745098	
  .000384	 .1960784	-.3529412	
  .0003842	 .1960784	-.2745098	
  .0003844	 .1960784	-.3529412	
  .0003846	 .2745098	-.3529412	
  .0003848	 .1960784	-.2745098	
  .000385	 .2745098	-.2745098	
  .0003852	 .2745098	-.1960784	
  .0003854	 .3529412	-.1960784	
  .0003856	 .4313726	-.1960784	
  .0003858	 .3529412	-.1960784	
  .000386	 .2745098	-.2745098	
  .0003862	 .2745098	-.1960784	
  .0003864	 .1960784	-.1960784	
  .0003866	 .4313726	-.1960784	
  .0003868	 .3529412	-.1960784	
  .000387	 .3529412	-.1960784	
  .0003872	 .3529412	-.1960784	
  .0003874	 .2745098	-.1960784	
  .0003876	 .3529412	-.1960784	
  .0003878	 .2745098	-.1960784	
  .000388	 .2745098	-.1960784	
  .0003882	 .3529412	-.1176471	
  .0003884	 .2745098	-.1960784	
  .0003886	 .3529412	-.1176471	
  .0003888	 .4313726	-.1960784	
  .000389	 .3529412	-3.921569E-02	
  .0003892	 .2745098	-3.921569E-02	
  .0003894	 .3529412	-.1176471	
  .0003896	 .2745098	-.1176471	
  .0003898	 .3529412	-.1176471	
  .00039	 .3529412	-.1176471	
  .0003902	 .3529412	-.1176471	
  .0003904	 .3529412	-.1176471	
  .0003906	 .3529412	-.1176471	
  .0003908	 .3529412	-3.921569E-02	
  .000391	 .4313726	-.1176471	
  .0003912	 .3529412	 3.921569E-02	
  .0003914	 .4313726	-3.921569E-02	
  .0003916	 .4313726	-3.921569E-02	
  .0003918	 .3529412	-3.921569E-02	
  .000392	 .4313726	-3.921569E-02	
  .0003922	 .3529412	 3.921569E-02	
  .0003924	 .4313726	 3.921569E-02	
  .0003926	 .4313726	 3.921569E-02	
  .0003928	 .4313726	-3.921569E-02	
  .000393	 .3529412	-.1176471	
  .0003932	 .4313726	 3.921569E-02	
  .0003934	 .4313726	 3.921569E-02	
  .0003936	 .4313726	 .1176471	
  .0003938	 .4313726	 3.921569E-02	
  .000394	 .509804	-3.921569E-02	
  .0003942	 .4313726	 .1176471	
  .0003944	 .509804	 3.921569E-02	
  .0003946	 .4313726	 3.921569E-02	
  .0003948	 .509804	 3.921569E-02	
  .000395	 .4313726	 .1176471	
  .0003952	 .4313726	 .1176471	
  .0003954	 .509804	 3.921569E-02	
  .0003956	 .4313726	 3.921569E-02	
  .0003958	 .4313726	 3.921569E-02	
  .000396	 .4313726	 .1960784	
  .0003962	 .3529412	 .1176471	
  .0003964	 .4313726	 .1176471	
  .0003966	 .509804	 .1176471	
  .0003968	 .509804	 .1960784	
  .000397	 .509804	 .1960784	
  .0003972	 .509804	 .1960784	
  .0003974	 .4313726	 .1960784	
  .0003976	 .509804	 .1960784	
  .0003978	 .4313726	 .1960784	
  .000398	 .4313726	 .1176471	
  .0003982	 .509804	 .1960784	
  .0003984	 .509804	 .1960784	
  .0003986	 .509804	 .2745098	
  .0003988	 .4313726	 .1960784	
  .000399	 .4313726	 .1960784	
  .0003992	 .4313726	 .1176471	
  .0003994	 .4313726	 .1960784	
  .0003996	 .4313726	 .2745098	
  .0003998	 .4313726	 .1960784	
  .0004	 .5882353	 .2745098	
  .0004002	 .509804	 .1960784	
  .0004004	 .509804	 .2745098	
  .0004006	 .509804	 .2745098	
  .0004008	 .3529412	 .3529412	
  .000401	 .509804	 .2745098	
  .0004012	 .509804	 .2745098	
  .0004014	 .4313726	 .2745098	
  .0004016	 .5882353	 .3529412	
  .0004018	 .509804	 .2745098	
  .000402	 .509804	 .2745098	
  .0004022	 .509804	 .4313726	
  .0004024	 .509804	 .4313726	
  .0004026	 .4313726	 .3529412	
  .0004028	 .4313726	 .1960784	
  .000403	 .509804	 .2745098	
  .0004032	 .509804	 .2745098	
  .0004034	 .509804	 .2745098	
  .0004036	 .509804	 .4313726	
  .0004038	 .5882353	 .3529412	
  .000404	 .509804	 .4313726	
  .0004042	 .509804	 .3529412	
  .0004044	 .5882353	 .3529412	
  .0004046	 .509804	 .3529412	
  .0004048	 .509804	 .3529412	
  .000405	 .509804	 .4313726	
  .0004052	 .509804	 .509804	
  .0004054	 .5882353	 .4313726	
  .0004056	 .5882353	 .4313726	
  .0004058	 .509804	 .3529412	
  .000406	 .4313726	 .3529412	
  .0004062	 .509804	 .4313726	
  .0004064	 .509804	 .4313726	
  .0004066	 .509804	 .509804	
  .0004068	 .5882353	 .4313726	
  .000407	 .5882353	 .3529412	
  .0004072	 .509804	 .4313726	
  .0004074	 .509804	 .4313726	
  .0004076	 .3529412	 .509804	
  .0004078	 .509804	 .4313726	
  .000408	 .509804	 .4313726	
  .0004082	 .4313726	 .509804	
  .0004084	 .509804	 .509804	
  .0004086	 .5882353	 .509804	
  .0004088	 .509804	 .6666667	
  .000409	 .509804	 .5882353	
  .0004092	 .509804	 .509804	
  .0004094	 .509804	 .509804	
  .0004096	 .509804	 .4313726	
  .0004098	 .509804	 .509804	
  .00041	 .509804	 .509804	
  .0004102	 .509804	 .509804	
  .0004104	 .509804	 .5882353	
  .0004106	 .509804	 .5882353	
  .0004108	 .509804	 .509804	
  .000411	 .4313726	 .509804	
  .0004112	 .4313726	 .509804	
  .0004114	 .5882353	 .5882353	
  .0004116	 .509804	 .509804	
  .0004118	 .5882353	 .6666667	
  .000412	 .5882353	 .6666667	
  .0004122	 .4313726	 .6666667	
  .0004124	 .509804	 .509804	
  .0004126	 .4313726	 .509804	
  .0004128	 .4313726	 .509804	
  .000413	 .509804	 .6666667	
  .0004132	 .509804	 .6666667	
  .0004134	 .509804	 .5882353	
  .0004136	 .509804	 .6666667	
  .0004138	 .4313726	 .6666667	
  .000414	 .4313726	 .509804	
  .0004142	 .509804	 .6666667	
  .0004144	 .4313726	 .5882353	
  .0004146	 .4313726	 .5882353	
  .0004148	 .509804	 .6666667	
  .000415	 .509804	 .5882353	
  .0004152	 .509804	 .7450981	
  .0004154	 .5882353	 .6666667	
  .0004156	 .509804	 .5882353	
  .0004158	 .509804	 .7450981	
  .000416	 .4313726	 .6666667	
  .0004162	 .4313726	 .5882353	
  .0004164	 .4313726	 .7450981	
  .0004166	 .509804	 .6666667	
  .0004168	 .509804	 .6666667	
  .000417	 .509804	 .7450981	
  .0004172	 .4313726	 .5882353	
  .0004174	 .4313726	 .5882353	
  .0004176	 .3529412	 .5882353	
  .0004178	 .3529412	 .5882353	
  .000418	 .509804	 .509804	
  .0004182	 .509804	 .5882353	
  .0004184	 .3529412	 .5882353	
  .0004186	 .4313726	 .6666667	
  .0004188	 .3529412	 .7450981	
  .000419	 .4313726	 .6666667	
  .0004192	 .3529412	 .5882353	
  .0004194	 .3529412	 .5882353	
  .0004196	 .3529412	 .5882353	
  .0004198	 .3529412	 .5882353	
  .00042	 .4313726	 .5882353	
  .0004202	 .3529412	 .6666667	
  .0004204	 .3529412	 .6666667	
  .0004206	 .3529412	 .7450981	
  .0004208	 .3529412	 .5882353	
  .000421	 .3529412	 .5882353	
  .0004212	 .3529412	 .5882353	
  .0004214	 .4313726	 .6666667	
  .0004216	 .3529412	 .6666667	
  .0004218	 .4313726	 .7450981	
  .000422	 .3529412	 .7450981	
  .0004222	 .2745098	 .7450981	
  .0004224	 .2745098	 .509804	
  .0004226	 .2745098	 .5882353	
  .0004228	 .2745098	 .5882353	
  .000423	 .3529412	 .6666667	
  .0004232	 .3529412	 .5882353	
  .0004234	 .3529412	 .6666667	
  .0004236	 .3529412	 .6666667	
  .0004238	 .1960784	 .6666667	
  .000424	 .2745098	 .6666667	
  .0004242	 .3529412	 .5882353	
  .0004244	 .2745098	 .509804	
  .0004246	 .3529412	 .6666667	
  .0004248	 .2745098	 .6666667	
  .000425	 .3529412	 .5882353	
  .0004252	 .4313726	 .7450981	
  .0004254	 .3529412	 .5882353	
  .0004256	 .2745098	 .509804	
  .0004258	 .3529412	 .509804	
  .000426	 .2745098	 .5882353	
  .0004262	 .2745098	 .509804	
  .0004264	 .2745098	 .6666667	
  .0004266	 .3529412	 .509804	
  .0004268	 .2745098	 .6666667	
  .000427	 .2745098	 .509804	
  .0004272	 .3529412	 .5882353	
  .0004274	 .2745098	 .509804	
  .0004276	 .2745098	 .6666667	
  .0004278	 .2745098	 .5882353	
  .000428	 .3529412	 .5882353	
  .0004282	 .2745098	 .509804	
  .0004284	 .2745098	 .509804	
  .0004286	 .1960784	 .5882353	
  .0004288	 .1960784	 .5882353	
  .000429	 .1960784	 .509804	
  .0004292	 .1176471	 .5882353	
  .0004294	 .1960784	 .509804	
  .0004296	 .2745098	 .509804	
  .0004298	 .1960784	 .509804	
  .00043	 .2745098	 .509804	
  .0004302	 .1960784	 .5882353	
  .0004304	 .1960784	 .5882353	
  .0004306	 .1960784	 .509804	
  .0004308	 .1176471	 .509804	
  .000431	 .1960784	 .509804	
  .0004312	 .1960784	 .6666667	
  .0004314	 .1960784	 .509804	
  .0004316	 .1960784	 .5882353	
  .0004318	 .1960784	 .6666667	
  .000432	 .1960784	 .5882353	
  .0004322	 .2745098	 .509804	
  .0004324	 .1176471	 .509804	
  .0004326	 3.921569E-02	 .4313726	
  .0004328	 3.921569E-02	 .5882353	
  .000433	 .1176471	 .509804	
  .0004332	 .1176471	 .509804	
  .0004334	 .1960784	 .509804	
  .0004336	 .1176471	 .4313726	
  .0004338	 .1960784	 .4313726	
  .000434	 .1960784	 .509804	
  .0004342	 3.921569E-02	 .4313726	
  .0004344	 .1176471	 .3529412	
  .0004346	 .1176471	 .509804	
  .0004348	 3.921569E-02	 .4313726	
  .000435	 .1176471	 .509804	
  .0004352	 .1960784	 .4313726	
  .0004354	 .1176471	 .3529412	
  .0004356	 .1176471	 .5882353	
  .0004358	 3.921569E-02	 .4313726	
  .000436	 3.921569E-02	 .3529412	
  .0004362	 .1176471	 .4313726	
  .0004364	 3.921569E-02	 .3529412	
  .0004366	 .1176471	 .3529412	
  .0004368	 .1960784	 .3529412	
  .000437	 3.921569E-02	 .2745098	
  .0004372	 .1176471	 .509804	
  .0004374	 3.921569E-02	 .3529412	
  .0004376	-3.921569E-02	 .3529412	
  .0004378	 .1176471	 .2745098	
  .000438	 .1176471	 .3529412	
  .0004382	 3.921569E-02	 .4313726	
  .0004384	-3.921569E-02	 .3529412	
  .0004386	-3.921569E-02	 .4313726	
  .0004388	 .1176471	 .3529412	
  .000439	-3.921569E-02	 .2745098	
  .0004392	-3.921569E-02	 .3529412	
  .0004394	-3.921569E-02	 .2745098	
  .0004396	-3.921569E-02	 .2745098	
  .0004398	 3.921569E-02	 .2745098	
  .00044	-3.921569E-02	 .3529412	
  .0004402	-3.921569E-02	 .2745098	
  .0004404	-3.921569E-02	 .2745098	
  .0004406	-3.921569E-02	 .3529412	
  .0004408	-3.921569E-02	 .2745098	
  .000441	-3.921569E-02	 .1960784	
  .0004412	 3.921569E-02	 .3529412	
  .0004414	 3.921569E-02	 .1960784	
  .0004416	-3.921569E-02	 .3529412	
  .0004418	 3.921569E-02	 .3529412	
  .000442	-.1176471	 .4313726	
  .0004422	-.1176471	 .2745098	
  .0004424	-.1176471	 .1960784	
  .0004426	-.1176471	 .2745098	
  .0004428	 3.921569E-02	 .2745098	
  .000443	-.1176471	 .2745098	
  .0004432	-3.921569E-02	 .2745098	
  .0004434	-3.921569E-02	 .2745098	
  .0004436	-3.921569E-02	 .2745098	
  .0004438	-3.921569E-02	 .1960784	
  .000444	-3.921569E-02	 .1960784	
  .0004442	-.1176471	 .1176471	
  .0004444	-3.921569E-02	 .1960784	
  .0004446	-3.921569E-02	 .2745098	
  .0004448	-.1176471	 .1960784	
  .000445	 3.921569E-02	 .1960784	
  .0004452	-3.921569E-02	 .2745098	
  .0004454	-.1176471	 .1960784	
  .0004456	-.1176471	 3.921569E-02	
  .0004458	-.1176471	 .2745098	
  .000446	-3.921569E-02	 .1176471	
  .0004462	-.1176471	 .1960784	
  .0004464	-3.921569E-02	 .1960784	
  .0004466	-3.921569E-02	 .2745098	
  .0004468	-.1176471	 .1960784	
  .000447	-.1176471	 .1960784	
  .0004472	-.1960784	 3.921569E-02	
  .0004474	-.1960784	 .1176471	
  .0004476	-.1176471	 .1176471	
  .0004478	-.1176471	 3.921569E-02	
  .000448	-3.921569E-02	 .1176471	
  .0004482	-3.921569E-02	 3.921569E-02	
  .0004484	-.1176471	 .1176471	
  .0004486	-.1176471	 .1176471	
  .0004488	-.1176471	 .1176471	
  .000449	-.1960784	 3.921569E-02	
  .0004492	-.1960784	 .1176471	
  .0004494	-.1176471	 3.921569E-02	
  .0004496	-.1960784	 3.921569E-02	
  .0004498	-.1176471	 3.921569E-02	
  .00045	-.1176471	 3.921569E-02	
