 -.0000498	 2.941177E-03	-1.960784E-03	
 -.0000496	 9.803922E-04	 5.882353E-03	
 -.0000494	 9.803922E-04	 5.882353E-03	
 -.0000492	 4.901961E-03	 9.803922E-03	
 -.000049	 2.941177E-03	 5.882353E-03	
 -.0000488	 2.941177E-03	 5.882353E-03	
 -.0000486	 2.941177E-03	 9.803922E-03	
 -.0000484	 9.803922E-04	 1.372549E-02	
 -.0000482	 2.941177E-03	 5.882353E-03	
 -.000048	 2.941177E-03	 1.960784E-03	
 -.0000478	 9.803922E-04	 5.882353E-03	
 -.0000476	 2.941177E-03	 5.882353E-03	
 -.0000474	 9.803922E-04	 5.882353E-03	
 -.0000472	 2.941177E-03	 9.803922E-03	
 -.000047	 4.901961E-03	 5.882353E-03	
 -.0000468	 9.803922E-04	 5.882353E-03	
 -.0000466	 2.941177E-03	 1.960784E-03	
 -.0000464	 9.803922E-04	 1.960784E-03	
 -.0000462	 9.803922E-04	 5.882353E-03	
 -.000046	 2.941177E-03	 5.882353E-03	
 -.0000458	 2.941177E-03	 9.803922E-03	
 -.0000456	 2.941177E-03	 5.882353E-03	
 -.0000454	 6.862745E-03	 5.882353E-03	
 -.0000452	 9.803922E-04	 5.882353E-03	
 -.000045	 9.803922E-04	 5.882353E-03	
 -.0000448	 9.803922E-04	 1.960784E-03	
 -.0000446	 9.803922E-04	 1.960784E-03	
 -.0000444	 2.941177E-03	 5.882353E-03	
 -.0000442	 2.941177E-03	 5.882353E-03	
 -.000044	 4.901961E-03	 9.803922E-03	
 -.0000438	 9.803922E-04	 5.882353E-03	
 -.0000436	 4.901961E-03	 5.882353E-03	
 -.0000434	 9.803922E-04	 1.960784E-03	
 -.0000432	-9.803922E-04	 1.960784E-03	
 -.000043	 9.803922E-04	 1.960784E-03	
 -.0000428	 2.941177E-03	 1.960784E-03	
 -.0000426	 9.803922E-04	 5.882353E-03	
 -.0000424	 9.803922E-04	 5.882353E-03	
 -.0000422	 2.941177E-03	 1.960784E-03	
 -.000042	 9.803922E-04	 5.882353E-03	
 -.0000418	 4.901961E-03	 5.882353E-03	
 -.0000416	 2.941177E-03	 1.960784E-03	
 -.0000414	 9.803922E-04	 1.960784E-03	
 -.0000412	 9.803922E-04	 5.882353E-03	
 -.000041	 2.941177E-03	 1.960784E-03	
 -.0000408	 9.803922E-04	 1.960784E-03	
 -.0000406	 9.803922E-04	 5.882353E-03	
 -.0000404	 2.941177E-03	 9.803922E-03	
 -.0000402	 4.901961E-03	 5.882353E-03	
 -.00004	 9.803922E-04	 1.960784E-03	
 -.0000398	 9.803922E-04	 5.882353E-03	
 -.0000396	 9.803922E-04	 1.960784E-03	
 -.0000394	 9.803922E-04	 5.882353E-03	
 -.0000392	 9.803922E-04	 5.882353E-03	
 -.000039	 2.941177E-03	 5.882353E-03	
 -.0000388	 2.941177E-03	 5.882353E-03	
 -.0000386	-9.803922E-04	 5.882353E-03	
 -.0000384	 9.803922E-04	 5.882353E-03	
 -.0000382	 2.941177E-03	 5.882353E-03	
 -.000038	 9.803922E-04	 1.960784E-03	
 -.0000378	 2.941177E-03	 5.882353E-03	
 -.0000376	 2.941177E-03	 5.882353E-03	
 -.0000374	 2.941177E-03	 9.803922E-03	
 -.0000372	 9.803922E-04	 5.882353E-03	
 -.000037	 9.803922E-04	 5.882353E-03	
 -.0000368	 2.941177E-03	 9.803922E-03	
 -.0000366	 2.941177E-03	 1.960784E-03	
 -.0000364	 9.803922E-04	 5.882353E-03	
 -.0000362	 4.901961E-03	 1.960784E-03	
 -.000036	 2.941177E-03	 5.882353E-03	
 -.0000358	 2.941177E-03	 5.882353E-03	
 -.0000356	 2.941177E-03	 5.882353E-03	
 -.0000354	 4.901961E-03	 5.882353E-03	
 -.0000352	 9.803922E-04	 1.960784E-03	
 -.000035	 9.803922E-04	 5.882353E-03	
 -.0000348	 9.803922E-04	 5.882353E-03	
 -.0000346	 2.941177E-03	 5.882353E-03	
 -.0000344	 2.941177E-03	 5.882353E-03	
 -.0000342	 2.941177E-03	 5.882353E-03	
 -.000034	 2.941177E-03	 5.882353E-03	
 -.0000338	 2.941177E-03	 5.882353E-03	
 -.0000336	 2.941177E-03	 1.960784E-03	
 -.0000334	 2.941177E-03	 5.882353E-03	
 -.0000332	 9.803922E-04	 1.960784E-03	
 -.000033	-9.803922E-04	 1.960784E-03	
 -.0000328	 2.941177E-03	 1.960784E-03	
 -.0000326	 2.941177E-03	 5.882353E-03	
 -.0000324	 9.803922E-04	 1.960784E-03	
 -.0000322	 2.941177E-03	 9.803922E-03	
 -.000032	-9.803922E-04	 5.882353E-03	
 -.0000318	 2.941177E-03	 5.882353E-03	
 -.0000316	 9.803922E-04	 1.960784E-03	
 -.0000314	 9.803922E-04	 1.960784E-03	
 -.0000312	 2.941177E-03	 1.960784E-03	
 -.000031	 2.941177E-03	 5.882353E-03	
 -.0000308	 9.803922E-04	 1.960784E-03	
 -.0000306	 2.941177E-03	 5.882353E-03	
 -.0000304	 9.803922E-04	 5.882353E-03	
 -.0000302	 2.941177E-03	 9.803922E-03	
 -.00003	 2.941177E-03	 1.960784E-03	
 -.0000298	 2.941177E-03	 5.882353E-03	
 -.0000296	 9.803922E-04	 5.882353E-03	
 -.0000294	 2.941177E-03	 5.882353E-03	
 -.0000292	 9.803922E-04	 5.882353E-03	
 -.000029	 4.901961E-03	 5.882353E-03	
 -.0000288	 2.941177E-03	 9.803922E-03	
 -.0000286	 9.803922E-04	 9.803922E-03	
 -.0000284	 2.941177E-03	 1.960784E-03	
 -.0000282	 9.803922E-04	 1.960784E-03	
 -.000028	 9.803922E-04	 1.960784E-03	
 -.0000278	 9.803922E-04	 5.882353E-03	
 -.0000276	 2.941177E-03	 9.803922E-03	
 -.0000274	 2.941177E-03	 9.803922E-03	
 -.0000272	 9.803922E-04	 5.882353E-03	
 -.000027	 9.803922E-04	 5.882353E-03	
 -.0000268	-9.803922E-04	 1.960784E-03	
 -.0000266	 2.941177E-03	 1.960784E-03	
 -.0000264	 2.941177E-03	 1.960784E-03	
 -.0000262	 2.941177E-03	 5.882353E-03	
 -.000026	 2.941177E-03	 5.882353E-03	
 -.0000258	-9.803922E-04	 5.882353E-03	
 -.0000256	 4.901961E-03	 9.803922E-03	
 -.0000254	 2.941177E-03	 1.960784E-03	
 -.0000252	-9.803922E-04	 5.882353E-03	
 -.000025	 9.803922E-04	 1.960784E-03	
 -.0000248	 2.941177E-03	 1.960784E-03	
 -.0000246	 2.941177E-03	 5.882353E-03	
 -.0000244	 2.941177E-03	 5.882353E-03	
 -.0000242	 2.941177E-03	 9.803922E-03	
 -.000024	 2.941177E-03	 9.803922E-03	
 -.0000238	 2.941177E-03	 5.882353E-03	
 -.0000236	 2.941177E-03	 1.960784E-03	
 -.0000234	 9.803922E-04	 1.960784E-03	
 -.0000232	 9.803922E-04	 1.960784E-03	
 -.000023	 2.941177E-03	 5.882353E-03	
 -.0000228	 2.941177E-03	 5.882353E-03	
 -.0000226	 2.941177E-03	 5.882353E-03	
 -.0000224	 2.941177E-03	 1.960784E-03	
 -.0000222	 2.941177E-03	 5.882353E-03	
 -.000022	 2.941177E-03	 5.882353E-03	
 -.0000218	 2.941177E-03	 1.960784E-03	
 -.0000216	 9.803922E-04	 1.960784E-03	
 -.0000214	 9.803922E-04	 1.960784E-03	
 -.0000212	 9.803922E-04	 1.960784E-03	
 -.000021	 9.803922E-04	 1.960784E-03	
 -.0000208	 9.803922E-04	 5.882353E-03	
 -.0000206	 9.803922E-04	 5.882353E-03	
 -.0000204	 2.941177E-03	 9.803922E-03	
 -.0000202	 2.941177E-03	 1.960784E-03	
 -.00002	 9.803922E-04	 5.882353E-03	
 -.0000198	 9.803922E-04	 1.960784E-03	
 -.0000196	 2.941177E-03	 9.803922E-03	
 -.0000194	 2.941177E-03	 5.882353E-03	
 -.0000192	 2.941177E-03	 5.882353E-03	
 -.000019	 2.941177E-03	 9.803922E-03	
 -.0000188	 9.803922E-04	 5.882353E-03	
 -.0000186	 9.803922E-04	 1.960784E-03	
 -.0000184	 9.803922E-04	 1.960784E-03	
 -.0000182	 2.941177E-03	 1.960784E-03	
 -.000018	 2.941177E-03	 5.882353E-03	
 -.0000178	 2.941177E-03	 5.882353E-03	
 -.0000176	 2.941177E-03	 5.882353E-03	
 -.0000174	 2.941177E-03	 5.882353E-03	
 -.0000172	 2.941177E-03	 9.803922E-03	
 -.000017	 9.803922E-04	 1.960784E-03	
 -.0000168	 2.941177E-03	 1.960784E-03	
 -.0000166	 9.803922E-04	 5.882353E-03	
 -.0000164	 4.901961E-03	 1.960784E-03	
 -.0000162	 2.941177E-03	 5.882353E-03	
 -.000016	 2.941177E-03	 5.882353E-03	
 -.0000158	 2.941177E-03	 9.803922E-03	
 -.0000156	 4.901961E-03	 5.882353E-03	
 -.0000154	 2.941177E-03	 1.960784E-03	
 -.0000152	 2.941177E-03	 5.882353E-03	
 -.000015	 9.803922E-04	 5.882353E-03	
 -.0000148	 9.803922E-04	 5.882353E-03	
 -.0000146	 9.803922E-04	 9.803922E-03	
 -.0000144	 9.803922E-04	 5.882353E-03	
 -.0000142	 2.941177E-03	 5.882353E-03	
 -.000014	 2.941177E-03	 5.882353E-03	
 -.0000138	 9.803922E-04	 1.960784E-03	
 -.0000136	 2.941177E-03	 5.882353E-03	
 -.0000134	 9.803922E-04	 1.960784E-03	
 -.0000132	 9.803922E-04	-1.960784E-03	
 -.000013	 2.941177E-03	 1.960784E-03	
 -.0000128	 2.941177E-03	 5.882353E-03	
 -.0000126	 2.941177E-03	 5.882353E-03	
 -.0000124	 9.803922E-04	 5.882353E-03	
 -.0000122	 9.803922E-04	 9.803922E-03	
 -.000012	 2.941177E-03	 1.960784E-03	
 -.0000118	 9.803922E-04	 5.882353E-03	
 -.0000116	 9.803922E-04	 5.882353E-03	
 -.0000114	 2.941177E-03	 5.882353E-03	
 -.0000112	 9.803922E-04	 5.882353E-03	
 -.000011	 9.803922E-04	 5.882353E-03	
 -.0000108	 2.941177E-03	 5.882353E-03	
 -.0000106	 9.803922E-04	 5.882353E-03	
 -.0000104	 9.803922E-04	 9.803922E-03	
 -.0000102	 2.941177E-03	 5.882353E-03	
 -.00001	 2.941177E-03	 5.882353E-03	
 -.0000098	 9.803922E-04	 5.882353E-03	
 -.0000096	 2.941177E-03	 5.882353E-03	
 -.0000094	 2.941177E-03	 5.882353E-03	
 -.0000092	 2.941177E-03	 5.882353E-03	
 -.000009	 2.941177E-03	 9.803922E-03	
 -.0000088	 9.803922E-04	 9.803922E-03	
 -.0000086	 9.803922E-04	 1.960784E-03	
 -.0000084	-9.803922E-04	 5.882353E-03	
 -.0000082	 9.803922E-04	 5.882353E-03	
 -.000008	 9.803922E-04	 5.882353E-03	
 -.0000078	 2.941177E-03	 5.882353E-03	
 -.0000076	 9.803922E-04	 5.882353E-03	
 -.0000074	 9.803922E-04	 5.882353E-03	
 -.0000072	 9.803922E-04	 9.803922E-03	
 -.000007	 9.803922E-04	 1.960784E-03	
 -.0000068	 9.803922E-04	 5.882353E-03	
 -.0000066	 9.803922E-04	 5.882353E-03	
 -.0000064	 9.803922E-04	 5.882353E-03	
 -.0000062	 2.941177E-03	 5.882353E-03	
 -.000006	 9.803922E-04	 1.960784E-03	
 -.0000058	 2.941177E-03	 1.960784E-03	
 -.0000056	 2.941177E-03	 5.882353E-03	
 -.0000054	 9.803922E-04	 1.960784E-03	
 -.0000052	 9.803922E-04	 1.960784E-03	
 -.000005	 9.803922E-04	 5.882353E-03	
 -.0000048	 2.941177E-03	 1.960784E-03	
 -.0000046	 9.803922E-04	 1.960784E-03	
 -.0000044	 2.941177E-03	 9.803922E-03	
 -.0000042	 2.941177E-03	 5.882353E-03	
 -.000004	 2.941177E-03	 5.882353E-03	
 -.0000038	 9.803922E-04	 1.960784E-03	
 -.0000036	 2.941177E-03	 5.882353E-03	
 -.0000034	 9.803922E-04	 5.882353E-03	
 -.0000032	 9.803922E-04	 1.960784E-03	
 -.000003	 9.803922E-04	 5.882353E-03	
 -.0000028	 9.803922E-04	 9.803922E-03	
 -.0000026	 2.941177E-03	 5.882353E-03	
 -.0000024	 2.941177E-03	 9.803922E-03	
 -.0000022	 9.803922E-04	 5.882353E-03	
 -.000002	 9.803922E-04	 5.882353E-03	
 -.0000018	 9.803922E-04	 1.960784E-03	
 -.0000016	 9.803922E-04	 5.882353E-03	
 -.0000014	 2.941177E-03	 5.882353E-03	
 -.0000012	 2.941177E-03	 5.882353E-03	
 -.000001	 9.803922E-04	 5.882353E-03	
 -.0000008	 2.941177E-03	 9.803922E-03	
 -.0000006	 9.803922E-04	 9.803922E-03	
 -.0000004	 4.901961E-03	 1.960784E-03	
 -.0000002	 9.803922E-04	 9.803922E-03	
  0	 9.803922E-04	 9.803922E-03	
  .0000002	 4.901961E-03	 5.882353E-03	
  .0000004	-4.019608E-02	-4.901961E-02	
  .0000006	 8.82353E-03	 1.764706E-02	
  .0000008	 4.901961E-03	 1.372549E-02	
  .000001	 9.803922E-04	 9.803922E-03	
  .0000012	 2.941177E-03	 5.882353E-03	
  .0000014	-9.803922E-04	 1.960784E-03	
  .0000016	-9.803922E-04	 1.960784E-03	
  .0000018	 2.941177E-03	 5.882353E-03	
  .000002	 9.803922E-04	 5.882353E-03	
  .0000022	 2.941177E-03	 9.803922E-03	
  .0000024	 9.803922E-04	 5.882353E-03	
  .0000026	 2.941177E-03	 5.882353E-03	
  .0000028	 2.941177E-03	 5.882353E-03	
  .000003	 4.901961E-03	 5.882353E-03	
  .0000032	 9.803922E-04	 5.882353E-03	
  .0000034	 2.941177E-03	 5.882353E-03	
  .0000036	 2.941177E-03	 9.803922E-03	
  .0000038	 2.941177E-03	 5.882353E-03	
  .000004	 9.803922E-04	 9.803922E-03	
  .0000042	 4.901961E-03	 9.803922E-03	
  .0000044	 2.941177E-03	 1.960784E-03	
  .0000046	 2.941177E-03	 9.803922E-03	
  .0000048	 2.941177E-03	 9.803922E-03	
  .000005	 2.941177E-03	 5.882353E-03	
  .0000052	 9.803922E-04	 9.803922E-03	
  .0000054	 9.803922E-04	 9.803922E-03	
  .0000056	 9.803922E-04	 9.803922E-03	
  .0000058	 4.901961E-03	 9.803922E-03	
  .000006	 2.941177E-03	 5.882353E-03	
  .0000062	 2.941177E-03	 5.882353E-03	
  .0000064	-9.803922E-04	 5.882353E-03	
  .0000066	-9.803922E-04	 1.960784E-03	
  .0000068	 4.901961E-03	 1.960784E-03	
  .000007	 9.803922E-04	 5.882353E-03	
  .0000072	 9.803922E-04	 5.882353E-03	
  .0000074	 9.803922E-04	 5.882353E-03	
  .0000076	 9.803922E-04	 5.882353E-03	
  .0000078	 9.803922E-04	 5.882353E-03	
  .000008	-.2480392	-.2137255	
  .0000082	-6.764706E-02	 .0372549	
  .0000084	-7.156863E-02	 8.039216E-02	
  .0000086	-8.529412E-02	 .1196078	
  .0000088	-8.921569E-02	 .154902	
  .000009	-9.117647E-02	 .1901961	
  .0000092	-9.117647E-02	 .2215686	
  .0000094	-9.705883E-02	 .2411765	
  .0000096	-9.901961E-02	 .2607843	
  .0000098	-.1029412	 .2803922	
  .00001	-.1068627	 .2960784	
  .0000102	-.1068627	 .3117647	
  .0000104	-.1107843	 .327451	
  .0000106	-.1127451	 .3352941	
  .0000108	-.1166667	 .3392157	
  .000011	-.1186275	 .3470588	
  .0000112	-.1205882	 .354902	
  .0000114	-.1205882	 .3627451	
  .0000116	-.1245098	 .3627451	
  .0000118	-.122549	 .3705882	
  .000012	-.1245098	 .3745098	
  .0000122	-.1264706	 .3745098	
  .0000124	-.1284314	 .3784314	
  .0000126	-.1343137	 .3784314	
  .0000128	-.1343137	 .3745098	
  .000013	-.1343137	 .3823529	
  .0000132	-.1362745	 .3784314	
  .0000134	-.1362745	 .3862745	
  .0000136	-.1343137	 .3823529	
  .0000138	-.1362745	 .3862745	
  .000014	-.1382353	 .3862745	
  .0000142	-.1382353	 .3823529	
  .0000144	-.1401961	 .3784314	
  .0000146	-.1401961	 .3823529	
  .0000148	-.1441177	 .3823529	
  .000015	-.1421569	 .3823529	
  .0000152	-.1421569	 .3862745	
  .0000154	-.1421569	 .3784314	
  .0000156	-.1441177	 .3784314	
  .0000158	-.1441177	 .3784314	
  .000016	-.1480392	 .3745098	
  .0000162	-.1460784	 .3745098	
  .0000164	-.1441177	 .3745098	
  .0000166	-.1441177	 .3705882	
  .0000168	-.1441177	 .3745098	
  .000017	-.1460784	 .3705882	
  .0000172	-.1460784	 .3627451	
  .0000174	-.1480392	 .3627451	
  .0000176	-.1480392	 .3666667	
  .0000178	-.15	 .3627451	
  .000018	-.1480392	 .3627451	
  .0000182	-.1480392	 .3627451	
  .0000184	-.1460784	 .3588235	
  .0000186	-.1480392	 .3588235	
  .0000188	-.1480392	 .354902	
  .000019	-.15	 .354902	
  .0000192	-.15	 .3509804	
  .0000194	-.15	 .3470588	
  .0000196	-.15	 .3470588	
  .0000198	-.15	 .3470588	
  .00002	-.1480392	 .3470588	
  .0000202	-.1519608	 .3470588	
  .0000204	-.1519608	 .3392157	
  .0000206	-.15	 .3392157	
  .0000208	-.1519608	 .3352941	
  .000021	-.1519608	 .3313726	
  .0000212	-.1558824	 .3313726	
  .0000214	-.1519608	 .3313726	
  .0000216	-.1519608	 .3313726	
  .0000218	-.1519608	 .327451	
  .000022	-.1519608	 .327451	
  .0000222	-.1539216	 .3235294	
  .0000224	-.1519608	 .3196079	
  .0000226	-.1519608	 .3156863	
  .0000228	-.1519608	 .3117647	
  .000023	-.1539216	 .3117647	
  .0000232	-.15	 .3117647	
  .0000234	-.1519608	 .3078431	
  .0000236	-.1519608	 .3039216	
  .0000238	-.1539216	 .3039216	
  .000024	-.1519608	 .3	
  .0000242	-.1539216	 .2960784	
  .0000244	-.1519608	 .2921569	
  .0000246	-.1519608	 .2921569	
  .0000248	-.1519608	 .2921569	
  .000025	-.1480392	 .2882353	
  .0000252	-.15	 .2843137	
  .0000254	-.1480392	 .2803922	
  .0000256	-.15	 .2764706	
  .0000258	-.1519608	 .272549	
  .000026	-.15	 .2647059	
  .0000262	-.15	 .2686275	
  .0000264	-.15	 .2647059	
  .0000266	-.1480392	 .2568628	
  .0000268	-.1460784	 .2568628	
  .000027	-.1460784	 .2490196	
  .0000272	-.1441177	 .2529412	
  .0000274	-.1480392	 .2529412	
  .0000276	-.1460784	 .245098	
  .0000278	-.1441177	 .2333333	
  .000028	-.1441177	 .2372549	
  .0000282	-.1421569	 .2294118	
  .0000284	-.1421569	 .2294118	
  .0000286	-.1401961	 .2254902	
  .0000288	-.1401961	 .2294118	
  .000029	-.1382353	 .2215686	
  .0000292	-.1421569	 .2137255	
  .0000294	-.1401961	 .2098039	
  .0000296	-.1382353	 .2058824	
  .0000298	-.1362745	 .2058824	
  .00003	-.1362745	 .2058824	
  .0000302	-.1382353	 .2019608	
  .0000304	-.1343137	 .1980392	
  .0000306	-.1343137	 .1980392	
  .0000308	-.1323529	 .1941177	
  .000031	-.1323529	 .1823529	
  .0000312	-.1323529	 .1705882	
  .0000314	-.1303922	 .1705882	
  .0000316	-.1303922	 .1705882	
  .0000318	-.1303922	 .1666667	
  .000032	-.1264706	 .1666667	
  .0000322	-.1323529	 .1627451	
  .0000324	-.1343137	 .1627451	
  .0000326	-.1303922	 .154902	
  .0000328	-.1303922	 .154902	
  .000033	-.1303922	 .1509804	
  .0000332	-.1264706	 .154902	
  .0000334	-.1264706	 .1509804	
  .0000336	-.1284314	 .1431373	
  .0000338	-.1245098	 .1470588	
  .000034	-.1245098	 .1392157	
  .0000342	-.1264706	 .1392157	
  .0000344	-.1245098	 .127451	
  .0000346	-.1205882	 .127451	
  .0000348	-.1205882	 .1235294	
  .000035	-.1205882	 .1235294	
  .0000352	-.1205882	 .1156863	
  .0000354	-.1186275	 .1156863	
  .0000356	-.1166667	 .1078431	
  .0000358	-.1186275	 .1	
  .000036	-.1166667	 9.215686E-02	
  .0000362	-.1147059	 9.215686E-02	
  .0000364	-.1127451	 9.215686E-02	
  .0000366	-.1127451	 8.431373E-02	
  .0000368	-.1107843	 8.431373E-02	
  .000037	-.1088235	 7.647059E-02	
  .0000372	-.1068627	 7.647059E-02	
  .0000374	-.1088235	 7.647059E-02	
  .0000376	-.104902	 6.470589E-02	
  .0000378	-.1068627	 6.078431E-02	
  .000038	-.104902	 5.294118E-02	
  .0000382	-.1029412	 5.294118E-02	
  .0000384	-.1029412	 5.294118E-02	
  .0000386	-.1009804	 4.901961E-02	
  .0000388	-9.901961E-02	 4.509804E-02	
  .000039	-9.901961E-02	 4.117647E-02	
  .0000392	-9.705883E-02	 3.333334E-02	
  .0000394	-9.705883E-02	 .0372549	
  .0000396	-9.509804E-02	 2.941176E-02	
  .0000398	-9.313726E-02	 .0254902	
  .00004	-9.117647E-02	 1.764706E-02	
  .0000402	-8.921569E-02	 2.156863E-02	
  .0000404	-8.921569E-02	 1.764706E-02	
  .0000406	-.0872549	 1.372549E-02	
  .0000408	-8.921569E-02	 5.882353E-03	
  .000041	-8.529412E-02	-5.882353E-03	
  .0000412	-8.333334E-02	-9.803922E-03	
  .0000414	-8.333334E-02	-9.803922E-03	
  .0000416	-7.941177E-02	-9.803922E-03	
  .0000418	-7.745098E-02	-1.372549E-02	
  .000042	-7.941177E-02	-1.764706E-02	
  .0000422	-7.941177E-02	-2.156863E-02	
  .0000424	-7.745098E-02	-2.941176E-02	
  .0000426	-.0754902	-.0372549	
  .0000428	-7.156863E-02	-.0372549	
  .000043	-7.156863E-02	-4.117647E-02	
  .0000432	-6.764706E-02	-4.117647E-02	
  .0000434	-6.764706E-02	-4.901961E-02	
  .0000436	-6.568628E-02	-4.509804E-02	
  .0000438	-6.372549E-02	-5.686275E-02	
  .000044	-6.372549E-02	-6.470589E-02	
  .0000442	-6.176471E-02	-6.078431E-02	
  .0000444	-5.980392E-02	-6.862745E-02	
  .0000446	-5.980392E-02	-7.647059E-02	
  .0000448	-5.784314E-02	-7.254902E-02	
  .000045	-5.588235E-02	-7.647059E-02	
  .0000452	-5.392157E-02	-8.039216E-02	
  .0000454	-5.392157E-02	-8.431373E-02	
  .0000456	-5.392157E-02	-9.215686E-02	
  .0000458	-.05	-.1	
  .000046	-4.803922E-02	-.1039216	
  .0000462	-.05	-.1078431	
  .0000464	-4.411765E-02	-.1156863	
  .0000466	-4.411765E-02	-.1117647	
  .0000468	-4.215686E-02	-.1156863	
  .000047	-4.215686E-02	-.1196078	
  .0000472	-4.215686E-02	-.1235294	
  .0000474	-.0382353	-.1313726	
  .0000476	-.0382353	-.1352941	
  .0000478	-3.627451E-02	-.1392157	
  .000048	-3.431373E-02	-.1392157	
  .0000482	-3.235294E-02	-.1431373	
  .0000484	-3.039216E-02	-.1470588	
  .0000486	-3.039216E-02	-.1509804	
  .0000488	-2.647059E-02	-.154902	
  .000049	-2.647059E-02	-.1627451	
  .0000492	-.0245098	-.1627451	
  .0000494	-2.254902E-02	-.1666667	
  .0000496	-2.254902E-02	-.1666667	
  .0000498	-2.058824E-02	-.1705882	
  .00005	-1.862745E-02	-.1705882	
  .0000502	-1.666667E-02	-.1745098	
  .0000504	-1.470588E-02	-.1823529	
  .0000506	-1.470588E-02	-.1823529	
  .0000508	-1.078431E-02	-.1980392	
  .000051	-8.82353E-03	-.1980392	
  .0000512	-6.862745E-03	-.2019608	
  .0000514	-4.901961E-03	-.1980392	
  .0000516	-2.941177E-03	-.2019608	
  .0000518	-4.901961E-03	-.2058824	
  .000052	-9.803922E-04	-.2098039	
  .0000522	 9.803922E-04	-.2098039	
  .0000524	 9.803922E-04	-.2176471	
  .0000526	 4.901961E-03	-.2215686	
  .0000528	 4.901961E-03	-.2215686	
  .000053	 8.82353E-03	-.2254902	
  .0000532	 1.078431E-02	-.2254902	
  .0000534	 1.078431E-02	-.2294118	
  .0000536	 1.666667E-02	-.2294118	
  .0000538	 1.470588E-02	-.2333333	
  .000054	 1.470588E-02	-.2372549	
  .0000542	 1.862745E-02	-.2411765	
  .0000544	 2.058824E-02	-.245098	
  .0000546	 2.254902E-02	-.245098	
  .0000548	 .0245098	-.245098	
  .000055	 2.647059E-02	-.2490196	
  .0000552	 2.843137E-02	-.2529412	
  .0000554	 2.843137E-02	-.2490196	
  .0000556	 2.843137E-02	-.2607843	
  .0000558	 3.235294E-02	-.2607843	
  .000056	 3.431373E-02	-.2647059	
  .0000562	 3.627451E-02	-.2647059	
  .0000564	 3.627451E-02	-.2647059	
  .0000566	 4.019608E-02	-.2647059	
  .0000568	 4.215686E-02	-.2686275	
  .000057	 4.215686E-02	-.272549	
  .0000572	 4.411765E-02	-.272549	
  .0000574	 4.607843E-02	-.2764706	
  .0000576	 4.803922E-02	-.2764706	
  .0000578	 4.803922E-02	-.2803922	
  .000058	 .05	-.2803922	
  .0000582	 5.196078E-02	-.2843137	
  .0000584	 5.392157E-02	-.2882353	
  .0000586	 5.588235E-02	-.2882353	
  .0000588	 5.784314E-02	-.2882353	
  .000059	 5.980392E-02	-.2921569	
  .0000592	 6.176471E-02	-.2921569	
  .0000594	 6.176471E-02	-.2960784	
  .0000596	 6.372549E-02	-.2960784	
  .0000598	 6.568628E-02	-.2960784	
  .00006	 6.764706E-02	-.3	
  .0000602	 6.960785E-02	-.3	
  .0000604	 6.764706E-02	-.3039216	
  .0000606	 7.156863E-02	-.3039216	
  .0000608	 7.352941E-02	-.3078431	
  .000061	 7.352941E-02	-.3117647	
  .0000612	 .0754902	-.3078431	
  .0000614	 7.941177E-02	-.3078431	
  .0000616	 7.941177E-02	-.3156863	
  .0000618	 8.137255E-02	-.3117647	
  .000062	 8.333334E-02	-.3117647	
  .0000622	 8.333334E-02	-.3196079	
  .0000624	 .0872549	-.3196079	
  .0000626	 .0872549	-.3235294	
  .0000628	 8.921569E-02	-.3235294	
  .000063	 9.313726E-02	-.3235294	
  .0000632	 9.313726E-02	-.3235294	
  .0000634	 9.509804E-02	-.3235294	
  .0000636	 9.705883E-02	-.3235294	
  .0000638	 9.509804E-02	-.327451	
  .000064	 9.901961E-02	-.3313726	
  .0000642	 9.901961E-02	-.3313726	
  .0000644	 .1009804	-.3313726	
  .0000646	 .1009804	-.3352941	
  .0000648	 .104902	-.327451	
  .000065	 .1068627	-.3352941	
  .0000652	 .1068627	-.3313726	
  .0000654	 .1068627	-.3392157	
  .0000656	 .1088235	-.3392157	
  .0000658	 .1088235	-.3352941	
  .000066	 .1088235	-.3392157	
  .0000662	 .1127451	-.3392157	
  .0000664	 .1127451	-.3392157	
  .0000666	 .1127451	-.3352941	
  .0000668	 .1127451	-.3392157	
  .000067	 .1127451	-.3352941	
  .0000672	 .1147059	-.3392157	
  .0000674	 .1147059	-.3392157	
  .0000676	 .1166667	-.3392157	
  .0000678	 .1186275	-.3392157	
  .000068	 .1205882	-.3392157	
  .0000682	 .1205882	-.3392157	
  .0000684	 .1186275	-.3352941	
  .0000686	 .1205882	-.3352941	
  .0000688	 .122549	-.3431373	
  .000069	 .1186275	-.3392157	
  .0000692	 .122549	-.3392157	
  .0000694	 .122549	-.3392157	
  .0000696	 .1245098	-.3392157	
  .0000698	 .1264706	-.3352941	
  .00007	 .1245098	-.3392157	
  .0000702	 .1264706	-.3352941	
  .0000704	 .1264706	-.3313726	
  .0000706	 .1245098	-.3313726	
  .0000708	 .1264706	-.3313726	
  .000071	 .1284314	-.3352941	
  .0000712	 .1284314	-.327451	
  .0000714	 .1284314	-.327451	
  .0000716	 .1303922	-.3313726	
  .0000718	 .1303922	-.327451	
  .000072	 .1303922	-.3235294	
  .0000722	 .1284314	-.327451	
  .0000724	 .1284314	-.327451	
  .0000726	 .1284314	-.3235294	
  .0000728	 .1323529	-.3235294	
  .000073	 .1323529	-.3235294	
  .0000732	 .1303922	-.3235294	
  .0000734	 .1343137	-.3196079	
  .0000736	 .1323529	-.3196079	
  .0000738	 .1323529	-.3196079	
  .000074	 .1323529	-.3196079	
  .0000742	 .1343137	-.3196079	
  .0000744	 .1343137	-.3156863	
  .0000746	 .1343137	-.3117647	
  .0000748	 .1343137	-.3117647	
  .000075	 .1323529	-.3117647	
  .0000752	 .1343137	-.3078431	
  .0000754	 .1343137	-.3117647	
  .0000756	 .1343137	-.3078431	
  .0000758	 .1343137	-.3078431	
  .000076	 .1362745	-.3039216	
  .0000762	 .1343137	-.3	
  .0000764	 .1343137	-.2960784	
  .0000766	 .1362745	-.3	
  .0000768	 .1343137	-.2960784	
  .000077	 .1343137	-.2960784	
  .0000772	 .1362745	-.2960784	
  .0000774	 .1323529	-.2921569	
  .0000776	 .1323529	-.2921569	
  .0000778	 .1343137	-.2882353	
  .000078	 .1343137	-.2843137	
  .0000782	 .1362745	-.2843137	
  .0000784	 .1323529	-.2803922	
  .0000786	 .1343137	-.2803922	
  .0000788	 .1362745	-.2803922	
  .000079	 .1323529	-.2764706	
  .0000792	 .1323529	-.2764706	
  .0000794	 .1343137	-.272549	
  .0000796	 .1323529	-.2686275	
  .0000798	 .1343137	-.2686275	
  .00008	 .1343137	-.2686275	
  .0000802	 .1343137	-.2647059	
  .0000804	 .1303922	-.2607843	
  .0000806	 .1323529	-.2607843	
  .0000808	 .1303922	-.2607843	
  .000081	 .1323529	-.2529412	
  .0000812	 .1343137	-.2529412	
  .0000814	 .1323529	-.2490196	
  .0000816	 .1323529	-.2490196	
  .0000818	 .1323529	-.245098	
  .000082	 .1323529	-.2490196	
  .0000822	 .1323529	-.2411765	
  .0000824	 .1323529	-.2411765	
  .0000826	 .1323529	-.2372549	
  .0000828	 .1303922	-.2372549	
  .000083	 .1303922	-.2333333	
  .0000832	 .1303922	-.2294118	
  .0000834	 .1323529	-.2215686	
  .0000836	 .1284314	-.2294118	
  .0000838	 .1303922	-.2254902	
  .000084	 .1264706	-.2215686	
  .0000842	 .1264706	-.2176471	
  .0000844	 .1303922	-.2137255	
  .0000846	 .1264706	-.2098039	
  .0000848	 .1303922	-.2058824	
  .000085	 .1284314	-.2058824	
  .0000852	 .1264706	-.2058824	
  .0000854	 .1284314	-.2098039	
  .0000856	 .122549	-.1980392	
  .0000858	 .122549	-.1980392	
  .000086	 .1264706	-.1941177	
  .0000862	 .1245098	-.1862745	
  .0000864	 .122549	-.1862745	
  .0000866	 .122549	-.1823529	
  .0000868	 .122549	-.1784314	
  .000087	 .122549	-.1901961	
  .0000872	 .1205882	-.1745098	
  .0000874	 .1186275	-.1705882	
  .0000876	 .1205882	-.1666667	
  .0000878	 .1166667	-.1627451	
  .000088	 .1186275	-.1588235	
  .0000882	 .1166667	-.1588235	
  .0000884	 .1166667	-.154902	
  .0000886	 .1166667	-.154902	
  .0000888	 .1166667	-.1470588	
  .000089	 .1127451	-.1470588	
  .0000892	 .1127451	-.1431373	
  .0000894	 .1147059	-.1392157	
  .0000896	 .1147059	-.1352941	
  .0000898	 .1147059	-.1313726	
  .00009	 .1166667	-.127451	
  .0000902	 .1107843	-.1235294	
  .0000904	 .1107843	-.127451	
  .0000906	 .1088235	-.1235294	
  .0000908	 .1088235	-.1156863	
  .000091	 .1107843	-.1078431	
  .0000912	 .1068627	-.1039216	
  .0000914	 .1068627	-.1039216	
  .0000916	 .1068627	-.1	
  .0000918	 .1068627	-.1	
  .000092	 .1068627	-9.607843E-02	
  .0000922	 .1029412	-9.607843E-02	
  .0000924	 .1009804	-9.215686E-02	
  .0000926	 .1029412	-8.431373E-02	
  .0000928	 .1029412	-8.039216E-02	
  .000093	 .1009804	-8.039216E-02	
  .0000932	 .1029412	-7.647059E-02	
  .0000934	 9.901961E-02	-6.862745E-02	
  .0000936	 9.901961E-02	-7.254902E-02	
  .0000938	 9.509804E-02	-7.254902E-02	
  .000094	 9.509804E-02	-6.862745E-02	
  .0000942	 9.509804E-02	-6.078431E-02	
  .0000944	 9.509804E-02	-5.686275E-02	
  .0000946	 9.509804E-02	-5.294118E-02	
  .0000948	 9.117647E-02	-4.901961E-02	
  .000095	 9.313726E-02	-4.509804E-02	
  .0000952	 9.117647E-02	-4.901961E-02	
  .0000954	 8.921569E-02	-4.117647E-02	
  .0000956	 .0872549	-4.509804E-02	
  .0000958	 8.921569E-02	-3.333334E-02	
  .000096	 8.529412E-02	-2.941176E-02	
  .0000962	 8.529412E-02	-2.941176E-02	
  .0000964	 .0872549	-.0254902	
  .0000966	 8.333334E-02	-2.156863E-02	
  .0000968	 8.137255E-02	-1.764706E-02	
  .000097	 8.333334E-02	-1.764706E-02	
  .0000972	 7.745098E-02	-1.764706E-02	
  .0000974	 7.745098E-02	-9.803922E-03	
  .0000976	 7.745098E-02	-5.882353E-03	
  .0000978	 7.745098E-02	-5.882353E-03	
  .000098	 .0754902	 1.960784E-03	
  .0000982	 7.745098E-02	 9.803922E-03	
  .0000984	 7.745098E-02	 9.803922E-03	
  .0000986	 .0754902	 5.882353E-03	
  .0000988	 7.156863E-02	 1.372549E-02	
  .000099	 6.960785E-02	 1.764706E-02	
  .0000992	 7.156863E-02	 2.156863E-02	
  .0000994	 6.960785E-02	 2.156863E-02	
  .0000996	 6.960785E-02	 2.941176E-02	
  .0000998	 6.764706E-02	 3.333334E-02	
  .0001	 6.568628E-02	 .0372549	
  .0001002	 6.372549E-02	 3.333334E-02	
  .0001004	 6.176471E-02	 .0372549	
  .0001006	 5.980392E-02	 4.117647E-02	
  .0001008	 6.176471E-02	 4.509804E-02	
  .000101	 5.980392E-02	 4.509804E-02	
  .0001012	 5.980392E-02	 5.294118E-02	
  .0001014	 5.784314E-02	 5.294118E-02	
  .0001016	 5.588235E-02	 5.686275E-02	
  .0001018	 5.588235E-02	 5.686275E-02	
  .000102	 5.588235E-02	 6.078431E-02	
  .0001022	 5.392157E-02	 6.470589E-02	
  .0001024	 .05	 6.470589E-02	
  .0001026	 4.803922E-02	 7.254902E-02	
  .0001028	 4.803922E-02	 7.647059E-02	
  .000103	 4.607843E-02	 8.431373E-02	
  .0001032	 4.803922E-02	 8.039216E-02	
  .0001034	 4.607843E-02	 7.647059E-02	
  .0001036	 4.411765E-02	 .0882353	
  .0001038	 4.215686E-02	 .0882353	
  .000104	 4.215686E-02	 .0882353	
  .0001042	 4.019608E-02	 9.607843E-02	
  .0001044	 4.019608E-02	 .1	
  .0001046	 4.019608E-02	 .1039216	
  .0001048	 .0382353	 .1039216	
  .000105	 .0382353	 .1078431	
  .0001052	 .0382353	 .1078431	
  .0001054	 3.431373E-02	 .1117647	
  .0001056	 3.039216E-02	 .1078431	
  .0001058	 3.235294E-02	 .1117647	
  .000106	 2.843137E-02	 .1196078	
  .0001062	 2.843137E-02	 .1196078	
  .0001064	 .0245098	 .1235294	
  .0001066	 .0245098	 .127451	
  .0001068	 .0245098	 .1313726	
  .000107	 2.254902E-02	 .1313726	
  .0001072	 2.058824E-02	 .1313726	
  .0001074	 2.058824E-02	 .1352941	
  .0001076	 2.058824E-02	 .1392157	
  .0001078	 1.862745E-02	 .1431373	
  .000108	 1.666667E-02	 .1470588	
  .0001082	 1.666667E-02	 .1509804	
  .0001084	 1.470588E-02	 .1509804	
  .0001086	 1.470588E-02	 .1470588	
  .0001088	 1.078431E-02	 .154902	
  .000109	 1.078431E-02	 .1509804	
  .0001092	 .0127451	 .1588235	
  .0001094	 8.82353E-03	 .1627451	
  .0001096	 8.82353E-03	 .1666667	
  .0001098	 8.82353E-03	 .1705882	
  .00011	 4.901961E-03	 .1705882	
  .0001102	 4.901961E-03	 .1705882	
  .0001104	 9.803922E-04	 .1666667	
  .0001106	-9.803922E-04	 .1705882	
  .0001108	-9.803922E-04	 .1784314	
  .000111	 9.803922E-04	 .1784314	
  .0001112	-2.941177E-03	 .1823529	
  .0001114	-2.941177E-03	 .1823529	
  .0001116	-6.862745E-03	 .1823529	
  .0001118	-6.862745E-03	 .1862745	
  .000112	-6.862745E-03	 .1862745	
  .0001122	-8.82353E-03	 .1862745	
  .0001124	-8.82353E-03	 .1941177	
  .0001126	-1.078431E-02	 .1941177	
  .0001128	-1.470588E-02	 .1941177	
  .000113	-8.82353E-03	 .1980392	
  .0001132	-1.470588E-02	 .2019608	
  .0001134	-1.470588E-02	 .1980392	
  .0001136	-1.666667E-02	 .1980392	
  .0001138	-1.862745E-02	 .2019608	
  .000114	-1.862745E-02	 .2019608	
  .0001142	-2.058824E-02	 .2098039	
  .0001144	-2.058824E-02	 .2098039	
  .0001146	-2.058824E-02	 .2137255	
  .0001148	-2.254902E-02	 .2137255	
  .000115	-.0245098	 .2137255	
  .0001152	-2.843137E-02	 .2137255	
  .0001154	-3.039216E-02	 .2137255	
  .0001156	-2.843137E-02	 .2176471	
  .0001158	-3.039216E-02	 .2137255	
  .000116	-3.235294E-02	 .2215686	
  .0001162	-3.235294E-02	 .2137255	
  .0001164	-3.431373E-02	 .2254902	
  .0001166	-3.431373E-02	 .2254902	
  .0001168	-3.627451E-02	 .2215686	
  .000117	-.0382353	 .2215686	
  .0001172	-4.019608E-02	 .2254902	
  .0001174	-4.215686E-02	 .2294118	
  .0001176	-4.215686E-02	 .2294118	
  .0001178	-4.215686E-02	 .2333333	
  .000118	-4.215686E-02	 .2294118	
  .0001182	-4.607843E-02	 .2333333	
  .0001184	-4.607843E-02	 .2333333	
  .0001186	-4.803922E-02	 .2333333	
  .0001188	-4.803922E-02	 .2333333	
  .000119	-4.803922E-02	 .2411765	
  .0001192	-.05	 .2411765	
  .0001194	-.05	 .2411765	
  .0001196	-5.196078E-02	 .245098	
  .0001198	-5.588235E-02	 .2411765	
  .00012	-5.588235E-02	 .2411765	
  .0001202	-5.784314E-02	 .2372549	
  .0001204	-5.784314E-02	 .2411765	
  .0001206	-5.784314E-02	 .245098	
  .0001208	-5.980392E-02	 .245098	
  .000121	-6.372549E-02	 .245098	
  .0001212	-6.176471E-02	 .2490196	
  .0001214	-6.372549E-02	 .245098	
  .0001216	-6.372549E-02	 .2490196	
  .0001218	-6.568628E-02	 .245098	
  .000122	-6.568628E-02	 .2490196	
  .0001222	-6.568628E-02	 .245098	
  .0001224	-6.764706E-02	 .2490196	
  .0001226	-6.764706E-02	 .245098	
  .0001228	-6.960785E-02	 .2490196	
  .000123	-7.352941E-02	 .2490196	
  .0001232	-7.352941E-02	 .245098	
  .0001234	-7.352941E-02	 .2529412	
  .0001236	-.0754902	 .245098	
  .0001238	-7.745098E-02	 .245098	
  .000124	-.0754902	 .2529412	
  .0001242	-7.745098E-02	 .245098	
  .0001244	-7.745098E-02	 .2490196	
  .0001246	-7.941177E-02	 .2490196	
  .0001248	-7.941177E-02	 .245098	
  .000125	-8.137255E-02	 .2490196	
  .0001252	-8.137255E-02	 .245098	
  .0001254	-8.333334E-02	 .245098	
  .0001256	-8.137255E-02	 .2490196	
  .0001258	-8.333334E-02	 .2490196	
  .000126	-8.333334E-02	 .2490196	
  .0001262	-8.529412E-02	 .2490196	
  .0001264	-8.529412E-02	 .2490196	
  .0001266	-.0872549	 .2490196	
  .0001268	-8.921569E-02	 .245098	
  .000127	-8.921569E-02	 .245098	
  .0001272	-.0872549	 .245098	
  .0001274	-.0872549	 .245098	
  .0001276	-.0872549	 .245098	
  .0001278	-9.117647E-02	 .2529412	
  .000128	-8.921569E-02	 .245098	
  .0001282	-9.117647E-02	 .245098	
  .0001284	-9.313726E-02	 .2411765	
  .0001286	-9.313726E-02	 .245098	
  .0001288	-9.313726E-02	 .245098	
  .000129	-9.313726E-02	 .245098	
  .0001292	-9.313726E-02	 .245098	
  .0001294	-9.313726E-02	 .2411765	
  .0001296	-9.509804E-02	 .245098	
  .0001298	-9.509804E-02	 .2411765	
  .00013	-9.313726E-02	 .2411765	
  .0001302	-9.509804E-02	 .2372549	
  .0001304	-9.509804E-02	 .2372549	
  .0001306	-9.509804E-02	 .2411765	
  .0001308	-9.705883E-02	 .2372549	
  .000131	-9.313726E-02	 .2411765	
  .0001312	-9.509804E-02	 .2372549	
  .0001314	-9.705883E-02	 .2372549	
  .0001316	-9.705883E-02	 .2333333	
  .0001318	-9.509804E-02	 .2333333	
  .000132	-9.705883E-02	 .2294118	
  .0001322	-9.705883E-02	 .2372549	
  .0001324	-9.705883E-02	 .2372549	
  .0001326	-9.705883E-02	 .2294118	
  .0001328	-9.705883E-02	 .2333333	
  .000133	-9.705883E-02	 .2294118	
  .0001332	-9.901961E-02	 .2294118	
  .0001334	-9.901961E-02	 .2254902	
  .0001336	-9.509804E-02	 .2215686	
  .0001338	-9.509804E-02	 .2254902	
  .000134	-9.509804E-02	 .2215686	
  .0001342	-9.509804E-02	 .2254902	
  .0001344	-9.901961E-02	 .2215686	
  .0001346	-9.509804E-02	 .2215686	
  .0001348	-9.705883E-02	 .2215686	
  .000135	-9.509804E-02	 .2098039	
  .0001352	-9.705883E-02	 .2098039	
  .0001354	-9.509804E-02	 .2058824	
  .0001356	-9.509804E-02	 .2098039	
  .0001358	-9.509804E-02	 .2098039	
  .000136	-9.705883E-02	 .2058824	
  .0001362	-9.509804E-02	 .2137255	
  .0001364	-9.509804E-02	 .2098039	
  .0001366	-9.509804E-02	 .1980392	
  .0001368	-9.313726E-02	 .2019608	
  .000137	-9.705883E-02	 .1980392	
  .0001372	-9.509804E-02	 .1980392	
  .0001374	-9.509804E-02	 .1980392	
  .0001376	-9.509804E-02	 .1980392	
  .0001378	-9.509804E-02	 .1980392	
  .000138	-9.313726E-02	 .1941177	
  .0001382	-9.509804E-02	 .1901961	
  .0001384	-9.313726E-02	 .1901961	
  .0001386	-9.509804E-02	 .1862745	
  .0001388	-9.313726E-02	 .1901961	
  .000139	-9.313726E-02	 .1862745	
  .0001392	-9.313726E-02	 .1862745	
  .0001394	-9.117647E-02	 .1862745	
  .0001396	-9.313726E-02	 .1823529	
  .0001398	-9.313726E-02	 .1823529	
  .00014	-9.117647E-02	 .1705882	
  .0001402	-9.313726E-02	 .1705882	
  .0001404	-9.117647E-02	 .1745098	
  .0001406	-8.921569E-02	 .1705882	
  .0001408	-9.313726E-02	 .1666667	
  .000141	-9.117647E-02	 .1666667	
  .0001412	-8.921569E-02	 .1666667	
  .0001414	-9.117647E-02	 .1627451	
  .0001416	-8.921569E-02	 .154902	
  .0001418	-8.921569E-02	 .1588235	
  .000142	-8.921569E-02	 .154902	
  .0001422	-8.921569E-02	 .1588235	
  .0001424	-9.117647E-02	 .154902	
  .0001426	-8.921569E-02	 .154902	
  .0001428	-.0872549	 .1509804	
  .000143	-.0872549	 .1470588	
  .0001432	-8.921569E-02	 .1470588	
  .0001434	-.0872549	 .1392157	
  .0001436	-.0872549	 .1392157	
  .0001438	-8.529412E-02	 .1470588	
  .000144	-8.529412E-02	 .1392157	
  .0001442	-8.529412E-02	 .1392157	
  .0001444	-8.529412E-02	 .1352941	
  .0001446	-8.529412E-02	 .1313726	
  .0001448	-8.333334E-02	 .1313726	
  .000145	-8.333334E-02	 .1196078	
  .0001452	-8.333334E-02	 .1196078	
  .0001454	-8.137255E-02	 .1196078	
  .0001456	-8.137255E-02	 .1196078	
  .0001458	-8.137255E-02	 .1196078	
  .000146	-8.137255E-02	 .1156863	
  .0001462	-8.137255E-02	 .1156863	
  .0001464	-7.941177E-02	 .1078431	
  .0001466	-7.941177E-02	 .1039216	
  .0001468	-7.745098E-02	 .1078431	
  .000147	-7.941177E-02	 .1039216	
  .0001472	-7.745098E-02	 .1039216	
  .0001474	-7.745098E-02	 .1	
  .0001476	-7.745098E-02	 .1	
  .0001478	-7.745098E-02	 9.607843E-02	
  .000148	-7.745098E-02	 9.607843E-02	
  .0001482	-.0754902	 9.215686E-02	
  .0001484	-.0754902	 .0882353	
  .0001486	-.0754902	 8.039216E-02	
  .0001488	-7.156863E-02	 8.039216E-02	
  .000149	-7.352941E-02	 8.039216E-02	
  .0001492	-7.156863E-02	 7.647059E-02	
  .0001494	-7.156863E-02	 8.039216E-02	
  .0001496	-7.156863E-02	 7.254902E-02	
  .0001498	-7.156863E-02	 6.862745E-02	
  .00015	-6.960785E-02	 6.078431E-02	
  .0001502	-6.764706E-02	 6.078431E-02	
  .0001504	-6.568628E-02	 6.078431E-02	
  .0001506	-6.568628E-02	 5.686275E-02	
  .0001508	-6.764706E-02	 5.686275E-02	
  .000151	-6.568628E-02	 5.294118E-02	
  .0001512	-6.568628E-02	 5.294118E-02	
  .0001514	-6.372549E-02	 4.901961E-02	
  .0001516	-6.372549E-02	 4.509804E-02	
  .0001518	-6.176471E-02	 4.117647E-02	
  .000152	-6.176471E-02	 4.509804E-02	
  .0001522	-6.176471E-02	 4.117647E-02	
  .0001524	-6.176471E-02	 .0372549	
  .0001526	-5.980392E-02	 .0372549	
  .0001528	-5.588235E-02	 .0372549	
  .000153	-5.980392E-02	 2.941176E-02	
  .0001532	-5.784314E-02	 .0254902	
  .0001534	-5.784314E-02	 .0254902	
  .0001536	-5.392157E-02	 2.156863E-02	
  .0001538	-5.392157E-02	 .0254902	
  .000154	-5.392157E-02	 1.764706E-02	
  .0001542	-5.588235E-02	 1.764706E-02	
  .0001544	-5.392157E-02	 9.803922E-03	
  .0001546	-5.392157E-02	 5.882353E-03	
  .0001548	-.05	 1.960784E-03	
  .000155	-5.196078E-02	-1.960784E-03	
  .0001552	-4.803922E-02	 1.960784E-03	
  .0001554	-.05	 1.960784E-03	
  .0001556	-4.803922E-02	 1.960784E-03	
  .0001558	-4.607843E-02	-5.882353E-03	
  .000156	-4.803922E-02	 1.960784E-03	
  .0001562	-4.411765E-02	-5.882353E-03	
  .0001564	-4.411765E-02	-1.372549E-02	
  .0001566	-4.607843E-02	-1.764706E-02	
  .0001568	-4.607843E-02	-1.764706E-02	
  .000157	-4.215686E-02	-1.764706E-02	
  .0001572	-4.019608E-02	-1.764706E-02	
  .0001574	-4.019608E-02	-2.156863E-02	
  .0001576	-4.019608E-02	-2.156863E-02	
  .0001578	-4.019608E-02	-2.156863E-02	
  .000158	-3.627451E-02	-2.941176E-02	
  .0001582	-.0382353	-2.941176E-02	
  .0001584	-3.627451E-02	-3.333334E-02	
  .0001586	-3.431373E-02	-3.333334E-02	
  .0001588	-3.431373E-02	-.0372549	
  .000159	-3.235294E-02	-.0372549	
  .0001592	-3.235294E-02	-.0372549	
  .0001594	-3.235294E-02	-.0372549	
  .0001596	-3.235294E-02	-4.509804E-02	
  .0001598	-3.039216E-02	-4.901961E-02	
  .00016	-3.039216E-02	-5.294118E-02	
  .0001602	-2.647059E-02	-4.901961E-02	
  .0001604	-2.647059E-02	-5.294118E-02	
  .0001606	-2.647059E-02	-5.686275E-02	
  .0001608	-.0245098	-5.294118E-02	
  .000161	-.0245098	-6.078431E-02	
  .0001612	-.0245098	-6.078431E-02	
  .0001614	-2.254902E-02	-6.078431E-02	
  .0001616	-2.254902E-02	-6.862745E-02	
  .0001618	-2.058824E-02	-6.862745E-02	
  .000162	-2.058824E-02	-6.470589E-02	
  .0001622	-2.058824E-02	-6.862745E-02	
  .0001624	-1.862745E-02	-6.862745E-02	
  .0001626	-1.666667E-02	-7.254902E-02	
  .0001628	-1.666667E-02	-8.039216E-02	
  .000163	-1.470588E-02	-7.647059E-02	
  .0001632	-1.470588E-02	-8.039216E-02	
  .0001634	-.0127451	-8.431373E-02	
  .0001636	-.0127451	-8.039216E-02	
  .0001638	-1.078431E-02	-.0882353	
  .000164	-1.078431E-02	-.0882353	
  .0001642	-1.078431E-02	-.0882353	
  .0001644	-8.82353E-03	-9.215686E-02	
  .0001646	-8.82353E-03	-9.607843E-02	
  .0001648	-6.862745E-03	-.1	
  .000165	-1.078431E-02	-.1	
  .0001652	-2.941177E-03	-.1	
  .0001654	-4.901961E-03	-.1	
  .0001656	-4.901961E-03	-.1039216	
  .0001658	-2.941177E-03	-.1	
  .000166	-2.941177E-03	-.1039216	
  .0001662	-9.803922E-04	-.1078431	
  .0001664	-9.803922E-04	-.1117647	
  .0001666	-9.803922E-04	-.1117647	
  .0001668	 2.941177E-03	-.1156863	
  .000167	 9.803922E-04	-.1156863	
  .0001672	 4.901961E-03	-.1117647	
  .0001674	 4.901961E-03	-.1196078	
  .0001676	 6.862745E-03	-.1196078	
  .0001678	 6.862745E-03	-.1196078	
  .000168	 6.862745E-03	-.1235294	
  .0001682	 8.82353E-03	-.127451	
  .0001684	 8.82353E-03	-.127451	
  .0001686	 .0127451	-.1235294	
  .0001688	 .0127451	-.127451	
  .000169	 1.470588E-02	-.127451	
  .0001692	 1.666667E-02	-.127451	
  .0001694	 1.470588E-02	-.1313726	
  .0001696	 1.470588E-02	-.1352941	
  .0001698	 1.666667E-02	-.1392157	
  .00017	 1.862745E-02	-.1392157	
  .0001702	 1.862745E-02	-.1352941	
  .0001704	 2.254902E-02	-.1352941	
  .0001706	 2.058824E-02	-.1392157	
  .0001708	 .0245098	-.1392157	
  .000171	 2.254902E-02	-.1392157	
  .0001712	 .0245098	-.1470588	
  .0001714	 2.647059E-02	-.1470588	
  .0001716	 .0245098	-.1509804	
  .0001718	 2.647059E-02	-.1470588	
  .000172	 2.843137E-02	-.1470588	
  .0001722	 3.039216E-02	-.1470588	
  .0001724	 3.235294E-02	-.1470588	
  .0001726	 3.039216E-02	-.154902	
  .0001728	 3.235294E-02	-.154902	
  .000173	 3.235294E-02	-.154902	
  .0001732	 3.627451E-02	-.1588235	
  .0001734	 3.627451E-02	-.154902	
  .0001736	 .0382353	-.154902	
  .0001738	 4.019608E-02	-.1588235	
  .000174	 4.019608E-02	-.1588235	
  .0001742	 4.019608E-02	-.1588235	
  .0001744	 4.215686E-02	-.1666667	
  .0001746	 4.215686E-02	-.1627451	
  .0001748	 4.215686E-02	-.1666667	
  .000175	 4.411765E-02	-.1666667	
  .0001752	 4.411765E-02	-.1627451	
  .0001754	 4.607843E-02	-.154902	
  .0001756	 4.607843E-02	-.1627451	
  .0001758	 4.607843E-02	-.1627451	
  .000176	 4.803922E-02	-.1627451	
  .0001762	 .05	-.1666667	
  .0001764	 4.803922E-02	-.1666667	
  .0001766	 .05	-.1666667	
  .0001768	 .05	-.1666667	
  .000177	 .05	-.1666667	
  .0001772	 5.392157E-02	-.1666667	
  .0001774	 5.392157E-02	-.1627451	
  .0001776	 5.784314E-02	-.1666667	
  .0001778	 5.784314E-02	-.1745098	
  .000178	 5.392157E-02	-.1705882	
  .0001782	 5.784314E-02	-.1745098	
  .0001784	 5.784314E-02	-.1666667	
  .0001786	 5.784314E-02	-.1666667	
  .0001788	 5.980392E-02	-.1705882	
  .000179	 6.176471E-02	-.1705882	
  .0001792	 5.980392E-02	-.1705882	
  .0001794	 5.980392E-02	-.1745098	
  .0001796	 6.176471E-02	-.1745098	
  .0001798	 6.176471E-02	-.1745098	
  .00018	 6.176471E-02	-.1705882	
  .0001802	 6.372549E-02	-.1745098	
  .0001804	 6.372549E-02	-.1745098	
  .0001806	 6.372549E-02	-.1745098	
  .0001808	 6.372549E-02	-.1745098	
  .000181	 6.764706E-02	-.1784314	
  .0001812	 6.764706E-02	-.1745098	
  .0001814	 6.568628E-02	-.1745098	
  .0001816	 6.568628E-02	-.1784314	
  .0001818	 6.960785E-02	-.1705882	
  .000182	 6.568628E-02	-.1745098	
  .0001822	 6.764706E-02	-.1705882	
  .0001824	 7.156863E-02	-.1745098	
  .0001826	 6.764706E-02	-.1745098	
  .0001828	 7.156863E-02	-.1745098	
  .000183	 6.960785E-02	-.1745098	
  .0001832	 6.960785E-02	-.1745098	
  .0001834	 6.960785E-02	-.1705882	
  .0001836	 7.156863E-02	-.1705882	
  .0001838	 7.156863E-02	-.1705882	
  .000184	 7.352941E-02	-.1705882	
  .0001842	 6.960785E-02	-.1745098	
  .0001844	 6.960785E-02	-.1784314	
  .0001846	 6.960785E-02	-.1705882	
  .0001848	 .0754902	-.1705882	
  .000185	 7.156863E-02	-.1745098	
  .0001852	 7.156863E-02	-.1705882	
  .0001854	 6.960785E-02	-.1705882	
  .0001856	 7.156863E-02	-.1666667	
  .0001858	 7.156863E-02	-.1666667	
  .000186	 7.352941E-02	-.1745098	
  .0001862	 7.352941E-02	-.1745098	
  .0001864	 7.156863E-02	-.1705882	
  .0001866	 7.156863E-02	-.1666667	
  .0001868	 7.352941E-02	-.1666667	
  .000187	 7.156863E-02	-.1666667	
  .0001872	 7.156863E-02	-.1627451	
  .0001874	 7.352941E-02	-.1666667	
  .0001876	 .0754902	-.1666667	
  .0001878	 7.352941E-02	-.1666667	
  .000188	 7.352941E-02	-.1666667	
  .0001882	 .0754902	-.1627451	
  .0001884	 7.745098E-02	-.1627451	
  .0001886	 .0754902	-.1588235	
  .0001888	 7.745098E-02	-.1588235	
  .000189	 7.745098E-02	-.1627451	
  .0001892	 .0754902	-.154902	
  .0001894	 7.352941E-02	-.1666667	
  .0001896	 7.352941E-02	-.1627451	
  .0001898	 7.352941E-02	-.1588235	
  .00019	 .0754902	-.154902	
  .0001902	 7.352941E-02	-.154902	
  .0001904	 .0754902	-.154902	
  .0001906	 .0754902	-.154902	
  .0001908	 7.745098E-02	-.154902	
  .000191	 7.745098E-02	-.1588235	
  .0001912	 .0754902	-.154902	
  .0001914	 .0754902	-.154902	
  .0001916	 .0754902	-.1509804	
  .0001918	 .0754902	-.1470588	
  .000192	 .0754902	-.1509804	
  .0001922	 7.941177E-02	-.1509804	
  .0001924	 .0754902	-.1470588	
  .0001926	 .0754902	-.1470588	
  .0001928	 7.352941E-02	-.1470588	
  .000193	 7.352941E-02	-.1431373	
  .0001932	 7.745098E-02	-.1431373	
  .0001934	 7.941177E-02	-.1431373	
  .0001936	 .0754902	-.1392157	
  .0001938	 .0754902	-.1431373	
  .000194	 7.352941E-02	-.1352941	
  .0001942	 .0754902	-.1431373	
  .0001944	 7.745098E-02	-.1392157	
  .0001946	 7.156863E-02	-.1392157	
  .0001948	 .0754902	-.1352941	
  .000195	 7.352941E-02	-.1313726	
  .0001952	 7.352941E-02	-.1313726	
  .0001954	 .0754902	-.1313726	
  .0001956	 7.156863E-02	-.1313726	
  .0001958	 7.352941E-02	-.127451	
  .000196	 7.352941E-02	-.127451	
  .0001962	 7.352941E-02	-.1235294	
  .0001964	 7.156863E-02	-.1235294	
  .0001966	 7.352941E-02	-.127451	
  .0001968	 7.156863E-02	-.1196078	
  .000197	 7.156863E-02	-.1196078	
  .0001972	 7.352941E-02	-.1196078	
  .0001974	 7.352941E-02	-.1156863	
  .0001976	 7.352941E-02	-.1196078	
  .0001978	 7.156863E-02	-.1196078	
  .000198	 7.156863E-02	-.1156863	
  .0001982	 7.352941E-02	-.1078431	
  .0001984	 7.156863E-02	-.1117647	
  .0001986	 7.156863E-02	-.1078431	
  .0001988	 7.156863E-02	-.1078431	
  .000199	 6.960785E-02	-.1078431	
  .0001992	 6.960785E-02	-.1078431	
  .0001994	 6.960785E-02	-.1078431	
  .0001996	 6.764706E-02	-.1078431	
  .0001998	 6.960785E-02	-.1039216	
  .0002	 6.960785E-02	-.1	
  .0002002	 6.960785E-02	-.1	
  .0002004	 6.960785E-02	-9.607843E-02	
  .0002006	 6.960785E-02	-9.607843E-02	
  .0002008	 6.960785E-02	-.1	
  .000201	 6.960785E-02	-9.607843E-02	
  .0002012	 6.568628E-02	-9.607843E-02	
  .0002014	 6.764706E-02	-9.215686E-02	
  .0002016	 6.960785E-02	-.0882353	
  .0002018	 6.764706E-02	-.0882353	
  .000202	 6.568628E-02	-8.431373E-02	
  .0002022	 6.568628E-02	-8.431373E-02	
  .0002024	 6.372549E-02	-8.431373E-02	
  .0002026	 6.568628E-02	-8.431373E-02	
  .0002028	 6.568628E-02	-8.039216E-02	
  .000203	 6.568628E-02	-8.431373E-02	
  .0002032	 6.568628E-02	-7.254902E-02	
  .0002034	 6.372549E-02	-7.647059E-02	
  .0002036	 6.372549E-02	-7.647059E-02	
  .0002038	 6.568628E-02	-7.254902E-02	
  .000204	 6.372549E-02	-7.254902E-02	
  .0002042	 6.372549E-02	-6.862745E-02	
  .0002044	 6.372549E-02	-7.254902E-02	
  .0002046	 5.980392E-02	-6.470589E-02	
  .0002048	 6.176471E-02	-6.862745E-02	
  .000205	 5.980392E-02	-6.078431E-02	
  .0002052	 6.176471E-02	-5.686275E-02	
  .0002054	 5.980392E-02	-5.686275E-02	
  .0002056	 5.980392E-02	-6.078431E-02	
  .0002058	 5.980392E-02	-5.686275E-02	
  .000206	 5.588235E-02	-5.686275E-02	
  .0002062	 5.784314E-02	-4.901961E-02	
  .0002064	 5.784314E-02	-5.686275E-02	
  .0002066	 5.784314E-02	-5.294118E-02	
  .0002068	 5.588235E-02	-4.901961E-02	
  .000207	 5.588235E-02	-4.901961E-02	
  .0002072	 5.588235E-02	-4.509804E-02	
  .0002074	 5.588235E-02	-4.509804E-02	
  .0002076	 5.588235E-02	-4.509804E-02	
  .0002078	 5.588235E-02	-4.117647E-02	
  .000208	 5.392157E-02	-.0372549	
  .0002082	 5.392157E-02	-3.333334E-02	
  .0002084	 5.196078E-02	-.0372549	
  .0002086	 5.392157E-02	-3.333334E-02	
  .0002088	 5.196078E-02	-.0254902	
  .000209	 5.196078E-02	-.0254902	
  .0002092	 .05	-2.941176E-02	
  .0002094	 4.803922E-02	-2.941176E-02	
  .0002096	 4.803922E-02	-.0254902	
  .0002098	 .05	-.0254902	
  .00021	 5.196078E-02	-2.156863E-02	
  .0002102	 .05	-1.764706E-02	
  .0002104	 4.803922E-02	-1.764706E-02	
  .0002106	 4.803922E-02	-1.764706E-02	
  .0002108	 4.803922E-02	-1.372549E-02	
  .000211	 4.607843E-02	-1.372549E-02	
  .0002112	 4.607843E-02	-1.372549E-02	
  .0002114	 4.411765E-02	-9.803922E-03	
  .0002116	 4.607843E-02	-5.882353E-03	
  .0002118	 4.411765E-02	-5.882353E-03	
  .000212	 4.607843E-02	-5.882353E-03	
  .0002122	 4.411765E-02	-1.960784E-03	
  .0002124	 4.215686E-02	-1.960784E-03	
  .0002126	 4.019608E-02	-1.960784E-03	
  .0002128	 4.019608E-02	-1.960784E-03	
  .000213	 4.215686E-02	 1.960784E-03	
  .0002132	 4.019608E-02	 5.882353E-03	
  .0002134	 .0382353	 5.882353E-03	
  .0002136	 .0382353	 5.882353E-03	
  .0002138	 .0382353	 9.803922E-03	
  .000214	 3.627451E-02	 9.803922E-03	
  .0002142	 3.627451E-02	 1.372549E-02	
  .0002144	 3.627451E-02	 1.372549E-02	
  .0002146	 3.431373E-02	 1.372549E-02	
  .0002148	 3.431373E-02	 1.764706E-02	
  .000215	 3.627451E-02	 2.156863E-02	
  .0002152	 3.235294E-02	 2.156863E-02	
  .0002154	 3.235294E-02	 .0254902	
  .0002156	 3.235294E-02	 .0254902	
  .0002158	 3.431373E-02	 .0254902	
  .000216	 2.843137E-02	 2.156863E-02	
  .0002162	 3.039216E-02	 .0254902	
  .0002164	 3.039216E-02	 2.941176E-02	
  .0002166	 3.039216E-02	 2.941176E-02	
  .0002168	 3.039216E-02	 3.333334E-02	
  .000217	 2.843137E-02	 .0372549	
  .0002172	 2.843137E-02	 .0372549	
  .0002174	 2.843137E-02	 3.333334E-02	
  .0002176	 2.647059E-02	 4.509804E-02	
  .0002178	 .0245098	 .0372549	
  .000218	 2.647059E-02	 4.117647E-02	
  .0002182	 .0245098	 4.509804E-02	
  .0002184	 2.254902E-02	 4.509804E-02	
  .0002186	 .0245098	 4.901961E-02	
  .0002188	 2.058824E-02	 5.686275E-02	
  .000219	 2.254902E-02	 4.901961E-02	
  .0002192	 2.058824E-02	 4.901961E-02	
  .0002194	 1.862745E-02	 4.901961E-02	
  .0002196	 1.862745E-02	 6.078431E-02	
  .0002198	 1.862745E-02	 5.294118E-02	
  .00022	 1.666667E-02	 6.470589E-02	
  .0002202	 1.862745E-02	 5.686275E-02	
  .0002204	 1.862745E-02	 6.078431E-02	
  .0002206	 1.666667E-02	 6.470589E-02	
  .0002208	 1.862745E-02	 6.078431E-02	
  .000221	 1.470588E-02	 6.862745E-02	
  .0002212	 1.666667E-02	 6.078431E-02	
  .0002214	 1.470588E-02	 6.470589E-02	
  .0002216	 .0127451	 6.862745E-02	
  .0002218	 1.470588E-02	 6.862745E-02	
  .000222	 .0127451	 6.862745E-02	
  .0002222	 .0127451	 6.862745E-02	
  .0002224	 1.078431E-02	 7.254902E-02	
  .0002226	 6.862745E-03	 7.254902E-02	
  .0002228	 8.82353E-03	 7.254902E-02	
  .000223	 8.82353E-03	 8.039216E-02	
  .0002232	 6.862745E-03	 7.647059E-02	
  .0002234	 8.82353E-03	 .0882353	
  .0002236	 6.862745E-03	 8.039216E-02	
  .0002238	 4.901961E-03	 7.647059E-02	
  .000224	 8.82353E-03	 8.431373E-02	
  .0002242	 2.941177E-03	 8.039216E-02	
  .0002244	 2.941177E-03	 8.431373E-02	
  .0002246	 4.901961E-03	 8.039216E-02	
  .0002248	 9.803922E-04	 .0882353	
  .000225	 9.803922E-04	 .0882353	
  .0002252	 2.941177E-03	 8.431373E-02	
  .0002254	-9.803922E-04	 9.215686E-02	
  .0002256	 9.803922E-04	 .0882353	
  .0002258	-9.803922E-04	 9.215686E-02	
  .000226	-9.803922E-04	 9.215686E-02	
  .0002262	-9.803922E-04	 9.215686E-02	
  .0002264	-9.803922E-04	 9.607843E-02	
  .0002266	-2.941177E-03	 9.607843E-02	
  .0002268	-4.901961E-03	 .1	
  .000227	-2.941177E-03	 .1039216	
  .0002272	-4.901961E-03	 .1039216	
  .0002274	-6.862745E-03	 9.607843E-02	
  .0002276	-6.862745E-03	 .1	
  .0002278	-6.862745E-03	 .1	
  .000228	-6.862745E-03	 .1039216	
  .0002282	-8.82353E-03	 .1039216	
  .0002284	-6.862745E-03	 .1078431	
  .0002286	-8.82353E-03	 .1156863	
  .0002288	-1.078431E-02	 .1117647	
  .000229	-1.078431E-02	 .1078431	
  .0002292	-1.470588E-02	 .1078431	
  .0002294	-1.470588E-02	 .1117647	
  .0002296	-.0127451	 .1078431	
  .0002298	-1.078431E-02	 .1117647	
  .00023	-1.470588E-02	 .1117647	
  .0002302	-1.470588E-02	 .1156863	
  .0002304	-1.470588E-02	 .1156863	
  .0002306	-1.666667E-02	 .1156863	
  .0002308	-1.666667E-02	 .1117647	
  .000231	-1.666667E-02	 .1156863	
  .0002312	-1.666667E-02	 .1156863	
  .0002314	-1.862745E-02	 .1196078	
  .0002316	-1.862745E-02	 .1196078	
  .0002318	-1.862745E-02	 .1235294	
  .000232	-1.862745E-02	 .1235294	
  .0002322	-2.058824E-02	 .1196078	
  .0002324	-2.254902E-02	 .1156863	
  .0002326	-2.254902E-02	 .1156863	
  .0002328	-2.058824E-02	 .1196078	
  .000233	-2.058824E-02	 .1235294	
  .0002332	-2.058824E-02	 .1235294	
  .0002334	-.0245098	 .127451	
  .0002336	-.0245098	 .1235294	
  .0002338	-.0245098	 .1235294	
  .000234	-2.647059E-02	 .1235294	
  .0002342	-2.647059E-02	 .1196078	
  .0002344	-2.647059E-02	 .1235294	
  .0002346	-2.843137E-02	 .127451	
  .0002348	-2.843137E-02	 .127451	
  .000235	-2.843137E-02	 .1235294	
  .0002352	-3.039216E-02	 .127451	
  .0002354	-3.235294E-02	 .1313726	
  .0002356	-3.039216E-02	 .127451	
  .0002358	-3.431373E-02	 .127451	
  .000236	-3.235294E-02	 .1313726	
  .0002362	-3.039216E-02	 .127451	
  .0002364	-3.235294E-02	 .1313726	
  .0002366	-3.431373E-02	 .1313726	
  .0002368	-3.431373E-02	 .1313726	
  .000237	-3.431373E-02	 .1352941	
  .0002372	-3.431373E-02	 .1313726	
  .0002374	-3.431373E-02	 .1352941	
  .0002376	-3.627451E-02	 .127451	
  .0002378	-3.627451E-02	 .1352941	
  .000238	-.0382353	 .1352941	
  .0002382	-.0382353	 .1352941	
  .0002384	-4.019608E-02	 .1352941	
  .0002386	-4.019608E-02	 .1352941	
  .0002388	-4.019608E-02	 .1313726	
  .000239	-4.215686E-02	 .1313726	
  .0002392	-4.215686E-02	 .1313726	
  .0002394	-4.019608E-02	 .1313726	
  .0002396	-4.215686E-02	 .1313726	
  .0002398	-4.019608E-02	 .1352941	
  .00024	-4.019608E-02	 .1313726	
  .0002402	-4.215686E-02	 .1352941	
  .0002404	-4.215686E-02	 .1352941	
  .0002406	-.0382353	 .1313726	
  .0002408	-4.411765E-02	 .1313726	
  .000241	-4.215686E-02	 .1313726	
  .0002412	-4.411765E-02	 .1352941	
  .0002414	-4.411765E-02	 .1352941	
  .0002416	-4.411765E-02	 .1352941	
  .0002418	-4.411765E-02	 .1352941	
  .000242	-4.607843E-02	 .1313726	
  .0002422	-4.607843E-02	 .1392157	
  .0002424	-4.607843E-02	 .1313726	
  .0002426	-4.803922E-02	 .1313726	
  .0002428	-4.607843E-02	 .1352941	
  .000243	-4.607843E-02	 .1313726	
  .0002432	-4.803922E-02	 .1313726	
  .0002434	-4.607843E-02	 .1352941	
  .0002436	-4.803922E-02	 .1313726	
  .0002438	-4.607843E-02	 .1313726	
  .000244	-.05	 .127451	
  .0002442	-4.803922E-02	 .127451	
  .0002444	-4.803922E-02	 .1235294	
  .0002446	-4.803922E-02	 .1313726	
  .0002448	-.05	 .127451	
  .000245	-4.803922E-02	 .1313726	
  .0002452	-.05	 .1313726	
  .0002454	-.05	 .127451	
  .0002456	-5.196078E-02	 .127451	
  .0002458	-.05	 .127451	
  .000246	-.05	 .1235294	
  .0002462	-5.196078E-02	 .127451	
  .0002464	-4.803922E-02	 .127451	
  .0002466	-.05	 .127451	
  .0002468	-.05	 .1313726	
  .000247	-5.196078E-02	 .127451	
  .0002472	-.05	 .1235294	
  .0002474	-.05	 .127451	
  .0002476	-.05	 .1196078	
  .0002478	-5.196078E-02	 .1235294	
  .000248	-5.196078E-02	 .1235294	
  .0002482	-5.196078E-02	 .127451	
  .0002484	-.05	 .1313726	
  .0002486	-.05	 .127451	
  .0002488	-5.196078E-02	 .1196078	
  .000249	-5.196078E-02	 .1117647	
  .0002492	-5.196078E-02	 .1156863	
  .0002494	-5.196078E-02	 .1235294	
  .0002496	-.05	 .1196078	
  .0002498	-5.196078E-02	 .1196078	
  .00025	-5.196078E-02	 .1196078	
  .0002502	-5.392157E-02	 .1196078	
  .0002504	-5.196078E-02	 .1117647	
  .0002506	-5.196078E-02	 .1117647	
  .0002508	-5.392157E-02	 .1117647	
  .000251	-.05	 .1156863	
  .0002512	-5.196078E-02	 .1117647	
  .0002514	-.05	 .1117647	
  .0002516	-5.196078E-02	 .1117647	
  .0002518	-.05	 .1117647	
  .000252	-.05	 .1117647	
  .0002522	-5.196078E-02	 .1039216	
  .0002524	-5.196078E-02	 .1039216	
  .0002526	-.05	 .1078431	
  .0002528	-.05	 .1078431	
  .000253	-4.803922E-02	 .1078431	
  .0002532	-.05	 .1078431	
  .0002534	-.05	 .1039216	
  .0002536	-5.196078E-02	 .1039216	
  .0002538	-.05	 9.607843E-02	
  .000254	-5.196078E-02	 9.607843E-02	
  .0002542	-5.196078E-02	 9.607843E-02	
  .0002544	-.05	 .1	
  .0002546	-4.803922E-02	 .1	
  .0002548	-.05	 9.215686E-02	
  .000255	-5.196078E-02	 .1	
  .0002552	-4.803922E-02	 9.607843E-02	
  .0002554	-.05	 9.215686E-02	
  .0002556	-.05	 9.215686E-02	
  .0002558	-.05	 .0882353	
  .000256	-4.803922E-02	 .0882353	
  .0002562	-4.803922E-02	 .0882353	
  .0002564	-4.803922E-02	 .0882353	
  .0002566	-4.607843E-02	 9.215686E-02	
  .0002568	-4.607843E-02	 .0882353	
  .000257	-4.803922E-02	 8.431373E-02	
  .0002572	-4.607843E-02	 8.431373E-02	
  .0002574	-.05	 8.431373E-02	
  .0002576	-4.607843E-02	 .0882353	
  .0002578	-4.607843E-02	 8.431373E-02	
  .000258	-4.607843E-02	 8.431373E-02	
  .0002582	-4.803922E-02	 8.039216E-02	
  .0002584	-4.607843E-02	 8.431373E-02	
  .0002586	-4.607843E-02	 7.254902E-02	
  .0002588	-4.803922E-02	 6.862745E-02	
  .000259	-4.607843E-02	 7.254902E-02	
  .0002592	-4.411765E-02	 7.254902E-02	
  .0002594	-4.411765E-02	 7.254902E-02	
  .0002596	-4.411765E-02	 7.647059E-02	
  .0002598	-4.411765E-02	 7.254902E-02	
  .00026	-4.607843E-02	 6.862745E-02	
  .0002602	-4.411765E-02	 7.254902E-02	
  .0002604	-4.411765E-02	 6.470589E-02	
  .0002606	-4.215686E-02	 6.470589E-02	
  .0002608	-4.215686E-02	 6.078431E-02	
  .000261	-4.411765E-02	 6.470589E-02	
  .0002612	-4.215686E-02	 6.078431E-02	
  .0002614	-4.215686E-02	 6.470589E-02	
  .0002616	-4.019608E-02	 6.078431E-02	
  .0002618	-4.215686E-02	 5.294118E-02	
  .000262	-4.215686E-02	 6.078431E-02	
  .0002622	-4.019608E-02	 5.686275E-02	
  .0002624	-4.019608E-02	 5.294118E-02	
  .0002626	-4.019608E-02	 5.686275E-02	
  .0002628	-4.019608E-02	 5.294118E-02	
  .000263	-4.215686E-02	 5.294118E-02	
  .0002632	-.0382353	 5.294118E-02	
  .0002634	-4.019608E-02	 5.294118E-02	
  .0002636	-.0382353	 4.901961E-02	
  .0002638	-.0382353	 4.509804E-02	
  .000264	-4.019608E-02	 4.117647E-02	
  .0002642	-3.627451E-02	 4.117647E-02	
  .0002644	-3.627451E-02	 4.509804E-02	
  .0002646	-.0382353	 4.117647E-02	
  .0002648	-3.627451E-02	 4.117647E-02	
  .000265	-3.627451E-02	 4.117647E-02	
  .0002652	-3.627451E-02	 .0372549	
  .0002654	-3.627451E-02	 3.333334E-02	
  .0002656	-3.431373E-02	 3.333334E-02	
  .0002658	-3.431373E-02	 2.941176E-02	
  .000266	-3.235294E-02	 .0372549	
  .0002662	-3.431373E-02	 3.333334E-02	
  .0002664	-3.431373E-02	 2.941176E-02	
  .0002666	-3.431373E-02	 2.941176E-02	
  .0002668	-3.235294E-02	 3.333334E-02	
  .000267	-3.235294E-02	 .0254902	
  .0002672	-3.235294E-02	 .0254902	
  .0002674	-3.235294E-02	 .0254902	
  .0002676	-3.039216E-02	 .0254902	
  .0002678	-3.039216E-02	 .0254902	
  .000268	-3.039216E-02	 .0254902	
  .0002682	-2.843137E-02	 2.941176E-02	
  .0002684	-2.843137E-02	 2.156863E-02	
  .0002686	-2.843137E-02	 1.372549E-02	
  .0002688	-2.843137E-02	 1.372549E-02	
  .000269	-2.843137E-02	 1.372549E-02	
  .0002692	-2.647059E-02	 1.372549E-02	
  .0002694	-2.647059E-02	 1.372549E-02	
  .0002696	-2.843137E-02	 1.764706E-02	
  .0002698	-2.647059E-02	 1.372549E-02	
  .00027	-2.647059E-02	 1.372549E-02	
  .0002702	-.0245098	 5.882353E-03	
  .0002704	-2.647059E-02	 9.803922E-03	
  .0002706	-2.647059E-02	 5.882353E-03	
  .0002708	-2.254902E-02	 1.960784E-03	
  .000271	-.0245098	 1.960784E-03	
  .0002712	-.0245098	 5.882353E-03	
  .0002714	-2.058824E-02	 5.882353E-03	
  .0002716	-2.058824E-02	 1.960784E-03	
  .0002718	-2.254902E-02	-1.960784E-03	
  .000272	-2.058824E-02	-5.882353E-03	
  .0002722	-2.058824E-02	-5.882353E-03	
  .0002724	-2.058824E-02	-5.882353E-03	
  .0002726	-1.666667E-02	-5.882353E-03	
  .0002728	-1.862745E-02	-5.882353E-03	
  .000273	-1.862745E-02	-5.882353E-03	
  .0002732	-1.666667E-02	-1.960784E-03	
  .0002734	-1.666667E-02	-1.372549E-02	
  .0002736	-1.666667E-02	-1.764706E-02	
  .0002738	-1.862745E-02	-1.372549E-02	
  .000274	-1.862745E-02	-1.372549E-02	
  .0002742	-1.666667E-02	-1.372549E-02	
  .0002744	-1.666667E-02	-1.764706E-02	
  .0002746	-1.470588E-02	-2.156863E-02	
  .0002748	-1.666667E-02	-1.764706E-02	
  .000275	-1.666667E-02	-1.764706E-02	
  .0002752	-.0127451	-.0254902	
  .0002754	-.0127451	-2.156863E-02	
  .0002756	-1.470588E-02	-.0254902	
  .0002758	-.0127451	-.0254902	
  .000276	-1.470588E-02	-.0254902	
  .0002762	-1.078431E-02	-2.156863E-02	
  .0002764	-1.078431E-02	-.0254902	
  .0002766	-.0127451	-2.941176E-02	
  .0002768	-1.078431E-02	-2.941176E-02	
  .000277	-.0127451	-2.941176E-02	
  .0002772	-8.82353E-03	-3.333334E-02	
  .0002774	-6.862745E-03	-3.333334E-02	
  .0002776	-8.82353E-03	-2.941176E-02	
  .0002778	-1.078431E-02	-3.333334E-02	
  .000278	-6.862745E-03	-2.941176E-02	
  .0002782	-8.82353E-03	-3.333334E-02	
  .0002784	-8.82353E-03	-.0372549	
  .0002786	-4.901961E-03	-.0372549	
  .0002788	-6.862745E-03	-4.117647E-02	
  .000279	-2.941177E-03	-.0372549	
  .0002792	-4.901961E-03	-4.117647E-02	
  .0002794	-4.901961E-03	-4.117647E-02	
  .0002796	-2.941177E-03	-4.509804E-02	
  .0002798	-9.803922E-04	-4.117647E-02	
  .00028	-2.941177E-03	-4.117647E-02	
  .0002802	-9.803922E-04	-4.509804E-02	
  .0002804	-2.941177E-03	-4.901961E-02	
  .0002806	-9.803922E-04	-4.901961E-02	
  .0002808	-9.803922E-04	-4.509804E-02	
  .000281	-9.803922E-04	-5.294118E-02	
  .0002812	-9.803922E-04	-4.901961E-02	
  .0002814	 9.803922E-04	-4.901961E-02	
  .0002816	 9.803922E-04	-5.294118E-02	
  .0002818	 9.803922E-04	-4.901961E-02	
  .000282	 9.803922E-04	-5.294118E-02	
  .0002822	 9.803922E-04	-5.686275E-02	
  .0002824	 4.901961E-03	-4.901961E-02	
  .0002826	 4.901961E-03	-5.686275E-02	
  .0002828	 2.941177E-03	-5.686275E-02	
  .000283	 4.901961E-03	-5.294118E-02	
  .0002832	 4.901961E-03	-5.686275E-02	
  .0002834	 8.82353E-03	-6.078431E-02	
  .0002836	 4.901961E-03	-6.470589E-02	
  .0002838	 6.862745E-03	-6.470589E-02	
  .000284	 8.82353E-03	-6.470589E-02	
  .0002842	 8.82353E-03	-6.078431E-02	
  .0002844	 6.862745E-03	-6.078431E-02	
  .0002846	 8.82353E-03	-6.470589E-02	
  .0002848	 8.82353E-03	-6.470589E-02	
  .000285	 8.82353E-03	-6.862745E-02	
  .0002852	 .0127451	-6.862745E-02	
  .0002854	 8.82353E-03	-6.862745E-02	
  .0002856	 8.82353E-03	-6.862745E-02	
  .0002858	 1.078431E-02	-6.470589E-02	
  .000286	 .0127451	-6.862745E-02	
  .0002862	 1.078431E-02	-6.470589E-02	
  .0002864	 .0127451	-6.862745E-02	
  .0002866	 1.078431E-02	-7.254902E-02	
  .0002868	 .0127451	-7.254902E-02	
  .000287	 1.470588E-02	-7.254902E-02	
  .0002872	 1.470588E-02	-7.254902E-02	
  .0002874	 1.666667E-02	-7.254902E-02	
  .0002876	 1.470588E-02	-7.254902E-02	
  .0002878	 2.058824E-02	-7.254902E-02	
  .000288	 1.862745E-02	-6.862745E-02	
  .0002882	 1.862745E-02	-7.647059E-02	
  .0002884	 1.862745E-02	-7.647059E-02	
  .0002886	 1.666667E-02	-8.039216E-02	
  .0002888	 1.862745E-02	-8.039216E-02	
  .000289	 2.058824E-02	-7.647059E-02	
  .0002892	 2.254902E-02	-7.647059E-02	
  .0002894	 2.058824E-02	-7.647059E-02	
  .0002896	 2.254902E-02	-7.254902E-02	
  .0002898	 2.058824E-02	-7.647059E-02	
  .00029	 2.254902E-02	-8.431373E-02	
  .0002902	 .0245098	-8.039216E-02	
  .0002904	 2.058824E-02	-8.431373E-02	
  .0002906	 .0245098	-8.039216E-02	
  .0002908	 2.647059E-02	-7.647059E-02	
  .000291	 .0245098	-8.431373E-02	
  .0002912	 2.843137E-02	-8.039216E-02	
  .0002914	 2.647059E-02	-8.039216E-02	
  .0002916	 .0245098	-8.431373E-02	
  .0002918	 2.647059E-02	-.0882353	
  .000292	 2.843137E-02	-8.431373E-02	
  .0002922	 2.843137E-02	-8.431373E-02	
  .0002924	 2.843137E-02	-8.431373E-02	
  .0002926	 3.039216E-02	-8.039216E-02	
  .0002928	 2.843137E-02	-.0882353	
  .000293	 2.843137E-02	-.0882353	
  .0002932	 2.843137E-02	-.0882353	
  .0002934	 3.039216E-02	-.0882353	
  .0002936	 3.039216E-02	-.0882353	
  .0002938	 3.235294E-02	-.0882353	
  .000294	 3.039216E-02	-.0882353	
  .0002942	 3.039216E-02	-.0882353	
  .0002944	 3.235294E-02	-9.215686E-02	
  .0002946	 3.235294E-02	-.0882353	
  .0002948	 3.235294E-02	-8.431373E-02	
  .000295	 3.627451E-02	-.0882353	
  .0002952	 3.431373E-02	-9.215686E-02	
  .0002954	 3.431373E-02	-.0882353	
  .0002956	 3.235294E-02	-9.215686E-02	
  .0002958	 3.431373E-02	-8.431373E-02	
  .000296	 3.627451E-02	-.0882353	
  .0002962	 3.627451E-02	-.0882353	
  .0002964	 3.627451E-02	-.0882353	
  .0002966	 3.627451E-02	-9.215686E-02	
  .0002968	 3.627451E-02	-.0882353	
  .000297	 3.627451E-02	-.0882353	
  .0002972	 .0382353	-.0882353	
  .0002974	 3.627451E-02	-8.431373E-02	
  .0002976	 .0382353	-8.431373E-02	
  .0002978	 3.627451E-02	-.0882353	
  .000298	 3.627451E-02	-.0882353	
  .0002982	 3.627451E-02	-.0882353	
  .0002984	 .0382353	-.0882353	
  .0002986	 .0382353	-.0882353	
  .0002988	 .0382353	-.0882353	
  .000299	 4.019608E-02	-8.431373E-02	
  .0002992	 .0382353	-8.431373E-02	
  .0002994	 4.019608E-02	-.0882353	
  .0002996	 4.019608E-02	-.0882353	
  .0002998	 4.019608E-02	-.0882353	
  .0003	 4.019608E-02	-9.215686E-02	
  .0003002	 4.019608E-02	-.0882353	
  .0003004	 4.215686E-02	-9.215686E-02	
  .0003006	 4.019608E-02	-.0882353	
  .0003008	 4.019608E-02	-.0882353	
  .000301	 .0382353	-.0882353	
  .0003012	 4.019608E-02	-.0882353	
  .0003014	 4.019608E-02	-.0882353	
  .0003016	 4.019608E-02	-8.431373E-02	
  .0003018	 4.019608E-02	-8.431373E-02	
  .000302	 4.019608E-02	-.0882353	
  .0003022	 4.215686E-02	-8.431373E-02	
  .0003024	 4.019608E-02	-8.431373E-02	
  .0003026	 4.215686E-02	-8.431373E-02	
  .0003028	 4.215686E-02	-8.431373E-02	
  .000303	 4.215686E-02	-.0882353	
  .0003032	 4.215686E-02	-.0882353	
  .0003034	 4.215686E-02	-.0882353	
  .0003036	 4.215686E-02	-.0882353	
  .0003038	 4.215686E-02	-.0882353	
  .000304	 4.019608E-02	-8.039216E-02	
  .0003042	 4.019608E-02	-8.431373E-02	
  .0003044	 4.215686E-02	-8.039216E-02	
  .0003046	 4.215686E-02	-8.039216E-02	
  .0003048	 4.215686E-02	-8.431373E-02	
  .000305	 4.215686E-02	-8.431373E-02	
  .0003052	 4.019608E-02	-8.431373E-02	
  .0003054	 4.215686E-02	-8.431373E-02	
  .0003056	 4.215686E-02	-7.647059E-02	
  .0003058	 4.215686E-02	-7.647059E-02	
  .000306	 4.019608E-02	-8.039216E-02	
  .0003062	 4.411765E-02	-8.039216E-02	
  .0003064	 4.215686E-02	-8.039216E-02	
  .0003066	 4.215686E-02	-8.039216E-02	
  .0003068	 4.019608E-02	-7.647059E-02	
  .000307	 4.411765E-02	-8.039216E-02	
  .0003072	 4.215686E-02	-7.647059E-02	
  .0003074	 4.411765E-02	-7.647059E-02	
  .0003076	 4.215686E-02	-7.647059E-02	
  .0003078	 4.215686E-02	-6.862745E-02	
  .000308	 4.411765E-02	-7.254902E-02	
  .0003082	 4.215686E-02	-7.647059E-02	
  .0003084	 4.019608E-02	-7.647059E-02	
  .0003086	 4.215686E-02	-7.647059E-02	
  .0003088	 4.215686E-02	-6.862745E-02	
  .000309	 4.215686E-02	-6.862745E-02	
  .0003092	 4.411765E-02	-7.254902E-02	
  .0003094	 4.215686E-02	-7.254902E-02	
  .0003096	 4.215686E-02	-6.862745E-02	
  .0003098	 4.215686E-02	-7.254902E-02	
  .00031	 4.019608E-02	-7.254902E-02	
  .0003102	 4.215686E-02	-6.862745E-02	
  .0003104	 4.215686E-02	-6.862745E-02	
  .0003106	 4.215686E-02	-6.078431E-02	
  .0003108	 4.215686E-02	-6.862745E-02	
  .000311	 4.411765E-02	-6.078431E-02	
  .0003112	 4.019608E-02	-6.078431E-02	
  .0003114	 4.215686E-02	-6.862745E-02	
  .0003116	 4.019608E-02	-6.470589E-02	
  .0003118	 4.215686E-02	-6.862745E-02	
  .000312	 4.215686E-02	-6.470589E-02	
  .0003122	 4.215686E-02	-6.470589E-02	
  .0003124	 4.215686E-02	-6.078431E-02	
  .0003126	 4.019608E-02	-6.470589E-02	
  .0003128	 4.215686E-02	-6.078431E-02	
  .000313	 4.019608E-02	-6.078431E-02	
  .0003132	 4.019608E-02	-5.686275E-02	
  .0003134	 .0382353	-6.078431E-02	
  .0003136	 .0382353	-6.078431E-02	
  .0003138	 4.019608E-02	-5.686275E-02	
  .000314	 .0382353	-5.686275E-02	
  .0003142	 4.019608E-02	-6.078431E-02	
  .0003144	 .0382353	-5.294118E-02	
  .0003146	 .0382353	-5.294118E-02	
  .0003148	 4.019608E-02	-5.294118E-02	
  .000315	 .0382353	-5.294118E-02	
  .0003152	 3.627451E-02	-5.294118E-02	
  .0003154	 4.019608E-02	-4.901961E-02	
  .0003156	 .0382353	-4.901961E-02	
  .0003158	 3.627451E-02	-4.509804E-02	
  .000316	 .0382353	-4.901961E-02	
  .0003162	 4.019608E-02	-4.901961E-02	
  .0003164	 .0382353	-5.294118E-02	
  .0003166	 .0382353	-4.509804E-02	
  .0003168	 3.627451E-02	-4.901961E-02	
  .000317	 4.019608E-02	-4.117647E-02	
  .0003172	 3.627451E-02	-4.509804E-02	
  .0003174	 .0382353	-4.117647E-02	
  .0003176	 3.627451E-02	-4.117647E-02	
  .0003178	 3.627451E-02	-4.117647E-02	
  .000318	 3.627451E-02	-4.117647E-02	
  .0003182	 3.431373E-02	-4.509804E-02	
  .0003184	 3.431373E-02	-4.117647E-02	
  .0003186	 3.431373E-02	-.0372549	
  .0003188	 3.627451E-02	-3.333334E-02	
  .000319	 3.627451E-02	-3.333334E-02	
  .0003192	 3.431373E-02	-3.333334E-02	
  .0003194	 3.627451E-02	-2.941176E-02	
  .0003196	 3.627451E-02	-3.333334E-02	
  .0003198	 3.627451E-02	-.0372549	
  .00032	 3.431373E-02	-2.941176E-02	
  .0003202	 3.627451E-02	-.0372549	
  .0003204	 3.235294E-02	-.0254902	
  .0003206	 3.039216E-02	-2.941176E-02	
  .0003208	 3.235294E-02	-.0254902	
  .000321	 3.431373E-02	-2.941176E-02	
  .0003212	 3.235294E-02	-2.941176E-02	
  .0003214	 3.431373E-02	-.0254902	
  .0003216	 3.039216E-02	-.0254902	
  .0003218	 3.235294E-02	-.0254902	
  .000322	 3.039216E-02	-2.156863E-02	
  .0003222	 3.235294E-02	-1.764706E-02	
  .0003224	 3.039216E-02	-2.156863E-02	
  .0003226	 3.235294E-02	-1.764706E-02	
  .0003228	 3.235294E-02	-2.156863E-02	
  .000323	 3.039216E-02	-2.156863E-02	
  .0003232	 3.039216E-02	-2.156863E-02	
  .0003234	 2.843137E-02	-2.156863E-02	
  .0003236	 3.039216E-02	-1.764706E-02	
  .0003238	 3.039216E-02	-1.764706E-02	
  .000324	 2.843137E-02	-1.372549E-02	
  .0003242	 2.647059E-02	-1.372549E-02	
  .0003244	 2.843137E-02	-1.372549E-02	
  .0003246	 2.843137E-02	-1.372549E-02	
  .0003248	 2.647059E-02	-1.372549E-02	
  .000325	 2.647059E-02	-9.803922E-03	
  .0003252	 2.647059E-02	-1.372549E-02	
  .0003254	 .0245098	-5.882353E-03	
  .0003256	 2.647059E-02	-9.803922E-03	
  .0003258	 2.647059E-02	-5.882353E-03	
  .000326	 .0245098	-1.960784E-03	
  .0003262	 .0245098	-1.960784E-03	
  .0003264	 .0245098	-5.882353E-03	
  .0003266	 .0245098	-1.960784E-03	
  .0003268	 2.254902E-02	-1.960784E-03	
  .000327	 .0245098	-1.960784E-03	
  .0003272	 2.647059E-02	 1.960784E-03	
  .0003274	 .0245098	-1.960784E-03	
  .0003276	 .0245098	 9.803922E-03	
  .0003278	 2.254902E-02	 5.882353E-03	
  .000328	 2.254902E-02	-1.960784E-03	
  .0003282	 2.058824E-02	 1.960784E-03	
  .0003284	 2.058824E-02	 5.882353E-03	
  .0003286	 2.254902E-02	 5.882353E-03	
  .0003288	 2.058824E-02	 5.882353E-03	
  .000329	 2.058824E-02	 1.372549E-02	
  .0003292	 2.058824E-02	 1.372549E-02	
  .0003294	 2.058824E-02	 9.803922E-03	
  .0003296	 2.254902E-02	 5.882353E-03	
  .0003298	 2.058824E-02	 9.803922E-03	
  .00033	 1.666667E-02	 9.803922E-03	
  .0003302	 1.862745E-02	 1.372549E-02	
  .0003304	 1.862745E-02	 1.764706E-02	
  .0003306	 1.666667E-02	 1.764706E-02	
  .0003308	 2.254902E-02	 1.372549E-02	
  .000331	 1.666667E-02	 1.764706E-02	
  .0003312	 1.666667E-02	 1.764706E-02	
  .0003314	 1.666667E-02	 1.764706E-02	
  .0003316	 1.666667E-02	 1.372549E-02	
  .0003318	 1.862745E-02	 1.764706E-02	
  .000332	 1.666667E-02	 2.156863E-02	
  .0003322	 1.666667E-02	 .0254902	
  .0003324	 1.666667E-02	 .0254902	
  .0003326	 1.666667E-02	 2.156863E-02	
  .0003328	 1.470588E-02	 .0254902	
  .000333	 .0127451	 2.156863E-02	
  .0003332	 1.470588E-02	 2.156863E-02	
  .0003334	 .0127451	 .0254902	
  .0003336	 .0127451	 2.941176E-02	
  .0003338	 .0127451	 2.941176E-02	
  .000334	 .0127451	 2.941176E-02	
  .0003342	 .0127451	 3.333334E-02	
  .0003344	 1.078431E-02	 2.941176E-02	
  .0003346	 1.078431E-02	 2.941176E-02	
  .0003348	 1.078431E-02	 2.941176E-02	
  .000335	 1.078431E-02	 3.333334E-02	
  .0003352	 1.078431E-02	 3.333334E-02	
  .0003354	 1.078431E-02	 2.941176E-02	
  .0003356	 6.862745E-03	 .0372549	
  .0003358	 8.82353E-03	 .0372549	
  .000336	 8.82353E-03	 3.333334E-02	
  .0003362	 8.82353E-03	 3.333334E-02	
  .0003364	 6.862745E-03	 4.117647E-02	
  .0003366	 6.862745E-03	 .0372549	
  .0003368	 6.862745E-03	 4.117647E-02	
  .000337	 6.862745E-03	 .0372549	
  .0003372	 6.862745E-03	 4.117647E-02	
  .0003374	 8.82353E-03	 4.509804E-02	
  .0003376	 4.901961E-03	 4.509804E-02	
  .0003378	 4.901961E-03	 4.117647E-02	
  .000338	 4.901961E-03	 .0372549	
  .0003382	 4.901961E-03	 4.117647E-02	
  .0003384	 2.941177E-03	 4.117647E-02	
  .0003386	 2.941177E-03	 4.509804E-02	
  .0003388	 2.941177E-03	 4.901961E-02	
  .000339	 2.941177E-03	 4.509804E-02	
  .0003392	 2.941177E-03	 4.509804E-02	
  .0003394	 2.941177E-03	 4.901961E-02	
  .0003396	 2.941177E-03	 4.509804E-02	
  .0003398	 9.803922E-04	 4.901961E-02	
  .00034	 9.803922E-04	 4.117647E-02	
  .0003402	 2.941177E-03	 4.901961E-02	
  .0003404	 9.803922E-04	 5.294118E-02	
  .0003406	 9.803922E-04	 5.294118E-02	
  .0003408	 9.803922E-04	 5.294118E-02	
  .000341	-9.803922E-04	 4.901961E-02	
  .0003412	 9.803922E-04	 5.686275E-02	
  .0003414	-9.803922E-04	 5.294118E-02	
  .0003416	 9.803922E-04	 4.901961E-02	
  .0003418	 9.803922E-04	 5.686275E-02	
  .000342	-9.803922E-04	 5.686275E-02	
  .0003422	 9.803922E-04	 5.686275E-02	
  .0003424	-9.803922E-04	 5.686275E-02	
  .0003426	-2.941177E-03	 5.294118E-02	
  .0003428	-2.941177E-03	 5.686275E-02	
  .000343	-2.941177E-03	 5.686275E-02	
  .0003432	-4.901961E-03	 5.686275E-02	
  .0003434	-2.941177E-03	 5.294118E-02	
  .0003436	-2.941177E-03	 5.686275E-02	
  .0003438	-4.901961E-03	 6.078431E-02	
  .000344	-4.901961E-03	 6.078431E-02	
  .0003442	-4.901961E-03	 6.470589E-02	
  .0003444	-4.901961E-03	 6.078431E-02	
  .0003446	-6.862745E-03	 6.078431E-02	
  .0003448	-6.862745E-03	 6.078431E-02	
  .000345	-6.862745E-03	 6.078431E-02	
  .0003452	-6.862745E-03	 6.470589E-02	
  .0003454	-6.862745E-03	 6.078431E-02	
  .0003456	-6.862745E-03	 6.470589E-02	
  .0003458	-6.862745E-03	 6.862745E-02	
  .000346	-8.82353E-03	 6.862745E-02	
  .0003462	-8.82353E-03	 6.078431E-02	
  .0003464	-8.82353E-03	 6.470589E-02	
  .0003466	-8.82353E-03	 6.470589E-02	
  .0003468	-6.862745E-03	 7.254902E-02	
  .000347	-1.078431E-02	 6.862745E-02	
  .0003472	-6.862745E-03	 6.862745E-02	
  .0003474	-8.82353E-03	 7.254902E-02	
  .0003476	-1.078431E-02	 7.254902E-02	
  .0003478	-1.078431E-02	 6.862745E-02	
  .000348	-.0127451	 6.470589E-02	
  .0003482	-1.470588E-02	 6.470589E-02	
  .0003484	-1.078431E-02	 6.862745E-02	
  .0003486	-1.078431E-02	 6.862745E-02	
  .0003488	-1.078431E-02	 7.254902E-02	
  .000349	-1.078431E-02	 7.254902E-02	
  .0003492	-1.470588E-02	 6.862745E-02	
  .0003494	-.0127451	 6.862745E-02	
  .0003496	-1.470588E-02	 6.470589E-02	
  .0003498	-1.666667E-02	 6.470589E-02	
  .00035	-1.078431E-02	 6.862745E-02	
  .0003502	-1.666667E-02	 7.254902E-02	
  .0003504	-1.666667E-02	 7.254902E-02	
  .0003506	-.0127451	 7.254902E-02	
  .0003508	-1.470588E-02	 7.254902E-02	
  .000351	-1.666667E-02	 6.862745E-02	
  .0003512	-1.666667E-02	 6.470589E-02	
  .0003514	-1.862745E-02	 6.470589E-02	
  .0003516	-1.666667E-02	 7.254902E-02	
  .0003518	-1.470588E-02	 7.254902E-02	
  .000352	-1.470588E-02	 7.254902E-02	
  .0003522	-1.862745E-02	 7.647059E-02	
  .0003524	-1.862745E-02	 7.647059E-02	
  .0003526	-1.666667E-02	 7.647059E-02	
  .0003528	-2.058824E-02	 7.254902E-02	
  .000353	-1.666667E-02	 6.862745E-02	
  .0003532	-1.862745E-02	 6.862745E-02	
  .0003534	-2.058824E-02	 7.254902E-02	
  .0003536	-1.862745E-02	 7.254902E-02	
  .0003538	-2.058824E-02	 6.862745E-02	
  .000354	-2.058824E-02	 7.647059E-02	
  .0003542	-2.254902E-02	 7.647059E-02	
  .0003544	-2.058824E-02	 6.862745E-02	
  .0003546	-2.058824E-02	 7.254902E-02	
  .0003548	-2.058824E-02	 6.862745E-02	
  .000355	-2.254902E-02	 6.862745E-02	
  .0003552	-2.058824E-02	 7.254902E-02	
  .0003554	-2.254902E-02	 6.862745E-02	
  .0003556	-2.254902E-02	 7.254902E-02	
  .0003558	-2.058824E-02	 6.862745E-02	
  .000356	-2.058824E-02	 6.862745E-02	
  .0003562	-2.254902E-02	 7.254902E-02	
  .0003564	-2.254902E-02	 6.862745E-02	
  .0003566	-2.058824E-02	 7.254902E-02	
  .0003568	-2.058824E-02	 7.254902E-02	
  .000357	-.0245098	 7.647059E-02	
  .0003572	-2.254902E-02	 7.647059E-02	
  .0003574	-2.254902E-02	 7.254902E-02	
  .0003576	-.0245098	 7.254902E-02	
  .0003578	-.0245098	 6.862745E-02	
  .000358	-.0245098	 6.862745E-02	
  .0003582	-2.254902E-02	 7.254902E-02	
  .0003584	-2.254902E-02	 6.862745E-02	
  .0003586	-2.647059E-02	 7.254902E-02	
  .0003588	-.0245098	 7.254902E-02	
  .000359	-.0245098	 7.254902E-02	
  .0003592	-.0245098	 7.254902E-02	
  .0003594	-.0245098	 6.470589E-02	
  .0003596	-2.647059E-02	 7.254902E-02	
  .0003598	-2.647059E-02	 6.862745E-02	
  .00036	-.0245098	 6.862745E-02	
  .0003602	-2.647059E-02	 7.254902E-02	
  .0003604	-.0245098	 6.862745E-02	
  .0003606	-.0245098	 6.862745E-02	
  .0003608	-2.647059E-02	 6.470589E-02	
  .000361	-.0245098	 7.254902E-02	
  .0003612	-.0245098	 7.254902E-02	
  .0003614	-2.843137E-02	 6.470589E-02	
  .0003616	-2.647059E-02	 7.254902E-02	
  .0003618	-2.843137E-02	 7.254902E-02	
  .000362	-.0245098	 7.254902E-02	
  .0003622	-.0245098	 7.254902E-02	
  .0003624	-2.843137E-02	 6.862745E-02	
  .0003626	-.0245098	 6.862745E-02	
  .0003628	-2.647059E-02	 6.078431E-02	
  .000363	-2.647059E-02	 6.470589E-02	
  .0003632	-.0245098	 6.078431E-02	
  .0003634	-2.647059E-02	 6.470589E-02	
  .0003636	-2.843137E-02	 6.862745E-02	
  .0003638	-2.647059E-02	 6.862745E-02	
  .000364	-2.647059E-02	 6.862745E-02	
  .0003642	-2.647059E-02	 6.470589E-02	
  .0003644	-2.843137E-02	 6.078431E-02	
  .0003646	-2.843137E-02	 6.470589E-02	
  .0003648	-2.647059E-02	 6.078431E-02	
  .000365	-2.647059E-02	 6.470589E-02	
  .0003652	-2.647059E-02	 6.078431E-02	
  .0003654	-2.647059E-02	 6.470589E-02	
  .0003656	-2.647059E-02	 6.470589E-02	
  .0003658	-2.843137E-02	 6.470589E-02	
  .000366	-2.647059E-02	 6.078431E-02	
  .0003662	-2.647059E-02	 6.078431E-02	
  .0003664	-2.843137E-02	 6.078431E-02	
  .0003666	-.0245098	 6.078431E-02	
  .0003668	-2.647059E-02	 6.078431E-02	
  .000367	-2.647059E-02	 6.078431E-02	
  .0003672	-.0245098	 6.470589E-02	
  .0003674	-2.843137E-02	 6.470589E-02	
  .0003676	-2.647059E-02	 5.686275E-02	
  .0003678	-3.039216E-02	 5.686275E-02	
  .000368	-2.647059E-02	 5.686275E-02	
  .0003682	-.0245098	 6.078431E-02	
  .0003684	-.0245098	 5.686275E-02	
  .0003686	-2.647059E-02	 5.686275E-02	
  .0003688	-2.647059E-02	 5.686275E-02	
  .000369	-2.843137E-02	 5.686275E-02	
  .0003692	-2.647059E-02	 5.294118E-02	
  .0003694	-2.647059E-02	 5.294118E-02	
  .0003696	-2.843137E-02	 4.901961E-02	
  .0003698	-.0245098	 5.294118E-02	
  .00037	-.0245098	 5.686275E-02	
  .0003702	-.0245098	 5.294118E-02	
  .0003704	-.0245098	 5.686275E-02	
  .0003706	-.0245098	 5.686275E-02	
  .0003708	-2.647059E-02	 5.294118E-02	
  .000371	-2.647059E-02	 4.901961E-02	
  .0003712	-2.647059E-02	 4.509804E-02	
  .0003714	-.0245098	 4.901961E-02	
  .0003716	-2.254902E-02	 4.901961E-02	
  .0003718	-.0245098	 4.901961E-02	
  .000372	-.0245098	 4.901961E-02	
  .0003722	-.0245098	 4.901961E-02	
  .0003724	-.0245098	 4.509804E-02	
  .0003726	-2.254902E-02	 4.117647E-02	
  .0003728	-.0245098	 4.117647E-02	
  .000373	-2.254902E-02	 4.117647E-02	
  .0003732	-2.647059E-02	 4.509804E-02	
  .0003734	-2.254902E-02	 4.117647E-02	
  .0003736	-.0245098	 4.117647E-02	
  .0003738	-.0245098	 4.509804E-02	
  .000374	-.0245098	 4.509804E-02	
  .0003742	-2.254902E-02	 4.117647E-02	
  .0003744	-.0245098	 .0372549	
  .0003746	-2.647059E-02	 4.117647E-02	
  .0003748	-2.058824E-02	 .0372549	
  .000375	-.0245098	 .0372549	
  .0003752	-2.058824E-02	 3.333334E-02	
  .0003754	-2.254902E-02	 4.117647E-02	
  .0003756	-2.254902E-02	 .0372549	
  .0003758	-2.254902E-02	 .0372549	
  .000376	-2.254902E-02	 .0372549	
  .0003762	-2.254902E-02	 3.333334E-02	
  .0003764	-2.058824E-02	 .0372549	
  .0003766	-2.058824E-02	 .0372549	
  .0003768	-1.862745E-02	 4.117647E-02	
  .000377	-2.058824E-02	 .0372549	
  .0003772	-2.254902E-02	 .0372549	
  .0003774	-2.058824E-02	 3.333334E-02	
  .0003776	-2.254902E-02	 .0254902	
  .0003778	-2.254902E-02	 2.941176E-02	
  .000378	-1.862745E-02	 3.333334E-02	
  .0003782	-2.058824E-02	 2.941176E-02	
  .0003784	-2.058824E-02	 2.941176E-02	
  .0003786	-2.058824E-02	 2.941176E-02	
  .0003788	-2.058824E-02	 2.941176E-02	
  .000379	-1.862745E-02	 .0254902	
  .0003792	-1.862745E-02	 .0254902	
  .0003794	-1.862745E-02	 .0254902	
  .0003796	-1.666667E-02	 .0254902	
  .0003798	-2.058824E-02	 2.941176E-02	
  .00038	-1.862745E-02	 2.156863E-02	
  .0003802	-1.666667E-02	 2.156863E-02	
  .0003804	-1.666667E-02	 2.156863E-02	
  .0003806	-1.862745E-02	 1.764706E-02	
  .0003808	-1.862745E-02	 2.156863E-02	
  .000381	-2.058824E-02	 2.156863E-02	
  .0003812	-1.666667E-02	 1.372549E-02	
  .0003814	-1.666667E-02	 2.156863E-02	
  .0003816	-1.862745E-02	 2.156863E-02	
  .0003818	-1.470588E-02	 2.156863E-02	
  .000382	-1.666667E-02	 1.764706E-02	
  .0003822	-1.862745E-02	 1.764706E-02	
  .0003824	-1.666667E-02	 1.764706E-02	
  .0003826	-1.470588E-02	 1.372549E-02	
  .0003828	-1.666667E-02	 9.803922E-03	
  .000383	-1.470588E-02	 9.803922E-03	
  .0003832	-1.666667E-02	 1.372549E-02	
  .0003834	-1.470588E-02	 9.803922E-03	
  .0003836	-1.666667E-02	 9.803922E-03	
  .0003838	-1.470588E-02	 9.803922E-03	
  .000384	-1.470588E-02	 9.803922E-03	
  .0003842	-.0127451	 9.803922E-03	
  .0003844	-1.470588E-02	 9.803922E-03	
  .0003846	-1.470588E-02	 9.803922E-03	
  .0003848	-.0127451	 9.803922E-03	
  .000385	-.0127451	 5.882353E-03	
  .0003852	-.0127451	 9.803922E-03	
  .0003854	-1.078431E-02	 9.803922E-03	
  .0003856	-1.078431E-02	 5.882353E-03	
  .0003858	-1.078431E-02	 5.882353E-03	
  .000386	-.0127451	 5.882353E-03	
  .0003862	-.0127451	 5.882353E-03	
  .0003864	-1.078431E-02	 5.882353E-03	
  .0003866	-.0127451	 1.960784E-03	
  .0003868	-1.078431E-02	 5.882353E-03	
  .000387	-1.078431E-02	 9.803922E-03	
  .0003872	-1.078431E-02	 5.882353E-03	
  .0003874	-1.078431E-02	-1.960784E-03	
  .0003876	-1.078431E-02	-1.960784E-03	
  .0003878	-1.078431E-02	-1.960784E-03	
  .000388	-8.82353E-03	-1.960784E-03	
  .0003882	-8.82353E-03	-1.960784E-03	
  .0003884	-8.82353E-03	-1.960784E-03	
  .0003886	-8.82353E-03	-1.960784E-03	
  .0003888	-8.82353E-03	-1.960784E-03	
  .000389	-8.82353E-03	-5.882353E-03	
  .0003892	-8.82353E-03	-9.803922E-03	
  .0003894	-8.82353E-03	-9.803922E-03	
  .0003896	-6.862745E-03	-5.882353E-03	
  .0003898	-6.862745E-03	-5.882353E-03	
  .00039	-6.862745E-03	-5.882353E-03	
  .0003902	-4.901961E-03	-5.882353E-03	
  .0003904	-4.901961E-03	-5.882353E-03	
  .0003906	-8.82353E-03	-9.803922E-03	
  .0003908	-6.862745E-03	-1.372549E-02	
  .000391	-4.901961E-03	-1.372549E-02	
  .0003912	-4.901961E-03	-9.803922E-03	
  .0003914	-4.901961E-03	-9.803922E-03	
  .0003916	-2.941177E-03	-1.372549E-02	
  .0003918	-4.901961E-03	-9.803922E-03	
  .000392	-4.901961E-03	-1.372549E-02	
  .0003922	-4.901961E-03	-1.764706E-02	
  .0003924	-2.941177E-03	-1.764706E-02	
  .0003926	-4.901961E-03	-1.764706E-02	
  .0003928	-2.941177E-03	-1.764706E-02	
  .000393	-4.901961E-03	-1.372549E-02	
  .0003932	-2.941177E-03	-1.372549E-02	
  .0003934	-2.941177E-03	-1.764706E-02	
  .0003936	-2.941177E-03	-1.764706E-02	
  .0003938	-9.803922E-04	-1.764706E-02	
  .000394	-9.803922E-04	-1.764706E-02	
  .0003942	-9.803922E-04	-2.156863E-02	
  .0003944	-2.941177E-03	-2.156863E-02	
  .0003946	-9.803922E-04	-2.156863E-02	
  .0003948	-9.803922E-04	-2.156863E-02	
  .000395	-9.803922E-04	-1.764706E-02	
  .0003952	 9.803922E-04	-1.764706E-02	
  .0003954	 9.803922E-04	-2.156863E-02	
  .0003956	-9.803922E-04	-2.156863E-02	
  .0003958	-9.803922E-04	-2.156863E-02	
  .000396	 9.803922E-04	-.0254902	
  .0003962	 2.941177E-03	-2.156863E-02	
  .0003964	 9.803922E-04	-2.156863E-02	
  .0003966	 2.941177E-03	-2.156863E-02	
  .0003968	 2.941177E-03	-2.156863E-02	
  .000397	-9.803922E-04	-2.156863E-02	
  .0003972	 9.803922E-04	-.0254902	
  .0003974	 2.941177E-03	-2.941176E-02	
  .0003976	 9.803922E-04	-2.941176E-02	
  .0003978	 2.941177E-03	-2.941176E-02	
  .000398	 2.941177E-03	-.0254902	
  .0003982	 2.941177E-03	-.0254902	
  .0003984	 4.901961E-03	-.0254902	
  .0003986	 4.901961E-03	-.0254902	
  .0003988	 4.901961E-03	-3.333334E-02	
  .000399	 4.901961E-03	-2.941176E-02	
  .0003992	 4.901961E-03	-3.333334E-02	
  .0003994	 6.862745E-03	-3.333334E-02	
  .0003996	 6.862745E-03	-2.941176E-02	
  .0003998	 6.862745E-03	-2.941176E-02	
  .0004	 4.901961E-03	-.0254902	
  .0004002	 8.82353E-03	-2.941176E-02	
  .0004004	 6.862745E-03	-3.333334E-02	
  .0004006	 8.82353E-03	-.0254902	
  .0004008	 6.862745E-03	-3.333334E-02	
  .000401	 6.862745E-03	-.0372549	
  .0004012	 6.862745E-03	-2.941176E-02	
  .0004014	 6.862745E-03	-3.333334E-02	
  .0004016	 8.82353E-03	-3.333334E-02	
  .0004018	 8.82353E-03	-3.333334E-02	
  .000402	 6.862745E-03	-3.333334E-02	
  .0004022	 8.82353E-03	-3.333334E-02	
  .0004024	 6.862745E-03	-.0372549	
  .0004026	 8.82353E-03	-.0372549	
  .0004028	 .0127451	-4.117647E-02	
  .000403	 8.82353E-03	-3.333334E-02	
  .0004032	 1.078431E-02	-.0372549	
  .0004034	 1.078431E-02	-.0372549	
  .0004036	 1.078431E-02	-.0372549	
  .0004038	 .0127451	-4.117647E-02	
  .000404	 1.078431E-02	-4.117647E-02	
  .0004042	 1.078431E-02	-4.117647E-02	
  .0004044	 1.078431E-02	-4.117647E-02	
  .0004046	 1.078431E-02	-3.333334E-02	
  .0004048	 .0127451	-.0372549	
  .000405	 .0127451	-.0372549	
  .0004052	 1.078431E-02	-4.117647E-02	
  .0004054	 .0127451	-.0372549	
  .0004056	 1.470588E-02	-4.117647E-02	
  .0004058	 .0127451	-4.117647E-02	
  .000406	 .0127451	-4.509804E-02	
  .0004062	 1.470588E-02	-4.117647E-02	
  .0004064	 .0127451	-.0372549	
  .0004066	 1.470588E-02	-4.117647E-02	
  .0004068	 1.666667E-02	-.0372549	
  .000407	 .0127451	-.0372549	
  .0004072	 1.470588E-02	-4.117647E-02	
  .0004074	 1.470588E-02	-4.117647E-02	
  .0004076	 .0127451	-4.509804E-02	
  .0004078	 1.666667E-02	-4.117647E-02	
  .000408	 1.470588E-02	-.0372549	
  .0004082	 .0127451	-4.117647E-02	
  .0004084	 1.666667E-02	-4.117647E-02	
  .0004086	 1.666667E-02	-.0372549	
  .0004088	 1.862745E-02	-4.509804E-02	
  .000409	 1.470588E-02	-4.509804E-02	
  .0004092	 1.470588E-02	-4.901961E-02	
  .0004094	 1.862745E-02	-4.117647E-02	
  .0004096	 1.666667E-02	-4.117647E-02	
  .0004098	 1.470588E-02	-4.117647E-02	
  .00041	 2.058824E-02	-4.117647E-02	
  .0004102	 1.862745E-02	-4.117647E-02	
  .0004104	 1.666667E-02	-4.509804E-02	
  .0004106	 1.666667E-02	-4.509804E-02	
  .0004108	 2.058824E-02	-4.509804E-02	
  .000411	 2.058824E-02	-4.117647E-02	
  .0004112	 1.862745E-02	-4.117647E-02	
  .0004114	 2.058824E-02	-4.117647E-02	
  .0004116	 1.862745E-02	-4.117647E-02	
  .0004118	 2.058824E-02	-4.117647E-02	
  .000412	 1.862745E-02	-4.509804E-02	
  .0004122	 2.058824E-02	-4.509804E-02	
  .0004124	 2.058824E-02	-4.901961E-02	
  .0004126	 1.862745E-02	-4.509804E-02	
  .0004128	 1.862745E-02	-4.509804E-02	
  .000413	 2.058824E-02	-4.117647E-02	
  .0004132	 1.862745E-02	-4.901961E-02	
  .0004134	 2.058824E-02	-4.117647E-02	
  .0004136	 2.058824E-02	-4.117647E-02	
  .0004138	 2.254902E-02	-4.117647E-02	
  .000414	 2.058824E-02	-4.509804E-02	
  .0004142	 2.058824E-02	-4.509804E-02	
  .0004144	 2.058824E-02	-4.509804E-02	
  .0004146	 2.058824E-02	-4.509804E-02	
  .0004148	 2.058824E-02	-4.117647E-02	
  .000415	 2.058824E-02	-4.117647E-02	
  .0004152	 .0245098	-4.117647E-02	
  .0004154	 2.058824E-02	-4.117647E-02	
  .0004156	 2.254902E-02	-4.117647E-02	
  .0004158	 2.058824E-02	-4.117647E-02	
  .000416	 2.254902E-02	-4.117647E-02	
  .0004162	 2.254902E-02	-4.117647E-02	
  .0004164	 2.254902E-02	-4.117647E-02	
  .0004166	 2.254902E-02	-4.117647E-02	
  .0004168	 2.058824E-02	-4.117647E-02	
  .000417	 2.058824E-02	-4.509804E-02	
  .0004172	 2.254902E-02	-4.509804E-02	
  .0004174	 1.862745E-02	-4.509804E-02	
  .0004176	 .0245098	-4.509804E-02	
  .0004178	 2.254902E-02	-4.117647E-02	
  .000418	 2.254902E-02	-.0372549	
  .0004182	 2.058824E-02	-4.117647E-02	
  .0004184	 .0245098	-4.117647E-02	
  .0004186	 .0245098	-4.509804E-02	
  .0004188	 2.254902E-02	-4.509804E-02	
  .000419	 2.058824E-02	-4.117647E-02	
  .0004192	 .0245098	-4.117647E-02	
  .0004194	 2.254902E-02	-4.117647E-02	
  .0004196	 2.254902E-02	-4.117647E-02	
  .0004198	 2.254902E-02	-.0372549	
  .00042	 .0245098	-.0372549	
  .0004202	 .0245098	-4.117647E-02	
  .0004204	 .0245098	-4.117647E-02	
  .0004206	 2.254902E-02	-4.117647E-02	
  .0004208	 .0245098	-4.117647E-02	
  .000421	 .0245098	-.0372549	
  .0004212	 .0245098	-.0372549	
  .0004214	 .0245098	-.0372549	
  .0004216	 2.254902E-02	-3.333334E-02	
  .0004218	 .0245098	-.0372549	
  .000422	 .0245098	-4.117647E-02	
  .0004222	 2.254902E-02	-.0372549	
  .0004224	 2.254902E-02	-4.117647E-02	
  .0004226	 .0245098	-4.117647E-02	
  .0004228	 .0245098	-.0372549	
  .000423	 2.254902E-02	-3.333334E-02	
  .0004232	 2.254902E-02	-3.333334E-02	
  .0004234	 2.254902E-02	-3.333334E-02	
  .0004236	 .0245098	-.0372549	
  .0004238	 2.254902E-02	-.0372549	
  .000424	 2.254902E-02	-.0372549	
  .0004242	 .0245098	-.0372549	
  .0004244	 2.254902E-02	-3.333334E-02	
  .0004246	 2.254902E-02	-3.333334E-02	
  .0004248	 .0245098	-3.333334E-02	
  .000425	 2.254902E-02	-3.333334E-02	
  .0004252	 2.254902E-02	-3.333334E-02	
  .0004254	 2.254902E-02	-3.333334E-02	
  .0004256	 2.254902E-02	-3.333334E-02	
  .0004258	 2.254902E-02	-3.333334E-02	
  .000426	 2.254902E-02	-2.941176E-02	
  .0004262	 2.254902E-02	-.0372549	
  .0004264	 2.254902E-02	-2.941176E-02	
  .0004266	 .0245098	-2.156863E-02	
  .0004268	 2.254902E-02	-.0254902	
  .000427	 2.254902E-02	-3.333334E-02	
  .0004272	 2.058824E-02	-2.941176E-02	
  .0004274	 2.058824E-02	-3.333334E-02	
  .0004276	 2.254902E-02	-2.941176E-02	
  .0004278	 2.254902E-02	-2.941176E-02	
  .000428	 2.058824E-02	-2.941176E-02	
  .0004282	 2.254902E-02	-.0254902	
  .0004284	 2.058824E-02	-.0254902	
  .0004286	 2.254902E-02	-2.941176E-02	
  .0004288	 2.254902E-02	-3.333334E-02	
  .000429	 2.058824E-02	-2.941176E-02	
  .0004292	 2.254902E-02	-2.941176E-02	
  .0004294	 .0245098	-2.156863E-02	
  .0004296	 2.058824E-02	-.0254902	
  .0004298	 .0245098	-2.156863E-02	
  .00043	 2.254902E-02	-.0254902	
  .0004302	 2.254902E-02	-2.941176E-02	
  .0004304	 2.058824E-02	-.0254902	
  .0004306	 1.862745E-02	-.0254902	
  .0004308	 2.058824E-02	-.0254902	
  .000431	 2.254902E-02	-2.156863E-02	
  .0004312	 2.058824E-02	-.0254902	
  .0004314	 2.254902E-02	-2.156863E-02	
  .0004316	 2.058824E-02	-2.156863E-02	
  .0004318	 2.058824E-02	-2.156863E-02	
  .000432	 2.058824E-02	-.0254902	
  .0004322	 1.666667E-02	-.0254902	
  .0004324	 2.058824E-02	-2.156863E-02	
  .0004326	 1.862745E-02	-1.764706E-02	
  .0004328	 2.058824E-02	-1.764706E-02	
  .000433	 1.862745E-02	-2.156863E-02	
  .0004332	 1.862745E-02	-1.764706E-02	
  .0004334	 1.666667E-02	-1.764706E-02	
  .0004336	 2.058824E-02	-2.156863E-02	
  .0004338	 1.862745E-02	-1.764706E-02	
  .000434	 1.862745E-02	-1.764706E-02	
  .0004342	 1.862745E-02	-2.156863E-02	
  .0004344	 1.862745E-02	-1.372549E-02	
  .0004346	 1.666667E-02	-1.372549E-02	
  .0004348	 1.862745E-02	-1.372549E-02	
  .000435	 1.862745E-02	-1.372549E-02	
  .0004352	 1.862745E-02	-1.372549E-02	
  .0004354	 1.862745E-02	-1.372549E-02	
  .0004356	 1.666667E-02	-1.372549E-02	
  .0004358	 1.862745E-02	-1.372549E-02	
  .000436	 1.862745E-02	-9.803922E-03	
  .0004362	 1.862745E-02	-9.803922E-03	
  .0004364	 1.862745E-02	-9.803922E-03	
  .0004366	 1.666667E-02	-9.803922E-03	
  .0004368	 1.666667E-02	-9.803922E-03	
  .000437	 1.666667E-02	-1.372549E-02	
  .0004372	 1.666667E-02	-9.803922E-03	
  .0004374	 1.862745E-02	-9.803922E-03	
  .0004376	 1.666667E-02	-5.882353E-03	
  .0004378	 1.470588E-02	-5.882353E-03	
  .000438	 1.470588E-02	-5.882353E-03	
  .0004382	 1.470588E-02	-9.803922E-03	
  .0004384	 1.666667E-02	-9.803922E-03	
  .0004386	 1.862745E-02	-5.882353E-03	
  .0004388	 1.470588E-02	-5.882353E-03	
  .000439	 1.666667E-02	-5.882353E-03	
  .0004392	 1.666667E-02	-1.960784E-03	
  .0004394	 .0127451	-1.960784E-03	
  .0004396	 1.666667E-02	-1.960784E-03	
  .0004398	 1.666667E-02	-5.882353E-03	
  .00044	 1.470588E-02	-5.882353E-03	
  .0004402	 1.470588E-02	-1.960784E-03	
  .0004404	 .0127451	-1.960784E-03	
  .0004406	 1.470588E-02	-5.882353E-03	
  .0004408	 1.470588E-02	 1.960784E-03	
  .000441	 .0127451	-1.960784E-03	
  .0004412	 1.666667E-02	 5.882353E-03	
  .0004414	 .0127451	-1.960784E-03	
  .0004416	 .0127451	-1.960784E-03	
  .0004418	 .0127451	-1.960784E-03	
  .000442	 1.078431E-02	-1.960784E-03	
  .0004422	 .0127451	-1.960784E-03	
  .0004424	 1.470588E-02	 1.960784E-03	
  .0004426	 1.470588E-02	 5.882353E-03	
  .0004428	 1.078431E-02	 1.960784E-03	
  .000443	 .0127451	 1.960784E-03	
  .0004432	 1.078431E-02	 5.882353E-03	
  .0004434	 .0127451	 1.960784E-03	
  .0004436	 1.078431E-02	 5.882353E-03	
  .0004438	 8.82353E-03	 5.882353E-03	
  .000444	 1.078431E-02	 1.960784E-03	
  .0004442	 1.078431E-02	 5.882353E-03	
  .0004444	 .0127451	 9.803922E-03	
  .0004446	 8.82353E-03	 5.882353E-03	
  .0004448	 1.078431E-02	 9.803922E-03	
  .000445	 1.078431E-02	 5.882353E-03	
  .0004452	 1.078431E-02	 5.882353E-03	
  .0004454	 1.078431E-02	 9.803922E-03	
  .0004456	 1.078431E-02	 9.803922E-03	
  .0004458	 1.078431E-02	 9.803922E-03	
  .000446	 1.078431E-02	 9.803922E-03	
  .0004462	 1.078431E-02	 9.803922E-03	
  .0004464	 1.078431E-02	 1.764706E-02	
  .0004466	 8.82353E-03	 1.372549E-02	
  .0004468	 6.862745E-03	 9.803922E-03	
  .000447	 6.862745E-03	 9.803922E-03	
  .0004472	 6.862745E-03	 5.882353E-03	
  .0004474	 8.82353E-03	 1.372549E-02	
  .0004476	 1.078431E-02	 1.372549E-02	
  .0004478	 6.862745E-03	 1.764706E-02	
  .000448	 4.901961E-03	 1.372549E-02	
  .0004482	 6.862745E-03	 1.764706E-02	
  .0004484	 8.82353E-03	 1.372549E-02	
  .0004486	 8.82353E-03	 9.803922E-03	
  .0004488	 6.862745E-03	 1.372549E-02	
  .000449	 6.862745E-03	 1.764706E-02	
  .0004492	 6.862745E-03	 1.764706E-02	
  .0004494	 4.901961E-03	 1.764706E-02	
  .0004496	 1.078431E-02	 2.156863E-02	
  .0004498	 8.82353E-03	 1.764706E-02	
  .00045	 6.862745E-03	 1.764706E-02	
