 -.0000498	 2.941177E-03	 5.882353E-03	
 -.0000496	 2.941177E-03	 5.882353E-03	
 -.0000494	 2.941177E-03	 9.803922E-03	
 -.0000492	 4.901961E-03	 5.882353E-03	
 -.000049	 2.941177E-03	 1.960784E-03	
 -.0000488	 2.941177E-03	 5.882353E-03	
 -.0000486	 2.941177E-03	 5.882353E-03	
 -.0000484	 2.941177E-03	 9.803922E-03	
 -.0000482	 2.941177E-03	 9.803922E-03	
 -.000048	 9.803922E-04	 9.803922E-03	
 -.0000478	 2.941177E-03	 9.803922E-03	
 -.0000476	 9.803922E-04	 5.882353E-03	
 -.0000474	 2.941177E-03	 5.882353E-03	
 -.0000472	 9.803922E-04	 5.882353E-03	
 -.000047	 9.803922E-04	 1.960784E-03	
 -.0000468	 2.941177E-03	 5.882353E-03	
 -.0000466	 9.803922E-04	 5.882353E-03	
 -.0000464	 2.941177E-03	 5.882353E-03	
 -.0000462	 9.803922E-04	 5.882353E-03	
 -.000046	 2.941177E-03	 9.803922E-03	
 -.0000458	 2.941177E-03	 5.882353E-03	
 -.0000456	 2.941177E-03	 1.960784E-03	
 -.0000454	 9.803922E-04	 5.882353E-03	
 -.0000452	 2.941177E-03	 1.960784E-03	
 -.000045	 2.941177E-03	 9.803922E-03	
 -.0000448	 9.803922E-04	 9.803922E-03	
 -.0000446	 2.941177E-03	 9.803922E-03	
 -.0000444	 4.901961E-03	 5.882353E-03	
 -.0000442	 2.941177E-03	 5.882353E-03	
 -.000044	 2.941177E-03	 9.803922E-03	
 -.0000438	 9.803922E-04	 5.882353E-03	
 -.0000436	 9.803922E-04	 5.882353E-03	
 -.0000434	 4.901961E-03	 9.803922E-03	
 -.0000432	 2.941177E-03	 5.882353E-03	
 -.000043	 4.901961E-03	 9.803922E-03	
 -.0000428	 2.941177E-03	 5.882353E-03	
 -.0000426	 2.941177E-03	 5.882353E-03	
 -.0000424	 2.941177E-03	 5.882353E-03	
 -.0000422	 2.941177E-03	 5.882353E-03	
 -.000042	 9.803922E-04	 5.882353E-03	
 -.0000418	 4.901961E-03	 1.960784E-03	
 -.0000416	 4.901961E-03	 5.882353E-03	
 -.0000414	 2.941177E-03	 5.882353E-03	
 -.0000412	 4.901961E-03	 5.882353E-03	
 -.000041	 9.803922E-04	 9.803922E-03	
 -.0000408	 9.803922E-04	-1.960784E-03	
 -.0000406	 2.941177E-03	 1.960784E-03	
 -.0000404	 9.803922E-04	 1.960784E-03	
 -.0000402	 2.941177E-03	 1.960784E-03	
 -.00004	 2.941177E-03	 5.882353E-03	
 -.0000398	 2.941177E-03	 5.882353E-03	
 -.0000396	 2.941177E-03	 5.882353E-03	
 -.0000394	 2.941177E-03	 5.882353E-03	
 -.0000392	 9.803922E-04	 5.882353E-03	
 -.000039	 9.803922E-04	 5.882353E-03	
 -.0000388	 2.941177E-03	 5.882353E-03	
 -.0000386	 9.803922E-04	 1.960784E-03	
 -.0000384	 2.941177E-03	 5.882353E-03	
 -.0000382	 2.941177E-03	 9.803922E-03	
 -.000038	 4.901961E-03	 5.882353E-03	
 -.0000378	 2.941177E-03	 9.803922E-03	
 -.0000376	 2.941177E-03	 5.882353E-03	
 -.0000374	 2.941177E-03	 1.960784E-03	
 -.0000372	 9.803922E-04	 5.882353E-03	
 -.000037	 2.941177E-03	 1.960784E-03	
 -.0000368	 2.941177E-03	 5.882353E-03	
 -.0000366	 9.803922E-04	 5.882353E-03	
 -.0000364	 9.803922E-04	 5.882353E-03	
 -.0000362	 2.941177E-03	 1.372549E-02	
 -.000036	 2.941177E-03	 9.803922E-03	
 -.0000358	 4.901961E-03	 1.960784E-03	
 -.0000356	 2.941177E-03	 5.882353E-03	
 -.0000354	 9.803922E-04	 5.882353E-03	
 -.0000352	 9.803922E-04	 5.882353E-03	
 -.000035	 4.901961E-03	 9.803922E-03	
 -.0000348	 2.941177E-03	 5.882353E-03	
 -.0000346	 4.901961E-03	 9.803922E-03	
 -.0000344	 2.941177E-03	 5.882353E-03	
 -.0000342	 4.901961E-03	 5.882353E-03	
 -.000034	 9.803922E-04	 1.960784E-03	
 -.0000338	 2.941177E-03	 5.882353E-03	
 -.0000336	 2.941177E-03	 5.882353E-03	
 -.0000334	 2.941177E-03	 5.882353E-03	
 -.0000332	 4.901961E-03	 5.882353E-03	
 -.000033	 4.901961E-03	 9.803922E-03	
 -.0000328	 2.941177E-03	 9.803922E-03	
 -.0000326	 2.941177E-03	 1.960784E-03	
 -.0000324	 2.941177E-03	 1.960784E-03	
 -.0000322	 9.803922E-04	 1.960784E-03	
 -.000032	 2.941177E-03	 1.960784E-03	
 -.0000318	 2.941177E-03	 5.882353E-03	
 -.0000316	 2.941177E-03	 1.960784E-03	
 -.0000314	 9.803922E-04	 1.960784E-03	
 -.0000312	 2.941177E-03	 5.882353E-03	
 -.000031	 9.803922E-04	 9.803922E-03	
 -.0000308	 2.941177E-03	 5.882353E-03	
 -.0000306	 9.803922E-04	 1.960784E-03	
 -.0000304	 9.803922E-04	 1.960784E-03	
 -.0000302	 2.941177E-03	 5.882353E-03	
 -.00003	 2.941177E-03	 1.960784E-03	
 -.0000298	 9.803922E-04	 5.882353E-03	
 -.0000296	 2.941177E-03	 5.882353E-03	
 -.0000294	 2.941177E-03	 5.882353E-03	
 -.0000292	 2.941177E-03	 1.960784E-03	
 -.000029	 9.803922E-04	 5.882353E-03	
 -.0000288	 9.803922E-04	 5.882353E-03	
 -.0000286	 2.941177E-03	 9.803922E-03	
 -.0000284	 2.941177E-03	 5.882353E-03	
 -.0000282	 2.941177E-03	 5.882353E-03	
 -.000028	 4.901961E-03	 9.803922E-03	
 -.0000278	 9.803922E-04	 9.803922E-03	
 -.0000276	 9.803922E-04	 5.882353E-03	
 -.0000274	-9.803922E-04	-1.960784E-03	
 -.0000272	 9.803922E-04	-1.960784E-03	
 -.000027	 2.941177E-03	 5.882353E-03	
 -.0000268	 2.941177E-03	 5.882353E-03	
 -.0000266	 2.941177E-03	 5.882353E-03	
 -.0000264	 2.941177E-03	 5.882353E-03	
 -.0000262	 2.941177E-03	 5.882353E-03	
 -.000026	 9.803922E-04	 5.882353E-03	
 -.0000258	 2.941177E-03	 1.960784E-03	
 -.0000256	 9.803922E-04	 5.882353E-03	
 -.0000254	 2.941177E-03	-1.960784E-03	
 -.0000252	 4.901961E-03	 5.882353E-03	
 -.000025	 2.941177E-03	 5.882353E-03	
 -.0000248	 2.941177E-03	 9.803922E-03	
 -.0000246	 2.941177E-03	 1.960784E-03	
 -.0000244	 2.941177E-03	 1.960784E-03	
 -.0000242	 2.941177E-03	 5.882353E-03	
 -.000024	 9.803922E-04	 5.882353E-03	
 -.0000238	 2.941177E-03	-1.960784E-03	
 -.0000236	 9.803922E-04	 5.882353E-03	
 -.0000234	 2.941177E-03	 5.882353E-03	
 -.0000232	 2.941177E-03	 9.803922E-03	
 -.000023	 2.941177E-03	 5.882353E-03	
 -.0000228	 9.803922E-04	 5.882353E-03	
 -.0000226	 4.901961E-03	 5.882353E-03	
 -.0000224	 9.803922E-04	 1.960784E-03	
 -.0000222	 9.803922E-04	 1.960784E-03	
 -.000022	 2.941177E-03	 1.960784E-03	
 -.0000218	 2.941177E-03	 5.882353E-03	
 -.0000216	 9.803922E-04	 1.960784E-03	
 -.0000214	 2.941177E-03	 5.882353E-03	
 -.0000212	 9.803922E-04	 9.803922E-03	
 -.000021	 2.941177E-03	 5.882353E-03	
 -.0000208	 2.941177E-03	 1.960784E-03	
 -.0000206	 9.803922E-04	 1.960784E-03	
 -.0000204	 2.941177E-03	 1.960784E-03	
 -.0000202	 2.941177E-03	 1.960784E-03	
 -.00002	 2.941177E-03	 1.960784E-03	
 -.0000198	 2.941177E-03	 5.882353E-03	
 -.0000196	 2.941177E-03	 5.882353E-03	
 -.0000194	 9.803922E-04	 5.882353E-03	
 -.0000192	 2.941177E-03	 5.882353E-03	
 -.000019	 9.803922E-04	 1.960784E-03	
 -.0000188	 9.803922E-04	 5.882353E-03	
 -.0000186	 2.941177E-03	 5.882353E-03	
 -.0000184	 2.941177E-03	 5.882353E-03	
 -.0000182	 2.941177E-03	 5.882353E-03	
 -.000018	 2.941177E-03	 9.803922E-03	
 -.0000178	 9.803922E-04	 9.803922E-03	
 -.0000176	 2.941177E-03	 1.960784E-03	
 -.0000174	 9.803922E-04	 1.960784E-03	
 -.0000172	 9.803922E-04	 5.882353E-03	
 -.000017	 2.941177E-03	 5.882353E-03	
 -.0000168	 2.941177E-03	 5.882353E-03	
 -.0000166	 2.941177E-03	 9.803922E-03	
 -.0000164	 2.941177E-03	 5.882353E-03	
 -.0000162	 2.941177E-03	 5.882353E-03	
 -.000016	 2.941177E-03	-1.960784E-03	
 -.0000158	 2.941177E-03	 5.882353E-03	
 -.0000156	 9.803922E-04	 5.882353E-03	
 -.0000154	 2.941177E-03	 5.882353E-03	
 -.0000152	 4.901961E-03	 5.882353E-03	
 -.000015	 9.803922E-04	 5.882353E-03	
 -.0000148	 4.901961E-03	 5.882353E-03	
 -.0000146	 4.901961E-03	 9.803922E-03	
 -.0000144	 9.803922E-04	 5.882353E-03	
 -.0000142	 9.803922E-04	 1.960784E-03	
 -.000014	 9.803922E-04	 5.882353E-03	
 -.0000138	 2.941177E-03	 5.882353E-03	
 -.0000136	 2.941177E-03	 5.882353E-03	
 -.0000134	 2.941177E-03	 5.882353E-03	
 -.0000132	 2.941177E-03	 9.803922E-03	
 -.000013	 2.941177E-03	 5.882353E-03	
 -.0000128	 2.941177E-03	 1.960784E-03	
 -.0000126	 9.803922E-04	 1.960784E-03	
 -.0000124	 9.803922E-04	 1.960784E-03	
 -.0000122	 2.941177E-03	 5.882353E-03	
 -.000012	 9.803922E-04	 5.882353E-03	
 -.0000118	 2.941177E-03	 5.882353E-03	
 -.0000116	 9.803922E-04	 1.960784E-03	
 -.0000114	 9.803922E-04	 9.803922E-03	
 -.0000112	 9.803922E-04	 9.803922E-03	
 -.000011	 2.941177E-03	 5.882353E-03	
 -.0000108	 2.941177E-03	 1.960784E-03	
 -.0000106	-9.803922E-04	 1.960784E-03	
 -.0000104	 9.803922E-04	 5.882353E-03	
 -.0000102	 2.941177E-03	 5.882353E-03	
 -.00001	 2.941177E-03	 5.882353E-03	
 -.0000098	 2.941177E-03	 5.882353E-03	
 -.0000096	 2.941177E-03	 9.803922E-03	
 -.0000094	 2.941177E-03	 5.882353E-03	
 -.0000092	 2.941177E-03	 5.882353E-03	
 -.000009	 2.941177E-03	 5.882353E-03	
 -.0000088	 9.803922E-04	 5.882353E-03	
 -.0000086	 2.941177E-03	 5.882353E-03	
 -.0000084	 2.941177E-03	 9.803922E-03	
 -.0000082	 9.803922E-04	 9.803922E-03	
 -.000008	 9.803922E-04	 5.882353E-03	
 -.0000078	 9.803922E-04	 5.882353E-03	
 -.0000076	 9.803922E-04	 1.960784E-03	
 -.0000074	-9.803922E-04	 5.882353E-03	
 -.0000072	 9.803922E-04	 5.882353E-03	
 -.000007	 9.803922E-04	 5.882353E-03	
 -.0000068	 2.941177E-03	 5.882353E-03	
 -.0000066	 9.803922E-04	 1.960784E-03	
 -.0000064	 2.941177E-03	 9.803922E-03	
 -.0000062	 9.803922E-04	 5.882353E-03	
 -.000006	 4.901961E-03	 1.960784E-03	
 -.0000058	-9.803922E-04	 1.960784E-03	
 -.0000056	 2.941177E-03	 5.882353E-03	
 -.0000054	 2.941177E-03	 5.882353E-03	
 -.0000052	 2.941177E-03	 5.882353E-03	
 -.000005	 2.941177E-03	 9.803922E-03	
 -.0000048	 2.941177E-03	 5.882353E-03	
 -.0000046	 9.803922E-04	 1.960784E-03	
 -.0000044	 9.803922E-04	 9.803922E-03	
 -.0000042	 2.941177E-03	 5.882353E-03	
 -.000004	 9.803922E-04	 5.882353E-03	
 -.0000038	 9.803922E-04	 9.803922E-03	
 -.0000036	 2.941177E-03	 9.803922E-03	
 -.0000034	 2.941177E-03	 5.882353E-03	
 -.0000032	 9.803922E-04	 1.372549E-02	
 -.000003	 9.803922E-04	 5.882353E-03	
 -.0000028	 2.941177E-03	 5.882353E-03	
 -.0000026	-9.803922E-04	 1.960784E-03	
 -.0000024	 9.803922E-04	 1.960784E-03	
 -.0000022	 2.941177E-03	 1.960784E-03	
 -.000002	 2.941177E-03	 5.882353E-03	
 -.0000018	 2.941177E-03	 1.960784E-03	
 -.0000016	 2.941177E-03	 5.882353E-03	
 -.0000014	-9.803922E-04	 9.803922E-03	
 -.0000012	 2.941177E-03	 5.882353E-03	
 -.000001	 9.803922E-04	 5.882353E-03	
 -.0000008	-9.803922E-04	 5.882353E-03	
 -.0000006	 2.941177E-03	 1.960784E-03	
 -.0000004	 2.941177E-03	 5.882353E-03	
 -.0000002	 2.941177E-03	 5.882353E-03	
  0	 2.941177E-03	 5.882353E-03	
  .0000002	 9.803922E-04	 9.803922E-03	
  .0000004	-.1715686	 1.960784E-03	
  .0000006	-.1970588	 5.686275E-02	
  .0000008	-.1990196	 9.607843E-02	
  .000001	-.2127451	 .1352941	
  .0000012	-.2127451	 .1705882	
  .0000014	-.2107843	 .2019608	
  .0000016	-.2107843	 .2294118	
  .0000018	-.2147059	 .2490196	
  .000002	-.2147059	 .2686275	
  .0000022	-.2147059	 .2803922	
  .0000024	-.2186275	 .2921569	
  .0000026	-.2186275	 .3078431	
  .0000028	-.2166667	 .3196079	
  .000003	-.2166667	 .327451	
  .0000032	-.2166667	 .3352941	
  .0000034	-.2127451	 .3470588	
  .0000036	-.2147059	 .354902	
  .0000038	-.2127451	 .3509804	
  .000004	-.2107843	 .354902	
  .0000042	-.2088235	 .3588235	
  .0000044	-.2088235	 .3666667	
  .0000046	-.2068627	 .3666667	
  .0000048	-.2068627	 .3666667	
  .000005	-.2068627	 .3666667	
  .0000052	-.2029412	 .3666667	
  .0000054	-.2029412	 .3666667	
  .0000056	-.2029412	 .3745098	
  .0000058	-.2009804	 .3705882	
  .000006	-.1990196	 .3705882	
  .0000062	-.1970588	 .3745098	
  .0000064	-.195098	 .3745098	
  .0000066	-.195098	 .3705882	
  .0000068	-.1931373	 .3705882	
  .000007	-.1931373	 .3666667	
  .0000072	-.1931373	 .3627451	
  .0000074	-.1892157	 .3627451	
  .0000076	-.1852941	 .3627451	
  .0000078	-.1852941	 .3627451	
  .000008	-.1852941	 .3627451	
  .0000082	-.1813726	 .354902	
  .0000084	-.1833333	 .3588235	
  .0000086	-.1794118	 .3509804	
  .0000088	-.1794118	 .3509804	
  .000009	-.177451	 .354902	
  .0000092	-.1754902	 .3470588	
  .0000094	-.1735294	 .3470588	
  .0000096	-.1715686	 .3470588	
  .0000098	-.1715686	 .3509804	
  .00001	-.1696078	 .3431373	
  .0000102	-.1696078	 .3431373	
  .0000104	-.1676471	 .3352941	
  .0000106	-.1676471	 .3392157	
  .0000108	-.1676471	 .3352941	
  .000011	-.1617647	 .3392157	
  .0000112	-.1617647	 .3392157	
  .0000114	-.1578431	 .3352941	
  .0000116	-.1578431	 .3313726	
  .0000118	-.1578431	 .327451	
  .000012	-.1578431	 .327451	
  .0000122	-.1539216	 .3235294	
  .0000124	-.1558824	 .3196079	
  .0000126	-.1480392	 .327451	
  .0000128	-.1480392	 .3196079	
  .000013	-.15	 .3196079	
  .0000132	-.1460784	 .3196079	
  .0000134	-.1441177	 .3156863	
  .0000136	-.1441177	 .3078431	
  .0000138	-.1401961	 .3078431	
  .000014	-.1401961	 .3039216	
  .0000142	-.1382353	 .3	
  .0000144	-.1362745	 .3039216	
  .0000146	-.1343137	 .3	
  .0000148	-.1343137	 .2960784	
  .000015	-.1323529	 .2960784	
  .0000152	-.1303922	 .2882353	
  .0000154	-.1303922	 .2843137	
  .0000156	-.1284314	 .2882353	
  .0000158	-.1245098	 .2843137	
  .000016	-.122549	 .2843137	
  .0000162	-.122549	 .2803922	
  .0000164	-.1186275	 .2803922	
  .0000166	-.1186275	 .2764706	
  .0000168	-.1166667	 .2764706	
  .000017	-.1147059	 .2607843	
  .0000172	-.1127451	 .2607843	
  .0000174	-.1107843	 .2607843	
  .0000176	-.1068627	 .2529412	
  .0000178	-.104902	 .2568628	
  .000018	-.1029412	 .2529412	
  .0000182	-.1009804	 .2490196	
  .0000184	-9.901961E-02	 .2490196	
  .0000186	-9.705883E-02	 .245098	
  .0000188	-9.509804E-02	 .2411765	
  .000019	-9.313726E-02	 .2372549	
  .0000192	-8.921569E-02	 .2333333	
  .0000194	-.0872549	 .2294118	
  .0000196	-8.333334E-02	 .2294118	
  .0000198	-8.529412E-02	 .2294118	
  .00002	-8.137255E-02	 .2254902	
  .0000202	-7.745098E-02	 .2137255	
  .0000204	-.0754902	 .2137255	
  .0000206	-.0754902	 .2098039	
  .0000208	-7.156863E-02	 .2058824	
  .000021	-6.960785E-02	 .2058824	
  .0000212	-6.764706E-02	 .2019608	
  .0000214	-6.372549E-02	 .1980392	
  .0000216	-5.980392E-02	 .1941177	
  .0000218	-6.176471E-02	 .1941177	
  .000022	-5.784314E-02	 .1862745	
  .0000222	-5.392157E-02	 .1784314	
  .0000224	-5.196078E-02	 .1784314	
  .0000226	-.05	 .1745098	
  .0000228	-4.803922E-02	 .1705882	
  .000023	-4.411765E-02	 .1666667	
  .0000232	-4.411765E-02	 .1627451	
  .0000234	-4.215686E-02	 .1588235	
  .0000236	-.0382353	 .154902	
  .0000238	-3.627451E-02	 .1431373	
  .000024	-3.431373E-02	 .1392157	
  .0000242	-3.039216E-02	 .1431373	
  .0000244	-2.843137E-02	 .1392157	
  .0000246	-2.647059E-02	 .1313726	
  .0000248	-2.254902E-02	 .1313726	
  .000025	-2.254902E-02	 .1313726	
  .0000252	-2.058824E-02	 .1196078	
  .0000254	-2.058824E-02	 .1117647	
  .0000256	-1.666667E-02	 .1078431	
  .0000258	-.0127451	 .1078431	
  .000026	-.0127451	 .1078431	
  .0000262	-6.862745E-03	 .1039216	
  .0000264	-6.862745E-03	 .1	
  .0000266	-2.941177E-03	 9.607843E-02	
  .0000268	-2.941177E-03	 .0882353	
  .000027	 9.803922E-04	 8.039216E-02	
  .0000272	 2.941177E-03	 7.647059E-02	
  .0000274	 4.901961E-03	 7.254902E-02	
  .0000276	 6.862745E-03	 7.254902E-02	
  .0000278	 1.078431E-02	 6.862745E-02	
  .000028	 1.078431E-02	 6.078431E-02	
  .0000282	 .0127451	 6.470589E-02	
  .0000284	 1.470588E-02	 6.078431E-02	
  .0000286	 1.666667E-02	 5.294118E-02	
  .0000288	 1.666667E-02	 4.509804E-02	
  .000029	 2.058824E-02	 4.509804E-02	
  .0000292	 .0245098	 .0372549	
  .0000294	 .0245098	 3.333334E-02	
  .0000296	 2.843137E-02	 .0372549	
  .0000298	 2.843137E-02	 3.333334E-02	
  .00003	 3.431373E-02	 2.941176E-02	
  .0000302	 3.431373E-02	 1.764706E-02	
  .0000304	 3.431373E-02	 2.156863E-02	
  .0000306	 3.431373E-02	 1.764706E-02	
  .0000308	 .0382353	 1.372549E-02	
  .000031	 4.019608E-02	 9.803922E-03	
  .0000312	 4.411765E-02	 5.882353E-03	
  .0000314	 4.607843E-02	 5.882353E-03	
  .0000316	 4.607843E-02	 1.960784E-03	
  .0000318	 4.607843E-02	-5.882353E-03	
  .000032	 .05	-1.372549E-02	
  .0000322	 5.196078E-02	-1.764706E-02	
  .0000324	 5.588235E-02	-1.764706E-02	
  .0000326	 5.588235E-02	-.0254902	
  .0000328	 5.980392E-02	-2.156863E-02	
  .000033	 5.980392E-02	-.0254902	
  .0000332	 6.176471E-02	-3.333334E-02	
  .0000334	 6.568628E-02	-.0372549	
  .0000336	 6.568628E-02	-4.509804E-02	
  .0000338	 6.764706E-02	-4.509804E-02	
  .000034	 6.960785E-02	-4.901961E-02	
  .0000342	 7.156863E-02	-4.901961E-02	
  .0000344	 7.352941E-02	-5.294118E-02	
  .0000346	 .0754902	-5.686275E-02	
  .0000348	 7.941177E-02	-5.686275E-02	
  .000035	 7.941177E-02	-6.470589E-02	
  .0000352	 8.333334E-02	-6.470589E-02	
  .0000354	 7.941177E-02	-6.862745E-02	
  .0000356	 8.333334E-02	-7.647059E-02	
  .0000358	 8.529412E-02	-7.647059E-02	
  .000036	 8.921569E-02	-8.039216E-02	
  .0000362	 9.117647E-02	-8.039216E-02	
  .0000364	 9.313726E-02	-.0882353	
  .0000366	 9.509804E-02	-9.215686E-02	
  .0000368	 9.509804E-02	-9.607843E-02	
  .000037	 9.705883E-02	-.1	
  .0000372	 9.705883E-02	-.1078431	
  .0000374	 .104902	-.1156863	
  .0000376	 .1029412	-.1117647	
  .0000378	 .1029412	-.1117647	
  .000038	 .104902	-.1156863	
  .0000382	 .1068627	-.1196078	
  .0000384	 .1088235	-.1235294	
  .0000386	 .1107843	-.1313726	
  .0000388	 .1107843	-.1352941	
  .000039	 .1147059	-.1352941	
  .0000392	 .1166667	-.1392157	
  .0000394	 .1166667	-.1392157	
  .0000396	 .1186275	-.1470588	
  .0000398	 .1186275	-.1470588	
  .00004	 .1205882	-.1509804	
  .0000402	 .122549	-.1588235	
  .0000404	 .122549	-.1588235	
  .0000406	 .1245098	-.1627451	
  .0000408	 .1264706	-.1627451	
  .000041	 .1264706	-.1666667	
  .0000412	 .1303922	-.1666667	
  .0000414	 .1323529	-.1666667	
  .0000416	 .1284314	-.1745098	
  .0000418	 .1264706	-.1823529	
  .000042	 .122549	-.1823529	
  .0000422	 .1245098	-.1823529	
  .0000424	 .1264706	-.1784314	
  .0000426	 .1284314	-.1784314	
  .0000428	 .1284314	-.1823529	
  .000043	 .1323529	-.1823529	
  .0000432	 .1323529	-.1862745	
  .0000434	 .1323529	-.1901961	
  .0000436	 .1323529	-.1901961	
  .0000438	 .1323529	-.1901961	
  .000044	 .1362745	-.1901961	
  .0000442	 .1362745	-.1941177	
  .0000444	 .1343137	-.1980392	
  .0000446	 .1362745	-.1980392	
  .0000448	 .1382353	-.2019608	
  .000045	 .1401961	-.2058824	
  .0000452	 .1401961	-.2098039	
  .0000454	 .1401961	-.2098039	
  .0000456	 .1441177	-.2098039	
  .0000458	 .1441177	-.2098039	
  .000046	 .1441177	-.2137255	
  .0000462	 .1460784	-.2176471	
  .0000464	 .1480392	-.2176471	
  .0000466	 .1480392	-.2254902	
  .0000468	 .1460784	-.2294118	
  .000047	 .1460784	-.2254902	
  .0000472	 .15	-.2294118	
  .0000474	 .1480392	-.2294118	
  .0000476	 .15	-.2333333	
  .0000478	 .15	-.2372549	
  .000048	 .15	-.2333333	
  .0000482	 .15	-.2411765	
  .0000484	 .1519608	-.2411765	
  .0000486	 .1519608	-.245098	
  .0000488	 .1519608	-.245098	
  .000049	 .1539216	-.2490196	
  .0000492	 .1539216	-.2490196	
  .0000494	 .1558824	-.2490196	
  .0000496	 .1539216	-.2529412	
  .0000498	 .1558824	-.2529412	
  .00005	 .1578431	-.2568628	
  .0000502	 .1558824	-.2568628	
  .0000504	 .1558824	-.2568628	
  .0000506	 .1578431	-.2529412	
  .0000508	 .1578431	-.2568628	
  .000051	 .1578431	-.2607843	
  .0000512	 .1598039	-.2647059	
  .0000514	 .1578431	-.2686275	
  .0000516	 .1578431	-.2686275	
  .0000518	 .1578431	-.272549	
  .000052	 .1558824	-.272549	
  .0000522	 .1598039	-.2686275	
  .0000524	 .1617647	-.272549	
  .0000526	 .1598039	-.272549	
  .0000528	 .1598039	-.272549	
  .000053	 .1617647	-.2764706	
  .0000532	 .1617647	-.2803922	
  .0000534	 .1578431	-.2803922	
  .0000536	 .1598039	-.2843137	
  .0000538	 .1617647	-.2843137	
  .000054	 .1617647	-.2803922	
  .0000542	 .1598039	-.2803922	
  .0000544	 .1617647	-.2843137	
  .0000546	 .1617647	-.2843137	
  .0000548	 .1617647	-.2882353	
  .000055	 .1617647	-.2921569	
  .0000552	 .1578431	-.2921569	
  .0000554	 .1598039	-.2921569	
  .0000556	 .1617647	-.2882353	
  .0000558	 .1617647	-.2882353	
  .000056	 .1617647	-.2960784	
  .0000562	 .1598039	-.2921569	
  .0000564	 .1637255	-.2960784	
  .0000566	 .1617647	-.2960784	
  .0000568	 .1598039	-.2960784	
  .000057	 .1598039	-.2960784	
  .0000572	 .1617647	-.2960784	
  .0000574	 .1598039	-.2960784	
  .0000576	 .1617647	-.2921569	
  .0000578	 .1598039	-.2960784	
  .000058	 .1598039	-.2960784	
  .0000582	 .1578431	-.3	
  .0000584	 .1578431	-.3	
  .0000586	 .1598039	-.3	
  .0000588	 .1598039	-.3	
  .000059	 .1598039	-.2921569	
  .0000592	 .1578431	-.2960784	
  .0000594	 .1578431	-.2882353	
  .0000596	 .1598039	-.2960784	
  .0000598	 .1558824	-.2960784	
  .00006	 .1558824	-.2960784	
  .0000602	 .1578431	-.2960784	
  .0000604	 .1558824	-.2960784	
  .0000606	 .1539216	-.2921569	
  .0000608	 .1558824	-.2921569	
  .000061	 .1539216	-.2921569	
  .0000612	 .1558824	-.2921569	
  .0000614	 .1519608	-.2960784	
  .0000616	 .1519608	-.2960784	
  .0000618	 .1519608	-.2921569	
  .000062	 .1519608	-.2921569	
  .0000622	 .1519608	-.2921569	
  .0000624	 .1519608	-.2882353	
  .0000626	 .1519608	-.2882353	
  .0000628	 .15	-.2882353	
  .000063	 .1480392	-.2882353	
  .0000632	 .1460784	-.2882353	
  .0000634	 .1460784	-.2882353	
  .0000636	 .1441177	-.2921569	
  .0000638	 .1441177	-.2843137	
  .000064	 .1441177	-.2843137	
  .0000642	 .1441177	-.2803922	
  .0000644	 .1460784	-.2843137	
  .0000646	 .1441177	-.2803922	
  .0000648	 .1401961	-.2843137	
  .000065	 .1401961	-.2803922	
  .0000652	 .1382353	-.2803922	
  .0000654	 .1401961	-.2764706	
  .0000656	 .1382353	-.2764706	
  .0000658	 .1382353	-.272549	
  .000066	 .1362745	-.272549	
  .0000662	 .1362745	-.2686275	
  .0000664	 .1343137	-.272549	
  .0000666	 .1303922	-.2686275	
  .0000668	 .1284314	-.2686275	
  .000067	 .1303922	-.2647059	
  .0000672	 .1303922	-.2647059	
  .0000674	 .1284314	-.2607843	
  .0000676	 .1284314	-.2607843	
  .0000678	 .1264706	-.2568628	
  .000068	 .122549	-.2568628	
  .0000682	 .122549	-.2568628	
  .0000684	 .1205882	-.2568628	
  .0000686	 .1088235	-.2529412	
  .0000688	 .1029412	-.2490196	
  .000069	 .104902	-.2411765	
  .0000692	 .1009804	-.2372549	
  .0000694	 .1029412	-.2333333	
  .0000696	 .1009804	-.2294118	
  .0000698	 .1009804	-.2294118	
  .00007	 9.705883E-02	-.2254902	
  .0000702	 9.705883E-02	-.2254902	
  .0000704	 9.705883E-02	-.2176471	
  .0000706	 9.705883E-02	-.2176471	
  .0000708	 9.509804E-02	-.2137255	
  .000071	 9.509804E-02	-.2137255	
  .0000712	 9.313726E-02	-.2098039	
  .0000714	 9.117647E-02	-.2058824	
  .0000716	 8.921569E-02	-.2058824	
  .0000718	 .0872549	-.2058824	
  .000072	 .0872549	-.2019608	
  .0000722	 8.921569E-02	-.1941177	
  .0000724	 8.529412E-02	-.1980392	
  .0000726	 8.529412E-02	-.1980392	
  .0000728	 .0872549	-.1941177	
  .000073	 7.941177E-02	-.1941177	
  .0000732	 8.137255E-02	-.1901961	
  .0000734	 8.333334E-02	-.1901961	
  .0000736	 7.745098E-02	-.1862745	
  .0000738	 7.745098E-02	-.1823529	
  .000074	 .0754902	-.1823529	
  .0000742	 .0754902	-.1784314	
  .0000744	 7.352941E-02	-.1784314	
  .0000746	 7.156863E-02	-.1784314	
  .0000748	 7.156863E-02	-.1784314	
  .000075	 6.764706E-02	-.1784314	
  .0000752	 6.764706E-02	-.1784314	
  .0000754	 6.764706E-02	-.1666667	
  .0000756	 6.764706E-02	-.1666667	
  .0000758	 6.568628E-02	-.1627451	
  .000076	 6.372549E-02	-.1627451	
  .0000762	 6.372549E-02	-.1627451	
  .0000764	 6.372549E-02	-.1627451	
  .0000766	 5.980392E-02	-.1588235	
  .0000768	 5.784314E-02	-.154902	
  .000077	 5.784314E-02	-.154902	
  .0000772	 5.784314E-02	-.1509804	
  .0000774	 5.392157E-02	-.1431373	
  .0000776	 5.392157E-02	-.1470588	
  .0000778	 .05	-.1431373	
  .000078	 .05	-.1431373	
  .0000782	 4.803922E-02	-.1352941	
  .0000784	 4.607843E-02	-.1352941	
  .0000786	 4.607843E-02	-.1352941	
  .0000788	 4.607843E-02	-.127451	
  .000079	 4.411765E-02	-.127451	
  .0000792	 4.215686E-02	-.1235294	
  .0000794	 4.019608E-02	-.1196078	
  .0000796	 .0382353	-.1196078	
  .0000798	 .0382353	-.1156863	
  .00008	 3.627451E-02	-.1196078	
  .0000802	 3.431373E-02	-.1117647	
  .0000804	 3.627451E-02	-.1078431	
  .0000806	 3.431373E-02	-.1078431	
  .0000808	 3.039216E-02	-.1039216	
  .000081	 3.039216E-02	-.1	
  .0000812	 2.843137E-02	-9.607843E-02	
  .0000814	 2.647059E-02	-.1	
  .0000816	 .0245098	-9.215686E-02	
  .0000818	 2.254902E-02	-9.607843E-02	
  .000082	 2.254902E-02	-.0882353	
  .0000822	 2.058824E-02	-.0882353	
  .0000824	 2.058824E-02	-8.431373E-02	
  .0000826	 1.862745E-02	-8.039216E-02	
  .0000828	 1.666667E-02	-7.647059E-02	
  .000083	 1.470588E-02	-7.647059E-02	
  .0000832	 .0127451	-7.254902E-02	
  .0000834	 1.078431E-02	-7.254902E-02	
  .0000836	 .0127451	-6.470589E-02	
  .0000838	 8.82353E-03	-6.470589E-02	
  .000084	 6.862745E-03	-6.078431E-02	
  .0000842	 8.82353E-03	-5.686275E-02	
  .0000844	 4.901961E-03	-5.686275E-02	
  .0000846	 4.901961E-03	-5.294118E-02	
  .0000848	-9.803922E-04	-5.294118E-02	
  .000085	 9.803922E-04	-4.901961E-02	
  .0000852	 9.803922E-04	-4.901961E-02	
  .0000854	-9.803922E-04	-4.117647E-02	
  .0000856	-2.941177E-03	-4.117647E-02	
  .0000858	-4.901961E-03	-.0372549	
  .000086	-4.901961E-03	-.0372549	
  .0000862	-6.862745E-03	-.0372549	
  .0000864	-1.078431E-02	-3.333334E-02	
  .0000866	-1.078431E-02	-2.941176E-02	
  .0000868	-.0127451	-2.941176E-02	
  .000087	-.0127451	-2.156863E-02	
  .0000872	-1.470588E-02	-1.764706E-02	
  .0000874	-1.470588E-02	-2.156863E-02	
  .0000876	-1.666667E-02	-1.372549E-02	
  .0000878	-1.666667E-02	-9.803922E-03	
  .000088	-1.862745E-02	-1.372549E-02	
  .0000882	-2.254902E-02	-9.803922E-03	
  .0000884	-.0245098	-5.882353E-03	
  .0000886	-2.254902E-02	-1.960784E-03	
  .0000888	-.0245098	-1.960784E-03	
  .000089	-2.647059E-02	 1.960784E-03	
  .0000892	-2.843137E-02	 9.803922E-03	
  .0000894	-2.843137E-02	 9.803922E-03	
  .0000896	-3.039216E-02	 5.882353E-03	
  .0000898	-3.235294E-02	 1.372549E-02	
  .00009	-3.431373E-02	 9.803922E-03	
  .0000902	-3.235294E-02	 1.764706E-02	
  .0000904	-3.627451E-02	 1.764706E-02	
  .0000906	-3.431373E-02	 .0254902	
  .0000908	-3.627451E-02	 2.941176E-02	
  .000091	-4.019608E-02	 2.941176E-02	
  .0000912	-4.019608E-02	 2.941176E-02	
  .0000914	-4.215686E-02	 .0254902	
  .0000916	-4.411765E-02	 2.941176E-02	
  .0000918	-4.411765E-02	 .0372549	
  .000092	-4.411765E-02	 4.117647E-02	
  .0000922	-4.607843E-02	 4.509804E-02	
  .0000924	-4.607843E-02	 4.509804E-02	
  .0000926	-4.803922E-02	 4.509804E-02	
  .0000928	-.05	 4.509804E-02	
  .000093	-.05	 5.294118E-02	
  .0000932	-5.196078E-02	 5.294118E-02	
  .0000934	-5.196078E-02	 5.294118E-02	
  .0000936	-5.196078E-02	 6.470589E-02	
  .0000938	-5.196078E-02	 6.078431E-02	
  .000094	-5.392157E-02	 6.470589E-02	
  .0000942	-5.588235E-02	 6.470589E-02	
  .0000944	-5.784314E-02	 6.470589E-02	
  .0000946	-5.784314E-02	 7.254902E-02	
  .0000948	-5.980392E-02	 7.254902E-02	
  .000095	-5.980392E-02	 7.254902E-02	
  .0000952	-5.980392E-02	 8.039216E-02	
  .0000954	-6.176471E-02	 8.039216E-02	
  .0000956	-6.372549E-02	 8.039216E-02	
  .0000958	-6.568628E-02	 8.431373E-02	
  .000096	-6.568628E-02	 8.431373E-02	
  .0000962	-6.568628E-02	 .0882353	
  .0000964	-6.960785E-02	 8.431373E-02	
  .0000966	-7.156863E-02	 9.215686E-02	
  .0000968	-6.764706E-02	 9.215686E-02	
  .000097	-6.960785E-02	 9.607843E-02	
  .0000972	-7.156863E-02	 9.607843E-02	
  .0000974	-7.156863E-02	 .1039216	
  .0000976	-7.352941E-02	 .1078431	
  .0000978	-.0754902	 .1039216	
  .000098	-7.745098E-02	 .1039216	
  .0000982	-7.941177E-02	 .1078431	
  .0000984	-7.941177E-02	 .1078431	
  .0000986	-7.745098E-02	 .1117647	
  .0000988	-7.941177E-02	 .1156863	
  .000099	-7.941177E-02	 .1156863	
  .0000992	-8.137255E-02	 .1235294	
  .0000994	-8.333334E-02	 .1235294	
  .0000996	-8.333334E-02	 .1196078	
  .0000998	-8.333334E-02	 .1196078	
  .0001	-8.333334E-02	 .1196078	
  .0001002	-8.333334E-02	 .127451	
  .0001004	-8.529412E-02	 .1313726	
  .0001006	-8.529412E-02	 .1352941	
  .0001008	-8.529412E-02	 .1352941	
  .000101	-.0872549	 .1392157	
  .0001012	-.0872549	 .1352941	
  .0001014	-9.117647E-02	 .1352941	
  .0001016	-8.921569E-02	 .1352941	
  .0001018	-8.921569E-02	 .1431373	
  .000102	-8.921569E-02	 .1392157	
  .0001022	-9.117647E-02	 .1470588	
  .0001024	-9.117647E-02	 .1470588	
  .0001026	-9.313726E-02	 .1470588	
  .0001028	-9.313726E-02	 .1470588	
  .000103	-9.313726E-02	 .1431373	
  .0001032	-9.313726E-02	 .1470588	
  .0001034	-9.117647E-02	 .154902	
  .0001036	-9.313726E-02	 .154902	
  .0001038	-9.117647E-02	 .1509804	
  .000104	-9.313726E-02	 .1588235	
  .0001042	-9.313726E-02	 .1588235	
  .0001044	-9.509804E-02	 .1509804	
  .0001046	-9.313726E-02	 .1509804	
  .0001048	-9.509804E-02	 .154902	
  .000105	-8.921569E-02	 .1588235	
  .0001052	-8.529412E-02	 .1627451	
  .0001054	-8.529412E-02	 .1588235	
  .0001056	-8.333334E-02	 .1588235	
  .0001058	-.0872549	 .1627451	
  .000106	-8.529412E-02	 .1588235	
  .0001062	-.0872549	 .154902	
  .0001064	-.0872549	 .154902	
  .0001066	-8.529412E-02	 .154902	
  .0001068	-.0872549	 .1588235	
  .000107	-8.529412E-02	 .1588235	
  .0001072	-.0872549	 .154902	
  .0001074	-9.117647E-02	 .1627451	
  .0001076	-8.921569E-02	 .1627451	
  .0001078	-8.921569E-02	 .1588235	
  .000108	-8.921569E-02	 .1588235	
  .0001082	-8.921569E-02	 .1588235	
  .0001084	-.0872549	 .154902	
  .0001086	-8.921569E-02	 .1666667	
  .0001088	-8.921569E-02	 .1666667	
  .000109	-8.921569E-02	 .1627451	
  .0001092	-8.921569E-02	 .1666667	
  .0001094	-8.921569E-02	 .1627451	
  .0001096	-9.117647E-02	 .1627451	
  .0001098	-9.117647E-02	 .1627451	
  .00011	-8.921569E-02	 .1705882	
  .0001102	-8.921569E-02	 .1666667	
  .0001104	-9.117647E-02	 .1705882	
  .0001106	-9.117647E-02	 .1705882	
  .0001108	-9.117647E-02	 .1745098	
  .000111	-9.117647E-02	 .1705882	
  .0001112	-9.313726E-02	 .1666667	
  .0001114	-9.313726E-02	 .1666667	
  .0001116	-9.313726E-02	 .1705882	
  .0001118	-9.117647E-02	 .1705882	
  .000112	-9.117647E-02	 .1745098	
  .0001122	-9.313726E-02	 .1745098	
  .0001124	-9.117647E-02	 .1705882	
  .0001126	-9.313726E-02	 .1745098	
  .0001128	-9.117647E-02	 .1745098	
  .000113	-9.313726E-02	 .1705882	
  .0001132	-9.117647E-02	 .1666667	
  .0001134	-9.117647E-02	 .1745098	
  .0001136	-9.313726E-02	 .1745098	
  .0001138	-9.313726E-02	 .1784314	
  .000114	-9.117647E-02	 .1784314	
  .0001142	-9.117647E-02	 .1745098	
  .0001144	-9.313726E-02	 .1823529	
  .0001146	-9.117647E-02	 .1784314	
  .0001148	-9.117647E-02	 .1745098	
  .000115	-9.117647E-02	 .1823529	
  .0001152	-9.313726E-02	 .1823529	
  .0001154	-9.117647E-02	 .1862745	
  .0001156	-9.117647E-02	 .1823529	
  .0001158	-9.117647E-02	 .1784314	
  .000116	-9.117647E-02	 .1823529	
  .0001162	-9.117647E-02	 .1823529	
  .0001164	-9.313726E-02	 .1784314	
  .0001166	-8.921569E-02	 .1745098	
  .0001168	-8.921569E-02	 .1784314	
  .000117	-8.921569E-02	 .1784314	
  .0001172	-8.921569E-02	 .1823529	
  .0001174	-8.921569E-02	 .1823529	
  .0001176	-8.921569E-02	 .1784314	
  .0001178	-8.921569E-02	 .1784314	
  .000118	-8.921569E-02	 .1784314	
  .0001182	-8.921569E-02	 .1784314	
  .0001184	-.0872549	 .1823529	
  .0001186	-.0872549	 .1823529	
  .0001188	-.0872549	 .1823529	
  .000119	-8.529412E-02	 .1823529	
  .0001192	-.0872549	 .1823529	
  .0001194	-.0872549	 .1745098	
  .0001196	-.0872549	 .1823529	
  .0001198	-8.529412E-02	 .1784314	
  .00012	-8.529412E-02	 .1823529	
  .0001202	-8.529412E-02	 .1784314	
  .0001204	-8.529412E-02	 .1823529	
  .0001206	-8.333334E-02	 .1862745	
  .0001208	-8.529412E-02	 .1862745	
  .000121	-8.529412E-02	 .1784314	
  .0001212	-8.529412E-02	 .1745098	
  .0001214	-8.333334E-02	 .1784314	
  .0001216	-8.137255E-02	 .1745098	
  .0001218	-8.333334E-02	 .1784314	
  .000122	-7.941177E-02	 .1823529	
  .0001222	-7.941177E-02	 .1784314	
  .0001224	-8.137255E-02	 .1745098	
  .0001226	-7.941177E-02	 .1745098	
  .0001228	-8.137255E-02	 .1705882	
  .000123	-7.941177E-02	 .1666667	
  .0001232	-7.941177E-02	 .1745098	
  .0001234	-.0754902	 .1745098	
  .0001236	-7.941177E-02	 .1705882	
  .0001238	-.0754902	 .1745098	
  .000124	-.0754902	 .1745098	
  .0001242	-.0754902	 .1705882	
  .0001244	-.0754902	 .1705882	
  .0001246	-.0754902	 .1705882	
  .0001248	-7.352941E-02	 .1666667	
  .000125	-7.352941E-02	 .1666667	
  .0001252	-7.156863E-02	 .1705882	
  .0001254	-7.156863E-02	 .1666667	
  .0001256	-7.156863E-02	 .1666667	
  .0001258	-7.352941E-02	 .1627451	
  .000126	-6.960785E-02	 .1588235	
  .0001262	-7.156863E-02	 .1588235	
  .0001264	-6.960785E-02	 .1627451	
  .0001266	-6.960785E-02	 .1627451	
  .0001268	-6.568628E-02	 .1588235	
  .000127	-6.568628E-02	 .1588235	
  .0001272	-6.764706E-02	 .154902	
  .0001274	-6.764706E-02	 .1588235	
  .0001276	-6.568628E-02	 .1509804	
  .0001278	-6.372549E-02	 .154902	
  .000128	-6.372549E-02	 .154902	
  .0001282	-6.176471E-02	 .1509804	
  .0001284	-6.372549E-02	 .1509804	
  .0001286	-6.176471E-02	 .1509804	
  .0001288	-5.980392E-02	 .1509804	
  .000129	-5.784314E-02	 .1509804	
  .0001292	-5.980392E-02	 .1470588	
  .0001294	-5.980392E-02	 .1470588	
  .0001296	-5.980392E-02	 .1431373	
  .0001298	-5.588235E-02	 .1470588	
  .00013	-5.588235E-02	 .1431373	
  .0001302	-5.588235E-02	 .1392157	
  .0001304	-5.588235E-02	 .1431373	
  .0001306	-5.588235E-02	 .1431373	
  .0001308	-5.588235E-02	 .1352941	
  .000131	-5.392157E-02	 .1352941	
  .0001312	-5.392157E-02	 .1313726	
  .0001314	-.05	 .1352941	
  .0001316	-.05	 .1313726	
  .0001318	-.05	 .1313726	
  .000132	-.05	 .1313726	
  .0001322	-4.607843E-02	 .1313726	
  .0001324	-4.803922E-02	 .127451	
  .0001326	-4.607843E-02	 .1235294	
  .0001328	-4.803922E-02	 .1235294	
  .000133	-4.411765E-02	 .1196078	
  .0001332	-4.411765E-02	 .1235294	
  .0001334	-4.215686E-02	 .1235294	
  .0001336	-4.215686E-02	 .1235294	
  .0001338	-4.019608E-02	 .1156863	
  .000134	-4.215686E-02	 .1156863	
  .0001342	-4.019608E-02	 .1156863	
  .0001344	-4.019608E-02	 .1156863	
  .0001346	-.0382353	 .1078431	
  .0001348	-.0382353	 .1117647	
  .000135	-3.627451E-02	 .1156863	
  .0001352	-.0382353	 .1156863	
  .0001354	-3.627451E-02	 .1078431	
  .0001356	-3.431373E-02	 .1039216	
  .0001358	-3.235294E-02	 .1078431	
  .000136	-3.235294E-02	 .1	
  .0001362	-3.235294E-02	 .1	
  .0001364	-2.843137E-02	 .1	
  .0001366	-3.039216E-02	 .1	
  .0001368	-2.843137E-02	 9.607843E-02	
  .000137	-2.843137E-02	 .1	
  .0001372	-2.843137E-02	 9.215686E-02	
  .0001374	-2.647059E-02	 9.607843E-02	
  .0001376	-2.647059E-02	 .0882353	
  .0001378	-2.647059E-02	 .0882353	
  .000138	-2.254902E-02	 8.431373E-02	
  .0001382	-2.254902E-02	 8.431373E-02	
  .0001384	-2.058824E-02	 8.431373E-02	
  .0001386	-2.058824E-02	 8.431373E-02	
  .0001388	-1.862745E-02	 8.431373E-02	
  .000139	-2.058824E-02	 8.431373E-02	
  .0001392	-1.862745E-02	 7.647059E-02	
  .0001394	-1.666667E-02	 7.647059E-02	
  .0001396	-1.862745E-02	 7.647059E-02	
  .0001398	-1.470588E-02	 8.039216E-02	
  .00014	-1.666667E-02	 7.254902E-02	
  .0001402	-.0127451	 7.254902E-02	
  .0001404	-.0127451	 8.039216E-02	
  .0001406	-.0127451	 7.647059E-02	
  .0001408	-.0127451	 6.470589E-02	
  .000141	-8.82353E-03	 5.686275E-02	
  .0001412	-8.82353E-03	 6.470589E-02	
  .0001414	-6.862745E-03	 6.078431E-02	
  .0001416	-6.862745E-03	 5.686275E-02	
  .0001418	-4.901961E-03	 6.078431E-02	
  .000142	-4.901961E-03	 5.686275E-02	
  .0001422	-4.901961E-03	 5.294118E-02	
  .0001424	-4.901961E-03	 5.294118E-02	
  .0001426	-2.941177E-03	 4.901961E-02	
  .0001428	-2.941177E-03	 4.509804E-02	
  .000143	-9.803922E-04	 4.901961E-02	
  .0001432	-9.803922E-04	 5.294118E-02	
  .0001434	 4.901961E-03	 4.509804E-02	
  .0001436	 6.862745E-03	 4.509804E-02	
  .0001438	 6.862745E-03	 4.117647E-02	
  .000144	 2.941177E-03	 4.117647E-02	
  .0001442	 6.862745E-03	 3.333334E-02	
  .0001444	 6.862745E-03	 3.333334E-02	
  .0001446	 8.82353E-03	 3.333334E-02	
  .0001448	 8.82353E-03	 .0372549	
  .000145	 6.862745E-03	 3.333334E-02	
  .0001452	 1.078431E-02	 3.333334E-02	
  .0001454	 .0127451	 2.941176E-02	
  .0001456	 1.078431E-02	 2.156863E-02	
  .0001458	 1.470588E-02	 2.156863E-02	
  .000146	 1.470588E-02	 1.764706E-02	
  .0001462	 1.470588E-02	 2.156863E-02	
  .0001464	 1.666667E-02	 1.764706E-02	
  .0001466	 1.666667E-02	 2.156863E-02	
  .0001468	 1.666667E-02	 1.764706E-02	
  .000147	 1.862745E-02	 1.764706E-02	
  .0001472	 1.862745E-02	 1.372549E-02	
  .0001474	 2.058824E-02	 1.372549E-02	
  .0001476	 2.058824E-02	 5.882353E-03	
  .0001478	 1.862745E-02	 1.960784E-03	
  .000148	 2.254902E-02	 1.960784E-03	
  .0001482	 .0245098	 5.882353E-03	
  .0001484	 .0245098	 1.960784E-03	
  .0001486	 .0245098	 1.960784E-03	
  .0001488	 2.647059E-02	 1.960784E-03	
  .000149	 2.843137E-02	-1.960784E-03	
  .0001492	 2.647059E-02	 1.960784E-03	
  .0001494	 2.843137E-02	-5.882353E-03	
  .0001496	 3.039216E-02	-5.882353E-03	
  .0001498	 3.039216E-02	-9.803922E-03	
  .00015	 3.039216E-02	-9.803922E-03	
  .0001502	 3.235294E-02	-9.803922E-03	
  .0001504	 3.039216E-02	-9.803922E-03	
  .0001506	 3.235294E-02	-1.372549E-02	
  .0001508	 3.431373E-02	-2.156863E-02	
  .000151	 3.431373E-02	-2.156863E-02	
  .0001512	 3.627451E-02	-2.156863E-02	
  .0001514	 3.627451E-02	-2.156863E-02	
  .0001516	 3.627451E-02	-1.764706E-02	
  .0001518	 .0382353	-.0254902	
  .000152	 4.019608E-02	-.0254902	
  .0001522	 4.019608E-02	-2.941176E-02	
  .0001524	 4.019608E-02	-3.333334E-02	
  .0001526	 .0382353	-2.941176E-02	
  .0001528	 4.215686E-02	-3.333334E-02	
  .000153	 4.019608E-02	-2.941176E-02	
  .0001532	 4.215686E-02	-3.333334E-02	
  .0001534	 4.607843E-02	-3.333334E-02	
  .0001536	 4.411765E-02	-.0372549	
  .0001538	 4.607843E-02	-4.117647E-02	
  .000154	 4.607843E-02	-.0372549	
  .0001542	 4.411765E-02	-4.901961E-02	
  .0001544	 4.607843E-02	-4.509804E-02	
  .0001546	 4.607843E-02	-4.117647E-02	
  .0001548	 4.803922E-02	-4.901961E-02	
  .000155	 .05	-4.901961E-02	
  .0001552	 4.803922E-02	-4.509804E-02	
  .0001554	 .05	-5.294118E-02	
  .0001556	 .05	-5.686275E-02	
  .0001558	 5.196078E-02	-5.686275E-02	
  .000156	 5.196078E-02	-5.686275E-02	
  .0001562	 5.588235E-02	-5.686275E-02	
  .0001564	 5.392157E-02	-5.686275E-02	
  .0001566	 5.392157E-02	-6.078431E-02	
  .0001568	 5.588235E-02	-6.470589E-02	
  .000157	 5.392157E-02	-5.686275E-02	
  .0001572	 5.588235E-02	-6.862745E-02	
  .0001574	 5.196078E-02	-6.470589E-02	
  .0001576	 5.196078E-02	-6.862745E-02	
  .0001578	 5.392157E-02	-6.862745E-02	
  .000158	 5.588235E-02	-6.470589E-02	
  .0001582	 5.588235E-02	-6.862745E-02	
  .0001584	 5.588235E-02	-6.862745E-02	
  .0001586	 5.784314E-02	-6.862745E-02	
  .0001588	 5.784314E-02	-8.039216E-02	
  .000159	 5.784314E-02	-7.647059E-02	
  .0001592	 5.980392E-02	-7.647059E-02	
  .0001594	 5.784314E-02	-7.647059E-02	
  .0001596	 5.980392E-02	-7.647059E-02	
  .0001598	 6.176471E-02	-8.039216E-02	
  .00016	 6.176471E-02	-8.039216E-02	
  .0001602	 6.176471E-02	-7.647059E-02	
  .0001604	 5.980392E-02	-.0882353	
  .0001606	 5.980392E-02	-8.431373E-02	
  .0001608	 5.980392E-02	-.0882353	
  .000161	 6.176471E-02	-.0882353	
  .0001612	 6.568628E-02	-8.431373E-02	
  .0001614	 6.568628E-02	-.0882353	
  .0001616	 6.372549E-02	-.0882353	
  .0001618	 6.372549E-02	-.0882353	
  .000162	 6.568628E-02	-.0882353	
  .0001622	 6.372549E-02	-9.607843E-02	
  .0001624	 6.372549E-02	-9.215686E-02	
  .0001626	 6.568628E-02	-9.607843E-02	
  .0001628	 6.764706E-02	-9.607843E-02	
  .000163	 6.568628E-02	-9.215686E-02	
  .0001632	 6.764706E-02	-9.607843E-02	
  .0001634	 6.960785E-02	-9.607843E-02	
  .0001636	 6.568628E-02	-9.607843E-02	
  .0001638	 6.764706E-02	-.1	
  .000164	 6.568628E-02	-.1039216	
  .0001642	 6.568628E-02	-.1039216	
  .0001644	 6.764706E-02	-.1078431	
  .0001646	 6.764706E-02	-.1	
  .0001648	 6.960785E-02	-.1	
  .000165	 6.960785E-02	-.1039216	
  .0001652	 6.960785E-02	-.1039216	
  .0001654	 6.960785E-02	-.1078431	
  .0001656	 6.764706E-02	-.1078431	
  .0001658	 6.764706E-02	-.1078431	
  .000166	 7.156863E-02	-.1117647	
  .0001662	 6.764706E-02	-.1117647	
  .0001664	 7.156863E-02	-.1078431	
  .0001666	 7.156863E-02	-.1117647	
  .0001668	 7.156863E-02	-.1117647	
  .000167	 6.960785E-02	-.1078431	
  .0001672	 7.156863E-02	-.1117647	
  .0001674	 6.764706E-02	-.1156863	
  .0001676	 6.764706E-02	-.1156863	
  .0001678	 7.156863E-02	-.1117647	
  .000168	 6.960785E-02	-.1156863	
  .0001682	 7.156863E-02	-.1117647	
  .0001684	 7.156863E-02	-.1156863	
  .0001686	 7.352941E-02	-.1117647	
  .0001688	 7.156863E-02	-.1156863	
  .000169	 6.960785E-02	-.1156863	
  .0001692	 6.764706E-02	-.1196078	
  .0001694	 6.960785E-02	-.1156863	
  .0001696	 6.960785E-02	-.1156863	
  .0001698	 7.156863E-02	-.1156863	
  .00017	 7.156863E-02	-.1196078	
  .0001702	 6.960785E-02	-.1235294	
  .0001704	 6.960785E-02	-.1196078	
  .0001706	 6.960785E-02	-.1196078	
  .0001708	 6.960785E-02	-.1235294	
  .000171	 6.960785E-02	-.1235294	
  .0001712	 6.960785E-02	-.1196078	
  .0001714	 6.960785E-02	-.1196078	
  .0001716	 7.156863E-02	-.1235294	
  .0001718	 7.156863E-02	-.1196078	
  .000172	 7.156863E-02	-.1235294	
  .0001722	 7.156863E-02	-.127451	
  .0001724	 6.960785E-02	-.1196078	
  .0001726	 7.156863E-02	-.1235294	
  .0001728	 6.960785E-02	-.1196078	
  .000173	 6.960785E-02	-.1196078	
  .0001732	 7.156863E-02	-.1235294	
  .0001734	 7.156863E-02	-.1235294	
  .0001736	 7.156863E-02	-.1235294	
  .0001738	 6.960785E-02	-.1235294	
  .000174	 6.764706E-02	-.127451	
  .0001742	 6.960785E-02	-.1235294	
  .0001744	 6.960785E-02	-.1235294	
  .0001746	 7.156863E-02	-.1196078	
  .0001748	 7.156863E-02	-.1235294	
  .000175	 6.960785E-02	-.1235294	
  .0001752	 6.960785E-02	-.1235294	
  .0001754	 6.960785E-02	-.127451	
  .0001756	 6.568628E-02	-.127451	
  .0001758	 6.960785E-02	-.127451	
  .000176	 6.960785E-02	-.127451	
  .0001762	 6.764706E-02	-.1196078	
  .0001764	 6.764706E-02	-.1235294	
  .0001766	 6.764706E-02	-.1235294	
  .0001768	 6.764706E-02	-.1235294	
  .000177	 6.568628E-02	-.1313726	
  .0001772	 6.568628E-02	-.1235294	
  .0001774	 6.568628E-02	-.127451	
  .0001776	 6.568628E-02	-.1235294	
  .0001778	 6.568628E-02	-.1235294	
  .000178	 6.568628E-02	-.1196078	
  .0001782	 6.372549E-02	-.1196078	
  .0001784	 6.568628E-02	-.1196078	
  .0001786	 6.568628E-02	-.1196078	
  .0001788	 6.568628E-02	-.1235294	
  .000179	 6.372549E-02	-.1235294	
  .0001792	 6.372549E-02	-.1196078	
  .0001794	 6.372549E-02	-.1196078	
  .0001796	 6.372549E-02	-.1196078	
  .0001798	 6.372549E-02	-.1196078	
  .00018	 6.568628E-02	-.1117647	
  .0001802	 6.372549E-02	-.1156863	
  .0001804	 6.176471E-02	-.1235294	
  .0001806	 5.980392E-02	-.1196078	
  .0001808	 5.784314E-02	-.1235294	
  .000181	 6.176471E-02	-.1156863	
  .0001812	 6.176471E-02	-.1156863	
  .0001814	 5.980392E-02	-.1156863	
  .0001816	 5.980392E-02	-.1117647	
  .0001818	 5.784314E-02	-.1117647	
  .000182	 5.980392E-02	-.1156863	
  .0001822	 5.784314E-02	-.1156863	
  .0001824	 5.784314E-02	-.1156863	
  .0001826	 5.980392E-02	-.1117647	
  .0001828	 5.784314E-02	-.1117647	
  .000183	 5.588235E-02	-.1117647	
  .0001832	 5.784314E-02	-.1117647	
  .0001834	 5.784314E-02	-.1117647	
  .0001836	 5.392157E-02	-.1117647	
  .0001838	 5.392157E-02	-.1078431	
  .000184	 5.392157E-02	-.1156863	
  .0001842	 5.392157E-02	-.1078431	
  .0001844	 5.392157E-02	-.1039216	
  .0001846	 5.588235E-02	-.1039216	
  .0001848	 5.588235E-02	-.1078431	
  .000185	 5.392157E-02	-.1039216	
  .0001852	 .05	-.1039216	
  .0001854	 .05	-.1078431	
  .0001856	 4.803922E-02	-.1039216	
  .0001858	 .05	-.1039216	
  .000186	 .05	-.1	
  .0001862	 4.803922E-02	-.1	
  .0001864	 4.803922E-02	-.1078431	
  .0001866	 4.803922E-02	-9.607843E-02	
  .0001868	 4.607843E-02	-.1	
  .000187	 4.803922E-02	-9.607843E-02	
  .0001872	 4.607843E-02	-9.607843E-02	
  .0001874	 4.411765E-02	-9.607843E-02	
  .0001876	 4.411765E-02	-9.607843E-02	
  .0001878	 4.607843E-02	-9.215686E-02	
  .000188	 4.607843E-02	-9.215686E-02	
  .0001882	 4.411765E-02	-9.215686E-02	
  .0001884	 4.607843E-02	-9.215686E-02	
  .0001886	 4.215686E-02	-9.215686E-02	
  .0001888	 4.019608E-02	-.0882353	
  .000189	 4.019608E-02	-9.215686E-02	
  .0001892	 4.019608E-02	-8.431373E-02	
  .0001894	 .0382353	-8.431373E-02	
  .0001896	 4.019608E-02	-8.431373E-02	
  .0001898	 .0382353	-8.431373E-02	
  .00019	 .0382353	-8.431373E-02	
  .0001902	 .0382353	-.0882353	
  .0001904	 3.627451E-02	-8.431373E-02	
  .0001906	 3.431373E-02	-8.431373E-02	
  .0001908	 3.627451E-02	-7.647059E-02	
  .000191	 3.627451E-02	-8.039216E-02	
  .0001912	 3.431373E-02	-7.647059E-02	
  .0001914	 3.431373E-02	-7.254902E-02	
  .0001916	 3.431373E-02	-7.647059E-02	
  .0001918	 3.431373E-02	-7.647059E-02	
  .000192	 3.431373E-02	-7.647059E-02	
  .0001922	 3.235294E-02	-7.254902E-02	
  .0001924	 3.235294E-02	-7.254902E-02	
  .0001926	 3.235294E-02	-6.862745E-02	
  .0001928	 3.039216E-02	-6.862745E-02	
  .000193	 3.039216E-02	-6.862745E-02	
  .0001932	 3.235294E-02	-6.862745E-02	
  .0001934	 2.843137E-02	-7.254902E-02	
  .0001936	 3.039216E-02	-6.862745E-02	
  .0001938	 2.647059E-02	-6.470589E-02	
  .000194	 .0245098	-6.862745E-02	
  .0001942	 2.647059E-02	-6.078431E-02	
  .0001944	 2.647059E-02	-6.078431E-02	
  .0001946	 2.647059E-02	-5.686275E-02	
  .0001948	 .0245098	-5.686275E-02	
  .000195	 2.254902E-02	-5.686275E-02	
  .0001952	 .0245098	-6.078431E-02	
  .0001954	 2.058824E-02	-5.686275E-02	
  .0001956	 1.862745E-02	-5.686275E-02	
  .0001958	 2.254902E-02	-5.294118E-02	
  .000196	 2.254902E-02	-5.294118E-02	
  .0001962	 1.862745E-02	-5.294118E-02	
  .0001964	 1.862745E-02	-4.901961E-02	
  .0001966	 1.862745E-02	-4.509804E-02	
  .0001968	 1.666667E-02	-4.901961E-02	
  .000197	 1.666667E-02	-4.901961E-02	
  .0001972	 1.470588E-02	-4.509804E-02	
  .0001974	 1.470588E-02	-4.901961E-02	
  .0001976	 1.470588E-02	-4.117647E-02	
  .0001978	 .0127451	-4.117647E-02	
  .000198	 1.470588E-02	-4.117647E-02	
  .0001982	 1.470588E-02	-4.117647E-02	
  .0001984	 1.078431E-02	-3.333334E-02	
  .0001986	 .0127451	-4.117647E-02	
  .0001988	 8.82353E-03	-.0372549	
  .000199	 8.82353E-03	-.0372549	
  .0001992	 1.078431E-02	-3.333334E-02	
  .0001994	 6.862745E-03	-3.333334E-02	
  .0001996	 1.078431E-02	-2.941176E-02	
  .0001998	 6.862745E-03	-.0254902	
  .0002	 6.862745E-03	-.0254902	
  .0002002	 4.901961E-03	-3.333334E-02	
  .0002004	 2.941177E-03	-3.333334E-02	
  .0002006	 4.901961E-03	-.0254902	
  .0002008	 4.901961E-03	-2.156863E-02	
  .000201	 4.901961E-03	-2.156863E-02	
  .0002012	 9.803922E-04	-1.764706E-02	
  .0002014	 9.803922E-04	-2.156863E-02	
  .0002016	-9.803922E-04	-1.764706E-02	
  .0002018	 9.803922E-04	-2.156863E-02	
  .000202	 9.803922E-04	-1.764706E-02	
  .0002022	-9.803922E-04	-1.764706E-02	
  .0002024	 9.803922E-04	-1.372549E-02	
  .0002026	-2.941177E-03	-1.372549E-02	
  .0002028	-2.941177E-03	-9.803922E-03	
  .000203	 9.803922E-04	-9.803922E-03	
  .0002032	-4.901961E-03	-5.882353E-03	
  .0002034	-4.901961E-03	-9.803922E-03	
  .0002036	-4.901961E-03	-9.803922E-03	
  .0002038	-4.901961E-03	-9.803922E-03	
  .000204	-6.862745E-03	-5.882353E-03	
  .0002042	-6.862745E-03	-1.960784E-03	
  .0002044	-6.862745E-03	-1.960784E-03	
  .0002046	-6.862745E-03	 5.882353E-03	
  .0002048	-6.862745E-03	 1.960784E-03	
  .000205	-6.862745E-03	 1.960784E-03	
  .0002052	-1.078431E-02	 1.960784E-03	
  .0002054	-1.078431E-02	 1.960784E-03	
  .0002056	-1.078431E-02	 1.960784E-03	
  .0002058	-1.078431E-02	 5.882353E-03	
  .000206	-1.078431E-02	 5.882353E-03	
  .0002062	-1.078431E-02	 1.960784E-03	
  .0002064	-1.470588E-02	 1.764706E-02	
  .0002066	-1.470588E-02	 9.803922E-03	
  .0002068	-1.470588E-02	 5.882353E-03	
  .000207	-1.470588E-02	 1.372549E-02	
  .0002072	-1.862745E-02	 1.372549E-02	
  .0002074	-1.470588E-02	 1.372549E-02	
  .0002076	-1.666667E-02	 1.764706E-02	
  .0002078	-1.666667E-02	 2.156863E-02	
  .000208	-1.862745E-02	 2.156863E-02	
  .0002082	-1.666667E-02	 2.156863E-02	
  .0002084	-2.058824E-02	 1.372549E-02	
  .0002086	-2.058824E-02	 2.156863E-02	
  .0002088	-.0245098	 2.156863E-02	
  .000209	-2.058824E-02	 .0254902	
  .0002092	-2.058824E-02	 .0254902	
  .0002094	-2.254902E-02	 .0254902	
  .0002096	-2.058824E-02	 3.333334E-02	
  .0002098	-2.254902E-02	 2.941176E-02	
  .00021	-.0245098	 3.333334E-02	
  .0002102	-.0245098	 .0254902	
  .0002104	-.0245098	 2.941176E-02	
  .0002106	-.0245098	 .0372549	
  .0002108	-2.647059E-02	 3.333334E-02	
  .000211	-.0245098	 .0372549	
  .0002112	-2.647059E-02	 .0372549	
  .0002114	-.0245098	 .0372549	
  .0002116	-2.647059E-02	 .0372549	
  .0002118	-2.647059E-02	 .0372549	
  .000212	-2.843137E-02	 4.117647E-02	
  .0002122	-2.843137E-02	 .0372549	
  .0002124	-2.843137E-02	 4.509804E-02	
  .0002126	-2.843137E-02	 4.509804E-02	
  .0002128	-3.039216E-02	 4.509804E-02	
  .000213	-2.843137E-02	 4.509804E-02	
  .0002132	-3.235294E-02	 4.117647E-02	
  .0002134	-3.235294E-02	 5.294118E-02	
  .0002136	-3.235294E-02	 4.901961E-02	
  .0002138	-3.235294E-02	 4.901961E-02	
  .000214	-3.039216E-02	 5.294118E-02	
  .0002142	-3.235294E-02	 4.901961E-02	
  .0002144	-3.431373E-02	 5.294118E-02	
  .0002146	-3.235294E-02	 5.686275E-02	
  .0002148	-3.431373E-02	 5.686275E-02	
  .000215	-3.431373E-02	 5.686275E-02	
  .0002152	-3.627451E-02	 5.294118E-02	
  .0002154	-.0382353	 5.686275E-02	
  .0002156	-3.627451E-02	 5.294118E-02	
  .0002158	-3.627451E-02	 6.078431E-02	
  .000216	-3.627451E-02	 5.686275E-02	
  .0002162	-3.627451E-02	 6.078431E-02	
  .0002164	-.0382353	 6.470589E-02	
  .0002166	-.0382353	 6.470589E-02	
  .0002168	-.0382353	 6.078431E-02	
  .000217	-.0382353	 6.470589E-02	
  .0002172	-.0382353	 6.078431E-02	
  .0002174	-.0382353	 6.862745E-02	
  .0002176	-4.019608E-02	 6.470589E-02	
  .0002178	-4.019608E-02	 6.862745E-02	
  .000218	-.0382353	 6.862745E-02	
  .0002182	-4.019608E-02	 7.254902E-02	
  .0002184	-4.215686E-02	 6.470589E-02	
  .0002186	-4.019608E-02	 7.254902E-02	
  .0002188	-4.215686E-02	 6.862745E-02	
  .000219	-4.019608E-02	 7.254902E-02	
  .0002192	-4.215686E-02	 7.647059E-02	
  .0002194	-4.019608E-02	 7.254902E-02	
  .0002196	-4.019608E-02	 8.039216E-02	
  .0002198	-4.215686E-02	 7.647059E-02	
  .00022	-4.411765E-02	 7.254902E-02	
  .0002202	-4.411765E-02	 7.647059E-02	
  .0002204	-4.411765E-02	 7.647059E-02	
  .0002206	-4.215686E-02	 7.647059E-02	
  .0002208	-4.411765E-02	 8.039216E-02	
  .000221	-4.215686E-02	 8.431373E-02	
  .0002212	-4.215686E-02	 8.039216E-02	
  .0002214	-4.411765E-02	 8.039216E-02	
  .0002216	-4.411765E-02	 7.647059E-02	
  .0002218	-4.411765E-02	 8.039216E-02	
  .000222	-4.607843E-02	 8.039216E-02	
  .0002222	-4.411765E-02	 8.431373E-02	
  .0002224	-4.411765E-02	 .0882353	
  .0002226	-4.607843E-02	 8.431373E-02	
  .0002228	-4.411765E-02	 .0882353	
  .000223	-4.411765E-02	 .0882353	
  .0002232	-4.607843E-02	 8.431373E-02	
  .0002234	-4.607843E-02	 8.431373E-02	
  .0002236	-4.803922E-02	 8.431373E-02	
  .0002238	-4.607843E-02	 8.431373E-02	
  .000224	-4.607843E-02	 8.431373E-02	
  .0002242	-4.607843E-02	 .0882353	
  .0002244	-4.411765E-02	 .0882353	
  .0002246	-4.607843E-02	 .0882353	
  .0002248	-4.803922E-02	 .0882353	
  .000225	-4.803922E-02	 .0882353	
  .0002252	-4.607843E-02	 .0882353	
  .0002254	-4.607843E-02	 .0882353	
  .0002256	-4.607843E-02	 9.215686E-02	
  .0002258	-4.607843E-02	 9.215686E-02	
  .000226	-4.607843E-02	 .0882353	
  .0002262	-4.803922E-02	 9.607843E-02	
  .0002264	-4.607843E-02	 .1	
  .0002266	-4.607843E-02	 .0882353	
  .0002268	-4.803922E-02	 .0882353	
  .000227	-4.803922E-02	 9.215686E-02	
  .0002272	-4.607843E-02	 .0882353	
  .0002274	-4.607843E-02	 9.607843E-02	
  .0002276	-4.607843E-02	 9.607843E-02	
  .0002278	-4.607843E-02	 9.215686E-02	
  .000228	-4.607843E-02	 9.607843E-02	
  .0002282	-4.607843E-02	 9.215686E-02	
  .0002284	-4.803922E-02	 9.607843E-02	
  .0002286	-4.803922E-02	 9.607843E-02	
  .0002288	-4.803922E-02	 9.607843E-02	
  .000229	-4.607843E-02	 9.607843E-02	
  .0002292	-4.607843E-02	 .1	
  .0002294	-4.607843E-02	 .1	
  .0002296	-4.803922E-02	 .1	
  .0002298	-4.803922E-02	 .1	
  .00023	-4.607843E-02	 9.607843E-02	
  .0002302	-.05	 9.607843E-02	
  .0002304	-4.607843E-02	 .1	
  .0002306	-4.411765E-02	 9.607843E-02	
  .0002308	-4.607843E-02	 .1	
  .000231	-4.607843E-02	 9.607843E-02	
  .0002312	-4.607843E-02	 .1	
  .0002314	-4.607843E-02	 9.607843E-02	
  .0002316	-4.607843E-02	 9.607843E-02	
  .0002318	-4.607843E-02	 9.607843E-02	
  .000232	-4.411765E-02	 9.607843E-02	
  .0002322	-4.607843E-02	 .1	
  .0002324	-4.607843E-02	 .1	
  .0002326	-4.607843E-02	 .1	
  .0002328	-4.411765E-02	 .1	
  .000233	-4.607843E-02	 9.607843E-02	
  .0002332	-4.607843E-02	 .1039216	
  .0002334	-4.607843E-02	 9.607843E-02	
  .0002336	-4.411765E-02	 9.607843E-02	
  .0002338	-4.215686E-02	 9.607843E-02	
  .000234	-4.215686E-02	 9.607843E-02	
  .0002342	-4.215686E-02	 .1	
  .0002344	-4.215686E-02	 9.607843E-02	
  .0002346	-4.215686E-02	 .1	
  .0002348	-4.411765E-02	 9.607843E-02	
  .000235	-4.411765E-02	 9.607843E-02	
  .0002352	-4.215686E-02	 9.607843E-02	
  .0002354	-4.411765E-02	 9.215686E-02	
  .0002356	-4.215686E-02	 .1	
  .0002358	-4.215686E-02	 9.607843E-02	
  .000236	-4.019608E-02	 9.607843E-02	
  .0002362	-4.215686E-02	 .1	
  .0002364	-4.215686E-02	 9.607843E-02	
  .0002366	-4.019608E-02	 9.215686E-02	
  .0002368	-4.215686E-02	 9.215686E-02	
  .000237	-4.019608E-02	 9.215686E-02	
  .0002372	-4.019608E-02	 9.607843E-02	
  .0002374	-4.019608E-02	 9.607843E-02	
  .0002376	-4.019608E-02	 9.607843E-02	
  .0002378	-4.019608E-02	 9.607843E-02	
  .000238	-4.019608E-02	 9.607843E-02	
  .0002382	-4.019608E-02	 9.215686E-02	
  .0002384	-4.019608E-02	 9.607843E-02	
  .0002386	-.0382353	 .0882353	
  .0002388	-.0382353	 9.607843E-02	
  .000239	-3.627451E-02	 9.215686E-02	
  .0002392	-3.627451E-02	 9.215686E-02	
  .0002394	-.0382353	 .1	
  .0002396	-.0382353	 9.607843E-02	
  .0002398	-.0382353	 .0882353	
  .00024	-.0382353	 .0882353	
  .0002402	-3.627451E-02	 9.215686E-02	
  .0002404	-3.431373E-02	 9.215686E-02	
  .0002406	-3.431373E-02	 .0882353	
  .0002408	-3.431373E-02	 9.215686E-02	
  .000241	-3.627451E-02	 9.215686E-02	
  .0002412	-3.431373E-02	 .0882353	
  .0002414	-3.627451E-02	 .0882353	
  .0002416	-3.431373E-02	 .0882353	
  .0002418	-3.431373E-02	 .0882353	
  .000242	-3.039216E-02	 .0882353	
  .0002422	-3.039216E-02	 9.215686E-02	
  .0002424	-3.235294E-02	 .0882353	
  .0002426	-3.235294E-02	 .0882353	
  .0002428	-3.235294E-02	 .0882353	
  .000243	-3.235294E-02	 8.039216E-02	
  .0002432	-3.235294E-02	 8.431373E-02	
  .0002434	-3.235294E-02	 8.039216E-02	
  .0002436	-3.039216E-02	 8.431373E-02	
  .0002438	-3.039216E-02	 8.039216E-02	
  .000244	-2.843137E-02	 8.431373E-02	
  .0002442	-3.039216E-02	 8.431373E-02	
  .0002444	-2.843137E-02	 7.647059E-02	
  .0002446	-3.039216E-02	 7.647059E-02	
  .0002448	-2.843137E-02	 7.254902E-02	
  .000245	-2.843137E-02	 7.647059E-02	
  .0002452	-2.647059E-02	 7.254902E-02	
  .0002454	-2.843137E-02	 7.647059E-02	
  .0002456	-2.647059E-02	 7.647059E-02	
  .0002458	-.0245098	 7.254902E-02	
  .000246	-2.647059E-02	 8.039216E-02	
  .0002462	-2.647059E-02	 7.647059E-02	
  .0002464	-.0245098	 7.254902E-02	
  .0002466	-2.647059E-02	 7.254902E-02	
  .0002468	-.0245098	 7.254902E-02	
  .000247	-2.254902E-02	 6.862745E-02	
  .0002472	-2.254902E-02	 6.862745E-02	
  .0002474	-2.254902E-02	 7.254902E-02	
  .0002476	-2.254902E-02	 7.647059E-02	
  .0002478	-2.058824E-02	 6.862745E-02	
  .000248	-2.254902E-02	 6.862745E-02	
  .0002482	-2.254902E-02	 6.862745E-02	
  .0002484	-2.058824E-02	 6.862745E-02	
  .0002486	-1.862745E-02	 6.862745E-02	
  .0002488	-2.058824E-02	 6.862745E-02	
  .000249	-1.862745E-02	 6.470589E-02	
  .0002492	-2.058824E-02	 6.862745E-02	
  .0002494	-1.862745E-02	 6.862745E-02	
  .0002496	-2.058824E-02	 6.470589E-02	
  .0002498	-1.862745E-02	 6.078431E-02	
  .00025	-1.862745E-02	 6.078431E-02	
  .0002502	-1.862745E-02	 5.686275E-02	
  .0002504	-1.666667E-02	 6.078431E-02	
  .0002506	-1.470588E-02	 6.078431E-02	
  .0002508	-1.470588E-02	 6.078431E-02	
  .000251	-1.470588E-02	 6.078431E-02	
  .0002512	-1.470588E-02	 5.686275E-02	
  .0002514	-.0127451	 5.294118E-02	
  .0002516	-.0127451	 5.686275E-02	
  .0002518	-.0127451	 5.294118E-02	
  .000252	-.0127451	 5.686275E-02	
  .0002522	-.0127451	 5.294118E-02	
  .0002524	-.0127451	 5.686275E-02	
  .0002526	-1.078431E-02	 4.901961E-02	
  .0002528	-.0127451	 4.901961E-02	
  .000253	-8.82353E-03	 5.294118E-02	
  .0002532	-.0127451	 4.901961E-02	
  .0002534	-1.078431E-02	 4.509804E-02	
  .0002536	-1.078431E-02	 4.901961E-02	
  .0002538	-8.82353E-03	 4.509804E-02	
  .000254	-8.82353E-03	 4.509804E-02	
  .0002542	-8.82353E-03	 4.509804E-02	
  .0002544	-6.862745E-03	 4.509804E-02	
  .0002546	-6.862745E-03	 4.509804E-02	
  .0002548	-6.862745E-03	 4.117647E-02	
  .000255	-4.901961E-03	 .0372549	
  .0002552	-4.901961E-03	 .0372549	
  .0002554	-4.901961E-03	 4.117647E-02	
  .0002556	-4.901961E-03	 .0372549	
  .0002558	-2.941177E-03	 .0372549	
  .000256	-4.901961E-03	 4.117647E-02	
  .0002562	-2.941177E-03	 3.333334E-02	
  .0002564	-2.941177E-03	 3.333334E-02	
  .0002566	-2.941177E-03	 3.333334E-02	
  .0002568	-9.803922E-04	 2.941176E-02	
  .000257	-2.941177E-03	 3.333334E-02	
  .0002572	-9.803922E-04	 3.333334E-02	
  .0002574	-9.803922E-04	 2.941176E-02	
  .0002576	 9.803922E-04	 3.333334E-02	
  .0002578	-9.803922E-04	 2.941176E-02	
  .000258	 9.803922E-04	 .0254902	
  .0002582	 9.803922E-04	 .0254902	
  .0002584	 9.803922E-04	 2.156863E-02	
  .0002586	 2.941177E-03	 2.941176E-02	
  .0002588	 2.941177E-03	 .0254902	
  .000259	 4.901961E-03	 .0254902	
  .0002592	 4.901961E-03	 2.941176E-02	
  .0002594	 2.941177E-03	 2.941176E-02	
  .0002596	 2.941177E-03	 1.764706E-02	
  .0002598	 4.901961E-03	 1.764706E-02	
  .00026	 4.901961E-03	 1.764706E-02	
  .0002602	 6.862745E-03	 1.372549E-02	
  .0002604	 6.862745E-03	 1.764706E-02	
  .0002606	 6.862745E-03	 2.156863E-02	
  .0002608	 8.82353E-03	 1.764706E-02	
  .000261	 4.901961E-03	 1.764706E-02	
  .0002612	 8.82353E-03	 1.372549E-02	
  .0002614	 8.82353E-03	 9.803922E-03	
  .0002616	 8.82353E-03	 9.803922E-03	
  .0002618	 8.82353E-03	 9.803922E-03	
  .000262	 1.078431E-02	 1.372549E-02	
  .0002622	 8.82353E-03	 9.803922E-03	
  .0002624	 1.470588E-02	 1.372549E-02	
  .0002626	 .0127451	 9.803922E-03	
  .0002628	 8.82353E-03	 5.882353E-03	
  .000263	 1.078431E-02	 1.960784E-03	
  .0002632	 .0127451	-1.960784E-03	
  .0002634	 1.470588E-02	 5.882353E-03	
  .0002636	 1.470588E-02	 5.882353E-03	
  .0002638	 1.470588E-02	 5.882353E-03	
  .000264	 1.470588E-02	 1.960784E-03	
  .0002642	 1.666667E-02	 5.882353E-03	
  .0002644	 1.470588E-02	-1.960784E-03	
  .0002646	 1.470588E-02	-5.882353E-03	
  .0002648	 1.666667E-02	-5.882353E-03	
  .000265	 1.666667E-02	-1.960784E-03	
  .0002652	 1.862745E-02	-5.882353E-03	
  .0002654	 1.666667E-02	-1.960784E-03	
  .0002656	 1.862745E-02	-5.882353E-03	
  .0002658	 1.666667E-02	-1.960784E-03	
  .000266	 1.666667E-02	-5.882353E-03	
  .0002662	 1.862745E-02	-1.372549E-02	
  .0002664	 1.862745E-02	-9.803922E-03	
  .0002666	 1.862745E-02	-9.803922E-03	
  .0002668	 2.058824E-02	-1.372549E-02	
  .000267	 2.058824E-02	-9.803922E-03	
  .0002672	 2.058824E-02	-1.372549E-02	
  .0002674	 2.058824E-02	-1.372549E-02	
  .0002676	 2.058824E-02	-9.803922E-03	
  .0002678	 2.254902E-02	-1.764706E-02	
  .000268	 2.058824E-02	-9.803922E-03	
  .0002682	 2.254902E-02	-1.764706E-02	
  .0002684	 .0245098	-1.764706E-02	
  .0002686	 2.254902E-02	-1.764706E-02	
  .0002688	 .0245098	-1.372549E-02	
  .000269	 .0245098	-1.372549E-02	
  .0002692	 2.254902E-02	-1.764706E-02	
  .0002694	 .0245098	-2.156863E-02	
  .0002696	 .0245098	-2.156863E-02	
  .0002698	 .0245098	-2.156863E-02	
  .00027	 2.647059E-02	-2.156863E-02	
  .0002702	 2.647059E-02	-2.156863E-02	
  .0002704	 2.647059E-02	-2.156863E-02	
  .0002706	 .0245098	-.0254902	
  .0002708	 2.843137E-02	-.0254902	
  .000271	 2.647059E-02	-.0254902	
  .0002712	 2.843137E-02	-2.941176E-02	
  .0002714	 2.647059E-02	-2.941176E-02	
  .0002716	 2.843137E-02	-2.941176E-02	
  .0002718	 3.039216E-02	-.0254902	
  .000272	 2.843137E-02	-.0254902	
  .0002722	 3.039216E-02	-.0254902	
  .0002724	 3.235294E-02	-3.333334E-02	
  .0002726	 2.843137E-02	-3.333334E-02	
  .0002728	 3.039216E-02	-3.333334E-02	
  .000273	 2.843137E-02	-3.333334E-02	
  .0002732	 3.039216E-02	-3.333334E-02	
  .0002734	 3.235294E-02	-2.941176E-02	
  .0002736	 3.039216E-02	-3.333334E-02	
  .0002738	 3.235294E-02	-3.333334E-02	
  .000274	 3.235294E-02	-3.333334E-02	
  .0002742	 3.235294E-02	-3.333334E-02	
  .0002744	 3.235294E-02	-4.117647E-02	
  .0002746	 3.235294E-02	-4.509804E-02	
  .0002748	 3.235294E-02	-4.117647E-02	
  .000275	 3.627451E-02	-4.117647E-02	
  .0002752	 3.431373E-02	-4.117647E-02	
  .0002754	 3.431373E-02	-4.117647E-02	
  .0002756	 3.431373E-02	-4.117647E-02	
  .0002758	 3.235294E-02	-4.117647E-02	
  .000276	 3.431373E-02	-4.509804E-02	
  .0002762	 3.235294E-02	-4.509804E-02	
  .0002764	 3.235294E-02	-4.509804E-02	
  .0002766	 3.431373E-02	-4.509804E-02	
  .0002768	 3.431373E-02	-4.117647E-02	
  .000277	 3.431373E-02	-4.117647E-02	
  .0002772	 3.431373E-02	-4.509804E-02	
  .0002774	 3.627451E-02	-4.509804E-02	
  .0002776	 3.431373E-02	-4.509804E-02	
  .0002778	 3.431373E-02	-4.901961E-02	
  .000278	 3.431373E-02	-4.901961E-02	
  .0002782	 3.431373E-02	-5.294118E-02	
  .0002784	 3.627451E-02	-4.509804E-02	
  .0002786	 3.627451E-02	-4.509804E-02	
  .0002788	 .0382353	-4.509804E-02	
  .000279	 .0382353	-4.509804E-02	
  .0002792	 3.431373E-02	-4.509804E-02	
  .0002794	 3.627451E-02	-5.294118E-02	
  .0002796	 3.431373E-02	-4.901961E-02	
  .0002798	 3.627451E-02	-5.294118E-02	
  .00028	 .0382353	-4.901961E-02	
  .0002802	 .0382353	-4.901961E-02	
  .0002804	 .0382353	-4.901961E-02	
  .0002806	 4.019608E-02	-5.294118E-02	
  .0002808	 3.627451E-02	-5.294118E-02	
  .000281	 .0382353	-5.686275E-02	
  .0002812	 .0382353	-5.686275E-02	
  .0002814	 3.627451E-02	-5.686275E-02	
  .0002816	 .0382353	-5.686275E-02	
  .0002818	 .0382353	-5.686275E-02	
  .000282	 .0382353	-5.686275E-02	
  .0002822	 4.215686E-02	-5.294118E-02	
  .0002824	 .0382353	-5.686275E-02	
  .0002826	 3.627451E-02	-5.686275E-02	
  .0002828	 .0382353	-6.078431E-02	
  .000283	 3.627451E-02	-5.686275E-02	
  .0002832	 .0382353	-5.686275E-02	
  .0002834	 4.019608E-02	-5.686275E-02	
  .0002836	 .0382353	-5.686275E-02	
  .0002838	 3.627451E-02	-5.686275E-02	
  .000284	 .0382353	-5.294118E-02	
  .0002842	 .0382353	-6.078431E-02	
  .0002844	 3.627451E-02	-6.470589E-02	
  .0002846	 3.627451E-02	-6.470589E-02	
  .0002848	 3.627451E-02	-6.078431E-02	
  .000285	 .0382353	-5.686275E-02	
  .0002852	 3.627451E-02	-6.078431E-02	
  .0002854	 .0382353	-6.078431E-02	
  .0002856	 .0382353	-5.686275E-02	
  .0002858	 3.627451E-02	-6.078431E-02	
  .000286	 3.627451E-02	-6.470589E-02	
  .0002862	 .0382353	-6.078431E-02	
  .0002864	 .0382353	-6.470589E-02	
  .0002866	 .0382353	-6.078431E-02	
  .0002868	 .0382353	-6.078431E-02	
  .000287	 .0382353	-6.078431E-02	
  .0002872	 4.019608E-02	-6.078431E-02	
  .0002874	 .0382353	-6.078431E-02	
  .0002876	 .0382353	-6.078431E-02	
  .0002878	 3.627451E-02	-6.470589E-02	
  .000288	 3.627451E-02	-6.470589E-02	
  .0002882	 .0382353	-6.078431E-02	
  .0002884	 .0382353	-6.078431E-02	
  .0002886	 .0382353	-6.078431E-02	
  .0002888	 .0382353	-6.078431E-02	
  .000289	 3.627451E-02	-6.078431E-02	
  .0002892	 3.627451E-02	-6.078431E-02	
  .0002894	 3.627451E-02	-6.470589E-02	
  .0002896	 3.627451E-02	-6.470589E-02	
  .0002898	 .0382353	-6.078431E-02	
  .00029	 3.627451E-02	-6.078431E-02	
  .0002902	 3.627451E-02	-6.470589E-02	
  .0002904	 3.627451E-02	-6.470589E-02	
  .0002906	 3.627451E-02	-6.078431E-02	
  .0002908	 3.431373E-02	-6.078431E-02	
  .000291	 3.627451E-02	-6.470589E-02	
  .0002912	 3.627451E-02	-6.470589E-02	
  .0002914	 3.627451E-02	-6.470589E-02	
  .0002916	 3.627451E-02	-6.470589E-02	
  .0002918	 3.627451E-02	-6.078431E-02	
  .000292	 .0382353	-6.078431E-02	
  .0002922	 .0382353	-6.078431E-02	
  .0002924	 3.431373E-02	-6.470589E-02	
  .0002926	 3.627451E-02	-6.078431E-02	
  .0002928	 3.431373E-02	-6.078431E-02	
  .000293	 3.431373E-02	-6.862745E-02	
  .0002932	 3.431373E-02	-6.078431E-02	
  .0002934	 3.431373E-02	-6.078431E-02	
  .0002936	 3.627451E-02	-6.078431E-02	
  .0002938	 3.431373E-02	-6.078431E-02	
  .000294	 3.431373E-02	-6.470589E-02	
  .0002942	 3.431373E-02	-6.470589E-02	
  .0002944	 3.235294E-02	-6.470589E-02	
  .0002946	 3.235294E-02	-6.470589E-02	
  .0002948	 3.627451E-02	-6.470589E-02	
  .000295	 3.431373E-02	-6.078431E-02	
  .0002952	 3.235294E-02	-6.078431E-02	
  .0002954	 3.235294E-02	-5.686275E-02	
  .0002956	 3.235294E-02	-5.686275E-02	
  .0002958	 3.235294E-02	-6.078431E-02	
  .000296	 3.235294E-02	-6.078431E-02	
  .0002962	 3.039216E-02	-6.078431E-02	
  .0002964	 3.235294E-02	-6.470589E-02	
  .0002966	 3.235294E-02	-5.686275E-02	
  .0002968	 3.235294E-02	-5.686275E-02	
  .000297	 3.039216E-02	-5.686275E-02	
  .0002972	 3.039216E-02	-5.686275E-02	
  .0002974	 3.039216E-02	-5.686275E-02	
  .0002976	 3.235294E-02	-6.078431E-02	
  .0002978	 3.039216E-02	-5.686275E-02	
  .000298	 3.039216E-02	-6.078431E-02	
  .0002982	 3.039216E-02	-5.686275E-02	
  .0002984	 3.039216E-02	-5.686275E-02	
  .0002986	 3.235294E-02	-5.686275E-02	
  .0002988	 3.235294E-02	-4.901961E-02	
  .000299	 2.843137E-02	-5.294118E-02	
  .0002992	 2.647059E-02	-5.686275E-02	
  .0002994	 2.647059E-02	-5.686275E-02	
  .0002996	 2.647059E-02	-5.686275E-02	
  .0002998	 2.843137E-02	-5.294118E-02	
  .0003	 3.039216E-02	-5.294118E-02	
  .0003002	 2.647059E-02	-4.901961E-02	
  .0003004	 2.647059E-02	-4.901961E-02	
  .0003006	 2.647059E-02	-4.901961E-02	
  .0003008	 2.647059E-02	-5.294118E-02	
  .000301	 2.647059E-02	-5.294118E-02	
  .0003012	 .0245098	-5.686275E-02	
  .0003014	 2.647059E-02	-5.294118E-02	
  .0003016	 2.647059E-02	-4.509804E-02	
  .0003018	 2.647059E-02	-4.901961E-02	
  .000302	 2.843137E-02	-4.509804E-02	
  .0003022	 2.647059E-02	-4.901961E-02	
  .0003024	 .0245098	-4.901961E-02	
  .0003026	 .0245098	-4.901961E-02	
  .0003028	 .0245098	-4.901961E-02	
  .000303	 .0245098	-4.509804E-02	
  .0003032	 2.254902E-02	-4.509804E-02	
  .0003034	 .0245098	-4.509804E-02	
  .0003036	 .0245098	-4.901961E-02	
  .0003038	 .0245098	-4.117647E-02	
  .000304	 2.254902E-02	-4.509804E-02	
  .0003042	 2.254902E-02	-4.901961E-02	
  .0003044	 2.254902E-02	-4.901961E-02	
  .0003046	 2.254902E-02	-4.509804E-02	
  .0003048	 2.058824E-02	-4.117647E-02	
  .000305	 2.254902E-02	-4.117647E-02	
  .0003052	 2.058824E-02	-4.509804E-02	
  .0003054	 2.058824E-02	-4.117647E-02	
  .0003056	 1.862745E-02	-4.117647E-02	
  .0003058	 2.058824E-02	-4.509804E-02	
  .000306	 1.862745E-02	-4.117647E-02	
  .0003062	 1.666667E-02	-4.117647E-02	
  .0003064	 2.058824E-02	-4.117647E-02	
  .0003066	 1.862745E-02	-.0372549	
  .0003068	 1.862745E-02	-.0372549	
  .000307	 1.862745E-02	-.0372549	
  .0003072	 1.862745E-02	-3.333334E-02	
  .0003074	 1.666667E-02	-.0372549	
  .0003076	 1.470588E-02	-.0372549	
  .0003078	 1.666667E-02	-.0372549	
  .000308	 1.862745E-02	-.0372549	
  .0003082	 1.666667E-02	-3.333334E-02	
  .0003084	 1.666667E-02	-3.333334E-02	
  .0003086	 1.470588E-02	-2.941176E-02	
  .0003088	 .0127451	-3.333334E-02	
  .000309	 1.470588E-02	-3.333334E-02	
  .0003092	 .0127451	-3.333334E-02	
  .0003094	 .0127451	-3.333334E-02	
  .0003096	 .0127451	-2.941176E-02	
  .0003098	 .0127451	-2.941176E-02	
  .00031	 .0127451	-2.941176E-02	
  .0003102	 .0127451	-.0254902	
  .0003104	 .0127451	-.0254902	
  .0003106	 1.078431E-02	-2.941176E-02	
  .0003108	 .0127451	-2.941176E-02	
  .000311	 1.078431E-02	-.0254902	
  .0003112	 .0127451	-2.941176E-02	
  .0003114	 1.078431E-02	-2.156863E-02	
  .0003116	 .0127451	-.0254902	
  .0003118	 1.078431E-02	-2.156863E-02	
  .000312	 1.078431E-02	-2.156863E-02	
  .0003122	 1.078431E-02	-2.941176E-02	
  .0003124	 8.82353E-03	-2.156863E-02	
  .0003126	 8.82353E-03	-2.156863E-02	
  .0003128	 8.82353E-03	-.0254902	
  .000313	 8.82353E-03	-1.764706E-02	
  .0003132	 8.82353E-03	-2.156863E-02	
  .0003134	 8.82353E-03	-1.764706E-02	
  .0003136	 6.862745E-03	-1.764706E-02	
  .0003138	 4.901961E-03	-1.764706E-02	
  .000314	 6.862745E-03	-1.372549E-02	
  .0003142	 4.901961E-03	-2.156863E-02	
  .0003144	 2.941177E-03	-1.764706E-02	
  .0003146	 6.862745E-03	-1.764706E-02	
  .0003148	 6.862745E-03	-1.764706E-02	
  .000315	 4.901961E-03	-1.372549E-02	
  .0003152	 4.901961E-03	-1.372549E-02	
  .0003154	 2.941177E-03	-9.803922E-03	
  .0003156	 2.941177E-03	-9.803922E-03	
  .0003158	 2.941177E-03	-1.372549E-02	
  .000316	 2.941177E-03	-9.803922E-03	
  .0003162	 4.901961E-03	-1.372549E-02	
  .0003164	 2.941177E-03	-9.803922E-03	
  .0003166	 2.941177E-03	-9.803922E-03	
  .0003168	 9.803922E-04	-5.882353E-03	
  .000317	 2.941177E-03	-5.882353E-03	
  .0003172	 2.941177E-03	-5.882353E-03	
  .0003174	 9.803922E-04	-9.803922E-03	
  .0003176	-9.803922E-04	-5.882353E-03	
  .0003178	-9.803922E-04	-9.803922E-03	
  .000318	 9.803922E-04	-5.882353E-03	
  .0003182	 9.803922E-04	-1.960784E-03	
  .0003184	 9.803922E-04	-1.960784E-03	
  .0003186	-9.803922E-04	 5.882353E-03	
  .0003188	-2.941177E-03	 1.960784E-03	
  .000319	-2.941177E-03	-5.882353E-03	
  .0003192	-4.901961E-03	-1.960784E-03	
  .0003194	-9.803922E-04	-1.960784E-03	
  .0003196	-9.803922E-04	 1.960784E-03	
  .0003198	-2.941177E-03	 1.960784E-03	
  .00032	-2.941177E-03	 5.882353E-03	
  .0003202	-2.941177E-03	 5.882353E-03	
  .0003204	-4.901961E-03	 5.882353E-03	
  .0003206	-4.901961E-03	-1.960784E-03	
  .0003208	-2.941177E-03	-1.960784E-03	
  .000321	-4.901961E-03	 1.960784E-03	
  .0003212	-4.901961E-03	 5.882353E-03	
  .0003214	-4.901961E-03	 9.803922E-03	
  .0003216	-4.901961E-03	 5.882353E-03	
  .0003218	-2.941177E-03	 1.372549E-02	
  .000322	-4.901961E-03	 9.803922E-03	
  .0003222	-8.82353E-03	 5.882353E-03	
  .0003224	-8.82353E-03	 5.882353E-03	
  .0003226	-8.82353E-03	 5.882353E-03	
  .0003228	-4.901961E-03	 9.803922E-03	
  .000323	-6.862745E-03	 1.372549E-02	
  .0003232	-6.862745E-03	 9.803922E-03	
  .0003234	-6.862745E-03	 1.372549E-02	
  .0003236	-6.862745E-03	 9.803922E-03	
  .0003238	-8.82353E-03	 9.803922E-03	
  .000324	-1.078431E-02	 9.803922E-03	
  .0003242	-8.82353E-03	 1.372549E-02	
  .0003244	-8.82353E-03	 1.372549E-02	
  .0003246	-1.078431E-02	 1.372549E-02	
  .0003248	-1.078431E-02	 1.764706E-02	
  .000325	-1.078431E-02	 1.372549E-02	
  .0003252	-1.078431E-02	 2.156863E-02	
  .0003254	-1.078431E-02	 2.156863E-02	
  .0003256	-.0127451	 1.764706E-02	
  .0003258	-1.078431E-02	 1.764706E-02	
  .000326	-.0127451	 1.764706E-02	
  .0003262	-1.078431E-02	 1.764706E-02	
  .0003264	-1.078431E-02	 2.156863E-02	
  .0003266	-.0127451	 2.156863E-02	
  .0003268	-.0127451	 .0254902	
  .000327	-1.078431E-02	 .0254902	
  .0003272	-1.470588E-02	 .0254902	
  .0003274	-1.470588E-02	 .0254902	
  .0003276	-.0127451	 2.156863E-02	
  .0003278	-.0127451	 .0254902	
  .000328	-1.470588E-02	 2.941176E-02	
  .0003282	-.0127451	 2.941176E-02	
  .0003284	-.0127451	 3.333334E-02	
  .0003286	-1.666667E-02	 2.941176E-02	
  .0003288	-1.666667E-02	 .0254902	
  .000329	-1.470588E-02	 .0254902	
  .0003292	-1.666667E-02	 .0254902	
  .0003294	-1.470588E-02	 2.941176E-02	
  .0003296	-1.666667E-02	 2.941176E-02	
  .0003298	-1.470588E-02	 3.333334E-02	
  .00033	-1.470588E-02	 3.333334E-02	
  .0003302	-1.470588E-02	 3.333334E-02	
  .0003304	-1.666667E-02	 2.941176E-02	
  .0003306	-1.666667E-02	 3.333334E-02	
  .0003308	-1.666667E-02	 3.333334E-02	
  .000331	-1.470588E-02	 2.941176E-02	
  .0003312	-1.666667E-02	 3.333334E-02	
  .0003314	-1.862745E-02	 .0372549	
  .0003316	-1.862745E-02	 .0372549	
  .0003318	-1.666667E-02	 .0372549	
  .000332	-1.862745E-02	 3.333334E-02	
  .0003322	-1.862745E-02	 4.117647E-02	
  .0003324	-1.862745E-02	 .0372549	
  .0003326	-1.862745E-02	 3.333334E-02	
  .0003328	-1.862745E-02	 4.117647E-02	
  .000333	-1.862745E-02	 .0372549	
  .0003332	-1.862745E-02	 4.117647E-02	
  .0003334	-1.862745E-02	 4.117647E-02	
  .0003336	-2.058824E-02	 4.117647E-02	
  .0003338	-1.862745E-02	 4.117647E-02	
  .000334	-2.058824E-02	 4.117647E-02	
  .0003342	-2.058824E-02	 .0372549	
  .0003344	-1.862745E-02	 3.333334E-02	
  .0003346	-2.254902E-02	 4.117647E-02	
  .0003348	-2.058824E-02	 4.117647E-02	
  .000335	-2.254902E-02	 4.117647E-02	
  .0003352	-2.058824E-02	 4.509804E-02	
  .0003354	-2.058824E-02	 .0372549	
  .0003356	-2.254902E-02	 4.117647E-02	
  .0003358	-2.254902E-02	 4.117647E-02	
  .000336	-2.058824E-02	 4.117647E-02	
  .0003362	-2.058824E-02	 4.509804E-02	
  .0003364	-2.058824E-02	 4.509804E-02	
  .0003366	-2.058824E-02	 4.509804E-02	
  .0003368	-2.058824E-02	 4.509804E-02	
  .000337	-2.254902E-02	 4.901961E-02	
  .0003372	-2.254902E-02	 4.509804E-02	
  .0003374	-2.058824E-02	 4.901961E-02	
  .0003376	-2.254902E-02	 4.117647E-02	
  .0003378	-2.254902E-02	 4.509804E-02	
  .000338	-2.254902E-02	 4.901961E-02	
  .0003382	-2.058824E-02	 4.509804E-02	
  .0003384	-2.058824E-02	 5.294118E-02	
  .0003386	-2.254902E-02	 5.294118E-02	
  .0003388	-2.254902E-02	 4.509804E-02	
  .000339	-.0245098	 4.117647E-02	
  .0003392	-2.254902E-02	 4.509804E-02	
  .0003394	-2.254902E-02	 4.901961E-02	
  .0003396	-2.058824E-02	 5.294118E-02	
  .0003398	-2.254902E-02	 5.294118E-02	
  .00034	-2.254902E-02	 5.294118E-02	
  .0003402	-.0245098	 5.294118E-02	
  .0003404	-2.254902E-02	 4.901961E-02	
  .0003406	-.0245098	 4.901961E-02	
  .0003408	-.0245098	 4.901961E-02	
  .000341	-2.254902E-02	 5.294118E-02	
  .0003412	-2.254902E-02	 5.294118E-02	
  .0003414	-.0245098	 4.901961E-02	
  .0003416	-2.058824E-02	 5.686275E-02	
  .0003418	-2.058824E-02	 5.294118E-02	
  .000342	-.0245098	 4.901961E-02	
  .0003422	-.0245098	 4.901961E-02	
  .0003424	-2.254902E-02	 4.901961E-02	
  .0003426	-2.254902E-02	 5.294118E-02	
  .0003428	-2.254902E-02	 5.294118E-02	
  .000343	-2.058824E-02	 5.686275E-02	
  .0003432	-2.254902E-02	 5.686275E-02	
  .0003434	-2.058824E-02	 5.294118E-02	
  .0003436	-2.254902E-02	 5.294118E-02	
  .0003438	-2.254902E-02	 4.901961E-02	
  .000344	-2.254902E-02	 4.901961E-02	
  .0003442	-2.254902E-02	 4.901961E-02	
  .0003444	-2.254902E-02	 5.294118E-02	
  .0003446	-2.254902E-02	 5.686275E-02	
  .0003448	-.0245098	 5.294118E-02	
  .000345	-.0245098	 5.686275E-02	
  .0003452	-2.254902E-02	 5.686275E-02	
  .0003454	-2.254902E-02	 5.294118E-02	
  .0003456	-2.254902E-02	 4.901961E-02	
  .0003458	-2.254902E-02	 4.901961E-02	
  .000346	-2.254902E-02	 5.294118E-02	
  .0003462	-2.058824E-02	 5.294118E-02	
  .0003464	-2.058824E-02	 5.294118E-02	
  .0003466	-2.058824E-02	 5.294118E-02	
  .0003468	-2.058824E-02	 5.686275E-02	
  .000347	-.0245098	 5.294118E-02	
  .0003472	-2.254902E-02	 5.686275E-02	
  .0003474	-2.254902E-02	 5.686275E-02	
  .0003476	-2.058824E-02	 5.686275E-02	
  .0003478	-2.058824E-02	 5.686275E-02	
  .000348	-2.254902E-02	 5.294118E-02	
  .0003482	-2.058824E-02	 6.078431E-02	
  .0003484	-2.254902E-02	 6.078431E-02	
  .0003486	-2.254902E-02	 5.294118E-02	
  .0003488	-2.254902E-02	 4.901961E-02	
  .000349	-.0245098	 5.294118E-02	
  .0003492	-2.058824E-02	 5.294118E-02	
  .0003494	-2.254902E-02	 5.294118E-02	
  .0003496	-2.058824E-02	 6.078431E-02	
  .0003498	-2.058824E-02	 5.686275E-02	
  .00035	-2.058824E-02	 5.294118E-02	
  .0003502	-2.058824E-02	 5.294118E-02	
  .0003504	-1.862745E-02	 5.294118E-02	
  .0003506	-2.254902E-02	 5.294118E-02	
  .0003508	-1.862745E-02	 4.901961E-02	
  .000351	-2.058824E-02	 5.294118E-02	
  .0003512	-2.058824E-02	 5.294118E-02	
  .0003514	-2.058824E-02	 5.294118E-02	
  .0003516	-1.862745E-02	 5.294118E-02	
  .0003518	-2.058824E-02	 4.901961E-02	
  .000352	-2.058824E-02	 5.686275E-02	
  .0003522	-2.254902E-02	 5.294118E-02	
  .0003524	-2.058824E-02	 4.901961E-02	
  .0003526	-1.666667E-02	 5.294118E-02	
  .0003528	-2.058824E-02	 5.686275E-02	
  .000353	-1.862745E-02	 5.686275E-02	
  .0003532	-1.862745E-02	 5.686275E-02	
  .0003534	-2.058824E-02	 5.294118E-02	
  .0003536	-1.666667E-02	 5.294118E-02	
  .0003538	-1.862745E-02	 4.901961E-02	
  .000354	-2.058824E-02	 4.901961E-02	
  .0003542	-1.862745E-02	 4.509804E-02	
  .0003544	-1.862745E-02	 4.901961E-02	
  .0003546	-1.862745E-02	 4.901961E-02	
  .0003548	-1.862745E-02	 5.294118E-02	
  .000355	-1.666667E-02	 5.686275E-02	
  .0003552	-1.666667E-02	 4.901961E-02	
  .0003554	-1.862745E-02	 4.901961E-02	
  .0003556	-1.862745E-02	 4.509804E-02	
  .0003558	-1.666667E-02	 4.509804E-02	
  .000356	-1.666667E-02	 5.294118E-02	
  .0003562	-1.666667E-02	 5.294118E-02	
  .0003564	-1.666667E-02	 4.901961E-02	
  .0003566	-1.666667E-02	 4.901961E-02	
  .0003568	-1.666667E-02	 5.294118E-02	
  .000357	-1.666667E-02	 4.901961E-02	
  .0003572	-1.470588E-02	 4.901961E-02	
  .0003574	-1.470588E-02	 4.509804E-02	
  .0003576	-1.470588E-02	 5.294118E-02	
  .0003578	-1.666667E-02	 4.901961E-02	
  .000358	-1.470588E-02	 4.509804E-02	
  .0003582	-.0127451	 5.686275E-02	
  .0003584	-1.666667E-02	 5.294118E-02	
  .0003586	-1.470588E-02	 4.509804E-02	
  .0003588	-1.666667E-02	 4.117647E-02	
  .000359	-1.666667E-02	 4.509804E-02	
  .0003592	-1.470588E-02	 4.509804E-02	
  .0003594	-1.470588E-02	 4.509804E-02	
  .0003596	-.0127451	 4.901961E-02	
  .0003598	-.0127451	 4.509804E-02	
  .00036	-1.470588E-02	 4.901961E-02	
  .0003602	-.0127451	 4.117647E-02	
  .0003604	-1.470588E-02	 4.117647E-02	
  .0003606	-1.470588E-02	 4.117647E-02	
  .0003608	-1.078431E-02	 4.117647E-02	
  .000361	-1.078431E-02	 4.509804E-02	
  .0003612	-.0127451	 4.117647E-02	
  .0003614	-8.82353E-03	 4.509804E-02	
  .0003616	-1.078431E-02	 4.509804E-02	
  .0003618	-.0127451	 4.117647E-02	
  .000362	-1.078431E-02	 .0372549	
  .0003622	-1.078431E-02	 .0372549	
  .0003624	-1.078431E-02	 .0372549	
  .0003626	-1.078431E-02	 4.117647E-02	
  .0003628	-8.82353E-03	 4.117647E-02	
  .000363	-1.078431E-02	 4.117647E-02	
  .0003632	-1.078431E-02	 .0372549	
  .0003634	-1.078431E-02	 .0372549	
  .0003636	-1.078431E-02	 .0372549	
  .0003638	-1.078431E-02	 3.333334E-02	
  .000364	-8.82353E-03	 3.333334E-02	
  .0003642	-1.078431E-02	 3.333334E-02	
  .0003644	-8.82353E-03	 .0372549	
  .0003646	-6.862745E-03	 3.333334E-02	
  .0003648	-8.82353E-03	 .0372549	
  .000365	-8.82353E-03	 .0372549	
  .0003652	-6.862745E-03	 2.941176E-02	
  .0003654	-8.82353E-03	 2.941176E-02	
  .0003656	-8.82353E-03	 3.333334E-02	
  .0003658	-6.862745E-03	 2.941176E-02	
  .000366	-6.862745E-03	 3.333334E-02	
  .0003662	-6.862745E-03	 3.333334E-02	
  .0003664	-6.862745E-03	 3.333334E-02	
  .0003666	-6.862745E-03	 2.941176E-02	
  .0003668	-4.901961E-03	 2.941176E-02	
  .000367	-6.862745E-03	 3.333334E-02	
  .0003672	-6.862745E-03	 3.333334E-02	
  .0003674	-4.901961E-03	 3.333334E-02	
  .0003676	-4.901961E-03	 3.333334E-02	
  .0003678	-4.901961E-03	 2.941176E-02	
  .000368	-4.901961E-03	 2.941176E-02	
  .0003682	-4.901961E-03	 3.333334E-02	
  .0003684	-6.862745E-03	 .0254902	
  .0003686	-4.901961E-03	 2.156863E-02	
  .0003688	-4.901961E-03	 2.156863E-02	
  .000369	-2.941177E-03	 .0254902	
  .0003692	-2.941177E-03	 .0254902	
  .0003694	-2.941177E-03	 2.941176E-02	
  .0003696	-4.901961E-03	 .0254902	
  .0003698	-2.941177E-03	 2.156863E-02	
  .00037	-9.803922E-04	 2.156863E-02	
  .0003702	-9.803922E-04	 2.156863E-02	
  .0003704	-2.941177E-03	 .0254902	
  .0003706	-9.803922E-04	 2.156863E-02	
  .0003708	 9.803922E-04	 .0254902	
  .000371	-2.941177E-03	 2.156863E-02	
  .0003712	-9.803922E-04	 2.156863E-02	
  .0003714	 9.803922E-04	 1.764706E-02	
  .0003716	-2.941177E-03	 1.764706E-02	
  .0003718	-9.803922E-04	 2.156863E-02	
  .000372	-9.803922E-04	 1.764706E-02	
  .0003722	 9.803922E-04	 1.372549E-02	
  .0003724	 9.803922E-04	 2.156863E-02	
  .0003726	-9.803922E-04	 2.156863E-02	
  .0003728	 2.941177E-03	 2.156863E-02	
  .000373	 9.803922E-04	 2.156863E-02	
  .0003732	 9.803922E-04	 1.372549E-02	
  .0003734	 2.941177E-03	 1.764706E-02	
  .0003736	 9.803922E-04	 9.803922E-03	
  .0003738	 9.803922E-04	 1.372549E-02	
  .000374	 4.901961E-03	 9.803922E-03	
  .0003742	 2.941177E-03	 1.372549E-02	
  .0003744	 9.803922E-04	 1.372549E-02	
  .0003746	 4.901961E-03	 1.372549E-02	
  .0003748	 2.941177E-03	 1.372549E-02	
  .000375	 4.901961E-03	 1.372549E-02	
  .0003752	 2.941177E-03	 9.803922E-03	
  .0003754	 2.941177E-03	 5.882353E-03	
  .0003756	 2.941177E-03	 1.372549E-02	
  .0003758	 4.901961E-03	 1.372549E-02	
  .000376	 4.901961E-03	 9.803922E-03	
  .0003762	 6.862745E-03	 5.882353E-03	
  .0003764	 6.862745E-03	 9.803922E-03	
  .0003766	 4.901961E-03	 9.803922E-03	
  .0003768	 6.862745E-03	 5.882353E-03	
  .000377	 2.941177E-03	 9.803922E-03	
  .0003772	 4.901961E-03	 5.882353E-03	
  .0003774	 6.862745E-03	 5.882353E-03	
  .0003776	 8.82353E-03	 9.803922E-03	
  .0003778	 8.82353E-03	 5.882353E-03	
  .000378	 8.82353E-03	 1.372549E-02	
  .0003782	 6.862745E-03	 9.803922E-03	
  .0003784	 6.862745E-03	 1.960784E-03	
  .0003786	 6.862745E-03	-1.960784E-03	
  .0003788	 8.82353E-03	 1.960784E-03	
  .000379	 1.078431E-02	 1.960784E-03	
  .0003792	 8.82353E-03	 1.960784E-03	
  .0003794	 8.82353E-03	 1.960784E-03	
  .0003796	 8.82353E-03	 1.960784E-03	
  .0003798	 8.82353E-03	 5.882353E-03	
  .00038	 8.82353E-03	-1.960784E-03	
  .0003802	 8.82353E-03	-1.960784E-03	
  .0003804	 8.82353E-03	-1.960784E-03	
  .0003806	 8.82353E-03	-1.960784E-03	
  .0003808	 1.078431E-02	-1.960784E-03	
  .000381	 8.82353E-03	-1.960784E-03	
  .0003812	 .0127451	 1.960784E-03	
  .0003814	 1.078431E-02	-1.960784E-03	
  .0003816	 8.82353E-03	-1.960784E-03	
  .0003818	 1.078431E-02	-1.960784E-03	
  .000382	 1.078431E-02	-1.960784E-03	
  .0003822	 .0127451	-1.960784E-03	
  .0003824	 .0127451	-1.960784E-03	
  .0003826	 1.470588E-02	-1.960784E-03	
  .0003828	 .0127451	-1.960784E-03	
  .000383	 .0127451	-1.960784E-03	
  .0003832	 .0127451	-5.882353E-03	
  .0003834	 1.078431E-02	-9.803922E-03	
  .0003836	 .0127451	-5.882353E-03	
  .0003838	 .0127451	-9.803922E-03	
  .000384	 1.078431E-02	-9.803922E-03	
  .0003842	 .0127451	-9.803922E-03	
  .0003844	 1.470588E-02	-9.803922E-03	
  .0003846	 .0127451	-1.960784E-03	
  .0003848	 1.470588E-02	-5.882353E-03	
  .000385	 .0127451	-9.803922E-03	
  .0003852	 .0127451	-1.372549E-02	
  .0003854	 .0127451	-9.803922E-03	
  .0003856	 1.470588E-02	-1.372549E-02	
  .0003858	 .0127451	-1.372549E-02	
  .000386	 1.470588E-02	-9.803922E-03	
  .0003862	 1.666667E-02	-9.803922E-03	
  .0003864	 1.666667E-02	-9.803922E-03	
  .0003866	 1.666667E-02	-1.372549E-02	
  .0003868	 1.470588E-02	-9.803922E-03	
  .000387	 1.666667E-02	-9.803922E-03	
  .0003872	 1.862745E-02	-9.803922E-03	
  .0003874	 1.666667E-02	-1.372549E-02	
  .0003876	 1.666667E-02	-1.372549E-02	
  .0003878	 1.666667E-02	-9.803922E-03	
  .000388	 .0127451	-1.372549E-02	
  .0003882	 1.666667E-02	-1.764706E-02	
  .0003884	 1.666667E-02	-1.764706E-02	
  .0003886	 1.666667E-02	-1.764706E-02	
  .0003888	 1.862745E-02	-1.372549E-02	
  .000389	 1.666667E-02	-1.372549E-02	
  .0003892	 1.666667E-02	-1.372549E-02	
  .0003894	 1.862745E-02	-1.764706E-02	
  .0003896	 1.862745E-02	-1.764706E-02	
  .0003898	 1.666667E-02	-1.764706E-02	
  .00039	 1.862745E-02	-1.764706E-02	
  .0003902	 1.862745E-02	-1.764706E-02	
  .0003904	 1.862745E-02	-1.764706E-02	
  .0003906	 1.862745E-02	-1.764706E-02	
  .0003908	 1.862745E-02	-1.764706E-02	
  .000391	 1.862745E-02	-1.764706E-02	
  .0003912	 1.862745E-02	-1.372549E-02	
  .0003914	 1.666667E-02	-2.156863E-02	
  .0003916	 1.862745E-02	-1.764706E-02	
  .0003918	 1.666667E-02	-2.156863E-02	
  .000392	 1.666667E-02	-.0254902	
  .0003922	 1.862745E-02	-1.764706E-02	
  .0003924	 1.862745E-02	-2.156863E-02	
  .0003926	 2.058824E-02	-1.764706E-02	
  .0003928	 2.058824E-02	-1.764706E-02	
  .000393	 1.862745E-02	-2.156863E-02	
  .0003932	 1.862745E-02	-2.156863E-02	
  .0003934	 1.862745E-02	-2.156863E-02	
  .0003936	 1.862745E-02	-.0254902	
  .0003938	 2.058824E-02	-.0254902	
  .000394	 2.058824E-02	-.0254902	
  .0003942	 1.862745E-02	-.0254902	
  .0003944	 1.862745E-02	-2.156863E-02	
  .0003946	 1.862745E-02	-1.764706E-02	
  .0003948	 2.058824E-02	-.0254902	
  .000395	 1.862745E-02	-2.941176E-02	
  .0003952	 1.862745E-02	-2.941176E-02	
  .0003954	 2.058824E-02	-2.941176E-02	
  .0003956	 2.058824E-02	-.0254902	
  .0003958	 1.862745E-02	-2.156863E-02	
  .000396	 1.862745E-02	-.0254902	
  .0003962	 2.058824E-02	-.0254902	
  .0003964	 2.058824E-02	-2.941176E-02	
  .0003966	 2.058824E-02	-.0254902	
  .0003968	 2.058824E-02	-.0254902	
  .000397	 2.058824E-02	-.0254902	
  .0003972	 2.254902E-02	-.0254902	
  .0003974	 2.058824E-02	-.0254902	
  .0003976	 2.254902E-02	-2.156863E-02	
  .0003978	 2.254902E-02	-2.156863E-02	
  .000398	 2.058824E-02	-.0254902	
  .0003982	 2.058824E-02	-2.941176E-02	
  .0003984	 1.862745E-02	-2.941176E-02	
  .0003986	 1.862745E-02	-2.941176E-02	
  .0003988	 2.254902E-02	-.0254902	
  .000399	 2.254902E-02	-.0254902	
  .0003992	 2.058824E-02	-.0254902	
  .0003994	 2.058824E-02	-2.941176E-02	
  .0003996	 2.058824E-02	-.0254902	
  .0003998	 2.058824E-02	-3.333334E-02	
  .0004	 2.058824E-02	-3.333334E-02	
  .0004002	 2.058824E-02	-2.941176E-02	
  .0004004	 2.254902E-02	-2.941176E-02	
  .0004006	 2.058824E-02	-2.941176E-02	
  .0004008	 2.058824E-02	-2.941176E-02	
  .000401	 2.254902E-02	-2.941176E-02	
  .0004012	 2.254902E-02	-.0254902	
  .0004014	 2.058824E-02	-3.333334E-02	
  .0004016	 2.058824E-02	-2.941176E-02	
  .0004018	 1.862745E-02	-3.333334E-02	
  .000402	 2.254902E-02	-.0254902	
  .0004022	 2.254902E-02	-.0254902	
  .0004024	 2.254902E-02	-.0254902	
  .0004026	 2.254902E-02	-.0254902	
  .0004028	 2.254902E-02	-2.941176E-02	
  .000403	 1.862745E-02	-2.941176E-02	
  .0004032	 2.058824E-02	-3.333334E-02	
  .0004034	 1.862745E-02	-2.941176E-02	
  .0004036	 2.058824E-02	-3.333334E-02	
  .0004038	 2.254902E-02	-2.941176E-02	
  .000404	 2.058824E-02	-3.333334E-02	
  .0004042	 2.058824E-02	-2.941176E-02	
  .0004044	 2.254902E-02	-2.941176E-02	
  .0004046	 1.862745E-02	-.0254902	
  .0004048	 2.058824E-02	-2.941176E-02	
  .000405	 2.058824E-02	-3.333334E-02	
  .0004052	 1.862745E-02	-2.941176E-02	
  .0004054	 2.058824E-02	-3.333334E-02	
  .0004056	 1.862745E-02	-3.333334E-02	
  .0004058	 2.058824E-02	-.0254902	
  .000406	 2.058824E-02	-2.941176E-02	
  .0004062	 2.058824E-02	-.0254902	
  .0004064	 2.058824E-02	-3.333334E-02	
  .0004066	 1.862745E-02	-2.941176E-02	
  .0004068	 1.862745E-02	-2.941176E-02	
  .000407	 2.058824E-02	-.0254902	
  .0004072	 2.058824E-02	-.0254902	
  .0004074	 2.058824E-02	-2.941176E-02	
  .0004076	 2.058824E-02	-.0254902	
  .0004078	 1.862745E-02	-.0254902	
  .000408	 1.862745E-02	-2.941176E-02	
  .0004082	 1.862745E-02	-2.941176E-02	
  .0004084	 1.862745E-02	-2.941176E-02	
  .0004086	 1.862745E-02	-.0254902	
  .0004088	 1.862745E-02	-2.941176E-02	
  .000409	 1.862745E-02	-2.941176E-02	
  .0004092	 1.862745E-02	-.0254902	
  .0004094	 1.862745E-02	-2.941176E-02	
  .0004096	 1.862745E-02	-3.333334E-02	
  .0004098	 2.058824E-02	-2.941176E-02	
  .00041	 1.862745E-02	-2.941176E-02	
  .0004102	 1.862745E-02	-2.941176E-02	
  .0004104	 1.862745E-02	-.0254902	
  .0004106	 1.862745E-02	-.0254902	
  .0004108	 1.862745E-02	-.0254902	
  .000411	 2.058824E-02	-2.941176E-02	
  .0004112	 1.666667E-02	-2.941176E-02	
  .0004114	 1.862745E-02	-2.941176E-02	
  .0004116	 1.470588E-02	-2.941176E-02	
  .0004118	 1.666667E-02	-2.941176E-02	
  .000412	 1.862745E-02	-2.156863E-02	
  .0004122	 1.862745E-02	-.0254902	
  .0004124	 1.862745E-02	-.0254902	
  .0004126	 1.666667E-02	-.0254902	
  .0004128	 1.862745E-02	-.0254902	
  .000413	 1.862745E-02	-.0254902	
  .0004132	 1.666667E-02	-.0254902	
  .0004134	 1.470588E-02	-.0254902	
  .0004136	 1.862745E-02	-3.333334E-02	
  .0004138	 1.666667E-02	-.0254902	
  .000414	 1.666667E-02	-.0254902	
  .0004142	 1.666667E-02	-2.156863E-02	
  .0004144	 1.666667E-02	-2.156863E-02	
  .0004146	 1.666667E-02	-2.941176E-02	
  .0004148	 1.470588E-02	-.0254902	
  .000415	 1.470588E-02	-2.156863E-02	
  .0004152	 1.666667E-02	-2.941176E-02	
  .0004154	 1.470588E-02	-.0254902	
  .0004156	 1.666667E-02	-.0254902	
  .0004158	 1.666667E-02	-.0254902	
  .000416	 1.470588E-02	-.0254902	
  .0004162	 1.470588E-02	-2.156863E-02	
  .0004164	 1.470588E-02	-2.941176E-02	
  .0004166	 .0127451	-.0254902	
  .0004168	 .0127451	-.0254902	
  .000417	 1.470588E-02	-2.156863E-02	
  .0004172	 1.470588E-02	-2.156863E-02	
  .0004174	 1.666667E-02	-1.764706E-02	
  .0004176	 1.666667E-02	-1.764706E-02	
  .0004178	 .0127451	-1.764706E-02	
  .000418	 .0127451	-.0254902	
  .0004182	 .0127451	-.0254902	
  .0004184	 .0127451	-2.156863E-02	
  .0004186	 .0127451	-1.764706E-02	
  .0004188	 .0127451	-2.156863E-02	
  .000419	 1.470588E-02	-1.764706E-02	
  .0004192	 1.470588E-02	-1.764706E-02	
  .0004194	 .0127451	-1.764706E-02	
  .0004196	 1.470588E-02	-.0254902	
  .0004198	 .0127451	-.0254902	
  .00042	 1.078431E-02	-.0254902	
  .0004202	 .0127451	-2.156863E-02	
  .0004204	 .0127451	-1.764706E-02	
  .0004206	 .0127451	-1.764706E-02	
  .0004208	 1.470588E-02	-1.764706E-02	
  .000421	 .0127451	-1.764706E-02	
  .0004212	 1.078431E-02	-1.764706E-02	
  .0004214	 8.82353E-03	-2.156863E-02	
  .0004216	 1.078431E-02	-2.156863E-02	
  .0004218	 .0127451	-1.764706E-02	
  .000422	 .0127451	-1.764706E-02	
  .0004222	 .0127451	-1.372549E-02	
  .0004224	 1.078431E-02	-1.372549E-02	
  .0004226	 .0127451	-1.372549E-02	
  .0004228	 8.82353E-03	-1.764706E-02	
  .000423	 8.82353E-03	-1.764706E-02	
  .0004232	 8.82353E-03	-1.764706E-02	
  .0004234	 8.82353E-03	-1.764706E-02	
  .0004236	 8.82353E-03	-1.372549E-02	
  .0004238	 8.82353E-03	-1.372549E-02	
  .000424	 8.82353E-03	-1.764706E-02	
  .0004242	 6.862745E-03	-9.803922E-03	
  .0004244	 8.82353E-03	-9.803922E-03	
  .0004246	 8.82353E-03	-9.803922E-03	
  .0004248	 6.862745E-03	-1.372549E-02	
  .000425	 8.82353E-03	-1.372549E-02	
  .0004252	 8.82353E-03	-1.372549E-02	
  .0004254	 8.82353E-03	-1.372549E-02	
  .0004256	 6.862745E-03	-9.803922E-03	
  .0004258	 8.82353E-03	-9.803922E-03	
  .000426	 8.82353E-03	-9.803922E-03	
  .0004262	 1.078431E-02	-1.372549E-02	
  .0004264	 6.862745E-03	-9.803922E-03	
  .0004266	 4.901961E-03	-9.803922E-03	
  .0004268	 8.82353E-03	-9.803922E-03	
  .000427	 6.862745E-03	-5.882353E-03	
  .0004272	 6.862745E-03	-5.882353E-03	
  .0004274	 6.862745E-03	-5.882353E-03	
  .0004276	 6.862745E-03	-5.882353E-03	
  .0004278	 4.901961E-03	-9.803922E-03	
  .000428	 4.901961E-03	-9.803922E-03	
  .0004282	 2.941177E-03	-9.803922E-03	
  .0004284	 4.901961E-03	-5.882353E-03	
  .0004286	 6.862745E-03	-5.882353E-03	
  .0004288	 4.901961E-03	-1.960784E-03	
  .000429	 4.901961E-03	-1.960784E-03	
  .0004292	 4.901961E-03	-5.882353E-03	
  .0004294	 6.862745E-03	-5.882353E-03	
  .0004296	 6.862745E-03	-5.882353E-03	
  .0004298	 2.941177E-03	-1.960784E-03	
  .00043	 4.901961E-03	-5.882353E-03	
  .0004302	 4.901961E-03	 1.960784E-03	
  .0004304	 4.901961E-03	-5.882353E-03	
  .0004306	 2.941177E-03	-1.960784E-03	
  .0004308	 4.901961E-03	-1.960784E-03	
  .000431	 2.941177E-03	-1.960784E-03	
  .0004312	 4.901961E-03	-1.960784E-03	
  .0004314	 9.803922E-04	-1.960784E-03	
  .0004316	 2.941177E-03	-5.882353E-03	
  .0004318	 2.941177E-03	 1.960784E-03	
  .000432	 2.941177E-03	-1.960784E-03	
  .0004322	 2.941177E-03	 1.960784E-03	
  .0004324	 2.941177E-03	-1.960784E-03	
  .0004326	 9.803922E-04	-1.960784E-03	
  .0004328	 2.941177E-03	-1.960784E-03	
  .000433	 9.803922E-04	-1.960784E-03	
  .0004332	 9.803922E-04	-1.960784E-03	
  .0004334	 2.941177E-03	-1.960784E-03	
  .0004336	 2.941177E-03	 1.960784E-03	
  .0004338	 9.803922E-04	 1.960784E-03	
  .000434	-9.803922E-04	 1.960784E-03	
  .0004342	 9.803922E-04	 5.882353E-03	
  .0004344	 9.803922E-04	 1.960784E-03	
  .0004346	-9.803922E-04	 1.960784E-03	
  .0004348	-9.803922E-04	 1.960784E-03	
  .000435	 9.803922E-04	-1.960784E-03	
  .0004352	 9.803922E-04	 1.960784E-03	
  .0004354	 9.803922E-04	 1.960784E-03	
  .0004356	-9.803922E-04	 1.960784E-03	
  .0004358	-9.803922E-04	 5.882353E-03	
  .000436	-9.803922E-04	 9.803922E-03	
  .0004362	-9.803922E-04	 1.960784E-03	
  .0004364	-9.803922E-04	 5.882353E-03	
  .0004366	-2.941177E-03	 1.960784E-03	
  .0004368	 9.803922E-04	 9.803922E-03	
  .000437	-9.803922E-04	 5.882353E-03	
  .0004372	 9.803922E-04	 9.803922E-03	
  .0004374	-9.803922E-04	 9.803922E-03	
  .0004376	-2.941177E-03	 1.372549E-02	
  .0004378	-9.803922E-04	 5.882353E-03	
  .000438	-4.901961E-03	 5.882353E-03	
  .0004382	-9.803922E-04	 5.882353E-03	
  .0004384	-9.803922E-04	 9.803922E-03	
  .0004386	-2.941177E-03	 5.882353E-03	
  .0004388	-2.941177E-03	 1.372549E-02	
  .000439	-9.803922E-04	 1.372549E-02	
  .0004392	-9.803922E-04	 9.803922E-03	
  .0004394	-2.941177E-03	 5.882353E-03	
  .0004396	-2.941177E-03	 5.882353E-03	
  .0004398	-2.941177E-03	 9.803922E-03	
  .00044	-2.941177E-03	 9.803922E-03	
  .0004402	-2.941177E-03	 1.764706E-02	
  .0004404	-4.901961E-03	 9.803922E-03	
  .0004406	-9.803922E-04	 1.372549E-02	
  .0004408	-2.941177E-03	 1.372549E-02	
  .000441	-4.901961E-03	 1.372549E-02	
  .0004412	-4.901961E-03	 9.803922E-03	
  .0004414	-4.901961E-03	 9.803922E-03	
  .0004416	-2.941177E-03	 1.372549E-02	
  .0004418	-2.941177E-03	 1.764706E-02	
  .000442	-2.941177E-03	 1.764706E-02	
  .0004422	-4.901961E-03	 1.764706E-02	
  .0004424	-2.941177E-03	 1.372549E-02	
  .0004426	-4.901961E-03	 1.764706E-02	
  .0004428	-6.862745E-03	 1.372549E-02	
  .000443	-6.862745E-03	 1.372549E-02	
  .0004432	-4.901961E-03	 1.372549E-02	
  .0004434	-4.901961E-03	 1.764706E-02	
  .0004436	-6.862745E-03	 1.372549E-02	
  .0004438	-6.862745E-03	 1.372549E-02	
  .000444	-6.862745E-03	 2.156863E-02	
  .0004442	-6.862745E-03	 1.764706E-02	
  .0004444	-4.901961E-03	 1.764706E-02	
  .0004446	-6.862745E-03	 1.372549E-02	
  .0004448	-6.862745E-03	 1.372549E-02	
  .000445	-6.862745E-03	 1.764706E-02	
  .0004452	-6.862745E-03	 1.764706E-02	
  .0004454	-6.862745E-03	 2.156863E-02	
  .0004456	-6.862745E-03	 2.156863E-02	
  .0004458	-6.862745E-03	 2.156863E-02	
  .000446	-6.862745E-03	 1.372549E-02	
  .0004462	-8.82353E-03	 2.156863E-02	
  .0004464	-6.862745E-03	 2.156863E-02	
  .0004466	-8.82353E-03	 2.156863E-02	
  .0004468	-6.862745E-03	 2.156863E-02	
  .000447	-6.862745E-03	 2.156863E-02	
  .0004472	-6.862745E-03	 .0254902	
  .0004474	-1.078431E-02	 .0254902	
  .0004476	-8.82353E-03	 2.156863E-02	
  .0004478	-8.82353E-03	 2.156863E-02	
  .000448	-8.82353E-03	 1.764706E-02	
  .0004482	-8.82353E-03	 .0254902	
  .0004484	-8.82353E-03	 2.156863E-02	
  .0004486	-8.82353E-03	 .0254902	
  .0004488	-8.82353E-03	 2.156863E-02	
  .000449	-8.82353E-03	 2.156863E-02	
  .0004492	-8.82353E-03	 .0254902	
  .0004494	-8.82353E-03	 2.156863E-02	
  .0004496	-1.078431E-02	 .0254902	
  .0004498	-8.82353E-03	 1.764706E-02	
  .00045	-8.82353E-03	 .0254902	
