Date                :       11-22-2010
Time                :       14:15:40
Voltage on Bank     :       
Capacitance         :       
Crowbar             :       
Pretrigger Points   :        250
Sampling period     :        .0000001
Coil Surface        :       50
Type of measurement :       
Sample name         :       
Temperature         :       
                    :       
 -.0000249	 3.921569E-03	 0	
 -.0000248	 3.921569E-03	 0	
 -.0000247	 3.921569E-03	 0	
 -.0000246	 3.921569E-03	 0	
 -.0000245	 3.921569E-03	 0	
 -.0000244	 1.176471E-02	 0	
 -.0000243	 1.960784E-02	 0	
 -.0000242	 1.176471E-02	 0	
 -.0000241	 3.921569E-03	 0	
 -.000024	 1.176471E-02	 0	
 -.0000239	 3.921569E-03	 0	
 -.0000238	 1.960784E-02	 0	
 -.0000237	 1.176471E-02	 0	
 -.0000236	 3.921569E-03	 0	
 -.0000235	 1.176471E-02	 0	
 -.0000234	 3.921569E-03	 0	
 -.0000233	 3.921569E-03	 0	
 -.0000232	 3.921569E-03	 0	
 -.0000231	 3.921569E-03	 0	
 -.000023	 3.921569E-03	 0	
 -.0000229	 1.176471E-02	 0	
 -.0000228	 3.921569E-03	 0	
 -.0000227	 1.176471E-02	 0	
 -.0000226	 1.176471E-02	 0	
 -.0000225	 3.921569E-03	 0	
 -.0000224	 3.921569E-03	 0	
 -.0000223	-3.921569E-03	 0	
 -.0000222	 3.921569E-03	 0	
 -.0000221	 1.960784E-02	 0	
 -.000022	 1.176471E-02	 0	
 -.0000219	 3.921569E-03	 0	
 -.0000218	 3.921569E-03	 0	
 -.0000217	 3.921569E-03	 0	
 -.0000216	 1.176471E-02	 0	
 -.0000215	 1.176471E-02	 0	
 -.0000214	 1.176471E-02	 0	
 -.0000213	 1.176471E-02	 0	
 -.0000212	 3.921569E-03	 0	
 -.0000211	 1.176471E-02	 0	
 -.000021	 1.176471E-02	 0	
 -.0000209	 3.921569E-03	 0	
 -.0000208	 3.921569E-03	 0	
 -.0000207	 3.921569E-03	 0	
 -.0000206	 3.921569E-03	 0	
 -.0000205	 1.176471E-02	 0	
 -.0000204	 1.176471E-02	 0	
 -.0000203	 3.921569E-03	 0	
 -.0000202	 1.176471E-02	 0	
 -.0000201	 3.921569E-03	 0	
 -.00002	-3.921569E-03	 0	
 -.0000199	-3.921569E-03	 0	
 -.0000198	 3.921569E-03	 0	
 -.0000197	 3.921569E-03	 0	
 -.0000196	 3.921569E-03	 0	
 -.0000195	 1.176471E-02	 0	
 -.0000194	 1.176471E-02	 0	
 -.0000193	 3.921569E-03	 0	
 -.0000192	 3.921569E-03	 0	
 -.0000191	 3.921569E-03	 0	
 -.000019	 3.921569E-03	 0	
 -.0000189	-3.921569E-03	 0	
 -.0000188	 3.921569E-03	 0	
 -.0000187	 3.921569E-03	 0	
 -.0000186	 3.921569E-03	 0	
 -.0000185	 1.176471E-02	 0	
 -.0000184	 1.176471E-02	 0	
 -.0000183	 3.921569E-03	 0	
 -.0000182	-3.921569E-03	 0	
 -.0000181	 1.176471E-02	 0	
 -.000018	 3.921569E-03	 0	
 -.0000179	 3.921569E-03	 0	
 -.0000178	 1.176471E-02	 0	
 -.0000177	 3.921569E-03	 0	
 -.0000176	 3.921569E-03	 0	
 -.0000175	 1.176471E-02	 0	
 -.0000174	 3.921569E-03	 0	
 -.0000173	 1.960784E-02	 0	
 -.0000172	 3.921569E-03	 0	
 -.0000171	 1.176471E-02	 0	
 -.000017	 1.176471E-02	 0	
 -.0000169	 1.176471E-02	 0	
 -.0000168	 3.921569E-03	 0	
 -.0000167	 1.176471E-02	 0	
 -.0000166	-3.921569E-03	 0	
 -.0000165	 1.960784E-02	 0	
 -.0000164	 1.176471E-02	 0	
 -.0000163	-3.921569E-03	 0	
 -.0000162	 1.176471E-02	 0	
 -.0000161	 1.176471E-02	 0	
 -.000016	 1.176471E-02	 0	
 -.0000159	 1.176471E-02	 0	
 -.0000158	 1.176471E-02	 0	
 -.0000157	 1.176471E-02	 0	
 -.0000156	 3.921569E-03	 0	
 -.0000155	 3.921569E-03	 0	
 -.0000154	 3.921569E-03	 0	
 -.0000153	 1.176471E-02	 0	
 -.0000152	-3.921569E-03	 0	
 -.0000151	 3.921569E-03	 0	
 -.000015	 3.921569E-03	 0	
 -.0000149	-3.921569E-03	 0	
 -.0000148	 3.921569E-03	 0	
 -.0000147	 3.921569E-03	 0	
 -.0000146	 3.921569E-03	 0	
 -.0000145	 3.921569E-03	 0	
 -.0000144	 1.176471E-02	 0	
 -.0000143	 3.921569E-03	 0	
 -.0000142	 3.921569E-03	 0	
 -.0000141	 1.176471E-02	 0	
 -.000014	 3.921569E-03	 0	
 -.0000139	 1.176471E-02	 0	
 -.0000138	 3.921569E-03	 0	
 -.0000137	 3.921569E-03	 0	
 -.0000136	 3.921569E-03	 0	
 -.0000135	 3.921569E-03	 0	
 -.0000134	 3.921569E-03	 0	
 -.0000133	 1.176471E-02	 0	
 -.0000132	 1.176471E-02	 0	
 -.0000131	 3.921569E-03	 0	
 -.000013	 1.176471E-02	 0	
 -.0000129	 1.176471E-02	 0	
 -.0000128	 3.921569E-03	 0	
 -.0000127	 1.176471E-02	 0	
 -.0000126	 3.921569E-03	 0	
 -.0000125	 3.921569E-03	 0	
 -.0000124	 3.921569E-03	 0	
 -.0000123	 3.921569E-03	 0	
 -.0000122	 1.960784E-02	 0	
 -.0000121	 3.921569E-03	 0	
 -.000012	 3.921569E-03	 0	
 -.0000119	 1.176471E-02	 0	
 -.0000118	 3.921569E-03	 0	
 -.0000117	 1.176471E-02	 0	
 -.0000116	 1.176471E-02	 0	
 -.0000115	 1.960784E-02	 0	
 -.0000114	 3.921569E-03	 0	
 -.0000113	 3.921569E-03	 0	
 -.0000112	 3.921569E-03	 0	
 -.0000111	 3.921569E-03	 0	
 -.000011	 1.176471E-02	 0	
 -.0000109	 3.921569E-03	 0	
 -.0000108	 1.176471E-02	 0	
 -.0000107	 1.176471E-02	 0	
 -.0000106	 3.921569E-03	 0	
 -.0000105	 1.176471E-02	 0	
 -.0000104	 1.176471E-02	 0	
 -.0000103	 1.176471E-02	 0	
 -.0000102	 3.921569E-03	 0	
 -.0000101	 3.921569E-03	 0	
 -.00001	 3.921569E-03	 0	
 -.0000099	 1.176471E-02	 0	
 -.0000098	-3.921569E-03	 0	
 -.0000097	 3.921569E-03	 0	
 -.0000096	 3.921569E-03	 0	
 -.0000095	-3.921569E-03	 0	
 -.0000094	 3.921569E-03	 0	
 -.0000093	 3.921569E-03	 0	
 -.0000092	 3.921569E-03	 0	
 -.0000091	 1.176471E-02	 0	
 -.000009	 1.176471E-02	 0	
 -.0000089	 1.176471E-02	 0	
 -.0000088	 3.921569E-03	 0	
 -.0000087	-3.921569E-03	 0	
 -.0000086	 3.921569E-03	 0	
 -.0000085	 3.921569E-03	 0	
 -.0000084	 3.921569E-03	 0	
 -.0000083	 3.921569E-03	 0	
 -.0000082	 3.921569E-03	 0	
 -.0000081	 3.921569E-03	 0	
 -.000008	 3.921569E-03	 0	
 -.0000079	 1.176471E-02	 0	
 -.0000078	 1.176471E-02	 0	
 -.0000077	 3.921569E-03	 0	
 -.0000076	 3.921569E-03	 0	
 -.0000075	 3.921569E-03	 0	
 -.0000074	 1.176471E-02	 0	
 -.0000073	 3.921569E-03	 0	
 -.0000072	 1.176471E-02	 0	
 -.0000071	 3.921569E-03	 0	
 -.000007	 1.176471E-02	 0	
 -.0000069	 3.921569E-03	 0	
 -.0000068	 1.176471E-02	 0	
 -.0000067	 3.921569E-03	 0	
 -.0000066	 1.176471E-02	 0	
 -.0000065	 1.176471E-02	 0	
 -.0000064	 3.921569E-03	 0	
 -.0000063	 3.921569E-03	 0	
 -.0000062	 1.176471E-02	 0	
 -.0000061	 3.921569E-03	 0	
 -.000006	 3.921569E-03	 0	
 -.0000059	 1.176471E-02	 0	
 -.0000058	 1.176471E-02	 0	
 -.0000057	 3.921569E-03	 0	
 -.0000056	 3.921569E-03	 0	
 -.0000055	 3.921569E-03	 0	
 -.0000054	 1.176471E-02	 0	
 -.0000053	 1.176471E-02	 0	
 -.0000052	 3.921569E-03	 0	
 -.0000051	 3.921569E-03	 0	
 -.000005	 3.921569E-03	 0	
 -.0000049	 3.921569E-03	 0	
 -.0000048	 3.921569E-03	 0	
 -.0000047	-3.921569E-03	 0	
 -.0000046	 1.176471E-02	 0	
 -.0000045	 1.960784E-02	 0	
 -.0000044	 3.921569E-03	 0	
 -.0000043	 1.176471E-02	 0	
 -.0000042	 1.176471E-02	 0	
 -.0000041	 3.921569E-03	 0	
 -.000004	 1.176471E-02	 0	
 -.0000039	 1.176471E-02	 0	
 -.0000038	 3.921569E-03	 0	
 -.0000037	 1.176471E-02	 0	
 -.0000036	 3.921569E-03	 0	
 -.0000035	 1.176471E-02	 0	
 -.0000034	 3.921569E-03	 0	
 -.0000033	 1.176471E-02	 0	
 -.0000032	 3.921569E-03	 0	
 -.0000031	 3.921569E-03	 0	
 -.000003	 3.921569E-03	 0	
 -.0000029	 3.921569E-03	 0	
 -.0000028	 1.176471E-02	 0	
 -.0000027	 1.176471E-02	 0	
 -.0000026	 3.921569E-03	 0	
 -.0000025	 1.176471E-02	 0	
 -.0000024	 3.921569E-03	 0	
 -.0000023	 1.176471E-02	 0	
 -.0000022	 1.176471E-02	 0	
 -.0000021	 3.921569E-03	 0	
 -.000002	 3.921569E-03	 0	
 -.0000019	 3.921569E-03	 0	
 -.0000018	 1.176471E-02	 0	
 -.0000017	 1.176471E-02	 0	
 -.0000016	 1.176471E-02	 0	
 -.0000015	 3.921569E-03	 0	
 -.0000014	 3.921569E-03	 0	
 -.0000013	 3.921569E-03	 0	
 -.0000012	 1.176471E-02	 0	
 -.0000011	 1.176471E-02	 0	
 -.000001	-.3333333	 0	
 -.0000009	-.4823529	 0	
 -.0000008	-.2235294	 0	
 -.0000007	-.254902	 0	
 -.0000006	-.1764706	 0	
 -.0000005	-.1529412	 0	
 -.0000004	-.1137255	 0	
 -.0000003	-7.450981E-02	 0	
 -.0000002	-5.098039E-02	 0	
 -.0000001	-1.960784E-02	 0	
  0	 1.176471E-02	 0	
  .0000001	 2.745098E-02	 0	
  .0000002	 5.882353E-02	 0	
  .0000003	 9.019608E-02	 0	
  .0000004	 .1058824	 0	
  .0000005	 .1294118	 0	
  .0000006	 .145098	 0	
  .0000007	 .1686275	 0	
  .0000008	 .1764706	 0	
  .0000009	 .1921569	 0	
  .000001	 .2156863	 0	
  .0000011	 .2156863	 0	
  .0000012	 .2313726	 0	
  .0000013	 .2470588	 0	
  .0000014	 .254902	 0	
  .0000015	 .2627451	 0	
  .0000016	 .2705882	 0	
  .0000017	 .2862745	 0	
  .0000018	 .2862745	 0	
  .0000019	 .2941177	 0	
  .000002	 .3098039	 0	
  .0000021	 .3098039	 0	
  .0000022	 .3019608	 0	
  .0000023	 .3019608	 0	
  .0000024	 .3176471	 0	
  .0000025	 .3411765	 0	
  .0000026	 .3333333	 0	
  .0000027	 .3490196	 0	
  .0000028	 .3490196	 0	
  .0000029	 .3568628	 0	
  .000003	 .3411765	 0	
  .0000031	 .3490196	 0	
  .0000032	 .3490196	 0	
  .0000033	 .3568628	 0	
  .0000034	 .3568628	 0	
  .0000035	 .3568628	 0	
  .0000036	 .3568628	 0	
  .0000037	 .3568628	 0	
  .0000038	 .3490196	 0	
  .0000039	 .3411765	 0	
  .000004	 .3568628	 0	
  .0000041	 .3568628	 0	
  .0000042	 .3411765	 0	
  .0000043	 .3490196	 0	
  .0000044	 .3490196	 0	
  .0000045	 .3568628	 0	
  .0000046	 .3411765	 0	
  .0000047	 .3411765	 0	
  .0000048	 .3333333	 0	
  .0000049	 .3333333	 0	
  .000005	 .3333333	 0	
  .0000051	 .3333333	 0	
  .0000052	 .3333333	 0	
  .0000053	 .3411765	 0	
  .0000054	 .3254902	 0	
  .0000055	 .3176471	 0	
  .0000056	 .3176471	 0	
  .0000057	 .3176471	 0	
  .0000058	 .3098039	 0	
  .0000059	 .3176471	 0	
  .000006	 .3098039	 0	
  .0000061	 .3098039	 0	
  .0000062	 .2941177	 0	
  .0000063	 .3019608	 0	
  .0000064	 .2941177	 0	
  .0000065	 .2941177	 0	
  .0000066	 .2862745	 0	
  .0000067	 .2705882	 0	
  .0000068	 .2862745	 0	
  .0000069	 .2705882	 0	
  .000007	 .2705882	 0	
  .0000071	 .2705882	 0	
  .0000072	 .254902	 0	
  .0000073	 .254902	 0	
  .0000074	 .2470588	 0	
  .0000075	 .2470588	 0	
  .0000076	 .2627451	 0	
  .0000077	 .2392157	 0	
  .0000078	 .2313726	 0	
  .0000079	 .2470588	 0	
  .000008	 .2156863	 0	
  .0000081	 .2313726	 0	
  .0000082	 .2156863	 0	
  .0000083	 .2235294	 0	
  .0000084	 .2078431	 0	
  .0000085	 .2	 0	
  .0000086	 .2	 0	
  .0000087	 .1843137	 0	
  .0000088	 .1843137	 0	
  .0000089	 .1764706	 0	
  .000009	 .1686275	 0	
  .0000091	 .1686275	 0	
  .0000092	 .1686275	 0	
  .0000093	 .1607843	 0	
  .0000094	 .1529412	 0	
  .0000095	 .145098	 0	
  .0000096	 .145098	 0	
  .0000097	 .1215686	 0	
  .0000098	 .1215686	 0	
  .0000099	 .1215686	 0	
  .00001	 .1215686	 0	
  .0000101	 .1058824	 0	
  .0000102	 .1058824	 0	
  .0000103	 .1137255	 0	
  .0000104	 9.803922E-02	 0	
  .0000105	 8.235294E-02	 0	
  .0000106	 9.019608E-02	 0	
  .0000107	 8.235294E-02	 0	
  .0000108	 8.235294E-02	 0	
  .0000109	 8.235294E-02	 0	
  .000011	 7.450981E-02	 0	
  .0000111	 6.666667E-02	 0	
  .0000112	 5.882353E-02	 0	
  .0000113	 5.098039E-02	 0	
  .0000114	 4.313726E-02	 0	
  .0000115	 2.745098E-02	 0	
  .0000116	 3.529412E-02	 0	
  .0000117	 2.745098E-02	 0	
  .0000118	 3.529412E-02	 0	
  .0000119	 1.960784E-02	 0	
  .000012	 1.176471E-02	 0	
  .0000121	 3.921569E-03	 0	
  .0000122	-3.921569E-03	 0	
  .0000123	 3.921569E-03	 0	
  .0000124	-3.921569E-03	 0	
  .0000125	-1.960784E-02	 0	
  .0000126	-1.960784E-02	 0	
  .0000127	-2.745098E-02	 0	
  .0000128	-2.745098E-02	 0	
  .0000129	-3.529412E-02	 0	
  .000013	-4.313726E-02	 0	
  .0000131	-4.313726E-02	 0	
  .0000132	-3.529412E-02	 0	
  .0000133	-5.098039E-02	 0	
  .0000134	-5.882353E-02	 0	
  .0000135	-5.882353E-02	 0	
  .0000136	-6.666667E-02	 0	
  .0000137	-7.450981E-02	 0	
  .0000138	-7.450981E-02	 0	
  .0000139	-7.450981E-02	 0	
  .000014	-7.450981E-02	 0	
  .0000141	-9.019608E-02	 0	
  .0000142	-8.235294E-02	 0	
  .0000143	-9.803922E-02	 0	
  .0000144	-9.803922E-02	 0	
  .0000145	-.1058824	 0	
  .0000146	-.1137255	 0	
  .0000147	-.1137255	 0	
  .0000148	-.1215686	 0	
  .0000149	-.1215686	 0	
  .000015	-.1294118	 0	
  .0000151	-.1294118	 0	
  .0000152	-.1372549	 0	
  .0000153	-.1215686	 0	
  .0000154	-.145098	 0	
  .0000155	-.145098	 0	
  .0000156	-.1529412	 0	
  .0000157	-.1529412	 0	
  .0000158	-.1686275	 0	
  .0000159	-.1686275	 0	
  .000016	-.1686275	 0	
  .0000161	-.1764706	 0	
  .0000162	-.1764706	 0	
  .0000163	-.1764706	 0	
  .0000164	-.1843137	 0	
  .0000165	-.1921569	 0	
  .0000166	-.2	 0	
  .0000167	-.2	 0	
  .0000168	-.2	 0	
  .0000169	-.2078431	 0	
  .000017	-.2156863	 0	
  .0000171	-.2156863	 0	
  .0000172	-.2156863	 0	
  .0000173	-.2156863	 0	
  .0000174	-.2235294	 0	
  .0000175	-.2235294	 0	
  .0000176	-.2313726	 0	
  .0000177	-.2392157	 0	
  .0000178	-.2470588	 0	
  .0000179	-.2470588	 0	
  .000018	-.2470588	 0	
  .0000181	-.254902	 0	
  .0000182	-.2470588	 0	
  .0000183	-.2627451	 0	
  .0000184	-.2627451	 0	
  .0000185	-.2784314	 0	
  .0000186	-.2627451	 0	
  .0000187	-.2784314	 0	
  .0000188	-.2627451	 0	
  .0000189	-.2862745	 0	
  .000019	-.2784314	 0	
  .0000191	-.2784314	 0	
  .0000192	-.2784314	 0	
  .0000193	-.2862745	 0	
  .0000194	-.2862745	 0	
  .0000195	-.3019608	 0	
  .0000196	-.3019608	 0	
  .0000197	-.3019608	 0	
  .0000198	-.2941177	 0	
  .0000199	-.3019608	 0	
  .00002	-.3098039	 0	
  .0000201	-.3098039	 0	
  .0000202	-.3098039	 0	
  .0000203	-.3176471	 0	
  .0000204	-.3176471	 0	
  .0000205	-.3176471	 0	
  .0000206	-.3176471	 0	
  .0000207	-.3176471	 0	
  .0000208	-.3176471	 0	
  .0000209	-.3254902	 0	
  .000021	-.3333333	 0	
  .0000211	-.3176471	 0	
  .0000212	-.3254902	 0	
  .0000213	-.3254902	 0	
  .0000214	-.3411765	 0	
  .0000215	-.3411765	 0	
  .0000216	-.3411765	 0	
  .0000217	-.3411765	 0	
  .0000218	-.3411765	 0	
  .0000219	-.3411765	 0	
  .000022	-.3411765	 0	
  .0000221	-.3490196	 0	
  .0000222	-.3411765	 0	
  .0000223	-.3333333	 0	
  .0000224	-.3333333	 0	
  .0000225	-.3490196	 0	
  .0000226	-.3411765	 0	
  .0000227	-.3647059	 0	
  .0000228	-.3411765	 0	
  .0000229	-.3490196	 0	
  .000023	-.3333333	 0	
  .0000231	-.3411765	 0	
  .0000232	-.3490196	 0	
  .0000233	-.3490196	 0	
  .0000234	-.3568628	 0	
  .0000235	-.3490196	 0	
  .0000236	-.3490196	 0	
  .0000237	-.3490196	 0	
  .0000238	-.3490196	 0	
  .0000239	-.3411765	 0	
  .000024	-.3568628	 0	
  .0000241	-.3568628	 0	
  .0000242	-.3568628	 0	
  .0000243	-.3568628	 0	
  .0000244	-.3647059	 0	
  .0000245	-.3490196	 0	
  .0000246	-.3568628	 0	
  .0000247	-.3568628	 0	
  .0000248	-.3490196	 0	
  .0000249	-.3568628	 0	
  .000025	-.3490196	 0	
  .0000251	-.3647059	 0	
  .0000252	-.3411765	 0	
  .0000253	-.3490196	 0	
  .0000254	-.3568628	 0	
  .0000255	-.3568628	 0	
  .0000256	-.3568628	 0	
  .0000257	-.3490196	 0	
  .0000258	-.3568628	 0	
  .0000259	-.3647059	 0	
  .000026	-.3568628	 0	
  .0000261	-.3568628	 0	
  .0000262	-.3490196	 0	
  .0000263	-.3568628	 0	
  .0000264	-.3490196	 0	
  .0000265	-.3568628	 0	
  .0000266	-.3490196	 0	
  .0000267	-.3568628	 0	
  .0000268	-.3568628	 0	
  .0000269	-.3490196	 0	
  .000027	-.3411765	 0	
  .0000271	-.3254902	 0	
  .0000272	-.3333333	 0	
  .0000273	-.3333333	 0	
  .0000274	-.3333333	 0	
  .0000275	-.3333333	 0	
  .0000276	-.3333333	 0	
  .0000277	-.3254902	 0	
  .0000278	-.3254902	 0	
  .0000279	-.3176471	 0	
  .000028	-.3176471	 0	
  .0000281	-.3176471	 0	
  .0000282	-.3254902	 0	
  .0000283	-.3176471	 0	
  .0000284	-.3254902	 0	
  .0000285	-.3098039	 0	
  .0000286	-.3098039	 0	
  .0000287	-.3176471	 0	
  .0000288	-.3176471	 0	
  .0000289	-.3098039	 0	
  .000029	-.3098039	 0	
  .0000291	-.3019608	 0	
  .0000292	-.3019608	 0	
  .0000293	-.3019608	 0	
  .0000294	-.3019608	 0	
  .0000295	-.3019608	 0	
  .0000296	-.3019608	 0	
  .0000297	-.2862745	 0	
  .0000298	-.2941177	 0	
  .0000299	-.2941177	 0	
  .00003	-.2941177	 0	
  .0000301	-.2941177	 0	
  .0000302	-.2941177	 0	
  .0000303	-.2941177	 0	
  .0000304	-.2862745	 0	
  .0000305	-.2862745	 0	
  .0000306	-.2862745	 0	
  .0000307	-.2784314	 0	
  .0000308	-.2784314	 0	
  .0000309	-.2784314	 0	
  .000031	-.2784314	 0	
  .0000311	-.2705882	 0	
  .0000312	-.2784314	 0	
  .0000313	-.2627451	 0	
  .0000314	-.2705882	 0	
  .0000315	-.2705882	 0	
  .0000316	-.2627451	 0	
  .0000317	-.2627451	 0	
  .0000318	-.254902	 0	
  .0000319	-.254902	 0	
  .000032	-.254902	 0	
  .0000321	-.254902	 0	
  .0000322	-.2392157	 0	
  .0000323	-.2470588	 0	
  .0000324	-.2392157	 0	
  .0000325	-.2392157	 0	
  .0000326	-.2313726	 0	
  .0000327	-.2313726	 0	
  .0000328	-.2313726	 0	
  .0000329	-.2313726	 0	
  .000033	-.2235294	 0	
  .0000331	-.2313726	 0	
  .0000332	-.2235294	 0	
  .0000333	-.2235294	 0	
  .0000334	-.2235294	 0	
  .0000335	-.2156863	 0	
  .0000336	-.2156863	 0	
  .0000337	-.2078431	 0	
  .0000338	-.2	 0	
  .0000339	-.2078431	 0	
  .000034	-.2078431	 0	
  .0000341	-.2	 0	
  .0000342	-.2	 0	
  .0000343	-.2	 0	
  .0000344	-.1843137	 0	
  .0000345	-.1921569	 0	
  .0000346	-.1921569	 0	
  .0000347	-.1921569	 0	
  .0000348	-.1843137	 0	
  .0000349	-.1843137	 0	
  .000035	-.1764706	 0	
  .0000351	-.1686275	 0	
  .0000352	-.1686275	 0	
  .0000353	-.1686275	 0	
  .0000354	-.1686275	 0	
  .0000355	-.1607843	 0	
  .0000356	-.1607843	 0	
  .0000357	-.1607843	 0	
  .0000358	-.1529412	 0	
  .0000359	-.1529412	 0	
  .000036	-.1529412	 0	
  .0000361	-.1372549	 0	
  .0000362	-.145098	 0	
  .0000363	-.1294118	 0	
  .0000364	-.1372549	 0	
  .0000365	-.1294118	 0	
  .0000366	-.1372549	 0	
  .0000367	-.1294118	 0	
  .0000368	-.1294118	 0	
  .0000369	-.1137255	 0	
  .000037	-.1058824	 0	
  .0000371	-.1137255	 0	
  .0000372	-.1137255	 0	
  .0000373	-.1058824	 0	
  .0000374	-.1058824	 0	
  .0000375	-9.803922E-02	 0	
  .0000376	-9.803922E-02	 0	
  .0000377	-.1058824	 0	
  .0000378	-8.235294E-02	 0	
  .0000379	-8.235294E-02	 0	
  .000038	-8.235294E-02	 0	
  .0000381	-8.235294E-02	 0	
  .0000382	-7.450981E-02	 0	
  .0000383	-6.666667E-02	 0	
  .0000384	-6.666667E-02	 0	
  .0000385	-6.666667E-02	 0	
  .0000386	-5.882353E-02	 0	
  .0000387	-5.882353E-02	 0	
  .0000388	-5.882353E-02	 0	
  .0000389	-5.098039E-02	 0	
  .000039	-4.313726E-02	 0	
  .0000391	-4.313726E-02	 0	
  .0000392	-3.529412E-02	 0	
  .0000393	-4.313726E-02	 0	
  .0000394	-3.529412E-02	 0	
  .0000395	-3.529412E-02	 0	
  .0000396	-2.745098E-02	 0	
  .0000397	-1.960784E-02	 0	
  .0000398	-1.960784E-02	 0	
  .0000399	-1.960784E-02	 0	
  .00004	-1.960784E-02	 0	
  .0000401	-1.176471E-02	 0	
  .0000402	-1.176471E-02	 0	
  .0000403	-3.921569E-03	 0	
  .0000404	-3.921569E-03	 0	
  .0000405	 3.921569E-03	 0	
  .0000406	 1.176471E-02	 0	
  .0000407	 3.921569E-03	 0	
  .0000408	 1.176471E-02	 0	
  .0000409	 2.745098E-02	 0	
  .000041	 2.745098E-02	 0	
  .0000411	 2.745098E-02	 0	
  .0000412	 1.960784E-02	 0	
  .0000413	 3.529412E-02	 0	
  .0000414	 3.529412E-02	 0	
  .0000415	 3.529412E-02	 0	
  .0000416	 4.313726E-02	 0	
  .0000417	 4.313726E-02	 0	
  .0000418	 5.098039E-02	 0	
  .0000419	 5.098039E-02	 0	
  .000042	 5.098039E-02	 0	
  .0000421	 5.882353E-02	 0	
  .0000422	 5.882353E-02	 0	
  .0000423	 6.666667E-02	 0	
  .0000424	 7.450981E-02	 0	
  .0000425	 8.235294E-02	 0	
  .0000426	 5.882353E-02	 0	
  .0000427	 9.803922E-02	 0	
  .0000428	 7.450981E-02	 0	
  .0000429	 9.019608E-02	 0	
  .000043	 9.803922E-02	 0	
  .0000431	 9.019608E-02	 0	
  .0000432	 .1058824	 0	
  .0000433	 .1058824	 0	
  .0000434	 9.803922E-02	 0	
  .0000435	 .1137255	 0	
  .0000436	 .1058824	 0	
  .0000437	 .1294118	 0	
  .0000438	 .1215686	 0	
  .0000439	 .1058824	 0	
  .000044	 .1137255	 0	
  .0000441	 .1294118	 0	
  .0000442	 .1137255	 0	
  .0000443	 .1215686	 0	
  .0000444	 .1215686	 0	
  .0000445	 .1215686	 0	
  .0000446	 .1372549	 0	
  .0000447	 .1294118	 0	
  .0000448	 .1294118	 0	
  .0000449	 .1529412	 0	
  .000045	 .1607843	 0	
  .0000451	 .145098	 0	
  .0000452	 .145098	 0	
  .0000453	 .145098	 0	
  .0000454	 .1529412	 0	
  .0000455	 .1686275	 0	
  .0000456	 .1686275	 0	
  .0000457	 .1529412	 0	
  .0000458	 .1607843	 0	
  .0000459	 .1607843	 0	
  .000046	 .1686275	 0	
  .0000461	 .1843137	 0	
  .0000462	 .1764706	 0	
  .0000463	 .1764706	 0	
  .0000464	 .1843137	 0	
  .0000465	 .1764706	 0	
  .0000466	 .1843137	 0	
  .0000467	 .1764706	 0	
  .0000468	 .1843137	 0	
  .0000469	 .1843137	 0	
  .000047	 .1843137	 0	
  .0000471	 .1921569	 0	
  .0000472	 .2078431	 0	
  .0000473	 .2	 0	
  .0000474	 .2	 0	
  .0000475	 .2	 0	
  .0000476	 .2078431	 0	
  .0000477	 .2078431	 0	
  .0000478	 .2078431	 0	
  .0000479	 .2156863	 0	
  .000048	 .2156863	 0	
  .0000481	 .2078431	 0	
  .0000482	 .2156863	 0	
  .0000483	 .2235294	 0	
  .0000484	 .2156863	 0	
  .0000485	 .2235294	 0	
  .0000486	 .2235294	 0	
  .0000487	 .2235294	 0	
  .0000488	 .2235294	 0	
  .0000489	 .2313726	 0	
  .000049	 .2313726	 0	
  .0000491	 .2392157	 0	
  .0000492	 .2392157	 0	
  .0000493	 .2313726	 0	
  .0000494	 .2313726	 0	
  .0000495	 .2392157	 0	
  .0000496	 .2470588	 0	
  .0000497	 .2392157	 0	
  .0000498	 .2392157	 0	
  .0000499	 .2470588	 0	
  .00005	 .2392157	 0	
  .0000501	 .2392157	 0	
  .0000502	 .2470588	 0	
  .0000503	 .2470588	 0	
  .0000504	 .2470588	 0	
  .0000505	 .254902	 0	
  .0000506	 .2470588	 0	
  .0000507	 .2470588	 0	
  .0000508	 .254902	 0	
  .0000509	 .2470588	 0	
  .000051	 .2470588	 0	
  .0000511	 .2470588	 0	
  .0000512	 .254902	 0	
  .0000513	 .254902	 0	
  .0000514	 .254902	 0	
  .0000515	 .2627451	 0	
  .0000516	 .2627451	 0	
  .0000517	 .254902	 0	
  .0000518	 .254902	 0	
  .0000519	 .254902	 0	
  .000052	 .2784314	 0	
  .0000521	 .2627451	 0	
  .0000522	 .2627451	 0	
  .0000523	 .2705882	 0	
  .0000524	 .2627451	 0	
  .0000525	 .254902	 0	
  .0000526	 .2627451	 0	
  .0000527	 .254902	 0	
  .0000528	 .2627451	 0	
  .0000529	 .2627451	 0	
  .000053	 .254902	 0	
  .0000531	 .2627451	 0	
  .0000532	 .2627451	 0	
  .0000533	 .254902	 0	
  .0000534	 .2627451	 0	
  .0000535	 .2627451	 0	
  .0000536	 .2627451	 0	
  .0000537	 .2470588	 0	
  .0000538	 .2470588	 0	
  .0000539	 .2470588	 0	
  .000054	 .2627451	 0	
  .0000541	 .2470588	 0	
  .0000542	 .2470588	 0	
  .0000543	 .2470588	 0	
  .0000544	 .2392157	 0	
  .0000545	 .2470588	 0	
  .0000546	 .2470588	 0	
  .0000547	 .254902	 0	
  .0000548	 .254902	 0	
  .0000549	 .2627451	 0	
  .000055	 .2470588	 0	
  .0000551	 .2470588	 0	
  .0000552	 .254902	 0	
  .0000553	 .254902	 0	
  .0000554	 .2470588	 0	
  .0000555	 .254902	 0	
  .0000556	 .254902	 0	
  .0000557	 .254902	 0	
  .0000558	 .2470588	 0	
  .0000559	 .2470588	 0	
  .000056	 .2470588	 0	
  .0000561	 .2470588	 0	
  .0000562	 .2392157	 0	
  .0000563	 .254902	 0	
  .0000564	 .2470588	 0	
  .0000565	 .2470588	 0	
  .0000566	 .2392157	 0	
  .0000567	 .2392157	 0	
  .0000568	 .2392157	 0	
  .0000569	 .2392157	 0	
  .000057	 .2392157	 0	
  .0000571	 .2470588	 0	
  .0000572	 .2313726	 0	
  .0000573	 .2392157	 0	
  .0000574	 .2392157	 0	
  .0000575	 .2313726	 0	
  .0000576	 .2392157	 0	
  .0000577	 .2392157	 0	
  .0000578	 .2392157	 0	
  .0000579	 .2313726	 0	
  .000058	 .2392157	 0	
  .0000581	 .2392157	 0	
  .0000582	 .2313726	 0	
  .0000583	 .2313726	 0	
  .0000584	 .2235294	 0	
  .0000585	 .2156863	 0	
  .0000586	 .2235294	 0	
  .0000587	 .2156863	 0	
  .0000588	 .2156863	 0	
  .0000589	 .2156863	 0	
  .000059	 .2156863	 0	
  .0000591	 .2156863	 0	
  .0000592	 .2078431	 0	
  .0000593	 .2078431	 0	
  .0000594	 .2156863	 0	
  .0000595	 .2078431	 0	
  .0000596	 .2078431	 0	
  .0000597	 .2078431	 0	
  .0000598	 .2078431	 0	
  .0000599	 .2	 0	
  .00006	 .2	 0	
  .0000601	 .2	 0	
  .0000602	 .2	 0	
  .0000603	 .1921569	 0	
  .0000604	 .2	 0	
  .0000605	 .1921569	 0	
  .0000606	 .1921569	 0	
  .0000607	 .1921569	 0	
  .0000608	 .1843137	 0	
  .0000609	 .1843137	 0	
  .000061	 .1764706	 0	
  .0000611	 .1843137	 0	
  .0000612	 .1843137	 0	
  .0000613	 .1764706	 0	
  .0000614	 .1764706	 0	
  .0000615	 .1764706	 0	
  .0000616	 .1764706	 0	
  .0000617	 .1686275	 0	
  .0000618	 .1686275	 0	
  .0000619	 .1686275	 0	
  .000062	 .1607843	 0	
  .0000621	 .1686275	 0	
  .0000622	 .1686275	 0	
  .0000623	 .1686275	 0	
  .0000624	 .1607843	 0	
  .0000625	 .1607843	 0	
  .0000626	 .145098	 0	
  .0000627	 .1607843	 0	
  .0000628	 .1529412	 0	
  .0000629	 .145098	 0	
  .000063	 .1529412	 0	
  .0000631	 .145098	 0	
  .0000632	 .145098	 0	
  .0000633	 .1372549	 0	
  .0000634	 .145098	 0	
  .0000635	 .1372549	 0	
  .0000636	 .1372549	 0	
  .0000637	 .1294118	 0	
  .0000638	 .1294118	 0	
  .0000639	 .1294118	 0	
  .000064	 .1215686	 0	
  .0000641	 .1137255	 0	
  .0000642	 .1137255	 0	
  .0000643	 .1137255	 0	
  .0000644	 .1137255	 0	
  .0000645	 .1137255	 0	
  .0000646	 .1058824	 0	
  .0000647	 .1137255	 0	
  .0000648	 .1137255	 0	
  .0000649	 .1058824	 0	
  .000065	 9.803922E-02	 0	
  .0000651	 9.803922E-02	 0	
  .0000652	 9.803922E-02	 0	
  .0000653	 9.803922E-02	 0	
  .0000654	 9.019608E-02	 0	
  .0000655	 9.019608E-02	 0	
  .0000656	 8.235294E-02	 0	
  .0000657	 9.019608E-02	 0	
  .0000658	 8.235294E-02	 0	
  .0000659	 8.235294E-02	 0	
  .000066	 7.450981E-02	 0	
  .0000661	 7.450981E-02	 0	
  .0000662	 7.450981E-02	 0	
  .0000663	 6.666667E-02	 0	
  .0000664	 7.450981E-02	 0	
  .0000665	 6.666667E-02	 0	
  .0000666	 6.666667E-02	 0	
  .0000667	 6.666667E-02	 0	
  .0000668	 5.882353E-02	 0	
  .0000669	 5.882353E-02	 0	
  .000067	 6.666667E-02	 0	
  .0000671	 5.098039E-02	 0	
  .0000672	 5.098039E-02	 0	
  .0000673	 5.098039E-02	 0	
  .0000674	 5.098039E-02	 0	
  .0000675	 5.098039E-02	 0	
  .0000676	 4.313726E-02	 0	
  .0000677	 4.313726E-02	 0	
  .0000678	 3.529412E-02	 0	
  .0000679	 3.529412E-02	 0	
  .000068	 2.745098E-02	 0	
  .0000681	 2.745098E-02	 0	
  .0000682	 3.529412E-02	 0	
  .0000683	 1.960784E-02	 0	
  .0000684	 1.960784E-02	 0	
  .0000685	 1.960784E-02	 0	
  .0000686	 1.176471E-02	 0	
  .0000687	 1.960784E-02	 0	
  .0000688	 1.176471E-02	 0	
  .0000689	 1.176471E-02	 0	
  .000069	 3.921569E-03	 0	
  .0000691	 3.921569E-03	 0	
  .0000692	-3.921569E-03	 0	
  .0000693	 3.921569E-03	 0	
  .0000694	 3.921569E-03	 0	
  .0000695	-3.921569E-03	 0	
  .0000696	-3.921569E-03	 0	
  .0000697	-1.176471E-02	 0	
  .0000698	-1.176471E-02	 0	
  .0000699	-1.176471E-02	 0	
  .00007	-1.176471E-02	 0	
  .0000701	-1.960784E-02	 0	
  .0000702	-1.960784E-02	 0	
  .0000703	-1.960784E-02	 0	
  .0000704	-2.745098E-02	 0	
  .0000705	-2.745098E-02	 0	
  .0000706	-3.529412E-02	 0	
  .0000707	-2.745098E-02	 0	
  .0000708	-4.313726E-02	 0	
  .0000709	-4.313726E-02	 0	
  .000071	-5.098039E-02	 0	
  .0000711	-4.313726E-02	 0	
  .0000712	-3.529412E-02	 0	
  .0000713	-4.313726E-02	 0	
  .0000714	-4.313726E-02	 0	
  .0000715	-4.313726E-02	 0	
  .0000716	-5.098039E-02	 0	
  .0000717	-5.098039E-02	 0	
  .0000718	-5.098039E-02	 0	
  .0000719	-5.098039E-02	 0	
  .000072	-5.098039E-02	 0	
  .0000721	-5.882353E-02	 0	
  .0000722	-7.450981E-02	 0	
  .0000723	-6.666667E-02	 0	
  .0000724	-6.666667E-02	 0	
  .0000725	-6.666667E-02	 0	
  .0000726	-5.882353E-02	 0	
  .0000727	-6.666667E-02	 0	
  .0000728	-8.235294E-02	 0	
  .0000729	-7.450981E-02	 0	
  .000073	-7.450981E-02	 0	
  .0000731	-8.235294E-02	 0	
  .0000732	-8.235294E-02	 0	
  .0000733	-8.235294E-02	 0	
  .0000734	-7.450981E-02	 0	
  .0000735	-9.019608E-02	 0	
  .0000736	-9.803922E-02	 0	
  .0000737	-9.019608E-02	 0	
  .0000738	-9.803922E-02	 0	
  .0000739	-9.803922E-02	 0	
  .000074	-9.803922E-02	 0	
  .0000741	-9.803922E-02	 0	
  .0000742	-.1058824	 0	
  .0000743	-.1058824	 0	
  .0000744	-.1137255	 0	
  .0000745	-.1137255	 0	
  .0000746	-.1137255	 0	
  .0000747	-9.803922E-02	 0	
  .0000748	-.1058824	 0	
  .0000749	-.1137255	 0	
  .000075	-.1137255	 0	
  .0000751	-.1137255	 0	
  .0000752	-.1137255	 0	
  .0000753	-.1215686	 0	
  .0000754	-.1215686	 0	
  .0000755	-.1294118	 0	
  .0000756	-.1294118	 0	
  .0000757	-.1215686	 0	
  .0000758	-.1294118	 0	
  .0000759	-.1294118	 0	
  .000076	-.1294118	 0	
  .0000761	-.1294118	 0	
  .0000762	-.1372549	 0	
  .0000763	-.1294118	 0	
  .0000764	-.1372549	 0	
  .0000765	-.1294118	 0	
  .0000766	-.145098	 0	
  .0000767	-.1372549	 0	
  .0000768	-.1372549	 0	
  .0000769	-.1372549	 0	
  .000077	-.1372549	 0	
  .0000771	-.1372549	 0	
  .0000772	-.145098	 0	
  .0000773	-.145098	 0	
  .0000774	-.145098	 0	
  .0000775	-.145098	 0	
  .0000776	-.145098	 0	
  .0000777	-.145098	 0	
  .0000778	-.1529412	 0	
  .0000779	-.1529412	 0	
  .000078	-.145098	 0	
  .0000781	-.1529412	 0	
  .0000782	-.1529412	 0	
  .0000783	-.1529412	 0	
  .0000784	-.1529412	 0	
  .0000785	-.1529412	 0	
  .0000786	-.145098	 0	
  .0000787	-.1529412	 0	
  .0000788	-.1529412	 0	
  .0000789	-.1607843	 0	
  .000079	-.1607843	 0	
  .0000791	-.1607843	 0	
  .0000792	-.1529412	 0	
  .0000793	-.1686275	 0	
  .0000794	-.1607843	 0	
  .0000795	-.1607843	 0	
  .0000796	-.1686275	 0	
  .0000797	-.1686275	 0	
  .0000798	-.1607843	 0	
  .0000799	-.1607843	 0	
  .00008	-.1607843	 0	
  .0000801	-.1529412	 0	
  .0000802	-.1607843	 0	
  .0000803	-.1607843	 0	
  .0000804	-.1686275	 0	
  .0000805	-.1607843	 0	
  .0000806	-.1607843	 0	
  .0000807	-.1607843	 0	
  .0000808	-.1686275	 0	
  .0000809	-.1607843	 0	
  .000081	-.1686275	 0	
  .0000811	-.1607843	 0	
  .0000812	-.1686275	 0	
  .0000813	-.1607843	 0	
  .0000814	-.1607843	 0	
  .0000815	-.1686275	 0	
  .0000816	-.1686275	 0	
  .0000817	-.1529412	 0	
  .0000818	-.1686275	 0	
  .0000819	-.1607843	 0	
  .000082	-.1607843	 0	
  .0000821	-.1607843	 0	
  .0000822	-.1607843	 0	
  .0000823	-.1607843	 0	
  .0000824	-.1607843	 0	
  .0000825	-.1607843	 0	
  .0000826	-.1607843	 0	
  .0000827	-.1686275	 0	
  .0000828	-.1529412	 0	
  .0000829	-.1607843	 0	
  .000083	-.1686275	 0	
  .0000831	-.1607843	 0	
  .0000832	-.1607843	 0	
  .0000833	-.1529412	 0	
  .0000834	-.1686275	 0	
  .0000835	-.1686275	 0	
  .0000836	-.1607843	 0	
  .0000837	-.1607843	 0	
  .0000838	-.1686275	 0	
  .0000839	-.1686275	 0	
  .000084	-.1686275	 0	
  .0000841	-.1686275	 0	
  .0000842	-.1607843	 0	
  .0000843	-.1607843	 0	
  .0000844	-.1529412	 0	
  .0000845	-.1607843	 0	
  .0000846	-.1607843	 0	
  .0000847	-.1607843	 0	
  .0000848	-.1529412	 0	
  .0000849	-.1607843	 0	
  .000085	-.1607843	 0	
  .0000851	-.1607843	 0	
  .0000852	-.1607843	 0	
  .0000853	-.1529412	 0	
  .0000854	-.1607843	 0	
  .0000855	-.1607843	 0	
  .0000856	-.1529412	 0	
  .0000857	-.1529412	 0	
  .0000858	-.1529412	 0	
  .0000859	-.1529412	 0	
  .000086	-.1529412	 0	
  .0000861	-.1529412	 0	
  .0000862	-.1529412	 0	
  .0000863	-.145098	 0	
  .0000864	-.1529412	 0	
  .0000865	-.145098	 0	
  .0000866	-.1529412	 0	
  .0000867	-.1529412	 0	
  .0000868	-.145098	 0	
  .0000869	-.145098	 0	
  .000087	-.145098	 0	
  .0000871	-.1372549	 0	
  .0000872	-.145098	 0	
  .0000873	-.1372549	 0	
  .0000874	-.145098	 0	
  .0000875	-.1372549	 0	
  .0000876	-.1372549	 0	
  .0000877	-.1372549	 0	
  .0000878	-.1372549	 0	
  .0000879	-.1372549	 0	
  .000088	-.1372549	 0	
  .0000881	-.1372549	 0	
  .0000882	-.1372549	 0	
  .0000883	-.1294118	 0	
  .0000884	-.1294118	 0	
  .0000885	-.1294118	 0	
  .0000886	-.1372549	 0	
  .0000887	-.1215686	 0	
  .0000888	-.1294118	 0	
  .0000889	-.1294118	 0	
  .000089	-.1215686	 0	
  .0000891	-.1215686	 0	
  .0000892	-.1215686	 0	
  .0000893	-.1215686	 0	
  .0000894	-.1215686	 0	
  .0000895	-.1137255	 0	
  .0000896	-.1294118	 0	
  .0000897	-.1215686	 0	
  .0000898	-.1137255	 0	
  .0000899	-.1137255	 0	
  .00009	-.1137255	 0	
  .0000901	-.1058824	 0	
  .0000902	-.1137255	 0	
  .0000903	-9.803922E-02	 0	
  .0000904	-.1137255	 0	
  .0000905	-9.803922E-02	 0	
  .0000906	-.1058824	 0	
  .0000907	-.1058824	 0	
  .0000908	-.1058824	 0	
  .0000909	-.1058824	 0	
  .000091	-9.803922E-02	 0	
  .0000911	-9.019608E-02	 0	
  .0000912	-9.019608E-02	 0	
  .0000913	-9.803922E-02	 0	
  .0000914	-9.019608E-02	 0	
  .0000915	-9.019608E-02	 0	
  .0000916	-9.019608E-02	 0	
  .0000917	-9.019608E-02	 0	
  .0000918	-9.019608E-02	 0	
  .0000919	-8.235294E-02	 0	
  .000092	-8.235294E-02	 0	
  .0000921	-8.235294E-02	 0	
  .0000922	-8.235294E-02	 0	
  .0000923	-8.235294E-02	 0	
  .0000924	-6.666667E-02	 0	
  .0000925	-8.235294E-02	 0	
  .0000926	-7.450981E-02	 0	
  .0000927	-6.666667E-02	 0	
  .0000928	-6.666667E-02	 0	
  .0000929	-6.666667E-02	 0	
  .000093	-6.666667E-02	 0	
  .0000931	-6.666667E-02	 0	
  .0000932	-5.882353E-02	 0	
  .0000933	-5.882353E-02	 0	
  .0000934	-5.882353E-02	 0	
  .0000935	-5.882353E-02	 0	
  .0000936	-5.098039E-02	 0	
  .0000937	-5.882353E-02	 0	
  .0000938	-6.666667E-02	 0	
  .0000939	-5.882353E-02	 0	
  .000094	-5.098039E-02	 0	
  .0000941	-5.098039E-02	 0	
  .0000942	-5.882353E-02	 0	
  .0000943	-5.098039E-02	 0	
  .0000944	-4.313726E-02	 0	
  .0000945	-3.529412E-02	 0	
  .0000946	-3.529412E-02	 0	
  .0000947	-4.313726E-02	 0	
  .0000948	-3.529412E-02	 0	
  .0000949	-3.529412E-02	 0	
  .000095	-3.529412E-02	 0	
  .0000951	-3.529412E-02	 0	
  .0000952	-3.529412E-02	 0	
  .0000953	-3.529412E-02	 0	
  .0000954	-2.745098E-02	 0	
  .0000955	-2.745098E-02	 0	
  .0000956	-2.745098E-02	 0	
  .0000957	-1.960784E-02	 0	
  .0000958	-1.960784E-02	 0	
  .0000959	-1.960784E-02	 0	
  .000096	-1.960784E-02	 0	
  .0000961	-1.176471E-02	 0	
  .0000962	-1.960784E-02	 0	
  .0000963	-1.960784E-02	 0	
  .0000964	-1.960784E-02	 0	
  .0000965	-1.176471E-02	 0	
  .0000966	-1.176471E-02	 0	
  .0000967	-3.921569E-03	 0	
  .0000968	-1.176471E-02	 0	
  .0000969	-3.921569E-03	 0	
  .000097	-3.921569E-03	 0	
  .0000971	 3.921569E-03	 0	
  .0000972	 1.176471E-02	 0	
  .0000973	 3.921569E-03	 0	
  .0000974	 3.921569E-03	 0	
  .0000975	 1.176471E-02	 0	
  .0000976	 3.921569E-03	 0	
  .0000977	 3.921569E-03	 0	
  .0000978	 1.176471E-02	 0	
  .0000979	 1.960784E-02	 0	
  .000098	 1.960784E-02	 0	
  .0000981	 1.176471E-02	 0	
  .0000982	 1.960784E-02	 0	
  .0000983	 2.745098E-02	 0	
  .0000984	 2.745098E-02	 0	
  .0000985	 1.960784E-02	 0	
  .0000986	 2.745098E-02	 0	
  .0000987	 2.745098E-02	 0	
  .0000988	 2.745098E-02	 0	
  .0000989	 1.960784E-02	 0	
  .000099	 3.529412E-02	 0	
  .0000991	 3.529412E-02	 0	
  .0000992	 3.529412E-02	 0	
  .0000993	 3.529412E-02	 0	
  .0000994	 4.313726E-02	 0	
  .0000995	 3.529412E-02	 0	
  .0000996	 3.529412E-02	 0	
  .0000997	 4.313726E-02	 0	
  .0000998	 4.313726E-02	 0	
  .0000999	 4.313726E-02	 0	
  .0001	 5.098039E-02	 0	
  .0001001	 4.313726E-02	 0	
  .0001002	 5.098039E-02	 0	
  .0001003	 5.098039E-02	 0	
  .0001004	 5.098039E-02	 0	
  .0001005	 5.882353E-02	 0	
  .0001006	 5.882353E-02	 0	
  .0001007	 5.882353E-02	 0	
  .0001008	 5.882353E-02	 0	
  .0001009	 6.666667E-02	 0	
  .000101	 5.882353E-02	 0	
  .0001011	 6.666667E-02	 0	
  .0001012	 6.666667E-02	 0	
  .0001013	 7.450981E-02	 0	
  .0001014	 6.666667E-02	 0	
  .0001015	 7.450981E-02	 0	
  .0001016	 7.450981E-02	 0	
  .0001017	 8.235294E-02	 0	
  .0001018	 7.450981E-02	 0	
  .0001019	 7.450981E-02	 0	
  .000102	 7.450981E-02	 0	
  .0001021	 8.235294E-02	 0	
  .0001022	 7.450981E-02	 0	
  .0001023	 8.235294E-02	 0	
  .0001024	 9.019608E-02	 0	
  .0001025	 8.235294E-02	 0	
  .0001026	 9.019608E-02	 0	
  .0001027	 9.019608E-02	 0	
  .0001028	 9.019608E-02	 0	
  .0001029	 9.019608E-02	 0	
  .000103	 9.803922E-02	 0	
  .0001031	 9.803922E-02	 0	
  .0001032	 9.019608E-02	 0	
  .0001033	 9.803922E-02	 0	
  .0001034	 9.019608E-02	 0	
  .0001035	 9.803922E-02	 0	
  .0001036	 9.019608E-02	 0	
  .0001037	 9.803922E-02	 0	
  .0001038	 9.019608E-02	 0	
  .0001039	 9.019608E-02	 0	
  .000104	 9.019608E-02	 0	
  .0001041	 9.019608E-02	 0	
  .0001042	 .1058824	 0	
  .0001043	 .1137255	 0	
  .0001044	 .1137255	 0	
  .0001045	 .1137255	 0	
  .0001046	 .1058824	 0	
  .0001047	 .1058824	 0	
  .0001048	 .1058824	 0	
  .0001049	 .1058824	 0	
  .000105	 .1215686	 0	
  .0001051	 .1137255	 0	
  .0001052	 .1058824	 0	
  .0001053	 .1137255	 0	
  .0001054	 .1215686	 0	
  .0001055	 .1137255	 0	
  .0001056	 .1137255	 0	
  .0001057	 .1137255	 0	
  .0001058	 .1215686	 0	
  .0001059	 .1215686	 0	
  .000106	 .1294118	 0	
  .0001061	 .1215686	 0	
  .0001062	 .1215686	 0	
  .0001063	 .1215686	 0	
  .0001064	 .1215686	 0	
  .0001065	 .1137255	 0	
  .0001066	 .1372549	 0	
  .0001067	 .1215686	 0	
  .0001068	 .1215686	 0	
  .0001069	 .1215686	 0	
  .000107	 .1215686	 0	
  .0001071	 .1294118	 0	
  .0001072	 .1294118	 0	
  .0001073	 .1294118	 0	
  .0001074	 .1294118	 0	
  .0001075	 .1294118	 0	
  .0001076	 .1294118	 0	
  .0001077	 .1294118	 0	
  .0001078	 .1294118	 0	
  .0001079	 .1294118	 0	
  .000108	 .1294118	 0	
  .0001081	 .1294118	 0	
  .0001082	 .1294118	 0	
  .0001083	 .1372549	 0	
  .0001084	 .1372549	 0	
  .0001085	 .145098	 0	
  .0001086	 .1372549	 0	
  .0001087	 .1294118	 0	
  .0001088	 .1294118	 0	
  .0001089	 .1294118	 0	
  .000109	 .1294118	 0	
  .0001091	 .1294118	 0	
  .0001092	 .1372549	 0	
  .0001093	 .145098	 0	
  .0001094	 .1372549	 0	
  .0001095	 .1294118	 0	
  .0001096	 .1372549	 0	
  .0001097	 .1372549	 0	
  .0001098	 .1294118	 0	
  .0001099	 .1372549	 0	
  .00011	 .1294118	 0	
  .0001101	 .1294118	 0	
  .0001102	 .1372549	 0	
  .0001103	 .1372549	 0	
  .0001104	 .1294118	 0	
  .0001105	 .1294118	 0	
  .0001106	 .1372549	 0	
  .0001107	 .1372549	 0	
  .0001108	 .1372549	 0	
  .0001109	 .1372549	 0	
  .000111	 .1372549	 0	
  .0001111	 .1294118	 0	
  .0001112	 .1372549	 0	
  .0001113	 .1372549	 0	
  .0001114	 .145098	 0	
  .0001115	 .145098	 0	
  .0001116	 .1372549	 0	
  .0001117	 .145098	 0	
  .0001118	 .1372549	 0	
  .0001119	 .1294118	 0	
  .000112	 .1372549	 0	
  .0001121	 .1294118	 0	
  .0001122	 .1372549	 0	
  .0001123	 .1294118	 0	
  .0001124	 .1294118	 0	
  .0001125	 .1372549	 0	
  .0001126	 .1372549	 0	
  .0001127	 .1294118	 0	
  .0001128	 .1372549	 0	
  .0001129	 .1294118	 0	
  .000113	 .1294118	 0	
  .0001131	 .1294118	 0	
  .0001132	 .1294118	 0	
  .0001133	 .1294118	 0	
  .0001134	 .1372549	 0	
  .0001135	 .1215686	 0	
  .0001136	 .1215686	 0	
  .0001137	 .1137255	 0	
  .0001138	 .1137255	 0	
  .0001139	 .1215686	 0	
  .000114	 .1215686	 0	
  .0001141	 .1294118	 0	
  .0001142	 .1215686	 0	
  .0001143	 .1372549	 0	
  .0001144	 .1294118	 0	
  .0001145	 .1215686	 0	
  .0001146	 .1215686	 0	
  .0001147	 .1137255	 0	
  .0001148	 .1294118	 0	
  .0001149	 .1215686	 0	
  .000115	 .1215686	 0	
  .0001151	 .1215686	 0	
  .0001152	 .1137255	 0	
  .0001153	 .1137255	 0	
  .0001154	 .1137255	 0	
  .0001155	 .1137255	 0	
  .0001156	 .1137255	 0	
  .0001157	 .1137255	 0	
  .0001158	 .1137255	 0	
  .0001159	 .1215686	 0	
  .000116	 .1137255	 0	
  .0001161	 .1215686	 0	
  .0001162	 .1137255	 0	
  .0001163	 .1058824	 0	
  .0001164	 .1058824	 0	
  .0001165	 .1215686	 0	
  .0001166	 .1137255	 0	
  .0001167	 .1058824	 0	
  .0001168	 .1058824	 0	
  .0001169	 .1137255	 0	
  .000117	 .1137255	 0	
  .0001171	 .1058824	 0	
  .0001172	 .1137255	 0	
  .0001173	 .1058824	 0	
  .0001174	 9.803922E-02	 0	
  .0001175	 .1058824	 0	
  .0001176	 .1058824	 0	
  .0001177	 .1058824	 0	
  .0001178	 9.803922E-02	 0	
  .0001179	 9.803922E-02	 0	
  .000118	 9.019608E-02	 0	
  .0001181	 9.803922E-02	 0	
  .0001182	 .1058824	 0	
  .0001183	 9.019608E-02	 0	
  .0001184	 9.803922E-02	 0	
  .0001185	 9.803922E-02	 0	
  .0001186	 9.019608E-02	 0	
  .0001187	 9.019608E-02	 0	
  .0001188	 9.803922E-02	 0	
  .0001189	 8.235294E-02	 0	
  .000119	 9.019608E-02	 0	
  .0001191	 9.019608E-02	 0	
  .0001192	 9.019608E-02	 0	
  .0001193	 9.019608E-02	 0	
  .0001194	 8.235294E-02	 0	
  .0001195	 8.235294E-02	 0	
  .0001196	 7.450981E-02	 0	
  .0001197	 8.235294E-02	 0	
  .0001198	 8.235294E-02	 0	
  .0001199	 7.450981E-02	 0	
  .00012	 7.450981E-02	 0	
  .0001201	 7.450981E-02	 0	
  .0001202	 7.450981E-02	 0	
  .0001203	 7.450981E-02	 0	
  .0001204	 6.666667E-02	 0	
  .0001205	 8.235294E-02	 0	
  .0001206	 7.450981E-02	 0	
  .0001207	 6.666667E-02	 0	
  .0001208	 7.450981E-02	 0	
  .0001209	 8.235294E-02	 0	
  .000121	 6.666667E-02	 0	
  .0001211	 7.450981E-02	 0	
  .0001212	 5.882353E-02	 0	
  .0001213	 7.450981E-02	 0	
  .0001214	 6.666667E-02	 0	
  .0001215	 7.450981E-02	 0	
  .0001216	 6.666667E-02	 0	
  .0001217	 6.666667E-02	 0	
  .0001218	 5.882353E-02	 0	
  .0001219	 5.882353E-02	 0	
  .000122	 5.098039E-02	 0	
  .0001221	 5.882353E-02	 0	
  .0001222	 5.882353E-02	 0	
  .0001223	 5.098039E-02	 0	
  .0001224	 5.882353E-02	 0	
  .0001225	 5.882353E-02	 0	
  .0001226	 5.098039E-02	 0	
  .0001227	 4.313726E-02	 0	
  .0001228	 5.098039E-02	 0	
  .0001229	 5.098039E-02	 0	
  .000123	 4.313726E-02	 0	
  .0001231	 4.313726E-02	 0	
  .0001232	 4.313726E-02	 0	
  .0001233	 4.313726E-02	 0	
  .0001234	 3.529412E-02	 0	
  .0001235	 4.313726E-02	 0	
  .0001236	 3.529412E-02	 0	
  .0001237	 2.745098E-02	 0	
  .0001238	 3.529412E-02	 0	
  .0001239	 2.745098E-02	 0	
  .000124	 2.745098E-02	 0	
  .0001241	 3.529412E-02	 0	
  .0001242	 4.313726E-02	 0	
  .0001243	 2.745098E-02	 0	
  .0001244	 2.745098E-02	 0	
  .0001245	 2.745098E-02	 0	
  .0001246	 2.745098E-02	 0	
  .0001247	 2.745098E-02	 0	
  .0001248	 2.745098E-02	 0	
  .0001249	 1.960784E-02	 0	
  .000125	 1.960784E-02	 0	
  .0001251	 1.960784E-02	 0	
  .0001252	 1.960784E-02	 0	
  .0001253	 1.176471E-02	 0	
  .0001254	 1.176471E-02	 0	
  .0001255	 1.176471E-02	 0	
  .0001256	 1.960784E-02	 0	
  .0001257	 3.921569E-03	 0	
  .0001258	 1.176471E-02	 0	
  .0001259	 3.921569E-03	 0	
  .000126	 3.921569E-03	 0	
  .0001261	 1.176471E-02	 0	
  .0001262	 3.921569E-03	 0	
  .0001263	-3.921569E-03	 0	
  .0001264	 1.176471E-02	 0	
  .0001265	-3.921569E-03	 0	
  .0001266	-3.921569E-03	 0	
  .0001267	-3.921569E-03	 0	
  .0001268	-3.921569E-03	 0	
  .0001269	 1.176471E-02	 0	
  .000127	-3.921569E-03	 0	
  .0001271	 3.921569E-03	 0	
  .0001272	-3.921569E-03	 0	
  .0001273	-1.176471E-02	 0	
  .0001274	-1.176471E-02	 0	
  .0001275	-1.176471E-02	 0	
  .0001276	-1.176471E-02	 0	
  .0001277	-1.960784E-02	 0	
  .0001278	-1.960784E-02	 0	
  .0001279	-1.176471E-02	 0	
  .000128	-1.960784E-02	 0	
  .0001281	-1.176471E-02	 0	
  .0001282	-1.960784E-02	 0	
  .0001283	-1.960784E-02	 0	
  .0001284	-2.745098E-02	 0	
  .0001285	-2.745098E-02	 0	
  .0001286	-2.745098E-02	 0	
  .0001287	-1.960784E-02	 0	
  .0001288	-1.960784E-02	 0	
  .0001289	-2.745098E-02	 0	
  .000129	-3.529412E-02	 0	
  .0001291	-2.745098E-02	 0	
  .0001292	-2.745098E-02	 0	
  .0001293	-3.529412E-02	 0	
  .0001294	-3.529412E-02	 0	
  .0001295	-4.313726E-02	 0	
  .0001296	-3.529412E-02	 0	
  .0001297	-3.529412E-02	 0	
  .0001298	-3.529412E-02	 0	
  .0001299	-3.529412E-02	 0	
  .00013	-3.529412E-02	 0	
  .0001301	-3.529412E-02	 0	
  .0001302	-5.098039E-02	 0	
  .0001303	-4.313726E-02	 0	
  .0001304	-5.098039E-02	 0	
  .0001305	-5.098039E-02	 0	
  .0001306	-4.313726E-02	 0	
  .0001307	-4.313726E-02	 0	
  .0001308	-4.313726E-02	 0	
  .0001309	-5.098039E-02	 0	
  .000131	-5.098039E-02	 0	
  .0001311	-5.098039E-02	 0	
  .0001312	-4.313726E-02	 0	
  .0001313	-4.313726E-02	 0	
  .0001314	-4.313726E-02	 0	
  .0001315	-5.098039E-02	 0	
  .0001316	-5.098039E-02	 0	
  .0001317	-5.098039E-02	 0	
  .0001318	-5.098039E-02	 0	
  .0001319	-5.882353E-02	 0	
  .000132	-5.098039E-02	 0	
  .0001321	-5.098039E-02	 0	
  .0001322	-5.882353E-02	 0	
  .0001323	-5.882353E-02	 0	
  .0001324	-5.882353E-02	 0	
  .0001325	-5.882353E-02	 0	
  .0001326	-5.882353E-02	 0	
  .0001327	-5.882353E-02	 0	
  .0001328	-5.098039E-02	 0	
  .0001329	-5.882353E-02	 0	
  .000133	-6.666667E-02	 0	
  .0001331	-5.882353E-02	 0	
  .0001332	-5.882353E-02	 0	
  .0001333	-7.450981E-02	 0	
  .0001334	-5.882353E-02	 0	
  .0001335	-6.666667E-02	 0	
  .0001336	-6.666667E-02	 0	
  .0001337	-6.666667E-02	 0	
  .0001338	-7.450981E-02	 0	
  .0001339	-6.666667E-02	 0	
  .000134	-6.666667E-02	 0	
  .0001341	-6.666667E-02	 0	
  .0001342	-6.666667E-02	 0	
  .0001343	-7.450981E-02	 0	
  .0001344	-7.450981E-02	 0	
  .0001345	-7.450981E-02	 0	
  .0001346	-6.666667E-02	 0	
  .0001347	-7.450981E-02	 0	
  .0001348	-7.450981E-02	 0	
  .0001349	-7.450981E-02	 0	
  .000135	-8.235294E-02	 0	
  .0001351	-7.450981E-02	 0	
  .0001352	-7.450981E-02	 0	
  .0001353	-7.450981E-02	 0	
  .0001354	-7.450981E-02	 0	
  .0001355	-8.235294E-02	 0	
  .0001356	-8.235294E-02	 0	
  .0001357	-7.450981E-02	 0	
  .0001358	-8.235294E-02	 0	
  .0001359	-7.450981E-02	 0	
  .000136	-7.450981E-02	 0	
  .0001361	-8.235294E-02	 0	
  .0001362	-8.235294E-02	 0	
  .0001363	-6.666667E-02	 0	
  .0001364	-8.235294E-02	 0	
  .0001365	-8.235294E-02	 0	
  .0001366	-8.235294E-02	 0	
  .0001367	-8.235294E-02	 0	
  .0001368	-7.450981E-02	 0	
  .0001369	-7.450981E-02	 0	
  .000137	-8.235294E-02	 0	
  .0001371	-8.235294E-02	 0	
  .0001372	-8.235294E-02	 0	
  .0001373	-9.019608E-02	 0	
  .0001374	-8.235294E-02	 0	
  .0001375	-8.235294E-02	 0	
  .0001376	-9.019608E-02	 0	
  .0001377	-8.235294E-02	 0	
  .0001378	-9.019608E-02	 0	
  .0001379	-8.235294E-02	 0	
  .000138	-7.450981E-02	 0	
  .0001381	-8.235294E-02	 0	
  .0001382	-8.235294E-02	 0	
  .0001383	-8.235294E-02	 0	
  .0001384	-9.019608E-02	 0	
  .0001385	-8.235294E-02	 0	
  .0001386	-8.235294E-02	 0	
  .0001387	-8.235294E-02	 0	
  .0001388	-8.235294E-02	 0	
  .0001389	-8.235294E-02	 0	
  .000139	-9.019608E-02	 0	
  .0001391	-8.235294E-02	 0	
  .0001392	-8.235294E-02	 0	
  .0001393	-8.235294E-02	 0	
  .0001394	-8.235294E-02	 0	
  .0001395	-9.019608E-02	 0	
  .0001396	-8.235294E-02	 0	
  .0001397	-8.235294E-02	 0	
  .0001398	-8.235294E-02	 0	
  .0001399	-9.019608E-02	 0	
  .00014	-8.235294E-02	 0	
  .0001401	-8.235294E-02	 0	
  .0001402	-9.019608E-02	 0	
  .0001403	-9.019608E-02	 0	
  .0001404	-9.019608E-02	 0	
  .0001405	-8.235294E-02	 0	
  .0001406	-8.235294E-02	 0	
  .0001407	-7.450981E-02	 0	
  .0001408	-8.235294E-02	 0	
  .0001409	-8.235294E-02	 0	
  .000141	-9.019608E-02	 0	
  .0001411	-7.450981E-02	 0	
  .0001412	-8.235294E-02	 0	
  .0001413	-8.235294E-02	 0	
  .0001414	-7.450981E-02	 0	
  .0001415	-8.235294E-02	 0	
  .0001416	-7.450981E-02	 0	
  .0001417	-8.235294E-02	 0	
  .0001418	-6.666667E-02	 0	
  .0001419	-7.450981E-02	 0	
  .000142	-8.235294E-02	 0	
  .0001421	-8.235294E-02	 0	
  .0001422	-8.235294E-02	 0	
  .0001423	-7.450981E-02	 0	
  .0001424	-8.235294E-02	 0	
  .0001425	-8.235294E-02	 0	
  .0001426	-7.450981E-02	 0	
  .0001427	-7.450981E-02	 0	
  .0001428	-8.235294E-02	 0	
  .0001429	-8.235294E-02	 0	
  .000143	-7.450981E-02	 0	
  .0001431	-7.450981E-02	 0	
  .0001432	-8.235294E-02	 0	
  .0001433	-7.450981E-02	 0	
  .0001434	-7.450981E-02	 0	
  .0001435	-7.450981E-02	 0	
  .0001436	-7.450981E-02	 0	
  .0001437	-8.235294E-02	 0	
  .0001438	-7.450981E-02	 0	
  .0001439	-7.450981E-02	 0	
  .000144	-5.882353E-02	 0	
  .0001441	-7.450981E-02	 0	
  .0001442	-6.666667E-02	 0	
  .0001443	-6.666667E-02	 0	
  .0001444	-7.450981E-02	 0	
  .0001445	-6.666667E-02	 0	
  .0001446	-7.450981E-02	 0	
  .0001447	-6.666667E-02	 0	
  .0001448	-6.666667E-02	 0	
  .0001449	-7.450981E-02	 0	
  .000145	-6.666667E-02	 0	
  .0001451	-6.666667E-02	 0	
  .0001452	-6.666667E-02	 0	
  .0001453	-5.882353E-02	 0	
  .0001454	-6.666667E-02	 0	
  .0001455	-6.666667E-02	 0	
  .0001456	-6.666667E-02	 0	
  .0001457	-6.666667E-02	 0	
  .0001458	-6.666667E-02	 0	
  .0001459	-5.882353E-02	 0	
  .000146	-6.666667E-02	 0	
  .0001461	-6.666667E-02	 0	
  .0001462	-5.882353E-02	 0	
  .0001463	-5.882353E-02	 0	
  .0001464	-5.882353E-02	 0	
  .0001465	-5.882353E-02	 0	
  .0001466	-5.098039E-02	 0	
  .0001467	-5.098039E-02	 0	
  .0001468	-5.882353E-02	 0	
  .0001469	-5.098039E-02	 0	
  .000147	-5.882353E-02	 0	
  .0001471	-5.882353E-02	 0	
  .0001472	-5.098039E-02	 0	
  .0001473	-5.098039E-02	 0	
  .0001474	-5.098039E-02	 0	
  .0001475	-4.313726E-02	 0	
  .0001476	-5.882353E-02	 0	
  .0001477	-5.882353E-02	 0	
  .0001478	-4.313726E-02	 0	
  .0001479	-5.882353E-02	 0	
  .000148	-5.098039E-02	 0	
  .0001481	-4.313726E-02	 0	
  .0001482	-4.313726E-02	 0	
  .0001483	-5.098039E-02	 0	
  .0001484	-4.313726E-02	 0	
  .0001485	-3.529412E-02	 0	
  .0001486	-4.313726E-02	 0	
  .0001487	-5.098039E-02	 0	
  .0001488	-4.313726E-02	 0	
  .0001489	-4.313726E-02	 0	
  .000149	-4.313726E-02	 0	
  .0001491	-3.529412E-02	 0	
  .0001492	-3.529412E-02	 0	
  .0001493	-3.529412E-02	 0	
  .0001494	-3.529412E-02	 0	
  .0001495	-3.529412E-02	 0	
  .0001496	-3.529412E-02	 0	
  .0001497	-3.529412E-02	 0	
  .0001498	-3.529412E-02	 0	
  .0001499	-3.529412E-02	 0	
  .00015	-3.529412E-02	 0	
  .0001501	-4.313726E-02	 0	
  .0001502	-2.745098E-02	 0	
  .0001503	-2.745098E-02	 0	
  .0001504	-3.529412E-02	 0	
  .0001505	-3.529412E-02	 0	
  .0001506	-2.745098E-02	 0	
  .0001507	-2.745098E-02	 0	
  .0001508	-2.745098E-02	 0	
  .0001509	-2.745098E-02	 0	
  .000151	-1.960784E-02	 0	
  .0001511	-1.960784E-02	 0	
  .0001512	-1.960784E-02	 0	
  .0001513	-1.960784E-02	 0	
  .0001514	-1.176471E-02	 0	
  .0001515	-1.960784E-02	 0	
  .0001516	-1.960784E-02	 0	
  .0001517	-1.176471E-02	 0	
  .0001518	-1.960784E-02	 0	
  .0001519	-1.176471E-02	 0	
  .000152	-1.960784E-02	 0	
  .0001521	-1.176471E-02	 0	
  .0001522	-1.960784E-02	 0	
  .0001523	-1.176471E-02	 0	
  .0001524	-1.176471E-02	 0	
  .0001525	-3.921569E-03	 0	
  .0001526	-3.921569E-03	 0	
  .0001527	-1.176471E-02	 0	
  .0001528	-1.176471E-02	 0	
  .0001529	-3.921569E-03	 0	
  .000153	-1.176471E-02	 0	
  .0001531	-1.176471E-02	 0	
  .0001532	-1.176471E-02	 0	
  .0001533	-1.176471E-02	 0	
  .0001534	-1.176471E-02	 0	
  .0001535	-3.921569E-03	 0	
  .0001536	-3.921569E-03	 0	
  .0001537	-3.921569E-03	 0	
  .0001538	-3.921569E-03	 0	
  .0001539	 1.960784E-02	 0	
  .000154	 3.921569E-03	 0	
  .0001541	 3.921569E-03	 0	
  .0001542	 1.176471E-02	 0	
  .0001543	 3.921569E-03	 0	
  .0001544	 1.176471E-02	 0	
  .0001545	 3.921569E-03	 0	
  .0001546	 1.176471E-02	 0	
  .0001547	 1.176471E-02	 0	
  .0001548	 3.921569E-03	 0	
  .0001549	 1.176471E-02	 0	
  .000155	 1.176471E-02	 0	
  .0001551	 1.176471E-02	 0	
  .0001552	 1.176471E-02	 0	
  .0001553	 1.960784E-02	 0	
  .0001554	 1.176471E-02	 0	
  .0001555	 1.176471E-02	 0	
  .0001556	 1.176471E-02	 0	
  .0001557	 1.176471E-02	 0	
  .0001558	 1.960784E-02	 0	
  .0001559	 1.176471E-02	 0	
  .000156	 1.960784E-02	 0	
  .0001561	 2.745098E-02	 0	
  .0001562	 1.960784E-02	 0	
  .0001563	 1.176471E-02	 0	
  .0001564	 1.960784E-02	 0	
  .0001565	 1.960784E-02	 0	
  .0001566	 3.529412E-02	 0	
  .0001567	 1.960784E-02	 0	
  .0001568	 3.529412E-02	 0	
  .0001569	 1.960784E-02	 0	
  .000157	 2.745098E-02	 0	
  .0001571	 2.745098E-02	 0	
  .0001572	 3.529412E-02	 0	
  .0001573	 3.529412E-02	 0	
  .0001574	 3.529412E-02	 0	
  .0001575	 2.745098E-02	 0	
  .0001576	 2.745098E-02	 0	
  .0001577	 2.745098E-02	 0	
  .0001578	 4.313726E-02	 0	
  .0001579	 3.529412E-02	 0	
  .000158	 4.313726E-02	 0	
  .0001581	 3.529412E-02	 0	
  .0001582	 3.529412E-02	 0	
  .0001583	 4.313726E-02	 0	
  .0001584	 4.313726E-02	 0	
  .0001585	 4.313726E-02	 0	
  .0001586	 4.313726E-02	 0	
  .0001587	 3.529412E-02	 0	
  .0001588	 4.313726E-02	 0	
  .0001589	 3.529412E-02	 0	
  .000159	 3.529412E-02	 0	
  .0001591	 5.098039E-02	 0	
  .0001592	 4.313726E-02	 0	
  .0001593	 4.313726E-02	 0	
  .0001594	 4.313726E-02	 0	
  .0001595	 4.313726E-02	 0	
  .0001596	 5.098039E-02	 0	
  .0001597	 4.313726E-02	 0	
  .0001598	 5.882353E-02	 0	
  .0001599	 4.313726E-02	 0	
  .00016	 5.098039E-02	 0	
  .0001601	 5.098039E-02	 0	
  .0001602	 5.098039E-02	 0	
  .0001603	 5.882353E-02	 0	
  .0001604	 5.882353E-02	 0	
  .0001605	 6.666667E-02	 0	
  .0001606	 5.882353E-02	 0	
  .0001607	 5.882353E-02	 0	
  .0001608	 5.098039E-02	 0	
  .0001609	 5.882353E-02	 0	
  .000161	 5.882353E-02	 0	
  .0001611	 6.666667E-02	 0	
  .0001612	 5.882353E-02	 0	
  .0001613	 5.882353E-02	 0	
  .0001614	 5.882353E-02	 0	
  .0001615	 5.882353E-02	 0	
  .0001616	 5.882353E-02	 0	
  .0001617	 6.666667E-02	 0	
  .0001618	 7.450981E-02	 0	
  .0001619	 5.882353E-02	 0	
  .000162	 6.666667E-02	 0	
  .0001621	 6.666667E-02	 0	
  .0001622	 6.666667E-02	 0	
  .0001623	 5.882353E-02	 0	
  .0001624	 7.450981E-02	 0	
  .0001625	 7.450981E-02	 0	
  .0001626	 5.882353E-02	 0	
  .0001627	 6.666667E-02	 0	
  .0001628	 5.882353E-02	 0	
  .0001629	 6.666667E-02	 0	
  .000163	 5.882353E-02	 0	
  .0001631	 6.666667E-02	 0	
  .0001632	 5.882353E-02	 0	
  .0001633	 5.882353E-02	 0	
  .0001634	 7.450981E-02	 0	
  .0001635	 6.666667E-02	 0	
  .0001636	 6.666667E-02	 0	
  .0001637	 6.666667E-02	 0	
  .0001638	 7.450981E-02	 0	
  .0001639	 7.450981E-02	 0	
  .000164	 7.450981E-02	 0	
  .0001641	 7.450981E-02	 0	
  .0001642	 6.666667E-02	 0	
  .0001643	 8.235294E-02	 0	
  .0001644	 7.450981E-02	 0	
  .0001645	 6.666667E-02	 0	
  .0001646	 7.450981E-02	 0	
  .0001647	 6.666667E-02	 0	
  .0001648	 7.450981E-02	 0	
  .0001649	 7.450981E-02	 0	
  .000165	 7.450981E-02	 0	
  .0001651	 6.666667E-02	 0	
  .0001652	 7.450981E-02	 0	
  .0001653	 7.450981E-02	 0	
  .0001654	 8.235294E-02	 0	
  .0001655	 7.450981E-02	 0	
  .0001656	 8.235294E-02	 0	
  .0001657	 7.450981E-02	 0	
  .0001658	 6.666667E-02	 0	
  .0001659	 6.666667E-02	 0	
  .000166	 8.235294E-02	 0	
  .0001661	 7.450981E-02	 0	
  .0001662	 7.450981E-02	 0	
  .0001663	 6.666667E-02	 0	
  .0001664	 8.235294E-02	 0	
  .0001665	 9.019608E-02	 0	
  .0001666	 8.235294E-02	 0	
  .0001667	 8.235294E-02	 0	
  .0001668	 8.235294E-02	 0	
  .0001669	 7.450981E-02	 0	
  .000167	 7.450981E-02	 0	
  .0001671	 8.235294E-02	 0	
  .0001672	 7.450981E-02	 0	
  .0001673	 7.450981E-02	 0	
  .0001674	 7.450981E-02	 0	
  .0001675	 6.666667E-02	 0	
  .0001676	 7.450981E-02	 0	
  .0001677	 8.235294E-02	 0	
  .0001678	 6.666667E-02	 0	
  .0001679	 8.235294E-02	 0	
  .000168	 7.450981E-02	 0	
  .0001681	 6.666667E-02	 0	
  .0001682	 6.666667E-02	 0	
  .0001683	 8.235294E-02	 0	
  .0001684	 7.450981E-02	 0	
  .0001685	 7.450981E-02	 0	
  .0001686	 7.450981E-02	 0	
  .0001687	 8.235294E-02	 0	
  .0001688	 6.666667E-02	 0	
  .0001689	 8.235294E-02	 0	
  .000169	 7.450981E-02	 0	
  .0001691	 6.666667E-02	 0	
  .0001692	 7.450981E-02	 0	
  .0001693	 6.666667E-02	 0	
  .0001694	 7.450981E-02	 0	
  .0001695	 7.450981E-02	 0	
  .0001696	 7.450981E-02	 0	
  .0001697	 7.450981E-02	 0	
  .0001698	 6.666667E-02	 0	
  .0001699	 6.666667E-02	 0	
  .00017	 7.450981E-02	 0	
  .0001701	 6.666667E-02	 0	
  .0001702	 6.666667E-02	 0	
  .0001703	 7.450981E-02	 0	
  .0001704	 8.235294E-02	 0	
  .0001705	 7.450981E-02	 0	
  .0001706	 6.666667E-02	 0	
  .0001707	 7.450981E-02	 0	
  .0001708	 7.450981E-02	 0	
  .0001709	 7.450981E-02	 0	
  .000171	 8.235294E-02	 0	
  .0001711	 7.450981E-02	 0	
  .0001712	 7.450981E-02	 0	
  .0001713	 6.666667E-02	 0	
  .0001714	 7.450981E-02	 0	
  .0001715	 6.666667E-02	 0	
  .0001716	 7.450981E-02	 0	
  .0001717	 7.450981E-02	 0	
  .0001718	 7.450981E-02	 0	
  .0001719	 7.450981E-02	 0	
  .000172	 6.666667E-02	 0	
  .0001721	 6.666667E-02	 0	
  .0001722	 7.450981E-02	 0	
  .0001723	 8.235294E-02	 0	
  .0001724	 7.450981E-02	 0	
  .0001725	 5.882353E-02	 0	
  .0001726	 6.666667E-02	 0	
  .0001727	 6.666667E-02	 0	
  .0001728	 7.450981E-02	 0	
  .0001729	 5.882353E-02	 0	
  .000173	 5.098039E-02	 0	
  .0001731	 5.882353E-02	 0	
  .0001732	 5.098039E-02	 0	
  .0001733	 6.666667E-02	 0	
  .0001734	 5.882353E-02	 0	
  .0001735	 7.450981E-02	 0	
  .0001736	 5.882353E-02	 0	
  .0001737	 7.450981E-02	 0	
  .0001738	 5.882353E-02	 0	
  .0001739	 6.666667E-02	 0	
  .000174	 6.666667E-02	 0	
  .0001741	 5.882353E-02	 0	
  .0001742	 6.666667E-02	 0	
  .0001743	 5.882353E-02	 0	
  .0001744	 5.882353E-02	 0	
  .0001745	 5.882353E-02	 0	
  .0001746	 5.882353E-02	 0	
  .0001747	 5.882353E-02	 0	
  .0001748	 5.882353E-02	 0	
  .0001749	 5.882353E-02	 0	
  .000175	 5.098039E-02	 0	
  .0001751	 6.666667E-02	 0	
  .0001752	 5.882353E-02	 0	
  .0001753	 5.882353E-02	 0	
  .0001754	 5.882353E-02	 0	
  .0001755	 5.098039E-02	 0	
  .0001756	 5.098039E-02	 0	
  .0001757	 5.098039E-02	 0	
  .0001758	 5.098039E-02	 0	
  .0001759	 6.666667E-02	 0	
  .000176	 5.098039E-02	 0	
  .0001761	 5.098039E-02	 0	
  .0001762	 4.313726E-02	 0	
  .0001763	 4.313726E-02	 0	
  .0001764	 5.882353E-02	 0	
  .0001765	 5.098039E-02	 0	
  .0001766	 5.882353E-02	 0	
  .0001767	 5.098039E-02	 0	
  .0001768	 4.313726E-02	 0	
  .0001769	 5.098039E-02	 0	
  .000177	 4.313726E-02	 0	
  .0001771	 4.313726E-02	 0	
  .0001772	 4.313726E-02	 0	
  .0001773	 4.313726E-02	 0	
  .0001774	 3.529412E-02	 0	
  .0001775	 4.313726E-02	 0	
  .0001776	 5.098039E-02	 0	
  .0001777	 3.529412E-02	 0	
  .0001778	 4.313726E-02	 0	
  .0001779	 3.529412E-02	 0	
  .000178	 3.529412E-02	 0	
  .0001781	 3.529412E-02	 0	
  .0001782	 4.313726E-02	 0	
  .0001783	 4.313726E-02	 0	
  .0001784	 3.529412E-02	 0	
  .0001785	 3.529412E-02	 0	
  .0001786	 3.529412E-02	 0	
  .0001787	 2.745098E-02	 0	
  .0001788	 3.529412E-02	 0	
  .0001789	 3.529412E-02	 0	
  .000179	 3.529412E-02	 0	
  .0001791	 2.745098E-02	 0	
  .0001792	 3.529412E-02	 0	
  .0001793	 2.745098E-02	 0	
  .0001794	 3.529412E-02	 0	
  .0001795	 2.745098E-02	 0	
  .0001796	 2.745098E-02	 0	
  .0001797	 2.745098E-02	 0	
  .0001798	 2.745098E-02	 0	
  .0001799	 1.960784E-02	 0	
  .00018	 2.745098E-02	 0	
  .0001801	 2.745098E-02	 0	
  .0001802	 2.745098E-02	 0	
  .0001803	 2.745098E-02	 0	
  .0001804	 3.529412E-02	 0	
  .0001805	 1.960784E-02	 0	
  .0001806	 1.960784E-02	 0	
  .0001807	 2.745098E-02	 0	
  .0001808	 1.960784E-02	 0	
  .0001809	 3.529412E-02	 0	
  .000181	 2.745098E-02	 0	
  .0001811	 1.960784E-02	 0	
  .0001812	 1.960784E-02	 0	
  .0001813	 1.960784E-02	 0	
  .0001814	 1.176471E-02	 0	
  .0001815	 2.745098E-02	 0	
  .0001816	 1.960784E-02	 0	
  .0001817	 1.176471E-02	 0	
  .0001818	 1.960784E-02	 0	
  .0001819	 1.960784E-02	 0	
  .000182	 1.960784E-02	 0	
  .0001821	 1.960784E-02	 0	
  .0001822	 2.745098E-02	 0	
  .0001823	 1.176471E-02	 0	
  .0001824	 3.921569E-03	 0	
  .0001825	 3.921569E-03	 0	
  .0001826	 1.176471E-02	 0	
  .0001827	 1.960784E-02	 0	
  .0001828	 3.921569E-03	 0	
  .0001829	 3.921569E-03	 0	
  .000183	 3.921569E-03	 0	
  .0001831	-3.921569E-03	 0	
  .0001832	 3.921569E-03	 0	
  .0001833	 3.921569E-03	 0	
  .0001834	 3.921569E-03	 0	
  .0001835	 3.921569E-03	 0	
  .0001836	 1.176471E-02	 0	
  .0001837	-3.921569E-03	 0	
  .0001838	 3.921569E-03	 0	
  .0001839	 1.176471E-02	 0	
  .000184	-3.921569E-03	 0	
  .0001841	-3.921569E-03	 0	
  .0001842	 3.921569E-03	 0	
  .0001843	-3.921569E-03	 0	
  .0001844	-3.921569E-03	 0	
  .0001845	-3.921569E-03	 0	
  .0001846	 3.921569E-03	 0	
  .0001847	-3.921569E-03	 0	
  .0001848	-3.921569E-03	 0	
  .0001849	-3.921569E-03	 0	
  .000185	-3.921569E-03	 0	
  .0001851	-3.921569E-03	 0	
  .0001852	-3.921569E-03	 0	
  .0001853	-1.176471E-02	 0	
  .0001854	-1.176471E-02	 0	
  .0001855	-1.176471E-02	 0	
  .0001856	-1.960784E-02	 0	
  .0001857	-3.921569E-03	 0	
  .0001858	 3.921569E-03	 0	
  .0001859	-1.176471E-02	 0	
  .000186	-3.921569E-03	 0	
  .0001861	-1.176471E-02	 0	
  .0001862	-1.176471E-02	 0	
  .0001863	-3.921569E-03	 0	
  .0001864	-1.960784E-02	 0	
  .0001865	-1.176471E-02	 0	
  .0001866	-1.176471E-02	 0	
  .0001867	-1.176471E-02	 0	
  .0001868	-1.176471E-02	 0	
  .0001869	-1.176471E-02	 0	
  .000187	-1.960784E-02	 0	
  .0001871	-1.176471E-02	 0	
  .0001872	-1.960784E-02	 0	
  .0001873	-1.176471E-02	 0	
  .0001874	-1.960784E-02	 0	
  .0001875	-1.176471E-02	 0	
  .0001876	-1.960784E-02	 0	
  .0001877	-1.176471E-02	 0	
  .0001878	-1.960784E-02	 0	
  .0001879	-2.745098E-02	 0	
  .000188	-1.960784E-02	 0	
  .0001881	-1.176471E-02	 0	
  .0001882	-1.960784E-02	 0	
  .0001883	-1.960784E-02	 0	
  .0001884	-1.960784E-02	 0	
  .0001885	-1.960784E-02	 0	
  .0001886	-3.529412E-02	 0	
  .0001887	-2.745098E-02	 0	
  .0001888	-1.960784E-02	 0	
  .0001889	-1.960784E-02	 0	
  .000189	-1.960784E-02	 0	
  .0001891	-1.960784E-02	 0	
  .0001892	-3.529412E-02	 0	
  .0001893	-2.745098E-02	 0	
  .0001894	-1.960784E-02	 0	
  .0001895	-2.745098E-02	 0	
  .0001896	-2.745098E-02	 0	
  .0001897	-2.745098E-02	 0	
  .0001898	-3.529412E-02	 0	
  .0001899	-3.529412E-02	 0	
  .00019	-3.529412E-02	 0	
  .0001901	-2.745098E-02	 0	
  .0001902	-3.529412E-02	 0	
  .0001903	-3.529412E-02	 0	
  .0001904	-2.745098E-02	 0	
  .0001905	-3.529412E-02	 0	
  .0001906	-2.745098E-02	 0	
  .0001907	-3.529412E-02	 0	
  .0001908	-2.745098E-02	 0	
  .0001909	-4.313726E-02	 0	
  .000191	-3.529412E-02	 0	
  .0001911	-3.529412E-02	 0	
  .0001912	-4.313726E-02	 0	
  .0001913	-3.529412E-02	 0	
  .0001914	-2.745098E-02	 0	
  .0001915	-3.529412E-02	 0	
  .0001916	-4.313726E-02	 0	
  .0001917	-3.529412E-02	 0	
  .0001918	-3.529412E-02	 0	
  .0001919	-3.529412E-02	 0	
  .000192	-3.529412E-02	 0	
  .0001921	-2.745098E-02	 0	
  .0001922	-3.529412E-02	 0	
  .0001923	-4.313726E-02	 0	
  .0001924	-4.313726E-02	 0	
  .0001925	-3.529412E-02	 0	
  .0001926	-3.529412E-02	 0	
  .0001927	-3.529412E-02	 0	
  .0001928	-3.529412E-02	 0	
  .0001929	-4.313726E-02	 0	
  .000193	-4.313726E-02	 0	
  .0001931	-4.313726E-02	 0	
  .0001932	-5.098039E-02	 0	
  .0001933	-4.313726E-02	 0	
  .0001934	-3.529412E-02	 0	
  .0001935	-3.529412E-02	 0	
  .0001936	-4.313726E-02	 0	
  .0001937	-4.313726E-02	 0	
  .0001938	-4.313726E-02	 0	
  .0001939	-4.313726E-02	 0	
  .000194	-4.313726E-02	 0	
  .0001941	-4.313726E-02	 0	
  .0001942	-3.529412E-02	 0	
  .0001943	-4.313726E-02	 0	
  .0001944	-4.313726E-02	 0	
  .0001945	-3.529412E-02	 0	
  .0001946	-4.313726E-02	 0	
  .0001947	-4.313726E-02	 0	
  .0001948	-3.529412E-02	 0	
  .0001949	-5.098039E-02	 0	
  .000195	-4.313726E-02	 0	
  .0001951	-4.313726E-02	 0	
  .0001952	-4.313726E-02	 0	
  .0001953	-4.313726E-02	 0	
  .0001954	-4.313726E-02	 0	
  .0001955	-4.313726E-02	 0	
  .0001956	-4.313726E-02	 0	
  .0001957	-3.529412E-02	 0	
  .0001958	-3.529412E-02	 0	
  .0001959	-4.313726E-02	 0	
  .000196	-4.313726E-02	 0	
  .0001961	-4.313726E-02	 0	
  .0001962	-3.529412E-02	 0	
  .0001963	-4.313726E-02	 0	
  .0001964	-4.313726E-02	 0	
  .0001965	-4.313726E-02	 0	
  .0001966	-4.313726E-02	 0	
  .0001967	-4.313726E-02	 0	
  .0001968	-3.529412E-02	 0	
  .0001969	-4.313726E-02	 0	
  .000197	-4.313726E-02	 0	
  .0001971	-4.313726E-02	 0	
  .0001972	-4.313726E-02	 0	
  .0001973	-4.313726E-02	 0	
  .0001974	-3.529412E-02	 0	
  .0001975	-3.529412E-02	 0	
  .0001976	-4.313726E-02	 0	
  .0001977	-3.529412E-02	 0	
  .0001978	-4.313726E-02	 0	
  .0001979	-4.313726E-02	 0	
  .000198	-3.529412E-02	 0	
  .0001981	-3.529412E-02	 0	
  .0001982	-5.098039E-02	 0	
  .0001983	-3.529412E-02	 0	
  .0001984	-4.313726E-02	 0	
  .0001985	-3.529412E-02	 0	
  .0001986	-3.529412E-02	 0	
  .0001987	-3.529412E-02	 0	
  .0001988	-4.313726E-02	 0	
  .0001989	-3.529412E-02	 0	
  .000199	-3.529412E-02	 0	
  .0001991	-4.313726E-02	 0	
  .0001992	-4.313726E-02	 0	
  .0001993	-3.529412E-02	 0	
  .0001994	-3.529412E-02	 0	
  .0001995	-4.313726E-02	 0	
  .0001996	-4.313726E-02	 0	
  .0001997	-4.313726E-02	 0	
  .0001998	-4.313726E-02	 0	
  .0001999	-3.529412E-02	 0	
  .0002	-3.529412E-02	 0	
  .0002001	-3.529412E-02	 0	
  .0002002	-3.529412E-02	 0	
  .0002003	-3.529412E-02	 0	
  .0002004	-3.529412E-02	 0	
  .0002005	-3.529412E-02	 0	
  .0002006	-3.529412E-02	 0	
  .0002007	-2.745098E-02	 0	
  .0002008	-3.529412E-02	 0	
  .0002009	-2.745098E-02	 0	
  .000201	-3.529412E-02	 0	
  .0002011	-2.745098E-02	 0	
  .0002012	-3.529412E-02	 0	
  .0002013	-2.745098E-02	 0	
  .0002014	-3.529412E-02	 0	
  .0002015	-3.529412E-02	 0	
  .0002016	-3.529412E-02	 0	
  .0002017	-2.745098E-02	 0	
  .0002018	-2.745098E-02	 0	
  .0002019	-2.745098E-02	 0	
  .000202	-2.745098E-02	 0	
  .0002021	-2.745098E-02	 0	
  .0002022	-2.745098E-02	 0	
  .0002023	-3.529412E-02	 0	
  .0002024	-2.745098E-02	 0	
  .0002025	-3.529412E-02	 0	
  .0002026	-3.529412E-02	 0	
  .0002027	-3.529412E-02	 0	
  .0002028	-3.529412E-02	 0	
  .0002029	-3.529412E-02	 0	
  .000203	-2.745098E-02	 0	
  .0002031	-2.745098E-02	 0	
  .0002032	-2.745098E-02	 0	
  .0002033	-2.745098E-02	 0	
  .0002034	-1.960784E-02	 0	
  .0002035	-2.745098E-02	 0	
  .0002036	-2.745098E-02	 0	
  .0002037	-2.745098E-02	 0	
  .0002038	-2.745098E-02	 0	
  .0002039	-2.745098E-02	 0	
  .000204	-2.745098E-02	 0	
  .0002041	-2.745098E-02	 0	
  .0002042	-2.745098E-02	 0	
  .0002043	-2.745098E-02	 0	
  .0002044	-1.176471E-02	 0	
  .0002045	-3.529412E-02	 0	
  .0002046	-1.960784E-02	 0	
  .0002047	-2.745098E-02	 0	
  .0002048	-1.960784E-02	 0	
  .0002049	-2.745098E-02	 0	
  .000205	-1.960784E-02	 0	
  .0002051	-2.745098E-02	 0	
  .0002052	-1.960784E-02	 0	
  .0002053	-2.745098E-02	 0	
  .0002054	-1.960784E-02	 0	
  .0002055	-2.745098E-02	 0	
  .0002056	-1.176471E-02	 0	
  .0002057	-1.960784E-02	 0	
  .0002058	-1.960784E-02	 0	
  .0002059	-2.745098E-02	 0	
  .000206	-2.745098E-02	 0	
  .0002061	-1.176471E-02	 0	
  .0002062	-1.960784E-02	 0	
  .0002063	-1.176471E-02	 0	
  .0002064	-1.960784E-02	 0	
  .0002065	-1.960784E-02	 0	
  .0002066	-1.960784E-02	 0	
  .0002067	-1.960784E-02	 0	
  .0002068	-1.960784E-02	 0	
  .0002069	-1.176471E-02	 0	
  .000207	-1.960784E-02	 0	
  .0002071	-1.176471E-02	 0	
  .0002072	-1.960784E-02	 0	
  .0002073	-3.921569E-03	 0	
  .0002074	-1.176471E-02	 0	
  .0002075	-1.960784E-02	 0	
  .0002076	-1.176471E-02	 0	
  .0002077	-1.176471E-02	 0	
  .0002078	-1.960784E-02	 0	
  .0002079	-3.921569E-03	 0	
  .000208	-1.176471E-02	 0	
  .0002081	-3.921569E-03	 0	
  .0002082	-3.921569E-03	 0	
  .0002083	-3.921569E-03	 0	
  .0002084	-1.960784E-02	 0	
  .0002085	-3.921569E-03	 0	
  .0002086	-3.921569E-03	 0	
  .0002087	-3.921569E-03	 0	
  .0002088	-1.176471E-02	 0	
  .0002089	-3.921569E-03	 0	
  .000209	-3.921569E-03	 0	
  .0002091	-3.921569E-03	 0	
  .0002092	-3.921569E-03	 0	
  .0002093	-3.921569E-03	 0	
  .0002094	-1.176471E-02	 0	
  .0002095	-3.921569E-03	 0	
  .0002096	-1.176471E-02	 0	
  .0002097	 3.921569E-03	 0	
  .0002098	-3.921569E-03	 0	
  .0002099	 3.921569E-03	 0	
  .00021	 3.921569E-03	 0	
  .0002101	-3.921569E-03	 0	
  .0002102	 3.921569E-03	 0	
  .0002103	-3.921569E-03	 0	
  .0002104	 1.176471E-02	 0	
  .0002105	 3.921569E-03	 0	
  .0002106	 1.176471E-02	 0	
  .0002107	 1.176471E-02	 0	
  .0002108	 3.921569E-03	 0	
  .0002109	 3.921569E-03	 0	
  .000211	 3.921569E-03	 0	
  .0002111	 3.921569E-03	 0	
  .0002112	 1.176471E-02	 0	
  .0002113	 1.176471E-02	 0	
  .0002114	 3.921569E-03	 0	
  .0002115	 3.921569E-03	 0	
  .0002116	 3.921569E-03	 0	
  .0002117	 3.921569E-03	 0	
  .0002118	 3.921569E-03	 0	
  .0002119	 1.176471E-02	 0	
  .000212	 1.176471E-02	 0	
  .0002121	 3.921569E-03	 0	
  .0002122	 1.176471E-02	 0	
  .0002123	 1.960784E-02	 0	
  .0002124	 1.176471E-02	 0	
  .0002125	 3.921569E-03	 0	
  .0002126	 3.921569E-03	 0	
  .0002127	 3.921569E-03	 0	
  .0002128	 1.176471E-02	 0	
  .0002129	 3.921569E-03	 0	
  .000213	 1.960784E-02	 0	
  .0002131	 3.921569E-03	 0	
  .0002132	 1.960784E-02	 0	
  .0002133	 2.745098E-02	 0	
  .0002134	 1.176471E-02	 0	
  .0002135	 1.960784E-02	 0	
  .0002136	 1.960784E-02	 0	
  .0002137	 1.176471E-02	 0	
  .0002138	 1.960784E-02	 0	
  .0002139	 1.960784E-02	 0	
  .000214	 1.960784E-02	 0	
  .0002141	 1.176471E-02	 0	
  .0002142	 1.176471E-02	 0	
  .0002143	 1.960784E-02	 0	
  .0002144	 1.960784E-02	 0	
  .0002145	 1.960784E-02	 0	
  .0002146	 1.960784E-02	 0	
  .0002147	 1.960784E-02	 0	
  .0002148	 1.960784E-02	 0	
  .0002149	 2.745098E-02	 0	
  .000215	 1.960784E-02	 0	
  .0002151	 1.960784E-02	 0	
  .0002152	 1.960784E-02	 0	
  .0002153	 2.745098E-02	 0	
  .0002154	 1.960784E-02	 0	
  .0002155	 3.529412E-02	 0	
  .0002156	 2.745098E-02	 0	
  .0002157	 1.960784E-02	 0	
  .0002158	 2.745098E-02	 0	
  .0002159	 2.745098E-02	 0	
  .000216	 2.745098E-02	 0	
  .0002161	 2.745098E-02	 0	
  .0002162	 3.529412E-02	 0	
  .0002163	 2.745098E-02	 0	
  .0002164	 1.960784E-02	 0	
  .0002165	 2.745098E-02	 0	
  .0002166	 2.745098E-02	 0	
  .0002167	 2.745098E-02	 0	
  .0002168	 1.960784E-02	 0	
  .0002169	 1.960784E-02	 0	
  .000217	 1.960784E-02	 0	
  .0002171	 1.960784E-02	 0	
  .0002172	 3.529412E-02	 0	
  .0002173	 2.745098E-02	 0	
  .0002174	 3.529412E-02	 0	
  .0002175	 2.745098E-02	 0	
  .0002176	 1.960784E-02	 0	
  .0002177	 2.745098E-02	 0	
  .0002178	 3.529412E-02	 0	
  .0002179	 3.529412E-02	 0	
  .000218	 3.529412E-02	 0	
  .0002181	 3.529412E-02	 0	
  .0002182	 3.529412E-02	 0	
  .0002183	 2.745098E-02	 0	
  .0002184	 3.529412E-02	 0	
  .0002185	 3.529412E-02	 0	
  .0002186	 3.529412E-02	 0	
  .0002187	 3.529412E-02	 0	
  .0002188	 3.529412E-02	 0	
  .0002189	 2.745098E-02	 0	
  .000219	 2.745098E-02	 0	
  .0002191	 3.529412E-02	 0	
  .0002192	 4.313726E-02	 0	
  .0002193	 3.529412E-02	 0	
  .0002194	 3.529412E-02	 0	
  .0002195	 3.529412E-02	 0	
  .0002196	 2.745098E-02	 0	
  .0002197	 3.529412E-02	 0	
  .0002198	 4.313726E-02	 0	
  .0002199	 4.313726E-02	 0	
  .00022	 3.529412E-02	 0	
  .0002201	 3.529412E-02	 0	
  .0002202	 3.529412E-02	 0	
  .0002203	 4.313726E-02	 0	
  .0002204	 4.313726E-02	 0	
  .0002205	 4.313726E-02	 0	
  .0002206	 3.529412E-02	 0	
  .0002207	 4.313726E-02	 0	
  .0002208	 3.529412E-02	 0	
  .0002209	 4.313726E-02	 0	
  .000221	 3.529412E-02	 0	
  .0002211	 4.313726E-02	 0	
  .0002212	 4.313726E-02	 0	
  .0002213	 4.313726E-02	 0	
  .0002214	 4.313726E-02	 0	
  .0002215	 4.313726E-02	 0	
  .0002216	 4.313726E-02	 0	
  .0002217	 4.313726E-02	 0	
  .0002218	 4.313726E-02	 0	
  .0002219	 4.313726E-02	 0	
  .000222	 3.529412E-02	 0	
  .0002221	 4.313726E-02	 0	
  .0002222	 4.313726E-02	 0	
  .0002223	 4.313726E-02	 0	
  .0002224	 4.313726E-02	 0	
  .0002225	 4.313726E-02	 0	
  .0002226	 4.313726E-02	 0	
  .0002227	 3.529412E-02	 0	
  .0002228	 4.313726E-02	 0	
  .0002229	 3.529412E-02	 0	
  .000223	 4.313726E-02	 0	
  .0002231	 3.529412E-02	 0	
  .0002232	 5.098039E-02	 0	
  .0002233	 4.313726E-02	 0	
  .0002234	 4.313726E-02	 0	
  .0002235	 4.313726E-02	 0	
  .0002236	 4.313726E-02	 0	
  .0002237	 5.098039E-02	 0	
  .0002238	 5.098039E-02	 0	
  .0002239	 4.313726E-02	 0	
  .000224	 4.313726E-02	 0	
  .0002241	 3.529412E-02	 0	
  .0002242	 4.313726E-02	 0	
  .0002243	 3.529412E-02	 0	
  .0002244	 3.529412E-02	 0	
  .0002245	 4.313726E-02	 0	
  .0002246	 5.098039E-02	 0	
  .0002247	 4.313726E-02	 0	
  .0002248	 5.098039E-02	 0	
  .0002249	 5.098039E-02	 0	
  .000225	 4.313726E-02	 0	
