Date                :       11-22-2010
Time                :       14:15:40
Voltage on Bank     :       
Capacitance         :       
Crowbar             :       
Pretrigger Points   :        250
Sampling period     :        .0000001
Coil Surface        :       50
Type of measurement :       
Sample name         :       
Temperature         :       
                    :       
 -.0000249	 1.176471E-02	 0	
 -.0000248	 3.921569E-03	 0	
 -.0000247	 3.921569E-03	 0	
 -.0000246	 1.960784E-02	 0	
 -.0000245	 1.176471E-02	 0	
 -.0000244	 3.921569E-03	 0	
 -.0000243	 3.921569E-03	 0	
 -.0000242	 1.176471E-02	 0	
 -.0000241	 1.176471E-02	 0	
 -.000024	 3.921569E-03	 0	
 -.0000239	 3.921569E-03	 0	
 -.0000238	 1.176471E-02	 0	
 -.0000237	 1.960784E-02	 0	
 -.0000236	 3.921569E-03	 0	
 -.0000235	 1.960784E-02	 0	
 -.0000234	 1.176471E-02	 0	
 -.0000233	 1.176471E-02	 0	
 -.0000232	 1.176471E-02	 0	
 -.0000231	 1.176471E-02	 0	
 -.000023	 1.176471E-02	 0	
 -.0000229	-3.921569E-03	 0	
 -.0000228	 3.921569E-03	 0	
 -.0000227	 1.176471E-02	 0	
 -.0000226	 3.921569E-03	 0	
 -.0000225	-3.921569E-03	 0	
 -.0000224	 1.176471E-02	 0	
 -.0000223	 3.921569E-03	 0	
 -.0000222	 1.176471E-02	 0	
 -.0000221	 1.960784E-02	 0	
 -.000022	-1.176471E-02	 0	
 -.0000219	 1.176471E-02	 0	
 -.0000218	 1.960784E-02	 0	
 -.0000217	-3.921569E-03	 0	
 -.0000216	 3.921569E-03	 0	
 -.0000215	 3.921569E-03	 0	
 -.0000214	-3.921569E-03	 0	
 -.0000213	 3.921569E-03	 0	
 -.0000212	 1.176471E-02	 0	
 -.0000211	 3.921569E-03	 0	
 -.000021	 1.960784E-02	 0	
 -.0000209	 1.176471E-02	 0	
 -.0000208	 1.176471E-02	 0	
 -.0000207	 3.921569E-03	 0	
 -.0000206	 1.176471E-02	 0	
 -.0000205	 3.921569E-03	 0	
 -.0000204	 1.960784E-02	 0	
 -.0000203	 3.921569E-03	 0	
 -.0000202	 1.176471E-02	 0	
 -.0000201	 1.176471E-02	 0	
 -.00002	 3.921569E-03	 0	
 -.0000199	 3.921569E-03	 0	
 -.0000198	 1.176471E-02	 0	
 -.0000197	 1.960784E-02	 0	
 -.0000196	 1.960784E-02	 0	
 -.0000195	 1.176471E-02	 0	
 -.0000194	 1.176471E-02	 0	
 -.0000193	 1.176471E-02	 0	
 -.0000192	 1.176471E-02	 0	
 -.0000191	 1.176471E-02	 0	
 -.000019	 1.176471E-02	 0	
 -.0000189	 1.176471E-02	 0	
 -.0000188	 3.921569E-03	 0	
 -.0000187	 1.176471E-02	 0	
 -.0000186	 1.960784E-02	 0	
 -.0000185	 1.176471E-02	 0	
 -.0000184	 3.921569E-03	 0	
 -.0000183	 1.176471E-02	 0	
 -.0000182	 3.921569E-03	 0	
 -.0000181	 1.176471E-02	 0	
 -.000018	 3.921569E-03	 0	
 -.0000179	 3.921569E-03	 0	
 -.0000178	 3.921569E-03	 0	
 -.0000177	 1.960784E-02	 0	
 -.0000176	 1.176471E-02	 0	
 -.0000175	 1.176471E-02	 0	
 -.0000174	 1.960784E-02	 0	
 -.0000173	-3.921569E-03	 0	
 -.0000172	 1.960784E-02	 0	
 -.0000171	 1.176471E-02	 0	
 -.000017	-3.921569E-03	 0	
 -.0000169	 3.921569E-03	 0	
 -.0000168	 1.176471E-02	 0	
 -.0000167	 3.921569E-03	 0	
 -.0000166	 3.921569E-03	 0	
 -.0000165	 3.921569E-03	 0	
 -.0000164	 3.921569E-03	 0	
 -.0000163	 3.921569E-03	 0	
 -.0000162	 1.176471E-02	 0	
 -.0000161	 1.176471E-02	 0	
 -.000016	 1.176471E-02	 0	
 -.0000159	 3.921569E-03	 0	
 -.0000158	 3.921569E-03	 0	
 -.0000157	 3.921569E-03	 0	
 -.0000156	 3.921569E-03	 0	
 -.0000155	 1.176471E-02	 0	
 -.0000154	 3.921569E-03	 0	
 -.0000153	 1.176471E-02	 0	
 -.0000152	 3.921569E-03	 0	
 -.0000151	 1.960784E-02	 0	
 -.000015	 1.176471E-02	 0	
 -.0000149	 3.921569E-03	 0	
 -.0000148	 3.921569E-03	 0	
 -.0000147	 1.960784E-02	 0	
 -.0000146	 1.176471E-02	 0	
 -.0000145	 3.921569E-03	 0	
 -.0000144	 1.176471E-02	 0	
 -.0000143	 1.960784E-02	 0	
 -.0000142	 1.176471E-02	 0	
 -.0000141	 3.921569E-03	 0	
 -.000014	 1.176471E-02	 0	
 -.0000139	 3.921569E-03	 0	
 -.0000138	 1.176471E-02	 0	
 -.0000137	 3.921569E-03	 0	
 -.0000136	 1.176471E-02	 0	
 -.0000135	 3.921569E-03	 0	
 -.0000134	-3.921569E-03	 0	
 -.0000133	 3.921569E-03	 0	
 -.0000132	 1.176471E-02	 0	
 -.0000131	 1.176471E-02	 0	
 -.000013	-3.921569E-03	 0	
 -.0000129	 3.921569E-03	 0	
 -.0000128	 1.176471E-02	 0	
 -.0000127	 1.176471E-02	 0	
 -.0000126	 3.921569E-03	 0	
 -.0000125	 3.921569E-03	 0	
 -.0000124	 1.176471E-02	 0	
 -.0000123	 3.921569E-03	 0	
 -.0000122	 1.176471E-02	 0	
 -.0000121	 3.921569E-03	 0	
 -.000012	 1.176471E-02	 0	
 -.0000119	 1.176471E-02	 0	
 -.0000118	-3.921569E-03	 0	
 -.0000117	 3.921569E-03	 0	
 -.0000116	 1.176471E-02	 0	
 -.0000115	 3.921569E-03	 0	
 -.0000114	 1.176471E-02	 0	
 -.0000113	-3.921569E-03	 0	
 -.0000112	 1.176471E-02	 0	
 -.0000111	 1.176471E-02	 0	
 -.000011	 1.176471E-02	 0	
 -.0000109	 1.176471E-02	 0	
 -.0000108	 3.921569E-03	 0	
 -.0000107	 1.960784E-02	 0	
 -.0000106	 3.921569E-03	 0	
 -.0000105	 1.176471E-02	 0	
 -.0000104	 3.921569E-03	 0	
 -.0000103	 3.921569E-03	 0	
 -.0000102	 1.176471E-02	 0	
 -.0000101	 3.921569E-03	 0	
 -.00001	 3.921569E-03	 0	
 -.0000099	 1.176471E-02	 0	
 -.0000098	 2.745098E-02	 0	
 -.0000097	 1.176471E-02	 0	
 -.0000096	 1.176471E-02	 0	
 -.0000095	 1.176471E-02	 0	
 -.0000094	 3.921569E-03	 0	
 -.0000093	 1.176471E-02	 0	
 -.0000092	 1.176471E-02	 0	
 -.0000091	 3.921569E-03	 0	
 -.000009	 1.176471E-02	 0	
 -.0000089	 3.921569E-03	 0	
 -.0000088	 3.921569E-03	 0	
 -.0000087	 1.176471E-02	 0	
 -.0000086	 3.921569E-03	 0	
 -.0000085	-3.921569E-03	 0	
 -.0000084	 3.921569E-03	 0	
 -.0000083	-3.921569E-03	 0	
 -.0000082	-3.921569E-03	 0	
 -.0000081	 3.921569E-03	 0	
 -.000008	 1.176471E-02	 0	
 -.0000079	 1.176471E-02	 0	
 -.0000078	 1.960784E-02	 0	
 -.0000077	 1.176471E-02	 0	
 -.0000076	 3.921569E-03	 0	
 -.0000075	 3.921569E-03	 0	
 -.0000074	 3.921569E-03	 0	
 -.0000073	 1.176471E-02	 0	
 -.0000072	 2.745098E-02	 0	
 -.0000071	 3.921569E-03	 0	
 -.000007	 3.921569E-03	 0	
 -.0000069	 1.176471E-02	 0	
 -.0000068	 1.176471E-02	 0	
 -.0000067	 1.176471E-02	 0	
 -.0000066	 1.176471E-02	 0	
 -.0000065	 1.176471E-02	 0	
 -.0000064	 1.176471E-02	 0	
 -.0000063	-3.921569E-03	 0	
 -.0000062	 1.176471E-02	 0	
 -.0000061	 3.921569E-03	 0	
 -.000006	 3.921569E-03	 0	
 -.0000059	 3.921569E-03	 0	
 -.0000058	 3.921569E-03	 0	
 -.0000057	 3.921569E-03	 0	
 -.0000056	 1.960784E-02	 0	
 -.0000055	 1.176471E-02	 0	
 -.0000054	 1.176471E-02	 0	
 -.0000053	 3.921569E-03	 0	
 -.0000052	 1.176471E-02	 0	
 -.0000051	 1.176471E-02	 0	
 -.000005	 3.921569E-03	 0	
 -.0000049	 3.921569E-03	 0	
 -.0000048	 1.176471E-02	 0	
 -.0000047	 3.921569E-03	 0	
 -.0000046	 3.921569E-03	 0	
 -.0000045	 1.960784E-02	 0	
 -.0000044	 1.960784E-02	 0	
 -.0000043	 3.921569E-03	 0	
 -.0000042	 3.921569E-03	 0	
 -.0000041	 1.176471E-02	 0	
 -.000004	 1.176471E-02	 0	
 -.0000039	 2.745098E-02	 0	
 -.0000038	 1.960784E-02	 0	
 -.0000037	 1.960784E-02	 0	
 -.0000036	 1.960784E-02	 0	
 -.0000035	 1.176471E-02	 0	
 -.0000034	 3.921569E-03	 0	
 -.0000033	 1.960784E-02	 0	
 -.0000032	 3.921569E-03	 0	
 -.0000031	 3.921569E-03	 0	
 -.000003	 1.960784E-02	 0	
 -.0000029	 1.176471E-02	 0	
 -.0000028	 1.176471E-02	 0	
 -.0000027	 3.921569E-03	 0	
 -.0000026	 3.921569E-03	 0	
 -.0000025	 1.960784E-02	 0	
 -.0000024	 1.176471E-02	 0	
 -.0000023	 1.176471E-02	 0	
 -.0000022	 3.921569E-03	 0	
 -.0000021	-3.921569E-03	 0	
 -.000002	 1.176471E-02	 0	
 -.0000019	 3.921569E-03	 0	
 -.0000018	 3.921569E-03	 0	
 -.0000017	 3.921569E-03	 0	
 -.0000016	 1.176471E-02	 0	
 -.0000015	 3.921569E-03	 0	
 -.0000014	 1.176471E-02	 0	
 -.0000013	 2.745098E-02	 0	
 -.0000012	 3.921569E-03	 0	
 -.0000011	 1.176471E-02	 0	
 -.000001	 3.921569E-03	 0	
 -.0000009	-3.921569E-03	 0	
 -.0000008	 3.921569E-03	 0	
 -.0000007	 1.176471E-02	 0	
 -.0000006	 1.176471E-02	 0	
 -.0000005	 1.176471E-02	 0	
 -.0000004	 1.960784E-02	 0	
 -.0000003	 1.176471E-02	 0	
 -.0000002	 1.960784E-02	 0	
 -.0000001	 3.921569E-03	 0	
  0	 1.960784E-02	 0	
  .0000001	 1.960784E-02	 0	
  .0000002	 .2156863	 0	
  .0000003	 .427451	 0	
  .0000004	 .5607843	 0	
  .0000005	 .4823529	 0	
  .0000006	 .4823529	 0	
  .0000007	 .4901961	 0	
  .0000008	 .4980392	 0	
  .0000009	 .4901961	 0	
  .000001	 .4901961	 0	
  .0000011	 .5058824	 0	
  .0000012	 .5058824	 0	
  .0000013	 .4980392	 0	
  .0000014	 .5215687	 0	
  .0000015	 .5294118	 0	
  .0000016	 .5215687	 0	
  .0000017	 .5294118	 0	
  .0000018	 .5137255	 0	
  .0000019	 .5450981	 0	
  .000002	 .5450981	 0	
  .0000021	 .5450981	 0	
  .0000022	 .5450981	 0	
  .0000023	 .5450981	 0	
  .0000024	 .5372549	 0	
  .0000025	 .5294118	 0	
  .0000026	 .5529412	 0	
  .0000027	 .5372549	 0	
  .0000028	 .5372549	 0	
  .0000029	 .5215687	 0	
  .000003	 .5215687	 0	
  .0000031	 .5372549	 0	
  .0000032	 .5294118	 0	
  .0000033	 .5372549	 0	
  .0000034	 .5294118	 0	
  .0000035	 .5294118	 0	
  .0000036	 .5294118	 0	
  .0000037	 .5294118	 0	
  .0000038	 .5137255	 0	
  .0000039	 .5058824	 0	
  .000004	 .5058824	 0	
  .0000041	 .4980392	 0	
  .0000042	 .4980392	 0	
  .0000043	 .5137255	 0	
  .0000044	 .5058824	 0	
  .0000045	 .4901961	 0	
  .0000046	 .4980392	 0	
  .0000047	 .4901961	 0	
  .0000048	 .4901961	 0	
  .0000049	 .4823529	 0	
  .000005	 .4901961	 0	
  .0000051	 .4823529	 0	
  .0000052	 .4745098	 0	
  .0000053	 .4745098	 0	
  .0000054	 .4745098	 0	
  .0000055	 .4588235	 0	
  .0000056	 .4509804	 0	
  .0000057	 .4431373	 0	
  .0000058	 .4431373	 0	
  .0000059	 .4431373	 0	
  .000006	 .4509804	 0	
  .0000061	 .427451	 0	
  .0000062	 .4431373	 0	
  .0000063	 .4352941	 0	
  .0000064	 .427451	 0	
  .0000065	 .4117647	 0	
  .0000066	 .4196078	 0	
  .0000067	 .4117647	 0	
  .0000068	 .4039216	 0	
  .0000069	 .4196078	 0	
  .000007	 .4117647	 0	
  .0000071	 .3960784	 0	
  .0000072	 .3960784	 0	
  .0000073	 .3882353	 0	
  .0000074	 .3803922	 0	
  .0000075	 .3882353	 0	
  .0000076	 .3882353	 0	
  .0000077	 .3647059	 0	
  .0000078	 .3568628	 0	
  .0000079	 .3647059	 0	
  .000008	 .3568628	 0	
  .0000081	 .3490196	 0	
  .0000082	 .3568628	 0	
  .0000083	 .3568628	 0	
  .0000084	 .3568628	 0	
  .0000085	 .3490196	 0	
  .0000086	 .3411765	 0	
  .0000087	 .3568628	 0	
  .0000088	 .3411765	 0	
  .0000089	 .3333333	 0	
  .000009	 .3254902	 0	
  .0000091	 .3098039	 0	
  .0000092	 .3098039	 0	
  .0000093	 .3098039	 0	
  .0000094	 .2941177	 0	
  .0000095	 .2941177	 0	
  .0000096	 .2784314	 0	
  .0000097	 .2705882	 0	
  .0000098	 .2627451	 0	
  .0000099	 .2705882	 0	
  .00001	 .2627451	 0	
  .0000101	 .2705882	 0	
  .0000102	 .2627451	 0	
  .0000103	 .2627451	 0	
  .0000104	 .2470588	 0	
  .0000105	 .2470588	 0	
  .0000106	 .2313726	 0	
  .0000107	 .2313726	 0	
  .0000108	 .2235294	 0	
  .0000109	 .2078431	 0	
  .000011	 .2078431	 0	
  .0000111	 .2078431	 0	
  .0000112	 .1921569	 0	
  .0000113	 .1921569	 0	
  .0000114	 .1686275	 0	
  .0000115	 .1607843	 0	
  .0000116	 .1607843	 0	
  .0000117	 .1607843	 0	
  .0000118	 .1607843	 0	
  .0000119	 .1607843	 0	
  .000012	 .1529412	 0	
  .0000121	 .145098	 0	
  .0000122	 .1294118	 0	
  .0000123	 .1215686	 0	
  .0000124	 .1137255	 0	
  .0000125	 .1215686	 0	
  .0000126	 .1137255	 0	
  .0000127	 9.019608E-02	 0	
  .0000128	 9.019608E-02	 0	
  .0000129	 9.019608E-02	 0	
  .000013	 8.235294E-02	 0	
  .0000131	 7.450981E-02	 0	
  .0000132	 6.666667E-02	 0	
  .0000133	 5.882353E-02	 0	
  .0000134	 2.745098E-02	 0	
  .0000135	-6.666667E-02	 0	
  .0000136	-4.313726E-02	 0	
  .0000137	-3.529412E-02	 0	
  .0000138	-5.098039E-02	 0	
  .0000139	-5.882353E-02	 0	
  .000014	-5.882353E-02	 0	
  .0000141	-6.666667E-02	 0	
  .0000142	-5.882353E-02	 0	
  .0000143	-6.666667E-02	 0	
  .0000144	-7.450981E-02	 0	
  .0000145	-8.235294E-02	 0	
  .0000146	-6.666667E-02	 0	
  .0000147	-7.450981E-02	 0	
  .0000148	-8.235294E-02	 0	
  .0000149	-7.450981E-02	 0	
  .000015	 1.960784E-02	 0	
  .0000151	-3.529412E-02	 0	
  .0000152	-4.313726E-02	 0	
  .0000153	-5.098039E-02	 0	
  .0000154	-5.098039E-02	 0	
  .0000155	-5.882353E-02	 0	
  .0000156	-6.666667E-02	 0	
  .0000157	-7.450981E-02	 0	
  .0000158	-6.666667E-02	 0	
  .0000159	-6.666667E-02	 0	
  .000016	-8.235294E-02	 0	
  .0000161	-8.235294E-02	 0	
  .0000162	-9.803922E-02	 0	
  .0000163	-9.803922E-02	 0	
  .0000164	-.1137255	 0	
  .0000165	-9.803922E-02	 0	
  .0000166	-.1058824	 0	
  .0000167	-.1294118	 0	
  .0000168	-.1215686	 0	
  .0000169	-.145098	 0	
  .000017	-.1372549	 0	
  .0000171	-.1372549	 0	
  .0000172	-.1529412	 0	
  .0000173	-.1607843	 0	
  .0000174	-.1607843	 0	
  .0000175	-.1607843	 0	
  .0000176	-.1764706	 0	
  .0000177	-.1686275	 0	
  .0000178	-.1843137	 0	
  .0000179	-.1921569	 0	
  .000018	-.2	 0	
  .0000181	-.2	 0	
  .0000182	-.2078431	 0	
  .0000183	-.2078431	 0	
  .0000184	-.2156863	 0	
  .0000185	-.2156863	 0	
  .0000186	-.2156863	 0	
  .0000187	-.2235294	 0	
  .0000188	-.2392157	 0	
  .0000189	-.2392157	 0	
  .000019	-.2313726	 0	
  .0000191	-.2470588	 0	
  .0000192	-.2470588	 0	
  .0000193	-.2627451	 0	
  .0000194	-.2705882	 0	
  .0000195	-.2784314	 0	
  .0000196	-.2705882	 0	
  .0000197	-.2784314	 0	
  .0000198	-.2784314	 0	
  .0000199	-.2784314	 0	
  .00002	-.2941177	 0	
  .0000201	-.3019608	 0	
  .0000202	-.3019608	 0	
  .0000203	-.2941177	 0	
  .0000204	-.3098039	 0	
  .0000205	-.3098039	 0	
  .0000206	-.3176471	 0	
  .0000207	-.3176471	 0	
  .0000208	-.3333333	 0	
  .0000209	-.3254902	 0	
  .000021	-.3333333	 0	
  .0000211	-.3411765	 0	
  .0000212	-.3411765	 0	
  .0000213	-.3490196	 0	
  .0000214	-.3568628	 0	
  .0000215	-.3490196	 0	
  .0000216	-.3647059	 0	
  .0000217	-.3568628	 0	
  .0000218	-.3647059	 0	
  .0000219	-.3647059	 0	
  .000022	-.3568628	 0	
  .0000221	-.3647059	 0	
  .0000222	-.372549	 0	
  .0000223	-.3803922	 0	
  .0000224	-.3803922	 0	
  .0000225	-.3803922	 0	
  .0000226	-.3960784	 0	
  .0000227	-.3960784	 0	
  .0000228	-.3960784	 0	
  .0000229	-.3803922	 0	
  .000023	-.3960784	 0	
  .0000231	-.3960784	 0	
  .0000232	-.3960784	 0	
  .0000233	-.4039216	 0	
  .0000234	-.4039216	 0	
  .0000235	-.4039216	 0	
  .0000236	-.4117647	 0	
  .0000237	-.4117647	 0	
  .0000238	-.4039216	 0	
  .0000239	-.4196078	 0	
  .000024	-.4196078	 0	
  .0000241	-.4117647	 0	
  .0000242	-.4117647	 0	
  .0000243	-.4196078	 0	
  .0000244	-.427451	 0	
  .0000245	-.427451	 0	
  .0000246	-.427451	 0	
  .0000247	-.4196078	 0	
  .0000248	-.427451	 0	
  .0000249	-.427451	 0	
  .000025	-.427451	 0	
  .0000251	-.4431373	 0	
  .0000252	-.4352941	 0	
  .0000253	-.4431373	 0	
  .0000254	-.4352941	 0	
  .0000255	-.4509804	 0	
  .0000256	-.4352941	 0	
  .0000257	-.4352941	 0	
  .0000258	-.4431373	 0	
  .0000259	-.4431373	 0	
  .000026	-.4431373	 0	
  .0000261	-.4352941	 0	
  .0000262	-.4352941	 0	
  .0000263	-.427451	 0	
  .0000264	-.4352941	 0	
  .0000265	-.4352941	 0	
  .0000266	-.4431373	 0	
  .0000267	-.4352941	 0	
  .0000268	-.4431373	 0	
  .0000269	-.4352941	 0	
  .000027	-.4431373	 0	
  .0000271	-.427451	 0	
  .0000272	-.4352941	 0	
  .0000273	-.4431373	 0	
  .0000274	-.4352941	 0	
  .0000275	-.4352941	 0	
  .0000276	-.4431373	 0	
  .0000277	-.427451	 0	
  .0000278	-.4352941	 0	
  .0000279	-.4352941	 0	
  .000028	-.4352941	 0	
  .0000281	-.427451	 0	
  .0000282	-.4352941	 0	
  .0000283	-.427451	 0	
  .0000284	-.4196078	 0	
  .0000285	-.4196078	 0	
  .0000286	-.4352941	 0	
  .0000287	-.4352941	 0	
  .0000288	-.427451	 0	
  .0000289	-.3960784	 0	
  .000029	-.3254902	 0	
  .0000291	-.3333333	 0	
  .0000292	-.3333333	 0	
  .0000293	-.3411765	 0	
  .0000294	-.3333333	 0	
  .0000295	-.3411765	 0	
  .0000296	-.3333333	 0	
  .0000297	-.3254902	 0	
  .0000298	-.3333333	 0	
  .0000299	-.3254902	 0	
  .00003	-.3254902	 0	
  .0000301	-.3176471	 0	
  .0000302	-.3254902	 0	
  .0000303	-.3254902	 0	
  .0000304	-.3176471	 0	
  .0000305	-.3254902	 0	
  .0000306	-.3254902	 0	
  .0000307	-.3254902	 0	
  .0000308	-.3254902	 0	
  .0000309	-.3254902	 0	
  .000031	-.3176471	 0	
  .0000311	-.3176471	 0	
  .0000312	-.3176471	 0	
  .0000313	-.3098039	 0	
  .0000314	-.3254902	 0	
  .0000315	-.3098039	 0	
  .0000316	-.3098039	 0	
  .0000317	-.3019608	 0	
  .0000318	-.2941177	 0	
  .0000319	-.3019608	 0	
  .000032	-.2941177	 0	
  .0000321	-.3019608	 0	
  .0000322	-.3019608	 0	
  .0000323	-.2941177	 0	
  .0000324	-.3019608	 0	
  .0000325	-.3019608	 0	
  .0000326	-.3019608	 0	
  .0000327	-.2862745	 0	
  .0000328	-.2862745	 0	
  .0000329	-.2862745	 0	
  .000033	-.2784314	 0	
  .0000331	-.2941177	 0	
  .0000332	-.2705882	 0	
  .0000333	-.2862745	 0	
  .0000334	-.2862745	 0	
  .0000335	-.2784314	 0	
  .0000336	-.2784314	 0	
  .0000337	-.2705882	 0	
  .0000338	-.2705882	 0	
  .0000339	-.2627451	 0	
  .000034	-.254902	 0	
  .0000341	-.254902	 0	
  .0000342	-.2627451	 0	
  .0000343	-.2627451	 0	
  .0000344	-.2470588	 0	
  .0000345	-.2392157	 0	
  .0000346	-.2470588	 0	
  .0000347	-.2470588	 0	
  .0000348	-.2470588	 0	
  .0000349	-.2470588	 0	
  .000035	-.2392157	 0	
  .0000351	-.2235294	 0	
  .0000352	-.2313726	 0	
  .0000353	-.2313726	 0	
  .0000354	-.2392157	 0	
  .0000355	-.2392157	 0	
  .0000356	-.2235294	 0	
  .0000357	-.2235294	 0	
  .0000358	-.2235294	 0	
  .0000359	-.2078431	 0	
  .000036	-.2078431	 0	
  .0000361	-.2078431	 0	
  .0000362	-.2078431	 0	
  .0000363	-.2	 0	
  .0000364	-.2078431	 0	
  .0000365	-.2	 0	
  .0000366	-.2	 0	
  .0000367	-.2	 0	
  .0000368	-.1921569	 0	
  .0000369	-.2	 0	
  .000037	-.1843137	 0	
  .0000371	-.1921569	 0	
  .0000372	-.1843137	 0	
  .0000373	-.1764706	 0	
  .0000374	-.1686275	 0	
  .0000375	-.1764706	 0	
  .0000376	-.1686275	 0	
  .0000377	-.1764706	 0	
  .0000378	-.1764706	 0	
  .0000379	-.1764706	 0	
  .000038	-.1607843	 0	
  .0000381	-.1529412	 0	
  .0000382	-.1607843	 0	
  .0000383	-.1529412	 0	
  .0000384	-.145098	 0	
  .0000385	-.1294118	 0	
  .0000386	-.145098	 0	
  .0000387	-.1372549	 0	
  .0000388	-.1372549	 0	
  .0000389	-.1372549	 0	
  .000039	-.1294118	 0	
  .0000391	-.1215686	 0	
  .0000392	-.1215686	 0	
  .0000393	-.1058824	 0	
  .0000394	-.1137255	 0	
  .0000395	-.1137255	 0	
  .0000396	-.1137255	 0	
  .0000397	-.1058824	 0	
  .0000398	-9.803922E-02	 0	
  .0000399	-9.019608E-02	 0	
  .00004	-9.803922E-02	 0	
  .0000401	-9.019608E-02	 0	
  .0000402	-8.235294E-02	 0	
  .0000403	-6.666667E-02	 0	
  .0000404	-9.019608E-02	 0	
  .0000405	-8.235294E-02	 0	
  .0000406	-8.235294E-02	 0	
  .0000407	-8.235294E-02	 0	
  .0000408	-6.666667E-02	 0	
  .0000409	-6.666667E-02	 0	
  .000041	-5.882353E-02	 0	
  .0000411	-5.882353E-02	 0	
  .0000412	-5.882353E-02	 0	
  .0000413	-5.882353E-02	 0	
  .0000414	-5.098039E-02	 0	
  .0000415	-5.098039E-02	 0	
  .0000416	-4.313726E-02	 0	
  .0000417	-4.313726E-02	 0	
  .0000418	-2.745098E-02	 0	
  .0000419	-2.745098E-02	 0	
  .000042	-2.745098E-02	 0	
  .0000421	-3.529412E-02	 0	
  .0000422	-1.176471E-02	 0	
  .0000423	-1.960784E-02	 0	
  .0000424	-1.960784E-02	 0	
  .0000425	-1.960784E-02	 0	
  .0000426	-1.176471E-02	 0	
  .0000427	 3.921569E-03	 0	
  .0000428	-1.176471E-02	 0	
  .0000429	 3.921569E-03	 0	
  .000043	 1.176471E-02	 0	
  .0000431	 1.176471E-02	 0	
  .0000432	 1.176471E-02	 0	
  .0000433	 1.960784E-02	 0	
  .0000434	 1.176471E-02	 0	
  .0000435	 1.176471E-02	 0	
  .0000436	 2.745098E-02	 0	
  .0000437	 1.176471E-02	 0	
  .0000438	 3.529412E-02	 0	
  .0000439	 4.313726E-02	 0	
  .000044	 3.529412E-02	 0	
  .0000441	 3.529412E-02	 0	
  .0000442	 4.313726E-02	 0	
  .0000443	 5.098039E-02	 0	
  .0000444	 5.098039E-02	 0	
  .0000445	 4.313726E-02	 0	
  .0000446	 6.666667E-02	 0	
  .0000447	 5.882353E-02	 0	
  .0000448	 5.882353E-02	 0	
  .0000449	 6.666667E-02	 0	
  .000045	 7.450981E-02	 0	
  .0000451	 7.450981E-02	 0	
  .0000452	 7.450981E-02	 0	
  .0000453	 7.450981E-02	 0	
  .0000454	 7.450981E-02	 0	
  .0000455	 7.450981E-02	 0	
  .0000456	 .1137255	 0	
  .0000457	 8.235294E-02	 0	
  .0000458	 9.803922E-02	 0	
  .0000459	 9.803922E-02	 0	
  .000046	 9.019608E-02	 0	
  .0000461	 9.803922E-02	 0	
  .0000462	 .1058824	 0	
  .0000463	 .1058824	 0	
  .0000464	 .1137255	 0	
  .0000465	 .1137255	 0	
  .0000466	 .1294118	 0	
  .0000467	 .1137255	 0	
  .0000468	 .1294118	 0	
  .0000469	 .1215686	 0	
  .000047	 .1215686	 0	
  .0000471	 .1215686	 0	
  .0000472	 .1372549	 0	
  .0000473	 .1294118	 0	
  .0000474	 .1529412	 0	
  .0000475	 .1607843	 0	
  .0000476	 .1529412	 0	
  .0000477	 .1529412	 0	
  .0000478	 .1607843	 0	
  .0000479	 .145098	 0	
  .000048	 .1529412	 0	
  .0000481	 .1529412	 0	
  .0000482	 .1607843	 0	
  .0000483	 .1686275	 0	
  .0000484	 .1764706	 0	
  .0000485	 .1686275	 0	
  .0000486	 .1686275	 0	
  .0000487	 .1764706	 0	
  .0000488	 .1921569	 0	
  .0000489	 .2	 0	
  .000049	 .1843137	 0	
  .0000491	 .1921569	 0	
  .0000492	 .1921569	 0	
  .0000493	 .1843137	 0	
  .0000494	 .1843137	 0	
  .0000495	 .1921569	 0	
  .0000496	 .2078431	 0	
  .0000497	 .2	 0	
  .0000498	 .2078431	 0	
  .0000499	 .2	 0	
  .00005	 .2078431	 0	
  .0000501	 .2078431	 0	
  .0000502	 .2156863	 0	
  .0000503	 .2078431	 0	
  .0000504	 .2	 0	
  .0000505	 .2078431	 0	
  .0000506	 .2235294	 0	
  .0000507	 .2235294	 0	
  .0000508	 .2156863	 0	
  .0000509	 .2235294	 0	
  .000051	 .2156863	 0	
  .0000511	 .2235294	 0	
  .0000512	 .2313726	 0	
  .0000513	 .2313726	 0	
  .0000514	 .2235294	 0	
  .0000515	 .2392157	 0	
  .0000516	 .2313726	 0	
  .0000517	 .2392157	 0	
  .0000518	 .2313726	 0	
  .0000519	 .2392157	 0	
  .000052	 .2392157	 0	
  .0000521	 .2627451	 0	
  .0000522	 .2470588	 0	
  .0000523	 .2392157	 0	
  .0000524	 .2392157	 0	
  .0000525	 .2470588	 0	
  .0000526	 .254902	 0	
  .0000527	 .2470588	 0	
  .0000528	 .2470588	 0	
  .0000529	 .2392157	 0	
  .000053	 .254902	 0	
  .0000531	 .254902	 0	
  .0000532	 .2627451	 0	
  .0000533	 .254902	 0	
  .0000534	 .254902	 0	
  .0000535	 .2470588	 0	
  .0000536	 .2627451	 0	
  .0000537	 .2627451	 0	
  .0000538	 .2705882	 0	
  .0000539	 .2705882	 0	
  .000054	 .2627451	 0	
  .0000541	 .2627451	 0	
  .0000542	 .2705882	 0	
  .0000543	 .2627451	 0	
  .0000544	 .2705882	 0	
  .0000545	 .2705882	 0	
  .0000546	 .2705882	 0	
  .0000547	 .2627451	 0	
  .0000548	 .2705882	 0	
  .0000549	 .2705882	 0	
  .000055	 .2784314	 0	
  .0000551	 .2627451	 0	
  .0000552	 .2627451	 0	
  .0000553	 .254902	 0	
  .0000554	 .254902	 0	
  .0000555	 .2784314	 0	
  .0000556	 .2627451	 0	
  .0000557	 .2784314	 0	
  .0000558	 .2627451	 0	
  .0000559	 .2705882	 0	
  .000056	 .2627451	 0	
  .0000561	 .2784314	 0	
  .0000562	 .2627451	 0	
  .0000563	 .2627451	 0	
  .0000564	 .2784314	 0	
  .0000565	 .2705882	 0	
  .0000566	 .2627451	 0	
  .0000567	 .2705882	 0	
  .0000568	 .2705882	 0	
  .0000569	 .2705882	 0	
  .000057	 .2627451	 0	
  .0000571	 .2705882	 0	
  .0000572	 .254902	 0	
  .0000573	 .2627451	 0	
  .0000574	 .2705882	 0	
  .0000575	 .2627451	 0	
  .0000576	 .2627451	 0	
  .0000577	 .254902	 0	
  .0000578	 .2627451	 0	
  .0000579	 .2705882	 0	
  .000058	 .2705882	 0	
  .0000581	 .2705882	 0	
  .0000582	 .2627451	 0	
  .0000583	 .2627451	 0	
  .0000584	 .254902	 0	
  .0000585	 .2627451	 0	
  .0000586	 .2705882	 0	
  .0000587	 .2627451	 0	
  .0000588	 .2627451	 0	
  .0000589	 .2627451	 0	
  .000059	 .2627451	 0	
  .0000591	 .254902	 0	
  .0000592	 .2627451	 0	
  .0000593	 .254902	 0	
  .0000594	 .254902	 0	
  .0000595	 .2705882	 0	
  .0000596	 .2705882	 0	
  .0000597	 .2627451	 0	
  .0000598	 .254902	 0	
  .0000599	 .254902	 0	
  .00006	 .2627451	 0	
  .0000601	 .2627451	 0	
  .0000602	 .2470588	 0	
  .0000603	 .2392157	 0	
  .0000604	 .2392157	 0	
  .0000605	 .2470588	 0	
  .0000606	 .2470588	 0	
  .0000607	 .2392157	 0	
  .0000608	 .2313726	 0	
  .0000609	 .2313726	 0	
  .000061	 .2313726	 0	
  .0000611	 .2235294	 0	
  .0000612	 .2313726	 0	
  .0000613	 .2470588	 0	
  .0000614	 .2392157	 0	
  .0000615	 .2392157	 0	
  .0000616	 .2313726	 0	
  .0000617	 .2235294	 0	
  .0000618	 .2156863	 0	
  .0000619	 .2235294	 0	
  .000062	 .2392157	 0	
  .0000621	 .2313726	 0	
  .0000622	 .2235294	 0	
  .0000623	 .2235294	 0	
  .0000624	 .2156863	 0	
  .0000625	 .2156863	 0	
  .0000626	 .2156863	 0	
  .0000627	 .2078431	 0	
  .0000628	 .2078431	 0	
  .0000629	 .2156863	 0	
  .000063	 .2	 0	
  .0000631	 .2078431	 0	
  .0000632	 .2078431	 0	
  .0000633	 .2	 0	
  .0000634	 .2	 0	
  .0000635	 .1921569	 0	
  .0000636	 .2	 0	
  .0000637	 .2	 0	
  .0000638	 .1921569	 0	
  .0000639	 .2078431	 0	
  .000064	 .1764706	 0	
  .0000641	 .1921569	 0	
  .0000642	 .1921569	 0	
  .0000643	 .1764706	 0	
  .0000644	 .1921569	 0	
  .0000645	 .1921569	 0	
  .0000646	 .1686275	 0	
  .0000647	 .1764706	 0	
  .0000648	 .1764706	 0	
  .0000649	 .1764706	 0	
  .000065	 .1686275	 0	
  .0000651	 .1607843	 0	
  .0000652	 .1607843	 0	
  .0000653	 .1686275	 0	
  .0000654	 .1686275	 0	
  .0000655	 .1607843	 0	
  .0000656	 .1607843	 0	
  .0000657	 .1686275	 0	
  .0000658	 .145098	 0	
  .0000659	 .145098	 0	
  .000066	 .1529412	 0	
  .0000661	 .145098	 0	
  .0000662	 .145098	 0	
  .0000663	 .145098	 0	
  .0000664	 .1372549	 0	
  .0000665	 .1215686	 0	
  .0000666	 .1372549	 0	
  .0000667	 .1372549	 0	
  .0000668	 .1294118	 0	
  .0000669	 .1215686	 0	
  .000067	 .1294118	 0	
  .0000671	 .1137255	 0	
  .0000672	 .1215686	 0	
  .0000673	 .1137255	 0	
  .0000674	 .1215686	 0	
  .0000675	 .1137255	 0	
  .0000676	 .1137255	 0	
  .0000677	 .1058824	 0	
  .0000678	 .1058824	 0	
  .0000679	 .1058824	 0	
  .000068	 9.803922E-02	 0	
  .0000681	 .1058824	 0	
  .0000682	 .1137255	 0	
  .0000683	 9.803922E-02	 0	
  .0000684	 9.019608E-02	 0	
  .0000685	 9.803922E-02	 0	
  .0000686	 9.803922E-02	 0	
  .0000687	 9.803922E-02	 0	
  .0000688	 9.019608E-02	 0	
  .0000689	 8.235294E-02	 0	
  .000069	 8.235294E-02	 0	
  .0000691	 7.450981E-02	 0	
  .0000692	 6.666667E-02	 0	
  .0000693	 9.019608E-02	 0	
  .0000694	 8.235294E-02	 0	
  .0000695	 7.450981E-02	 0	
  .0000696	 7.450981E-02	 0	
  .0000697	 7.450981E-02	 0	
  .0000698	 5.098039E-02	 0	
  .0000699	 5.882353E-02	 0	
  .00007	 6.666667E-02	 0	
  .0000701	 5.882353E-02	 0	
  .0000702	 5.098039E-02	 0	
  .0000703	 3.529412E-02	 0	
  .0000704	 4.313726E-02	 0	
  .0000705	 4.313726E-02	 0	
  .0000706	 3.529412E-02	 0	
  .0000707	 4.313726E-02	 0	
  .0000708	 2.745098E-02	 0	
  .0000709	 2.745098E-02	 0	
  .000071	 2.745098E-02	 0	
  .0000711	 3.529412E-02	 0	
  .0000712	 3.529412E-02	 0	
  .0000713	 1.960784E-02	 0	
  .0000714	 2.745098E-02	 0	
  .0000715	 2.745098E-02	 0	
  .0000716	 1.176471E-02	 0	
  .0000717	 1.960784E-02	 0	
  .0000718	 1.176471E-02	 0	
  .0000719	 1.960784E-02	 0	
  .000072	 1.960784E-02	 0	
  .0000721	-3.921569E-03	 0	
  .0000722	-3.921569E-03	 0	
  .0000723	-1.176471E-02	 0	
  .0000724	 3.921569E-03	 0	
  .0000725	-1.176471E-02	 0	
  .0000726	-1.176471E-02	 0	
  .0000727	-1.176471E-02	 0	
  .0000728	-1.176471E-02	 0	
  .0000729	-1.960784E-02	 0	
  .000073	-1.176471E-02	 0	
  .0000731	-1.960784E-02	 0	
  .0000732	-2.745098E-02	 0	
  .0000733	-3.529412E-02	 0	
  .0000734	-4.313726E-02	 0	
  .0000735	-2.745098E-02	 0	
  .0000736	-2.745098E-02	 0	
  .0000737	-3.529412E-02	 0	
  .0000738	-2.745098E-02	 0	
  .0000739	-3.529412E-02	 0	
  .000074	-3.529412E-02	 0	
  .0000741	-2.745098E-02	 0	
  .0000742	-4.313726E-02	 0	
  .0000743	-3.529412E-02	 0	
  .0000744	-4.313726E-02	 0	
  .0000745	-5.098039E-02	 0	
  .0000746	-5.882353E-02	 0	
  .0000747	-5.882353E-02	 0	
  .0000748	-5.882353E-02	 0	
  .0000749	-5.882353E-02	 0	
  .000075	-7.450981E-02	 0	
  .0000751	-6.666667E-02	 0	
  .0000752	-7.450981E-02	 0	
  .0000753	-5.098039E-02	 0	
  .0000754	-7.450981E-02	 0	
  .0000755	-6.666667E-02	 0	
  .0000756	-7.450981E-02	 0	
  .0000757	-8.235294E-02	 0	
  .0000758	-7.450981E-02	 0	
  .0000759	-6.666667E-02	 0	
  .000076	-7.450981E-02	 0	
  .0000761	-9.019608E-02	 0	
  .0000762	-9.019608E-02	 0	
  .0000763	-9.019608E-02	 0	
  .0000764	-9.803922E-02	 0	
  .0000765	-9.803922E-02	 0	
  .0000766	-9.803922E-02	 0	
  .0000767	-9.019608E-02	 0	
  .0000768	-9.019608E-02	 0	
  .0000769	-8.235294E-02	 0	
  .000077	-.1137255	 0	
  .0000771	-9.803922E-02	 0	
  .0000772	-.1058824	 0	
  .0000773	-.1058824	 0	
  .0000774	-.1058824	 0	
  .0000775	-.1137255	 0	
  .0000776	-.1215686	 0	
  .0000777	-.1137255	 0	
  .0000778	-.1137255	 0	
  .0000779	-.1137255	 0	
  .000078	-.1137255	 0	
  .0000781	-.1215686	 0	
  .0000782	-.1137255	 0	
  .0000783	-.1294118	 0	
  .0000784	-.1215686	 0	
  .0000785	-.1215686	 0	
  .0000786	-.1215686	 0	
  .0000787	-.1294118	 0	
  .0000788	-.1294118	 0	
  .0000789	-.1372549	 0	
  .000079	-.1294118	 0	
  .0000791	-.1294118	 0	
  .0000792	-.145098	 0	
  .0000793	-.1294118	 0	
  .0000794	-.1372549	 0	
  .0000795	-.145098	 0	
  .0000796	-.145098	 0	
  .0000797	-.145098	 0	
  .0000798	-.1372549	 0	
  .0000799	-.1372549	 0	
  .00008	-.145098	 0	
  .0000801	-.1529412	 0	
  .0000802	-.1529412	 0	
  .0000803	-.145098	 0	
  .0000804	-.1529412	 0	
  .0000805	-.1607843	 0	
  .0000806	-.1529412	 0	
  .0000807	-.1607843	 0	
  .0000808	-.1607843	 0	
  .0000809	-.1607843	 0	
  .000081	-.1686275	 0	
  .0000811	-.1686275	 0	
  .0000812	-.145098	 0	
  .0000813	-.1529412	 0	
  .0000814	-.1607843	 0	
  .0000815	-.1686275	 0	
  .0000816	-.1607843	 0	
  .0000817	-.1607843	 0	
  .0000818	-.1607843	 0	
  .0000819	-.1686275	 0	
  .000082	-.1686275	 0	
  .0000821	-.1764706	 0	
  .0000822	-.1686275	 0	
  .0000823	-.1607843	 0	
  .0000824	-.1686275	 0	
  .0000825	-.1764706	 0	
  .0000826	-.1686275	 0	
  .0000827	-.1686275	 0	
  .0000828	-.1686275	 0	
  .0000829	-.1607843	 0	
  .000083	-.1686275	 0	
  .0000831	-.1764706	 0	
  .0000832	-.1764706	 0	
  .0000833	-.1764706	 0	
  .0000834	-.1764706	 0	
  .0000835	-.1686275	 0	
  .0000836	-.1764706	 0	
  .0000837	-.1764706	 0	
  .0000838	-.1764706	 0	
  .0000839	-.1764706	 0	
  .000084	-.1764706	 0	
  .0000841	-.1764706	 0	
  .0000842	-.1764706	 0	
  .0000843	-.1686275	 0	
  .0000844	-.1764706	 0	
  .0000845	-.1921569	 0	
  .0000846	-.1686275	 0	
  .0000847	-.1686275	 0	
  .0000848	-.1764706	 0	
  .0000849	-.1843137	 0	
  .000085	-.1686275	 0	
  .0000851	-.1843137	 0	
  .0000852	-.1764706	 0	
  .0000853	-.1843137	 0	
  .0000854	-.1686275	 0	
  .0000855	-.1686275	 0	
  .0000856	-.1764706	 0	
  .0000857	-.1764706	 0	
  .0000858	-.1764706	 0	
  .0000859	-.1686275	 0	
  .000086	-.1843137	 0	
  .0000861	-.1764706	 0	
  .0000862	-.1764706	 0	
  .0000863	-.1843137	 0	
  .0000864	-.1686275	 0	
  .0000865	-.1764706	 0	
  .0000866	-.1686275	 0	
  .0000867	-.1686275	 0	
  .0000868	-.1764706	 0	
  .0000869	-.1843137	 0	
  .000087	-.1764706	 0	
  .0000871	-.1607843	 0	
  .0000872	-.1686275	 0	
  .0000873	-.1843137	 0	
  .0000874	-.1764706	 0	
  .0000875	-.1686275	 0	
  .0000876	-.1686275	 0	
  .0000877	-.1686275	 0	
  .0000878	-.1686275	 0	
  .0000879	-.1764706	 0	
  .000088	-.1529412	 0	
  .0000881	-.1686275	 0	
  .0000882	-.1686275	 0	
  .0000883	-.1686275	 0	
  .0000884	-.1686275	 0	
  .0000885	-.1529412	 0	
  .0000886	-.1686275	 0	
  .0000887	-.1607843	 0	
  .0000888	-.1686275	 0	
  .0000889	-.1607843	 0	
  .000089	-.1686275	 0	
  .0000891	-.1529412	 0	
  .0000892	-.1529412	 0	
  .0000893	-.1529412	 0	
  .0000894	-.1529412	 0	
  .0000895	-.1607843	 0	
  .0000896	-.1607843	 0	
  .0000897	-.1529412	 0	
  .0000898	-.1529412	 0	
  .0000899	-.1607843	 0	
  .00009	-.1529412	 0	
  .0000901	-.1607843	 0	
  .0000902	-.1529412	 0	
  .0000903	-.145098	 0	
  .0000904	-.1529412	 0	
  .0000905	-.1529412	 0	
  .0000906	-.1607843	 0	
  .0000907	-.1607843	 0	
  .0000908	-.1529412	 0	
  .0000909	-.1372549	 0	
  .000091	-.1529412	 0	
  .0000911	-.1372549	 0	
  .0000912	-.1372549	 0	
  .0000913	-.145098	 0	
  .0000914	-.145098	 0	
  .0000915	-.145098	 0	
  .0000916	-.1529412	 0	
  .0000917	-.1294118	 0	
  .0000918	-.1372549	 0	
  .0000919	-.145098	 0	
  .000092	-.145098	 0	
  .0000921	-.1372549	 0	
  .0000922	-.1372549	 0	
  .0000923	-.1294118	 0	
  .0000924	-.1294118	 0	
  .0000925	-.1294118	 0	
  .0000926	-.1215686	 0	
  .0000927	-.1372549	 0	
  .0000928	-.1215686	 0	
  .0000929	-.1215686	 0	
  .000093	-.1294118	 0	
  .0000931	-.1215686	 0	
  .0000932	-.1215686	 0	
  .0000933	-.1215686	 0	
  .0000934	-.1058824	 0	
  .0000935	-.1137255	 0	
  .0000936	-.1137255	 0	
  .0000937	-.1215686	 0	
  .0000938	-.1137255	 0	
  .0000939	-.1058824	 0	
  .000094	-.1058824	 0	
  .0000941	-9.803922E-02	 0	
  .0000942	-9.803922E-02	 0	
  .0000943	-.1058824	 0	
  .0000944	-.1058824	 0	
  .0000945	-9.019608E-02	 0	
  .0000946	-9.803922E-02	 0	
  .0000947	-9.803922E-02	 0	
  .0000948	-.1058824	 0	
  .0000949	-9.803922E-02	 0	
  .000095	-9.803922E-02	 0	
  .0000951	-8.235294E-02	 0	
  .0000952	-9.019608E-02	 0	
  .0000953	-9.019608E-02	 0	
  .0000954	-8.235294E-02	 0	
  .0000955	-9.019608E-02	 0	
  .0000956	-8.235294E-02	 0	
  .0000957	-6.666667E-02	 0	
  .0000958	-7.450981E-02	 0	
  .0000959	-6.666667E-02	 0	
  .000096	-7.450981E-02	 0	
  .0000961	-7.450981E-02	 0	
  .0000962	-6.666667E-02	 0	
  .0000963	-6.666667E-02	 0	
  .0000964	-6.666667E-02	 0	
  .0000965	-7.450981E-02	 0	
  .0000966	-6.666667E-02	 0	
  .0000967	-5.882353E-02	 0	
  .0000968	-7.450981E-02	 0	
  .0000969	-5.882353E-02	 0	
  .000097	-5.098039E-02	 0	
  .0000971	-6.666667E-02	 0	
  .0000972	-5.882353E-02	 0	
  .0000973	-5.882353E-02	 0	
  .0000974	-5.882353E-02	 0	
  .0000975	-3.529412E-02	 0	
  .0000976	-4.313726E-02	 0	
  .0000977	-4.313726E-02	 0	
  .0000978	-3.529412E-02	 0	
  .0000979	-3.529412E-02	 0	
  .000098	-4.313726E-02	 0	
  .0000981	-4.313726E-02	 0	
  .0000982	-3.529412E-02	 0	
  .0000983	-2.745098E-02	 0	
  .0000984	-2.745098E-02	 0	
  .0000985	-3.529412E-02	 0	
  .0000986	-3.529412E-02	 0	
  .0000987	-3.529412E-02	 0	
  .0000988	-2.745098E-02	 0	
  .0000989	-3.529412E-02	 0	
  .000099	-1.960784E-02	 0	
  .0000991	-1.176471E-02	 0	
  .0000992	-1.960784E-02	 0	
  .0000993	-1.960784E-02	 0	
  .0000994	-1.960784E-02	 0	
  .0000995	-1.960784E-02	 0	
  .0000996	-1.176471E-02	 0	
  .0000997	 3.921569E-03	 0	
  .0000998	-1.176471E-02	 0	
  .0000999	-3.921569E-03	 0	
  .0001	 3.921569E-03	 0	
  .0001001	-1.176471E-02	 0	
  .0001002	 3.921569E-03	 0	
  .0001003	 3.921569E-03	 0	
  .0001004	-3.921569E-03	 0	
  .0001005	-3.921569E-03	 0	
  .0001006	 3.921569E-03	 0	
  .0001007	-3.921569E-03	 0	
  .0001008	 3.921569E-03	 0	
  .0001009	 3.921569E-03	 0	
  .000101	 1.176471E-02	 0	
  .0001011	 1.960784E-02	 0	
  .0001012	 1.176471E-02	 0	
  .0001013	 1.960784E-02	 0	
  .0001014	 2.745098E-02	 0	
  .0001015	 1.176471E-02	 0	
  .0001016	 3.529412E-02	 0	
  .0001017	 3.529412E-02	 0	
  .0001018	 1.960784E-02	 0	
  .0001019	 1.960784E-02	 0	
  .000102	 1.960784E-02	 0	
  .0001021	 3.529412E-02	 0	
  .0001022	 3.529412E-02	 0	
  .0001023	 2.745098E-02	 0	
  .0001024	 4.313726E-02	 0	
  .0001025	 4.313726E-02	 0	
  .0001026	 4.313726E-02	 0	
  .0001027	 5.098039E-02	 0	
  .0001028	 5.098039E-02	 0	
  .0001029	 3.529412E-02	 0	
  .000103	 5.098039E-02	 0	
  .0001031	 4.313726E-02	 0	
  .0001032	 5.098039E-02	 0	
  .0001033	 6.666667E-02	 0	
  .0001034	 5.098039E-02	 0	
  .0001035	 5.882353E-02	 0	
  .0001036	 5.098039E-02	 0	
  .0001037	 5.098039E-02	 0	
  .0001038	 5.882353E-02	 0	
  .0001039	 5.882353E-02	 0	
  .000104	 6.666667E-02	 0	
  .0001041	 7.450981E-02	 0	
  .0001042	 7.450981E-02	 0	
  .0001043	 6.666667E-02	 0	
  .0001044	 8.235294E-02	 0	
  .0001045	 7.450981E-02	 0	
  .0001046	 6.666667E-02	 0	
  .0001047	 6.666667E-02	 0	
  .0001048	 6.666667E-02	 0	
  .0001049	 6.666667E-02	 0	
  .000105	 7.450981E-02	 0	
  .0001051	 7.450981E-02	 0	
  .0001052	 9.019608E-02	 0	
  .0001053	 9.019608E-02	 0	
  .0001054	 8.235294E-02	 0	
  .0001055	 7.450981E-02	 0	
  .0001056	 9.803922E-02	 0	
  .0001057	 9.019608E-02	 0	
  .0001058	 8.235294E-02	 0	
  .0001059	 9.019608E-02	 0	
  .000106	 9.019608E-02	 0	
  .0001061	 9.019608E-02	 0	
  .0001062	 9.019608E-02	 0	
  .0001063	 9.803922E-02	 0	
  .0001064	 9.803922E-02	 0	
  .0001065	 9.803922E-02	 0	
  .0001066	 9.803922E-02	 0	
  .0001067	 9.019608E-02	 0	
  .0001068	 9.019608E-02	 0	
  .0001069	 .1058824	 0	
  .000107	 .1058824	 0	
  .0001071	 .1058824	 0	
  .0001072	 9.803922E-02	 0	
  .0001073	 9.803922E-02	 0	
  .0001074	 .1137255	 0	
  .0001075	 .1058824	 0	
  .0001076	 .1215686	 0	
  .0001077	 .1215686	 0	
  .0001078	 .1137255	 0	
  .0001079	 .1137255	 0	
  .000108	 .1137255	 0	
  .0001081	 .1215686	 0	
  .0001082	 .1215686	 0	
  .0001083	 .1294118	 0	
  .0001084	 .1215686	 0	
  .0001085	 .1294118	 0	
  .0001086	 .1215686	 0	
  .0001087	 .1215686	 0	
  .0001088	 .1215686	 0	
  .0001089	 .1294118	 0	
  .000109	 .1372549	 0	
  .0001091	 .1294118	 0	
  .0001092	 .1294118	 0	
  .0001093	 .1294118	 0	
  .0001094	 .1294118	 0	
  .0001095	 .1372549	 0	
  .0001096	 .1294118	 0	
  .0001097	 .1294118	 0	
  .0001098	 .1372549	 0	
  .0001099	 .1294118	 0	
  .00011	 .145098	 0	
  .0001101	 .1372549	 0	
  .0001102	 .1294118	 0	
  .0001103	 .1294118	 0	
  .0001104	 .1372549	 0	
  .0001105	 .1294118	 0	
  .0001106	 .1372549	 0	
  .0001107	 .1372549	 0	
  .0001108	 .145098	 0	
  .0001109	 .1372549	 0	
  .000111	 .1529412	 0	
  .0001111	 .1529412	 0	
  .0001112	 .1372549	 0	
  .0001113	 .1529412	 0	
  .0001114	 .145098	 0	
  .0001115	 .1529412	 0	
  .0001116	 .1529412	 0	
  .0001117	 .1372549	 0	
  .0001118	 .145098	 0	
  .0001119	 .145098	 0	
  .000112	 .145098	 0	
  .0001121	 .1529412	 0	
  .0001122	 .145098	 0	
  .0001123	 .145098	 0	
  .0001124	 .1529412	 0	
  .0001125	 .1607843	 0	
  .0001126	 .1607843	 0	
  .0001127	 .145098	 0	
  .0001128	 .1529412	 0	
  .0001129	 .145098	 0	
  .000113	 .145098	 0	
  .0001131	 .145098	 0	
  .0001132	 .1529412	 0	
  .0001133	 .1529412	 0	
  .0001134	 .145098	 0	
  .0001135	 .1529412	 0	
  .0001136	 .145098	 0	
  .0001137	 .1529412	 0	
  .0001138	 .1529412	 0	
  .0001139	 .1607843	 0	
  .000114	 .1529412	 0	
  .0001141	 .1529412	 0	
  .0001142	 .145098	 0	
  .0001143	 .145098	 0	
  .0001144	 .1607843	 0	
  .0001145	 .145098	 0	
  .0001146	 .1372549	 0	
  .0001147	 .145098	 0	
  .0001148	 .1372549	 0	
  .0001149	 .1686275	 0	
  .000115	 .145098	 0	
  .0001151	 .1529412	 0	
  .0001152	 .145098	 0	
  .0001153	 .145098	 0	
  .0001154	 .145098	 0	
  .0001155	 .145098	 0	
  .0001156	 .1529412	 0	
  .0001157	 .1372549	 0	
  .0001158	 .1529412	 0	
  .0001159	 .1529412	 0	
  .000116	 .145098	 0	
  .0001161	 .1372549	 0	
  .0001162	 .145098	 0	
  .0001163	 .1372549	 0	
  .0001164	 .145098	 0	
  .0001165	 .1529412	 0	
  .0001166	 .145098	 0	
  .0001167	 .145098	 0	
  .0001168	 .145098	 0	
  .0001169	 .1372549	 0	
  .000117	 .1372549	 0	
  .0001171	 .1294118	 0	
  .0001172	 .1372549	 0	
  .0001173	 .145098	 0	
  .0001174	 .1372549	 0	
  .0001175	 .1372549	 0	
  .0001176	 .145098	 0	
  .0001177	 .1372549	 0	
  .0001178	 .1294118	 0	
  .0001179	 .1294118	 0	
  .000118	 .1372549	 0	
  .0001181	 .145098	 0	
  .0001182	 .145098	 0	
  .0001183	 .145098	 0	
  .0001184	 .145098	 0	
  .0001185	 .1372549	 0	
  .0001186	 .1372549	 0	
  .0001187	 .1294118	 0	
  .0001188	 .1294118	 0	
  .0001189	 .1372549	 0	
  .000119	 .1372549	 0	
  .0001191	 .1294118	 0	
  .0001192	 .1294118	 0	
  .0001193	 .1294118	 0	
  .0001194	 .1294118	 0	
  .0001195	 .1294118	 0	
  .0001196	 .1215686	 0	
  .0001197	 .1215686	 0	
  .0001198	 .1215686	 0	
  .0001199	 .1215686	 0	
  .00012	 .1294118	 0	
  .0001201	 .1215686	 0	
  .0001202	 .1137255	 0	
  .0001203	 .1137255	 0	
  .0001204	 .1215686	 0	
  .0001205	 .1137255	 0	
  .0001206	 .1137255	 0	
  .0001207	 .1058824	 0	
  .0001208	 .1215686	 0	
  .0001209	 .1215686	 0	
  .000121	 .1137255	 0	
  .0001211	 .1137255	 0	
  .0001212	 .1215686	 0	
  .0001213	 .1058824	 0	
  .0001214	 .1215686	 0	
  .0001215	 .1137255	 0	
  .0001216	 .1058824	 0	
  .0001217	 .1058824	 0	
  .0001218	 9.803922E-02	 0	
  .0001219	 9.803922E-02	 0	
  .000122	 9.803922E-02	 0	
  .0001221	 .1058824	 0	
  .0001222	 9.803922E-02	 0	
  .0001223	 .1058824	 0	
  .0001224	 9.803922E-02	 0	
  .0001225	 9.803922E-02	 0	
  .0001226	 .1058824	 0	
  .0001227	 9.803922E-02	 0	
  .0001228	 9.019608E-02	 0	
  .0001229	 9.019608E-02	 0	
  .000123	 9.019608E-02	 0	
  .0001231	 .1058824	 0	
  .0001232	 9.019608E-02	 0	
  .0001233	 8.235294E-02	 0	
  .0001234	 9.019608E-02	 0	
  .0001235	 9.019608E-02	 0	
  .0001236	 9.019608E-02	 0	
  .0001237	 8.235294E-02	 0	
  .0001238	 9.019608E-02	 0	
  .0001239	 9.803922E-02	 0	
  .000124	 7.450981E-02	 0	
  .0001241	 8.235294E-02	 0	
  .0001242	 7.450981E-02	 0	
  .0001243	 8.235294E-02	 0	
  .0001244	 7.450981E-02	 0	
  .0001245	 6.666667E-02	 0	
  .0001246	 7.450981E-02	 0	
  .0001247	 8.235294E-02	 0	
  .0001248	 8.235294E-02	 0	
  .0001249	 6.666667E-02	 0	
  .000125	 7.450981E-02	 0	
  .0001251	 7.450981E-02	 0	
  .0001252	 6.666667E-02	 0	
  .0001253	 5.882353E-02	 0	
  .0001254	 5.882353E-02	 0	
  .0001255	 6.666667E-02	 0	
  .0001256	 5.882353E-02	 0	
  .0001257	 6.666667E-02	 0	
  .0001258	 7.450981E-02	 0	
  .0001259	 5.098039E-02	 0	
  .000126	 5.882353E-02	 0	
  .0001261	 6.666667E-02	 0	
  .0001262	 5.098039E-02	 0	
  .0001263	 5.882353E-02	 0	
  .0001264	 6.666667E-02	 0	
  .0001265	 4.313726E-02	 0	
  .0001266	 4.313726E-02	 0	
  .0001267	 5.882353E-02	 0	
  .0001268	 4.313726E-02	 0	
  .0001269	 4.313726E-02	 0	
  .000127	 4.313726E-02	 0	
  .0001271	 3.529412E-02	 0	
  .0001272	 5.882353E-02	 0	
  .0001273	 3.529412E-02	 0	
  .0001274	 5.098039E-02	 0	
  .0001275	 3.529412E-02	 0	
  .0001276	 4.313726E-02	 0	
  .0001277	 4.313726E-02	 0	
  .0001278	 1.960784E-02	 0	
  .0001279	 4.313726E-02	 0	
  .000128	 3.529412E-02	 0	
  .0001281	 4.313726E-02	 0	
  .0001282	 2.745098E-02	 0	
  .0001283	 2.745098E-02	 0	
  .0001284	 2.745098E-02	 0	
  .0001285	 2.745098E-02	 0	
  .0001286	 1.960784E-02	 0	
  .0001287	 2.745098E-02	 0	
  .0001288	 1.960784E-02	 0	
  .0001289	 2.745098E-02	 0	
  .000129	 1.960784E-02	 0	
  .0001291	 1.960784E-02	 0	
  .0001292	 1.176471E-02	 0	
  .0001293	 3.921569E-03	 0	
  .0001294	 1.176471E-02	 0	
  .0001295	-3.921569E-03	 0	
  .0001296	 3.921569E-03	 0	
  .0001297	 3.921569E-03	 0	
  .0001298	-3.921569E-03	 0	
  .0001299	 1.176471E-02	 0	
  .00013	 3.921569E-03	 0	
  .0001301	 3.921569E-03	 0	
  .0001302	-3.921569E-03	 0	
  .0001303	-1.176471E-02	 0	
  .0001304	-3.921569E-03	 0	
  .0001305	 3.921569E-03	 0	
  .0001306	-3.921569E-03	 0	
  .0001307	-3.921569E-03	 0	
  .0001308	 3.921569E-03	 0	
  .0001309	-1.176471E-02	 0	
  .000131	-1.176471E-02	 0	
  .0001311	-1.176471E-02	 0	
  .0001312	-1.176471E-02	 0	
  .0001313	-3.921569E-03	 0	
  .0001314	-1.176471E-02	 0	
  .0001315	-1.960784E-02	 0	
  .0001316	-1.960784E-02	 0	
  .0001317	-2.745098E-02	 0	
  .0001318	-1.960784E-02	 0	
  .0001319	-2.745098E-02	 0	
  .000132	-2.745098E-02	 0	
  .0001321	-1.960784E-02	 0	
  .0001322	-1.960784E-02	 0	
  .0001323	-2.745098E-02	 0	
  .0001324	-2.745098E-02	 0	
  .0001325	-2.745098E-02	 0	
  .0001326	-3.529412E-02	 0	
  .0001327	-2.745098E-02	 0	
  .0001328	-4.313726E-02	 0	
  .0001329	-3.529412E-02	 0	
  .000133	-2.745098E-02	 0	
  .0001331	-3.529412E-02	 0	
  .0001332	-3.529412E-02	 0	
  .0001333	-4.313726E-02	 0	
  .0001334	-3.529412E-02	 0	
  .0001335	-3.529412E-02	 0	
  .0001336	-4.313726E-02	 0	
  .0001337	-3.529412E-02	 0	
  .0001338	-3.529412E-02	 0	
  .0001339	-4.313726E-02	 0	
  .000134	-5.098039E-02	 0	
  .0001341	-5.098039E-02	 0	
  .0001342	-4.313726E-02	 0	
  .0001343	-5.098039E-02	 0	
  .0001344	-5.882353E-02	 0	
  .0001345	-5.098039E-02	 0	
  .0001346	-5.098039E-02	 0	
  .0001347	-4.313726E-02	 0	
  .0001348	-5.098039E-02	 0	
  .0001349	-5.098039E-02	 0	
  .000135	-5.882353E-02	 0	
  .0001351	-6.666667E-02	 0	
  .0001352	-5.882353E-02	 0	
  .0001353	-5.882353E-02	 0	
  .0001354	-5.882353E-02	 0	
  .0001355	-6.666667E-02	 0	
  .0001356	-5.882353E-02	 0	
  .0001357	-6.666667E-02	 0	
  .0001358	-5.882353E-02	 0	
  .0001359	-6.666667E-02	 0	
  .000136	-6.666667E-02	 0	
  .0001361	-6.666667E-02	 0	
  .0001362	-6.666667E-02	 0	
  .0001363	-6.666667E-02	 0	
  .0001364	-7.450981E-02	 0	
  .0001365	-7.450981E-02	 0	
  .0001366	-6.666667E-02	 0	
  .0001367	-7.450981E-02	 0	
  .0001368	-7.450981E-02	 0	
  .0001369	-6.666667E-02	 0	
  .000137	-8.235294E-02	 0	
  .0001371	-7.450981E-02	 0	
  .0001372	-6.666667E-02	 0	
  .0001373	-6.666667E-02	 0	
  .0001374	-6.666667E-02	 0	
  .0001375	-7.450981E-02	 0	
  .0001376	-7.450981E-02	 0	
  .0001377	-8.235294E-02	 0	
  .0001378	-7.450981E-02	 0	
  .0001379	-7.450981E-02	 0	
  .000138	-5.098039E-02	 0	
  .0001381	-8.235294E-02	 0	
  .0001382	-7.450981E-02	 0	
  .0001383	-8.235294E-02	 0	
  .0001384	-8.235294E-02	 0	
  .0001385	-8.235294E-02	 0	
  .0001386	-9.019608E-02	 0	
  .0001387	-7.450981E-02	 0	
  .0001388	-7.450981E-02	 0	
  .0001389	-8.235294E-02	 0	
  .000139	-8.235294E-02	 0	
  .0001391	-8.235294E-02	 0	
  .0001392	-8.235294E-02	 0	
  .0001393	-9.019608E-02	 0	
  .0001394	-8.235294E-02	 0	
  .0001395	-7.450981E-02	 0	
  .0001396	-8.235294E-02	 0	
  .0001397	-8.235294E-02	 0	
  .0001398	-8.235294E-02	 0	
  .0001399	-8.235294E-02	 0	
  .00014	-8.235294E-02	 0	
  .0001401	-9.019608E-02	 0	
  .0001402	-9.803922E-02	 0	
  .0001403	-9.019608E-02	 0	
  .0001404	-8.235294E-02	 0	
  .0001405	-9.803922E-02	 0	
  .0001406	-7.450981E-02	 0	
  .0001407	-8.235294E-02	 0	
  .0001408	-8.235294E-02	 0	
  .0001409	-9.803922E-02	 0	
  .000141	-8.235294E-02	 0	
  .0001411	-9.019608E-02	 0	
  .0001412	-7.450981E-02	 0	
  .0001413	-9.803922E-02	 0	
  .0001414	-9.803922E-02	 0	
  .0001415	-9.019608E-02	 0	
  .0001416	-9.019608E-02	 0	
  .0001417	-9.019608E-02	 0	
  .0001418	-9.019608E-02	 0	
  .0001419	-9.803922E-02	 0	
  .000142	-9.803922E-02	 0	
  .0001421	-8.235294E-02	 0	
  .0001422	-9.803922E-02	 0	
  .0001423	-9.019608E-02	 0	
  .0001424	-9.019608E-02	 0	
  .0001425	-9.803922E-02	 0	
  .0001426	-9.019608E-02	 0	
  .0001427	-9.803922E-02	 0	
  .0001428	-9.019608E-02	 0	
  .0001429	-9.019608E-02	 0	
  .000143	-9.019608E-02	 0	
  .0001431	-9.803922E-02	 0	
  .0001432	-9.019608E-02	 0	
  .0001433	-9.019608E-02	 0	
  .0001434	-9.019608E-02	 0	
  .0001435	-9.803922E-02	 0	
  .0001436	-9.019608E-02	 0	
  .0001437	-8.235294E-02	 0	
  .0001438	-9.019608E-02	 0	
  .0001439	-9.803922E-02	 0	
  .000144	-9.019608E-02	 0	
  .0001441	-9.803922E-02	 0	
  .0001442	-9.803922E-02	 0	
  .0001443	-9.803922E-02	 0	
  .0001444	-9.803922E-02	 0	
  .0001445	-9.019608E-02	 0	
  .0001446	-9.019608E-02	 0	
  .0001447	-9.019608E-02	 0	
  .0001448	-7.450981E-02	 0	
  .0001449	-9.019608E-02	 0	
  .000145	-9.019608E-02	 0	
  .0001451	-9.803922E-02	 0	
  .0001452	-9.019608E-02	 0	
  .0001453	-8.235294E-02	 0	
  .0001454	-9.803922E-02	 0	
  .0001455	-8.235294E-02	 0	
  .0001456	-8.235294E-02	 0	
  .0001457	-8.235294E-02	 0	
  .0001458	-9.803922E-02	 0	
  .0001459	-9.019608E-02	 0	
  .000146	-9.803922E-02	 0	
  .0001461	-8.235294E-02	 0	
  .0001462	-7.450981E-02	 0	
  .0001463	-9.803922E-02	 0	
  .0001464	-7.450981E-02	 0	
  .0001465	-9.019608E-02	 0	
  .0001466	-8.235294E-02	 0	
  .0001467	-8.235294E-02	 0	
  .0001468	-9.019608E-02	 0	
  .0001469	-7.450981E-02	 0	
  .000147	-7.450981E-02	 0	
  .0001471	-8.235294E-02	 0	
  .0001472	-8.235294E-02	 0	
  .0001473	-8.235294E-02	 0	
  .0001474	-7.450981E-02	 0	
  .0001475	-7.450981E-02	 0	
  .0001476	-8.235294E-02	 0	
  .0001477	-6.666667E-02	 0	
  .0001478	-8.235294E-02	 0	
  .0001479	-6.666667E-02	 0	
  .000148	-7.450981E-02	 0	
  .0001481	-6.666667E-02	 0	
  .0001482	-7.450981E-02	 0	
  .0001483	-7.450981E-02	 0	
  .0001484	-8.235294E-02	 0	
  .0001485	-7.450981E-02	 0	
  .0001486	-6.666667E-02	 0	
  .0001487	-7.450981E-02	 0	
  .0001488	-7.450981E-02	 0	
  .0001489	-7.450981E-02	 0	
  .000149	-7.450981E-02	 0	
  .0001491	-6.666667E-02	 0	
  .0001492	-6.666667E-02	 0	
  .0001493	-6.666667E-02	 0	
  .0001494	-7.450981E-02	 0	
  .0001495	-7.450981E-02	 0	
  .0001496	-8.235294E-02	 0	
  .0001497	-5.882353E-02	 0	
  .0001498	-7.450981E-02	 0	
  .0001499	-5.882353E-02	 0	
  .00015	-7.450981E-02	 0	
  .0001501	-8.235294E-02	 0	
  .0001502	-6.666667E-02	 0	
  .0001503	-6.666667E-02	 0	
  .0001504	-6.666667E-02	 0	
  .0001505	-6.666667E-02	 0	
  .0001506	-5.882353E-02	 0	
  .0001507	-5.882353E-02	 0	
  .0001508	-6.666667E-02	 0	
  .0001509	-5.098039E-02	 0	
  .000151	-6.666667E-02	 0	
  .0001511	-5.882353E-02	 0	
  .0001512	-5.882353E-02	 0	
  .0001513	-6.666667E-02	 0	
  .0001514	-5.098039E-02	 0	
  .0001515	-5.098039E-02	 0	
  .0001516	-5.882353E-02	 0	
  .0001517	-5.098039E-02	 0	
  .0001518	-5.882353E-02	 0	
  .0001519	-5.882353E-02	 0	
  .000152	-5.098039E-02	 0	
  .0001521	-4.313726E-02	 0	
  .0001522	-4.313726E-02	 0	
  .0001523	-5.098039E-02	 0	
  .0001524	-4.313726E-02	 0	
  .0001525	-4.313726E-02	 0	
  .0001526	-5.098039E-02	 0	
  .0001527	-4.313726E-02	 0	
  .0001528	-3.529412E-02	 0	
  .0001529	-3.529412E-02	 0	
  .000153	-5.098039E-02	 0	
  .0001531	-3.529412E-02	 0	
  .0001532	-3.529412E-02	 0	
  .0001533	-4.313726E-02	 0	
  .0001534	-4.313726E-02	 0	
  .0001535	-2.745098E-02	 0	
  .0001536	-2.745098E-02	 0	
  .0001537	-3.529412E-02	 0	
  .0001538	-3.529412E-02	 0	
  .0001539	-5.098039E-02	 0	
  .000154	-3.529412E-02	 0	
  .0001541	-3.529412E-02	 0	
  .0001542	-3.529412E-02	 0	
  .0001543	-1.960784E-02	 0	
  .0001544	-3.529412E-02	 0	
  .0001545	-2.745098E-02	 0	
  .0001546	-1.960784E-02	 0	
  .0001547	-3.529412E-02	 0	
  .0001548	-1.960784E-02	 0	
  .0001549	-3.529412E-02	 0	
  .000155	-3.529412E-02	 0	
  .0001551	-2.745098E-02	 0	
  .0001552	-2.745098E-02	 0	
  .0001553	-1.960784E-02	 0	
  .0001554	-2.745098E-02	 0	
  .0001555	-1.960784E-02	 0	
  .0001556	-1.960784E-02	 0	
  .0001557	-1.176471E-02	 0	
  .0001558	-1.960784E-02	 0	
  .0001559	-2.745098E-02	 0	
  .000156	-1.176471E-02	 0	
  .0001561	-3.921569E-03	 0	
  .0001562	-2.745098E-02	 0	
  .0001563	-1.960784E-02	 0	
  .0001564	-1.960784E-02	 0	
  .0001565	-1.960784E-02	 0	
  .0001566	-3.921569E-03	 0	
  .0001567	-1.960784E-02	 0	
  .0001568	-1.176471E-02	 0	
  .0001569	 3.921569E-03	 0	
  .000157	-3.921569E-03	 0	
  .0001571	-1.176471E-02	 0	
  .0001572	 3.921569E-03	 0	
  .0001573	-3.921569E-03	 0	
  .0001574	-3.921569E-03	 0	
  .0001575	-1.176471E-02	 0	
  .0001576	 3.921569E-03	 0	
  .0001577	 3.921569E-03	 0	
  .0001578	 3.921569E-03	 0	
  .0001579	-3.921569E-03	 0	
  .000158	 3.921569E-03	 0	
  .0001581	 3.921569E-03	 0	
  .0001582	 1.176471E-02	 0	
  .0001583	-1.176471E-02	 0	
  .0001584	 3.921569E-03	 0	
  .0001585	 1.960784E-02	 0	
  .0001586	 3.921569E-03	 0	
  .0001587	 3.921569E-03	 0	
  .0001588	 1.960784E-02	 0	
  .0001589	 1.176471E-02	 0	
  .000159	 1.960784E-02	 0	
  .0001591	 2.745098E-02	 0	
  .0001592	 1.960784E-02	 0	
  .0001593	 1.176471E-02	 0	
  .0001594	 2.745098E-02	 0	
  .0001595	 1.176471E-02	 0	
  .0001596	 1.960784E-02	 0	
  .0001597	 2.745098E-02	 0	
  .0001598	 1.960784E-02	 0	
  .0001599	 1.176471E-02	 0	
  .00016	 1.176471E-02	 0	
  .0001601	 1.960784E-02	 0	
  .0001602	 3.529412E-02	 0	
  .0001603	 1.960784E-02	 0	
  .0001604	 3.529412E-02	 0	
  .0001605	 4.313726E-02	 0	
  .0001606	 2.745098E-02	 0	
  .0001607	 2.745098E-02	 0	
  .0001608	 3.529412E-02	 0	
  .0001609	 2.745098E-02	 0	
  .000161	 3.529412E-02	 0	
  .0001611	 4.313726E-02	 0	
  .0001612	 2.745098E-02	 0	
  .0001613	 2.745098E-02	 0	
  .0001614	 3.529412E-02	 0	
  .0001615	 4.313726E-02	 0	
  .0001616	 3.529412E-02	 0	
  .0001617	 4.313726E-02	 0	
  .0001618	 4.313726E-02	 0	
  .0001619	 4.313726E-02	 0	
  .000162	 4.313726E-02	 0	
  .0001621	 4.313726E-02	 0	
  .0001622	 5.098039E-02	 0	
  .0001623	 4.313726E-02	 0	
  .0001624	 4.313726E-02	 0	
  .0001625	 4.313726E-02	 0	
  .0001626	 4.313726E-02	 0	
  .0001627	 5.098039E-02	 0	
  .0001628	 5.098039E-02	 0	
  .0001629	 5.098039E-02	 0	
  .000163	 4.313726E-02	 0	
  .0001631	 5.098039E-02	 0	
  .0001632	 5.098039E-02	 0	
  .0001633	 5.098039E-02	 0	
  .0001634	 5.098039E-02	 0	
  .0001635	 4.313726E-02	 0	
  .0001636	 5.098039E-02	 0	
  .0001637	 5.098039E-02	 0	
  .0001638	 6.666667E-02	 0	
  .0001639	 5.098039E-02	 0	
  .000164	 5.882353E-02	 0	
  .0001641	 5.098039E-02	 0	
  .0001642	 5.098039E-02	 0	
  .0001643	 5.098039E-02	 0	
  .0001644	 7.450981E-02	 0	
  .0001645	 5.882353E-02	 0	
  .0001646	 6.666667E-02	 0	
  .0001647	 5.882353E-02	 0	
  .0001648	 5.882353E-02	 0	
  .0001649	 5.882353E-02	 0	
  .000165	 6.666667E-02	 0	
  .0001651	 5.882353E-02	 0	
  .0001652	 6.666667E-02	 0	
  .0001653	 6.666667E-02	 0	
  .0001654	 6.666667E-02	 0	
  .0001655	 6.666667E-02	 0	
  .0001656	 5.882353E-02	 0	
  .0001657	 6.666667E-02	 0	
  .0001658	 6.666667E-02	 0	
  .0001659	 7.450981E-02	 0	
  .000166	 8.235294E-02	 0	
  .0001661	 6.666667E-02	 0	
  .0001662	 5.882353E-02	 0	
  .0001663	 7.450981E-02	 0	
  .0001664	 6.666667E-02	 0	
  .0001665	 7.450981E-02	 0	
  .0001666	 6.666667E-02	 0	
  .0001667	 6.666667E-02	 0	
  .0001668	 8.235294E-02	 0	
  .0001669	 7.450981E-02	 0	
  .000167	 8.235294E-02	 0	
  .0001671	 9.019608E-02	 0	
  .0001672	 8.235294E-02	 0	
  .0001673	 8.235294E-02	 0	
  .0001674	 7.450981E-02	 0	
  .0001675	 9.019608E-02	 0	
  .0001676	 9.019608E-02	 0	
  .0001677	 9.019608E-02	 0	
  .0001678	 8.235294E-02	 0	
  .0001679	 9.019608E-02	 0	
  .000168	 7.450981E-02	 0	
  .0001681	 8.235294E-02	 0	
  .0001682	 7.450981E-02	 0	
  .0001683	 7.450981E-02	 0	
  .0001684	 9.803922E-02	 0	
  .0001685	 9.019608E-02	 0	
  .0001686	 9.019608E-02	 0	
  .0001687	 9.019608E-02	 0	
  .0001688	 9.019608E-02	 0	
  .0001689	 8.235294E-02	 0	
  .000169	 8.235294E-02	 0	
  .0001691	 9.803922E-02	 0	
  .0001692	 7.450981E-02	 0	
  .0001693	 7.450981E-02	 0	
  .0001694	 7.450981E-02	 0	
  .0001695	 9.803922E-02	 0	
  .0001696	 8.235294E-02	 0	
  .0001697	 9.019608E-02	 0	
  .0001698	 8.235294E-02	 0	
  .0001699	 6.666667E-02	 0	
  .00017	 8.235294E-02	 0	
  .0001701	 8.235294E-02	 0	
  .0001702	 9.019608E-02	 0	
  .0001703	 8.235294E-02	 0	
  .0001704	 9.019608E-02	 0	
  .0001705	 8.235294E-02	 0	
  .0001706	 8.235294E-02	 0	
  .0001707	 8.235294E-02	 0	
  .0001708	 9.019608E-02	 0	
  .0001709	 9.803922E-02	 0	
  .000171	 9.019608E-02	 0	
  .0001711	 8.235294E-02	 0	
  .0001712	 9.019608E-02	 0	
  .0001713	 9.019608E-02	 0	
  .0001714	 8.235294E-02	 0	
  .0001715	 8.235294E-02	 0	
  .0001716	 8.235294E-02	 0	
  .0001717	 8.235294E-02	 0	
  .0001718	 9.019608E-02	 0	
  .0001719	 9.019608E-02	 0	
  .000172	 9.019608E-02	 0	
  .0001721	 9.803922E-02	 0	
  .0001722	 7.450981E-02	 0	
  .0001723	 9.019608E-02	 0	
  .0001724	 7.450981E-02	 0	
  .0001725	 9.019608E-02	 0	
  .0001726	 .1058824	 0	
  .0001727	 9.019608E-02	 0	
  .0001728	 8.235294E-02	 0	
  .0001729	 8.235294E-02	 0	
  .000173	 8.235294E-02	 0	
  .0001731	 9.019608E-02	 0	
  .0001732	 9.019608E-02	 0	
  .0001733	 9.019608E-02	 0	
  .0001734	 9.019608E-02	 0	
  .0001735	 9.019608E-02	 0	
  .0001736	 8.235294E-02	 0	
  .0001737	 9.803922E-02	 0	
  .0001738	 8.235294E-02	 0	
  .0001739	 7.450981E-02	 0	
  .000174	 7.450981E-02	 0	
  .0001741	 8.235294E-02	 0	
  .0001742	 8.235294E-02	 0	
  .0001743	 9.803922E-02	 0	
  .0001744	 8.235294E-02	 0	
  .0001745	 9.019608E-02	 0	
  .0001746	 9.019608E-02	 0	
  .0001747	 8.235294E-02	 0	
  .0001748	 7.450981E-02	 0	
  .0001749	 8.235294E-02	 0	
  .000175	 9.019608E-02	 0	
  .0001751	 8.235294E-02	 0	
  .0001752	 9.019608E-02	 0	
  .0001753	 9.019608E-02	 0	
  .0001754	 8.235294E-02	 0	
  .0001755	 7.450981E-02	 0	
  .0001756	 9.019608E-02	 0	
  .0001757	 7.450981E-02	 0	
  .0001758	 9.019608E-02	 0	
  .0001759	 9.803922E-02	 0	
  .000176	 7.450981E-02	 0	
  .0001761	 7.450981E-02	 0	
  .0001762	 8.235294E-02	 0	
  .0001763	 7.450981E-02	 0	
  .0001764	 8.235294E-02	 0	
  .0001765	 6.666667E-02	 0	
  .0001766	 8.235294E-02	 0	
  .0001767	 8.235294E-02	 0	
  .0001768	 8.235294E-02	 0	
  .0001769	 8.235294E-02	 0	
  .000177	 9.019608E-02	 0	
  .0001771	 7.450981E-02	 0	
  .0001772	 8.235294E-02	 0	
  .0001773	 6.666667E-02	 0	
  .0001774	 8.235294E-02	 0	
  .0001775	 9.019608E-02	 0	
  .0001776	 8.235294E-02	 0	
  .0001777	 7.450981E-02	 0	
  .0001778	 7.450981E-02	 0	
  .0001779	 6.666667E-02	 0	
  .000178	 6.666667E-02	 0	
  .0001781	 6.666667E-02	 0	
  .0001782	 7.450981E-02	 0	
  .0001783	 7.450981E-02	 0	
  .0001784	 7.450981E-02	 0	
  .0001785	 6.666667E-02	 0	
  .0001786	 7.450981E-02	 0	
  .0001787	 6.666667E-02	 0	
  .0001788	 6.666667E-02	 0	
  .0001789	 7.450981E-02	 0	
  .000179	 6.666667E-02	 0	
  .0001791	 6.666667E-02	 0	
  .0001792	 6.666667E-02	 0	
  .0001793	 5.882353E-02	 0	
  .0001794	 6.666667E-02	 0	
  .0001795	 6.666667E-02	 0	
  .0001796	 6.666667E-02	 0	
  .0001797	 5.882353E-02	 0	
  .0001798	 5.098039E-02	 0	
  .0001799	 5.098039E-02	 0	
  .00018	 5.882353E-02	 0	
  .0001801	 5.882353E-02	 0	
  .0001802	 5.098039E-02	 0	
  .0001803	 6.666667E-02	 0	
  .0001804	 5.098039E-02	 0	
  .0001805	 5.098039E-02	 0	
  .0001806	 6.666667E-02	 0	
  .0001807	 5.098039E-02	 0	
  .0001808	 6.666667E-02	 0	
  .0001809	 5.882353E-02	 0	
  .000181	 5.098039E-02	 0	
  .0001811	 3.529412E-02	 0	
  .0001812	 4.313726E-02	 0	
  .0001813	 5.882353E-02	 0	
  .0001814	 4.313726E-02	 0	
  .0001815	 5.098039E-02	 0	
  .0001816	 5.098039E-02	 0	
  .0001817	 5.098039E-02	 0	
  .0001818	 5.882353E-02	 0	
  .0001819	 5.098039E-02	 0	
  .000182	 3.529412E-02	 0	
  .0001821	 3.529412E-02	 0	
  .0001822	 4.313726E-02	 0	
  .0001823	 4.313726E-02	 0	
  .0001824	 5.098039E-02	 0	
  .0001825	 5.098039E-02	 0	
  .0001826	 4.313726E-02	 0	
  .0001827	 3.529412E-02	 0	
  .0001828	 3.529412E-02	 0	
  .0001829	 4.313726E-02	 0	
  .000183	 5.098039E-02	 0	
  .0001831	 3.529412E-02	 0	
  .0001832	 4.313726E-02	 0	
  .0001833	 4.313726E-02	 0	
  .0001834	 3.529412E-02	 0	
  .0001835	 3.529412E-02	 0	
  .0001836	 3.529412E-02	 0	
  .0001837	 3.529412E-02	 0	
  .0001838	 3.529412E-02	 0	
  .0001839	 2.745098E-02	 0	
  .000184	 1.960784E-02	 0	
  .0001841	 3.529412E-02	 0	
  .0001842	 3.529412E-02	 0	
  .0001843	 2.745098E-02	 0	
  .0001844	 3.529412E-02	 0	
  .0001845	 3.529412E-02	 0	
  .0001846	 2.745098E-02	 0	
  .0001847	 1.960784E-02	 0	
  .0001848	 2.745098E-02	 0	
  .0001849	 2.745098E-02	 0	
  .000185	 1.960784E-02	 0	
  .0001851	 2.745098E-02	 0	
  .0001852	 1.960784E-02	 0	
  .0001853	 1.176471E-02	 0	
  .0001854	 1.960784E-02	 0	
  .0001855	 1.960784E-02	 0	
  .0001856	 1.176471E-02	 0	
  .0001857	 1.960784E-02	 0	
  .0001858	 2.745098E-02	 0	
  .0001859	 3.921569E-03	 0	
  .000186	 3.921569E-03	 0	
  .0001861	 1.176471E-02	 0	
  .0001862	 1.960784E-02	 0	
  .0001863	 1.960784E-02	 0	
  .0001864	 1.176471E-02	 0	
  .0001865	 3.921569E-03	 0	
  .0001866	 1.960784E-02	 0	
  .0001867	 3.921569E-03	 0	
  .0001868	 3.921569E-03	 0	
  .0001869	 1.176471E-02	 0	
  .000187	 3.921569E-03	 0	
  .0001871	 1.176471E-02	 0	
  .0001872	 1.176471E-02	 0	
  .0001873	 3.921569E-03	 0	
  .0001874	 3.921569E-03	 0	
  .0001875	 1.176471E-02	 0	
  .0001876	 1.176471E-02	 0	
  .0001877	 3.921569E-03	 0	
  .0001878	 3.921569E-03	 0	
  .0001879	-1.176471E-02	 0	
  .000188	 3.921569E-03	 0	
  .0001881	 1.176471E-02	 0	
  .0001882	 1.176471E-02	 0	
  .0001883	-3.921569E-03	 0	
  .0001884	 3.921569E-03	 0	
  .0001885	 3.921569E-03	 0	
  .0001886	-3.921569E-03	 0	
  .0001887	-3.921569E-03	 0	
  .0001888	 3.921569E-03	 0	
  .0001889	 1.176471E-02	 0	
  .000189	-1.176471E-02	 0	
  .0001891	-1.176471E-02	 0	
  .0001892	-1.176471E-02	 0	
  .0001893	 3.921569E-03	 0	
  .0001894	-1.176471E-02	 0	
  .0001895	-3.921569E-03	 0	
  .0001896	-1.176471E-02	 0	
  .0001897	-1.176471E-02	 0	
  .0001898	-1.176471E-02	 0	
  .0001899	-1.176471E-02	 0	
  .00019	-1.176471E-02	 0	
  .0001901	-1.176471E-02	 0	
  .0001902	-3.921569E-03	 0	
  .0001903	-1.176471E-02	 0	
  .0001904	-1.960784E-02	 0	
  .0001905	-1.176471E-02	 0	
  .0001906	-2.745098E-02	 0	
  .0001907	-3.921569E-03	 0	
  .0001908	-1.960784E-02	 0	
  .0001909	-1.960784E-02	 0	
  .000191	-2.745098E-02	 0	
  .0001911	-1.176471E-02	 0	
  .0001912	-1.176471E-02	 0	
  .0001913	-1.960784E-02	 0	
  .0001914	-1.960784E-02	 0	
  .0001915	-1.960784E-02	 0	
  .0001916	-1.960784E-02	 0	
  .0001917	-2.745098E-02	 0	
  .0001918	-1.960784E-02	 0	
  .0001919	-1.176471E-02	 0	
  .000192	-1.960784E-02	 0	
  .0001921	-1.960784E-02	 0	
  .0001922	-1.960784E-02	 0	
  .0001923	-1.960784E-02	 0	
  .0001924	-1.176471E-02	 0	
  .0001925	-2.745098E-02	 0	
  .0001926	-2.745098E-02	 0	
  .0001927	-2.745098E-02	 0	
  .0001928	-2.745098E-02	 0	
  .0001929	-1.960784E-02	 0	
  .000193	-3.529412E-02	 0	
  .0001931	-1.960784E-02	 0	
  .0001932	-2.745098E-02	 0	
  .0001933	-3.529412E-02	 0	
  .0001934	-2.745098E-02	 0	
  .0001935	-4.313726E-02	 0	
  .0001936	-1.960784E-02	 0	
  .0001937	-3.529412E-02	 0	
  .0001938	-4.313726E-02	 0	
  .0001939	-3.529412E-02	 0	
  .000194	-3.529412E-02	 0	
  .0001941	-2.745098E-02	 0	
  .0001942	-4.313726E-02	 0	
  .0001943	-2.745098E-02	 0	
  .0001944	-2.745098E-02	 0	
  .0001945	-3.529412E-02	 0	
  .0001946	-3.529412E-02	 0	
  .0001947	-2.745098E-02	 0	
  .0001948	-4.313726E-02	 0	
  .0001949	-4.313726E-02	 0	
  .000195	-3.529412E-02	 0	
  .0001951	-3.529412E-02	 0	
  .0001952	-3.529412E-02	 0	
  .0001953	-3.529412E-02	 0	
  .0001954	-5.098039E-02	 0	
  .0001955	-4.313726E-02	 0	
  .0001956	-3.529412E-02	 0	
  .0001957	-3.529412E-02	 0	
  .0001958	-5.098039E-02	 0	
  .0001959	-4.313726E-02	 0	
  .000196	-3.529412E-02	 0	
  .0001961	-5.098039E-02	 0	
  .0001962	-5.098039E-02	 0	
  .0001963	-4.313726E-02	 0	
  .0001964	-4.313726E-02	 0	
  .0001965	-3.529412E-02	 0	
  .0001966	-4.313726E-02	 0	
  .0001967	-4.313726E-02	 0	
  .0001968	-2.745098E-02	 0	
  .0001969	-2.745098E-02	 0	
  .000197	-3.529412E-02	 0	
  .0001971	-3.529412E-02	 0	
  .0001972	-4.313726E-02	 0	
  .0001973	-4.313726E-02	 0	
  .0001974	-3.529412E-02	 0	
  .0001975	-4.313726E-02	 0	
  .0001976	-3.529412E-02	 0	
  .0001977	-4.313726E-02	 0	
  .0001978	-4.313726E-02	 0	
  .0001979	-5.098039E-02	 0	
  .000198	-4.313726E-02	 0	
  .0001981	-3.529412E-02	 0	
  .0001982	-5.098039E-02	 0	
  .0001983	-5.098039E-02	 0	
  .0001984	-4.313726E-02	 0	
  .0001985	-5.098039E-02	 0	
  .0001986	-3.529412E-02	 0	
  .0001987	-4.313726E-02	 0	
  .0001988	-4.313726E-02	 0	
  .0001989	-5.098039E-02	 0	
  .000199	-5.098039E-02	 0	
  .0001991	-5.098039E-02	 0	
  .0001992	-4.313726E-02	 0	
  .0001993	-4.313726E-02	 0	
  .0001994	-5.098039E-02	 0	
  .0001995	-5.098039E-02	 0	
  .0001996	-5.882353E-02	 0	
  .0001997	-5.098039E-02	 0	
  .0001998	-5.098039E-02	 0	
  .0001999	-4.313726E-02	 0	
  .0002	-4.313726E-02	 0	
  .0002001	-3.529412E-02	 0	
  .0002002	-4.313726E-02	 0	
  .0002003	-4.313726E-02	 0	
  .0002004	-5.098039E-02	 0	
  .0002005	-5.882353E-02	 0	
  .0002006	-4.313726E-02	 0	
  .0002007	-5.098039E-02	 0	
  .0002008	-4.313726E-02	 0	
  .0002009	-5.098039E-02	 0	
  .000201	-5.098039E-02	 0	
  .0002011	-5.098039E-02	 0	
  .0002012	-4.313726E-02	 0	
  .0002013	-5.098039E-02	 0	
  .0002014	-4.313726E-02	 0	
  .0002015	-4.313726E-02	 0	
  .0002016	-5.098039E-02	 0	
  .0002017	-4.313726E-02	 0	
  .0002018	-4.313726E-02	 0	
  .0002019	-5.098039E-02	 0	
  .000202	-4.313726E-02	 0	
  .0002021	-4.313726E-02	 0	
  .0002022	-5.098039E-02	 0	
  .0002023	-5.098039E-02	 0	
  .0002024	-4.313726E-02	 0	
  .0002025	-5.098039E-02	 0	
  .0002026	-5.098039E-02	 0	
  .0002027	-4.313726E-02	 0	
  .0002028	-3.529412E-02	 0	
  .0002029	-5.098039E-02	 0	
  .000203	-4.313726E-02	 0	
  .0002031	-5.098039E-02	 0	
  .0002032	-4.313726E-02	 0	
  .0002033	-4.313726E-02	 0	
  .0002034	-4.313726E-02	 0	
  .0002035	-4.313726E-02	 0	
  .0002036	-4.313726E-02	 0	
  .0002037	-5.098039E-02	 0	
  .0002038	-4.313726E-02	 0	
  .0002039	-5.098039E-02	 0	
  .000204	-3.529412E-02	 0	
  .0002041	-4.313726E-02	 0	
  .0002042	-3.529412E-02	 0	
  .0002043	-3.529412E-02	 0	
  .0002044	-3.529412E-02	 0	
  .0002045	-4.313726E-02	 0	
  .0002046	-4.313726E-02	 0	
  .0002047	-2.745098E-02	 0	
  .0002048	-5.098039E-02	 0	
  .0002049	-4.313726E-02	 0	
  .000205	-4.313726E-02	 0	
  .0002051	-4.313726E-02	 0	
  .0002052	-3.529412E-02	 0	
  .0002053	-4.313726E-02	 0	
  .0002054	-4.313726E-02	 0	
  .0002055	-4.313726E-02	 0	
  .0002056	-2.745098E-02	 0	
  .0002057	-5.098039E-02	 0	
  .0002058	-4.313726E-02	 0	
  .0002059	-3.529412E-02	 0	
  .000206	-2.745098E-02	 0	
  .0002061	-3.529412E-02	 0	
  .0002062	-4.313726E-02	 0	
  .0002063	-3.529412E-02	 0	
  .0002064	-2.745098E-02	 0	
  .0002065	-3.529412E-02	 0	
  .0002066	-3.529412E-02	 0	
  .0002067	-2.745098E-02	 0	
  .0002068	-1.960784E-02	 0	
  .0002069	-3.529412E-02	 0	
  .000207	-3.529412E-02	 0	
  .0002071	-2.745098E-02	 0	
  .0002072	-2.745098E-02	 0	
  .0002073	-1.176471E-02	 0	
  .0002074	-1.960784E-02	 0	
  .0002075	-2.745098E-02	 0	
  .0002076	-2.745098E-02	 0	
  .0002077	-1.960784E-02	 0	
  .0002078	-3.529412E-02	 0	
  .0002079	-1.960784E-02	 0	
  .000208	-1.960784E-02	 0	
  .0002081	-1.960784E-02	 0	
  .0002082	-1.176471E-02	 0	
  .0002083	-1.960784E-02	 0	
  .0002084	-2.745098E-02	 0	
  .0002085	-2.745098E-02	 0	
  .0002086	-1.960784E-02	 0	
  .0002087	-1.960784E-02	 0	
  .0002088	-1.960784E-02	 0	
  .0002089	-3.529412E-02	 0	
  .000209	-1.960784E-02	 0	
  .0002091	-1.960784E-02	 0	
  .0002092	-1.960784E-02	 0	
  .0002093	-2.745098E-02	 0	
  .0002094	-2.745098E-02	 0	
  .0002095	-3.529412E-02	 0	
  .0002096	-1.960784E-02	 0	
  .0002097	-1.960784E-02	 0	
  .0002098	-2.745098E-02	 0	
  .0002099	-1.960784E-02	 0	
  .00021	-1.960784E-02	 0	
  .0002101	-1.176471E-02	 0	
  .0002102	-1.960784E-02	 0	
  .0002103	-2.745098E-02	 0	
  .0002104	-2.745098E-02	 0	
  .0002105	-1.176471E-02	 0	
  .0002106	-1.960784E-02	 0	
  .0002107	-1.960784E-02	 0	
  .0002108	-1.960784E-02	 0	
  .0002109	-1.176471E-02	 0	
  .000211	-1.176471E-02	 0	
  .0002111	-1.960784E-02	 0	
  .0002112	-1.960784E-02	 0	
  .0002113	-1.176471E-02	 0	
  .0002114	-1.176471E-02	 0	
  .0002115	-1.176471E-02	 0	
  .0002116	-1.176471E-02	 0	
  .0002117	-1.176471E-02	 0	
  .0002118	-1.176471E-02	 0	
  .0002119	-1.176471E-02	 0	
  .000212	-1.176471E-02	 0	
  .0002121	-1.176471E-02	 0	
  .0002122	 3.921569E-03	 0	
  .0002123	-3.921569E-03	 0	
  .0002124	-1.176471E-02	 0	
  .0002125	-1.176471E-02	 0	
  .0002126	-1.176471E-02	 0	
  .0002127	 3.921569E-03	 0	
  .0002128	-3.921569E-03	 0	
  .0002129	-3.921569E-03	 0	
  .000213	 3.921569E-03	 0	
  .0002131	-1.176471E-02	 0	
  .0002132	-1.176471E-02	 0	
  .0002133	-3.921569E-03	 0	
  .0002134	-3.921569E-03	 0	
  .0002135	-3.921569E-03	 0	
  .0002136	-3.921569E-03	 0	
  .0002137	-3.921569E-03	 0	
  .0002138	-3.921569E-03	 0	
  .0002139	 1.176471E-02	 0	
  .000214	-3.921569E-03	 0	
  .0002141	 3.921569E-03	 0	
  .0002142	 1.176471E-02	 0	
  .0002143	-3.921569E-03	 0	
  .0002144	 3.921569E-03	 0	
  .0002145	 3.921569E-03	 0	
  .0002146	 1.176471E-02	 0	
  .0002147	-3.921569E-03	 0	
  .0002148	-3.921569E-03	 0	
  .0002149	 1.176471E-02	 0	
  .000215	-1.176471E-02	 0	
  .0002151	 3.921569E-03	 0	
  .0002152	 1.176471E-02	 0	
  .0002153	-3.921569E-03	 0	
  .0002154	 1.176471E-02	 0	
  .0002155	 1.960784E-02	 0	
  .0002156	-1.176471E-02	 0	
  .0002157	 3.921569E-03	 0	
  .0002158	 3.921569E-03	 0	
  .0002159	-3.921569E-03	 0	
  .000216	 1.176471E-02	 0	
  .0002161	 3.921569E-03	 0	
  .0002162	 1.176471E-02	 0	
  .0002163	 1.176471E-02	 0	
  .0002164	 3.921569E-03	 0	
  .0002165	 1.960784E-02	 0	
  .0002166	 1.960784E-02	 0	
  .0002167	 1.176471E-02	 0	
  .0002168	 1.176471E-02	 0	
  .0002169	 1.176471E-02	 0	
  .000217	 2.745098E-02	 0	
  .0002171	 3.529412E-02	 0	
  .0002172	 2.745098E-02	 0	
  .0002173	 1.960784E-02	 0	
  .0002174	 1.960784E-02	 0	
  .0002175	 1.176471E-02	 0	
  .0002176	 1.960784E-02	 0	
  .0002177	 3.921569E-03	 0	
  .0002178	 1.960784E-02	 0	
  .0002179	 3.529412E-02	 0	
  .000218	 3.529412E-02	 0	
  .0002181	 1.960784E-02	 0	
  .0002182	 2.745098E-02	 0	
  .0002183	 2.745098E-02	 0	
  .0002184	 2.745098E-02	 0	
  .0002185	 3.529412E-02	 0	
  .0002186	 2.745098E-02	 0	
  .0002187	 1.960784E-02	 0	
  .0002188	 1.960784E-02	 0	
  .0002189	 3.529412E-02	 0	
  .000219	 2.745098E-02	 0	
  .0002191	 1.960784E-02	 0	
  .0002192	 2.745098E-02	 0	
  .0002193	 2.745098E-02	 0	
  .0002194	 1.960784E-02	 0	
  .0002195	 2.745098E-02	 0	
  .0002196	 1.960784E-02	 0	
  .0002197	 2.745098E-02	 0	
  .0002198	 2.745098E-02	 0	
  .0002199	 4.313726E-02	 0	
  .00022	 1.960784E-02	 0	
  .0002201	 3.529412E-02	 0	
  .0002202	 2.745098E-02	 0	
  .0002203	 2.745098E-02	 0	
  .0002204	 4.313726E-02	 0	
  .0002205	 3.529412E-02	 0	
  .0002206	 3.529412E-02	 0	
  .0002207	 3.529412E-02	 0	
  .0002208	 2.745098E-02	 0	
  .0002209	 3.529412E-02	 0	
  .000221	 2.745098E-02	 0	
  .0002211	 2.745098E-02	 0	
  .0002212	 2.745098E-02	 0	
  .0002213	 4.313726E-02	 0	
  .0002214	 4.313726E-02	 0	
  .0002215	 4.313726E-02	 0	
  .0002216	 3.529412E-02	 0	
  .0002217	 3.529412E-02	 0	
  .0002218	 3.529412E-02	 0	
  .0002219	 3.529412E-02	 0	
  .000222	 3.529412E-02	 0	
  .0002221	 4.313726E-02	 0	
  .0002222	 3.529412E-02	 0	
  .0002223	 4.313726E-02	 0	
  .0002224	 3.529412E-02	 0	
  .0002225	 3.529412E-02	 0	
  .0002226	 4.313726E-02	 0	
  .0002227	 3.529412E-02	 0	
  .0002228	 5.098039E-02	 0	
  .0002229	 4.313726E-02	 0	
  .000223	 4.313726E-02	 0	
  .0002231	 5.098039E-02	 0	
  .0002232	 5.098039E-02	 0	
  .0002233	 5.098039E-02	 0	
  .0002234	 5.098039E-02	 0	
  .0002235	 3.529412E-02	 0	
  .0002236	 4.313726E-02	 0	
  .0002237	 3.529412E-02	 0	
  .0002238	 5.882353E-02	 0	
  .0002239	 2.745098E-02	 0	
  .000224	 5.098039E-02	 0	
  .0002241	 4.313726E-02	 0	
  .0002242	 4.313726E-02	 0	
  .0002243	 3.529412E-02	 0	
  .0002244	 5.098039E-02	 0	
  .0002245	 5.098039E-02	 0	
  .0002246	 4.313726E-02	 0	
  .0002247	 5.098039E-02	 0	
  .0002248	 5.098039E-02	 0	
  .0002249	 5.098039E-02	 0	
  .000225	 5.098039E-02	 0	
