 -.0000498	 3.607858E-02	 3.921569E-02	
 -.0000496	 3.607858E-02	 .1176471	
 -.0000494	 3.607858E-02	 3.921569E-02	
 -.0000492	 .11451	 3.921569E-02	
 -.000049	 3.607858E-02	 .1176471	
 -.0000488	 3.607858E-02	 3.921569E-02	
 -.0000486	 .1929413	 .1176471	
 -.0000484	 .11451	 .1960784	
 -.0000482	-4.235279E-02	 .1176471	
 -.000048	 3.607858E-02	 .1960784	
 -.0000478	 .11451	 3.921569E-02	
 -.0000476	 3.607858E-02	 3.921569E-02	
 -.0000474	 .11451	 .1176471	
 -.0000472	 .11451	 .1176471	
 -.000047	 .11451	 3.921569E-02	
 -.0000468	 3.607858E-02	 .1176471	
 -.0000466	 3.607858E-02	 .1176471	
 -.0000464	 .11451	 .1176471	
 -.0000462	-4.235279E-02	 3.921569E-02	
 -.000046	 3.607858E-02	 3.921569E-02	
 -.0000458	 3.607858E-02	-3.921569E-02	
 -.0000456	 3.607858E-02	 3.921569E-02	
 -.0000454	 .11451	 3.921569E-02	
 -.0000452	 .11451	 3.921569E-02	
 -.000045	 3.607858E-02	 .1176471	
 -.0000448	 .2713727	 .1176471	
 -.0000446	 3.607858E-02	 3.921569E-02	
 -.0000444	 3.607858E-02	 .1176471	
 -.0000442	 3.607858E-02	 3.921569E-02	
 -.000044	 3.607858E-02	 .1176471	
 -.0000438	 .11451	-3.921569E-02	
 -.0000436	-4.235279E-02	 .1960784	
 -.0000434	 .11451	 .1176471	
 -.0000432	 3.607858E-02	 3.921569E-02	
 -.000043	-4.235279E-02	 .1176471	
 -.0000428	 3.607858E-02	 .1176471	
 -.0000426	 3.607858E-02	 3.921569E-02	
 -.0000424	-4.235279E-02	 3.921569E-02	
 -.0000422	 .11451	 3.921569E-02	
 -.000042	 3.607858E-02	 .1176471	
 -.0000418	 3.607858E-02	 .1960784	
 -.0000416	 .11451	 3.921569E-02	
 -.0000414	 .1929413	 .1176471	
 -.0000412	 3.607858E-02	 .1176471	
 -.000041	 3.607858E-02	 .1176471	
 -.0000408	 .11451	 3.921569E-02	
 -.0000406	 .11451	 3.921569E-02	
 -.0000404	 3.607858E-02	 3.921569E-02	
 -.0000402	 3.607858E-02	 3.921569E-02	
 -.00004	 .11451	 .1176471	
 -.0000398	 .11451	 3.921569E-02	
 -.0000396	 3.607858E-02	 3.921569E-02	
 -.0000394	 .11451	 3.921569E-02	
 -.0000392	 3.607858E-02	 .1176471	
 -.000039	 .11451	 .1176471	
 -.0000388	 3.607858E-02	 3.921569E-02	
 -.0000386	-4.235279E-02	 .1176471	
 -.0000384	 3.607858E-02	 .1960784	
 -.0000382	 .11451	 .1176471	
 -.000038	-4.235279E-02	 3.921569E-02	
 -.0000378	 3.607858E-02	 .1176471	
 -.0000376	 3.607858E-02	 3.921569E-02	
 -.0000374	 3.607858E-02	-3.921569E-02	
 -.0000372	 3.607858E-02	 3.921569E-02	
 -.000037	-4.235279E-02	 .1176471	
 -.0000368	 3.607858E-02	 .1960784	
 -.0000366	 3.607858E-02	 3.921569E-02	
 -.0000364	-4.235279E-02	 3.921569E-02	
 -.0000362	 .11451	 3.921569E-02	
 -.000036	 .11451	 3.921569E-02	
 -.0000358	-4.235279E-02	 .1176471	
 -.0000356	 3.607858E-02	 3.921569E-02	
 -.0000354	 3.607858E-02	 .1176471	
 -.0000352	-4.235279E-02	 .1176471	
 -.000035	 3.607858E-02	 .1176471	
 -.0000348	 3.607858E-02	 3.921569E-02	
 -.0000346	 .11451	 3.921569E-02	
 -.0000344	 .11451	 .1960784	
 -.0000342	 3.607858E-02	 .1176471	
 -.000034	 3.607858E-02	 .1176471	
 -.0000338	 3.607858E-02	 .1176471	
 -.0000336	 .11451	 .1176471	
 -.0000334	 .11451	 .1176471	
 -.0000332	 3.607858E-02	 .1176471	
 -.000033	 3.607858E-02	 .1176471	
 -.0000328	 3.607858E-02	 .1176471	
 -.0000326	 .11451	 3.921569E-02	
 -.0000324	 .11451	-3.921569E-02	
 -.0000322	 3.607858E-02	 3.921569E-02	
 -.000032	 .11451	 3.921569E-02	
 -.0000318	-4.235279E-02	 3.921569E-02	
 -.0000316	 .11451	 .1176471	
 -.0000314	 3.607858E-02	 .1176471	
 -.0000312	 3.607858E-02	 3.921569E-02	
 -.000031	 3.607858E-02	 3.921569E-02	
 -.0000308	 3.607858E-02	 3.921569E-02	
 -.0000306	 .11451	-3.921569E-02	
 -.0000304	 3.607858E-02	 .1176471	
 -.0000302	 .11451	 3.921569E-02	
 -.00003	 3.607858E-02	 3.921569E-02	
 -.0000298	 3.607858E-02	 3.921569E-02	
 -.0000296	-4.235279E-02	 .1176471	
 -.0000294	 .1929413	 3.921569E-02	
 -.0000292	 .11451	 .1176471	
 -.000029	 3.607858E-02	 3.921569E-02	
 -.0000288	 .11451	 .1176471	
 -.0000286	 .11451	 .1176471	
 -.0000284	 .11451	 3.921569E-02	
 -.0000282	 .11451	 .1960784	
 -.000028	 .11451	 3.921569E-02	
 -.0000278	 3.607858E-02	 .1176471	
 -.0000276	 3.607858E-02	 3.921569E-02	
 -.0000274	 3.607858E-02	-3.921569E-02	
 -.0000272	-4.235279E-02	 3.921569E-02	
 -.000027	-4.235279E-02	 .1176471	
 -.0000268	 3.607858E-02	 .1176471	
 -.0000266	 3.607858E-02	 .1176471	
 -.0000264	 3.607858E-02	 .1176471	
 -.0000262	 3.607858E-02	 3.921569E-02	
 -.000026	-4.235279E-02	 .1176471	
 -.0000258	 3.607858E-02	 3.921569E-02	
 -.0000256	 3.607858E-02	 3.921569E-02	
 -.0000254	 .11451	 3.921569E-02	
 -.0000252	 3.607858E-02	 .1176471	
 -.000025	 .1929413	 .1176471	
 -.0000248	 3.607858E-02	 3.921569E-02	
 -.0000246	 .11451	 .1176471	
 -.0000244	 3.607858E-02	 3.921569E-02	
 -.0000242	 .11451	 .1176471	
 -.000024	 .11451	-3.921569E-02	
 -.0000238	-4.235279E-02	 .1176471	
 -.0000236	 .11451	 .1176471	
 -.0000234	 3.607858E-02	 3.921569E-02	
 -.0000232	 3.607858E-02	 .1176471	
 -.000023	 3.607858E-02	 3.921569E-02	
 -.0000228	 3.607858E-02	-3.921569E-02	
 -.0000226	 .11451	 3.921569E-02	
 -.0000224	 .11451	 .1176471	
 -.0000222	-4.235279E-02	 .1176471	
 -.000022	-4.235279E-02	 .1176471	
 -.0000218	 3.607858E-02	 3.921569E-02	
 -.0000216	 .11451	 .1176471	
 -.0000214	 3.607858E-02	 .1176471	
 -.0000212	 3.607858E-02	 .1176471	
 -.000021	-4.235279E-02	 3.921569E-02	
 -.0000208	 .11451	 3.921569E-02	
 -.0000206	-4.235279E-02	 3.921569E-02	
 -.0000204	 3.607858E-02	 3.921569E-02	
 -.0000202	-4.235279E-02	 .1176471	
 -.00002	 3.607858E-02	 .1176471	
 -.0000198	-4.235279E-02	 3.921569E-02	
 -.0000196	 3.607858E-02	 3.921569E-02	
 -.0000194	-4.235279E-02	 .1960784	
 -.0000192	-4.235279E-02	 .1176471	
 -.000019	-4.235279E-02	 3.921569E-02	
 -.0000188	-4.235279E-02	 3.921569E-02	
 -.0000186	 3.607858E-02	 .1176471	
 -.0000184	 3.607858E-02	 .1176471	
 -.0000182	 .11451	 3.921569E-02	
 -.000018	 3.607858E-02	 .1176471	
 -.0000178	-4.235279E-02	-3.921569E-02	
 -.0000176	 .11451	 3.921569E-02	
 -.0000174	 3.607858E-02	 3.921569E-02	
 -.0000172	 3.607858E-02	 .1176471	
 -.000017	-4.235279E-02	 .1960784	
 -.0000168	-4.235279E-02	 3.921569E-02	
 -.0000166	-4.235279E-02	 3.921569E-02	
 -.0000164	 .11451	 .1176471	
 -.0000162	 3.607858E-02	 3.921569E-02	
 -.000016	 3.607858E-02	 3.921569E-02	
 -.0000158	 3.607858E-02	 .1176471	
 -.0000156	 3.607858E-02	 .1176471	
 -.0000154	-4.235279E-02	 .1176471	
 -.0000152	 3.607858E-02	 .1176471	
 -.000015	 3.607858E-02	 3.921569E-02	
 -.0000148	 .11451	 3.921569E-02	
 -.0000146	 3.607858E-02	 .1176471	
 -.0000144	-4.235279E-02	 3.921569E-02	
 -.0000142	-4.235279E-02	 3.921569E-02	
 -.000014	-4.235279E-02	 .1176471	
 -.0000138	 .11451	 .1176471	
 -.0000136	 .11451	 .1176471	
 -.0000134	 3.607858E-02	 .1176471	
 -.0000132	 3.607858E-02	 .1176471	
 -.000013	 3.607858E-02	 3.921569E-02	
 -.0000128	 3.607858E-02	 3.921569E-02	
 -.0000126	-4.235279E-02	 3.921569E-02	
 -.0000124	 3.607858E-02	 3.921569E-02	
 -.0000122	 .11451	 3.921569E-02	
 -.000012	-4.235279E-02	 3.921569E-02	
 -.0000118	 3.607858E-02	 .1176471	
 -.0000116	-4.235279E-02	 3.921569E-02	
 -.0000114	 3.607858E-02	 3.921569E-02	
 -.0000112	 .11451	 3.921569E-02	
 -.000011	 3.607858E-02	-3.921569E-02	
 -.0000108	 3.607858E-02	 3.921569E-02	
 -.0000106	-4.235279E-02	 3.921569E-02	
 -.0000104	 3.607858E-02	 .1176471	
 -.0000102	 3.607858E-02	 3.921569E-02	
 -.00001	 3.607858E-02	 .1176471	
 -.0000098	 3.607858E-02	 .1176471	
 -.0000096	 .11451	-3.921569E-02	
 -.0000094	 3.607858E-02	 3.921569E-02	
 -.0000092	 3.607858E-02	 .1176471	
 -.000009	 .11451	 .1176471	
 -.0000088	 .11451	 .1176471	
 -.0000086	 3.607858E-02	 .1176471	
 -.0000084	 3.607858E-02	 .1176471	
 -.0000082	 .11451	 .1176471	
 -.000008	 3.607858E-02	 3.921569E-02	
 -.0000078	-4.235279E-02	 3.921569E-02	
 -.0000076	 3.607858E-02	 3.921569E-02	
 -.0000074	-4.235279E-02	 .1176471	
 -.0000072	 3.607858E-02	 .1176471	
 -.000007	 3.607858E-02	 3.921569E-02	
 -.0000068	 3.607858E-02	 3.921569E-02	
 -.0000066	 .11451	 3.921569E-02	
 -.0000064	 .11451	 3.921569E-02	
 -.0000062	 3.607858E-02	 3.921569E-02	
 -.000006	-4.235279E-02	 .1176471	
 -.0000058	 3.607858E-02	 3.921569E-02	
 -.0000056	 3.607858E-02	 3.921569E-02	
 -.0000054	-4.235279E-02	 3.921569E-02	
 -.0000052	 .1929413	 3.921569E-02	
 -.000005	 3.607858E-02	 .1176471	
 -.0000048	-4.235279E-02	 .1176471	
 -.0000046	 3.607858E-02	 3.921569E-02	
 -.0000044	 3.607858E-02	 .1176471	
 -.0000042	 .11451	-3.921569E-02	
 -.000004	-4.235279E-02	 3.921569E-02	
 -.0000038	 3.607858E-02	 3.921569E-02	
 -.0000036	 .11451	 .1176471	
 -.0000034	 3.607858E-02	 .1176471	
 -.0000032	 3.607858E-02	 3.921569E-02	
 -.000003	-4.235279E-02	-3.921569E-02	
 -.0000028	 .11451	-3.921569E-02	
 -.0000026	 3.607858E-02	 .1176471	
 -.0000024	 3.607858E-02	 .1176471	
 -.0000022	 3.607858E-02	 .1176471	
 -.000002	 .11451	 3.921569E-02	
 -.0000018	 3.607858E-02	 3.921569E-02	
 -.0000016	 3.607858E-02	 .1176471	
 -.0000014	 3.607858E-02	 .1176471	
 -.0000012	 3.607858E-02	 .1176471	
 -.000001	 3.607858E-02	 .1176471	
 -.0000008	 3.607858E-02	 3.921569E-02	
 -.0000006	 .11451	 3.921569E-02	
 -.0000004	 3.607858E-02	 .1176471	
 -.0000002	 3.607858E-02	 3.921569E-02	
  0	 3.607858E-02	 .1176471	
  .0000002	 3.607858E-02	 3.921569E-02	
  .0000004	 .11451	 .1960784	
  .0000006	 .11451	 .1176471	
  .0000008	 3.607858E-02	 3.921569E-02	
  .000001	 3.607858E-02	 3.921569E-02	
  .0000012	 3.607858E-02	 .1960784	
  .0000014	 .11451	 .1960784	
  .0000016	 3.607858E-02	 3.921569E-02	
  .0000018	 3.607858E-02	 .1176471	
  .000002	 3.607858E-02	 3.921569E-02	
  .0000022	-4.235279E-02	 3.921569E-02	
  .0000024	-.1207842	-3.921569E-02	
  .0000026	 3.607858E-02	 .1176471	
  .0000028	 3.607858E-02	 .1176471	
  .000003	 3.607858E-02	 3.921569E-02	
  .0000032	 3.607858E-02	 .1176471	
  .0000034	 3.607858E-02	 .1176471	
  .0000036	 .11451	 3.921569E-02	
  .0000038	 3.607858E-02	 3.921569E-02	
  .000004	 3.607858E-02	 3.921569E-02	
  .0000042	-4.235279E-02	 .1176471	
  .0000044	 3.607858E-02	 .1176471	
  .0000046	 3.607858E-02	 3.921569E-02	
  .0000048	 .11451	 .1176471	
  .000005	 3.607858E-02	-3.921569E-02	
  .0000052	 3.607858E-02	 .1176471	
  .0000054	-4.235279E-02	 .1176471	
  .0000056	-4.235279E-02	-3.921569E-02	
  .0000058	-4.235279E-02	-3.921569E-02	
  .000006	 3.607858E-02	 .1176471	
  .0000062	 .11451	 .1176471	
  .0000064	 .11451	 .1176471	
  .0000066	 3.607858E-02	-3.921569E-02	
  .0000068	 .11451	 .1176471	
  .000007	 3.607858E-02	 3.921569E-02	
  .0000072	 3.607858E-02	 .1176471	
  .0000074	 .11451	 3.921569E-02	
  .0000076	 .11451	 3.921569E-02	
  .0000078	 3.607858E-02	 3.921569E-02	
  .000008	 .11451	 3.921569E-02	
  .0000082	-4.235279E-02	 .1176471	
  .0000084	 3.607858E-02	 3.921569E-02	
  .0000086	 3.607858E-02	 .1176471	
  .0000088	-4.235279E-02	 .1176471	
  .000009	 .11451	 3.921569E-02	
  .0000092	-4.235279E-02	 3.921569E-02	
  .0000094	 3.607858E-02	 .1176471	
  .0000096	 3.607858E-02	 3.921569E-02	
  .0000098	 .11451	 .1176471	
  .00001	 3.607858E-02	 .1176471	
  .0000102	 .11451	 3.921569E-02	
  .0000104	 .11451	 .1176471	
  .0000106	 3.607858E-02	 3.921569E-02	
  .0000108	 .11451	 .1176471	
  .000011	 .11451	 .1176471	
  .0000112	 .11451	-3.921569E-02	
  .0000114	 3.607858E-02	 .1960784	
  .0000116	 3.607858E-02	 .1960784	
  .0000118	 1.84	 .4313726	
  .000012	-1.532549	 .3529412	
  .0000122	-1.532549	 .7450981	
  .0000124	-1.532549	 1.058824	
  .0000126	-1.532549	 1.45098	
  .0000128	-1.61098	 1.686275	
  .000013	-1.61098	 1.921569	
  .0000132	-1.689412	 2.156863	
  .0000134	-1.689412	 2.235294	
  .0000136	-1.767843	 2.470588	
  .0000138	-1.767843	 2.627451	
  .000014	-1.846274	 2.705882	
  .0000142	-1.846274	 2.862745	
  .0000144	-1.846274	 2.941176	
  .0000146	-2.003137	 2.941176	
  .0000148	-1.924706	 3.019608	
  .000015	-2.081568	 3.019608	
  .0000152	-1.924706	 3.098039	
  .0000154	-2.003137	 3.176471	
  .0000156	-2.081568	 3.254902	
  .0000158	-2.081568	 3.411765	
  .000016	-2.081568	 3.333333	
  .0000162	-2.16	 3.411765	
  .0000164	-2.16	 3.411765	
  .0000166	-2.238431	 3.411765	
  .0000168	-2.238431	 3.333333	
  .000017	-2.316863	 3.333333	
  .0000172	-2.238431	 3.254902	
  .0000174	-2.238431	 3.411765	
  .0000176	-2.316863	 3.411765	
  .0000178	-2.238431	 3.411765	
  .000018	-2.316863	 3.411765	
  .0000182	-2.395294	 3.254902	
  .0000184	-2.316863	 3.411765	
  .0000186	-2.395294	 3.254902	
  .0000188	-2.316863	 3.176471	
  .000019	-2.395294	 3.333333	
  .0000192	-2.395294	 3.333333	
  .0000194	-2.316863	 3.411765	
  .0000196	-2.395294	 3.333333	
  .0000198	-2.395294	 3.176471	
  .00002	-2.395294	 3.333333	
  .0000202	-2.395294	 3.254902	
  .0000204	-2.473725	 3.176471	
  .0000206	-2.473725	 3.176471	
  .0000208	-2.552157	 3.098039	
  .000021	-2.395294	 3.254902	
  .0000212	-2.552157	 3.176471	
  .0000214	-2.552157	 3.098039	
  .0000216	-2.552157	 3.176471	
  .0000218	-2.552157	 3.019608	
  .000022	-2.630588	 3.019608	
  .0000222	-2.630588	 3.019608	
  .0000224	-2.552157	 3.019608	
  .0000226	-2.630588	 3.098039	
  .0000228	-2.552157	 3.019608	
  .000023	-2.630588	 3.019608	
  .0000232	-2.630588	 2.941176	
  .0000234	-2.552157	 2.941176	
  .0000236	-2.552157	 2.941176	
  .0000238	-2.630588	 2.862745	
  .000024	-2.630588	 2.941176	
  .0000242	-2.709019	 2.941176	
  .0000244	-2.630588	 2.862745	
  .0000246	-2.630588	 2.784314	
  .0000248	-2.787451	 2.627451	
  .000025	-2.709019	 2.862745	
  .0000252	-2.787451	 2.705882	
  .0000254	-2.787451	 2.705882	
  .0000256	-2.787451	 2.705882	
  .0000258	-2.787451	 2.705882	
  .000026	-2.709019	 2.705882	
  .0000262	-2.865882	 2.705882	
  .0000264	-2.865882	 2.627451	
  .0000266	-2.865882	 2.54902	
  .0000268	-2.865882	 2.470588	
  .000027	-3.022745	 2.54902	
  .0000272	-2.865882	 2.392157	
  .0000274	-2.787451	 2.392157	
  .0000276	-2.865882	 2.313725	
  .0000278	-2.944314	 2.392157	
  .000028	-3.022745	 2.392157	
  .0000282	-2.865882	 2.392157	
  .0000284	-2.865882	 2.313725	
  .0000286	-3.022745	 2.313725	
  .0000288	-2.944314	 2.313725	
  .000029	-3.022745	 2.313725	
  .0000292	-3.022745	 2.235294	
  .0000294	-2.944314	 2.156863	
  .0000296	-3.022745	 2.156863	
  .0000298	-3.022745	 2.235294	
  .00003	-3.022745	 2.078431	
  .0000302	-3.022745	 2.078431	
  .0000304	-3.101176	 2.078431	
  .0000306	-3.179608	 2.078431	
  .0000308	-3.179608	 2	
  .000031	-3.179608	 1.921569	
  .0000312	-3.101176	 2	
  .0000314	-3.258039	 1.921569	
  .0000316	-3.258039	 1.764706	
  .0000318	-3.179608	 1.764706	
  .000032	-3.258039	 1.764706	
  .0000322	-3.258039	 1.686275	
  .0000324	-3.33647	 1.764706	
  .0000326	-3.179608	 1.607843	
  .0000328	-3.258039	 1.686275	
  .000033	-3.33647	 1.607843	
  .0000332	-3.258039	 1.529412	
  .0000334	-3.33647	 1.45098	
  .0000336	-3.33647	 1.45098	
  .0000338	-3.414902	 1.45098	
  .000034	-3.414902	 1.529412	
  .0000342	-3.414902	 1.45098	
  .0000344	-3.33647	 1.372549	
  .0000346	-3.493333	 1.45098	
  .0000348	-3.493333	 1.294118	
  .000035	-3.493333	 1.215686	
  .0000352	-3.571764	 1.137255	
  .0000354	-3.493333	 1.137255	
  .0000356	-3.650196	 1.215686	
  .0000358	-3.571764	 1.215686	
  .000036	-3.571764	 1.137255	
  .0000362	-3.650196	 1.058824	
  .0000364	-3.807059	 .9019608	
  .0000366	-3.650196	 .8235294	
  .0000368	-3.728627	 .8235294	
  .000037	-3.728627	 .7450981	
  .0000372	-3.807059	 .7450981	
  .0000374	-3.807059	 .7450981	
  .0000376	-3.88549	 .6666667	
  .0000378	-3.88549	 .7450981	
  .000038	-4.042353	 .5882353	
  .0000382	-4.199215	 .5882353	
  .0000384	-4.199215	 .4313726	
  .0000386	-4.356078	 .3529412	
  .0000388	-4.356078	 .3529412	
  .000039	-4.43451	 .3529412	
  .0000392	-4.591372	 .3529412	
  .0000394	-4.748235	 .1960784	
  .0000396	-4.905098	 .1176471	
  .0000398	-5.218823	-3.921569E-02	
  .00004	-5.375686	 .1176471	
  .0000402	-5.767843	-.1176471	
  .0000404	-6.003137	-.1960784	
  .0000406	-6.395294	-.3529412	
  .0000408	-6.944314	-.3529412	
  .000041	-6.395294	-.1176471	
  .0000412	-5.689412	 3.921569E-02	
  .0000414	-5.454117	 3.921569E-02	
  .0000416	-4.905098	 3.921569E-02	
  .0000418	-4.591372	-3.921569E-02	
  .000042	-4.277647	 3.921569E-02	
  .0000422	-3.963921	 3.921569E-02	
  .0000424	-3.728627	 .1176471	
  .0000426	-3.571764	-3.921569E-02	
  .0000428	-3.33647	-.1176471	
  .000043	-3.101176	-3.921569E-02	
  .0000432	-3.022745	-.1176471	
  .0000434	-2.865882	-.1176471	
  .0000436	-2.787451	-.1960784	
  .0000438	-2.787451	-.1176471	
  .000044	-2.552157	-.1176471	
  .0000442	-2.395294	-.1960784	
  .0000444	-2.395294	-.1960784	
  .0000446	-2.316863	-.3529412	
  .0000448	-2.316863	-.1960784	
  .000045	-2.238431	-.3529412	
  .0000452	-2.081568	-.3529412	
  .0000454	-2.16	-.3529412	
  .0000456	-2.081568	-.3529412	
  .0000458	-1.924706	-.4313726	
  .000046	-1.924706	-.4313726	
  .0000462	-1.924706	-.4313726	
  .0000464	-1.846274	-.509804	
  .0000466	-1.846274	-.5882353	
  .0000468	-1.846274	-.7450981	
  .000047	-1.767843	-.6666667	
  .0000472	-1.689412	-.6666667	
  .0000474	-1.689412	-.7450981	
  .0000476	-1.689412	-.6666667	
  .0000478	-1.689412	-.7450981	
  .000048	-1.532549	-.7450981	
  .0000482	-1.61098	-.8235294	
  .0000484	-1.61098	-.8235294	
  .0000486	-1.532549	-.9803922	
  .0000488	-1.532549	-.8235294	
  .000049	-1.454118	-.8235294	
  .0000492	-1.375686	-.9803922	
  .0000494	-1.375686	-1.137255	
  .0000496	-1.375686	-1.058824	
  .0000498	-1.375686	-1.058824	
  .00005	-1.375686	-1.058824	
  .0000502	-1.297255	-1.058824	
  .0000504	-1.297255	-1.215686	
  .0000506	-1.297255	-1.137255	
  .0000508	-1.140392	-1.137255	
  .000051	-1.218823	-1.137255	
  .0000512	-1.218823	-1.215686	
  .0000514	-1.218823	-1.372549	
  .0000516	-1.218823	-1.372549	
  .0000518	-1.140392	-1.372549	
  .000052	-1.140392	-1.372549	
  .0000522	-1.061961	-1.294118	
  .0000524	-1.061961	-1.45098	
  .0000526	-.9050979	-1.372549	
  .0000528	-1.061961	-1.529412	
  .000053	-.9835293	-1.529412	
  .0000532	-.9050979	-1.529412	
  .0000534	-.9050979	-1.529412	
  .0000536	-.8266665	-1.607843	
  .0000538	-.9050979	-1.607843	
  .000054	-.9050979	-1.607843	
  .0000542	-.6698038	-1.607843	
  .0000544	-.8266665	-1.607843	
  .0000546	-.6698038	-1.686275	
  .0000548	-.8266665	-1.686275	
  .000055	-.8266665	-1.686275	
  .0000552	-.6698038	-1.843137	
  .0000554	-.6698038	-1.686275	
  .0000556	-.6698038	-1.686275	
  .0000558	-.6698038	-1.843137	
  .000056	-.6698038	-1.843137	
  .0000562	-.512941	-1.921569	
  .0000564	-.5913724	-1.921569	
  .0000566	-.5913724	-1.921569	
  .0000568	-.4345097	-1.921569	
  .000057	-.4345097	-1.921569	
  .0000572	-.4345097	-1.843137	
  .0000574	-.2776469	-2	
  .0000576	-.3560783	-2	
  .0000578	-.3560783	-2	
  .000058	-.2776469	-2.078431	
  .0000582	-.2776469	-2	
  .0000584	-.1992155	-2.078431	
  .0000586	-.1992155	-2.078431	
  .0000588	-.1992155	-2.078431	
  .000059	-.1207842	-2.078431	
  .0000592	-.1207842	-2.156863	
  .0000594	-.1207842	-2.156863	
  .0000596	-.1992155	-2.156863	
  .0000598	-.1992155	-2.156863	
  .00006	-4.235279E-02	-2.156863	
  .0000602	-4.235279E-02	-2.156863	
  .0000604	-4.235279E-02	-2.235294	
  .0000606	 3.607858E-02	-2.156863	
  .0000608	 .11451	-2.156863	
  .000061	 3.607858E-02	-2.235294	
  .0000612	 3.607858E-02	-2.235294	
  .0000614	 3.607858E-02	-2.313725	
  .0000616	 .11451	-2.313725	
  .0000618	 .1929413	-2.235294	
  .000062	 .1929413	-2.156863	
  .0000622	 .1929413	-2.235294	
  .0000624	 .1929413	-2.313725	
  .0000626	 .1929413	-2.313725	
  .0000628	 .2713727	-2.313725	
  .000063	 .2713727	-2.392157	
  .0000632	 .4282354	-2.313725	
  .0000634	 .2713727	-2.392157	
  .0000636	 .2713727	-2.313725	
  .0000638	 .2713727	-2.392157	
  .000064	 .2713727	-2.392157	
  .0000642	 .3498041	-2.392157	
  .0000644	 .3498041	-2.392157	
  .0000646	 .4282354	-2.392157	
  .0000648	 .4282354	-2.470588	
  .000065	 .4282354	-2.470588	
  .0000652	 .4282354	-2.470588	
  .0000654	 .5850982	-2.392157	
  .0000656	 .5850982	-2.470588	
  .0000658	 .5066668	-2.470588	
  .000066	 .5850982	-2.54902	
  .0000662	 .5066668	-2.54902	
  .0000664	 .5850982	-2.470588	
  .0000666	 .6635296	-2.470588	
  .0000668	 .6635296	-2.470588	
  .000067	 .6635296	-2.470588	
  .0000672	 .6635296	-2.54902	
  .0000674	 .6635296	-2.470588	
  .0000676	 .7419609	-2.470588	
  .0000678	 .7419609	-2.392157	
  .000068	 1.290981	-2.313725	
  .0000682	 1.447843	-2.235294	
  .0000684	 1.526275	-2.313725	
  .0000686	 1.604706	-2.235294	
  .0000688	 1.84	-2.235294	
  .000069	 1.918432	-2.156863	
  .0000692	 1.996863	-2.235294	
  .0000694	 2.075294	-2.156863	
  .0000696	 2.075294	-2.156863	
  .0000698	 2.232157	-2.078431	
  .00007	 2.232157	-2.078431	
  .0000702	 2.232157	-2.078431	
  .0000704	 2.310588	-2	
  .0000706	 2.310588	-2.078431	
  .0000708	 2.310588	-2.078431	
  .000071	 2.38902	-2	
  .0000712	 2.310588	-2.156863	
  .0000714	 2.38902	-2.078431	
  .0000716	 2.467451	-2.078431	
  .0000718	 2.38902	-2.078431	
  .000072	 2.467451	-2	
  .0000722	 2.467451	-2.078431	
  .0000724	 2.38902	-2	
  .0000726	 2.38902	-2	
  .0000728	 2.38902	-2	
  .000073	 2.467451	-2	
  .0000732	 2.38902	-2.078431	
  .0000734	 2.467451	-2	
  .0000736	 2.467451	-2	
  .0000738	 2.467451	-1.921569	
  .000074	 2.624314	-2	
  .0000742	 2.545882	-1.921569	
  .0000744	 2.467451	-2	
  .0000746	 2.467451	-1.921569	
  .0000748	 2.467451	-2	
  .000075	 2.38902	-2	
  .0000752	 2.38902	-1.921569	
  .0000754	 2.467451	-1.921569	
  .0000756	 2.467451	-1.921569	
  .0000758	 2.38902	-1.921569	
  .000076	 2.467451	-1.843137	
  .0000762	 2.38902	-1.843137	
  .0000764	 2.310588	-1.921569	
  .0000766	 2.467451	-1.921569	
  .0000768	 2.38902	-1.843137	
  .000077	 2.38902	-1.843137	
  .0000772	 2.467451	-1.921569	
  .0000774	 2.467451	-1.843137	
  .0000776	 2.310588	-1.843137	
  .0000778	 2.38902	-1.843137	
  .000078	 2.310588	-1.843137	
  .0000782	 2.467451	-1.843137	
  .0000784	 2.38902	-1.921569	
  .0000786	 2.467451	-1.686275	
  .0000788	 2.38902	-1.764706	
  .000079	 2.38902	-1.764706	
  .0000792	 2.38902	-1.764706	
  .0000794	 2.467451	-1.764706	
  .0000796	 2.38902	-1.764706	
  .0000798	 2.310588	-1.764706	
  .00008	 2.38902	-1.764706	
  .0000802	 2.38902	-1.686275	
  .0000804	 2.38902	-1.686275	
  .0000806	 2.467451	-1.686275	
  .0000808	 2.38902	-1.686275	
  .000081	 2.467451	-1.607843	
  .0000812	 2.38902	-1.686275	
  .0000814	 2.467451	-1.686275	
  .0000816	 2.310588	-1.686275	
  .0000818	 2.38902	-1.607843	
  .000082	 2.38902	-1.529412	
  .0000822	 2.38902	-1.607843	
  .0000824	 2.38902	-1.686275	
  .0000826	 2.38902	-1.607843	
  .0000828	 2.38902	-1.607843	
  .000083	 2.38902	-1.529412	
  .0000832	 2.310588	-1.529412	
  .0000834	 2.38902	-1.529412	
  .0000836	 2.310588	-1.45098	
  .0000838	 2.467451	-1.607843	
  .000084	 2.38902	-1.45098	
  .0000842	 2.38902	-1.45098	
  .0000844	 2.38902	-1.45098	
  .0000846	 2.310588	-1.45098	
  .0000848	 2.38902	-1.45098	
  .000085	 2.310588	-1.372549	
  .0000852	 2.38902	-1.294118	
  .0000854	 2.38902	-1.372549	
  .0000856	 2.310588	-1.372549	
  .0000858	 2.38902	-1.372549	
  .000086	 2.38902	-1.45098	
  .0000862	 2.310588	-1.372549	
  .0000864	 2.38902	-1.294118	
  .0000866	 2.232157	-1.294118	
  .0000868	 2.310588	-1.294118	
  .000087	 2.310588	-1.294118	
  .0000872	 2.232157	-1.215686	
  .0000874	 2.232157	-1.215686	
  .0000876	 2.232157	-1.294118	
  .0000878	 2.232157	-1.215686	
  .000088	 2.310588	-1.215686	
  .0000882	 2.310588	-1.137255	
  .0000884	 2.232157	-1.137255	
  .0000886	 2.153726	-1.058824	
  .0000888	 2.232157	-1.058824	
  .000089	 2.232157	-1.058824	
  .0000892	 2.153726	-1.058824	
  .0000894	 2.310588	-1.058824	
  .0000896	 2.232157	-1.058824	
  .0000898	 2.232157	-.9803922	
  .00009	 2.310588	-.9019608	
  .0000902	 2.232157	-.9019608	
  .0000904	 2.232157	-1.058824	
  .0000906	 2.232157	-.9019608	
  .0000908	 2.310588	-.8235294	
  .000091	 2.153726	-.8235294	
  .0000912	 2.232157	-.9019608	
  .0000914	 2.232157	-.9019608	
  .0000916	 2.153726	-.9019608	
  .0000918	 2.153726	-.7450981	
  .000092	 2.153726	-.9019608	
  .0000922	 2.153726	-.8235294	
  .0000924	 2.153726	-.7450981	
  .0000926	 2.153726	-.6666667	
  .0000928	 2.075294	-.7450981	
  .000093	 2.153726	-.7450981	
  .0000932	 2.075294	-.6666667	
  .0000934	 2.075294	-.7450981	
  .0000936	 2.075294	-.5882353	
  .0000938	 2.153726	-.5882353	
  .000094	 1.996863	-.5882353	
  .0000942	 2.153726	-.5882353	
  .0000944	 1.996863	-.5882353	
  .0000946	 1.996863	-.5882353	
  .0000948	 1.996863	-.5882353	
  .000095	 1.996863	-.4313726	
  .0000952	 1.996863	-.4313726	
  .0000954	 1.996863	-.509804	
  .0000956	 1.996863	-.509804	
  .0000958	 1.996863	-.3529412	
  .000096	 1.996863	-.4313726	
  .0000962	 1.918432	-.4313726	
  .0000964	 1.996863	-.3529412	
  .0000966	 1.84	-.2745098	
  .0000968	 1.918432	-.2745098	
  .000097	 1.996863	-.2745098	
  .0000972	 1.918432	-.1960784	
  .0000974	 1.918432	-.2745098	
  .0000976	 1.996863	-.2745098	
  .0000978	 1.84	-.2745098	
  .000098	 1.84	-.1960784	
  .0000982	 1.761569	-.1960784	
  .0000984	 1.918432	-.1176471	
  .0000986	 1.761569	-.1176471	
  .0000988	 1.84	-.1176471	
  .000099	 1.918432	-3.921569E-02	
  .0000992	 1.84	-3.921569E-02	
  .0000994	 1.761569	 3.921569E-02	
  .0000996	 1.761569	-3.921569E-02	
  .0000998	 1.761569	 3.921569E-02	
  .0001	 1.761569	 3.921569E-02	
  .0001002	 1.761569	 .1176471	
  .0001004	 1.84	 .1960784	
  .0001006	 1.683137	 .1176471	
  .0001008	 1.761569	 .1176471	
  .000101	 1.604706	 .1176471	
  .0001012	 1.604706	 .1176471	
  .0001014	 1.604706	 .1176471	
  .0001016	 1.604706	 .1960784	
  .0001018	 1.604706	 .2745098	
  .000102	 1.761569	 .2745098	
  .0001022	 1.604706	 .1960784	
  .0001024	 1.683137	 .1960784	
  .0001026	 1.683137	 .2745098	
  .0001028	 1.604706	 .2745098	
  .000103	 1.604706	 .3529412	
  .0001032	 1.604706	 .4313726	
  .0001034	 1.526275	 .4313726	
  .0001036	 1.604706	 .4313726	
  .0001038	 1.526275	 .3529412	
  .000104	 1.526275	 .3529412	
  .0001042	 1.604706	 .509804	
  .0001044	 1.526275	 .4313726	
  .0001046	 1.447843	 .3529412	
  .0001048	 1.447843	 .509804	
  .000105	 1.526275	 .509804	
  .0001052	 1.604706	 .509804	
  .0001054	 1.447843	 .5882353	
  .0001056	 1.526275	 .5882353	
  .0001058	 1.526275	 .509804	
  .000106	 1.290981	 .5882353	
  .0001062	 1.290981	 .509804	
  .0001064	 1.369412	 .509804	
  .0001066	 1.369412	 .6666667	
  .0001068	 1.369412	 .5882353	
  .000107	 1.290981	 .6666667	
  .0001072	 1.290981	 .7450981	
  .0001074	 1.290981	 .7450981	
  .0001076	 1.290981	 .7450981	
  .0001078	 1.212549	 .7450981	
  .000108	 1.290981	 .5882353	
  .0001082	 1.212549	 .7450981	
  .0001084	 1.134118	 .7450981	
  .0001086	 1.212549	 .7450981	
  .0001088	 1.134118	 .8235294	
  .000109	 1.212549	 .9019608	
  .0001092	 1.212549	 .8235294	
  .0001094	 1.134118	 .8235294	
  .0001096	 1.055686	 .8235294	
  .0001098	 1.212549	 .9019608	
  .00011	 1.134118	 .9803922	
  .0001102	 1.212549	 .9803922	
  .0001104	 1.134118	 1.058824	
  .0001106	 1.134118	 .9803922	
  .0001108	 1.055686	 .9803922	
  .000111	 .977255	 .9019608	
  .0001112	 .977255	 .9019608	
  .0001114	 .977255	 .9803922	
  .0001116	 .977255	 .9803922	
  .0001118	 .977255	 1.058824	
  .000112	 .977255	 1.137255	
  .0001122	 .8988237	 1.058824	
  .0001124	 .977255	 1.058824	
  .0001126	 .8988237	 1.058824	
  .0001128	 .8988237	 1.058824	
  .000113	 .8988237	 1.137255	
  .0001132	 .8203923	 1.215686	
  .0001134	 .8203923	 1.137255	
  .0001136	 .977255	 1.215686	
  .0001138	 .7419609	 1.215686	
  .000114	 .8988237	 1.137255	
  .0001142	 .7419609	 1.137255	
  .0001144	 .7419609	 1.137255	
  .0001146	 .8203923	 1.137255	
  .0001148	 .6635296	 1.294118	
  .000115	 .7419609	 1.294118	
  .0001152	 .8203923	 1.294118	
  .0001154	 .6635296	 1.294118	
  .0001156	 .7419609	 1.215686	
  .0001158	 .7419609	 1.294118	
  .000116	 .6635296	 1.294118	
  .0001162	 .6635296	 1.294118	
  .0001164	 .5850982	 1.372549	
  .0001166	 .5850982	 1.372549	
  .0001168	 .6635296	 1.294118	
  .000117	 .6635296	 1.372549	
  .0001172	 .5066668	 1.45098	
  .0001174	 .5850982	 1.294118	
  .0001176	 .5066668	 1.294118	
  .0001178	 .5850982	 1.294118	
  .000118	 .5066668	 1.294118	
  .0001182	 .5066668	 1.45098	
  .0001184	 .4282354	 1.45098	
  .0001186	 .5066668	 1.45098	
  .0001188	 .4282354	 1.372549	
  .000119	 .5850982	 1.372549	
  .0001192	 .4282354	 1.45098	
  .0001194	 .4282354	 1.529412	
  .0001196	 .3498041	 1.529412	
  .0001198	 .4282354	 1.372549	
  .00012	 .4282354	 1.529412	
  .0001202	 .4282354	 1.529412	
  .0001204	 .3498041	 1.45098	
  .0001206	 .3498041	 1.529412	
  .0001208	 .3498041	 1.45098	
  .000121	 .2713727	 1.45098	
  .0001212	 .1929413	 1.45098	
  .0001214	 .1929413	 1.45098	
  .0001216	 .2713727	 1.607843	
  .0001218	 .1929413	 1.45098	
  .000122	 .2713727	 1.372549	
  .0001222	 .2713727	 1.529412	
  .0001224	 .2713727	 1.529412	
  .0001226	 .1929413	 1.529412	
  .0001228	 .1929413	 1.529412	
  .000123	 .11451	 1.607843	
  .0001232	 .11451	 1.529412	
  .0001234	 .1929413	 1.529412	
  .0001236	 .1929413	 1.529412	
  .0001238	 3.607858E-02	 1.45098	
  .000124	 .11451	 1.607843	
  .0001242	 3.607858E-02	 1.607843	
  .0001244	 .11451	 1.529412	
  .0001246	-4.235279E-02	 1.607843	
  .0001248	-4.235279E-02	 1.529412	
  .000125	-.5913724	 1.294118	
  .0001252	-.6698038	 1.294118	
  .0001254	-.8266665	 1.372549	
  .0001256	-.9835293	 1.372549	
  .0001258	-1.140392	 1.294118	
  .000126	-1.140392	 1.294118	
  .0001262	-1.218823	 1.215686	
  .0001264	-1.297255	 1.372549	
  .0001266	-1.375686	 1.294118	
  .0001268	-1.454118	 1.294118	
  .000127	-1.454118	 1.294118	
  .0001272	-1.454118	 1.294118	
  .0001274	-1.532549	 1.215686	
  .0001276	-1.532549	 1.294118	
  .0001278	-1.61098	 1.215686	
  .000128	-1.689412	 1.372549	
  .0001282	-1.689412	 1.372549	
  .0001284	-1.689412	 1.215686	
  .0001286	-1.61098	 1.294118	
  .0001288	-1.61098	 1.372549	
  .000129	-1.61098	 1.215686	
  .0001292	-1.61098	 1.294118	
  .0001294	-1.689412	 1.294118	
  .0001296	-1.61098	 1.372549	
  .0001298	-1.61098	 1.294118	
  .00013	-1.689412	 1.294118	
  .0001302	-1.689412	 1.372549	
  .0001304	-1.689412	 1.294118	
  .0001306	-1.767843	 1.215686	
  .0001308	-1.767843	 1.137255	
  .000131	-1.767843	 1.294118	
  .0001312	-1.689412	 1.215686	
  .0001314	-1.846274	 1.215686	
  .0001316	-1.689412	 1.215686	
  .0001318	-1.689412	 1.294118	
  .000132	-1.689412	 1.137255	
  .0001322	-1.689412	 1.137255	
  .0001324	-1.767843	 1.137255	
  .0001326	-1.767843	 1.137255	
  .0001328	-1.767843	 1.137255	
  .000133	-1.689412	 1.215686	
  .0001332	-1.689412	 1.137255	
  .0001334	-1.689412	 1.137255	
  .0001336	-1.689412	 1.137255	
  .0001338	-1.689412	 1.215686	
  .000134	-1.767843	 1.215686	
  .0001342	-1.767843	 1.137255	
  .0001344	-1.689412	 1.058824	
  .0001346	-1.689412	 1.137255	
  .0001348	-1.689412	 1.215686	
  .000135	-1.689412	 1.215686	
  .0001352	-1.846274	 1.137255	
  .0001354	-1.846274	 1.137255	
  .0001356	-1.767843	 1.058824	
  .0001358	-1.767843	 1.058824	
  .000136	-1.767843	 1.137255	
  .0001362	-1.846274	 1.137255	
  .0001364	-1.767843	 1.137255	
  .0001366	-1.689412	 1.058824	
  .0001368	-1.767843	 1.058824	
  .000137	-1.767843	 1.058824	
  .0001372	-1.689412	 1.058824	
  .0001374	-1.689412	 1.137255	
  .0001376	-1.689412	 1.137255	
  .0001378	-1.767843	 .9803922	
  .000138	-1.689412	 1.058824	
  .0001382	-1.767843	 1.058824	
  .0001384	-1.689412	 1.058824	
  .0001386	-1.689412	 .9803922	
  .0001388	-1.689412	 .9803922	
  .000139	-1.767843	 1.058824	
  .0001392	-1.689412	 1.058824	
  .0001394	-1.767843	 1.058824	
  .0001396	-1.767843	 .9019608	
  .0001398	-1.689412	 .9803922	
  .00014	-1.767843	 1.058824	
  .0001402	-1.767843	 .9803922	
  .0001404	-1.689412	 .9019608	
  .0001406	-1.689412	 .9803922	
  .0001408	-1.767843	 .8235294	
  .000141	-1.689412	 .8235294	
  .0001412	-1.689412	 .9019608	
  .0001414	-1.767843	 .9803922	
  .0001416	-1.767843	 .8235294	
  .0001418	-1.689412	 .8235294	
  .000142	-1.689412	 .9019608	
  .0001422	-1.61098	 .9019608	
  .0001424	-1.689412	 .8235294	
  .0001426	-1.61098	 .8235294	
  .0001428	-1.689412	 .9019608	
  .000143	-1.61098	 .9019608	
  .0001432	-1.767843	 .9019608	
  .0001434	-1.532549	 .7450981	
  .0001436	-1.689412	 .7450981	
  .0001438	-1.61098	 .8235294	
  .000144	-1.61098	 .8235294	
  .0001442	-1.689412	 .7450981	
  .0001444	-1.689412	 .7450981	
  .0001446	-1.61098	 .8235294	
  .0001448	-1.61098	 .8235294	
  .000145	-1.61098	 .8235294	
  .0001452	-1.61098	 .6666667	
  .0001454	-1.61098	 .8235294	
  .0001456	-1.689412	 .6666667	
  .0001458	-1.689412	 .6666667	
  .000146	-1.61098	 .5882353	
  .0001462	-1.61098	 .6666667	
  .0001464	-1.689412	 .5882353	
  .0001466	-1.689412	 .6666667	
  .0001468	-1.61098	 .6666667	
  .000147	-1.61098	 .6666667	
  .0001472	-1.689412	 .5882353	
  .0001474	-1.61098	 .6666667	
  .0001476	-1.532549	 .509804	
  .0001478	-1.689412	 .6666667	
  .000148	-1.61098	 .6666667	
  .0001482	-1.532549	 .5882353	
  .0001484	-1.532549	 .5882353	
  .0001486	-1.532549	 .5882353	
  .0001488	-1.532549	 .5882353	
  .000149	-1.61098	 .5882353	
  .0001492	-1.61098	 .5882353	
  .0001494	-1.454118	 .5882353	
  .0001496	-1.454118	 .5882353	
  .0001498	-1.61098	 .4313726	
  .00015	-1.61098	 .5882353	
  .0001502	-1.532549	 .509804	
  .0001504	-1.61098	 .4313726	
  .0001506	-1.532549	 .4313726	
  .0001508	-1.532549	 .509804	
  .000151	-1.532549	 .4313726	
  .0001512	-1.532549	 .4313726	
  .0001514	-1.454118	 .4313726	
  .0001516	-1.454118	 .4313726	
  .0001518	-1.454118	 .3529412	
  .000152	-1.532549	 .2745098	
  .0001522	-1.532549	 .3529412	
  .0001524	-1.454118	 .2745098	
  .0001526	-1.454118	 .2745098	
  .0001528	-1.532549	 .3529412	
  .000153	-1.454118	 .2745098	
  .0001532	-1.375686	 .3529412	
  .0001534	-1.454118	 .2745098	
  .0001536	-1.532549	 .2745098	
  .0001538	-1.454118	 .1960784	
  .000154	-1.454118	 .1960784	
  .0001542	-1.454118	 .1176471	
  .0001544	-1.454118	 .2745098	
  .0001546	-1.454118	 .2745098	
  .0001548	-1.375686	 .1960784	
  .000155	-1.375686	 .1960784	
  .0001552	-1.454118	 .1960784	
  .0001554	-1.375686	 .1960784	
  .0001556	-1.375686	 .1960784	
  .0001558	-1.375686	 .1176471	
  .000156	-1.454118	 .1176471	
  .0001562	-1.375686	 .1960784	
  .0001564	-1.375686	 .1960784	
  .0001566	-1.297255	 .1176471	
  .0001568	-1.375686	 .1176471	
  .000157	-1.218823	 .1960784	
  .0001572	-1.375686	 3.921569E-02	
  .0001574	-1.297255	 3.921569E-02	
  .0001576	-1.297255	 3.921569E-02	
  .0001578	-1.297255	 3.921569E-02	
  .000158	-1.297255	 .1176471	
  .0001582	-1.297255	 .1176471	
  .0001584	-1.218823	 3.921569E-02	
  .0001586	-1.218823	-3.921569E-02	
  .0001588	-1.297255	 .1176471	
  .000159	-1.297255	 3.921569E-02	
  .0001592	-1.297255	-3.921569E-02	
  .0001594	-1.218823	-3.921569E-02	
  .0001596	-1.297255	 3.921569E-02	
  .0001598	-1.218823	-3.921569E-02	
  .00016	-1.218823	 3.921569E-02	
  .0001602	-1.140392	-.1176471	
  .0001604	-1.218823	-.1176471	
  .0001606	-1.140392	-.1176471	
  .0001608	-1.218823	-.1176471	
  .000161	-1.218823	-3.921569E-02	
  .0001612	-1.218823	-3.921569E-02	
  .0001614	-1.218823	-.1176471	
  .0001616	-1.140392	-.1176471	
  .0001618	-1.140392	-.1176471	
  .000162	-.9835293	-.1960784	
  .0001622	-1.140392	-.1176471	
  .0001624	-.9835293	-.1960784	
  .0001626	-1.140392	-.1176471	
  .0001628	-1.140392	-.1960784	
  .000163	-1.061961	-.1176471	
  .0001632	-1.061961	-.1960784	
  .0001634	-1.061961	-.2745098	
  .0001636	-1.140392	-.1176471	
  .0001638	-1.061961	-.2745098	
  .000164	-1.061961	-.2745098	
  .0001642	-1.061961	-.2745098	
  .0001644	-1.061961	-.1176471	
  .0001646	-.9835293	-.2745098	
  .0001648	-1.061961	-.2745098	
  .000165	-.9835293	-.3529412	
  .0001652	-.9835293	-.1960784	
  .0001654	-.9835293	-.3529412	
  .0001656	-1.061961	-.3529412	
  .0001658	-1.061961	-.3529412	
  .000166	-.9050979	-.2745098	
  .0001662	-.9835293	-.3529412	
  .0001664	-.9050979	-.4313726	
  .0001666	-.9835293	-.2745098	
  .0001668	-.9835293	-.4313726	
  .000167	-.9835293	-.3529412	
  .0001672	-.9835293	-.3529412	
  .0001674	-.9050979	-.4313726	
  .0001676	-.9835293	-.2745098	
  .0001678	-.9835293	-.3529412	
  .000168	-.8266665	-.3529412	
  .0001682	-.9050979	-.3529412	
  .0001684	-.9050979	-.3529412	
  .0001686	-.8266665	-.4313726	
  .0001688	-.8266665	-.4313726	
  .000169	-.8266665	-.4313726	
  .0001692	-.7482352	-.3529412	
  .0001694	-.7482352	-.4313726	
  .0001696	-.8266665	-.509804	
  .0001698	-.8266665	-.2745098	
  .00017	-.8266665	-.4313726	
  .0001702	-.9835293	-.4313726	
  .0001704	-.8266665	-.509804	
  .0001706	-.8266665	-.509804	
  .0001708	-.7482352	-.509804	
  .000171	-.7482352	-.4313726	
  .0001712	-.7482352	-.509804	
  .0001714	-.8266665	-.509804	
  .0001716	-.7482352	-.509804	
  .0001718	-.8266665	-.5882353	
  .000172	-.6698038	-.5882353	
  .0001722	-.7482352	-.5882353	
  .0001724	-.6698038	-.509804	
  .0001726	-.8266665	-.5882353	
  .0001728	-.6698038	-.509804	
  .000173	-.5913724	-.5882353	
  .0001732	-.5913724	-.5882353	
  .0001734	-.6698038	-.5882353	
  .0001736	-.6698038	-.6666667	
  .0001738	-.6698038	-.5882353	
  .000174	-.6698038	-.6666667	
  .0001742	-.5913724	-.509804	
  .0001744	-.5913724	-.5882353	
  .0001746	-.5913724	-.5882353	
  .0001748	-.6698038	-.6666667	
  .000175	-.5913724	-.6666667	
  .0001752	-.512941	-.6666667	
  .0001754	-.512941	-.6666667	
  .0001756	-.512941	-.5882353	
  .0001758	-.5913724	-.5882353	
  .000176	-.5913724	-.5882353	
  .0001762	-.5913724	-.6666667	
  .0001764	-.4345097	-.6666667	
  .0001766	-.512941	-.6666667	
  .0001768	-.3560783	-.6666667	
  .000177	-.5913724	-.7450981	
  .0001772	-.3560783	-.7450981	
  .0001774	-.4345097	-.7450981	
  .0001776	-.3560783	-.6666667	
  .0001778	-.4345097	-.5882353	
  .000178	-.4345097	-.6666667	
  .0001782	-.3560783	-.6666667	
  .0001784	-.2776469	-.7450981	
  .0001786	-.3560783	-.6666667	
  .0001788	-.3560783	-.7450981	
  .000179	-.3560783	-.7450981	
  .0001792	-.4345097	-.7450981	
  .0001794	-.2776469	-.6666667	
  .0001796	-.3560783	-.7450981	
  .0001798	-.3560783	-.8235294	
  .00018	-.3560783	-.7450981	
  .0001802	-.2776469	-.6666667	
  .0001804	-.2776469	-.7450981	
  .0001806	-.3560783	-.8235294	
  .0001808	-.2776469	-.6666667	
  .000181	-.1992155	-.6666667	
  .0001812	-.1992155	-.7450981	
  .0001814	-.1992155	-.7450981	
  .0001816	-.1992155	-.7450981	
  .0001818	-4.235279E-02	-.8235294	
  .000182	-.1207842	-.7450981	
  .0001822	-.1207842	-.7450981	
  .0001824	-.1992155	-.6666667	
  .0001826	-.1992155	-.7450981	
  .0001828	-.1207842	-.7450981	
  .000183	-4.235279E-02	-.7450981	
  .0001832	-4.235279E-02	-.6666667	
  .0001834	 .5850982	-.509804	
  .0001836	 .5850982	-.5882353	
  .0001838	 .7419609	-.509804	
  .000184	 .8203923	-.5882353	
  .0001842	 .977255	-.509804	
  .0001844	 1.055686	-.5882353	
  .0001846	 1.134118	-.5882353	
  .0001848	 1.212549	-.5882353	
  .000185	 1.369412	-.5882353	
  .0001852	 1.290981	-.5882353	
  .0001854	 1.369412	-.6666667	
  .0001856	 1.369412	-.6666667	
  .0001858	 1.369412	-.509804	
  .000186	 1.447843	-.6666667	
  .0001862	 1.447843	-.509804	
  .0001864	 1.526275	-.5882353	
  .0001866	 1.526275	-.6666667	
  .0001868	 1.447843	-.5882353	
  .000187	 1.526275	-.5882353	
  .0001872	 1.447843	-.6666667	
  .0001874	 1.447843	-.5882353	
  .0001876	 1.526275	-.509804	
  .0001878	 1.526275	-.5882353	
  .000188	 1.526275	-.509804	
  .0001882	 1.526275	-.5882353	
  .0001884	 1.526275	-.6666667	
  .0001886	 1.526275	-.5882353	
  .0001888	 1.526275	-.509804	
  .000189	 1.604706	-.5882353	
  .0001892	 1.526275	-.5882353	
  .0001894	 1.526275	-.6666667	
  .0001896	 1.604706	-.509804	
  .0001898	 1.604706	-.5882353	
  .00019	 1.526275	-.6666667	
  .0001902	 1.526275	-.5882353	
  .0001904	 1.604706	-.5882353	
  .0001906	 1.447843	-.5882353	
  .0001908	 1.526275	-.509804	
  .000191	 1.526275	-.5882353	
  .0001912	 1.604706	-.509804	
  .0001914	 1.526275	-.5882353	
  .0001916	 1.604706	-.509804	
  .0001918	 1.526275	-.6666667	
  .000192	 1.526275	-.5882353	
  .0001922	 1.526275	-.5882353	
  .0001924	 1.526275	-.5882353	
  .0001926	 1.447843	-.5882353	
  .0001928	 1.683137	-.509804	
  .000193	 1.526275	-.5882353	
  .0001932	 1.604706	-.5882353	
  .0001934	 1.526275	-.5882353	
  .0001936	 1.604706	-.5882353	
  .0001938	 1.683137	-.5882353	
  .000194	 1.526275	-.4313726	
  .0001942	 1.604706	-.509804	
  .0001944	 1.683137	-.509804	
  .0001946	 1.604706	-.5882353	
  .0001948	 1.526275	-.4313726	
  .000195	 1.604706	-.5882353	
  .0001952	 1.447843	-.5882353	
  .0001954	 1.604706	-.5882353	
  .0001956	 1.447843	-.4313726	
  .0001958	 1.526275	-.4313726	
  .000196	 1.604706	-.5882353	
  .0001962	 1.604706	-.4313726	
  .0001964	 1.526275	-.509804	
  .0001966	 1.604706	-.4313726	
  .0001968	 1.604706	-.509804	
  .000197	 1.447843	-.509804	
  .0001972	 1.526275	-.5882353	
  .0001974	 1.604706	-.509804	
  .0001976	 1.526275	-.4313726	
  .0001978	 1.604706	-.509804	
  .000198	 1.526275	-.509804	
  .0001982	 1.604706	-.509804	
  .0001984	 1.526275	-.3529412	
  .0001986	 1.447843	-.509804	
  .0001988	 1.526275	-.4313726	
  .000199	 1.526275	-.509804	
  .0001992	 1.526275	-.3529412	
  .0001994	 1.526275	-.4313726	
  .0001996	 1.526275	-.3529412	
  .0001998	 1.526275	-.4313726	
  .0002	 1.526275	-.4313726	
  .0002002	 1.604706	-.4313726	
  .0002004	 1.447843	-.509804	
  .0002006	 1.447843	-.4313726	
  .0002008	 1.447843	-.3529412	
  .000201	 1.526275	-.3529412	
  .0002012	 1.447843	-.4313726	
  .0002014	 1.604706	-.3529412	
  .0002016	 1.604706	-.4313726	
  .0002018	 1.526275	-.3529412	
  .000202	 1.526275	-.4313726	
  .0002022	 1.447843	-.3529412	
  .0002024	 1.447843	-.3529412	
  .0002026	 1.526275	-.3529412	
  .0002028	 1.526275	-.3529412	
  .000203	 1.526275	-.3529412	
  .0002032	 1.526275	-.3529412	
  .0002034	 1.526275	-.3529412	
  .0002036	 1.526275	-.3529412	
  .0002038	 1.447843	-.2745098	
  .000204	 1.447843	-.2745098	
  .0002042	 1.526275	-.2745098	
  .0002044	 1.526275	-.2745098	
  .0002046	 1.526275	-.2745098	
  .0002048	 1.526275	-.3529412	
  .000205	 1.447843	-.2745098	
  .0002052	 1.447843	-.2745098	
  .0002054	 1.526275	-.3529412	
  .0002056	 1.526275	-.2745098	
  .0002058	 1.447843	-.3529412	
  .000206	 1.447843	-.3529412	
  .0002062	 1.447843	-.2745098	
  .0002064	 1.447843	-.3529412	
  .0002066	 1.447843	-.2745098	
  .0002068	 1.369412	-.2745098	
  .000207	 1.369412	-.3529412	
  .0002072	 1.290981	-.1960784	
  .0002074	 1.369412	-.2745098	
  .0002076	 1.447843	-.2745098	
  .0002078	 1.447843	-.1960784	
  .000208	 1.447843	-.1960784	
  .0002082	 1.447843	-.2745098	
  .0002084	 1.447843	-.2745098	
  .0002086	 1.369412	-.2745098	
  .0002088	 1.526275	-.1960784	
  .000209	 1.369412	-.1960784	
  .0002092	 1.447843	-.1960784	
  .0002094	 1.369412	-3.921569E-02	
  .0002096	 1.447843	-.1960784	
  .0002098	 1.369412	-.1960784	
  .00021	 1.369412	-.1960784	
  .0002102	 1.369412	-.1176471	
  .0002104	 1.369412	-.1176471	
  .0002106	 1.369412	-3.921569E-02	
  .0002108	 1.290981	-.1176471	
  .000211	 1.369412	-.1176471	
  .0002112	 1.369412	-.1176471	
  .0002114	 1.369412	-.1176471	
  .0002116	 1.369412	-3.921569E-02	
  .0002118	 1.290981	-.1960784	
  .000212	 1.369412	-.1960784	
  .0002122	 1.290981	-.1176471	
  .0002124	 1.212549	-3.921569E-02	
  .0002126	 1.526275	-.1176471	
  .0002128	 1.290981	-3.921569E-02	
  .000213	 1.369412	-3.921569E-02	
  .0002132	 1.290981	-.1176471	
  .0002134	 1.369412	-.1176471	
  .0002136	 1.369412	-.1176471	
  .0002138	 1.369412	 3.921569E-02	
  .000214	 1.369412	-.1176471	
  .0002142	 1.369412	-3.921569E-02	
  .0002144	 1.290981	 3.921569E-02	
  .0002146	 1.290981	-3.921569E-02	
  .0002148	 1.290981	-3.921569E-02	
  .000215	 1.212549	-3.921569E-02	
  .0002152	 1.212549	-3.921569E-02	
  .0002154	 1.212549	 3.921569E-02	
  .0002156	 1.212549	 3.921569E-02	
  .0002158	 1.290981	-3.921569E-02	
  .000216	 1.290981	 .1176471	
  .0002162	 1.134118	 3.921569E-02	
  .0002164	 1.212549	 3.921569E-02	
  .0002166	 1.290981	 3.921569E-02	
  .0002168	 1.212549	 3.921569E-02	
  .000217	 1.212549	 3.921569E-02	
  .0002172	 1.212549	 .1176471	
  .0002174	 1.212549	 .1176471	
  .0002176	 1.212549	 .1176471	
  .0002178	 1.212549	 3.921569E-02	
  .000218	 1.212549	 3.921569E-02	
  .0002182	 1.134118	 .1176471	
  .0002184	 1.134118	 3.921569E-02	
  .0002186	 1.134118	 .1176471	
  .0002188	 1.134118	 3.921569E-02	
  .000219	 1.134118	 .1176471	
  .0002192	 1.134118	 .1960784	
  .0002194	 1.134118	 .1960784	
  .0002196	 1.134118	 .1176471	
  .0002198	 1.134118	 .1176471	
  .00022	 1.212549	 .1176471	
  .0002202	 1.134118	 .1960784	
  .0002204	 1.055686	 .1960784	
  .0002206	 1.134118	 .1960784	
  .0002208	 1.134118	 .1176471	
  .000221	 1.055686	 .1176471	
  .0002212	 1.134118	 .1960784	
  .0002214	 1.212549	 .1960784	
  .0002216	 1.134118	 .1960784	
  .0002218	 1.134118	 .1960784	
  .000222	 1.055686	 .1960784	
  .0002222	 1.055686	 .1960784	
  .0002224	 1.134118	 .1176471	
  .0002226	 1.212549	 .1960784	
  .0002228	 1.055686	 .1960784	
  .000223	 1.055686	 .2745098	
  .0002232	 1.055686	 .2745098	
  .0002234	 1.134118	 .2745098	
  .0002236	 .977255	 .2745098	
  .0002238	 1.134118	 .2745098	
  .000224	 1.055686	 .1176471	
  .0002242	 1.055686	 .2745098	
  .0002244	 .977255	 .2745098	
  .0002246	 1.134118	 .1960784	
  .0002248	 .977255	 .2745098	
  .000225	 .977255	 .2745098	
  .0002252	 1.055686	 .2745098	
  .0002254	 .977255	 .3529412	
  .0002256	 .977255	 .2745098	
  .0002258	 .977255	 .1960784	
  .000226	 .977255	 .3529412	
  .0002262	 1.055686	 .2745098	
  .0002264	 .977255	 .2745098	
  .0002266	 .977255	 .3529412	
  .0002268	 .8988237	 .2745098	
  .000227	 .8988237	 .4313726	
  .0002272	 .8988237	 .2745098	
  .0002274	 .8988237	 .3529412	
  .0002276	 .977255	 .3529412	
  .0002278	 .977255	 .3529412	
  .000228	 .977255	 .2745098	
  .0002282	 .977255	 .3529412	
  .0002284	 .977255	 .3529412	
  .0002286	 .977255	 .4313726	
  .0002288	 .8988237	 .4313726	
  .000229	 .977255	 .3529412	
  .0002292	 .8988237	 .509804	
  .0002294	 .977255	 .2745098	
  .0002296	 .8988237	 .2745098	
  .0002298	 .8988237	 .3529412	
  .00023	 .8988237	 .3529412	
  .0002302	 .8988237	 .4313726	
  .0002304	 .8203923	 .4313726	
  .0002306	 .8203923	 .4313726	
  .0002308	 .8988237	 .4313726	
  .000231	 .8988237	 .3529412	
  .0002312	 .8203923	 .3529412	
  .0002314	 .8988237	 .4313726	
  .0002316	 .8203923	 .3529412	
  .0002318	 .8203923	 .4313726	
  .000232	 .8203923	 .4313726	
  .0002322	 .8203923	 .4313726	
  .0002324	 .977255	 .509804	
  .0002326	 .8988237	 .509804	
  .0002328	 .7419609	 .509804	
  .000233	 .7419609	 .3529412	
  .0002332	 .8203923	 .3529412	
  .0002334	 .8203923	 .3529412	
  .0002336	 .7419609	 .509804	
  .0002338	 .8203923	 .4313726	
  .000234	 .8203923	 .4313726	
  .0002342	 .7419609	 .4313726	
  .0002344	 .7419609	 .509804	
  .0002346	 .7419609	 .3529412	
  .0002348	 .8203923	 .509804	
  .000235	 .6635296	 .509804	
  .0002352	 .6635296	 .4313726	
  .0002354	 .6635296	 .509804	
  .0002356	 .7419609	 .4313726	
  .0002358	 .7419609	 .509804	
  .000236	 .6635296	 .509804	
  .0002362	 .7419609	 .4313726	
  .0002364	 .7419609	 .4313726	
  .0002366	 .6635296	 .509804	
  .0002368	 .6635296	 .4313726	
  .000237	 .7419609	 .509804	
  .0002372	 .6635296	 .509804	
  .0002374	 .6635296	 .509804	
  .0002376	 .6635296	 .509804	
  .0002378	 .6635296	 .4313726	
  .000238	 .6635296	 .509804	
  .0002382	 .7419609	 .509804	
  .0002384	 .5850982	 .509804	
  .0002386	 .6635296	 .4313726	
  .0002388	 .6635296	 .5882353	
  .000239	 .6635296	 .5882353	
  .0002392	 .5850982	 .4313726	
  .0002394	 .5066668	 .509804	
  .0002396	 .5850982	 .4313726	
  .0002398	 .5850982	 .509804	
  .00024	 .5066668	 .509804	
  .0002402	 .5066668	 .5882353	
  .0002404	 .5066668	 .5882353	
  .0002406	 .5850982	 .509804	
  .0002408	 .4282354	 .509804	
  .000241	-.2776469	 .1960784	
  .0002412	-.5913724	 .1960784	
  .0002414	-1.061961	 .1176471	
  .0002416	-.8266665	 .3529412	
  .0002418	-1.140392	 .2745098	
  .000242	-1.218823	 .3529412	
  .0002422	-1.218823	 .2745098	
  .0002424	-1.218823	 .1960784	
  .0002426	-1.297255	 .2745098	
  .0002428	-1.375686	 .3529412	
  .000243	-1.375686	 .2745098	
  .0002432	-1.297255	 .1960784	
  .0002434	-1.297255	 .3529412	
  .0002436	-1.297255	 .3529412	
  .0002438	-1.297255	 .2745098	
  .000244	-1.297255	 .2745098	
  .0002442	-1.375686	 .3529412	
  .0002444	-1.297255	 .3529412	
  .0002446	-1.297255	 .3529412	
  .0002448	-1.218823	 .1960784	
  .000245	-1.297255	 .2745098	
  .0002452	-1.375686	 .3529412	
  .0002454	-1.375686	 .2745098	
  .0002456	-1.297255	 .3529412	
  .0002458	-1.297255	 .3529412	
  .000246	-1.297255	 .3529412	
  .0002462	-1.375686	 .3529412	
  .0002464	-1.375686	 .2745098	
  .0002466	-1.297255	 .2745098	
  .0002468	-1.375686	 .4313726	
  .000247	-1.297255	 .4313726	
  .0002472	-1.297255	 .2745098	
  .0002474	-1.297255	 .2745098	
  .0002476	-1.375686	 .2745098	
  .0002478	-1.218823	 .3529412	
  .000248	-1.218823	 .2745098	
  .0002482	-1.297255	 .3529412	
  .0002484	-1.297255	 .3529412	
  .0002486	-1.218823	 .3529412	
  .0002488	-1.218823	 .3529412	
  .000249	-1.375686	 .509804	
  .0002492	-1.218823	 .3529412	
  .0002494	-1.297255	 .3529412	
  .0002496	-1.375686	 .3529412	
  .0002498	-1.218823	 .3529412	
  .00025	-1.218823	 .3529412	
  .0002502	-1.297255	 .3529412	
  .0002504	-1.218823	 .3529412	
  .0002506	-1.297255	 .3529412	
  .0002508	-1.297255	 .3529412	
  .000251	-1.218823	 .2745098	
  .0002512	-1.297255	 .2745098	
  .0002514	-1.297255	 .3529412	
  .0002516	-1.218823	 .2745098	
  .0002518	-1.297255	 .4313726	
  .000252	-1.297255	 .3529412	
  .0002522	-1.140392	 .3529412	
  .0002524	-1.218823	 .3529412	
  .0002526	-1.297255	 .2745098	
  .0002528	-1.297255	 .2745098	
  .000253	-1.297255	 .2745098	
  .0002532	-1.218823	 .2745098	
  .0002534	-1.297255	 .3529412	
  .0002536	-1.218823	 .3529412	
  .0002538	-1.218823	 .3529412	
  .000254	-1.218823	 .2745098	
  .0002542	-1.218823	 .3529412	
  .0002544	-1.297255	 .1960784	
  .0002546	-1.297255	 .2745098	
  .0002548	-1.297255	 .2745098	
  .000255	-1.297255	 .2745098	
  .0002552	-1.218823	 .2745098	
  .0002554	-1.140392	 .3529412	
  .0002556	-1.218823	 .3529412	
  .0002558	-1.218823	 .3529412	
  .000256	-1.218823	 .3529412	
  .0002562	-1.218823	 .2745098	
  .0002564	-1.297255	 .2745098	
  .0002566	-1.218823	 .2745098	
  .0002568	-1.218823	 .2745098	
  .000257	-1.218823	 .3529412	
  .0002572	-1.218823	 .3529412	
  .0002574	-1.140392	 .1960784	
  .0002576	-1.218823	 .1960784	
  .0002578	-1.297255	 .3529412	
  .000258	-1.140392	 .1960784	
  .0002582	-1.218823	 .2745098	
  .0002584	-1.218823	 .2745098	
  .0002586	-1.218823	 .3529412	
  .0002588	-1.140392	 .2745098	
  .000259	-1.140392	 .2745098	
  .0002592	-1.218823	 .3529412	
  .0002594	-1.218823	 .1960784	
  .0002596	-1.218823	 .2745098	
  .0002598	-1.297255	 .1960784	
  .00026	-1.218823	 .2745098	
  .0002602	-1.297255	 .3529412	
  .0002604	-1.140392	 .1960784	
  .0002606	-1.218823	 .2745098	
  .0002608	-1.140392	 .2745098	
  .000261	-1.140392	 .1960784	
  .0002612	-1.140392	 .2745098	
  .0002614	-1.140392	 .1960784	
  .0002616	-1.218823	 .2745098	
  .0002618	-1.218823	 .2745098	
  .000262	-1.218823	 .2745098	
  .0002622	-1.140392	 .1960784	
  .0002624	-1.297255	 .1960784	
  .0002626	-1.140392	 .2745098	
  .0002628	-1.218823	 .1960784	
  .000263	-1.297255	 .1960784	
  .0002632	-1.218823	 .2745098	
  .0002634	-1.140392	 .2745098	
  .0002636	-1.218823	 .1960784	
  .0002638	-1.218823	 .1960784	
  .000264	-1.218823	 .2745098	
  .0002642	-1.218823	 .1960784	
  .0002644	-1.218823	 .1960784	
  .0002646	-1.140392	 .1960784	
  .0002648	-1.218823	 .1176471	
  .000265	-1.140392	 .1960784	
  .0002652	-1.218823	 .1960784	
  .0002654	-1.218823	 .1960784	
  .0002656	-1.297255	 .1960784	
  .0002658	-1.140392	 .1960784	
  .000266	-1.218823	 .1176471	
  .0002662	-1.218823	 .1176471	
  .0002664	-1.140392	 .1176471	
  .0002666	-1.218823	 .1960784	
  .0002668	-1.140392	 .2745098	
  .000267	-1.140392	 .1960784	
  .0002672	-1.218823	 .1960784	
  .0002674	-1.218823	 .1960784	
  .0002676	-1.061961	 .1176471	
  .0002678	-1.140392	 .2745098	
  .000268	-1.140392	 .1176471	
  .0002682	-1.140392	 .1960784	
  .0002684	-1.140392	 .2745098	
  .0002686	-1.140392	 .1176471	
  .0002688	-1.140392	 .2745098	
  .000269	-1.218823	 .1960784	
  .0002692	-1.218823	 .1176471	
  .0002694	-1.140392	 .1176471	
  .0002696	-1.140392	 .1960784	
  .0002698	-1.140392	 .1960784	
  .00027	-1.218823	 .1960784	
  .0002702	-1.140392	 .1960784	
  .0002704	-1.140392	 .1176471	
  .0002706	-1.140392	 .1960784	
  .0002708	-1.140392	 3.921569E-02	
  .000271	-1.140392	 .1176471	
  .0002712	-1.140392	 .1176471	
  .0002714	-1.140392	 .1176471	
  .0002716	-1.140392	 .1960784	
  .0002718	-1.140392	 .1960784	
  .000272	-.9835293	 .1176471	
  .0002722	-1.140392	 .1176471	
  .0002724	-1.140392	 .1176471	
  .0002726	-1.140392	 3.921569E-02	
  .0002728	-1.140392	 3.921569E-02	
  .000273	-1.061961	 .1176471	
  .0002732	-1.140392	 .1176471	
  .0002734	-1.140392	 .1960784	
  .0002736	-1.061961	 .1176471	
  .0002738	-1.061961	 .1176471	
  .000274	-1.061961	 3.921569E-02	
  .0002742	-1.140392	 3.921569E-02	
  .0002744	-1.061961	 3.921569E-02	
  .0002746	-1.140392	 .1176471	
  .0002748	-1.140392	 .1176471	
  .000275	-1.140392	 .1176471	
  .0002752	-1.061961	 3.921569E-02	
  .0002754	-1.061961	 .1176471	
  .0002756	-1.140392	 .1176471	
  .0002758	-1.140392	 3.921569E-02	
  .000276	-1.140392	 .1176471	
  .0002762	-1.061961	 3.921569E-02	
  .0002764	-1.061961	 3.921569E-02	
  .0002766	-1.061961	 3.921569E-02	
  .0002768	-1.061961	 3.921569E-02	
  .000277	-1.061961	 .1176471	
  .0002772	-1.061961	 3.921569E-02	
  .0002774	-1.061961	-3.921569E-02	
  .0002776	-1.061961	 .1176471	
  .0002778	-1.061961	 3.921569E-02	
  .000278	-1.061961	 .1176471	
  .0002782	-1.061961	 3.921569E-02	
  .0002784	-1.061961	 .1960784	
  .0002786	-1.061961	 .1960784	
  .0002788	-1.140392	 3.921569E-02	
  .000279	-1.061961	-3.921569E-02	
  .0002792	-1.061961	 3.921569E-02	
  .0002794	-.9835293	 3.921569E-02	
  .0002796	-.9835293	-3.921569E-02	
  .0002798	-1.061961	 3.921569E-02	
  .00028	-1.061961	 .1176471	
  .0002802	-.9835293	-3.921569E-02	
  .0002804	-.9835293	-3.921569E-02	
  .0002806	-.9835293	 3.921569E-02	
  .0002808	-.9050979	 3.921569E-02	
  .000281	-.9835293	 3.921569E-02	
  .0002812	-1.061961	-3.921569E-02	
  .0002814	-.9835293	 3.921569E-02	
  .0002816	-.9835293	 3.921569E-02	
  .0002818	-1.061961	 3.921569E-02	
  .000282	-.9835293	-3.921569E-02	
  .0002822	-.9835293	-3.921569E-02	
  .0002824	-1.061961	 .1176471	
  .0002826	-.9835293	-3.921569E-02	
  .0002828	-.9050979	-3.921569E-02	
  .000283	-.9835293	-3.921569E-02	
  .0002832	-.9835293	 3.921569E-02	
  .0002834	-.9835293	-3.921569E-02	
  .0002836	-.9835293	-3.921569E-02	
  .0002838	-.9835293	-3.921569E-02	
  .000284	-.9050979	-3.921569E-02	
  .0002842	-.9050979	-.1176471	
  .0002844	-.9050979	-3.921569E-02	
  .0002846	-.8266665	-3.921569E-02	
  .0002848	-.8266665	-3.921569E-02	
  .000285	-.9050979	-3.921569E-02	
  .0002852	-.9050979	-3.921569E-02	
  .0002854	-.9050979	 3.921569E-02	
  .0002856	-.9050979	-3.921569E-02	
  .0002858	-.9050979	-3.921569E-02	
  .000286	-.9050979	-3.921569E-02	
  .0002862	-.9050979	-3.921569E-02	
  .0002864	-.8266665	 3.921569E-02	
  .0002866	-.9050979	 3.921569E-02	
  .0002868	-.8266665	-3.921569E-02	
  .000287	-.9050979	-3.921569E-02	
  .0002872	-.9050979	 3.921569E-02	
  .0002874	-.8266665	-3.921569E-02	
  .0002876	-.9050979	-.1176471	
  .0002878	-.8266665	-.1176471	
  .000288	-.8266665	 .1176471	
  .0002882	-.9050979	-3.921569E-02	
  .0002884	-.8266665	-.1176471	
  .0002886	-.8266665	 3.921569E-02	
  .0002888	-.9050979	-3.921569E-02	
  .000289	-.9050979	-3.921569E-02	
  .0002892	-.9050979	-3.921569E-02	
  .0002894	-.8266665	-.1960784	
  .0002896	-.9050979	-3.921569E-02	
  .0002898	-.8266665	-3.921569E-02	
  .00029	-.8266665	-.1176471	
  .0002902	-.7482352	-3.921569E-02	
  .0002904	-.8266665	-.1176471	
  .0002906	-.8266665	-.1176471	
  .0002908	-.9050979	-.1176471	
  .000291	-.9050979	-.1176471	
  .0002912	-.7482352	-.1176471	
  .0002914	-.9050979	-.1176471	
  .0002916	-.8266665	-3.921569E-02	
  .0002918	-.6698038	-3.921569E-02	
  .000292	-.7482352	-.1176471	
  .0002922	-.7482352	-.1176471	
  .0002924	-.9050979	-.1960784	
  .0002926	-.8266665	-.1176471	
  .0002928	-.8266665	-3.921569E-02	
  .000293	-.7482352	-3.921569E-02	
  .0002932	-.7482352	-.1176471	
  .0002934	-.8266665	-.1176471	
  .0002936	-.8266665	-.1176471	
  .0002938	-.6698038	-.1176471	
  .000294	-.7482352	-.1960784	
  .0002942	-.7482352	-.1176471	
  .0002944	-.8266665	-.1176471	
  .0002946	-.9050979	-3.921569E-02	
  .0002948	-.7482352	-.1176471	
  .000295	-.7482352	-.1176471	
  .0002952	-.6698038	-.1176471	
  .0002954	-.8266665	-3.921569E-02	
  .0002956	-.7482352	-.1960784	
  .0002958	-.7482352	-.1176471	
  .000296	-.7482352	-.1960784	
  .0002962	-.8266665	-.1176471	
  .0002964	-.6698038	-.1176471	
  .0002966	-.6698038	-.1176471	
  .0002968	-.6698038	-.1176471	
  .000297	-.6698038	-.1960784	
  .0002972	-.6698038	-.1176471	
  .0002974	-.7482352	-.1176471	
  .0002976	-.7482352	-.1176471	
  .0002978	-.7482352	-.1176471	
  .000298	-.7482352	-.1176471	
  .0002982	-.6698038	-3.921569E-02	
  .0002984	-.6698038	-3.921569E-02	
  .0002986	-.7482352	-3.921569E-02	
  .0002988	-.6698038	-.1176471	
  .000299	-.7482352	-.1176471	
  .0002992	-.5913724	-.1176471	
  .0002994	-.6698038	-.1960784	
  .0002996	-.6698038	-3.921569E-02	
  .0002998	-.5913724	-.1176471	
  .0003	-.5913724	-.1960784	
  .0003002	-.5913724	-.1176471	
  .0003004	-.5913724	-3.921569E-02	
  .0003006	-.512941	-.1176471	
  .0003008	-.512941	-.1176471	
  .000301	-.5913724	-.1176471	
  .0003012	-.5913724	-.1176471	
  .0003014	-.512941	-3.921569E-02	
  .0003016	-.4345097	-.1176471	
  .0003018	-.3560783	-.1176471	
  .000302	-.1992155	-3.921569E-02	
  .0003022	-4.235279E-02	 .1176471	
  .0003024	 3.607858E-02	 3.921569E-02	
  .0003026	 .11451	-3.921569E-02	
  .0003028	 .1929413	 3.921569E-02	
  .000303	 .2713727	 3.921569E-02	
  .0003032	 .5066668	 3.921569E-02	
  .0003034	 .5066668	 3.921569E-02	
  .0003036	 .4282354	 3.921569E-02	
  .0003038	 .5066668	 3.921569E-02	
  .000304	 .4282354	 3.921569E-02	
  .0003042	 .5066668	 3.921569E-02	
  .0003044	 .6635296	-3.921569E-02	
  .0003046	 .6635296	 3.921569E-02	
  .0003048	 .5850982	-3.921569E-02	
  .000305	 .6635296	-3.921569E-02	
  .0003052	 .6635296	 3.921569E-02	
  .0003054	 .7419609	-3.921569E-02	
  .0003056	 .7419609	 3.921569E-02	
  .0003058	 .6635296	 3.921569E-02	
  .000306	 .7419609	-3.921569E-02	
  .0003062	 .7419609	 3.921569E-02	
  .0003064	 .6635296	 3.921569E-02	
  .0003066	 .7419609	 3.921569E-02	
  .0003068	 .8203923	 3.921569E-02	
  .000307	 .8203923	 3.921569E-02	
  .0003072	 .8203923	-3.921569E-02	
  .0003074	 .8988237	 .1176471	
  .0003076	 .8203923	 3.921569E-02	
  .0003078	 .8988237	 3.921569E-02	
  .000308	 .8988237	 3.921569E-02	
  .0003082	 .8203923	-3.921569E-02	
  .0003084	 .8203923	 .1176471	
  .0003086	 .8203923	-3.921569E-02	
  .0003088	 .8203923	 3.921569E-02	
  .000309	 .8203923	-3.921569E-02	
  .0003092	 .8203923	 3.921569E-02	
  .0003094	 .8203923	-3.921569E-02	
  .0003096	 .8203923	 .1176471	
  .0003098	 .8203923	-3.921569E-02	
  .00031	 .8203923	 3.921569E-02	
  .0003102	 .8988237	 .1176471	
  .0003104	 .8203923	-3.921569E-02	
  .0003106	 .8203923	 3.921569E-02	
  .0003108	 .8203923	 3.921569E-02	
  .000311	 .8203923	-3.921569E-02	
  .0003112	 .8203923	 .1176471	
  .0003114	 .8203923	 3.921569E-02	
  .0003116	 1.055686	 .1176471	
  .0003118	 .8203923	 .1176471	
  .000312	 .8988237	 3.921569E-02	
  .0003122	 .8203923	 3.921569E-02	
  .0003124	 .8203923	 3.921569E-02	
  .0003126	 .977255	-3.921569E-02	
  .0003128	 .8203923	 .1176471	
  .000313	 .8988237	 .1176471	
  .0003132	 .8988237	 3.921569E-02	
  .0003134	 .8203923	 3.921569E-02	
  .0003136	 .8203923	 3.921569E-02	
  .0003138	 .8203923	 3.921569E-02	
  .000314	 .8988237	-3.921569E-02	
  .0003142	 .8988237	 3.921569E-02	
  .0003144	 .8203923	 3.921569E-02	
  .0003146	 .8203923	 3.921569E-02	
  .0003148	 .8988237	 3.921569E-02	
  .000315	 .8988237	 3.921569E-02	
  .0003152	 .8203923	-3.921569E-02	
  .0003154	 .8988237	 3.921569E-02	
  .0003156	 .8203923	 3.921569E-02	
  .0003158	 .8203923	 3.921569E-02	
  .000316	 .8203923	-3.921569E-02	
  .0003162	 .8203923	 3.921569E-02	
  .0003164	 .8988237	 3.921569E-02	
  .0003166	 .8203923	 3.921569E-02	
  .0003168	 .8203923	 .1176471	
  .000317	 .8988237	 3.921569E-02	
  .0003172	 .8203923	 3.921569E-02	
  .0003174	 .8203923	 3.921569E-02	
  .0003176	 .8203923	-3.921569E-02	
  .0003178	 .8203923	 3.921569E-02	
  .000318	 .8988237	 .1176471	
  .0003182	 .8203923	 .1176471	
  .0003184	 .7419609	 .1176471	
  .0003186	 .7419609	 3.921569E-02	
  .0003188	 .7419609	-.1176471	
  .000319	 .8203923	 .1176471	
  .0003192	 .8203923	 3.921569E-02	
  .0003194	 .8203923	 .1176471	
  .0003196	 .7419609	 3.921569E-02	
  .0003198	 .8203923	 3.921569E-02	
  .00032	 .8203923	 3.921569E-02	
  .0003202	 .8203923	 3.921569E-02	
  .0003204	 .977255	-3.921569E-02	
  .0003206	 .8203923	 3.921569E-02	
  .0003208	 .8988237	 3.921569E-02	
  .000321	 .8203923	 .1176471	
  .0003212	 .8203923	 3.921569E-02	
  .0003214	 .8988237	 3.921569E-02	
  .0003216	 .977255	 3.921569E-02	
  .0003218	 .8203923	-3.921569E-02	
  .000322	 .8988237	 .1176471	
  .0003222	 .8203923	-3.921569E-02	
  .0003224	 .8988237	-3.921569E-02	
  .0003226	 .8203923	 3.921569E-02	
  .0003228	 .8988237	 3.921569E-02	
  .000323	 .8988237	 3.921569E-02	
  .0003232	 .8988237	 3.921569E-02	
  .0003234	 .8203923	 3.921569E-02	
  .0003236	 .8988237	 .1176471	
  .0003238	 .8988237	-3.921569E-02	
  .000324	 .8988237	 3.921569E-02	
  .0003242	 .8988237	 3.921569E-02	
  .0003244	 .977255	 3.921569E-02	
  .0003246	 .8988237	 3.921569E-02	
  .0003248	 .8203923	-3.921569E-02	
  .000325	 .8203923	 3.921569E-02	
  .0003252	 .8203923	 3.921569E-02	
  .0003254	 .8988237	 3.921569E-02	
  .0003256	 .8988237	 .1176471	
  .0003258	 .8988237	 3.921569E-02	
  .000326	 .8203923	 .1176471	
  .0003262	 .8988237	 3.921569E-02	
  .0003264	 .8203923	 .1176471	
  .0003266	 .8988237	 3.921569E-02	
  .0003268	 .8988237	 3.921569E-02	
  .000327	 .977255	 3.921569E-02	
  .0003272	 .8988237	 .1176471	
  .0003274	 .8988237	 .1176471	
  .0003276	 .977255	 .1176471	
  .0003278	 .8988237	 .1176471	
  .000328	 .977255	 .1176471	
  .0003282	 .8988237	 .1176471	
  .0003284	 .8988237	 3.921569E-02	
  .0003286	 .8988237	-3.921569E-02	
  .0003288	 .8988237	-3.921569E-02	
  .000329	 .977255	-3.921569E-02	
  .0003292	 .8988237	-3.921569E-02	
  .0003294	 .8988237	 3.921569E-02	
  .0003296	 .8988237	 3.921569E-02	
  .0003298	 .8988237	 .1176471	
  .00033	 .8988237	 3.921569E-02	
  .0003302	 .8988237	 3.921569E-02	
  .0003304	 .977255	-3.921569E-02	
  .0003306	 .8988237	-3.921569E-02	
  .0003308	 .8988237	-3.921569E-02	
  .000331	 .8988237	 .1176471	
  .0003312	 .8988237	 .1176471	
  .0003314	 .977255	 3.921569E-02	
  .0003316	 .8988237	 3.921569E-02	
  .0003318	 .8203923	 3.921569E-02	
  .000332	 .8988237	-3.921569E-02	
  .0003322	 .8988237	 3.921569E-02	
  .0003324	 .977255	-3.921569E-02	
  .0003326	 .8988237	 3.921569E-02	
  .0003328	 .8988237	 3.921569E-02	
  .000333	 .8988237	 3.921569E-02	
  .0003332	 .8988237	 3.921569E-02	
  .0003334	 .977255	-3.921569E-02	
  .0003336	 .8988237	 3.921569E-02	
  .0003338	 .977255	 3.921569E-02	
  .000334	 .8203923	-3.921569E-02	
  .0003342	 .8203923	 3.921569E-02	
  .0003344	 .8988237	 .1176471	
  .0003346	 .8203923	 3.921569E-02	
  .0003348	 .8988237	 .1176471	
  .000335	 .8203923	 3.921569E-02	
  .0003352	 .8988237	 .1176471	
  .0003354	 .977255	-3.921569E-02	
  .0003356	 .7419609	 3.921569E-02	
  .0003358	 .8203923	 3.921569E-02	
  .000336	 .977255	-3.921569E-02	
  .0003362	 .8988237	 .1176471	
  .0003364	 .8988237	 3.921569E-02	
  .0003366	 .8988237	-3.921569E-02	
  .0003368	 .8988237	 3.921569E-02	
  .000337	 .8203923	 3.921569E-02	
  .0003372	 .977255	 3.921569E-02	
  .0003374	 .8203923	 3.921569E-02	
  .0003376	 .8203923	 3.921569E-02	
  .0003378	 .977255	 .1176471	
  .000338	 .8988237	 .1176471	
  .0003382	 .8203923	 .1176471	
  .0003384	 .8203923	 3.921569E-02	
  .0003386	 .8988237	-3.921569E-02	
  .0003388	 .8203923	 3.921569E-02	
  .000339	 .8203923	 3.921569E-02	
  .0003392	 .8203923	 3.921569E-02	
  .0003394	 .8988237	 .1176471	
  .0003396	 .977255	 3.921569E-02	
  .0003398	 .8988237	 3.921569E-02	
  .00034	 .8988237	 3.921569E-02	
  .0003402	 .8988237	 3.921569E-02	
  .0003404	 .977255	 .1176471	
  .0003406	 .977255	-3.921569E-02	
  .0003408	 .8988237	 3.921569E-02	
  .000341	 .8203923	 .1176471	
  .0003412	 .8988237	 3.921569E-02	
  .0003414	 1.055686	 .1176471	
  .0003416	 .8988237	-3.921569E-02	
  .0003418	 .977255	 .1960784	
  .000342	 .8988237	 .1176471	
  .0003422	 .8988237	 3.921569E-02	
  .0003424	 .977255	 .1176471	
  .0003426	 .977255	 3.921569E-02	
  .0003428	 .977255	 3.921569E-02	
  .000343	 .8988237	 .1176471	
  .0003432	 .8988237	 .1176471	
  .0003434	 .8988237	 .1176471	
  .0003436	 .8203923	 3.921569E-02	
  .0003438	 .977255	-3.921569E-02	
  .000344	 .8988237	 3.921569E-02	
  .0003442	 .8988237	 3.921569E-02	
  .0003444	 .8988237	-3.921569E-02	
  .0003446	 .8203923	 3.921569E-02	
  .0003448	 .8988237	 .1176471	
  .000345	 .8988237	 3.921569E-02	
  .0003452	 .8988237	 3.921569E-02	
  .0003454	 .8988237	 .1176471	
  .0003456	 .8988237	 3.921569E-02	
  .0003458	 .8203923	 3.921569E-02	
  .000346	 .8988237	 .1176471	
  .0003462	 .977255	 3.921569E-02	
  .0003464	 .8203923	 3.921569E-02	
  .0003466	 .977255	 .1176471	
  .0003468	 .977255	 3.921569E-02	
  .000347	 .8988237	 3.921569E-02	
  .0003472	 .8988237	 3.921569E-02	
  .0003474	 .977255	 .1176471	
  .0003476	 .8988237	 .1176471	
  .0003478	 .977255	 3.921569E-02	
  .000348	 .8988237	 .1176471	
  .0003482	 .8988237	 .1960784	
  .0003484	 .8988237	 3.921569E-02	
  .0003486	 .8203923	-3.921569E-02	
  .0003488	 .8988237	-3.921569E-02	
  .000349	 .8203923	 3.921569E-02	
  .0003492	 .8988237	 .1176471	
  .0003494	 .8988237	 3.921569E-02	
  .0003496	 .8988237	 3.921569E-02	
  .0003498	 .8988237	 3.921569E-02	
  .00035	 .8988237	 3.921569E-02	
  .0003502	 .8988237	 3.921569E-02	
  .0003504	 .8203923	-3.921569E-02	
  .0003506	 .8203923	 .1176471	
  .0003508	 .8203923	 .1176471	
  .000351	 .8203923	 .1176471	
  .0003512	 .977255	 .1176471	
  .0003514	 .8988237	 3.921569E-02	
  .0003516	 .8988237	 3.921569E-02	
  .0003518	 .8203923	 3.921569E-02	
  .000352	 .8988237	 3.921569E-02	
  .0003522	 .977255	 3.921569E-02	
  .0003524	 .8988237	 .1176471	
  .0003526	 .977255	 .1176471	
  .0003528	 .8988237	 .1176471	
  .000353	 .8988237	 3.921569E-02	
  .0003532	 .977255	 3.921569E-02	
  .0003534	 .8988237	 3.921569E-02	
  .0003536	 .8988237	-3.921569E-02	
  .0003538	 .8203923	-3.921569E-02	
  .000354	 .8203923	 .1176471	
  .0003542	 .8203923	 .1176471	
  .0003544	 .8203923	-3.921569E-02	
  .0003546	 .8988237	 .1176471	
  .0003548	 .8203923	 .1176471	
  .000355	 .8988237	 .1176471	
  .0003552	 .8988237	 3.921569E-02	
  .0003554	 .8988237	 3.921569E-02	
  .0003556	 .8203923	 .1176471	
  .0003558	 .8988237	 .1176471	
  .000356	 .8988237	 .1176471	
  .0003562	 .977255	 .1176471	
  .0003564	 .977255	 .1176471	
  .0003566	 .8988237	 3.921569E-02	
  .0003568	 .8988237	 .1176471	
  .000357	 .8988237	 .1176471	
  .0003572	 .977255	 3.921569E-02	
  .0003574	 .8988237	 3.921569E-02	
  .0003576	 .8988237	 .1176471	
  .0003578	 .977255	 .1176471	
  .000358	 .8203923	 3.921569E-02	
  .0003582	 .977255	 3.921569E-02	
  .0003584	 .8988237	-3.921569E-02	
  .0003586	 .8203923	 3.921569E-02	
  .0003588	 .8203923	 3.921569E-02	
  .000359	 .8203923	 .1176471	
  .0003592	 .8203923	 .1960784	
  .0003594	 .8988237	 .1176471	
  .0003596	 .8988237	 3.921569E-02	
  .0003598	 .977255	 3.921569E-02	
  .00036	 .8988237	-3.921569E-02	
  .0003602	 .8203923	 .1960784	
  .0003604	 .8203923	 3.921569E-02	
  .0003606	 .8203923	 3.921569E-02	
  .0003608	 .8988237	 3.921569E-02	
  .000361	 .977255	 .1176471	
  .0003612	 .977255	 3.921569E-02	
  .0003614	 .977255	 3.921569E-02	
  .0003616	 .8988237	 .1960784	
  .0003618	 .8203923	 3.921569E-02	
  .000362	 .8988237	 .1176471	
  .0003622	 .8988237	 .1176471	
  .0003624	 .8988237	 .1960784	
  .0003626	 .977255	 .1176471	
  .0003628	 .8988237	 3.921569E-02	
  .000363	 .977255	 3.921569E-02	
  .0003632	 .977255	 .1176471	
  .0003634	 .977255	 3.921569E-02	
  .0003636	 .8988237	 3.921569E-02	
  .0003638	 .8988237	-3.921569E-02	
  .000364	 .8988237	 3.921569E-02	
  .0003642	 .8203923	-3.921569E-02	
  .0003644	 .8988237	 3.921569E-02	
  .0003646	 .977255	 .1176471	
  .0003648	 .977255	-3.921569E-02	
  .000365	 .8988237	 3.921569E-02	
  .0003652	 .8988237	 3.921569E-02	
  .0003654	 .977255	 .1176471	
  .0003656	 .8203923	 .1176471	
  .0003658	 .8203923	 .1176471	
  .000366	 .8988237	 3.921569E-02	
  .0003662	 .8203923	-3.921569E-02	
  .0003664	 .977255	 .1176471	
  .0003666	 1.055686	 .1176471	
  .0003668	 .8988237	 .1176471	
  .000367	 .977255	 .1176471	
  .0003672	 .977255	 .1176471	
  .0003674	 .977255	 3.921569E-02	
  .0003676	 .8988237	 3.921569E-02	
  .0003678	 .8988237	 .1960784	
  .000368	 .977255	 3.921569E-02	
  .0003682	 .8203923	-3.921569E-02	
  .0003684	 .8203923	-3.921569E-02	
  .0003686	 .8988237	 .1176471	
  .0003688	 .8988237	 3.921569E-02	
  .000369	 .8203923	 .1176471	
  .0003692	 .8988237	 3.921569E-02	
  .0003694	 .8988237	 3.921569E-02	
  .0003696	 .8988237	 .1176471	
  .0003698	 .8988237	 3.921569E-02	
  .00037	 .8988237	-3.921569E-02	
  .0003702	 .8988237	 .1176471	
  .0003704	 .8203923	 3.921569E-02	
  .0003706	 .8203923	 3.921569E-02	
  .0003708	 .8988237	 .1176471	
  .000371	 .977255	 .1176471	
  .0003712	 .977255	 3.921569E-02	
  .0003714	 .8203923	 3.921569E-02	
  .0003716	 .8988237	-3.921569E-02	
  .0003718	 .8203923	 .1176471	
  .000372	 .977255	-3.921569E-02	
  .0003722	 .8203923	 3.921569E-02	
  .0003724	 .977255	 .1176471	
  .0003726	 .977255	 3.921569E-02	
  .0003728	 .8988237	 3.921569E-02	
  .000373	 .8988237	 3.921569E-02	
  .0003732	 .8988237	 3.921569E-02	
  .0003734	 .8203923	 3.921569E-02	
  .0003736	 .8988237	 .1176471	
  .0003738	 .8203923	 .1176471	
  .000374	 .977255	 .1176471	
  .0003742	 .8988237	 3.921569E-02	
  .0003744	 .8988237	 3.921569E-02	
  .0003746	 .8988237	 3.921569E-02	
  .0003748	 .8988237	 3.921569E-02	
  .000375	 .8988237	 3.921569E-02	
  .0003752	 .8988237	 3.921569E-02	
  .0003754	 .8203923	 3.921569E-02	
  .0003756	 .8988237	 3.921569E-02	
  .0003758	 .8203923	 .1176471	
  .000376	 .8203923	 .1176471	
  .0003762	 .977255	 3.921569E-02	
  .0003764	 .8988237	 .1176471	
  .0003766	 .8988237	 .1176471	
  .0003768	 .8988237	 3.921569E-02	
  .000377	 .8988237	 3.921569E-02	
  .0003772	 .8988237	-3.921569E-02	
  .0003774	 .8988237	 .1176471	
  .0003776	 .8988237	 .1176471	
  .0003778	 .8988237	 .1176471	
  .000378	 .8203923	 3.921569E-02	
  .0003782	 .8203923	 3.921569E-02	
  .0003784	 .8988237	 3.921569E-02	
  .0003786	 .8988237	-3.921569E-02	
  .0003788	 .8988237	 .1176471	
  .000379	 .8203923	 .1176471	
  .0003792	 .8203923	 3.921569E-02	
  .0003794	 .8988237	-3.921569E-02	
  .0003796	 .977255	 3.921569E-02	
  .0003798	 .977255	 3.921569E-02	
  .00038	 .977255	 3.921569E-02	
  .0003802	 .8988237	 .1176471	
  .0003804	 .8988237	 .1176471	
  .0003806	 .8203923	 3.921569E-02	
  .0003808	 .977255	 3.921569E-02	
  .000381	 .977255	 3.921569E-02	
  .0003812	 .8988237	 3.921569E-02	
  .0003814	 .8988237	 .1176471	
  .0003816	 .8988237	 3.921569E-02	
  .0003818	 .977255	 3.921569E-02	
  .000382	 .8988237	 3.921569E-02	
  .0003822	 .8988237	 .1176471	
  .0003824	 .8988237	 3.921569E-02	
  .0003826	 .8988237	 .1176471	
  .0003828	 .8203923	 .1176471	
  .000383	 .8988237	 .1176471	
  .0003832	 .8203923	 3.921569E-02	
  .0003834	 .8988237	 3.921569E-02	
  .0003836	 .977255	 3.921569E-02	
  .0003838	 .8988237	 .1176471	
  .000384	 .8988237	-3.921569E-02	
  .0003842	 .8988237	 3.921569E-02	
  .0003844	 .8988237	 3.921569E-02	
  .0003846	 .8988237	 3.921569E-02	
  .0003848	 .8203923	 3.921569E-02	
  .000385	 .8203923	 .1176471	
  .0003852	 .8988237	 3.921569E-02	
  .0003854	 .8203923	 3.921569E-02	
  .0003856	 .8988237	 .1176471	
  .0003858	 .8988237	-3.921569E-02	
  .000386	 .977255	-3.921569E-02	
  .0003862	 .8988237	 3.921569E-02	
  .0003864	 .8988237	 3.921569E-02	
  .0003866	 .8203923	 .1176471	
  .0003868	 .8988237	 3.921569E-02	
  .000387	 .8988237	 3.921569E-02	
  .0003872	 .8988237	 3.921569E-02	
  .0003874	 .977255	 .1176471	
  .0003876	 .8988237	 .1960784	
  .0003878	 .8988237	 3.921569E-02	
  .000388	 .8203923	 3.921569E-02	
  .0003882	 .977255	-3.921569E-02	
  .0003884	 .8203923	 3.921569E-02	
  .0003886	 .8988237	 3.921569E-02	
  .0003888	 .8988237	 3.921569E-02	
  .000389	 .8988237	 3.921569E-02	
  .0003892	 .8203923	 3.921569E-02	
  .0003894	 .8988237	 3.921569E-02	
  .0003896	 .8988237	 3.921569E-02	
  .0003898	 .977255	-3.921569E-02	
  .00039	 .8988237	 3.921569E-02	
  .0003902	 .8203923	 3.921569E-02	
  .0003904	 .8988237	-3.921569E-02	
  .0003906	 .8203923	 .1176471	
  .0003908	 .977255	 .1176471	
  .000391	 .8988237	 .1176471	
  .0003912	 .8988237	 .1176471	
  .0003914	 .8988237	-3.921569E-02	
  .0003916	 .977255	 3.921569E-02	
  .0003918	 .977255	 3.921569E-02	
  .000392	 .8988237	 .1960784	
  .0003922	 .977255	 .1176471	
  .0003924	 .8988237	 .1176471	
  .0003926	 .8988237	 .1176471	
  .0003928	 .8988237	 .1176471	
  .000393	 .8988237	 3.921569E-02	
  .0003932	 .8988237	 .1176471	
  .0003934	 .8988237	 3.921569E-02	
  .0003936	 .8203923	 3.921569E-02	
  .0003938	 .8988237	 .1176471	
  .000394	 .8988237	 3.921569E-02	
  .0003942	 .8203923	 3.921569E-02	
  .0003944	 .8988237	 3.921569E-02	
  .0003946	 .977255	-3.921569E-02	
  .0003948	 .8203923	 3.921569E-02	
  .000395	 .8203923	 3.921569E-02	
  .0003952	 .8203923	-3.921569E-02	
  .0003954	 .8988237	 3.921569E-02	
  .0003956	 .8988237	 .1176471	
  .0003958	 .8988237	 3.921569E-02	
  .000396	 .977255	 3.921569E-02	
  .0003962	 .8988237	 3.921569E-02	
  .0003964	 .8203923	 3.921569E-02	
  .0003966	 .8988237	 .1176471	
  .0003968	 .8988237	 3.921569E-02	
  .000397	 .8203923	 3.921569E-02	
  .0003972	 .977255	 .1176471	
  .0003974	 .977255	 .1176471	
  .0003976	 .8203923	 3.921569E-02	
  .0003978	 .8988237	 3.921569E-02	
  .000398	 .8203923	 3.921569E-02	
  .0003982	 .8988237	 3.921569E-02	
  .0003984	 .8988237	 3.921569E-02	
  .0003986	 .8203923	 .1176471	
  .0003988	 .8203923	 .1176471	
  .000399	 .8988237	 3.921569E-02	
  .0003992	 .8203923	-3.921569E-02	
  .0003994	 .8988237	 .1176471	
  .0003996	 .977255	 .1176471	
  .0003998	 .977255	 .1176471	
  .0004	 .8203923	 3.921569E-02	
  .0004002	 .8203923	 .1176471	
  .0004004	 .8203923	 3.921569E-02	
  .0004006	 .8203923	 3.921569E-02	
  .0004008	 .977255	 3.921569E-02	
  .000401	 .8203923	-3.921569E-02	
  .0004012	 .8988237	 .1176471	
  .0004014	 .8988237	 3.921569E-02	
  .0004016	 .8988237	 3.921569E-02	
  .0004018	 .7419609	 3.921569E-02	
  .000402	 .8988237	 3.921569E-02	
  .0004022	 .8988237	 .1176471	
  .0004024	 .8988237	 .1176471	
  .0004026	 .8988237	 3.921569E-02	
  .0004028	 .8203923	 3.921569E-02	
  .000403	 .8203923	 3.921569E-02	
  .0004032	 .8988237	 3.921569E-02	
  .0004034	 .8988237	 .1176471	
  .0004036	 .8988237	 3.921569E-02	
  .0004038	 .8203923	-3.921569E-02	
  .000404	 .8203923	 3.921569E-02	
  .0004042	 .8988237	 .1176471	
  .0004044	 .977255	 3.921569E-02	
  .0004046	 .8203923	 3.921569E-02	
  .0004048	 .8988237	 3.921569E-02	
  .000405	 .8203923	-3.921569E-02	
  .0004052	 .8988237	 .1176471	
  .0004054	 .8988237	 .1176471	
  .0004056	 .8988237	 3.921569E-02	
  .0004058	 .8203923	 3.921569E-02	
  .000406	 .8988237	 3.921569E-02	
  .0004062	 .977255	 .1176471	
  .0004064	 .977255	 .1176471	
  .0004066	 .8988237	 3.921569E-02	
  .0004068	 .977255	 .1176471	
  .000407	 .8988237	 .1176471	
  .0004072	 .977255	 .1176471	
  .0004074	 .977255	 .1176471	
  .0004076	 .8988237	 .1176471	
  .0004078	 .8988237	-3.921569E-02	
  .000408	 .8988237	-3.921569E-02	
  .0004082	 .8988237	 3.921569E-02	
  .0004084	 .8988237	 3.921569E-02	
  .0004086	 .8988237	 .1176471	
  .0004088	 .8988237	 .1176471	
  .000409	 .977255	 3.921569E-02	
  .0004092	 .977255	 3.921569E-02	
  .0004094	 .8988237	-3.921569E-02	
  .0004096	 .977255	 3.921569E-02	
  .0004098	 .8203923	 3.921569E-02	
  .00041	 .8988237	-3.921569E-02	
  .0004102	 .8203923	 3.921569E-02	
  .0004104	 .8203923	 3.921569E-02	
  .0004106	 .977255	 3.921569E-02	
  .0004108	 .8988237	 .1176471	
  .000411	 .8988237	 .1176471	
  .0004112	 .8203923	 3.921569E-02	
  .0004114	 .8988237	 3.921569E-02	
  .0004116	 1.055686	-3.921569E-02	
  .0004118	 .977255	 .1176471	
  .000412	 .8988237	 .1176471	
  .0004122	 .8988237	 .1176471	
  .0004124	 .8988237	 3.921569E-02	
  .0004126	 .8988237	 3.921569E-02	
  .0004128	 .8203923	-3.921569E-02	
  .000413	 .8988237	 3.921569E-02	
  .0004132	 .8988237	 .1176471	
  .0004134	 .8988237	 .1176471	
  .0004136	 .977255	 .1176471	
  .0004138	 .8988237	 3.921569E-02	
  .000414	 1.055686	 3.921569E-02	
  .0004142	 .8203923	 .1176471	
  .0004144	 .8988237	 3.921569E-02	
  .0004146	 .8988237	 3.921569E-02	
  .0004148	 .8988237	 3.921569E-02	
  .000415	 .8988237	-3.921569E-02	
  .0004152	 .8988237	 .1176471	
  .0004154	 .8988237	 .1176471	
  .0004156	 .8988237	 3.921569E-02	
  .0004158	 .977255	 .1176471	
  .000416	 .8988237	-3.921569E-02	
  .0004162	 .8988237	 .1176471	
  .0004164	 .977255	 .1176471	
  .0004166	 .8988237	 .1176471	
  .0004168	 .8203923	 3.921569E-02	
  .000417	 .977255	 .1176471	
  .0004172	 .8988237	 .1176471	
  .0004174	 .8988237	 .1176471	
  .0004176	 .8203923	 3.921569E-02	
  .0004178	 .8988237	 3.921569E-02	
  .000418	 .8988237	 3.921569E-02	
  .0004182	 .8988237	 3.921569E-02	
  .0004184	 .8988237	 3.921569E-02	
  .0004186	 .8203923	 .1176471	
  .0004188	 .8988237	 3.921569E-02	
  .000419	 .8203923	 3.921569E-02	
  .0004192	 .977255	 3.921569E-02	
  .0004194	 .977255	-3.921569E-02	
  .0004196	 .8988237	 .1176471	
  .0004198	 .977255	 3.921569E-02	
  .00042	 .8988237	 .1176471	
  .0004202	 .8203923	 .1176471	
  .0004204	 .8988237	 .1176471	
  .0004206	 .977255	 3.921569E-02	
  .0004208	 .8988237	-.1176471	
  .000421	 .8988237	 .1176471	
  .0004212	 .8203923	 3.921569E-02	
  .0004214	 .8988237	 3.921569E-02	
  .0004216	 .8203923	 .1176471	
  .0004218	 .8988237	 .1176471	
  .000422	 .977255	 .1176471	
  .0004222	 .8988237	 .1176471	
  .0004224	 1.055686	 .1176471	
  .0004226	 .977255	 3.921569E-02	
  .0004228	 .977255	 3.921569E-02	
  .000423	 .8988237	 3.921569E-02	
  .0004232	 .977255	-3.921569E-02	
  .0004234	 .8988237	 .1176471	
  .0004236	 .8988237	 3.921569E-02	
  .0004238	 .8988237	 3.921569E-02	
  .000424	 .8988237	 3.921569E-02	
  .0004242	 .8988237	 3.921569E-02	
  .0004244	 .8988237	 3.921569E-02	
  .0004246	 .8988237	 .1176471	
  .0004248	 .977255	 3.921569E-02	
  .000425	 .8203923	 .1176471	
  .0004252	 .8988237	 .1176471	
  .0004254	 .8988237	 3.921569E-02	
  .0004256	 .8203923	 3.921569E-02	
  .0004258	 .8988237	 .1176471	
  .000426	 1.055686	 3.921569E-02	
  .0004262	 .8988237	 3.921569E-02	
  .0004264	 .8203923	 .1176471	
  .0004266	 .8988237	 .1176471	
  .0004268	 .8988237	 .1176471	
  .000427	 .8988237	 .1176471	
  .0004272	 .8988237	 .1960784	
  .0004274	 .8988237	 3.921569E-02	
  .0004276	 .8203923	 3.921569E-02	
  .0004278	 .8988237	-3.921569E-02	
  .000428	 .8988237	 3.921569E-02	
  .0004282	 .8203923	 3.921569E-02	
  .0004284	 .8988237	 .1176471	
  .0004286	 .8988237	 3.921569E-02	
  .0004288	 .8988237	 .1176471	
  .000429	 .8988237	 3.921569E-02	
  .0004292	 .8988237	 3.921569E-02	
  .0004294	 .8988237	 3.921569E-02	
  .0004296	 .8203923	 3.921569E-02	
  .0004298	 .8988237	 3.921569E-02	
  .00043	 .8203923	 3.921569E-02	
  .0004302	 .8988237	 3.921569E-02	
  .0004304	 1.055686	 .1176471	
  .0004306	 .8988237	 .1176471	
  .0004308	 .8988237	 3.921569E-02	
  .000431	 .8988237	 3.921569E-02	
  .0004312	 .8203923	 3.921569E-02	
  .0004314	 .977255	 3.921569E-02	
  .0004316	 .8988237	 .1176471	
  .0004318	 .977255	 .1176471	
  .000432	 .8988237	 3.921569E-02	
  .0004322	 .977255	 .1176471	
  .0004324	 .8203923	 3.921569E-02	
  .0004326	 .8988237	-3.921569E-02	
  .0004328	 .977255	 .1176471	
  .000433	 .8203923	-3.921569E-02	
  .0004332	 .8203923	 .1960784	
  .0004334	 .8203923	 3.921569E-02	
  .0004336	 .8988237	 .1176471	
  .0004338	 .8988237	 3.921569E-02	
  .000434	 .8203923	 .1176471	
  .0004342	 .8988237	 .1176471	
  .0004344	 .8988237	-3.921569E-02	
  .0004346	 .8988237	 .1176471	
  .0004348	 .8988237	 3.921569E-02	
  .000435	 .8988237	 .1176471	
  .0004352	 .8988237	 3.921569E-02	
  .0004354	 .977255	 3.921569E-02	
  .0004356	 .8988237	 .1176471	
  .0004358	 .977255	 .1176471	
  .000436	 .8988237	 .1176471	
  .0004362	 .8988237	 3.921569E-02	
  .0004364	 .8988237	 .1176471	
  .0004366	 .8988237	 .1176471	
  .0004368	 .8988237	 .1176471	
  .000437	 .977255	 .1176471	
  .0004372	 .8203923	 .1176471	
  .0004374	 .8988237	 3.921569E-02	
  .0004376	 .977255	 3.921569E-02	
  .0004378	 .8988237	 .1176471	
  .000438	 .8203923	 3.921569E-02	
  .0004382	 .8203923	 3.921569E-02	
  .0004384	 .977255	 .1176471	
  .0004386	 .8988237	 3.921569E-02	
  .0004388	 .977255	 3.921569E-02	
  .000439	 .977255	 3.921569E-02	
  .0004392	 .977255	 3.921569E-02	
  .0004394	 .8203923	 3.921569E-02	
  .0004396	 .8988237	 3.921569E-02	
  .0004398	 .8988237	 .1176471	
  .00044	 .8203923	 .1176471	
  .0004402	 .8988237	 .1176471	
  .0004404	 1.055686	 .1176471	
  .0004406	 .977255	 3.921569E-02	
  .0004408	 .8988237	 .1176471	
  .000441	 .8203923	 .1176471	
  .0004412	 .977255	 3.921569E-02	
  .0004414	 .8988237	 3.921569E-02	
  .0004416	 .8203923	 .1176471	
  .0004418	 1.055686	 .1176471	
  .000442	 .977255	 3.921569E-02	
  .0004422	 .8988237	 3.921569E-02	
  .0004424	 .977255	 .1176471	
  .0004426	 .8988237	 3.921569E-02	
  .0004428	 .8988237	-3.921569E-02	
  .000443	 .977255	 3.921569E-02	
  .0004432	 .8988237	 .1176471	
  .0004434	 .8988237	 3.921569E-02	
  .0004436	 .8988237	 3.921569E-02	
  .0004438	 .977255	 .1176471	
  .000444	 .977255	 .1176471	
  .0004442	 .8203923	-3.921569E-02	
  .0004444	 .8203923	-3.921569E-02	
  .0004446	 .977255	 3.921569E-02	
  .0004448	 .8203923	 3.921569E-02	
  .000445	 .8988237	 .1176471	
  .0004452	 .8988237	 3.921569E-02	
  .0004454	 .8988237	-3.921569E-02	
  .0004456	 .977255	 .1176471	
  .0004458	 .977255	 3.921569E-02	
  .000446	 .977255	 .1176471	
  .0004462	 .8988237	 .1176471	
  .0004464	 .977255	 3.921569E-02	
  .0004466	 .977255	 3.921569E-02	
  .0004468	 1.055686	 3.921569E-02	
  .000447	 .8988237	 .1176471	
  .0004472	 .977255	 .1176471	
  .0004474	 .8988237	 3.921569E-02	
  .0004476	 .8988237	 .1176471	
  .0004478	 .8988237	 3.921569E-02	
  .000448	 .8988237	 3.921569E-02	
  .0004482	 .8203923	 .1176471	
  .0004484	 .8988237	 .1176471	
  .0004486	 .8988237	 3.921569E-02	
  .0004488	 .8988237	 3.921569E-02	
  .000449	 .8988237	 .1176471	
  .0004492	 .8988237	 3.921569E-02	
  .0004494	 .8988237	 3.921569E-02	
  .0004496	 .8203923	 3.921569E-02	
  .0004498	 .8988237	 3.921569E-02	
  .00045	 .8988237	 .1176471	
