 -.0000498	 3.921569E-02	 1.960784E-02	
 -.0000496	 .1176471	 1.960784E-02	
 -.0000494	 3.921569E-02	 1.960784E-02	
 -.0000492	 3.921569E-02	 9.803922E-02	
 -.000049	 3.921569E-02	 1.960784E-02	
 -.0000488	 .1176471	 1.960784E-02	
 -.0000486	 .1176471	-1.960784E-02	
 -.0000484	 .1176471	 1.960784E-02	
 -.0000482	 3.921569E-02	 5.882353E-02	
 -.000048	 3.921569E-02	 1.960784E-02	
 -.0000478	 .1176471	 1.960784E-02	
 -.0000476	 .1176471	 5.882353E-02	
 -.0000474	 3.921569E-02	 1.960784E-02	
 -.0000472	 3.921569E-02	 1.960784E-02	
 -.000047	 .1176471	-1.960784E-02	
 -.0000468	 3.921569E-02	-1.960784E-02	
 -.0000466	 .1176471	-1.960784E-02	
 -.0000464	 .1176471	 5.882353E-02	
 -.0000462	 .1176471	 1.960784E-02	
 -.000046	 .1176471	 5.882353E-02	
 -.0000458	 3.921569E-02	 1.960784E-02	
 -.0000456	 .1176471	 1.960784E-02	
 -.0000454	 .1176471	 1.960784E-02	
 -.0000452	 3.921569E-02	 1.960784E-02	
 -.000045	 3.921569E-02	 1.960784E-02	
 -.0000448	-3.921569E-02	 5.882353E-02	
 -.0000446	 .1176471	 1.960784E-02	
 -.0000444	 3.921569E-02	-1.960784E-02	
 -.0000442	 .1176471	 5.882353E-02	
 -.000044	 3.921569E-02	 1.960784E-02	
 -.0000438	 .1176471	-1.960784E-02	
 -.0000436	 3.921569E-02	 1.960784E-02	
 -.0000434	 3.921569E-02	 1.960784E-02	
 -.0000432	 .1176471	-1.960784E-02	
 -.000043	 3.921569E-02	 5.882353E-02	
 -.0000428	 3.921569E-02	 5.882353E-02	
 -.0000426	 3.921569E-02	 1.960784E-02	
 -.0000424	 3.921569E-02	 1.960784E-02	
 -.0000422	 .1176471	 1.960784E-02	
 -.000042	 3.921569E-02	 5.882353E-02	
 -.0000418	 .1176471	 5.882353E-02	
 -.0000416	 3.921569E-02	 5.882353E-02	
 -.0000414	 3.921569E-02	 1.960784E-02	
 -.0000412	 3.921569E-02	 1.960784E-02	
 -.000041	 .1176471	 5.882353E-02	
 -.0000408	 .1176471	 1.960784E-02	
 -.0000406	 3.921569E-02	 1.960784E-02	
 -.0000404	-3.921569E-02	-1.960784E-02	
 -.0000402	 .1176471	 1.960784E-02	
 -.00004	 3.921569E-02	-1.960784E-02	
 -.0000398	 3.921569E-02	 1.960784E-02	
 -.0000396	 3.921569E-02	 1.960784E-02	
 -.0000394	 .1176471	 1.960784E-02	
 -.0000392	 3.921569E-02	-1.960784E-02	
 -.000039	 .1176471	 5.882353E-02	
 -.0000388	 .1960784	 1.960784E-02	
 -.0000386	 3.921569E-02	 1.960784E-02	
 -.0000384	 3.921569E-02	-1.960784E-02	
 -.0000382	 3.921569E-02	 5.882353E-02	
 -.000038	 3.921569E-02	-1.960784E-02	
 -.0000378	 3.921569E-02	 5.882353E-02	
 -.0000376	 .1176471	 1.960784E-02	
 -.0000374	 3.921569E-02	-1.960784E-02	
 -.0000372	 3.921569E-02	 5.882353E-02	
 -.000037	 .1176471	 5.882353E-02	
 -.0000368	 3.921569E-02	 1.960784E-02	
 -.0000366	-3.921569E-02	 5.882353E-02	
 -.0000364	 .1176471	 1.960784E-02	
 -.0000362	 .1176471	-1.960784E-02	
 -.000036	 .1176471	 1.960784E-02	
 -.0000358	 .1176471	 1.960784E-02	
 -.0000356	 .1176471	 1.960784E-02	
 -.0000354	 3.921569E-02	 5.882353E-02	
 -.0000352	 .1176471	-1.960784E-02	
 -.000035	 .1176471	-1.960784E-02	
 -.0000348	 .1176471	 5.882353E-02	
 -.0000346	 3.921569E-02	-1.960784E-02	
 -.0000344	 3.921569E-02	 1.960784E-02	
 -.0000342	 .1176471	 5.882353E-02	
 -.000034	 .1176471	 1.960784E-02	
 -.0000338	 3.921569E-02	-1.960784E-02	
 -.0000336	 3.921569E-02	 1.960784E-02	
 -.0000334	 .1176471	-1.960784E-02	
 -.0000332	 3.921569E-02	 1.960784E-02	
 -.000033	-3.921569E-02	 1.960784E-02	
 -.0000328	 .1176471	 1.960784E-02	
 -.0000326	 .1176471	 1.960784E-02	
 -.0000324	 3.921569E-02	 1.960784E-02	
 -.0000322	 .1960784	-1.960784E-02	
 -.000032	 3.921569E-02	 5.882353E-02	
 -.0000318	 .1176471	 1.960784E-02	
 -.0000316	 .1176471	 5.882353E-02	
 -.0000314	 .1176471	 1.960784E-02	
 -.0000312	 .1176471	 1.960784E-02	
 -.000031	 .1176471	 5.882353E-02	
 -.0000308	 .1176471	 1.960784E-02	
 -.0000306	 3.921569E-02	 1.960784E-02	
 -.0000304	 3.921569E-02	-1.960784E-02	
 -.0000302	 3.921569E-02	 1.960784E-02	
 -.00003	 3.921569E-02	 1.960784E-02	
 -.0000298	 3.921569E-02	 1.960784E-02	
 -.0000296	 3.921569E-02	 1.960784E-02	
 -.0000294	 .1176471	 1.960784E-02	
 -.0000292	 .1176471	-1.960784E-02	
 -.000029	 .1176471	 1.960784E-02	
 -.0000288	 .1176471	-1.960784E-02	
 -.0000286	 .1176471	-1.960784E-02	
 -.0000284	 3.921569E-02	-5.882353E-02	
 -.0000282	 3.921569E-02	-1.960784E-02	
 -.000028	 3.921569E-02	 1.960784E-02	
 -.0000278	 .1176471	 1.960784E-02	
 -.0000276	 .1176471	 1.960784E-02	
 -.0000274	 3.921569E-02	 5.882353E-02	
 -.0000272	 3.921569E-02	 5.882353E-02	
 -.000027	-3.921569E-02	 1.960784E-02	
 -.0000268	 .1176471	-1.960784E-02	
 -.0000266	 .1176471	 1.960784E-02	
 -.0000264	 3.921569E-02	 1.960784E-02	
 -.0000262	 3.921569E-02	 5.882353E-02	
 -.000026	 3.921569E-02	 1.960784E-02	
 -.0000258	 3.921569E-02	 1.960784E-02	
 -.0000256	 3.921569E-02	-1.960784E-02	
 -.0000254	 3.921569E-02	-1.960784E-02	
 -.0000252	 3.921569E-02	 1.960784E-02	
 -.000025	 3.921569E-02	 5.882353E-02	
 -.0000248	 3.921569E-02	 1.960784E-02	
 -.0000246	 .1176471	 1.960784E-02	
 -.0000244	 .1176471	 1.960784E-02	
 -.0000242	 .1176471	-1.960784E-02	
 -.000024	 .1176471	 1.960784E-02	
 -.0000238	 .1176471	 1.960784E-02	
 -.0000236	 3.921569E-02	 1.960784E-02	
 -.0000234	 3.921569E-02	-1.960784E-02	
 -.0000232	 .1176471	 1.960784E-02	
 -.000023	 .1176471	 1.960784E-02	
 -.0000228	 3.921569E-02	 1.960784E-02	
 -.0000226	 3.921569E-02	 1.960784E-02	
 -.0000224	 .1176471	-1.960784E-02	
 -.0000222	 3.921569E-02	 5.882353E-02	
 -.000022	 .1176471	 1.960784E-02	
 -.0000218	 .1176471	 1.960784E-02	
 -.0000216	 3.921569E-02	-1.960784E-02	
 -.0000214	-3.921569E-02	 1.960784E-02	
 -.0000212	 3.921569E-02	 5.882353E-02	
 -.000021	-3.921569E-02	 1.960784E-02	
 -.0000208	 3.921569E-02	 1.960784E-02	
 -.0000206	-3.921569E-02	 1.960784E-02	
 -.0000204	 .1176471	 1.960784E-02	
 -.0000202	 3.921569E-02	-1.960784E-02	
 -.00002	 .1176471	 1.960784E-02	
 -.0000198	 3.921569E-02	 1.960784E-02	
 -.0000196	 3.921569E-02	 1.960784E-02	
 -.0000194	 3.921569E-02	 1.960784E-02	
 -.0000192	 3.921569E-02	 5.882353E-02	
 -.000019	 .1176471	-1.960784E-02	
 -.0000188	 3.921569E-02	 1.960784E-02	
 -.0000186	 .1176471	 1.960784E-02	
 -.0000184	 3.921569E-02	 5.882353E-02	
 -.0000182	 .1176471	 1.960784E-02	
 -.000018	 3.921569E-02	 1.960784E-02	
 -.0000178	 .1176471	-1.960784E-02	
 -.0000176	 3.921569E-02	 1.960784E-02	
 -.0000174	 .1176471	 5.882353E-02	
 -.0000172	 .1960784	 1.960784E-02	
 -.000017	 .1960784	-1.960784E-02	
 -.0000168	 3.921569E-02	-1.960784E-02	
 -.0000166	 .1960784	 5.882353E-02	
 -.0000164	 .1176471	 5.882353E-02	
 -.0000162	 3.921569E-02	 1.960784E-02	
 -.000016	 .1960784	 1.960784E-02	
 -.0000158	 .1176471	 5.882353E-02	
 -.0000156	 3.921569E-02	 1.960784E-02	
 -.0000154	 3.921569E-02	-1.960784E-02	
 -.0000152	 .1176471	-1.960784E-02	
 -.000015	 .1176471	 1.960784E-02	
 -.0000148	 3.921569E-02	 1.960784E-02	
 -.0000146	 3.921569E-02	 1.960784E-02	
 -.0000144	 .1176471	 1.960784E-02	
 -.0000142	 3.921569E-02	 1.960784E-02	
 -.000014	 3.921569E-02	 1.960784E-02	
 -.0000138	 .1176471	 5.882353E-02	
 -.0000136	 3.921569E-02	 1.960784E-02	
 -.0000134	-3.921569E-02	-1.960784E-02	
 -.0000132	 3.921569E-02	-1.960784E-02	
 -.000013	 .1176471	-1.960784E-02	
 -.0000128	 3.921569E-02	 1.960784E-02	
 -.0000126	 .1176471	 1.960784E-02	
 -.0000124	 .1960784	 1.960784E-02	
 -.0000122	 .1176471	-1.960784E-02	
 -.000012	 3.921569E-02	 1.960784E-02	
 -.0000118	 3.921569E-02	 5.882353E-02	
 -.0000116	 .1176471	 1.960784E-02	
 -.0000114	 .1176471	-1.960784E-02	
 -.0000112	 3.921569E-02	 5.882353E-02	
 -.000011	 .1176471	 5.882353E-02	
 -.0000108	 3.921569E-02	 1.960784E-02	
 -.0000106	 .1176471	-1.960784E-02	
 -.0000104	 .1176471	-1.960784E-02	
 -.0000102	 .1176471	-1.960784E-02	
 -.00001	 3.921569E-02	-1.960784E-02	
 -.0000098	 3.921569E-02	 1.960784E-02	
 -.0000096	 3.921569E-02	 1.960784E-02	
 -.0000094	 .1176471	 1.960784E-02	
 -.0000092	 .1176471	 1.960784E-02	
 -.000009	 3.921569E-02	 1.960784E-02	
 -.0000088	 3.921569E-02	-1.960784E-02	
 -.0000086	 3.921569E-02	-1.960784E-02	
 -.0000084	 3.921569E-02	 5.882353E-02	
 -.0000082	 3.921569E-02	 1.960784E-02	
 -.000008	 .1960784	 1.960784E-02	
 -.0000078	 3.921569E-02	 1.960784E-02	
 -.0000076	 3.921569E-02	 1.960784E-02	
 -.0000074	 3.921569E-02	-1.960784E-02	
 -.0000072	 3.921569E-02	 1.960784E-02	
 -.000007	 .1176471	-1.960784E-02	
 -.0000068	 3.921569E-02	 1.960784E-02	
 -.0000066	 3.921569E-02	 1.960784E-02	
 -.0000064	 3.921569E-02	-1.960784E-02	
 -.0000062	 3.921569E-02	-1.960784E-02	
 -.000006	 3.921569E-02	 1.960784E-02	
 -.0000058	 3.921569E-02	 5.882353E-02	
 -.0000056	 3.921569E-02	 1.960784E-02	
 -.0000054	-3.921569E-02	-5.882353E-02	
 -.0000052	-3.921569E-02	-1.960784E-02	
 -.000005	 3.921569E-02	 1.960784E-02	
 -.0000048	-3.921569E-02	 1.960784E-02	
 -.0000046	 .1176471	 1.960784E-02	
 -.0000044	 3.921569E-02	 1.960784E-02	
 -.0000042	 3.921569E-02	 5.882353E-02	
 -.000004	 3.921569E-02	 1.960784E-02	
 -.0000038	 3.921569E-02	-1.960784E-02	
 -.0000036	 3.921569E-02	-1.960784E-02	
 -.0000034	 .1176471	 5.882353E-02	
 -.0000032	 3.921569E-02	 1.960784E-02	
 -.000003	 3.921569E-02	 1.960784E-02	
 -.0000028	 3.921569E-02	 5.882353E-02	
 -.0000026	 .1176471	 1.960784E-02	
 -.0000024	 3.921569E-02	 9.803922E-02	
 -.0000022	 3.921569E-02	 5.882353E-02	
 -.000002	 .1176471	 1.960784E-02	
 -.0000018	 .1176471	-1.960784E-02	
 -.0000016	 3.921569E-02	 5.882353E-02	
 -.0000014	 3.921569E-02	 5.882353E-02	
 -.0000012	 3.921569E-02	 5.882353E-02	
 -.000001	 3.921569E-02	 1.960784E-02	
 -.0000008	 .1176471	 1.960784E-02	
 -.0000006	 .1176471	-1.960784E-02	
 -.0000004	 3.921569E-02	-1.960784E-02	
 -.0000002	-3.921569E-02	 1.960784E-02	
  0	 3.921569E-02	 5.882353E-02	
  .0000002	 3.921569E-02	 1.960784E-02	
  .0000004	-.9019608	-5.882353E-02	
  .0000006	-.5882353	 .3333333	
  .0000008	-.509804	 .7647059	
  .000001	-.6666667	 1.117647	
  .0000012	-.6666667	 1.392157	
  .0000014	-.7450981	 1.784314	
  .0000016	-.7450981	 1.941176	
  .0000018	-.7450981	 2.215686	
  .000002	-.9019608	 2.333333	
  .0000022	-.9019608	 2.411765	
  .0000024	-.9019608	 2.607843	
  .0000026	-.9803922	 2.764706	
  .0000028	-1.058824	 2.843137	
  .000003	-.9803922	 2.960784	
  .0000032	-1.058824	 3.078431	
  .0000034	-1.058824	 3.078431	
  .0000036	-1.137255	 3.156863	
  .0000038	-1.137255	 3.156863	
  .000004	-1.137255	 3.196079	
  .0000042	-1.137255	 3.27451	
  .0000044	-1.215686	 3.27451	
  .0000046	-1.137255	 3.313725	
  .0000048	-1.137255	 3.352941	
  .000005	-1.294118	 3.313725	
  .0000052	-1.215686	 3.352941	
  .0000054	-1.372549	 3.392157	
  .0000056	-1.294118	 3.352941	
  .0000058	-1.372549	 3.392157	
  .000006	-1.372549	 3.392157	
  .0000062	-1.294118	 3.431373	
  .0000064	-1.372549	 3.392157	
  .0000066	-1.45098	 3.392157	
  .0000068	-1.372549	 3.392157	
  .000007	-1.372549	 3.392157	
  .0000072	-1.45098	 3.313725	
  .0000074	-1.372549	 3.392157	
  .0000076	-1.372549	 3.352941	
  .0000078	-1.45098	 3.392157	
  .000008	-1.45098	 3.392157	
  .0000082	-1.372549	 3.352941	
  .0000084	-1.45098	 3.352941	
  .0000086	-1.45098	 3.313725	
  .0000088	-1.45098	 3.27451	
  .000009	-1.529412	 3.352941	
  .0000092	-1.529412	 3.313725	
  .0000094	-1.45098	 3.313725	
  .0000096	-1.45098	 3.27451	
  .0000098	-1.529412	 3.27451	
  .00001	-1.529412	 3.235294	
  .0000102	-1.529412	 3.27451	
  .0000104	-1.529412	 3.235294	
  .0000106	-1.529412	 3.235294	
  .0000108	-1.607843	 3.196079	
  .000011	-1.529412	 3.235294	
  .0000112	-1.45098	 3.196079	
  .0000114	-1.607843	 3.156863	
  .0000116	-1.529412	 3.156863	
  .0000118	-1.372549	 3.156863	
  .000012	-1.529412	 3.117647	
  .0000122	-1.607843	 3.078431	
  .0000124	-1.529412	 3.078431	
  .0000126	-1.529412	 3.078431	
  .0000128	-1.529412	 3.039216	
  .000013	-1.607843	 3.078431	
  .0000132	-1.607843	 3.078431	
  .0000134	-1.686275	 3.039216	
  .0000136	-1.607843	 3	
  .0000138	-1.607843	 2.960784	
  .000014	-1.686275	 2.921569	
  .0000142	-1.607843	 2.921569	
  .0000144	-1.686275	 2.921569	
  .0000146	-1.607843	 2.921569	
  .0000148	-1.607843	 2.843137	
  .000015	-1.607843	 2.843137	
  .0000152	-1.607843	 2.843137	
  .0000154	-1.607843	 2.764706	
  .0000156	-1.607843	 2.803921	
  .0000158	-1.686275	 2.764706	
  .000016	-1.607843	 2.72549	
  .0000162	-1.607843	 2.686275	
  .0000164	-1.529412	 2.72549	
  .0000166	-1.686275	 2.686275	
  .0000168	-1.607843	 2.647059	
  .000017	-1.607843	 2.647059	
  .0000172	-1.529412	 2.607843	
  .0000174	-1.529412	 2.607843	
  .0000176	-1.607843	 2.568627	
  .0000178	-1.607843	 2.490196	
  .000018	-1.686275	 2.490196	
  .0000182	-1.607843	 2.529412	
  .0000184	-1.607843	 2.490196	
  .0000186	-1.607843	 2.411765	
  .0000188	-1.686275	 2.411765	
  .000019	-1.607843	 2.411765	
  .0000192	-1.529412	 2.333333	
  .0000194	-1.607843	 2.294118	
  .0000196	-1.607843	 2.254902	
  .0000198	-1.529412	 2.333333	
  .00002	-1.529412	 2.215686	
  .0000202	-1.529412	 2.176471	
  .0000204	-1.529412	 2.215686	
  .0000206	-1.45098	 2.137255	
  .0000208	-1.45098	 2.058824	
  .000021	-1.529412	 2.019608	
  .0000212	-1.529412	 2.058824	
  .0000214	-1.45098	 2.019608	
  .0000216	-1.372549	 1.980392	
  .0000218	-1.372549	 1.901961	
  .000022	-1.45098	 1.862745	
  .0000222	-1.45098	 1.901961	
  .0000224	-1.45098	 1.823529	
  .0000226	-1.45098	 1.823529	
  .0000228	-1.45098	 1.745098	
  .000023	-1.45098	 1.745098	
  .0000232	-1.45098	 1.705882	
  .0000234	-1.372549	 1.705882	
  .0000236	-1.372549	 1.705882	
  .0000238	-1.372549	 1.54902	
  .000024	-1.45098	 1.470588	
  .0000242	-1.372549	 1.470588	
  .0000244	-1.372549	 1.431373	
  .0000246	-1.372549	 1.431373	
  .0000248	-1.45098	 1.313725	
  .000025	-1.294118	 1.352941	
  .0000252	-1.372549	 1.313725	
  .0000254	-1.372549	 1.27451	
  .0000256	-1.294118	 1.235294	
  .0000258	-1.372549	 1.196078	
  .000026	-1.215686	 1.117647	
  .0000262	-1.372549	 1.156863	
  .0000264	-1.294118	 1.078431	
  .0000266	-1.294118	 1.078431	
  .0000268	-1.215686	 1.039216	
  .000027	-1.215686	 1	
  .0000272	-1.137255	 .9607843	
  .0000274	-1.294118	 .9215686	
  .0000276	-1.294118	 .8823529	
  .0000278	-1.215686	 .8431373	
  .000028	-1.215686	 .8431373	
  .0000282	-1.215686	 .7647059	
  .0000284	-1.215686	 .8431373	
  .0000286	-1.137255	 .7647059	
  .0000288	-1.215686	 .6470588	
  .000029	-1.137255	 .5686275	
  .0000292	-1.215686	 .6078432	
  .0000294	-1.137255	 .5294118	
  .0000296	-1.058824	 .5294118	
  .0000298	-1.137255	 .5294118	
  .00003	-1.058824	 .4509804	
  .0000302	-1.058824	 .4117647	
  .0000304	-.9803922	 .372549	
  .0000306	-1.058824	 .2941177	
  .0000308	-1.058824	 .2941177	
  .000031	-1.058824	 .254902	
  .0000312	-1.058824	 .254902	
  .0000314	-1.058824	 .1764706	
  .0000316	-.9019608	 .2156863	
  .0000318	-.9803922	 .1764706	
  .000032	-.9019608	 9.803922E-02	
  .0000322	-.9803922	 1.960784E-02	
  .0000324	-.9019608	 1.960784E-02	
  .0000326	-.8235294	-5.882353E-02	
  .0000328	-.9019608	-5.882353E-02	
  .000033	-.8235294	-5.882353E-02	
  .0000332	-.8235294	-5.882353E-02	
  .0000334	-.8235294	-.1372549	
  .0000336	-.9019608	-.1764706	
  .0000338	-.8235294	-.254902	
  .000034	-.8235294	-.2941177	
  .0000342	-.9019608	-.2941177	
  .0000344	-.9019608	-.2941177	
  .0000346	-.8235294	-.372549	
  .0000348	-.7450981	-.4117647	
  .000035	-.7450981	-.372549	
  .0000352	-.7450981	-.4509804	
  .0000354	-.6666667	-.4509804	
  .0000356	-.8235294	-.5294118	
  .0000358	-.7450981	-.5686275	
  .000036	-.7450981	-.5686275	
  .0000362	-.6666667	-.6078432	
  .0000364	-.6666667	-.6470588	
  .0000366	-.6666667	-.6862745	
  .0000368	-.6666667	-.7647059	
  .000037	-.5882353	-.7647059	
  .0000372	-.6666667	-.8039216	
  .0000374	-.5882353	-.8823529	
  .0000376	-.5882353	-.8823529	
  .0000378	-.5882353	-.8823529	
  .000038	-.5882353	-.9215686	
  .0000382	-.509804	-1	
  .0000384	-.509804	-.9607843	
  .0000386	-.5882353	-1.078431	
  .0000388	-.509804	-1.078431	
  .000039	-.509804	-1.078431	
  .0000392	-.509804	-1.156863	
  .0000394	-.509804	-1.196078	
  .0000396	-.509804	-1.235294	
  .0000398	-.4313726	-1.235294	
  .00004	-.4313726	-1.313725	
  .0000402	-.3529412	-1.313725	
  .0000404	-.2745098	-1.392157	
  .0000406	-.3529412	-1.392157	
  .0000408	-.2745098	-1.431373	
  .000041	-.4313726	-1.431373	
  .0000412	-.3529412	-1.509804	
  .0000414	-.2745098	-1.509804	
  .0000416	-.2745098	-1.54902	
  .0000418	-.2745098	-1.588235	
  .000042	-.1960784	-1.588235	
  .0000422	-.1960784	-1.627451	
  .0000424	-.2745098	-1.666667	
  .0000426	-.1176471	-1.705882	
  .0000428	-.1960784	-1.705882	
  .000043	-.1960784	-1.784314	
  .0000432	-.1176471	-1.784314	
  .0000434	-.1176471	-1.745098	
  .0000436	-.1176471	-1.862745	
  .0000438	-.1960784	-1.862745	
  .000044	-.1176471	-1.901961	
  .0000442	 3.921569E-02	-1.941176	
  .0000444	 3.921569E-02	-1.941176	
  .0000446	-.1176471	-1.980392	
  .0000448	-3.921569E-02	-2.019608	
  .000045	-3.921569E-02	-1.980392	
  .0000452	 3.921569E-02	-2.098039	
  .0000454	 3.921569E-02	-2.058824	
  .0000456	 .1176471	-2.098039	
  .0000458	 .1176471	-2.137255	
  .000046	-3.921569E-02	-2.098039	
  .0000462	 .1176471	-2.098039	
  .0000464	 3.921569E-02	-2.176471	
  .0000466	 .1176471	-2.215686	
  .0000468	 .1176471	-2.215686	
  .000047	 .1960784	-2.254902	
  .0000472	 .1176471	-2.254902	
  .0000474	 .1176471	-2.254902	
  .0000476	 .2745098	-2.254902	
  .0000478	 .1960784	-2.294118	
  .000048	 .2745098	-2.372549	
  .0000482	 .1960784	-2.333333	
  .0000484	 .2745098	-2.333333	
  .0000486	 .2745098	-2.411765	
  .0000488	 .2745098	-2.411765	
  .000049	 .3529412	-2.411765	
  .0000492	 .2745098	-2.45098	
  .0000494	 .3529412	-2.411765	
  .0000496	 .1960784	-2.490196	
  .0000498	 .3529412	-2.490196	
  .00005	 .3529412	-2.490196	
  .0000502	 .4313726	-2.529412	
  .0000504	 .4313726	-2.529412	
  .0000506	 .2745098	-2.568627	
  .0000508	 .4313726	-2.607843	
  .000051	 .3529412	-2.647059	
  .0000512	 .4313726	-2.568627	
  .0000514	 .509804	-2.607843	
  .0000516	 .4313726	-2.647059	
  .0000518	 .509804	-2.647059	
  .000052	 .509804	-2.686275	
  .0000522	 .509804	-2.686275	
  .0000524	 .5882353	-2.686275	
  .0000526	 .5882353	-2.686275	
  .0000528	 .6666667	-2.72549	
  .000053	 .6666667	-2.764706	
  .0000532	 .6666667	-2.72549	
  .0000534	 .7450981	-2.764706	
  .0000536	 .5882353	-2.72549	
  .0000538	 .5882353	-2.764706	
  .000054	 .5882353	-2.764706	
  .0000542	 .6666667	-2.764706	
  .0000544	 .7450981	-2.72549	
  .0000546	 .8235294	-2.764706	
  .0000548	 .8235294	-2.764706	
  .000055	 .7450981	-2.803921	
  .0000552	 .8235294	-2.764706	
  .0000554	 .8235294	-2.764706	
  .0000556	 .8235294	-2.803921	
  .0000558	 .9019608	-2.803921	
  .000056	 .9019608	-2.764706	
  .0000562	 .9803922	-2.764706	
  .0000564	 .9803922	-2.764706	
  .0000566	 1.058824	-2.843137	
  .0000568	 1.137255	-2.803921	
  .000057	 .9803922	-2.843137	
  .0000572	 1.058824	-2.843137	
  .0000574	 1.137255	-2.882353	
  .0000576	 1.137255	-2.843137	
  .0000578	 1.058824	-2.843137	
  .000058	 1.215686	-2.803921	
  .0000582	 1.137255	-2.882353	
  .0000584	 1.215686	-2.843137	
  .0000586	 1.294118	-2.803921	
  .0000588	 1.372549	-2.843137	
  .000059	 1.372549	-2.843137	
  .0000592	 1.372549	-2.764706	
  .0000594	 1.372549	-2.764706	
  .0000596	 1.372549	-2.803921	
  .0000598	 1.45098	-2.803921	
  .00006	 1.529412	-2.803921	
  .0000602	 1.607843	-2.803921	
  .0000604	 1.529412	-2.803921	
  .0000606	 1.607843	-2.764706	
  .0000608	 1.529412	-2.803921	
  .000061	 1.529412	-2.764706	
  .0000612	 1.529412	-2.803921	
  .0000614	 1.607843	-2.72549	
  .0000616	 1.607843	-2.72549	
  .0000618	 1.607843	-2.803921	
  .000062	 1.686275	-2.803921	
  .0000622	 1.607843	-2.764706	
  .0000624	 1.686275	-2.803921	
  .0000626	 1.686275	-2.72549	
  .0000628	 1.686275	-2.803921	
  .000063	 1.686275	-2.72549	
  .0000632	 1.686275	-2.764706	
  .0000634	 1.764706	-2.803921	
  .0000636	 1.686275	-2.764706	
  .0000638	 1.764706	-2.72549	
  .000064	 1.764706	-2.72549	
  .0000642	 1.764706	-2.686275	
  .0000644	 1.764706	-2.72549	
  .0000646	 1.686275	-2.686275	
  .0000648	 1.686275	-2.686275	
  .000065	 1.686275	-2.686275	
  .0000652	 1.686275	-2.72549	
  .0000654	 1.764706	-2.686275	
  .0000656	 1.764706	-2.647059	
  .0000658	 1.686275	-2.607843	
  .000066	 1.686275	-2.607843	
  .0000662	 1.686275	-2.568627	
  .0000664	 1.764706	-2.647059	
  .0000666	 1.843137	-2.647059	
  .0000668	 1.764706	-2.607843	
  .000067	 1.764706	-2.607843	
  .0000672	 1.764706	-2.607843	
  .0000674	 1.764706	-2.568627	
  .0000676	 1.764706	-2.568627	
  .0000678	 1.764706	-2.568627	
  .000068	 1.686275	-2.529412	
  .0000682	 1.764706	-2.568627	
  .0000684	 1.686275	-2.529412	
  .0000686	 1.686275	-2.45098	
  .0000688	 1.686275	-2.529412	
  .000069	 1.764706	-2.45098	
  .0000692	 1.686275	-2.45098	
  .0000694	 1.686275	-2.45098	
  .0000696	 1.686275	-2.411765	
  .0000698	 1.686275	-2.372549	
  .00007	 1.686275	-2.411765	
  .0000702	 1.686275	-2.372549	
  .0000704	 1.764706	-2.372549	
  .0000706	 1.764706	-2.372549	
  .0000708	 1.764706	-2.372549	
  .000071	 1.686275	-2.333333	
  .0000712	 1.764706	-2.294118	
  .0000714	 1.764706	-2.294118	
  .0000716	 1.607843	-2.254902	
  .0000718	 1.607843	-2.294118	
  .000072	 1.686275	-2.254902	
  .0000722	 1.686275	-2.254902	
  .0000724	 1.607843	-2.176471	
  .0000726	 1.764706	-2.176471	
  .0000728	 1.607843	-2.215686	
  .000073	 1.607843	-2.176471	
  .0000732	 1.686275	-2.137255	
  .0000734	 1.607843	-2.098039	
  .0000736	 1.764706	-2.098039	
  .0000738	 1.686275	-2.058824	
  .000074	 1.607843	-2.058824	
  .0000742	 1.686275	-2.058824	
  .0000744	 1.764706	-2.058824	
  .0000746	 1.686275	-2.019608	
  .0000748	 1.686275	-2.019608	
  .000075	 1.686275	-1.941176	
  .0000752	 1.686275	-1.941176	
  .0000754	 1.607843	-1.941176	
  .0000756	 1.529412	-1.941176	
  .0000758	 1.686275	-1.862745	
  .000076	 1.607843	-1.862745	
  .0000762	 1.686275	-1.862745	
  .0000764	 1.607843	-1.862745	
  .0000766	 1.607843	-1.784314	
  .0000768	 1.529412	-1.745098	
  .000077	 1.607843	-1.784314	
  .0000772	 1.529412	-1.745098	
  .0000774	 1.529412	-1.745098	
  .0000776	 1.607843	-1.705882	
  .0000778	 1.529412	-1.666667	
  .000078	 1.45098	-1.627451	
  .0000782	 1.607843	-1.627451	
  .0000784	 1.529412	-1.588235	
  .0000786	 1.529412	-1.54902	
  .0000788	 1.529412	-1.509804	
  .000079	 1.529412	-1.470588	
  .0000792	 1.529412	-1.509804	
  .0000794	 1.529412	-1.509804	
  .0000796	 1.45098	-1.470588	
  .0000798	 1.45098	-1.392157	
  .00008	 1.529412	-1.431373	
  .0000802	 1.45098	-1.392157	
  .0000804	 1.45098	-1.392157	
  .0000806	 1.372549	-1.352941	
  .0000808	 1.45098	-1.27451	
  .000081	 1.45098	-1.313725	
  .0000812	 1.45098	-1.235294	
  .0000814	 1.45098	-1.196078	
  .0000816	 1.45098	-1.156863	
  .0000818	 1.45098	-1.156863	
  .000082	 1.45098	-1.117647	
  .0000822	 1.45098	-1.117647	
  .0000824	 1.45098	-1.039216	
  .0000826	 1.372549	-1.039216	
  .0000828	 1.45098	-1	
  .000083	 1.372549	-1	
  .0000832	 1.372549	-1	
  .0000834	 1.372549	-.8823529	
  .0000836	 1.45098	-.9215686	
  .0000838	 1.372549	-.8823529	
  .000084	 1.372549	-.8431373	
  .0000842	 1.215686	-.8431373	
  .0000844	 1.294118	-.8039216	
  .0000846	 1.372549	-.7647059	
  .0000848	 1.294118	-.7254902	
  .000085	 1.294118	-.7254902	
  .0000852	 1.215686	-.7254902	
  .0000854	 1.294118	-.6470588	
  .0000856	 1.215686	-.6078432	
  .0000858	 1.215686	-.6078432	
  .000086	 1.215686	-.6078432	
  .0000862	 1.137255	-.5294118	
  .0000864	 1.215686	-.5294118	
  .0000866	 1.372549	-.4901961	
  .0000868	 1.215686	-.4509804	
  .000087	 1.215686	-.4509804	
  .0000872	 1.215686	-.4117647	
  .0000874	 1.294118	-.4117647	
  .0000876	 1.215686	-.372549	
  .0000878	 1.215686	-.254902	
  .000088	 1.137255	-.2941177	
  .0000882	 1.058824	-.254902	
  .0000884	 1.058824	-.254902	
  .0000886	 1.137255	-.2156863	
  .0000888	 1.137255	-.2156863	
  .000089	 1.137255	-.1764706	
  .0000892	 1.058824	-.1764706	
  .0000894	 .9803922	-.1372549	
  .0000896	 1.058824	-9.803922E-02	
  .0000898	 1.058824	-5.882353E-02	
  .00009	 .9803922	-5.882353E-02	
  .0000902	 .9803922	-1.960784E-02	
  .0000904	 1.058824	 1.960784E-02	
  .0000906	 .9803922	 5.882353E-02	
  .0000908	 .9803922	 5.882353E-02	
  .000091	 1.058824	 9.803922E-02	
  .0000912	 .9803922	 .1372549	
  .0000914	 .9803922	 9.803922E-02	
  .0000916	 .9019608	 .1764706	
  .0000918	 .9803922	 .1372549	
  .000092	 .9803922	 .1764706	
  .0000922	 .9019608	 .254902	
  .0000924	 1.058824	 .254902	
  .0000926	 .9019608	 .2941177	
  .0000928	 .9803922	 .3333333	
  .000093	 .9019608	 .372549	
  .0000932	 .9019608	 .372549	
  .0000934	 .9019608	 .4509804	
  .0000936	 .7450981	 .4509804	
  .0000938	 .8235294	 .4509804	
  .000094	 .8235294	 .4901961	
  .0000942	 .9019608	 .4901961	
  .0000944	 .9019608	 .5686275	
  .0000946	 .8235294	 .5686275	
  .0000948	 .8235294	 .6078432	
  .000095	 .8235294	 .6078432	
  .0000952	 .7450981	 .6470588	
  .0000954	 .7450981	 .6470588	
  .0000956	 .8235294	 .6862745	
  .0000958	 .6666667	 .7254902	
  .000096	 .7450981	 .7647059	
  .0000962	 .8235294	 .7647059	
  .0000964	 .6666667	 .7647059	
  .0000966	 .7450981	 .8431373	
  .0000968	 .7450981	 .8431373	
  .000097	 .7450981	 .8431373	
  .0000972	 .6666667	 .8431373	
  .0000974	 .6666667	 .9215686	
  .0000976	 .6666667	 .9607843	
  .0000978	 .5882353	 .9607843	
  .000098	 .5882353	 1.039216	
  .0000982	 .5882353	 1	
  .0000984	 .5882353	 1.039216	
  .0000986	 .5882353	 1.039216	
  .0000988	 .5882353	 1.078431	
  .000099	 .509804	 1.156863	
  .0000992	 .5882353	 1.156863	
  .0000994	 .5882353	 1.117647	
  .0000996	 .5882353	 1.196078	
  .0000998	 .5882353	 1.196078	
  .0001	 .509804	 1.235294	
  .0001002	 .509804	 1.196078	
  .0001004	 .4313726	 1.27451	
  .0001006	 .4313726	 1.27451	
  .0001008	 .509804	 1.27451	
  .000101	 .509804	 1.313725	
  .0001012	 .509804	 1.352941	
  .0001014	 .509804	 1.392157	
  .0001016	 .3529412	 1.392157	
  .0001018	 .3529412	 1.392157	
  .000102	 .3529412	 1.392157	
  .0001022	 .4313726	 1.470588	
  .0001024	 .3529412	 1.431373	
  .0001026	 .3529412	 1.509804	
  .0001028	 .3529412	 1.509804	
  .000103	 .4313726	 1.509804	
  .0001032	 .3529412	 1.509804	
  .0001034	 .2745098	 1.509804	
  .0001036	 .3529412	 1.509804	
  .0001038	 .3529412	 1.588235	
  .000104	 .2745098	 1.54902	
  .0001042	 .2745098	 1.588235	
  .0001044	 .2745098	 1.666667	
  .0001046	 .2745098	 1.666667	
  .0001048	 .2745098	 1.666667	
  .000105	 .1176471	 1.705882	
  .0001052	 .2745098	 1.705882	
  .0001054	 .1176471	 1.784314	
  .0001056	 .1176471	 1.745098	
  .0001058	 .1960784	 1.784314	
  .000106	 .1176471	 1.784314	
  .0001062	 3.921569E-02	 1.784314	
  .0001064	 .1960784	 1.784314	
  .0001066	 .1176471	 1.784314	
  .0001068	 .1176471	 1.784314	
  .000107	 .1176471	 1.862745	
  .0001072	 .1960784	 1.862745	
  .0001074	 .1176471	 1.784314	
  .0001076	 .1176471	 1.901961	
  .0001078	 .1176471	 1.941176	
  .000108	 3.921569E-02	 1.901961	
  .0001082	 3.921569E-02	 1.901961	
  .0001084	 3.921569E-02	 1.941176	
  .0001086	 3.921569E-02	 1.901961	
  .0001088	-3.921569E-02	 1.941176	
  .000109	-3.921569E-02	 1.980392	
  .0001092	-3.921569E-02	 1.980392	
  .0001094	-3.921569E-02	 1.980392	
  .0001096	-3.921569E-02	 1.980392	
  .0001098	-3.921569E-02	 1.941176	
  .00011	-3.921569E-02	 2.019608	
  .0001102	-.1176471	 2.019608	
  .0001104	-3.921569E-02	 2.019608	
  .0001106	-.1960784	 2.019608	
  .0001108	 3.921569E-02	 2.019608	
  .000111	-.1960784	 2.058824	
  .0001112	-.1960784	 2.058824	
  .0001114	-.1960784	 2.019608	
  .0001116	-.1176471	 2.058824	
  .0001118	-.1960784	 2.019608	
  .000112	-.1960784	 2.098039	
  .0001122	-.1960784	 2.098039	
  .0001124	-.1960784	 2.137255	
  .0001126	-.1960784	 2.137255	
  .0001128	-.2745098	 2.098039	
  .000113	-.2745098	 2.058824	
  .0001132	-.4313726	 1.941176	
  .0001134	-.5882353	 1.980392	
  .0001136	-.6666667	 1.941176	
  .0001138	-.7450981	 1.980392	
  .000114	-.7450981	 1.941176	
  .0001142	-.7450981	 1.980392	
  .0001144	-.9019608	 1.980392	
  .0001146	-.9019608	 1.941176	
  .0001148	-.9019608	 1.941176	
  .000115	-.9019608	 1.980392	
  .0001152	-.9019608	 1.980392	
  .0001154	-.9019608	 1.980392	
  .0001156	-.9803922	 2.019608	
  .0001158	-.9803922	 2.019608	
  .000116	-.9803922	 1.980392	
  .0001162	-.9803922	 1.980392	
  .0001164	-1.058824	 2.058824	
  .0001166	-.9803922	 2.019608	
  .0001168	-.9803922	 2.019608	
  .000117	-1.058824	 1.980392	
  .0001172	-1.058824	 2.058824	
  .0001174	-.9803922	 2.058824	
  .0001176	-1.137255	 2.058824	
  .0001178	-1.058824	 2.019608	
  .000118	-1.058824	 1.980392	
  .0001182	-1.058824	 2.019608	
  .0001184	-1.058824	 1.980392	
  .0001186	-1.215686	 2.058824	
  .0001188	-1.137255	 2.058824	
  .000119	-1.137255	 2.019608	
  .0001192	-1.058824	 1.980392	
  .0001194	-1.137255	 2.019608	
  .0001196	-1.137255	 2.019608	
  .0001198	-1.058824	 2.058824	
  .00012	-1.137255	 1.980392	
  .0001202	-1.137255	 2.058824	
  .0001204	-1.137255	 2.019608	
  .0001206	-1.137255	 2.058824	
  .0001208	-1.137255	 1.980392	
  .000121	-1.137255	 1.941176	
  .0001212	-1.215686	 1.980392	
  .0001214	-1.137255	 1.980392	
  .0001216	-1.058824	 1.941176	
  .0001218	-1.137255	 2.019608	
  .000122	-1.137255	 1.980392	
  .0001222	-1.137255	 1.980392	
  .0001224	-1.137255	 1.980392	
  .0001226	-1.215686	 1.980392	
  .0001228	-1.137255	 1.941176	
  .000123	-1.137255	 1.901961	
  .0001232	-1.058824	 1.901961	
  .0001234	-1.058824	 1.901961	
  .0001236	-1.137255	 1.901961	
  .0001238	-1.137255	 1.862745	
  .000124	-1.137255	 1.901961	
  .0001242	-1.137255	 1.901961	
  .0001244	-1.137255	 1.901961	
  .0001246	-1.137255	 1.862745	
  .0001248	-1.215686	 1.862745	
  .000125	-1.137255	 1.784314	
  .0001252	-1.215686	 1.901961	
  .0001254	-1.215686	 1.862745	
  .0001256	-1.137255	 1.823529	
  .0001258	-1.137255	 1.823529	
  .000126	-1.215686	 1.823529	
  .0001262	-1.137255	 1.784314	
  .0001264	-1.215686	 1.784314	
  .0001266	-1.137255	 1.745098	
  .0001268	-1.058824	 1.823529	
  .000127	-1.215686	 1.784314	
  .0001272	-1.137255	 1.745098	
  .0001274	-1.137255	 1.745098	
  .0001276	-1.137255	 1.745098	
  .0001278	-1.137255	 1.745098	
  .000128	-1.215686	 1.705882	
  .0001282	-1.215686	 1.666667	
  .0001284	-1.215686	 1.666667	
  .0001286	-1.137255	 1.666667	
  .0001288	-1.137255	 1.666667	
  .000129	-1.058824	 1.666667	
  .0001292	-1.215686	 1.666667	
  .0001294	-1.137255	 1.627451	
  .0001296	-1.058824	 1.627451	
  .0001298	-1.215686	 1.54902	
  .00013	-1.137255	 1.54902	
  .0001302	-1.215686	 1.54902	
  .0001304	-1.137255	 1.54902	
  .0001306	-1.058824	 1.588235	
  .0001308	-1.137255	 1.509804	
  .000131	-1.058824	 1.509804	
  .0001312	-1.137255	 1.470588	
  .0001314	-1.137255	 1.431373	
  .0001316	-1.058824	 1.509804	
  .0001318	-1.058824	 1.470588	
  .000132	-1.058824	 1.431373	
  .0001322	-1.137255	 1.431373	
  .0001324	-1.215686	 1.431373	
  .0001326	-1.058824	 1.431373	
  .0001328	-1.137255	 1.352941	
  .000133	-1.137255	 1.313725	
  .0001332	-1.137255	 1.313725	
  .0001334	-1.137255	 1.313725	
  .0001336	-1.137255	 1.27451	
  .0001338	-1.058824	 1.27451	
  .000134	-1.058824	 1.27451	
  .0001342	-1.058824	 1.313725	
  .0001344	-1.058824	 1.196078	
  .0001346	-1.215686	 1.196078	
  .0001348	-1.058824	 1.156863	
  .000135	-1.058824	 1.196078	
  .0001352	-.9803922	 1.196078	
  .0001354	-1.137255	 1.156863	
  .0001356	-1.058824	 1.117647	
  .0001358	-.9803922	 1.078431	
  .000136	-.9803922	 1.117647	
  .0001362	-1.058824	 1.078431	
  .0001364	-1.058824	 1.078431	
  .0001366	-1.058824	 1.078431	
  .0001368	-1.058824	 1	
  .000137	-1.058824	 1.039216	
  .0001372	-1.058824	 1.039216	
  .0001374	-.9803922	 1	
  .0001376	-1.058824	 1	
  .0001378	-1.058824	 .9215686	
  .000138	-.9803922	 .9215686	
  .0001382	-.9803922	 .9215686	
  .0001384	-1.058824	 .8823529	
  .0001386	-1.058824	 .8431373	
  .0001388	-.9803922	 .8431373	
  .000139	-.9019608	 .8039216	
  .0001392	-1.058824	 .8431373	
  .0001394	-.9803922	 .8039216	
  .0001396	-.9019608	 .7647059	
  .0001398	-.9803922	 .7254902	
  .00014	-.9019608	 .7254902	
  .0001402	-.9019608	 .7254902	
  .0001404	-.9803922	 .6862745	
  .0001406	-.9019608	 .6470588	
  .0001408	-.9803922	 .6470588	
  .000141	-.9019608	 .6862745	
  .0001412	-.9019608	 .6470588	
  .0001414	-.9019608	 .5686275	
  .0001416	-.9019608	 .6078432	
  .0001418	-.9019608	 .5686275	
  .000142	-.8235294	 .5686275	
  .0001422	-.8235294	 .5294118	
  .0001424	-.9019608	 .4901961	
  .0001426	-.7450981	 .5294118	
  .0001428	-.9019608	 .4509804	
  .000143	-.9019608	 .4117647	
  .0001432	-.7450981	 .372549	
  .0001434	-.8235294	 .372549	
  .0001436	-.9019608	 .3333333	
  .0001438	-.8235294	 .3333333	
  .000144	-.8235294	 .3333333	
  .0001442	-.7450981	 .254902	
  .0001444	-.8235294	 .2941177	
  .0001446	-.8235294	 .2156863	
  .0001448	-.8235294	 .2156863	
  .000145	-.7450981	 .1764706	
  .0001452	-.8235294	 .1764706	
  .0001454	-.7450981	 .1372549	
  .0001456	-.7450981	 .1372549	
  .0001458	-.7450981	 .1372549	
  .000146	-.7450981	 9.803922E-02	
  .0001462	-.6666667	 5.882353E-02	
  .0001464	-.6666667	 1.960784E-02	
  .0001466	-.7450981	 5.882353E-02	
  .0001468	-.7450981	 5.882353E-02	
  .000147	-.7450981	 1.960784E-02	
  .0001472	-.5882353	 1.960784E-02	
  .0001474	-.6666667	-1.960784E-02	
  .0001476	-.6666667	-5.882353E-02	
  .0001478	-.8235294	-9.803922E-02	
  .000148	-.6666667	-9.803922E-02	
  .0001482	-.6666667	-.1372549	
  .0001484	-.5882353	-9.803922E-02	
  .0001486	-.6666667	-.1764706	
  .0001488	-.6666667	-.1764706	
  .000149	-.6666667	-.1372549	
  .0001492	-.5882353	-.1764706	
  .0001494	-.5882353	-.2156863	
  .0001496	-.5882353	-.2941177	
  .0001498	-.6666667	-.2941177	
  .00015	-.5882353	-.2941177	
  .0001502	-.509804	-.2941177	
  .0001504	-.4313726	-.254902	
  .0001506	-.509804	-.3333333	
  .0001508	-.5882353	-.3333333	
  .000151	-.509804	-.4117647	
  .0001512	-.5882353	-.4117647	
  .0001514	-.509804	-.4509804	
  .0001516	-.509804	-.372549	
  .0001518	-.4313726	-.4509804	
  .000152	-.4313726	-.4509804	
  .0001522	-.4313726	-.4901961	
  .0001524	-.509804	-.4901961	
  .0001526	-.4313726	-.5294118	
  .0001528	-.4313726	-.5686275	
  .000153	-.4313726	-.5686275	
  .0001532	-.509804	-.5686275	
  .0001534	-.4313726	-.6078432	
  .0001536	-.4313726	-.6078432	
  .0001538	-.3529412	-.6078432	
  .000154	-.4313726	-.6470588	
  .0001542	-.4313726	-.6862745	
  .0001544	-.4313726	-.6862745	
  .0001546	-.509804	-.6862745	
  .0001548	-.3529412	-.6862745	
  .000155	-.3529412	-.6862745	
  .0001552	-.3529412	-.7647059	
  .0001554	-.3529412	-.7647059	
  .0001556	-.4313726	-.7647059	
  .0001558	-.3529412	-.8039216	
  .000156	-.4313726	-.8039216	
  .0001562	-.3529412	-.8431373	
  .0001564	-.2745098	-.8431373	
  .0001566	-.3529412	-.8823529	
  .0001568	-.2745098	-.8431373	
  .000157	-.2745098	-.8823529	
  .0001572	-.3529412	-.9215686	
  .0001574	-.2745098	-.9215686	
  .0001576	-.2745098	-.9607843	
  .0001578	-.3529412	-.9607843	
  .000158	-.2745098	-1	
  .0001582	-.2745098	-.9607843	
  .0001584	-.2745098	-1	
  .0001586	-.2745098	-1	
  .0001588	-.1960784	-.9607843	
  .000159	-.1176471	-1.039216	
  .0001592	-.1176471	-1.078431	
  .0001594	-.1960784	-1.039216	
  .0001596	-.1960784	-1.039216	
  .0001598	-.1960784	-1.039216	
  .00016	-.1960784	-1.078431	
  .0001602	-.1176471	-1.117647	
  .0001604	-.1176471	-1.117647	
  .0001606	-.1176471	-1.156863	
  .0001608	-.1176471	-1.156863	
  .000161	-.1960784	-1.117647	
  .0001612	-3.921569E-02	-1.196078	
  .0001614	-.1176471	-1.196078	
  .0001616	-.1176471	-1.196078	
  .0001618	-3.921569E-02	-1.196078	
  .000162	-.1176471	-1.196078	
  .0001622	-.1176471	-1.196078	
  .0001624	 3.921569E-02	-1.235294	
  .0001626	-3.921569E-02	-1.27451	
  .0001628	-3.921569E-02	-1.235294	
  .000163	 3.921569E-02	-1.27451	
  .0001632	 3.921569E-02	-1.27451	
  .0001634	-3.921569E-02	-1.235294	
  .0001636	-3.921569E-02	-1.235294	
  .0001638	 3.921569E-02	-1.313725	
  .000164	 3.921569E-02	-1.27451	
  .0001642	 .1176471	-1.27451	
  .0001644	 3.921569E-02	-1.27451	
  .0001646	 3.921569E-02	-1.27451	
  .0001648	 .1176471	-1.313725	
  .000165	 .1176471	-1.313725	
  .0001652	 3.921569E-02	-1.313725	
  .0001654	 .1176471	-1.352941	
  .0001656	 .1960784	-1.313725	
  .0001658	 .1960784	-1.352941	
  .000166	 3.921569E-02	-1.352941	
  .0001662	 .1176471	-1.352941	
  .0001664	 .1960784	-1.352941	
  .0001666	 .2745098	-1.352941	
  .0001668	 .1176471	-1.392157	
  .000167	 .1960784	-1.392157	
  .0001672	 .1960784	-1.392157	
  .0001674	 .1176471	-1.431373	
  .0001676	 .1176471	-1.431373	
  .0001678	 .1960784	-1.431373	
  .000168	 .2745098	-1.431373	
  .0001682	 .1960784	-1.431373	
  .0001684	 .1960784	-1.470588	
  .0001686	 .1960784	-1.431373	
  .0001688	 .1960784	-1.431373	
  .000169	 .2745098	-1.431373	
  .0001692	 .3529412	-1.470588	
  .0001694	 .2745098	-1.470588	
  .0001696	 .2745098	-1.470588	
  .0001698	 .3529412	-1.431373	
  .00017	 .4313726	-1.352941	
  .0001702	 .6666667	-1.352941	
  .0001704	 .7450981	-1.352941	
  .0001706	 .6666667	-1.352941	
  .0001708	 .7450981	-1.352941	
  .000171	 .8235294	-1.352941	
  .0001712	 .9019608	-1.392157	
  .0001714	 .9019608	-1.352941	
  .0001716	 .9019608	-1.392157	
  .0001718	 .8235294	-1.352941	
  .000172	 .9019608	-1.392157	
  .0001722	 .9803922	-1.392157	
  .0001724	 .9803922	-1.431373	
  .0001726	 .9803922	-1.352941	
  .0001728	 .9803922	-1.392157	
  .000173	 .9019608	-1.392157	
  .0001732	 .9803922	-1.392157	
  .0001734	 .9803922	-1.392157	
  .0001736	 1.058824	-1.392157	
  .0001738	 .9803922	-1.392157	
  .000174	 1.058824	-1.352941	
  .0001742	 1.058824	-1.352941	
  .0001744	 .9803922	-1.392157	
  .0001746	 .9803922	-1.431373	
  .0001748	 1.137255	-1.352941	
  .000175	 1.058824	-1.392157	
  .0001752	 1.137255	-1.392157	
  .0001754	 1.058824	-1.392157	
  .0001756	 1.137255	-1.392157	
  .0001758	 .9803922	-1.392157	
  .000176	 .9803922	-1.392157	
  .0001762	 1.058824	-1.431373	
  .0001764	 1.058824	-1.352941	
  .0001766	 1.058824	-1.352941	
  .0001768	 1.137255	-1.352941	
  .000177	 1.058824	-1.392157	
  .0001772	 1.058824	-1.392157	
  .0001774	 1.058824	-1.392157	
  .0001776	 1.058824	-1.352941	
  .0001778	 1.058824	-1.392157	
  .000178	 1.058824	-1.392157	
  .0001782	 1.058824	-1.313725	
  .0001784	 1.058824	-1.352941	
  .0001786	 .9803922	-1.313725	
  .0001788	 1.058824	-1.392157	
  .000179	 1.058824	-1.352941	
  .0001792	 1.137255	-1.313725	
  .0001794	 1.137255	-1.313725	
  .0001796	 1.058824	-1.352941	
  .0001798	 1.058824	-1.27451	
  .00018	 1.137255	-1.313725	
  .0001802	 1.215686	-1.313725	
  .0001804	 1.137255	-1.313725	
  .0001806	 1.137255	-1.27451	
  .0001808	 1.058824	-1.313725	
  .000181	 1.058824	-1.313725	
  .0001812	 1.137255	-1.313725	
  .0001814	 1.137255	-1.27451	
  .0001816	 1.137255	-1.27451	
  .0001818	 1.058824	-1.27451	
  .000182	 1.137255	-1.27451	
  .0001822	 1.137255	-1.27451	
  .0001824	 1.058824	-1.235294	
  .0001826	 1.058824	-1.235294	
  .0001828	 1.058824	-1.27451	
  .000183	 1.137255	-1.235294	
  .0001832	 1.058824	-1.235294	
  .0001834	 1.058824	-1.235294	
  .0001836	 1.137255	-1.196078	
  .0001838	 1.058824	-1.235294	
  .000184	 1.058824	-1.235294	
  .0001842	 1.058824	-1.156863	
  .0001844	 1.137255	-1.196078	
  .0001846	 .9803922	-1.156863	
  .0001848	 1.058824	-1.156863	
  .000185	 1.058824	-1.156863	
  .0001852	 .9803922	-1.156863	
  .0001854	 1.137255	-1.156863	
  .0001856	 1.215686	-1.156863	
  .0001858	 1.058824	-1.117647	
  .000186	 1.058824	-1.156863	
  .0001862	 1.137255	-1.078431	
  .0001864	 1.137255	-1.078431	
  .0001866	 1.058824	-1.078431	
  .0001868	 1.058824	-1.039216	
  .000187	 1.058824	-1.078431	
  .0001872	 .9803922	-1.078431	
  .0001874	 1.058824	-1.078431	
  .0001876	 1.058824	-1.039216	
  .0001878	 1.058824	-1.039216	
  .000188	 1.137255	-1	
  .0001882	 .9803922	-1	
  .0001884	 1.058824	-1	
  .0001886	 1.058824	-1	
  .0001888	 1.058824	-1	
  .000189	 .9803922	-.9215686	
  .0001892	 .9803922	-.9607843	
  .0001894	 .9803922	-.9607843	
  .0001896	 1.058824	-.9607843	
  .0001898	 .9803922	-.9215686	
  .00019	 1.215686	-.9215686	
  .0001902	 1.058824	-.9215686	
  .0001904	 .9803922	-.8823529	
  .0001906	 .9803922	-.8823529	
  .0001908	 1.058824	-.8431373	
  .000191	 1.058824	-.8823529	
  .0001912	 1.058824	-.8039216	
  .0001914	 1.137255	-.8039216	
  .0001916	 1.058824	-.8431373	
  .0001918	 .9803922	-.8039216	
  .000192	 1.137255	-.7647059	
  .0001922	 1.058824	-.7647059	
  .0001924	 1.058824	-.7647059	
  .0001926	 .9803922	-.7647059	
  .0001928	 .9803922	-.7254902	
  .000193	 .9803922	-.7254902	
  .0001932	 .9803922	-.7647059	
  .0001934	 .9803922	-.6862745	
  .0001936	 1.058824	-.6862745	
  .0001938	 1.058824	-.6470588	
  .000194	 1.058824	-.6862745	
  .0001942	 .9803922	-.6862745	
  .0001944	 .9019608	-.6862745	
  .0001946	 .9803922	-.6078432	
  .0001948	 .9019608	-.6078432	
  .000195	 .9019608	-.6078432	
  .0001952	 .9803922	-.6078432	
  .0001954	 .9803922	-.5686275	
  .0001956	 .9019608	-.5686275	
  .0001958	 .9019608	-.5686275	
  .000196	 .9803922	-.5686275	
  .0001962	 .9803922	-.5686275	
  .0001964	 .9803922	-.4901961	
  .0001966	 .9019608	-.4509804	
  .0001968	 .9019608	-.4901961	
  .000197	 .9803922	-.5294118	
  .0001972	 .9803922	-.4901961	
  .0001974	 .8235294	-.4509804	
  .0001976	 .8235294	-.4509804	
  .0001978	 .8235294	-.4117647	
  .000198	 .9019608	-.372549	
  .0001982	 .9019608	-.372549	
  .0001984	 .9019608	-.372549	
  .0001986	 .9019608	-.372549	
  .0001988	 .9019608	-.372549	
  .000199	 .8235294	-.3333333	
  .0001992	 .9019608	-.372549	
  .0001994	 .8235294	-.3333333	
  .0001996	 .8235294	-.2941177	
  .0001998	 .8235294	-.2941177	
  .0002	 .9019608	-.2941177	
  .0002002	 .9019608	-.254902	
  .0002004	 .9019608	-.2156863	
  .0002006	 .8235294	-.2156863	
  .0002008	 .9019608	-.2156863	
  .000201	 .9019608	-.254902	
  .0002012	 .9019608	-.2156863	
  .0002014	 .8235294	-.1372549	
  .0002016	 .8235294	-.1764706	
  .0002018	 .8235294	-.1372549	
  .000202	 .8235294	-.1372549	
  .0002022	 .7450981	-9.803922E-02	
  .0002024	 .7450981	-9.803922E-02	
  .0002026	 .8235294	-.1764706	
  .0002028	 .8235294	-9.803922E-02	
  .000203	 .8235294	-9.803922E-02	
  .0002032	 .7450981	-1.960784E-02	
  .0002034	 .8235294	-1.960784E-02	
  .0002036	 .8235294	-1.960784E-02	
  .0002038	 .6666667	-1.960784E-02	
  .000204	 .7450981	-1.960784E-02	
  .0002042	 .8235294	-1.960784E-02	
  .0002044	 .7450981	 1.960784E-02	
  .0002046	 .6666667	 5.882353E-02	
  .0002048	 .6666667	 1.960784E-02	
  .000205	 .6666667	 1.960784E-02	
  .0002052	 .7450981	 .1372549	
  .0002054	 .7450981	 5.882353E-02	
  .0002056	 .6666667	 .1372549	
  .0002058	 .7450981	 .1372549	
  .000206	 .8235294	 .1372549	
  .0002062	 .7450981	 .1764706	
  .0002064	 .7450981	 .1372549	
  .0002066	 .7450981	 .254902	
  .0002068	 .6666667	 .1764706	
  .000207	 .7450981	 .1372549	
  .0002072	 .5882353	 .2156863	
  .0002074	 .6666667	 .2156863	
  .0002076	 .6666667	 .2156863	
  .0002078	 .5882353	 .2156863	
  .000208	 .5882353	 .254902	
  .0002082	 .6666667	 .2941177	
  .0002084	 .5882353	 .254902	
  .0002086	 .6666667	 .254902	
  .0002088	 .5882353	 .2941177	
  .000209	 .5882353	 .3333333	
  .0002092	 .5882353	 .2941177	
  .0002094	 .5882353	 .372549	
  .0002096	 .5882353	 .3333333	
  .0002098	 .7450981	 .372549	
  .00021	 .5882353	 .372549	
  .0002102	 .5882353	 .372549	
  .0002104	 .5882353	 .372549	
  .0002106	 .509804	 .4117647	
  .0002108	 .5882353	 .372549	
  .000211	 .5882353	 .4901961	
  .0002112	 .5882353	 .4509804	
  .0002114	 .509804	 .4509804	
  .0002116	 .509804	 .4509804	
  .0002118	 .5882353	 .4901961	
  .000212	 .509804	 .4901961	
  .0002122	 .509804	 .5294118	
  .0002124	 .4313726	 .5294118	
  .0002126	 .4313726	 .5294118	
  .0002128	 .4313726	 .5686275	
  .000213	 .4313726	 .5294118	
  .0002132	 .509804	 .6078432	
  .0002134	 .4313726	 .6078432	
  .0002136	 .5882353	 .5686275	
  .0002138	 .4313726	 .5686275	
  .000214	 .4313726	 .6078432	
  .0002142	 .4313726	 .5686275	
  .0002144	 .509804	 .6078432	
  .0002146	 .3529412	 .6470588	
  .0002148	 .4313726	 .6470588	
  .000215	 .4313726	 .6470588	
  .0002152	 .4313726	 .6470588	
  .0002154	 .3529412	 .6862745	
  .0002156	 .3529412	 .6862745	
  .0002158	 .4313726	 .6862745	
  .000216	 .3529412	 .6862745	
  .0002162	 .3529412	 .7254902	
  .0002164	 .3529412	 .7254902	
  .0002166	 .3529412	 .7647059	
  .0002168	 .1960784	 .7647059	
  .000217	 .3529412	 .7254902	
  .0002172	 .3529412	 .7647059	
  .0002174	 .2745098	 .7254902	
  .0002176	 .2745098	 .8039216	
  .0002178	 .3529412	 .8431373	
  .000218	 .2745098	 .7647059	
  .0002182	 .2745098	 .7647059	
  .0002184	 .2745098	 .8039216	
  .0002186	 .4313726	 .8039216	
  .0002188	 .3529412	 .8431373	
  .000219	 .3529412	 .8431373	
  .0002192	 .2745098	 .8431373	
  .0002194	 .1960784	 .8039216	
  .0002196	 .2745098	 .8431373	
  .0002198	 .2745098	 .8431373	
  .00022	 .1960784	 .8823529	
  .0002202	 .3529412	 .9215686	
  .0002204	 .1960784	 .8823529	
  .0002206	 .2745098	 .8431373	
  .0002208	 .2745098	 .9215686	
  .000221	 .1960784	 .9215686	
  .0002212	 .2745098	 .9215686	
  .0002214	 .1960784	 .9607843	
  .0002216	 .1960784	 .9215686	
  .0002218	 .1176471	 .9607843	
  .000222	 .1176471	 .9215686	
  .0002222	 .1176471	 .9215686	
  .0002224	 .1960784	 .9607843	
  .0002226	 .1960784	 .9607843	
  .0002228	 .1176471	 .9215686	
  .000223	 .1176471	 .9607843	
  .0002232	 .1176471	 1	
  .0002234	 .1176471	 1	
  .0002236	 .1176471	 1	
  .0002238	 .1176471	 1	
  .000224	 .1176471	 1	
  .0002242	 3.921569E-02	 1.039216	
  .0002244	 .1176471	 1.039216	
  .0002246	 .1176471	 .9607843	
  .0002248	 3.921569E-02	 1	
  .000225	 3.921569E-02	 1.039216	
  .0002252	 .1176471	 1	
  .0002254	 3.921569E-02	 1.039216	
  .0002256	 3.921569E-02	 1.039216	
  .0002258	 .1176471	 1.039216	
  .000226	 .1176471	 1	
  .0002262	 .1176471	 1.039216	
  .0002264	-3.921569E-02	 1.117647	
  .0002266	 3.921569E-02	 1.078431	
  .0002268	-.1960784	 .9215686	
  .000227	-.2745098	 .8823529	
  .0002272	-.3529412	 .9607843	
  .0002274	-.2745098	 .9215686	
  .0002276	-.4313726	 .9607843	
  .0002278	-.4313726	 .9215686	
  .000228	-.5882353	 .9607843	
  .0002282	-.5882353	 1	
  .0002284	-.509804	 .9215686	
  .0002286	-.509804	 .9215686	
  .0002288	-.5882353	 .8823529	
  .000229	-.5882353	 .9215686	
  .0002292	-.6666667	 .8823529	
  .0002294	-.7450981	 .9607843	
  .0002296	-.5882353	 .9607843	
  .0002298	-.5882353	 .9607843	
  .00023	-.6666667	 .9607843	
  .0002302	-.5882353	 .9215686	
  .0002304	-.7450981	 .9215686	
  .0002306	-.5882353	 .9215686	
  .0002308	-.7450981	 .9607843	
  .000231	-.5882353	 .9607843	
  .0002312	-.6666667	 .9607843	
  .0002314	-.6666667	 1	
  .0002316	-.7450981	 .9607843	
  .0002318	-.7450981	 .8823529	
  .000232	-.6666667	 .9607843	
  .0002322	-.7450981	 .9607843	
  .0002324	-.8235294	 .9607843	
  .0002326	-.7450981	 1	
  .0002328	-.7450981	 .9215686	
  .000233	-.7450981	 .9607843	
  .0002332	-.7450981	 .9607843	
  .0002334	-.6666667	 .9215686	
  .0002336	-.7450981	 .9607843	
  .0002338	-.7450981	 .9215686	
  .000234	-.7450981	 .9215686	
  .0002342	-.7450981	 .9215686	
  .0002344	-.6666667	 .9607843	
  .0002346	-.7450981	 .9215686	
  .0002348	-.6666667	 .9215686	
  .000235	-.6666667	 .9215686	
  .0002352	-.7450981	 .9215686	
  .0002354	-.7450981	 .9607843	
  .0002356	-.6666667	 .9215686	
  .0002358	-.7450981	 .9215686	
  .000236	-.8235294	 .9607843	
  .0002362	-.6666667	 1	
  .0002364	-.7450981	 .9215686	
  .0002366	-.6666667	 .9215686	
  .0002368	-.7450981	 .8823529	
  .000237	-.7450981	 .9215686	
  .0002372	-.6666667	 .9215686	
  .0002374	-.7450981	 .9215686	
  .0002376	-.7450981	 .9215686	
  .0002378	-.6666667	 .8823529	
  .000238	-.7450981	 .9215686	
  .0002382	-.7450981	 .9215686	
  .0002384	-.6666667	 .8823529	
  .0002386	-.6666667	 .8823529	
  .0002388	-.7450981	 .8823529	
  .000239	-.7450981	 .8823529	
  .0002392	-.7450981	 .8823529	
  .0002394	-.7450981	 .8823529	
  .0002396	-.6666667	 .8823529	
  .0002398	-.8235294	 .8431373	
  .00024	-.7450981	 .9215686	
  .0002402	-.6666667	 .8823529	
  .0002404	-.6666667	 .8039216	
  .0002406	-.7450981	 .8823529	
  .0002408	-.7450981	 .8431373	
  .000241	-.6666667	 .8431373	
  .0002412	-.7450981	 .8431373	
  .0002414	-.7450981	 .8431373	
  .0002416	-.7450981	 .8039216	
  .0002418	-.7450981	 .8431373	
  .000242	-.6666667	 .8039216	
  .0002422	-.6666667	 .8039216	
  .0002424	-.7450981	 .8039216	
  .0002426	-.7450981	 .7647059	
  .0002428	-.7450981	 .8039216	
  .000243	-.6666667	 .8431373	
  .0002432	-.6666667	 .8039216	
  .0002434	-.6666667	 .7647059	
  .0002436	-.6666667	 .7647059	
  .0002438	-.6666667	 .7647059	
  .000244	-.7450981	 .7647059	
  .0002442	-.6666667	 .8039216	
  .0002444	-.6666667	 .6862745	
  .0002446	-.6666667	 .7254902	
  .0002448	-.6666667	 .7254902	
  .000245	-.5882353	 .6862745	
  .0002452	-.5882353	 .7647059	
  .0002454	-.6666667	 .7254902	
  .0002456	-.5882353	 .6862745	
  .0002458	-.6666667	 .7254902	
  .000246	-.7450981	 .7254902	
  .0002462	-.6666667	 .7254902	
  .0002464	-.6666667	 .6862745	
  .0002466	-.6666667	 .6862745	
  .0002468	-.7450981	 .6470588	
  .000247	-.6666667	 .6862745	
  .0002472	-.6666667	 .6078432	
  .0002474	-.6666667	 .6470588	
  .0002476	-.6666667	 .6470588	
  .0002478	-.6666667	 .6470588	
  .000248	-.6666667	 .6078432	
  .0002482	-.6666667	 .6078432	
  .0002484	-.7450981	 .6078432	
  .0002486	-.6666667	 .6078432	
  .0002488	-.5882353	 .5686275	
  .000249	-.6666667	 .5294118	
  .0002492	-.6666667	 .5686275	
  .0002494	-.5882353	 .5686275	
  .0002496	-.5882353	 .5686275	
  .0002498	-.6666667	 .5294118	
  .00025	-.6666667	 .4901961	
  .0002502	-.6666667	 .5294118	
  .0002504	-.5882353	 .4901961	
  .0002506	-.6666667	 .5686275	
  .0002508	-.5882353	 .5294118	
  .000251	-.6666667	 .5294118	
  .0002512	-.6666667	 .4509804	
  .0002514	-.6666667	 .4901961	
  .0002516	-.6666667	 .4117647	
  .0002518	-.6666667	 .4509804	
  .000252	-.6666667	 .4509804	
  .0002522	-.6666667	 .4509804	
  .0002524	-.6666667	 .4509804	
  .0002526	-.5882353	 .4117647	
  .0002528	-.509804	 .4509804	
  .000253	-.6666667	 .4117647	
  .0002532	-.6666667	 .4117647	
  .0002534	-.5882353	 .372549	
  .0002536	-.5882353	 .4117647	
  .0002538	-.5882353	 .372549	
  .000254	-.6666667	 .372549	
  .0002542	-.5882353	 .372549	
  .0002544	-.5882353	 .372549	
  .0002546	-.509804	 .372549	
  .0002548	-.5882353	 .3333333	
  .000255	-.5882353	 .372549	
  .0002552	-.5882353	 .372549	
  .0002554	-.509804	 .2941177	
  .0002556	-.5882353	 .2941177	
  .0002558	-.509804	 .3333333	
  .000256	-.5882353	 .3333333	
  .0002562	-.6666667	 .2941177	
  .0002564	-.5882353	 .254902	
  .0002566	-.509804	 .2156863	
  .0002568	-.509804	 .2156863	
  .000257	-.4313726	 .254902	
  .0002572	-.5882353	 .2156863	
  .0002574	-.5882353	 .254902	
  .0002576	-.5882353	 .2156863	
  .0002578	-.6666667	 .2156863	
  .000258	-.509804	 .1764706	
  .0002582	-.4313726	 .1764706	
  .0002584	-.509804	 .2156863	
  .0002586	-.509804	 .1764706	
  .0002588	-.509804	 .1764706	
  .000259	-.5882353	 .1764706	
  .0002592	-.509804	 .1764706	
  .0002594	-.509804	 9.803922E-02	
  .0002596	-.509804	 5.882353E-02	
  .0002598	-.509804	 .1372549	
  .00026	-.509804	 9.803922E-02	
  .0002602	-.509804	 9.803922E-02	
  .0002604	-.509804	 9.803922E-02	
  .0002606	-.4313726	 5.882353E-02	
  .0002608	-.509804	-1.960784E-02	
  .000261	-.509804	 5.882353E-02	
  .0002612	-.4313726	 1.960784E-02	
  .0002614	-.4313726	 1.960784E-02	
  .0002616	-.509804	-1.960784E-02	
  .0002618	-.509804	-5.882353E-02	
  .000262	-.3529412	-5.882353E-02	
  .0002622	-.4313726	-1.960784E-02	
  .0002624	-.509804	-5.882353E-02	
  .0002626	-.4313726	-1.960784E-02	
  .0002628	-.4313726	-1.960784E-02	
  .000263	-.4313726	-5.882353E-02	
  .0002632	-.509804	-9.803922E-02	
  .0002634	-.4313726	-5.882353E-02	
  .0002636	-.4313726	-9.803922E-02	
  .0002638	-.4313726	-5.882353E-02	
  .000264	-.4313726	-5.882353E-02	
  .0002642	-.3529412	-9.803922E-02	
  .0002644	-.4313726	-.1372549	
  .0002646	-.3529412	-9.803922E-02	
  .0002648	-.3529412	-.1764706	
  .000265	-.4313726	-.1372549	
  .0002652	-.4313726	-.1372549	
  .0002654	-.2745098	-.1372549	
  .0002656	-.4313726	-.1372549	
  .0002658	-.3529412	-.1372549	
  .000266	-.4313726	-9.803922E-02	
  .0002662	-.3529412	-.1372549	
  .0002664	-.3529412	-.2156863	
  .0002666	-.3529412	-.2156863	
  .0002668	-.3529412	-.2156863	
  .000267	-.4313726	-.2156863	
  .0002672	-.4313726	-.2156863	
  .0002674	-.3529412	-.254902	
  .0002676	-.2745098	-.2156863	
  .0002678	-.4313726	-.2156863	
  .000268	-.2745098	-.2941177	
  .0002682	-.2745098	-.254902	
  .0002684	-.4313726	-.254902	
  .0002686	-.4313726	-.3333333	
  .0002688	-.3529412	-.2941177	
  .000269	-.3529412	-.2941177	
  .0002692	-.1960784	-.2941177	
  .0002694	-.3529412	-.254902	
  .0002696	-.3529412	-.2941177	
  .0002698	-.3529412	-.2941177	
  .00027	-.2745098	-.3333333	
  .0002702	-.2745098	-.372549	
  .0002704	-.2745098	-.2941177	
  .0002706	-.1960784	-.2941177	
  .0002708	-.2745098	-.3333333	
  .000271	-.2745098	-.3333333	
  .0002712	-.3529412	-.3333333	
  .0002714	-.2745098	-.372549	
  .0002716	-.2745098	-.372549	
  .0002718	-.2745098	-.4117647	
  .000272	-.2745098	-.3333333	
  .0002722	-.2745098	-.372549	
  .0002724	-.1960784	-.4117647	
  .0002726	-.2745098	-.372549	
  .0002728	-.2745098	-.4117647	
  .000273	-.1960784	-.372549	
  .0002732	-.2745098	-.4509804	
  .0002734	-.1960784	-.4117647	
  .0002736	-.1960784	-.4901961	
  .0002738	-.1960784	-.4117647	
  .000274	-.1960784	-.4901961	
  .0002742	-.1176471	-.4901961	
  .0002744	-.1960784	-.4901961	
  .0002746	-.1176471	-.4509804	
  .0002748	-.1960784	-.4509804	
  .000275	-.2745098	-.4901961	
  .0002752	-.1176471	-.4901961	
  .0002754	-.1176471	-.4901961	
  .0002756	-.1176471	-.4509804	
  .0002758	-.1960784	-.4509804	
  .000276	-.1960784	-.4901961	
  .0002762	-.1176471	-.5294118	
  .0002764	-.1960784	-.5294118	
  .0002766	-.1176471	-.5294118	
  .0002768	-.1960784	-.5294118	
  .000277	-.1960784	-.4901961	
  .0002772	-.1176471	-.4901961	
  .0002774	-.1960784	-.5294118	
  .0002776	-.1176471	-.5294118	
  .0002778	-.1176471	-.5294118	
  .000278	-3.921569E-02	-.5294118	
  .0002782	-.1176471	-.5686275	
  .0002784	-.1960784	-.5686275	
  .0002786	-3.921569E-02	-.5686275	
  .0002788	-.1176471	-.6078432	
  .000279	-.1176471	-.6078432	
  .0002792	 3.921569E-02	-.5686275	
  .0002794	-3.921569E-02	-.5686275	
  .0002796	-3.921569E-02	-.5686275	
  .0002798	-.1176471	-.6078432	
  .00028	-3.921569E-02	-.6078432	
  .0002802	-3.921569E-02	-.6078432	
  .0002804	-3.921569E-02	-.6078432	
  .0002806	-3.921569E-02	-.6470588	
  .0002808	 3.921569E-02	-.6470588	
  .000281	 3.921569E-02	-.6078432	
  .0002812	 3.921569E-02	-.6078432	
  .0002814	-3.921569E-02	-.6470588	
  .0002816	 3.921569E-02	-.6470588	
  .0002818	 3.921569E-02	-.6862745	
  .000282	-3.921569E-02	-.6078432	
  .0002822	-3.921569E-02	-.6470588	
  .0002824	 3.921569E-02	-.6078432	
  .0002826	 .1176471	-.6078432	
  .0002828	 3.921569E-02	-.6470588	
  .000283	-3.921569E-02	-.6470588	
  .0002832	 3.921569E-02	-.6470588	
  .0002834	 .1176471	-.6862745	
  .0002836	 .1176471	-.6862745	
  .0002838	 3.921569E-02	-.6470588	
  .000284	 .2745098	-.4509804	
  .0002842	 .2745098	-.5294118	
  .0002844	 .3529412	-.4901961	
  .0002846	 .4313726	-.5686275	
  .0002848	 .509804	-.5294118	
  .000285	 .4313726	-.5294118	
  .0002852	 .5882353	-.4901961	
  .0002854	 .5882353	-.5294118	
  .0002856	 .5882353	-.5294118	
  .0002858	 .6666667	-.4901961	
  .000286	 .6666667	-.5294118	
  .0002862	 .5882353	-.5686275	
  .0002864	 .5882353	-.5294118	
  .0002866	 .6666667	-.5294118	
  .0002868	 .6666667	-.5294118	
  .000287	 .5882353	-.4901961	
  .0002872	 .7450981	-.5686275	
  .0002874	 .8235294	-.5294118	
  .0002876	 .7450981	-.5686275	
  .0002878	 .7450981	-.5294118	
  .000288	 .7450981	-.5686275	
  .0002882	 .7450981	-.5294118	
  .0002884	 .7450981	-.5294118	
  .0002886	 .7450981	-.5294118	
  .0002888	 .6666667	-.5294118	
  .000289	 .9019608	-.5686275	
  .0002892	 .7450981	-.5686275	
  .0002894	 .6666667	-.5294118	
  .0002896	 .6666667	-.5686275	
  .0002898	 .7450981	-.5686275	
  .00029	 .7450981	-.5686275	
  .0002902	 .7450981	-.5294118	
  .0002904	 .8235294	-.5294118	
  .0002906	 .7450981	-.5294118	
  .0002908	 .7450981	-.5686275	
  .000291	 .6666667	-.5686275	
  .0002912	 .6666667	-.5686275	
  .0002914	 .7450981	-.5686275	
  .0002916	 .7450981	-.6078432	
  .0002918	 .7450981	-.5294118	
  .000292	 .7450981	-.5686275	
  .0002922	 .6666667	-.5686275	
  .0002924	 .7450981	-.5294118	
  .0002926	 .7450981	-.5294118	
  .0002928	 .8235294	-.5294118	
  .000293	 .6666667	-.5294118	
  .0002932	 .7450981	-.5686275	
  .0002934	 .7450981	-.5294118	
  .0002936	 .6666667	-.5294118	
  .0002938	 .6666667	-.4901961	
  .000294	 .6666667	-.4901961	
  .0002942	 .7450981	-.5686275	
  .0002944	 .7450981	-.5294118	
  .0002946	 .6666667	-.4901961	
  .0002948	 .6666667	-.5294118	
  .000295	 .6666667	-.5686275	
  .0002952	 .6666667	-.5294118	
  .0002954	 .7450981	-.5294118	
  .0002956	 .7450981	-.4901961	
  .0002958	 .5882353	-.5294118	
  .000296	 .7450981	-.5294118	
  .0002962	 .8235294	-.5294118	
  .0002964	 .7450981	-.5294118	
  .0002966	 .6666667	-.4901961	
  .0002968	 .6666667	-.4509804	
  .000297	 .7450981	-.4509804	
  .0002972	 .6666667	-.5294118	
  .0002974	 .6666667	-.4901961	
  .0002976	 .6666667	-.4509804	
  .0002978	 .7450981	-.5294118	
  .000298	 .7450981	-.4509804	
  .0002982	 .6666667	-.4901961	
  .0002984	 .5882353	-.4901961	
  .0002986	 .6666667	-.4901961	
  .0002988	 .6666667	-.4901961	
  .000299	 .8235294	-.4901961	
  .0002992	 .7450981	-.4509804	
  .0002994	 .7450981	-.4509804	
  .0002996	 .7450981	-.4509804	
  .0002998	 .8235294	-.4901961	
  .0003	 .7450981	-.4509804	
  .0003002	 .7450981	-.4117647	
  .0003004	 .7450981	-.4901961	
  .0003006	 .7450981	-.4117647	
  .0003008	 .7450981	-.4509804	
  .000301	 .6666667	-.4509804	
  .0003012	 .6666667	-.4509804	
  .0003014	 .7450981	-.4509804	
  .0003016	 .6666667	-.4509804	
  .0003018	 .7450981	-.4117647	
  .000302	 .6666667	-.4901961	
  .0003022	 .7450981	-.4117647	
  .0003024	 .6666667	-.4117647	
  .0003026	 .7450981	-.372549	
  .0003028	 .6666667	-.372549	
  .000303	 .6666667	-.4509804	
  .0003032	 .7450981	-.4117647	
  .0003034	 .6666667	-.372549	
  .0003036	 .6666667	-.372549	
  .0003038	 .6666667	-.372549	
  .000304	 .6666667	-.4117647	
  .0003042	 .7450981	-.372549	
  .0003044	 .7450981	-.372549	
  .0003046	 .6666667	-.372549	
  .0003048	 .7450981	-.372549	
  .000305	 .6666667	-.372549	
  .0003052	 .7450981	-.3333333	
  .0003054	 .7450981	-.372549	
  .0003056	 .6666667	-.254902	
  .0003058	 .7450981	-.3333333	
  .000306	 .7450981	-.372549	
  .0003062	 .6666667	-.372549	
  .0003064	 .6666667	-.372549	
  .0003066	 .5882353	-.3333333	
  .0003068	 .6666667	-.2941177	
  .000307	 .6666667	-.2941177	
  .0003072	 .6666667	-.3333333	
  .0003074	 .6666667	-.3333333	
  .0003076	 .6666667	-.2941177	
  .0003078	 .6666667	-.2941177	
  .000308	 .6666667	-.254902	
  .0003082	 .5882353	-.254902	
  .0003084	 .6666667	-.3333333	
  .0003086	 .6666667	-.2941177	
  .0003088	 .7450981	-.2941177	
  .000309	 .6666667	-.2941177	
  .0003092	 .6666667	-.2941177	
  .0003094	 .6666667	-.254902	
  .0003096	 .5882353	-.2941177	
  .0003098	 .6666667	-.2941177	
  .00031	 .6666667	-.2156863	
  .0003102	 .7450981	-.2156863	
  .0003104	 .6666667	-.2156863	
  .0003106	 .5882353	-.2156863	
  .0003108	 .6666667	-.2156863	
  .000311	 .5882353	-.254902	
  .0003112	 .6666667	-.254902	
  .0003114	 .6666667	-.2156863	
  .0003116	 .6666667	-.2156863	
  .0003118	 .6666667	-.2156863	
  .000312	 .5882353	-.1764706	
  .0003122	 .6666667	-.1764706	
  .0003124	 .5882353	-.1764706	
  .0003126	 .6666667	-.1764706	
  .0003128	 .5882353	-.1764706	
  .000313	 .5882353	-.1764706	
  .0003132	 .5882353	-.1764706	
  .0003134	 .6666667	-.1764706	
  .0003136	 .5882353	-9.803922E-02	
  .0003138	 .5882353	-.1372549	
  .000314	 .5882353	-.1764706	
  .0003142	 .7450981	-9.803922E-02	
  .0003144	 .5882353	-9.803922E-02	
  .0003146	 .5882353	-.1372549	
  .0003148	 .5882353	-9.803922E-02	
  .000315	 .5882353	-9.803922E-02	
  .0003152	 .5882353	-9.803922E-02	
  .0003154	 .6666667	-5.882353E-02	
  .0003156	 .5882353	-9.803922E-02	
  .0003158	 .5882353	-9.803922E-02	
  .000316	 .509804	-9.803922E-02	
  .0003162	 .6666667	-9.803922E-02	
  .0003164	 .5882353	-5.882353E-02	
  .0003166	 .509804	-1.960784E-02	
  .0003168	 .509804	-5.882353E-02	
  .000317	 .509804	-5.882353E-02	
  .0003172	 .5882353	-9.803922E-02	
  .0003174	 .509804	-5.882353E-02	
  .0003176	 .6666667	-5.882353E-02	
  .0003178	 .5882353	-1.960784E-02	
  .000318	 .5882353	-1.960784E-02	
  .0003182	 .509804	-1.960784E-02	
  .0003184	 .5882353	-1.960784E-02	
  .0003186	 .509804	-1.960784E-02	
  .0003188	 .5882353	-1.960784E-02	
  .000319	 .5882353	-1.960784E-02	
  .0003192	 .5882353	 5.882353E-02	
  .0003194	 .5882353	 1.960784E-02	
  .0003196	 .509804	 1.960784E-02	
  .0003198	 .5882353	 1.960784E-02	
  .00032	 .5882353	 1.960784E-02	
  .0003202	 .5882353	 5.882353E-02	
  .0003204	 .509804	 1.960784E-02	
  .0003206	 .509804	 5.882353E-02	
  .0003208	 .5882353	 1.960784E-02	
  .000321	 .509804	 1.960784E-02	
  .0003212	 .509804	 1.960784E-02	
  .0003214	 .509804	 1.960784E-02	
  .0003216	 .6666667	 5.882353E-02	
  .0003218	 .509804	 5.882353E-02	
  .000322	 .509804	 5.882353E-02	
  .0003222	 .509804	 9.803922E-02	
  .0003224	 .509804	 5.882353E-02	
  .0003226	 .509804	 9.803922E-02	
  .0003228	 .509804	 9.803922E-02	
  .000323	 .5882353	 9.803922E-02	
  .0003232	 .509804	 9.803922E-02	
  .0003234	 .509804	 5.882353E-02	
  .0003236	 .509804	 9.803922E-02	
  .0003238	 .509804	 9.803922E-02	
  .000324	 .4313726	 .1372549	
  .0003242	 .5882353	 9.803922E-02	
  .0003244	 .509804	 .1372549	
  .0003246	 .509804	 .1764706	
  .0003248	 .509804	 .1372549	
  .000325	 .509804	 .1372549	
  .0003252	 .5882353	 .1372549	
  .0003254	 .509804	 .2156863	
  .0003256	 .509804	 .1764706	
  .0003258	 .4313726	 .1372549	
  .000326	 .4313726	 .1764706	
  .0003262	 .4313726	 .1764706	
  .0003264	 .3529412	 .1372549	
  .0003266	 .509804	 .1764706	
  .0003268	 .4313726	 .1764706	
  .000327	 .4313726	 .1764706	
  .0003272	 .4313726	 .2156863	
  .0003274	 .4313726	 .1764706	
  .0003276	 .509804	 .2156863	
  .0003278	 .4313726	 .2156863	
  .000328	 .4313726	 .2156863	
  .0003282	 .509804	 .2156863	
  .0003284	 .3529412	 .254902	
  .0003286	 .509804	 .2156863	
  .0003288	 .4313726	 .2156863	
  .000329	 .3529412	 .2156863	
  .0003292	 .3529412	 .2156863	
  .0003294	 .4313726	 .2156863	
  .0003296	 .509804	 .2156863	
  .0003298	 .3529412	 .2941177	
  .00033	 .4313726	 .2941177	
  .0003302	 .4313726	 .254902	
  .0003304	 .3529412	 .254902	
  .0003306	 .4313726	 .2156863	
  .0003308	 .3529412	 .254902	
  .000331	 .3529412	 .254902	
  .0003312	 .3529412	 .2941177	
  .0003314	 .3529412	 .2941177	
  .0003316	 .3529412	 .2941177	
  .0003318	 .4313726	 .254902	
  .000332	 .509804	 .3333333	
  .0003322	 .3529412	 .254902	
  .0003324	 .4313726	 .2941177	
  .0003326	 .3529412	 .3333333	
  .0003328	 .4313726	 .3333333	
  .000333	 .3529412	 .2941177	
  .0003332	 .3529412	 .3333333	
  .0003334	 .3529412	 .3333333	
  .0003336	 .3529412	 .372549	
  .0003338	 .2745098	 .2941177	
  .000334	 .4313726	 .2941177	
  .0003342	 .3529412	 .372549	
  .0003344	 .3529412	 .372549	
  .0003346	 .3529412	 .3333333	
  .0003348	 .3529412	 .3333333	
  .000335	 .3529412	 .372549	
  .0003352	 .3529412	 .372549	
  .0003354	 .2745098	 .372549	
  .0003356	 .2745098	 .3333333	
  .0003358	 .2745098	 .3333333	
  .000336	 .2745098	 .3333333	
  .0003362	 .2745098	 .372549	
  .0003364	 .2745098	 .372549	
  .0003366	 .2745098	 .4117647	
  .0003368	 .3529412	 .372549	
  .000337	 .2745098	 .372549	
  .0003372	 .3529412	 .4117647	
  .0003374	 .3529412	 .4117647	
  .0003376	 .2745098	 .4117647	
  .0003378	 .3529412	 .372549	
  .000338	 .2745098	 .4117647	
  .0003382	 .2745098	 .3333333	
  .0003384	 .3529412	 .372549	
  .0003386	 .4313726	 .372549	
  .0003388	 .3529412	 .3333333	
  .000339	 .3529412	 .4117647	
  .0003392	 .2745098	 .4117647	
  .0003394	 .2745098	 .4117647	
  .0003396	 .1960784	 .4117647	
  .0003398	 .2745098	 .4117647	
  .00034	 .2745098	 .4117647	
  .0003402	 .2745098	 .4117647	
  .0003404	 .3529412	 .4117647	
  .0003406	 .3529412	 .4117647	
  .0003408	 .2745098	 .4117647	
  .000341	 .2745098	 .372549	
  .0003412	 .2745098	 .4117647	
  .0003414	 .2745098	 .4509804	
  .0003416	 .1960784	 .372549	
  .0003418	 3.921569E-02	 .2941177	
  .000342	 .1176471	 .2941177	
  .0003422	 3.921569E-02	 .3333333	
  .0003424	 3.921569E-02	 .3333333	
  .0003426	-.1176471	 .3333333	
  .0003428	 3.921569E-02	 .2941177	
  .000343	-.1176471	 .3333333	
  .0003432	-.1176471	 .372549	
  .0003434	-.1960784	 .254902	
  .0003436	-.1176471	 .2941177	
  .0003438	-.2745098	 .3333333	
  .000344	-.1960784	 .254902	
  .0003442	-.2745098	 .2941177	
  .0003444	-.2745098	 .254902	
  .0003446	-.2745098	 .2941177	
  .0003448	-.2745098	 .2941177	
  .000345	-.3529412	 .2941177	
  .0003452	-.3529412	 .3333333	
  .0003454	-.3529412	 .3333333	
  .0003456	-.4313726	 .254902	
  .0003458	-.3529412	 .2941177	
  .000346	-.4313726	 .2941177	
  .0003462	-.3529412	 .2156863	
  .0003464	-.4313726	 .2941177	
  .0003466	-.3529412	 .2941177	
  .0003468	-.4313726	 .3333333	
  .000347	-.509804	 .254902	
  .0003472	-.3529412	 .254902	
  .0003474	-.4313726	 .2941177	
  .0003476	-.509804	 .254902	
  .0003478	-.3529412	 .2941177	
  .000348	-.4313726	 .2941177	
  .0003482	-.509804	 .2941177	
  .0003484	-.2745098	 .3333333	
  .0003486	-.4313726	 .2941177	
  .0003488	-.4313726	 .2941177	
  .000349	-.4313726	 .254902	
  .0003492	-.4313726	 .3333333	
  .0003494	-.3529412	 .2156863	
  .0003496	-.3529412	 .2941177	
  .0003498	-.3529412	 .3333333	
  .00035	-.4313726	 .2941177	
  .0003502	-.4313726	 .3333333	
  .0003504	-.4313726	 .2941177	
  .0003506	-.4313726	 .254902	
  .0003508	-.4313726	 .2941177	
  .000351	-.4313726	 .2941177	
  .0003512	-.509804	 .2941177	
  .0003514	-.4313726	 .3333333	
  .0003516	-.4313726	 .254902	
  .0003518	-.3529412	 .3333333	
  .000352	-.509804	 .2941177	
  .0003522	-.3529412	 .3333333	
  .0003524	-.4313726	 .2941177	
  .0003526	-.4313726	 .2941177	
  .0003528	-.4313726	 .254902	
  .000353	-.3529412	 .2941177	
  .0003532	-.4313726	 .2941177	
  .0003534	-.4313726	 .2941177	
  .0003536	-.4313726	 .2941177	
  .0003538	-.4313726	 .2941177	
  .000354	-.4313726	 .2941177	
  .0003542	-.4313726	 .2941177	
  .0003544	-.3529412	 .254902	
  .0003546	-.509804	 .2941177	
  .0003548	-.3529412	 .3333333	
  .000355	-.4313726	 .3333333	
  .0003552	-.4313726	 .254902	
  .0003554	-.4313726	 .2941177	
  .0003556	-.4313726	 .254902	
  .0003558	-.4313726	 .2941177	
  .000356	-.4313726	 .2156863	
  .0003562	-.509804	 .2941177	
  .0003564	-.3529412	 .3333333	
  .0003566	-.509804	 .254902	
  .0003568	-.4313726	 .254902	
  .000357	-.4313726	 .254902	
  .0003572	-.3529412	 .254902	
  .0003574	-.4313726	 .2941177	
  .0003576	-.4313726	 .254902	
  .0003578	-.4313726	 .2941177	
  .000358	-.4313726	 .2941177	
  .0003582	-.509804	 .254902	
  .0003584	-.4313726	 .2156863	
  .0003586	-.4313726	 .2156863	
  .0003588	-.4313726	 .2941177	
  .000359	-.4313726	 .254902	
  .0003592	-.4313726	 .2156863	
  .0003594	-.3529412	 .254902	
  .0003596	-.2745098	 .254902	
  .0003598	-.3529412	 .254902	
  .00036	-.4313726	 .2156863	
  .0003602	-.3529412	 .254902	
  .0003604	-.3529412	 .254902	
  .0003606	-.4313726	 .2156863	
  .0003608	-.4313726	 .2156863	
  .000361	-.4313726	 .1764706	
  .0003612	-.2745098	 .2156863	
  .0003614	-.4313726	 .2156863	
  .0003616	-.3529412	 .254902	
  .0003618	-.4313726	 .254902	
  .000362	-.4313726	 .1764706	
  .0003622	-.509804	 .2156863	
  .0003624	-.4313726	 .1764706	
  .0003626	-.3529412	 .1764706	
  .0003628	-.4313726	 .1764706	
  .000363	-.3529412	 .2156863	
  .0003632	-.4313726	 .1764706	
  .0003634	-.4313726	 .1764706	
  .0003636	-.4313726	 .254902	
  .0003638	-.4313726	 .1764706	
  .000364	-.3529412	 .2156863	
  .0003642	-.4313726	 .1764706	
  .0003644	-.3529412	 .2156863	
  .0003646	-.3529412	 .2156863	
  .0003648	-.3529412	 .1764706	
  .000365	-.3529412	 .254902	
  .0003652	-.3529412	 .1372549	
  .0003654	-.4313726	 .1764706	
  .0003656	-.4313726	 .1372549	
  .0003658	-.3529412	 .1764706	
  .000366	-.4313726	 .1372549	
  .0003662	-.4313726	 .1764706	
  .0003664	-.4313726	 .1764706	
  .0003666	-.4313726	 .1764706	
  .0003668	-.4313726	 .1764706	
  .000367	-.3529412	 .1764706	
  .0003672	-.509804	 .1764706	
  .0003674	-.4313726	 .1372549	
  .0003676	-.4313726	 .1372549	
  .0003678	-.3529412	 .1372549	
  .000368	-.4313726	 .1372549	
  .0003682	-.3529412	 .1764706	
  .0003684	-.3529412	 .1372549	
  .0003686	-.3529412	 .1764706	
  .0003688	-.4313726	 9.803922E-02	
  .000369	-.4313726	 .1372549	
  .0003692	-.3529412	 9.803922E-02	
  .0003694	-.4313726	 .1372549	
  .0003696	-.3529412	 .1372549	
  .0003698	-.4313726	 .1372549	
  .00037	-.3529412	 .1372549	
  .0003702	-.3529412	 9.803922E-02	
  .0003704	-.4313726	 9.803922E-02	
  .0003706	-.4313726	 9.803922E-02	
  .0003708	-.3529412	 9.803922E-02	
  .000371	-.509804	 .1372549	
  .0003712	-.4313726	 9.803922E-02	
  .0003714	-.4313726	 9.803922E-02	
  .0003716	-.3529412	 9.803922E-02	
  .0003718	-.4313726	 .1372549	
  .000372	-.3529412	 9.803922E-02	
  .0003722	-.4313726	 9.803922E-02	
  .0003724	-.3529412	 9.803922E-02	
  .0003726	-.4313726	 9.803922E-02	
  .0003728	-.3529412	 9.803922E-02	
  .000373	-.3529412	 9.803922E-02	
  .0003732	-.3529412	 9.803922E-02	
  .0003734	-.3529412	 5.882353E-02	
  .0003736	-.3529412	 5.882353E-02	
  .0003738	-.3529412	 9.803922E-02	
  .000374	-.4313726	 9.803922E-02	
  .0003742	-.3529412	 5.882353E-02	
  .0003744	-.4313726	 1.960784E-02	
  .0003746	-.3529412	 9.803922E-02	
  .0003748	-.3529412	 9.803922E-02	
  .000375	-.4313726	 9.803922E-02	
  .0003752	-.4313726	 5.882353E-02	
  .0003754	-.3529412	 1.960784E-02	
  .0003756	-.2745098	 5.882353E-02	
  .0003758	-.4313726	 1.960784E-02	
  .000376	-.4313726	 5.882353E-02	
  .0003762	-.3529412	 9.803922E-02	
  .0003764	-.4313726	 1.960784E-02	
  .0003766	-.4313726	 5.882353E-02	
  .0003768	-.3529412	 1.960784E-02	
  .000377	-.2745098	 1.960784E-02	
  .0003772	-.3529412	 5.882353E-02	
  .0003774	-.3529412	 1.960784E-02	
  .0003776	-.3529412	 5.882353E-02	
  .0003778	-.2745098	 1.960784E-02	
  .000378	-.3529412	 1.960784E-02	
  .0003782	-.2745098	-1.960784E-02	
  .0003784	-.2745098	-1.960784E-02	
  .0003786	-.2745098	 1.960784E-02	
  .0003788	-.3529412	 5.882353E-02	
  .000379	-.4313726	-1.960784E-02	
  .0003792	-.3529412	 1.960784E-02	
  .0003794	-.2745098	 1.960784E-02	
  .0003796	-.2745098	 1.960784E-02	
  .0003798	-.2745098	 5.882353E-02	
  .00038	-.2745098	 1.960784E-02	
  .0003802	-.2745098	 1.960784E-02	
  .0003804	-.2745098	-1.960784E-02	
  .0003806	-.3529412	-5.882353E-02	
  .0003808	-.2745098	-5.882353E-02	
  .000381	-.2745098	-1.960784E-02	
  .0003812	-.3529412	-5.882353E-02	
  .0003814	-.3529412	 1.960784E-02	
  .0003816	-.3529412	-5.882353E-02	
  .0003818	-.2745098	-1.960784E-02	
  .000382	-.2745098	-5.882353E-02	
  .0003822	-.2745098	-1.960784E-02	
  .0003824	-.2745098	-1.960784E-02	
  .0003826	-.3529412	-1.960784E-02	
  .0003828	-.2745098	-5.882353E-02	
  .000383	-.2745098	-5.882353E-02	
  .0003832	-.3529412	-1.960784E-02	
  .0003834	-.2745098	-1.960784E-02	
  .0003836	-.1960784	-1.960784E-02	
  .0003838	-.2745098	-1.960784E-02	
  .000384	-.3529412	-1.960784E-02	
  .0003842	-.1960784	-5.882353E-02	
  .0003844	-.2745098	-1.960784E-02	
  .0003846	-.2745098	-5.882353E-02	
  .0003848	-.2745098	-1.960784E-02	
  .000385	-.2745098	-1.960784E-02	
  .0003852	-.2745098	-9.803922E-02	
  .0003854	-.2745098	-9.803922E-02	
  .0003856	-.1960784	-5.882353E-02	
  .0003858	-.2745098	-9.803922E-02	
  .000386	-.3529412	-9.803922E-02	
  .0003862	-.2745098	-5.882353E-02	
  .0003864	-.3529412	-5.882353E-02	
  .0003866	-.2745098	-9.803922E-02	
  .0003868	-.3529412	-9.803922E-02	
  .000387	-.3529412	-5.882353E-02	
  .0003872	-.3529412	-5.882353E-02	
  .0003874	-.1960784	-.1372549	
  .0003876	-.2745098	-9.803922E-02	
  .0003878	-.2745098	-9.803922E-02	
  .000388	-3.921569E-02	-5.882353E-02	
  .0003882	-.1960784	-9.803922E-02	
  .0003884	-.2745098	-5.882353E-02	
  .0003886	-.2745098	-.1372549	
  .0003888	-.3529412	-9.803922E-02	
  .000389	-.1960784	-.1764706	
  .0003892	-.2745098	-9.803922E-02	
  .0003894	-.1960784	-9.803922E-02	
  .0003896	-.1960784	-9.803922E-02	
  .0003898	-.2745098	-9.803922E-02	
  .00039	-.2745098	-9.803922E-02	
  .0003902	-.2745098	-.1372549	
  .0003904	-.2745098	-.1372549	
  .0003906	-.2745098	-9.803922E-02	
  .0003908	-.2745098	-9.803922E-02	
  .000391	-.1960784	-9.803922E-02	
  .0003912	-.3529412	-.1764706	
  .0003914	-.1960784	-9.803922E-02	
  .0003916	-.1960784	-.1372549	
  .0003918	-.1960784	-9.803922E-02	
  .000392	-.1960784	-9.803922E-02	
  .0003922	-.1960784	-.1372549	
  .0003924	-.1960784	-.1372549	
  .0003926	-.1960784	-.1764706	
  .0003928	-.1960784	-9.803922E-02	
  .000393	-.1960784	-.1764706	
  .0003932	-.1960784	-.1372549	
  .0003934	-.1176471	-.1372549	
  .0003936	-.2745098	-9.803922E-02	
  .0003938	-.2745098	-.1372549	
  .000394	-.1960784	-.1372549	
  .0003942	-.2745098	-.1764706	
  .0003944	-.1960784	-9.803922E-02	
  .0003946	-.1960784	-9.803922E-02	
  .0003948	-.2745098	-.1372549	
  .000395	-.1960784	-9.803922E-02	
  .0003952	-.1960784	-.1764706	
  .0003954	-.2745098	-.1372549	
  .0003956	-.2745098	-.1764706	
  .0003958	-.2745098	-.1372549	
  .000396	-.1960784	-.1372549	
  .0003962	-.1960784	-.1372549	
  .0003964	-.2745098	-.1764706	
  .0003966	-.1960784	-.1372549	
  .0003968	-3.921569E-02	-.1764706	
  .000397	-.2745098	-.1764706	
  .0003972	-.1176471	-.1764706	
  .0003974	-.1960784	-.1372549	
  .0003976	-.2745098	-.1372549	
  .0003978	-.1960784	-.1764706	
  .000398	-.1960784	-.1764706	
  .0003982	-.1960784	-.1372549	
  .0003984	-.1960784	-.1372549	
  .0003986	-.1176471	-.1372549	
  .0003988	-.2745098	-.2156863	
  .000399	-.1960784	-.1372549	
  .0003992	-.1176471	-.1372549	
  .0003994	-.1176471	-.1372549	
  .0003996	-.1176471	-.1372549	
  .0003998	-.1176471	-.1764706	
  .0004	-.1960784	-.1372549	
  .0004002	-.1960784	-.1764706	
  .0004004	 3.921569E-02	-5.882353E-02	
  .0004006	 .1960784	-5.882353E-02	
  .0004008	 .1960784	-1.960784E-02	
  .000401	 .1176471	-9.803922E-02	
  .0004012	 3.921569E-02	-9.803922E-02	
  .0004014	 3.921569E-02	-9.803922E-02	
  .0004016	 .1176471	-9.803922E-02	
  .0004018	 .1176471	-9.803922E-02	
  .000402	 .1176471	-9.803922E-02	
  .0004022	 .1960784	-9.803922E-02	
  .0004024	 .1176471	-.1372549	
  .0004026	 3.921569E-02	-9.803922E-02	
  .0004028	 .1960784	-9.803922E-02	
  .000403	 .1176471	-9.803922E-02	
  .0004032	 .1176471	-9.803922E-02	
  .0004034	 .1960784	-.1372549	
  .0004036	 .1176471	-5.882353E-02	
  .0004038	 .1176471	-9.803922E-02	
  .000404	 .1960784	-.1372549	
  .0004042	 .1960784	-9.803922E-02	
  .0004044	 .1960784	-9.803922E-02	
  .0004046	 .1176471	-5.882353E-02	
  .0004048	 .1176471	-9.803922E-02	
  .000405	 .1176471	-.1372549	
  .0004052	 .1176471	-.1372549	
  .0004054	 .1176471	-.1372549	
  .0004056	 .1176471	-.1372549	
  .0004058	 .1176471	-9.803922E-02	
  .000406	 .1960784	-.1372549	
  .0004062	 .1176471	-9.803922E-02	
  .0004064	 .1176471	-.1372549	
  .0004066	 .1176471	-9.803922E-02	
  .0004068	 .2745098	-9.803922E-02	
  .000407	 .1960784	-9.803922E-02	
  .0004072	 .1176471	-.1372549	
  .0004074	 .1176471	-.1372549	
  .0004076	 3.921569E-02	-9.803922E-02	
  .0004078	 .1960784	-9.803922E-02	
  .000408	 .1176471	-.1372549	
  .0004082	 .1176471	-.1372549	
  .0004084	 .1176471	-5.882353E-02	
  .0004086	 .1960784	-.1372549	
  .0004088	 .2745098	-.1372549	
  .000409	 .1176471	-9.803922E-02	
  .0004092	 .1960784	-5.882353E-02	
  .0004094	 .1176471	-9.803922E-02	
  .0004096	 .1176471	-9.803922E-02	
  .0004098	 .1960784	-9.803922E-02	
  .00041	 .1960784	-9.803922E-02	
  .0004102	 .1960784	-.1372549	
  .0004104	 .1176471	-.1372549	
  .0004106	 .1176471	-9.803922E-02	
  .0004108	 .1176471	-5.882353E-02	
  .000411	 .1960784	-.1372549	
  .0004112	 .1960784	-9.803922E-02	
  .0004114	 .1176471	-9.803922E-02	
  .0004116	 .1960784	-9.803922E-02	
  .0004118	 .1176471	-9.803922E-02	
  .000412	 .1960784	-9.803922E-02	
  .0004122	 .1176471	-9.803922E-02	
  .0004124	 .1960784	-.1372549	
  .0004126	 .1960784	-5.882353E-02	
  .0004128	 .1960784	-9.803922E-02	
  .000413	 .1960784	-9.803922E-02	
  .0004132	 .2745098	-.1372549	
  .0004134	 .1176471	-5.882353E-02	
  .0004136	 .1176471	-5.882353E-02	
  .0004138	 .1960784	-9.803922E-02	
  .000414	 .1176471	-9.803922E-02	
  .0004142	 .1960784	-9.803922E-02	
  .0004144	 .1960784	-5.882353E-02	
  .0004146	 .1960784	-9.803922E-02	
  .0004148	 .1176471	-5.882353E-02	
  .000415	 .1960784	-9.803922E-02	
  .0004152	 3.921569E-02	-9.803922E-02	
  .0004154	 .1960784	-9.803922E-02	
  .0004156	 .1960784	-5.882353E-02	
  .0004158	 .1960784	-5.882353E-02	
  .000416	 .1176471	-9.803922E-02	
  .0004162	 .1176471	-5.882353E-02	
  .0004164	 .1960784	-9.803922E-02	
  .0004166	 .3529412	-5.882353E-02	
  .0004168	 .1960784	-5.882353E-02	
  .000417	 .1960784	-9.803922E-02	
  .0004172	 .1176471	-5.882353E-02	
  .0004174	 .1176471	-5.882353E-02	
  .0004176	 .2745098	-9.803922E-02	
  .0004178	 .3529412	-5.882353E-02	
  .000418	 .1176471	-.1372549	
  .0004182	 .1960784	-1.960784E-02	
  .0004184	 .1960784	-9.803922E-02	
  .0004186	 .1960784	-9.803922E-02	
  .0004188	 .1960784	-5.882353E-02	
  .000419	 .2745098	-5.882353E-02	
  .0004192	 .2745098	-5.882353E-02	
  .0004194	 .2745098	-1.960784E-02	
  .0004196	 .3529412	 1.960784E-02	
  .0004198	 .4313726	-1.960784E-02	
  .00042	 .3529412	-1.960784E-02	
  .0004202	 .2745098	 1.960784E-02	
  .0004204	 .4313726	-1.960784E-02	
  .0004206	 .509804	 1.960784E-02	
  .0004208	 .3529412	-1.960784E-02	
  .000421	 .3529412	-1.960784E-02	
  .0004212	 .509804	 1.960784E-02	
  .0004214	 .5882353	-1.960784E-02	
  .0004216	 .4313726	-1.960784E-02	
  .0004218	 .4313726	 1.960784E-02	
  .000422	 .509804	-1.960784E-02	
  .0004222	 .4313726	 1.960784E-02	
  .0004224	 .4313726	-1.960784E-02	
  .0004226	 .4313726	 1.960784E-02	
  .0004228	 .4313726	 1.960784E-02	
  .000423	 .509804	 1.960784E-02	
  .0004232	 .509804	 1.960784E-02	
  .0004234	 .4313726	 1.960784E-02	
  .0004236	 .509804	 1.960784E-02	
  .0004238	 .509804	 1.960784E-02	
  .000424	 .509804	 1.960784E-02	
  .0004242	 .509804	-1.960784E-02	
  .0004244	 .509804	 5.882353E-02	
  .0004246	 .4313726	 1.960784E-02	
  .0004248	 .4313726	 1.960784E-02	
  .000425	 .4313726	-1.960784E-02	
  .0004252	 .4313726	-1.960784E-02	
  .0004254	 .509804	 1.960784E-02	
  .0004256	 .4313726	 1.960784E-02	
  .0004258	 .509804	 5.882353E-02	
  .000426	 .509804	 1.960784E-02	
  .0004262	 .509804	 5.882353E-02	
  .0004264	 .509804	 1.960784E-02	
  .0004266	 .509804	-1.960784E-02	
  .0004268	 .4313726	-1.960784E-02	
  .000427	 .4313726	 1.960784E-02	
  .0004272	 .509804	 1.960784E-02	
  .0004274	 .3529412	 5.882353E-02	
  .0004276	 .5882353	 5.882353E-02	
  .0004278	 .509804	 1.960784E-02	
  .000428	 .4313726	 1.960784E-02	
  .0004282	 .3529412	 1.960784E-02	
  .0004284	 .4313726	-1.960784E-02	
  .0004286	 .5882353	 1.960784E-02	
  .0004288	 .4313726	 5.882353E-02	
  .000429	 .4313726	 5.882353E-02	
  .0004292	 .509804	 5.882353E-02	
  .0004294	 .509804	 1.960784E-02	
  .0004296	 .3529412	 1.960784E-02	
  .0004298	 .4313726	-1.960784E-02	
  .00043	 .4313726	 1.960784E-02	
  .0004302	 .4313726	 5.882353E-02	
  .0004304	 .4313726	 5.882353E-02	
  .0004306	 .4313726	 5.882353E-02	
  .0004308	 .4313726	 1.960784E-02	
  .000431	 .509804	 9.803922E-02	
  .0004312	 .4313726	 5.882353E-02	
  .0004314	 .4313726	 5.882353E-02	
  .0004316	 .4313726	 5.882353E-02	
  .0004318	 .4313726	 5.882353E-02	
  .000432	 .3529412	-1.960784E-02	
  .0004322	 .4313726	 1.960784E-02	
  .0004324	 .4313726	 5.882353E-02	
  .0004326	 .4313726	 5.882353E-02	
  .0004328	 .4313726	 5.882353E-02	
  .000433	 .4313726	 1.960784E-02	
  .0004332	 .3529412	 5.882353E-02	
  .0004334	 .3529412	 5.882353E-02	
  .0004336	 .4313726	 1.960784E-02	
  .0004338	 .4313726	 5.882353E-02	
  .000434	 .4313726	 9.803922E-02	
  .0004342	 .4313726	 9.803922E-02	
  .0004344	 .3529412	 9.803922E-02	
  .0004346	 .3529412	 9.803922E-02	
  .0004348	 .4313726	 5.882353E-02	
  .000435	 .3529412	 5.882353E-02	
  .0004352	 .4313726	 1.960784E-02	
  .0004354	 .4313726	 1.960784E-02	
  .0004356	 .4313726	 9.803922E-02	
  .0004358	 .3529412	 5.882353E-02	
  .000436	 .3529412	 5.882353E-02	
  .0004362	 .509804	 9.803922E-02	
  .0004364	 .509804	 1.960784E-02	
  .0004366	 .4313726	 5.882353E-02	
  .0004368	 .3529412	 5.882353E-02	
  .000437	 .3529412	 9.803922E-02	
  .0004372	 .3529412	 9.803922E-02	
  .0004374	 .4313726	 9.803922E-02	
  .0004376	 .4313726	 5.882353E-02	
  .0004378	 .4313726	 1.960784E-02	
  .000438	 .509804	 .1372549	
  .0004382	 .3529412	 5.882353E-02	
  .0004384	 .4313726	 5.882353E-02	
  .0004386	 .4313726	 9.803922E-02	
  .0004388	 .4313726	 9.803922E-02	
  .000439	 .4313726	 9.803922E-02	
  .0004392	 .4313726	 5.882353E-02	
  .0004394	 .4313726	 9.803922E-02	
  .0004396	 .4313726	 .1372549	
  .0004398	 .3529412	 9.803922E-02	
  .00044	 .4313726	 1.960784E-02	
  .0004402	 .509804	 1.960784E-02	
  .0004404	 .509804	 5.882353E-02	
  .0004406	 .3529412	 1.960784E-02	
  .0004408	 .3529412	 9.803922E-02	
  .000441	 .3529412	 9.803922E-02	
  .0004412	 .4313726	 5.882353E-02	
  .0004414	 .3529412	 9.803922E-02	
  .0004416	 .3529412	 5.882353E-02	
  .0004418	 .509804	 5.882353E-02	
  .000442	 .3529412	 5.882353E-02	
  .0004422	 .3529412	 5.882353E-02	
  .0004424	 .3529412	 5.882353E-02	
  .0004426	 .2745098	-1.960784E-02	
  .0004428	 .2745098	 5.882353E-02	
  .000443	 .2745098	 1.960784E-02	
  .0004432	 .1960784	 1.960784E-02	
  .0004434	 .1960784	-1.960784E-02	
  .0004436	 .2745098	 1.960784E-02	
  .0004438	 .1960784	 1.960784E-02	
  .000444	 .2745098	 1.960784E-02	
  .0004442	 .1176471	 5.882353E-02	
  .0004444	 .1176471	 1.960784E-02	
  .0004446	 .1960784	-1.960784E-02	
  .0004448	 .1176471	-1.960784E-02	
  .000445	 .1176471	-1.960784E-02	
  .0004452	 .1176471	-1.960784E-02	
  .0004454	 .1176471	 1.960784E-02	
  .0004456	 .1176471	 1.960784E-02	
  .0004458	 .1960784	 1.960784E-02	
  .000446	 .1176471	 1.960784E-02	
  .0004462	 .1176471	 1.960784E-02	
  .0004464	 .1960784	-1.960784E-02	
  .0004466	 3.921569E-02	 1.960784E-02	
  .0004468	 .1176471	-1.960784E-02	
  .000447	 3.921569E-02	-1.960784E-02	
  .0004472	 3.921569E-02	 1.960784E-02	
  .0004474	 .2745098	 5.882353E-02	
  .0004476	 .1176471	 5.882353E-02	
  .0004478	 .1960784	-1.960784E-02	
  .000448	 .1176471	-1.960784E-02	
  .0004482	 3.921569E-02	 1.960784E-02	
  .0004484	 .1176471	 1.960784E-02	
  .0004486	 .1176471	 5.882353E-02	
  .0004488	 .1176471	 5.882353E-02	
  .000449	 3.921569E-02	 5.882353E-02	
  .0004492	 3.921569E-02	 1.960784E-02	
  .0004494	 .1176471	-1.960784E-02	
  .0004496	-3.921569E-02	-1.960784E-02	
  .0004498	 3.921569E-02	 1.960784E-02	
  .00045	 3.921569E-02	-1.960784E-02	
