 -.0000498	 3.921569E-02	 1.960784E-02	
 -.0000496	 3.921569E-02	 5.882353E-02	
 -.0000494	 .1176471	 5.882353E-02	
 -.0000492	 3.921569E-02	 1.960784E-02	
 -.000049	 3.921569E-02	 1.960784E-02	
 -.0000488	 .1176471	-1.960784E-02	
 -.0000486	 .1176471	 1.960784E-02	
 -.0000484	 3.921569E-02	 1.960784E-02	
 -.0000482	 .1176471	 5.882353E-02	
 -.000048	 3.921569E-02	 1.960784E-02	
 -.0000478	 .1176471	 1.960784E-02	
 -.0000476	 3.921569E-02	 1.960784E-02	
 -.0000474	 .1176471	 1.960784E-02	
 -.0000472	 .1176471	 1.960784E-02	
 -.000047	 .1176471	 1.960784E-02	
 -.0000468	 .1176471	-1.960784E-02	
 -.0000466	 3.921569E-02	 5.882353E-02	
 -.0000464	 3.921569E-02	 1.960784E-02	
 -.0000462	 3.921569E-02	 5.882353E-02	
 -.000046	 3.921569E-02	-1.960784E-02	
 -.0000458	 3.921569E-02	 1.960784E-02	
 -.0000456	 .1176471	 5.882353E-02	
 -.0000454	 3.921569E-02	 1.960784E-02	
 -.0000452	 3.921569E-02	 1.960784E-02	
 -.000045	 3.921569E-02	-1.960784E-02	
 -.0000448	 .1176471	 5.882353E-02	
 -.0000446	 3.921569E-02	 1.960784E-02	
 -.0000444	 3.921569E-02	 1.960784E-02	
 -.0000442	 3.921569E-02	 5.882353E-02	
 -.000044	 .1176471	 1.960784E-02	
 -.0000438	 3.921569E-02	 1.960784E-02	
 -.0000436	 .1176471	-1.960784E-02	
 -.0000434	 .1176471	-1.960784E-02	
 -.0000432	 .1176471	 1.960784E-02	
 -.000043	 3.921569E-02	 1.960784E-02	
 -.0000428	 3.921569E-02	-1.960784E-02	
 -.0000426	 3.921569E-02	-1.960784E-02	
 -.0000424	 .1176471	 1.960784E-02	
 -.0000422	 3.921569E-02	-1.960784E-02	
 -.000042	 3.921569E-02	 1.960784E-02	
 -.0000418	 .1176471	 1.960784E-02	
 -.0000416	-3.921569E-02	 5.882353E-02	
 -.0000414	 .1176471	 1.960784E-02	
 -.0000412	 3.921569E-02	 1.960784E-02	
 -.000041	 3.921569E-02	 1.960784E-02	
 -.0000408	 .1176471	 5.882353E-02	
 -.0000406	 .1960784	-1.960784E-02	
 -.0000404	 .1176471	 1.960784E-02	
 -.0000402	 3.921569E-02	 1.960784E-02	
 -.00004	 .1960784	 1.960784E-02	
 -.0000398	 .1960784	 5.882353E-02	
 -.0000396	 3.921569E-02	 1.960784E-02	
 -.0000394	 .1960784	 5.882353E-02	
 -.0000392	 .1960784	 5.882353E-02	
 -.000039	 3.921569E-02	-1.960784E-02	
 -.0000388	 .1176471	 1.960784E-02	
 -.0000386	 .1176471	 5.882353E-02	
 -.0000384	 3.921569E-02	 1.960784E-02	
 -.0000382	 3.921569E-02	 1.960784E-02	
 -.000038	 3.921569E-02	 1.960784E-02	
 -.0000378	 .1176471	 1.960784E-02	
 -.0000376	 3.921569E-02	 1.960784E-02	
 -.0000374	 .1960784	-1.960784E-02	
 -.0000372	 .1176471	-1.960784E-02	
 -.000037	 3.921569E-02	 1.960784E-02	
 -.0000368	 3.921569E-02	-1.960784E-02	
 -.0000366	 .1176471	 5.882353E-02	
 -.0000364	 3.921569E-02	 1.960784E-02	
 -.0000362	 .1960784	 5.882353E-02	
 -.000036	 3.921569E-02	-1.960784E-02	
 -.0000358	 3.921569E-02	-1.960784E-02	
 -.0000356	 .1176471	 1.960784E-02	
 -.0000354	 .1176471	 1.960784E-02	
 -.0000352	 .1176471	 1.960784E-02	
 -.000035	 3.921569E-02	 5.882353E-02	
 -.0000348	 .1960784	 1.960784E-02	
 -.0000346	 .1176471	 5.882353E-02	
 -.0000344	 .1176471	 1.960784E-02	
 -.0000342	 .1176471	 1.960784E-02	
 -.000034	 3.921569E-02	-1.960784E-02	
 -.0000338	 .1176471	 5.882353E-02	
 -.0000336	 3.921569E-02	 5.882353E-02	
 -.0000334	 3.921569E-02	 1.960784E-02	
 -.0000332	 3.921569E-02	 1.960784E-02	
 -.000033	 .1176471	 1.960784E-02	
 -.0000328	 3.921569E-02	 5.882353E-02	
 -.0000326	-3.921569E-02	 5.882353E-02	
 -.0000324	 3.921569E-02	 1.960784E-02	
 -.0000322	 3.921569E-02	 1.960784E-02	
 -.000032	 .1176471	 1.960784E-02	
 -.0000318	 .1176471	-1.960784E-02	
 -.0000316	 .1176471	 1.960784E-02	
 -.0000314	 3.921569E-02	 1.960784E-02	
 -.0000312	 .1176471	 1.960784E-02	
 -.000031	 3.921569E-02	 1.960784E-02	
 -.0000308	 .1176471	-1.960784E-02	
 -.0000306	 3.921569E-02	 9.803922E-02	
 -.0000304	 3.921569E-02	 1.960784E-02	
 -.0000302	 .1176471	 1.960784E-02	
 -.00003	 3.921569E-02	-1.960784E-02	
 -.0000298	 3.921569E-02	 5.882353E-02	
 -.0000296	 .1176471	 1.960784E-02	
 -.0000294	 3.921569E-02	 1.960784E-02	
 -.0000292	 3.921569E-02	-1.960784E-02	
 -.000029	 .1176471	 1.960784E-02	
 -.0000288	 3.921569E-02	 1.960784E-02	
 -.0000286	 .1176471	-1.960784E-02	
 -.0000284	 3.921569E-02	 5.882353E-02	
 -.0000282	 3.921569E-02	 5.882353E-02	
 -.000028	 .1176471	 1.960784E-02	
 -.0000278	 .1176471	-1.960784E-02	
 -.0000276	 .1176471	 5.882353E-02	
 -.0000274	 .1176471	 1.960784E-02	
 -.0000272	 .1176471	 5.882353E-02	
 -.000027	 3.921569E-02	 1.960784E-02	
 -.0000268	 .1176471	 5.882353E-02	
 -.0000266	 3.921569E-02	 5.882353E-02	
 -.0000264	 3.921569E-02	 5.882353E-02	
 -.0000262	 .1176471	 1.960784E-02	
 -.000026	 .1176471	 1.960784E-02	
 -.0000258	 .1176471	 5.882353E-02	
 -.0000256	 .1176471	 5.882353E-02	
 -.0000254	 .1176471	 1.960784E-02	
 -.0000252	 .1176471	 1.960784E-02	
 -.000025	 .1176471	 5.882353E-02	
 -.0000248	 .1176471	 1.960784E-02	
 -.0000246	 3.921569E-02	 1.960784E-02	
 -.0000244	 3.921569E-02	 1.960784E-02	
 -.0000242	 .1176471	 1.960784E-02	
 -.000024	 .1176471	 1.960784E-02	
 -.0000238	 3.921569E-02	 1.960784E-02	
 -.0000236	 .1176471	-1.960784E-02	
 -.0000234	 .1960784	 1.960784E-02	
 -.0000232	 3.921569E-02	-1.960784E-02	
 -.000023	 3.921569E-02	 1.960784E-02	
 -.0000228	 3.921569E-02	 1.960784E-02	
 -.0000226	 .1960784	-1.960784E-02	
 -.0000224	 3.921569E-02	 1.960784E-02	
 -.0000222	 .1176471	 1.960784E-02	
 -.000022	 .1176471	-1.960784E-02	
 -.0000218	 3.921569E-02	 1.960784E-02	
 -.0000216	 3.921569E-02	 1.960784E-02	
 -.0000214	 .1176471	 1.960784E-02	
 -.0000212	 3.921569E-02	 1.960784E-02	
 -.000021	 3.921569E-02	 5.882353E-02	
 -.0000208	 .1176471	 1.960784E-02	
 -.0000206	 3.921569E-02	 1.960784E-02	
 -.0000204	 .1176471	-1.960784E-02	
 -.0000202	 .1960784	 5.882353E-02	
 -.00002	 .1176471	 1.960784E-02	
 -.0000198	 .1176471	 1.960784E-02	
 -.0000196	 .1176471	 5.882353E-02	
 -.0000194	 .1176471	 5.882353E-02	
 -.0000192	 3.921569E-02	 1.960784E-02	
 -.000019	 3.921569E-02	 1.960784E-02	
 -.0000188	 3.921569E-02	-1.960784E-02	
 -.0000186	-3.921569E-02	 1.960784E-02	
 -.0000184	 .1176471	 5.882353E-02	
 -.0000182	 .1176471	 1.960784E-02	
 -.000018	 .1176471	 1.960784E-02	
 -.0000178	 3.921569E-02	 1.960784E-02	
 -.0000176	 3.921569E-02	 1.960784E-02	
 -.0000174	 .1960784	-1.960784E-02	
 -.0000172	 3.921569E-02	 1.960784E-02	
 -.000017	 .1176471	-1.960784E-02	
 -.0000168	 3.921569E-02	 1.960784E-02	
 -.0000166	 3.921569E-02	 1.960784E-02	
 -.0000164	 .1960784	 5.882353E-02	
 -.0000162	 3.921569E-02	 1.960784E-02	
 -.000016	 .1176471	 1.960784E-02	
 -.0000158	 3.921569E-02	 1.960784E-02	
 -.0000156	 .1176471	 1.960784E-02	
 -.0000154	 .1176471	-1.960784E-02	
 -.0000152	 3.921569E-02	 5.882353E-02	
 -.000015	 .1960784	 5.882353E-02	
 -.0000148	 .1176471	 1.960784E-02	
 -.0000146	 3.921569E-02	 1.960784E-02	
 -.0000144	 3.921569E-02	 1.960784E-02	
 -.0000142	 3.921569E-02	 1.960784E-02	
 -.000014	 .1176471	 1.960784E-02	
 -.0000138	 3.921569E-02	 1.960784E-02	
 -.0000136	-3.921569E-02	 5.882353E-02	
 -.0000134	 3.921569E-02	-1.960784E-02	
 -.0000132	 3.921569E-02	-1.960784E-02	
 -.000013	 .1176471	 5.882353E-02	
 -.0000128	 3.921569E-02	 1.960784E-02	
 -.0000126	 .1176471	 1.960784E-02	
 -.0000124	 3.921569E-02	 1.960784E-02	
 -.0000122	 3.921569E-02	 1.960784E-02	
 -.000012	 3.921569E-02	-1.960784E-02	
 -.0000118	 .1176471	 1.960784E-02	
 -.0000116	 .1176471	 1.960784E-02	
 -.0000114	 .1176471	 1.960784E-02	
 -.0000112	 .1176471	 1.960784E-02	
 -.000011	 .1176471	 1.960784E-02	
 -.0000108	 3.921569E-02	 1.960784E-02	
 -.0000106	 3.921569E-02	 1.960784E-02	
 -.0000104	 3.921569E-02	 1.960784E-02	
 -.0000102	 3.921569E-02	 1.960784E-02	
 -.00001	 3.921569E-02	 5.882353E-02	
 -.0000098	 3.921569E-02	 5.882353E-02	
 -.0000096	 3.921569E-02	 1.960784E-02	
 -.0000094	 3.921569E-02	 1.960784E-02	
 -.0000092	 3.921569E-02	 1.960784E-02	
 -.000009	 .1176471	 5.882353E-02	
 -.0000088	-3.921569E-02	 1.960784E-02	
 -.0000086	 .1176471	 5.882353E-02	
 -.0000084	 3.921569E-02	 1.960784E-02	
 -.0000082	 .1176471	 1.960784E-02	
 -.000008	 3.921569E-02	 1.960784E-02	
 -.0000078	 3.921569E-02	 5.882353E-02	
 -.0000076	 .1176471	 1.960784E-02	
 -.0000074	 3.921569E-02	 1.960784E-02	
 -.0000072	 3.921569E-02	 1.960784E-02	
 -.000007	 .1176471	 5.882353E-02	
 -.0000068	 3.921569E-02	 5.882353E-02	
 -.0000066	 3.921569E-02	 5.882353E-02	
 -.0000064	 .1176471	 5.882353E-02	
 -.0000062	 .1176471	 5.882353E-02	
 -.000006	 .1176471	 5.882353E-02	
 -.0000058	 .1176471	 5.882353E-02	
 -.0000056	 3.921569E-02	-1.960784E-02	
 -.0000054	 3.921569E-02	 1.960784E-02	
 -.0000052	 3.921569E-02	 1.960784E-02	
 -.000005	 .1176471	 1.960784E-02	
 -.0000048	 .1176471	 1.960784E-02	
 -.0000046	 3.921569E-02	 1.960784E-02	
 -.0000044	 .1176471	 5.882353E-02	
 -.0000042	 3.921569E-02	 5.882353E-02	
 -.000004	 3.921569E-02	 1.960784E-02	
 -.0000038	 .1176471	 1.960784E-02	
 -.0000036	 .1176471	 1.960784E-02	
 -.0000034	 3.921569E-02	-1.960784E-02	
 -.0000032	 3.921569E-02	 1.960784E-02	
 -.000003	 3.921569E-02	 5.882353E-02	
 -.0000028	 3.921569E-02	 1.960784E-02	
 -.0000026	 .1176471	 1.960784E-02	
 -.0000024	 .1176471	 5.882353E-02	
 -.0000022	 3.921569E-02	 1.960784E-02	
 -.000002	 .1176471	 1.960784E-02	
 -.0000018	 3.921569E-02	 5.882353E-02	
 -.0000016	 .1176471	 1.960784E-02	
 -.0000014	 3.921569E-02	 1.960784E-02	
 -.0000012	 3.921569E-02	 5.882353E-02	
 -.000001	 .1960784	 1.960784E-02	
 -.0000008	 3.921569E-02	 5.882353E-02	
 -.0000006	 3.921569E-02	 1.960784E-02	
 -.0000004	 .1176471	 1.960784E-02	
 -.0000002	 .1960784	 5.882353E-02	
  0	 3.921569E-02	-1.960784E-02	
  .0000002	 3.921569E-02	 9.803922E-02	
  .0000004	-1.294118	-.8039216	
  .0000006	-.8235294	 9.803922E-02	
  .0000008	-.8235294	 .4901961	
  .000001	-.7450981	 1	
  .0000012	-.7450981	 1.27451	
  .0000014	-.7450981	 1.588235	
  .0000016	-.8235294	 1.901961	
  .0000018	-.8235294	 2.098039	
  .000002	-.9019608	 2.254902	
  .0000022	-.9019608	 2.411765	
  .0000024	-.9019608	 2.568627	
  .0000026	-.9019608	 2.686275	
  .0000028	-.9019608	 2.764706	
  .000003	-.9019608	 2.882353	
  .0000032	-.9803922	 2.960784	
  .0000034	-.8235294	 3.078431	
  .0000036	-.9803922	 3.117647	
  .0000038	-.9803922	 3.156863	
  .000004	-.9803922	 3.156863	
  .0000042	-.9803922	 3.196079	
  .0000044	-.9803922	 3.235294	
  .0000046	-1.058824	 3.27451	
  .0000048	-1.058824	 3.313725	
  .000005	-.9803922	 3.313725	
  .0000052	-1.137255	 3.313725	
  .0000054	-1.137255	 3.352941	
  .0000056	-1.137255	 3.313725	
  .0000058	-1.137255	 3.313725	
  .000006	-1.137255	 3.313725	
  .0000062	-1.294118	 3.352941	
  .0000064	-1.137255	 3.313725	
  .0000066	-1.215686	 3.313725	
  .0000068	-1.215686	 3.313725	
  .000007	-1.215686	 3.313725	
  .0000072	-1.215686	 3.27451	
  .0000074	-1.215686	 3.313725	
  .0000076	-1.294118	 3.27451	
  .0000078	-1.215686	 3.27451	
  .000008	-1.215686	 3.27451	
  .0000082	-1.215686	 3.27451	
  .0000084	-1.215686	 3.235294	
  .0000086	-1.294118	 3.27451	
  .0000088	-1.294118	 3.235294	
  .000009	-1.372549	 3.235294	
  .0000092	-1.294118	 3.196079	
  .0000094	-1.294118	 3.156863	
  .0000096	-1.294118	 3.156863	
  .0000098	-1.294118	 3.196079	
  .00001	-1.372549	 3.117647	
  .0000102	-1.372549	 3.156863	
  .0000104	-1.372549	 3.078431	
  .0000106	-1.372549	 3.117647	
  .0000108	-1.372549	 3.117647	
  .000011	-1.45098	 3.078431	
  .0000112	-1.372549	 3.078431	
  .0000114	-1.372549	 3.039216	
  .0000116	-1.372549	 3.039216	
  .0000118	-1.372549	 3.039216	
  .000012	-1.372549	 3.078431	
  .0000122	-1.372549	 2.960784	
  .0000124	-1.372549	 3	
  .0000126	-1.45098	 2.960784	
  .0000128	-1.45098	 3	
  .000013	-1.45098	 2.882353	
  .0000132	-1.372549	 2.882353	
  .0000134	-1.45098	 2.882353	
  .0000136	-1.529412	 2.803921	
  .0000138	-1.529412	 2.843137	
  .000014	-1.529412	 2.803921	
  .0000142	-1.45098	 2.764706	
  .0000144	-1.529412	 2.764706	
  .0000146	-1.529412	 2.764706	
  .0000148	-1.45098	 2.72549	
  .000015	-1.45098	 2.72549	
  .0000152	-1.529412	 2.72549	
  .0000154	-1.529412	 2.686275	
  .0000156	-1.45098	 2.647059	
  .0000158	-1.529412	 2.607843	
  .000016	-1.529412	 2.568627	
  .0000162	-1.45098	 2.568627	
  .0000164	-1.607843	 2.490196	
  .0000166	-1.607843	 2.490196	
  .0000168	-1.607843	 2.529412	
  .000017	-1.529412	 2.490196	
  .0000172	-1.529412	 2.45098	
  .0000174	-1.607843	 2.411765	
  .0000176	-1.607843	 2.372549	
  .0000178	-1.607843	 2.372549	
  .000018	-1.607843	 2.333333	
  .0000182	-1.607843	 2.333333	
  .0000184	-1.607843	 2.254902	
  .0000186	-1.529412	 2.294118	
  .0000188	-1.529412	 2.176471	
  .000019	-1.686275	 2.215686	
  .0000192	-1.607843	 2.137255	
  .0000194	-1.529412	 2.137255	
  .0000196	-1.529412	 2.098039	
  .0000198	-1.607843	 2.058824	
  .00002	-1.607843	 2.058824	
  .0000202	-1.607843	 2.019608	
  .0000204	-1.686275	 1.941176	
  .0000206	-1.686275	 1.862745	
  .0000208	-1.686275	 1.862745	
  .000021	-1.607843	 1.784314	
  .0000212	-1.607843	 1.784314	
  .0000214	-1.686275	 1.784314	
  .0000216	-1.686275	 1.745098	
  .0000218	-1.607843	 1.705882	
  .000022	-1.686275	 1.666667	
  .0000222	-1.607843	 1.588235	
  .0000224	-1.686275	 1.54902	
  .0000226	-1.686275	 1.54902	
  .0000228	-1.607843	 1.509804	
  .000023	-1.607843	 1.509804	
  .0000232	-1.529412	 1.431373	
  .0000234	-1.686275	 1.392157	
  .0000236	-1.764706	 1.352941	
  .0000238	-1.607843	 1.27451	
  .000024	-1.607843	 1.313725	
  .0000242	-1.607843	 1.196078	
  .0000244	-1.686275	 1.196078	
  .0000246	-1.686275	 1.156863	
  .0000248	-1.686275	 1.156863	
  .000025	-1.764706	 1.078431	
  .0000252	-1.686275	 1.039216	
  .0000254	-1.686275	 .9215686	
  .0000256	-1.686275	 .9215686	
  .0000258	-1.686275	 .8823529	
  .000026	-1.764706	 .8431373	
  .0000262	-1.686275	 .8431373	
  .0000264	-1.764706	 .7647059	
  .0000266	-1.686275	 .7647059	
  .0000268	-1.686275	 .7647059	
  .000027	-1.686275	 .6862745	
  .0000272	-1.686275	 .6078432	
  .0000274	-1.764706	 .5686275	
  .0000276	-1.764706	 .5686275	
  .0000278	-1.686275	 .4901961	
  .000028	-1.764706	 .4901961	
  .0000282	-1.764706	 .4509804	
  .0000284	-1.764706	 .4117647	
  .0000286	-1.764706	 .372549	
  .0000288	-1.764706	 .3333333	
  .000029	-1.764706	 .2941177	
  .0000292	-1.843137	 .2156863	
  .0000294	-1.843137	 .1764706	
  .0000296	-1.843137	 .1764706	
  .0000298	-1.843137	 .1764706	
  .00003	-1.843137	 9.803922E-02	
  .0000302	-1.921569	 5.882353E-02	
  .0000304	-1.843137	-5.882353E-02	
  .0000306	-1.843137	-5.882353E-02	
  .0000308	-1.843137	-9.803922E-02	
  .000031	-1.686275	 1.960784E-02	
  .0000312	-1.529412	 5.882353E-02	
  .0000314	-1.45098	 1.960784E-02	
  .0000316	-1.45098	 5.882353E-02	
  .0000318	-1.294118	-5.882353E-02	
  .000032	-1.215686	-5.882353E-02	
  .0000322	-1.137255	-5.882353E-02	
  .0000324	-1.058824	-9.803922E-02	
  .0000326	-.9803922	-9.803922E-02	
  .0000328	-1.058824	-9.803922E-02	
  .000033	-1.058824	-.1764706	
  .0000332	-.9803922	-.2156863	
  .0000334	-.9019608	-.254902	
  .0000336	-.8235294	-.2156863	
  .0000338	-.9019608	-.254902	
  .000034	-.7450981	-.372549	
  .0000342	-.7450981	-.3333333	
  .0000344	-.7450981	-.372549	
  .0000346	-.7450981	-.4509804	
  .0000348	-.7450981	-.4117647	
  .000035	-.7450981	-.4901961	
  .0000352	-.5882353	-.4901961	
  .0000354	-.6666667	-.5294118	
  .0000356	-.6666667	-.6078432	
  .0000358	-.6666667	-.6470588	
  .000036	-.5882353	-.6470588	
  .0000362	-.509804	-.7254902	
  .0000364	-.5882353	-.7254902	
  .0000366	-.5882353	-.7254902	
  .0000368	-.509804	-.8039216	
  .000037	-.5882353	-.8431373	
  .0000372	-.509804	-.8039216	
  .0000374	-.4313726	-.8431373	
  .0000376	-.509804	-.8823529	
  .0000378	-.4313726	-.8823529	
  .000038	-.509804	-.9607843	
  .0000382	-.4313726	-1	
  .0000384	-.4313726	-1	
  .0000386	-.2745098	-1.039216	
  .0000388	-.4313726	-1.078431	
  .000039	-.3529412	-1.117647	
  .0000392	-.2745098	-1.117647	
  .0000394	-.1960784	-1.156863	
  .0000396	-.2745098	-1.196078	
  .0000398	-.2745098	-1.196078	
  .00004	-.3529412	-1.27451	
  .0000402	-.3529412	-1.352941	
  .0000404	-.1960784	-1.352941	
  .0000406	-.2745098	-1.392157	
  .0000408	-.1960784	-1.392157	
  .000041	-.2745098	-1.392157	
  .0000412	-.1960784	-1.470588	
  .0000414	-.1960784	-1.470588	
  .0000416	-.1960784	-1.470588	
  .0000418	-.1960784	-1.509804	
  .000042	-.1176471	-1.588235	
  .0000422	-.1960784	-1.588235	
  .0000424	-.1960784	-1.627451	
  .0000426	-.1176471	-1.627451	
  .0000428	-.1960784	-1.666667	
  .000043	 3.921569E-02	-1.705882	
  .0000432	-.1176471	-1.745098	
  .0000434	-.1176471	-1.745098	
  .0000436	-.1176471	-1.784314	
  .0000438	 3.921569E-02	-1.784314	
  .000044	-3.921569E-02	-1.823529	
  .0000442	-3.921569E-02	-1.862745	
  .0000444	 3.921569E-02	-1.823529	
  .0000446	 3.921569E-02	-1.901961	
  .0000448	 3.921569E-02	-1.901961	
  .000045	 3.921569E-02	-1.980392	
  .0000452	 3.921569E-02	-1.941176	
  .0000454	-3.921569E-02	-1.980392	
  .0000456	 3.921569E-02	-1.980392	
  .0000458	-3.921569E-02	-2.019608	
  .000046	 3.921569E-02	-2.019608	
  .0000462	 3.921569E-02	-2.019608	
  .0000464	 .1176471	-2.058824	
  .0000466	 .1176471	-2.098039	
  .0000468	 .1960784	-2.098039	
  .000047	 .1176471	-2.137255	
  .0000472	 .1960784	-2.176471	
  .0000474	 3.921569E-02	-2.176471	
  .0000476	 .1960784	-2.176471	
  .0000478	 .1176471	-2.176471	
  .000048	 .1176471	-2.215686	
  .0000482	 .2745098	-2.254902	
  .0000484	 .1960784	-2.254902	
  .0000486	 .1960784	-2.254902	
  .0000488	 .1960784	-2.294118	
  .000049	 .1960784	-2.294118	
  .0000492	 .2745098	-2.294118	
  .0000494	 .2745098	-2.294118	
  .0000496	 .3529412	-2.372549	
  .0000498	 .1960784	-2.372549	
  .00005	 .2745098	-2.45098	
  .0000502	 .2745098	-2.411765	
  .0000504	 .2745098	-2.411765	
  .0000506	 .2745098	-2.490196	
  .0000508	 .2745098	-2.411765	
  .000051	 .2745098	-2.411765	
  .0000512	 .2745098	-2.45098	
  .0000514	 .3529412	-2.490196	
  .0000516	 .4313726	-2.490196	
  .0000518	 .3529412	-2.529412	
  .000052	 .3529412	-2.529412	
  .0000522	 .3529412	-2.529412	
  .0000524	 .3529412	-2.568627	
  .0000526	 .3529412	-2.568627	
  .0000528	 .4313726	-2.607843	
  .000053	 .509804	-2.607843	
  .0000532	 .4313726	-2.568627	
  .0000534	 .509804	-2.607843	
  .0000536	 .4313726	-2.647059	
  .0000538	 .4313726	-2.568627	
  .000054	 .509804	-2.647059	
  .0000542	 .509804	-2.607843	
  .0000544	 .5882353	-2.647059	
  .0000546	 .509804	-2.686275	
  .0000548	 .5882353	-2.686275	
  .000055	 .5882353	-2.72549	
  .0000552	 .6666667	-2.686275	
  .0000554	 .509804	-2.686275	
  .0000556	 .5882353	-2.72549	
  .0000558	 .6666667	-2.72549	
  .000056	 .5882353	-2.686275	
  .0000562	 .5882353	-2.686275	
  .0000564	 .8235294	-2.647059	
  .0000566	 .9803922	-2.607843	
  .0000568	 .7450981	-2.686275	
  .000057	 .8235294	-2.647059	
  .0000572	 .9019608	-2.607843	
  .0000574	 .7450981	-2.647059	
  .0000576	 .8235294	-2.568627	
  .0000578	 .8235294	-2.607843	
  .000058	 .8235294	-2.568627	
  .0000582	 .9019608	-2.529412	
  .0000584	 .9803922	-2.490196	
  .0000586	 .9019608	-2.490196	
  .0000588	 .9019608	-2.490196	
  .000059	 .9803922	-2.45098	
  .0000592	 .9803922	-2.490196	
  .0000594	 .9803922	-2.490196	
  .0000596	 1.058824	-2.45098	
  .0000598	 1.058824	-2.372549	
  .00006	 1.058824	-2.45098	
  .0000602	 1.058824	-2.411765	
  .0000604	 1.137255	-2.372549	
  .0000606	 1.215686	-2.411765	
  .0000608	 1.215686	-2.372549	
  .000061	 1.137255	-2.372549	
  .0000612	 1.215686	-2.372549	
  .0000614	 1.294118	-2.333333	
  .0000616	 1.294118	-2.372549	
  .0000618	 1.215686	-2.372549	
  .000062	 1.294118	-2.333333	
  .0000622	 1.294118	-2.372549	
  .0000624	 1.294118	-2.372549	
  .0000626	 1.294118	-2.333333	
  .0000628	 1.372549	-2.333333	
  .000063	 1.45098	-2.372549	
  .0000632	 1.372549	-2.333333	
  .0000634	 1.372549	-2.294118	
  .0000636	 1.294118	-2.333333	
  .0000638	 1.372549	-2.333333	
  .000064	 1.294118	-2.254902	
  .0000642	 1.372549	-2.294118	
  .0000644	 1.45098	-2.294118	
  .0000646	 1.294118	-2.294118	
  .0000648	 1.372549	-2.294118	
  .000065	 1.372549	-2.215686	
  .0000652	 1.294118	-2.254902	
  .0000654	 1.294118	-2.254902	
  .0000656	 1.294118	-2.254902	
  .0000658	 1.372549	-2.215686	
  .000066	 1.372549	-2.254902	
  .0000662	 1.294118	-2.176471	
  .0000664	 1.294118	-2.215686	
  .0000666	 1.372549	-2.137255	
  .0000668	 1.294118	-2.176471	
  .000067	 1.294118	-2.137255	
  .0000672	 1.294118	-2.176471	
  .0000674	 1.372549	-2.098039	
  .0000676	 1.294118	-2.098039	
  .0000678	 1.294118	-2.137255	
  .000068	 1.372549	-2.137255	
  .0000682	 1.372549	-2.098039	
  .0000684	 1.294118	-2.098039	
  .0000686	 1.294118	-2.058824	
  .0000688	 1.372549	-2.058824	
  .000069	 1.372549	-2.058824	
  .0000692	 1.294118	-2.019608	
  .0000694	 1.294118	-2.019608	
  .0000696	 1.372549	-1.980392	
  .0000698	 1.294118	-1.980392	
  .00007	 1.294118	-1.980392	
  .0000702	 1.372549	-1.941176	
  .0000704	 1.294118	-1.941176	
  .0000706	 1.294118	-1.901961	
  .0000708	 1.294118	-1.901961	
  .000071	 1.215686	-1.901961	
  .0000712	 1.215686	-1.901961	
  .0000714	 1.372549	-1.901961	
  .0000716	 1.372549	-1.862745	
  .0000718	 1.372549	-1.862745	
  .000072	 1.294118	-1.784314	
  .0000722	 1.294118	-1.823529	
  .0000724	 1.215686	-1.784314	
  .0000726	 1.294118	-1.823529	
  .0000728	 1.294118	-1.823529	
  .000073	 1.215686	-1.784314	
  .0000732	 1.215686	-1.784314	
  .0000734	 1.215686	-1.705882	
  .0000736	 1.372549	-1.745098	
  .0000738	 1.294118	-1.705882	
  .000074	 1.294118	-1.705882	
  .0000742	 1.294118	-1.666667	
  .0000744	 1.215686	-1.627451	
  .0000746	 1.294118	-1.666667	
  .0000748	 1.294118	-1.666667	
  .000075	 1.215686	-1.627451	
  .0000752	 1.215686	-1.588235	
  .0000754	 1.294118	-1.588235	
  .0000756	 1.215686	-1.509804	
  .0000758	 1.215686	-1.54902	
  .000076	 1.137255	-1.509804	
  .0000762	 1.215686	-1.470588	
  .0000764	 1.215686	-1.509804	
  .0000766	 1.137255	-1.470588	
  .0000768	 1.137255	-1.431373	
  .000077	 1.137255	-1.470588	
  .0000772	 1.215686	-1.392157	
  .0000774	 1.215686	-1.352941	
  .0000776	 1.058824	-1.392157	
  .0000778	 1.137255	-1.352941	
  .000078	 1.137255	-1.313725	
  .0000782	 1.215686	-1.313725	
  .0000784	 1.137255	-1.27451	
  .0000786	 1.137255	-1.27451	
  .0000788	 1.215686	-1.235294	
  .000079	 1.137255	-1.235294	
  .0000792	 1.215686	-1.235294	
  .0000794	 1.137255	-1.196078	
  .0000796	 1.137255	-1.196078	
  .0000798	 1.137255	-1.156863	
  .00008	 1.137255	-1.117647	
  .0000802	 1.058824	-1.117647	
  .0000804	 1.137255	-1.078431	
  .0000806	 1.058824	-1.039216	
  .0000808	 .9803922	-1.039216	
  .000081	 .9803922	-1	
  .0000812	 1.058824	-.9607843	
  .0000814	 1.137255	-1	
  .0000816	 1.058824	-.9607843	
  .0000818	 1.058824	-.9215686	
  .000082	 1.058824	-.9215686	
  .0000822	 1.058824	-.9215686	
  .0000824	 1.058824	-.8431373	
  .0000826	 1.058824	-.8431373	
  .0000828	 1.058824	-.8039216	
  .000083	 .9803922	-.7647059	
  .0000832	 1.058824	-.8039216	
  .0000834	 .9803922	-.7647059	
  .0000836	 1.058824	-.6862745	
  .0000838	 1.058824	-.6078432	
  .000084	 1.058824	-.6078432	
  .0000842	 .9803922	-.6078432	
  .0000844	 .9019608	-.5686275	
  .0000846	 .9019608	-.5686275	
  .0000848	 .9803922	-.5294118	
  .000085	 .9019608	-.4901961	
  .0000852	 .9803922	-.4901961	
  .0000854	 .9019608	-.4901961	
  .0000856	 .9019608	-.4509804	
  .0000858	 .9803922	-.4509804	
  .000086	 .9019608	-.4117647	
  .0000862	 .9019608	-.4117647	
  .0000864	 .9019608	-.372549	
  .0000866	 .9019608	-.3333333	
  .0000868	 .9019608	-.372549	
  .000087	 .8235294	-.372549	
  .0000872	 .9019608	-.3333333	
  .0000874	 .9019608	-.254902	
  .0000876	 .9019608	-.254902	
  .0000878	 .9019608	-.254902	
  .000088	 .9803922	-.2156863	
  .0000882	 .8235294	-.1764706	
  .0000884	 .8235294	-.1764706	
  .0000886	 .9019608	-.1372549	
  .0000888	 .8235294	-.1372549	
  .000089	 .9019608	-9.803922E-02	
  .0000892	 .9019608	-1.960784E-02	
  .0000894	 .7450981	-9.803922E-02	
  .0000896	 .8235294	-1.960784E-02	
  .0000898	 .7450981	-1.960784E-02	
  .00009	 .8235294	 1.960784E-02	
  .0000902	 .7450981	 1.960784E-02	
  .0000904	 .7450981	 5.882353E-02	
  .0000906	 .8235294	 5.882353E-02	
  .0000908	 .6666667	 9.803922E-02	
  .000091	 .7450981	 9.803922E-02	
  .0000912	 .6666667	 .1372549	
  .0000914	 .8235294	 .1372549	
  .0000916	 .7450981	 .1764706	
  .0000918	 .6666667	 .1764706	
  .000092	 .6666667	 .254902	
  .0000922	 .6666667	 .254902	
  .0000924	 .6666667	 .254902	
  .0000926	 .6666667	 .2941177	
  .0000928	 .6666667	 .2941177	
  .000093	 .6666667	 .372549	
  .0000932	 .6666667	 .372549	
  .0000934	 .6666667	 .3333333	
  .0000936	 .5882353	 .4117647	
  .0000938	 .6666667	 .4117647	
  .000094	 .6666667	 .4117647	
  .0000942	 .5882353	 .4901961	
  .0000944	 .6666667	 .4901961	
  .0000946	 .5882353	 .5294118	
  .0000948	 .5882353	 .4901961	
  .000095	 .6666667	 .5686275	
  .0000952	 .5882353	 .5686275	
  .0000954	 .5882353	 .5686275	
  .0000956	 .5882353	 .5686275	
  .0000958	 .509804	 .6078432	
  .000096	 .5882353	 .6470588	
  .0000962	 .5882353	 .6862745	
  .0000964	 .509804	 .6470588	
  .0000966	 .5882353	 .7254902	
  .0000968	 .509804	 .6862745	
  .000097	 .509804	 .7254902	
  .0000972	 .4313726	 .7647059	
  .0000974	 .4313726	 .7647059	
  .0000976	 .4313726	 .7647059	
  .0000978	 .509804	 .8431373	
  .000098	 .5882353	 .8431373	
  .0000982	 .509804	 .8823529	
  .0000984	 .509804	 .8823529	
  .0000986	 .5882353	 .8823529	
  .0000988	 .5882353	 .9215686	
  .000099	 .509804	 .9607843	
  .0000992	 .4313726	 1	
  .0000994	 .4313726	 1	
  .0000996	 .4313726	 1	
  .0000998	 .3529412	 1	
  .0001	 .3529412	 1.039216	
  .0001002	 .3529412	 1.039216	
  .0001004	 .3529412	 1.078431	
  .0001006	 .4313726	 1.117647	
  .0001008	 .3529412	 1.078431	
  .000101	 .3529412	 1.117647	
  .0001012	 .3529412	 1.117647	
  .0001014	 .4313726	 1.156863	
  .0001016	 .2745098	 1.156863	
  .0001018	 .2745098	 1.156863	
  .000102	 .3529412	 1.156863	
  .0001022	 .2745098	 1.235294	
  .0001024	 .4313726	 1.196078	
  .0001026	 .2745098	 1.27451	
  .0001028	 .2745098	 1.27451	
  .000103	 .2745098	 1.27451	
  .0001032	 .2745098	 1.313725	
  .0001034	 .3529412	 1.313725	
  .0001036	 .2745098	 1.392157	
  .0001038	 .2745098	 1.352941	
  .000104	 .3529412	 1.392157	
  .0001042	 .2745098	 1.392157	
  .0001044	 .2745098	 1.431373	
  .0001046	 .1960784	 1.392157	
  .0001048	 .2745098	 1.392157	
  .000105	 .1960784	 1.431373	
  .0001052	 .1960784	 1.470588	
  .0001054	 .1960784	 1.470588	
  .0001056	 .1960784	 1.470588	
  .0001058	 .1960784	 1.54902	
  .000106	 .1176471	 1.54902	
  .0001062	 .1960784	 1.509804	
  .0001064	 .1960784	 1.470588	
  .0001066	 .1176471	 1.588235	
  .0001068	 .1176471	 1.54902	
  .000107	 .1960784	 1.588235	
  .0001072	 .1176471	 1.627451	
  .0001074	 .1176471	 1.627451	
  .0001076	 .1176471	 1.666667	
  .0001078	 .1176471	 1.588235	
  .000108	 3.921569E-02	 1.666667	
  .0001082	 .1176471	 1.666667	
  .0001084	 .1960784	 1.666667	
  .0001086	 3.921569E-02	 1.666667	
  .0001088	 .1176471	 1.666667	
  .000109	-3.921569E-02	 1.705882	
  .0001092	-3.921569E-02	 1.705882	
  .0001094	-3.921569E-02	 1.705882	
  .0001096	 3.921569E-02	 1.627451	
  .0001098	 3.921569E-02	 1.705882	
  .00011	-.1176471	 1.666667	
  .0001102	 3.921569E-02	 1.705882	
  .0001104	-3.921569E-02	 1.745098	
  .0001106	-3.921569E-02	 1.745098	
  .0001108	 3.921569E-02	 1.745098	
  .000111	 3.921569E-02	 1.784314	
  .0001112	-3.921569E-02	 1.705882	
  .0001114	-3.921569E-02	 1.666667	
  .0001116	 3.921569E-02	 1.705882	
  .0001118	-3.921569E-02	 1.745098	
  .000112	-3.921569E-02	 1.705882	
  .0001122	-.1176471	 1.784314	
  .0001124	-3.921569E-02	 1.745098	
  .0001126	-.1176471	 1.666667	
  .0001128	-.1176471	 1.745098	
  .000113	-.1176471	 1.784314	
  .0001132	-.1176471	 1.705882	
  .0001134	-.1960784	 1.745098	
  .0001136	-.1176471	 1.745098	
  .0001138	-.1960784	 1.745098	
  .000114	-.2745098	 1.745098	
  .0001142	-.2745098	 1.705882	
  .0001144	-.1960784	 1.705882	
  .0001146	-.3529412	 1.666667	
  .0001148	-.3529412	 1.666667	
  .000115	-.3529412	 1.627451	
  .0001152	-.3529412	 1.666667	
  .0001154	-.4313726	 1.588235	
  .0001156	-.3529412	 1.666667	
  .0001158	-.4313726	 1.705882	
  .000116	-.4313726	 1.666667	
  .0001162	-.4313726	 1.627451	
  .0001164	-.509804	 1.666667	
  .0001166	-.4313726	 1.627451	
  .0001168	-.509804	 1.627451	
  .000117	-.4313726	 1.627451	
  .0001172	-.509804	 1.627451	
  .0001174	-.509804	 1.627451	
  .0001176	-.4313726	 1.627451	
  .0001178	-.4313726	 1.588235	
  .000118	-.5882353	 1.666667	
  .0001182	-.5882353	 1.627451	
  .0001184	-.509804	 1.627451	
  .0001186	-.509804	 1.666667	
  .0001188	-.509804	 1.666667	
  .000119	-.509804	 1.666667	
  .0001192	-.509804	 1.627451	
  .0001194	-.6666667	 1.588235	
  .0001196	-.6666667	 1.54902	
  .0001198	-.7450981	 1.54902	
  .00012	-.6666667	 1.54902	
  .0001202	-.7450981	 1.54902	
  .0001204	-.7450981	 1.54902	
  .0001206	-.7450981	 1.588235	
  .0001208	-.8235294	 1.54902	
  .000121	-.7450981	 1.54902	
  .0001212	-.8235294	 1.470588	
  .0001214	-.8235294	 1.509804	
  .0001216	-.8235294	 1.509804	
  .0001218	-.9019608	 1.509804	
  .000122	-.9803922	 1.509804	
  .0001222	-.6666667	 1.509804	
  .0001224	-.9019608	 1.509804	
  .0001226	-.9019608	 1.54902	
  .0001228	-.9803922	 1.470588	
  .000123	-.8235294	 1.509804	
  .0001232	-.8235294	 1.431373	
  .0001234	-.8235294	 1.470588	
  .0001236	-.8235294	 1.54902	
  .0001238	-.9019608	 1.509804	
  .000124	-.8235294	 1.509804	
  .0001242	-.9019608	 1.470588	
  .0001244	-.9803922	 1.392157	
  .0001246	-.9019608	 1.431373	
  .0001248	-.9019608	 1.431373	
  .000125	-.9019608	 1.470588	
  .0001252	-.9019608	 1.431373	
  .0001254	-.9803922	 1.392157	
  .0001256	-.9019608	 1.470588	
  .0001258	-.9019608	 1.431373	
  .000126	-.8235294	 1.431373	
  .0001262	-.9019608	 1.352941	
  .0001264	-.8235294	 1.392157	
  .0001266	-.9019608	 1.352941	
  .0001268	-.8235294	 1.352941	
  .000127	-.9803922	 1.352941	
  .0001272	-.9019608	 1.313725	
  .0001274	-.9019608	 1.352941	
  .0001276	-.8235294	 1.313725	
  .0001278	-.9019608	 1.352941	
  .000128	-.9803922	 1.313725	
  .0001282	-.8235294	 1.313725	
  .0001284	-.9019608	 1.313725	
  .0001286	-.8235294	 1.313725	
  .0001288	-.9019608	 1.313725	
  .000129	-.9019608	 1.27451	
  .0001292	-.8235294	 1.27451	
  .0001294	-.9019608	 1.196078	
  .0001296	-.9803922	 1.196078	
  .0001298	-.9019608	 1.196078	
  .00013	-.9803922	 1.235294	
  .0001302	-.8235294	 1.235294	
  .0001304	-.9019608	 1.196078	
  .0001306	-.9019608	 1.156863	
  .0001308	-.8235294	 1.196078	
  .000131	-.7450981	 1.196078	
  .0001312	-.8235294	 1.156863	
  .0001314	-.9019608	 1.078431	
  .0001316	-.8235294	 1.156863	
  .0001318	-.8235294	 1.117647	
  .000132	-.8235294	 1.078431	
  .0001322	-.8235294	 1.117647	
  .0001324	-.8235294	 1.078431	
  .0001326	-.8235294	 1.117647	
  .0001328	-.9019608	 1.078431	
  .000133	-.8235294	 1.039216	
  .0001332	-.8235294	 1.039216	
  .0001334	-.7450981	 1	
  .0001336	-.8235294	 1	
  .0001338	-.7450981	 1	
  .000134	-.8235294	 .9607843	
  .0001342	-.7450981	 1	
  .0001344	-.8235294	 .9215686	
  .0001346	-.8235294	 .9215686	
  .0001348	-.8235294	 .8823529	
  .000135	-.7450981	 .9215686	
  .0001352	-.8235294	 .8823529	
  .0001354	-.8235294	 .8823529	
  .0001356	-.8235294	 .9215686	
  .0001358	-.7450981	 .8823529	
  .000136	-.7450981	 .8039216	
  .0001362	-.8235294	 .8431373	
  .0001364	-.7450981	 .8039216	
  .0001366	-.7450981	 .8039216	
  .0001368	-.7450981	 .8039216	
  .000137	-.8235294	 .7254902	
  .0001372	-.7450981	 .8039216	
  .0001374	-.7450981	 .8431373	
  .0001376	-.7450981	 .7254902	
  .0001378	-.6666667	 .7647059	
  .000138	-.7450981	 .7647059	
  .0001382	-.6666667	 .7254902	
  .0001384	-.7450981	 .6862745	
  .0001386	-.6666667	 .6470588	
  .0001388	-.6666667	 .6862745	
  .000139	-.6666667	 .6862745	
  .0001392	-.6666667	 .6078432	
  .0001394	-.7450981	 .5686275	
  .0001396	-.7450981	 .6078432	
  .0001398	-.7450981	 .5294118	
  .00014	-.7450981	 .5686275	
  .0001402	-.6666667	 .5294118	
  .0001404	-.7450981	 .5686275	
  .0001406	-.6666667	 .4901961	
  .0001408	-.6666667	 .4901961	
  .000141	-.6666667	 .4509804	
  .0001412	-.6666667	 .4901961	
  .0001414	-.7450981	 .4901961	
  .0001416	-.6666667	 .4509804	
  .0001418	-.7450981	 .4117647	
  .000142	-.509804	 .4509804	
  .0001422	-.6666667	 .4117647	
  .0001424	-.7450981	 .372549	
  .0001426	-.6666667	 .3333333	
  .0001428	-.6666667	 .3333333	
  .000143	-.509804	 .3333333	
  .0001432	-.6666667	 .3333333	
  .0001434	-.5882353	 .372549	
  .0001436	-.5882353	 .2941177	
  .0001438	-.5882353	 .2941177	
  .000144	-.5882353	 .254902	
  .0001442	-.7450981	 .2156863	
  .0001444	-.5882353	 .2156863	
  .0001446	-.5882353	 .2156863	
  .0001448	-.5882353	 .1764706	
  .000145	-.5882353	 .2156863	
  .0001452	-.509804	 .1764706	
  .0001454	-.5882353	 .2156863	
  .0001456	-.5882353	 .1764706	
  .0001458	-.509804	 .1372549	
  .000146	-.5882353	 9.803922E-02	
  .0001462	-.509804	 9.803922E-02	
  .0001464	-.5882353	 9.803922E-02	
  .0001466	-.509804	 9.803922E-02	
  .0001468	-.5882353	 9.803922E-02	
  .000147	-.509804	 9.803922E-02	
  .0001472	-.509804	 5.882353E-02	
  .0001474	-.509804	 1.960784E-02	
  .0001476	-.509804	 5.882353E-02	
  .0001478	-.509804	 5.882353E-02	
  .000148	-.5882353	-5.882353E-02	
  .0001482	-.5882353	 1.960784E-02	
  .0001484	-.509804	-1.960784E-02	
  .0001486	-.509804	-1.960784E-02	
  .0001488	-.5882353	-5.882353E-02	
  .000149	-.509804	-5.882353E-02	
  .0001492	-.4313726	-9.803922E-02	
  .0001494	-.4313726	-9.803922E-02	
  .0001496	-.509804	-9.803922E-02	
  .0001498	-.509804	-.1372549	
  .00015	-.509804	-.1372549	
  .0001502	-.509804	-.1764706	
  .0001504	-.509804	-.1372549	
  .0001506	-.509804	-.1764706	
  .0001508	-.4313726	-.2156863	
  .000151	-.4313726	-.1764706	
  .0001512	-.3529412	-.2156863	
  .0001514	-.509804	-.2156863	
  .0001516	-.4313726	-.254902	
  .0001518	-.4313726	-.254902	
  .000152	-.3529412	-.254902	
  .0001522	-.4313726	-.2941177	
  .0001524	-.3529412	-.254902	
  .0001526	-.4313726	-.2941177	
  .0001528	-.2745098	-.372549	
  .000153	-.4313726	-.3333333	
  .0001532	-.3529412	-.3333333	
  .0001534	-.3529412	-.372549	
  .0001536	-.4313726	-.372549	
  .0001538	-.3529412	-.372549	
  .000154	-.3529412	-.4509804	
  .0001542	-.3529412	-.4117647	
  .0001544	-.3529412	-.4117647	
  .0001546	-.3529412	-.4509804	
  .0001548	-.2745098	-.4509804	
  .000155	-.3529412	-.5294118	
  .0001552	-.3529412	-.4901961	
  .0001554	-.4313726	-.4901961	
  .0001556	-.2745098	-.4901961	
  .0001558	-.1960784	-.5294118	
  .000156	-.2745098	-.5294118	
  .0001562	-.1960784	-.5686275	
  .0001564	-.2745098	-.5686275	
  .0001566	-.2745098	-.5294118	
  .0001568	-.2745098	-.5686275	
  .000157	-.2745098	-.6078432	
  .0001572	-.2745098	-.5686275	
  .0001574	-.1960784	-.6470588	
  .0001576	-.2745098	-.6470588	
  .0001578	-.1960784	-.6470588	
  .000158	-.2745098	-.6470588	
  .0001582	-.1960784	-.6470588	
  .0001584	-.1960784	-.7254902	
  .0001586	-.2745098	-.6470588	
  .0001588	-.1176471	-.6862745	
  .000159	-.1960784	-.7254902	
  .0001592	-.2745098	-.7647059	
  .0001594	-.2745098	-.7254902	
  .0001596	-.2745098	-.7254902	
  .0001598	-.1960784	-.6862745	
  .00016	-.1960784	-.7647059	
  .0001602	-.1960784	-.7647059	
  .0001604	-.1960784	-.8039216	
  .0001606	-.1176471	-.8039216	
  .0001608	-.1176471	-.7647059	
  .000161	-.1176471	-.8039216	
  .0001612	-.1176471	-.8431373	
  .0001614	-.1960784	-.8431373	
  .0001616	-.1176471	-.8431373	
  .0001618	-3.921569E-02	-.8431373	
  .000162	-.1176471	-.8431373	
  .0001622	-.1176471	-.8431373	
  .0001624	-3.921569E-02	-.8431373	
  .0001626	-3.921569E-02	-.8823529	
  .0001628	-3.921569E-02	-.9215686	
  .000163	-3.921569E-02	-.8823529	
  .0001632	-.1176471	-.8823529	
  .0001634	-.1176471	-.8823529	
  .0001636	-.1176471	-.8823529	
  .0001638	 3.921569E-02	-.9607843	
  .000164	-.1176471	-.9607843	
  .0001642	-3.921569E-02	-.9607843	
  .0001644	-.1176471	-.9215686	
  .0001646	-3.921569E-02	-.9215686	
  .0001648	 3.921569E-02	-.9607843	
  .000165	-.1176471	-.9607843	
  .0001652	 3.921569E-02	-1	
  .0001654	-3.921569E-02	-.9607843	
  .0001656	 3.921569E-02	-.9607843	
  .0001658	-3.921569E-02	-1	
  .000166	-3.921569E-02	-1.039216	
  .0001662	-3.921569E-02	-1.039216	
  .0001664	 .1176471	-1	
  .0001666	 3.921569E-02	-1	
  .0001668	 3.921569E-02	-1.039216	
  .000167	 3.921569E-02	-1	
  .0001672	 3.921569E-02	-1.039216	
  .0001674	-3.921569E-02	-1.039216	
  .0001676	 3.921569E-02	-1.039216	
  .0001678	-3.921569E-02	-1.078431	
  .000168	 3.921569E-02	-1.039216	
  .0001682	 3.921569E-02	-1.078431	
  .0001684	 .1176471	-1.078431	
  .0001686	 .1176471	-1.078431	
  .0001688	 .1176471	-1.078431	
  .000169	 3.921569E-02	-1.117647	
  .0001692	 .1176471	-1.117647	
  .0001694	 3.921569E-02	-1.078431	
  .0001696	 .1176471	-1.078431	
  .0001698	 3.921569E-02	-1.117647	
  .00017	 .1176471	-1.117647	
  .0001702	 .1176471	-1.156863	
  .0001704	 3.921569E-02	-1.156863	
  .0001706	 .1960784	-1.117647	
  .0001708	 .1960784	-1.117647	
  .000171	 .1960784	-1.156863	
  .0001712	 .1176471	-1.078431	
  .0001714	 .2745098	-1.078431	
  .0001716	 .3529412	-1.039216	
  .0001718	 .3529412	-1.078431	
  .000172	 .4313726	-1.078431	
  .0001722	 .4313726	-1.039216	
  .0001724	 .4313726	-1.039216	
  .0001726	 .4313726	-1.039216	
  .0001728	 .4313726	-1.078431	
  .000173	 .5882353	-1	
  .0001732	 .5882353	-1.039216	
  .0001734	 .5882353	-1.039216	
  .0001736	 .5882353	-1	
  .0001738	 .6666667	-1	
  .000174	 .6666667	-1.039216	
  .0001742	 .7450981	-1.039216	
  .0001744	 .6666667	-1.039216	
  .0001746	 .7450981	-1	
  .0001748	 .7450981	-1.039216	
  .000175	 .7450981	-1.039216	
  .0001752	 .7450981	-1	
  .0001754	 .8235294	-1.039216	
  .0001756	 .7450981	-1	
  .0001758	 .7450981	-1.039216	
  .000176	 .8235294	-1.039216	
  .0001762	 .8235294	-1.039216	
  .0001764	 .7450981	-1	
  .0001766	 .8235294	-1.039216	
  .0001768	 .8235294	-1.039216	
  .000177	 .8235294	-.9215686	
  .0001772	 .9803922	-1	
  .0001774	 .8235294	-.9607843	
  .0001776	 .8235294	-1	
  .0001778	 .9019608	-1	
  .000178	 .9019608	-1	
  .0001782	 .9019608	-1	
  .0001784	 .8235294	-1	
  .0001786	 .8235294	-.9607843	
  .0001788	 .9019608	-1.039216	
  .000179	 .7450981	-1.039216	
  .0001792	 .8235294	-.9607843	
  .0001794	 .9019608	-1	
  .0001796	 .9019608	-.9607843	
  .0001798	 .7450981	-1	
  .00018	 .8235294	-.9607843	
  .0001802	 .8235294	-.9607843	
  .0001804	 .8235294	-.9607843	
  .0001806	 .9019608	-.9215686	
  .0001808	 .8235294	-.9607843	
  .000181	 .9019608	-.9607843	
  .0001812	 .8235294	-1	
  .0001814	 .8235294	-.9607843	
  .0001816	 .9803922	-.9607843	
  .0001818	 .9019608	-.9607843	
  .000182	 .8235294	-.9215686	
  .0001822	 .8235294	-.9607843	
  .0001824	 .8235294	-.9607843	
  .0001826	 .9019608	-.9607843	
  .0001828	 .9019608	-.9215686	
  .000183	 .9019608	-.8823529	
  .0001832	 .8235294	-.9215686	
  .0001834	 .8235294	-.9607843	
  .0001836	 .9019608	-.9215686	
  .0001838	 .9019608	-.8823529	
  .000184	 .8235294	-.8823529	
  .0001842	 .7450981	-.8823529	
  .0001844	 .8235294	-.9215686	
  .0001846	 .8235294	-.8823529	
  .0001848	 .8235294	-.8431373	
  .000185	 .9803922	-.8823529	
  .0001852	 .8235294	-.8823529	
  .0001854	 .8235294	-.8431373	
  .0001856	 .8235294	-.8431373	
  .0001858	 .7450981	-.8431373	
  .000186	 .8235294	-.8431373	
  .0001862	 .9019608	-.8039216	
  .0001864	 .9019608	-.8039216	
  .0001866	 .8235294	-.8039216	
  .0001868	 .9019608	-.7647059	
  .000187	 .9019608	-.8431373	
  .0001872	 .8235294	-.7647059	
  .0001874	 .9019608	-.7647059	
  .0001876	 .9019608	-.8039216	
  .0001878	 .8235294	-.8039216	
  .000188	 .8235294	-.7647059	
  .0001882	 .9019608	-.7254902	
  .0001884	 .9019608	-.7647059	
  .0001886	 .9019608	-.7647059	
  .0001888	 .8235294	-.7254902	
  .000189	 .7450981	-.7647059	
  .0001892	 .9019608	-.7254902	
  .0001894	 .8235294	-.7254902	
  .0001896	 .7450981	-.6470588	
  .0001898	 .8235294	-.6862745	
  .00019	 .7450981	-.7254902	
  .0001902	 .9019608	-.6862745	
  .0001904	 .8235294	-.6862745	
  .0001906	 .7450981	-.6470588	
  .0001908	 .8235294	-.6470588	
  .000191	 .7450981	-.6470588	
  .0001912	 .8235294	-.6862745	
  .0001914	 .9019608	-.6470588	
  .0001916	 .9019608	-.6078432	
  .0001918	 .9019608	-.6470588	
  .000192	 .9019608	-.5686275	
  .0001922	 .6666667	-.5686275	
  .0001924	 .8235294	-.6078432	
  .0001926	 .7450981	-.5686275	
  .0001928	 .9019608	-.5294118	
  .000193	 .8235294	-.5686275	
  .0001932	 .8235294	-.5686275	
  .0001934	 .8235294	-.5686275	
  .0001936	 .8235294	-.5686275	
  .0001938	 .6666667	-.5294118	
  .000194	 .7450981	-.5686275	
  .0001942	 .7450981	-.5294118	
  .0001944	 .8235294	-.4901961	
  .0001946	 .7450981	-.5294118	
  .0001948	 .7450981	-.4901961	
  .000195	 .8235294	-.5294118	
  .0001952	 .8235294	-.4901961	
  .0001954	 .7450981	-.4901961	
  .0001956	 .6666667	-.4901961	
  .0001958	 .8235294	-.4509804	
  .000196	 .6666667	-.4509804	
  .0001962	 .7450981	-.372549	
  .0001964	 .6666667	-.4509804	
  .0001966	 .7450981	-.4117647	
  .0001968	 .7450981	-.4117647	
  .000197	 .9019608	-.4117647	
  .0001972	 .7450981	-.3333333	
  .0001974	 .7450981	-.372549	
  .0001976	 .7450981	-.2941177	
  .0001978	 .8235294	-.3333333	
  .000198	 .6666667	-.372549	
  .0001982	 .7450981	-.2941177	
  .0001984	 .7450981	-.2941177	
  .0001986	 .7450981	-.3333333	
  .0001988	 .7450981	-.3333333	
  .000199	 .7450981	-.2941177	
  .0001992	 .8235294	-.2941177	
  .0001994	 .7450981	-.254902	
  .0001996	 .7450981	-.254902	
  .0001998	 .6666667	-.2156863	
  .0002	 .5882353	-.254902	
  .0002002	 .6666667	-.254902	
  .0002004	 .5882353	-.254902	
  .0002006	 .6666667	-.254902	
  .0002008	 .6666667	-.2156863	
  .000201	 .6666667	-.2156863	
  .0002012	 .6666667	-.1764706	
  .0002014	 .7450981	-.1764706	
  .0002016	 .6666667	-.1764706	
  .0002018	 .6666667	-.1372549	
  .000202	 .6666667	-.1372549	
  .0002022	 .6666667	-.1372549	
  .0002024	 .6666667	-.1764706	
  .0002026	 .5882353	-9.803922E-02	
  .0002028	 .6666667	-9.803922E-02	
  .000203	 .5882353	-5.882353E-02	
  .0002032	 .5882353	-5.882353E-02	
  .0002034	 .6666667	-5.882353E-02	
  .0002036	 .5882353	-5.882353E-02	
  .0002038	 .5882353	-1.960784E-02	
  .000204	 .5882353	-1.960784E-02	
  .0002042	 .5882353	-1.960784E-02	
  .0002044	 .5882353	 1.960784E-02	
  .0002046	 .5882353	-1.960784E-02	
  .0002048	 .7450981	 1.960784E-02	
  .000205	 .5882353	 1.960784E-02	
  .0002052	 .6666667	 5.882353E-02	
  .0002054	 .5882353	 1.960784E-02	
  .0002056	 .5882353	 5.882353E-02	
  .0002058	 .5882353	 5.882353E-02	
  .000206	 .5882353	 5.882353E-02	
  .0002062	 .5882353	 9.803922E-02	
  .0002064	 .5882353	 9.803922E-02	
  .0002066	 .5882353	 5.882353E-02	
  .0002068	 .6666667	 5.882353E-02	
  .000207	 .509804	 .1372549	
  .0002072	 .5882353	 .1372549	
  .0002074	 .5882353	 9.803922E-02	
  .0002076	 .509804	 .1372549	
  .0002078	 .5882353	 .2156863	
  .000208	 .509804	 .2156863	
  .0002082	 .4313726	 .1372549	
  .0002084	 .5882353	 .1764706	
  .0002086	 .509804	 .1764706	
  .0002088	 .509804	 .2156863	
  .000209	 .509804	 .1764706	
  .0002092	 .4313726	 .2156863	
  .0002094	 .509804	 .254902	
  .0002096	 .509804	 .254902	
  .0002098	 .4313726	 .254902	
  .00021	 .5882353	 .254902	
  .0002102	 .509804	 .254902	
  .0002104	 .4313726	 .2941177	
  .0002106	 .4313726	 .254902	
  .0002108	 .509804	 .2941177	
  .000211	 .4313726	 .2941177	
  .0002112	 .509804	 .3333333	
  .0002114	 .509804	 .2941177	
  .0002116	 .5882353	 .2941177	
  .0002118	 .5882353	 .372549	
  .000212	 .4313726	 .372549	
  .0002122	 .4313726	 .2941177	
  .0002124	 .509804	 .372549	
  .0002126	 .509804	 .372549	
  .0002128	 .4313726	 .372549	
  .000213	 .3529412	 .372549	
  .0002132	 .4313726	 .372549	
  .0002134	 .4313726	 .4117647	
  .0002136	 .3529412	 .4117647	
  .0002138	 .3529412	 .4117647	
  .000214	 .4313726	 .372549	
  .0002142	 .509804	 .4117647	
  .0002144	 .3529412	 .372549	
  .0002146	 .3529412	 .4509804	
  .0002148	 .4313726	 .4901961	
  .000215	 .4313726	 .4509804	
  .0002152	 .3529412	 .4901961	
  .0002154	 .3529412	 .4509804	
  .0002156	 .4313726	 .4117647	
  .0002158	 .3529412	 .4901961	
  .000216	 .4313726	 .4509804	
  .0002162	 .2745098	 .5294118	
  .0002164	 .3529412	 .4901961	
  .0002166	 .3529412	 .5294118	
  .0002168	 .4313726	 .4509804	
  .000217	 .3529412	 .5294118	
  .0002172	 .4313726	 .5294118	
  .0002174	 .4313726	 .5686275	
  .0002176	 .4313726	 .5686275	
  .0002178	 .3529412	 .5686275	
  .000218	 .3529412	 .5686275	
  .0002182	 .4313726	 .6078432	
  .0002184	 .3529412	 .5686275	
  .0002186	 .2745098	 .5686275	
  .0002188	 .3529412	 .5686275	
  .000219	 .2745098	 .5686275	
  .0002192	 .3529412	 .6078432	
  .0002194	 .2745098	 .6078432	
  .0002196	 .1960784	 .6078432	
  .0002198	 .2745098	 .6078432	
  .00022	 .2745098	 .6078432	
  .0002202	 .2745098	 .6470588	
  .0002204	 .2745098	 .6470588	
  .0002206	 .1960784	 .6078432	
  .0002208	 .2745098	 .6470588	
  .000221	 .1960784	 .6862745	
  .0002212	 .3529412	 .6470588	
  .0002214	 .2745098	 .6470588	
  .0002216	 .2745098	 .6862745	
  .0002218	 .1960784	 .6470588	
  .000222	 .2745098	 .6470588	
  .0002222	 .2745098	 .6078432	
  .0002224	 .1960784	 .7254902	
  .0002226	 .2745098	 .6862745	
  .0002228	 .2745098	 .6862745	
  .000223	 .1960784	 .6862745	
  .0002232	 .1960784	 .6862745	
  .0002234	 .1960784	 .7254902	
  .0002236	 .1960784	 .6862745	
  .0002238	 .1960784	 .7254902	
  .000224	 .1176471	 .7254902	
  .0002242	 .1960784	 .7254902	
  .0002244	 .1176471	 .6862745	
  .0002246	 .1960784	 .7254902	
  .0002248	 .1176471	 .7647059	
  .000225	 .1960784	 .7254902	
  .0002252	 .1960784	 .7254902	
  .0002254	 .1960784	 .6862745	
  .0002256	 3.921569E-02	 .7254902	
  .0002258	 .1960784	 .7254902	
  .000226	 .1176471	 .7647059	
  .0002262	 .1176471	 .7254902	
  .0002264	 3.921569E-02	 .7647059	
  .0002266	 .1176471	 .7254902	
  .0002268	 .1176471	 .8039216	
  .000227	 3.921569E-02	 .7647059	
  .0002272	 .1176471	 .7647059	
  .0002274	 3.921569E-02	 .7254902	
  .0002276	 .1176471	 .8039216	
  .0002278	 3.921569E-02	 .7647059	
  .000228	-3.921569E-02	 .7254902	
  .0002282	-3.921569E-02	 .7254902	
  .0002284	-.1176471	 .6862745	
  .0002286	-3.921569E-02	 .6862745	
  .0002288	-.1176471	 .6862745	
  .000229	-.1176471	 .7647059	
  .0002292	-.1176471	 .8039216	
  .0002294	-.1176471	 .7254902	
  .0002296	-.1176471	 .7254902	
  .0002298	-.1176471	 .7254902	
  .00023	-.1176471	 .7254902	
  .0002302	-.1176471	 .7647059	
  .0002304	-.1176471	 .6862745	
  .0002306	-.1176471	 .8039216	
  .0002308	-.1960784	 .7254902	
  .000231	-.1960784	 .7254902	
  .0002312	-.1176471	 .7254902	
  .0002314	-.1960784	 .6862745	
  .0002316	-.1176471	 .7647059	
  .0002318	-.1960784	 .7647059	
  .000232	-.1960784	 .6862745	
  .0002322	-.3529412	 .7647059	
  .0002324	-.1176471	 .7647059	
  .0002326	-.1176471	 .7647059	
  .0002328	-.1960784	 .8039216	
  .000233	-.1960784	 .7647059	
  .0002332	-.1176471	 .7647059	
  .0002334	-.1960784	 .7647059	
  .0002336	-.2745098	 .7647059	
  .0002338	-.1960784	 .7254902	
  .000234	-.1176471	 .7254902	
  .0002342	-.2745098	 .6862745	
  .0002344	-.1960784	 .7647059	
  .0002346	-.2745098	 .7254902	
  .0002348	-.1960784	 .7647059	
  .000235	-.1960784	 .7254902	
  .0002352	-.2745098	 .7254902	
  .0002354	-.1960784	 .6862745	
  .0002356	-.2745098	 .7254902	
  .0002358	-.2745098	 .6862745	
  .000236	-.1960784	 .6862745	
  .0002362	-.1960784	 .7254902	
  .0002364	-.1960784	 .7254902	
  .0002366	-.1176471	 .7254902	
  .0002368	-.2745098	 .7254902	
  .000237	-.1960784	 .7254902	
  .0002372	-.1960784	 .7254902	
  .0002374	-.1960784	 .7647059	
  .0002376	-.2745098	 .6862745	
  .0002378	-.2745098	 .7647059	
  .000238	-.2745098	 .7254902	
  .0002382	-.1960784	 .7254902	
  .0002384	-.2745098	 .6862745	
  .0002386	-.1960784	 .6862745	
  .0002388	-.1960784	 .7254902	
  .000239	-.1960784	 .6470588	
  .0002392	-.2745098	 .6862745	
  .0002394	-.2745098	 .6862745	
  .0002396	-.2745098	 .6862745	
  .0002398	-.1960784	 .6470588	
  .00024	-.1960784	 .6862745	
  .0002402	-.1960784	 .6862745	
  .0002404	-.2745098	 .6862745	
  .0002406	-.1960784	 .6862745	
  .0002408	-.1960784	 .6862745	
  .000241	-.1176471	 .6862745	
  .0002412	-.2745098	 .6862745	
  .0002414	-.2745098	 .7254902	
  .0002416	-.1960784	 .6078432	
  .0002418	-.1960784	 .6470588	
  .000242	-.1960784	 .6078432	
  .0002422	-.2745098	 .6470588	
  .0002424	-.1960784	 .6470588	
  .0002426	-.1176471	 .6862745	
  .0002428	-.3529412	 .6078432	
  .000243	-.2745098	 .6078432	
  .0002432	-.2745098	 .6078432	
  .0002434	-.1960784	 .6078432	
  .0002436	-.2745098	 .6078432	
  .0002438	-.2745098	 .6470588	
  .000244	-.2745098	 .6470588	
  .0002442	-.1960784	 .5686275	
  .0002444	-.1960784	 .6470588	
  .0002446	-.1960784	 .6078432	
  .0002448	-.1960784	 .5686275	
  .000245	-.1960784	 .5686275	
  .0002452	-.1960784	 .5686275	
  .0002454	-.1960784	 .5686275	
  .0002456	-.1176471	 .5686275	
  .0002458	-.1960784	 .5686275	
  .000246	-.1960784	 .5294118	
  .0002462	-.1960784	 .5294118	
  .0002464	-.1960784	 .5294118	
  .0002466	-.2745098	 .6078432	
  .0002468	-.1960784	 .5294118	
  .000247	-.2745098	 .4901961	
  .0002472	-.2745098	 .5294118	
  .0002474	-.1960784	 .5686275	
  .0002476	-.2745098	 .5294118	
  .0002478	-.2745098	 .5294118	
  .000248	-.1960784	 .5294118	
  .0002482	-.1960784	 .4901961	
  .0002484	-.2745098	 .4901961	
  .0002486	-.2745098	 .4117647	
  .0002488	-.1960784	 .4901961	
  .000249	-.1960784	 .4509804	
  .0002492	-.1960784	 .4509804	
  .0002494	-.1960784	 .4901961	
  .0002496	-.2745098	 .4509804	
  .0002498	-3.921569E-02	 .4117647	
  .00025	-.1960784	 .4509804	
  .0002502	-.1960784	 .4117647	
  .0002504	-.2745098	 .4509804	
  .0002506	-.1960784	 .4509804	
  .0002508	-.1960784	 .372549	
  .000251	-.1176471	 .4117647	
  .0002512	-.1960784	 .4117647	
  .0002514	-.1960784	 .4509804	
  .0002516	-.1960784	 .4117647	
  .0002518	-.2745098	 .3333333	
  .000252	-.1960784	 .372549	
  .0002522	-.1176471	 .372549	
  .0002524	-.1176471	 .372549	
  .0002526	-.1960784	 .372549	
  .0002528	-.1176471	 .3333333	
  .000253	-.1176471	 .4117647	
  .0002532	-.1960784	 .3333333	
  .0002534	-.1176471	 .3333333	
  .0002536	-.1176471	 .254902	
  .0002538	-.1176471	 .2941177	
  .000254	-.1960784	 .254902	
  .0002542	-.1176471	 .2941177	
  .0002544	-.2745098	 .2941177	
  .0002546	-.1960784	 .2941177	
  .0002548	-.2745098	 .3333333	
  .000255	-.1960784	 .2941177	
  .0002552	-3.921569E-02	 .254902	
  .0002554	-3.921569E-02	 .254902	
  .0002556	-.1960784	 .254902	
  .0002558	-.1176471	 .2156863	
  .000256	-.1176471	 .254902	
  .0002562	-.1176471	 .2156863	
  .0002564	-3.921569E-02	 .2156863	
  .0002566	-.1176471	 .2156863	
  .0002568	-.1176471	 .254902	
  .000257	-3.921569E-02	 .2156863	
  .0002572	-3.921569E-02	 .2156863	
  .0002574	-3.921569E-02	 .1764706	
  .0002576	-.1176471	 .254902	
  .0002578	-3.921569E-02	 .2156863	
  .000258	-.1960784	 .1372549	
  .0002582	-.1960784	 .1372549	
  .0002584	-3.921569E-02	 .1764706	
  .0002586	-3.921569E-02	 .1372549	
  .0002588	-.1176471	 .1372549	
  .000259	-3.921569E-02	 .1372549	
  .0002592	-.1176471	 .1372549	
  .0002594	-.1176471	 5.882353E-02	
  .0002596	-.1176471	 9.803922E-02	
  .0002598	-3.921569E-02	 9.803922E-02	
  .00026	-3.921569E-02	 5.882353E-02	
  .0002602	-.1176471	 5.882353E-02	
  .0002604	-3.921569E-02	 9.803922E-02	
  .0002606	-3.921569E-02	 9.803922E-02	
  .0002608	 3.921569E-02	 9.803922E-02	
  .000261	-.1960784	 5.882353E-02	
  .0002612	-.1176471	 5.882353E-02	
  .0002614	-.1176471	 5.882353E-02	
  .0002616	-3.921569E-02	 5.882353E-02	
  .0002618	 3.921569E-02	 1.960784E-02	
  .000262	-3.921569E-02	 5.882353E-02	
  .0002622	-3.921569E-02	 1.960784E-02	
  .0002624	-3.921569E-02	 5.882353E-02	
  .0002626	-3.921569E-02	 1.960784E-02	
  .0002628	-.1176471	 1.960784E-02	
  .000263	-3.921569E-02	-1.960784E-02	
  .0002632	-3.921569E-02	-1.960784E-02	
  .0002634	-3.921569E-02	-5.882353E-02	
  .0002636	-3.921569E-02	-1.960784E-02	
  .0002638	-.1176471	 1.960784E-02	
  .000264	-3.921569E-02	-5.882353E-02	
  .0002642	 3.921569E-02	-1.960784E-02	
  .0002644	-3.921569E-02	-5.882353E-02	
  .0002646	-3.921569E-02	-1.960784E-02	
  .0002648	-3.921569E-02	-5.882353E-02	
  .000265	-3.921569E-02	-5.882353E-02	
  .0002652	-.1176471	-9.803922E-02	
  .0002654	-3.921569E-02	-9.803922E-02	
  .0002656	-3.921569E-02	-5.882353E-02	
  .0002658	 3.921569E-02	-9.803922E-02	
  .000266	 3.921569E-02	-9.803922E-02	
  .0002662	 3.921569E-02	-.1372549	
  .0002664	-.1176471	-9.803922E-02	
  .0002666	 3.921569E-02	-9.803922E-02	
  .0002668	 3.921569E-02	-.1372549	
  .000267	-3.921569E-02	-.1372549	
  .0002672	 3.921569E-02	-.1372549	
  .0002674	 3.921569E-02	-.1372549	
  .0002676	 3.921569E-02	-.1372549	
  .0002678	-3.921569E-02	-.1372549	
  .000268	-3.921569E-02	-.1764706	
  .0002682	 3.921569E-02	-.1764706	
  .0002684	 3.921569E-02	-.1764706	
  .0002686	 3.921569E-02	-.1764706	
  .0002688	 3.921569E-02	-.1372549	
  .000269	 3.921569E-02	-.2156863	
  .0002692	 3.921569E-02	-.2156863	
  .0002694	 3.921569E-02	-.254902	
  .0002696	 .1176471	-.1764706	
  .0002698	 3.921569E-02	-.2156863	
  .00027	 3.921569E-02	-.254902	
  .0002702	 .1176471	-.1764706	
  .0002704	 3.921569E-02	-.254902	
  .0002706	 .1176471	-.254902	
  .0002708	 .1960784	-.2156863	
  .000271	 3.921569E-02	-.2941177	
  .0002712	 .1176471	-.1764706	
  .0002714	 3.921569E-02	-.2941177	
  .0002716	 .1176471	-.2941177	
  .0002718	 .1176471	-.254902	
  .000272	 .1176471	-.254902	
  .0002722	 .1960784	-.2941177	
  .0002724	 3.921569E-02	-.2941177	
  .0002726	 .1176471	-.2941177	
  .0002728	 .1176471	-.254902	
  .000273	 3.921569E-02	-.3333333	
  .0002732	 3.921569E-02	-.3333333	
  .0002734	 .1960784	-.372549	
  .0002736	 .2745098	-.2941177	
  .0002738	 3.921569E-02	-.372549	
  .000274	 .1176471	-.3333333	
  .0002742	 3.921569E-02	-.3333333	
  .0002744	 .1960784	-.372549	
  .0002746	 .1960784	-.3333333	
  .0002748	 .1176471	-.372549	
  .000275	 .1960784	-.372549	
  .0002752	 .1176471	-.372549	
  .0002754	 .1960784	-.3333333	
  .0002756	 .1176471	-.372549	
  .0002758	 .1176471	-.372549	
  .000276	 .1176471	-.3333333	
  .0002762	 .2745098	-.372549	
  .0002764	 .1176471	-.372549	
  .0002766	 .1176471	-.372549	
  .0002768	 .1960784	-.372549	
  .000277	 .2745098	-.372549	
  .0002772	 .2745098	-.4117647	
  .0002774	 .1960784	-.372549	
  .0002776	 .1960784	-.4117647	
  .0002778	 .1176471	-.4509804	
  .000278	 .1960784	-.4117647	
  .0002782	 .1176471	-.4117647	
  .0002784	 .1960784	-.4117647	
  .0002786	 .1960784	-.4117647	
  .0002788	 .1960784	-.4509804	
  .000279	 .2745098	-.4117647	
  .0002792	 .1960784	-.4117647	
  .0002794	 .1960784	-.4117647	
  .0002796	 .2745098	-.4509804	
  .0002798	 .1960784	-.4901961	
  .00028	 .1960784	-.4901961	
  .0002802	 .2745098	-.4509804	
  .0002804	 .2745098	-.4509804	
  .0002806	 .3529412	-.4509804	
  .0002808	 .2745098	-.4509804	
  .000281	 .1960784	-.4901961	
  .0002812	 .1960784	-.4901961	
  .0002814	 .2745098	-.4901961	
  .0002816	 .3529412	-.5294118	
  .0002818	 .1960784	-.4509804	
  .000282	 .2745098	-.4901961	
  .0002822	 .2745098	-.4509804	
  .0002824	 .2745098	-.4901961	
  .0002826	 .1960784	-.5294118	
  .0002828	 .2745098	-.4901961	
  .000283	 .2745098	-.5294118	
  .0002832	 .2745098	-.4901961	
  .0002834	 .2745098	-.4901961	
  .0002836	 .3529412	-.4901961	
  .0002838	 .2745098	-.5294118	
  .000284	 .3529412	-.4901961	
  .0002842	 .3529412	-.5294118	
  .0002844	 .3529412	-.4901961	
  .0002846	 .1960784	-.5294118	
  .0002848	 .2745098	-.4901961	
  .000285	 .1960784	-.5294118	
  .0002852	 .2745098	-.5294118	
  .0002854	 .3529412	-.4901961	
  .0002856	 .2745098	-.4901961	
  .0002858	 .3529412	-.5294118	
  .000286	 .3529412	-.5686275	
  .0002862	 .1960784	-.5294118	
  .0002864	 .1960784	-.5294118	
  .0002866	 .3529412	-.5686275	
  .0002868	 .3529412	-.5686275	
  .000287	 .3529412	-.4901961	
  .0002872	 .2745098	-.4901961	
  .0002874	 .3529412	-.5294118	
  .0002876	 .2745098	-.5294118	
  .0002878	 .3529412	-.5294118	
  .000288	 .2745098	-.5294118	
  .0002882	 .3529412	-.5294118	
  .0002884	 .3529412	-.5294118	
  .0002886	 .3529412	-.4901961	
  .0002888	 .2745098	-.5294118	
  .000289	 .2745098	-.5294118	
  .0002892	 .3529412	-.5294118	
  .0002894	 .4313726	-.5294118	
  .0002896	 .3529412	-.5294118	
  .0002898	 .3529412	-.5294118	
  .00029	 .2745098	-.4901961	
  .0002902	 .1960784	-.5294118	
  .0002904	 .2745098	-.5294118	
  .0002906	 .3529412	-.5294118	
  .0002908	 .3529412	-.5686275	
  .000291	 .3529412	-.5294118	
  .0002912	 .2745098	-.5294118	
  .0002914	 .3529412	-.5294118	
  .0002916	 .2745098	-.5294118	
  .0002918	 .3529412	-.4901961	
  .000292	 .4313726	-.5294118	
  .0002922	 .3529412	-.5294118	
  .0002924	 .3529412	-.4901961	
  .0002926	 .4313726	-.5294118	
  .0002928	 .2745098	-.5294118	
  .000293	 .2745098	-.5686275	
  .0002932	 .4313726	-.5686275	
  .0002934	 .3529412	-.4901961	
  .0002936	 .3529412	-.5686275	
  .0002938	 .2745098	-.5686275	
  .000294	 .2745098	-.5294118	
  .0002942	 .3529412	-.5294118	
  .0002944	 .3529412	-.5294118	
  .0002946	 .3529412	-.5294118	
  .0002948	 .3529412	-.5294118	
  .000295	 .3529412	-.5294118	
  .0002952	 .2745098	-.4901961	
  .0002954	 .3529412	-.5294118	
  .0002956	 .2745098	-.4901961	
  .0002958	 .3529412	-.4901961	
  .000296	 .3529412	-.5294118	
  .0002962	 .3529412	-.5294118	
  .0002964	 .3529412	-.4901961	
  .0002966	 .4313726	-.4901961	
  .0002968	 .4313726	-.4901961	
  .000297	 .4313726	-.4901961	
  .0002972	 .3529412	-.4117647	
  .0002974	 .3529412	-.4901961	
  .0002976	 .3529412	-.5294118	
  .0002978	 .3529412	-.4901961	
  .000298	 .2745098	-.4901961	
  .0002982	 .3529412	-.4901961	
  .0002984	 .3529412	-.4509804	
  .0002986	 .3529412	-.4901961	
  .0002988	 .3529412	-.4509804	
  .000299	 .3529412	-.4509804	
  .0002992	 .2745098	-.4901961	
  .0002994	 .3529412	-.4901961	
  .0002996	 .3529412	-.4901961	
  .0002998	 .3529412	-.4901961	
  .0003	 .2745098	-.4901961	
  .0003002	 .2745098	-.4117647	
  .0003004	 .4313726	-.4509804	
  .0003006	 .2745098	-.4509804	
  .0003008	 .4313726	-.4117647	
  .000301	 .2745098	-.4509804	
  .0003012	 .3529412	-.4117647	
  .0003014	 .4313726	-.4509804	
  .0003016	 .3529412	-.4117647	
  .0003018	 .4313726	-.4117647	
  .000302	 .2745098	-.4117647	
  .0003022	 .3529412	-.4117647	
  .0003024	 .3529412	-.4117647	
  .0003026	 .2745098	-.4117647	
  .0003028	 .2745098	-.4117647	
  .000303	 .2745098	-.4117647	
  .0003032	 .2745098	-.4117647	
  .0003034	 .2745098	-.372549	
  .0003036	 .3529412	-.372549	
  .0003038	 .3529412	-.372549	
  .000304	 .2745098	-.3333333	
  .0003042	 .2745098	-.3333333	
  .0003044	 .3529412	-.4117647	
  .0003046	 .2745098	-.372549	
  .0003048	 .1960784	-.4117647	
  .000305	 .3529412	-.3333333	
  .0003052	 .2745098	-.3333333	
  .0003054	 .2745098	-.372549	
  .0003056	 .2745098	-.372549	
  .0003058	 .2745098	-.3333333	
  .000306	 .1960784	-.2941177	
  .0003062	 .2745098	-.2941177	
  .0003064	 .1960784	-.3333333	
  .0003066	 .2745098	-.3333333	
  .0003068	 .2745098	-.2941177	
  .000307	 .2745098	-.2941177	
  .0003072	 .2745098	-.3333333	
  .0003074	 .3529412	-.2941177	
  .0003076	 .1960784	-.2941177	
  .0003078	 .1960784	-.2941177	
  .000308	 .1960784	-.2941177	
  .0003082	 .2745098	-.2941177	
  .0003084	 .2745098	-.254902	
  .0003086	 .1960784	-.2941177	
  .0003088	 .2745098	-.2941177	
  .000309	 .1960784	-.254902	
  .0003092	 .2745098	-.254902	
  .0003094	 .3529412	-.254902	
  .0003096	 .3529412	-.254902	
  .0003098	 .2745098	-.254902	
  .00031	 .1960784	-.254902	
  .0003102	 .2745098	-.254902	
  .0003104	 .2745098	-.254902	
  .0003106	 .1960784	-.254902	
  .0003108	 .3529412	-.2156863	
  .000311	 .2745098	-.2156863	
  .0003112	 .2745098	-.2156863	
  .0003114	 .1960784	-.1764706	
  .0003116	 .2745098	-.1764706	
  .0003118	 .2745098	-.2156863	
  .000312	 .1960784	-.1764706	
  .0003122	 .2745098	-.1764706	
  .0003124	 .2745098	-.1764706	
  .0003126	 .2745098	-.1764706	
  .0003128	 .2745098	-.1764706	
  .000313	 .2745098	-.1764706	
  .0003132	 .2745098	-.1372549	
  .0003134	 .1960784	-.1764706	
  .0003136	 .1960784	-.1372549	
  .0003138	 .1960784	-.1764706	
  .000314	 .1960784	-.1372549	
  .0003142	 .1960784	-.1372549	
  .0003144	 .1960784	-.1372549	
  .0003146	 .2745098	-.1372549	
  .0003148	 .1960784	-9.803922E-02	
  .000315	 .1960784	-9.803922E-02	
  .0003152	 .1960784	-9.803922E-02	
  .0003154	 .2745098	-9.803922E-02	
  .0003156	 .1960784	-5.882353E-02	
  .0003158	 .3529412	-9.803922E-02	
  .000316	 .1960784	-9.803922E-02	
  .0003162	 .2745098	-1.960784E-02	
  .0003164	 .3529412	-5.882353E-02	
  .0003166	 .3529412	-5.882353E-02	
  .0003168	 .2745098	-9.803922E-02	
  .000317	 .1176471	 1.960784E-02	
  .0003172	 .2745098	-1.960784E-02	
  .0003174	 .1960784	-5.882353E-02	
  .0003176	 .1960784	-1.960784E-02	
  .0003178	 .2745098	-5.882353E-02	
  .000318	 .1176471	-1.960784E-02	
  .0003182	 .1960784	-1.960784E-02	
  .0003184	 .1960784	-1.960784E-02	
  .0003186	 .1960784	-1.960784E-02	
  .0003188	 .1960784	 1.960784E-02	
  .000319	 .1960784	 1.960784E-02	
  .0003192	 .2745098	 1.960784E-02	
  .0003194	 .1960784	-1.960784E-02	
  .0003196	 .1960784	 1.960784E-02	
  .0003198	 .1176471	 1.960784E-02	
  .00032	 .1960784	-1.960784E-02	
  .0003202	 .2745098	 5.882353E-02	
  .0003204	 .1176471	 1.960784E-02	
  .0003206	 .1176471	 1.960784E-02	
  .0003208	 .1176471	 1.960784E-02	
  .000321	 .1960784	 1.960784E-02	
  .0003212	 .1960784	 1.960784E-02	
  .0003214	 .1960784	 9.803922E-02	
  .0003216	 .1176471	 9.803922E-02	
  .0003218	 .1176471	 5.882353E-02	
  .000322	 .1176471	 9.803922E-02	
  .0003222	 .2745098	 9.803922E-02	
  .0003224	 .1960784	 1.960784E-02	
  .0003226	 .1176471	 9.803922E-02	
  .0003228	 .1960784	 9.803922E-02	
  .000323	 .1176471	 9.803922E-02	
  .0003232	 .1176471	 .1372549	
  .0003234	 .1960784	 .1372549	
  .0003236	 .1960784	 .1764706	
  .0003238	 .1176471	 .1372549	
  .000324	 .1176471	 .1372549	
  .0003242	 .1176471	 .1372549	
  .0003244	 .1176471	 .1372549	
  .0003246	 .1176471	 .1372549	
  .0003248	 .1960784	 .1372549	
  .000325	 .1176471	 .1372549	
  .0003252	 3.921569E-02	 .1764706	
  .0003254	 3.921569E-02	 .1372549	
  .0003256	 .1176471	 .1372549	
  .0003258	 3.921569E-02	 .2156863	
  .000326	 .1176471	 .1372549	
  .0003262	 3.921569E-02	 .1764706	
  .0003264	 3.921569E-02	 .1764706	
  .0003266	 3.921569E-02	 .254902	
  .0003268	 .1176471	 .2156863	
  .000327	 .1176471	 .2156863	
  .0003272	 3.921569E-02	 .2156863	
  .0003274	 3.921569E-02	 .1764706	
  .0003276	 3.921569E-02	 .2156863	
  .0003278	 3.921569E-02	 .2156863	
  .000328	 .1176471	 .2156863	
  .0003282	 3.921569E-02	 .254902	
  .0003284	 3.921569E-02	 .2156863	
  .0003286	 .1176471	 .2156863	
  .0003288	 .1176471	 .2156863	
  .000329	 .1960784	 .2156863	
  .0003292	 .1176471	 .254902	
  .0003294	 3.921569E-02	 .2156863	
  .0003296	 3.921569E-02	 .2941177	
  .0003298	 3.921569E-02	 .254902	
  .00033	 3.921569E-02	 .254902	
  .0003302	 3.921569E-02	 .2156863	
  .0003304	 .1176471	 .2156863	
  .0003306	 3.921569E-02	 .2941177	
  .0003308	 3.921569E-02	 .254902	
  .000331	 3.921569E-02	 .254902	
  .0003312	 3.921569E-02	 .2941177	
  .0003314	 .1176471	 .2941177	
  .0003316	 .1176471	 .3333333	
  .0003318	 3.921569E-02	 .3333333	
  .000332	 3.921569E-02	 .2941177	
  .0003322	 .1176471	 .2941177	
  .0003324	 3.921569E-02	 .254902	
  .0003326	 3.921569E-02	 .2941177	
  .0003328	 .1176471	 .254902	
  .000333	 .1176471	 .3333333	
  .0003332	 3.921569E-02	 .2941177	
  .0003334	-3.921569E-02	 .2941177	
  .0003336	 3.921569E-02	 .3333333	
  .0003338	 3.921569E-02	 .2941177	
  .000334	 3.921569E-02	 .3333333	
  .0003342	-3.921569E-02	 .3333333	
  .0003344	 3.921569E-02	 .2941177	
  .0003346	-3.921569E-02	 .372549	
  .0003348	-3.921569E-02	 .3333333	
  .000335	-3.921569E-02	 .3333333	
  .0003352	-3.921569E-02	 .3333333	
  .0003354	 3.921569E-02	 .372549	
  .0003356	 3.921569E-02	 .3333333	
  .0003358	 3.921569E-02	 .372549	
  .000336	 3.921569E-02	 .372549	
  .0003362	 .1176471	 .372549	
  .0003364	 3.921569E-02	 .372549	
  .0003366	-3.921569E-02	 .372549	
  .0003368	-3.921569E-02	 .4509804	
  .000337	 3.921569E-02	 .4117647	
  .0003372	-3.921569E-02	 .372549	
  .0003374	 3.921569E-02	 .372549	
  .0003376	 3.921569E-02	 .372549	
  .0003378	-3.921569E-02	 .3333333	
  .000338	-3.921569E-02	 .372549	
  .0003382	-3.921569E-02	 .372549	
  .0003384	-3.921569E-02	 .4117647	
  .0003386	-3.921569E-02	 .372549	
  .0003388	-3.921569E-02	 .4117647	
  .000339	 3.921569E-02	 .372549	
  .0003392	 3.921569E-02	 .372549	
  .0003394	-3.921569E-02	 .372549	
  .0003396	 3.921569E-02	 .372549	
  .0003398	-.1176471	 .4117647	
  .00034	 3.921569E-02	 .4509804	
  .0003402	 3.921569E-02	 .4509804	
  .0003404	-3.921569E-02	 .4509804	
  .0003406	-.1176471	 .372549	
  .0003408	-3.921569E-02	 .4117647	
  .000341	 3.921569E-02	 .372549	
  .0003412	-3.921569E-02	 .4509804	
  .0003414	-3.921569E-02	 .4117647	
  .0003416	-.1176471	 .4117647	
  .0003418	-3.921569E-02	 .372549	
  .000342	-.1176471	 .4117647	
  .0003422	-3.921569E-02	 .4117647	
  .0003424	 3.921569E-02	 .4117647	
  .0003426	-3.921569E-02	 .4117647	
  .0003428	-.1176471	 .4509804	
  .000343	-3.921569E-02	 .4509804	
  .0003432	-3.921569E-02	 .4117647	
  .0003434	-3.921569E-02	 .4901961	
  .0003436	-.1176471	 .4509804	
  .0003438	-3.921569E-02	 .4117647	
  .000344	-.1176471	 .4509804	
  .0003442	-.1176471	 .4117647	
  .0003444	-.1176471	 .4117647	
  .0003446	-3.921569E-02	 .4117647	
  .0003448	-.1176471	 .4901961	
  .000345	-.1960784	 .4509804	
  .0003452	-3.921569E-02	 .4509804	
  .0003454	-.1176471	 .4509804	
  .0003456	-.1960784	 .4901961	
  .0003458	-.1176471	 .4509804	
  .000346	-3.921569E-02	 .4509804	
  .0003462	-3.921569E-02	 .4117647	
  .0003464	-3.921569E-02	 .4901961	
  .0003466	-3.921569E-02	 .4509804	
  .0003468	-.1176471	 .4901961	
  .000347	-.1176471	 .4509804	
  .0003472	-.1176471	 .4509804	
  .0003474	-.1176471	 .4117647	
  .0003476	-.1960784	 .4117647	
  .0003478	-.1176471	 .4509804	
  .000348	-3.921569E-02	 .4509804	
  .0003482	-.1176471	 .4509804	
  .0003484	-.1176471	 .4509804	
  .0003486	-.1960784	 .4901961	
  .0003488	-3.921569E-02	 .4509804	
  .000349	-.1176471	 .4509804	
  .0003492	-.1176471	 .4117647	
  .0003494	-3.921569E-02	 .4901961	
  .0003496	-.1176471	 .4509804	
  .0003498	-3.921569E-02	 .4901961	
  .00035	-3.921569E-02	 .4117647	
  .0003502	-3.921569E-02	 .4509804	
  .0003504	-.1176471	 .4901961	
  .0003506	-.1176471	 .4901961	
  .0003508	-.1176471	 .4117647	
  .000351	-.1176471	 .4509804	
  .0003512	-3.921569E-02	 .4509804	
  .0003514	-3.921569E-02	 .4509804	
  .0003516	-.1176471	 .4901961	
  .0003518	-3.921569E-02	 .4509804	
  .000352	-3.921569E-02	 .4509804	
  .0003522	-.1176471	 .4117647	
  .0003524	-.1960784	 .4509804	
  .0003526	-3.921569E-02	 .372549	
  .0003528	-3.921569E-02	 .4509804	
  .000353	-.1960784	 .372549	
  .0003532	-.1176471	 .4509804	
  .0003534	-.1176471	 .4901961	
  .0003536	-.1176471	 .4117647	
  .0003538	-3.921569E-02	 .4117647	
  .000354	-.1960784	 .4117647	
  .0003542	-.1176471	 .372549	
  .0003544	-.1960784	 .4117647	
  .0003546	-.1176471	 .4117647	
  .0003548	-.1960784	 .372549	
  .000355	-.1960784	 .4117647	
  .0003552	-.1960784	 .4509804	
  .0003554	-3.921569E-02	 .372549	
  .0003556	-.1176471	 .4117647	
  .0003558	-.1176471	 .372549	
  .000356	-3.921569E-02	 .4117647	
  .0003562	-.1176471	 .4117647	
  .0003564	-3.921569E-02	 .4117647	
  .0003566	-.1176471	 .4509804	
  .0003568	-3.921569E-02	 .4117647	
  .000357	-.1960784	 .372549	
  .0003572	-.1176471	 .3333333	
  .0003574	-.1176471	 .372549	
  .0003576	-.1176471	 .3333333	
  .0003578	-.1176471	 .372549	
  .000358	-.1176471	 .372549	
  .0003582	-.1176471	 .4117647	
  .0003584	-.1960784	 .372549	
  .0003586	-.1176471	 .3333333	
  .0003588	-.1176471	 .2941177	
  .000359	-.1176471	 .3333333	
  .0003592	-3.921569E-02	 .372549	
  .0003594	-.1960784	 .3333333	
  .0003596	-.1176471	 .3333333	
  .0003598	-3.921569E-02	 .372549	
  .00036	-.1176471	 .372549	
  .0003602	-.1176471	 .3333333	
  .0003604	-.1176471	 .2941177	
  .0003606	-3.921569E-02	 .3333333	
  .0003608	-3.921569E-02	 .254902	
  .000361	-.1176471	 .3333333	
  .0003612	-3.921569E-02	 .372549	
  .0003614	-.1176471	 .3333333	
  .0003616	-.1176471	 .3333333	
  .0003618	-.1176471	 .3333333	
  .000362	-.1176471	 .3333333	
  .0003622	-.1176471	 .2941177	
  .0003624	-.1176471	 .2941177	
  .0003626	-.1176471	 .3333333	
  .0003628	-.1960784	 .2941177	
  .000363	-3.921569E-02	 .2941177	
  .0003632	-3.921569E-02	 .3333333	
  .0003634	-.1176471	 .2941177	
  .0003636	-3.921569E-02	 .254902	
  .0003638	-.1176471	 .2941177	
  .000364	-.1176471	 .254902	
  .0003642	-.1176471	 .2156863	
  .0003644	-.1176471	 .254902	
  .0003646	-.1176471	 .2941177	
  .0003648	-.1960784	 .2941177	
  .000365	-.1176471	 .2941177	
  .0003652	-3.921569E-02	 .254902	
  .0003654	-.1960784	 .2941177	
  .0003656	-.1176471	 .2941177	
  .0003658	-3.921569E-02	 .254902	
  .000366	-.1960784	 .2156863	
  .0003662	-3.921569E-02	 .254902	
  .0003664	-3.921569E-02	 .254902	
  .0003666	-3.921569E-02	 .254902	
  .0003668	-.1176471	 .2156863	
  .000367	-.1176471	 .2156863	
  .0003672	-.1176471	 .2156863	
  .0003674	-.1176471	 .2156863	
  .0003676	-3.921569E-02	 .1764706	
  .0003678	-.1176471	 .2156863	
  .000368	-.1960784	 .2156863	
  .0003682	-.1176471	 .1372549	
  .0003684	-3.921569E-02	 .254902	
  .0003686	-3.921569E-02	 .2156863	
  .0003688	-.1176471	 .1764706	
  .000369	-.1176471	 .1372549	
  .0003692	-.1176471	 .2156863	
  .0003694	-.1176471	 .1764706	
  .0003696	-3.921569E-02	 .1764706	
  .0003698	-3.921569E-02	 .1764706	
  .00037	-3.921569E-02	 .1764706	
  .0003702	-.1176471	 .2156863	
  .0003704	-3.921569E-02	 .1764706	
  .0003706	-3.921569E-02	 .1372549	
  .0003708	-.1176471	 .1764706	
  .000371	-3.921569E-02	 .1764706	
  .0003712	-3.921569E-02	 .1372549	
  .0003714	-3.921569E-02	 .1764706	
  .0003716	-3.921569E-02	 .1372549	
  .0003718	 .1176471	 .1372549	
  .000372	 3.921569E-02	 .1372549	
  .0003722	-.1176471	 9.803922E-02	
  .0003724	 3.921569E-02	 5.882353E-02	
  .0003726	 3.921569E-02	 .1372549	
  .0003728	 3.921569E-02	 9.803922E-02	
  .000373	-.1176471	 9.803922E-02	
  .0003732	-3.921569E-02	 .1372549	
  .0003734	 3.921569E-02	 9.803922E-02	
  .0003736	-3.921569E-02	 5.882353E-02	
  .0003738	-3.921569E-02	 9.803922E-02	
  .000374	-3.921569E-02	 1.960784E-02	
  .0003742	-.1176471	 5.882353E-02	
  .0003744	-.1176471	 9.803922E-02	
  .0003746	-.1176471	 5.882353E-02	
  .0003748	-.1176471	 5.882353E-02	
  .000375	 3.921569E-02	 9.803922E-02	
  .0003752	 3.921569E-02	 5.882353E-02	
  .0003754	-3.921569E-02	 5.882353E-02	
  .0003756	-3.921569E-02	 1.960784E-02	
  .0003758	 3.921569E-02	 9.803922E-02	
  .000376	 3.921569E-02	 1.960784E-02	
  .0003762	 .1176471	 1.960784E-02	
  .0003764	 .1176471	 9.803922E-02	
  .0003766	 3.921569E-02	 5.882353E-02	
  .0003768	-3.921569E-02	 1.960784E-02	
  .000377	-.1176471	-1.960784E-02	
  .0003772	-3.921569E-02	 1.960784E-02	
  .0003774	-3.921569E-02	-1.960784E-02	
  .0003776	-3.921569E-02	 1.960784E-02	
  .0003778	-3.921569E-02	-1.960784E-02	
  .000378	-3.921569E-02	 1.960784E-02	
  .0003782	 3.921569E-02	-1.960784E-02	
  .0003784	 3.921569E-02	-1.960784E-02	
  .0003786	 3.921569E-02	-1.960784E-02	
  .0003788	 3.921569E-02	-1.960784E-02	
  .000379	-3.921569E-02	-5.882353E-02	
  .0003792	-3.921569E-02	-5.882353E-02	
  .0003794	-3.921569E-02	-1.960784E-02	
  .0003796	 .1176471	-5.882353E-02	
  .0003798	 3.921569E-02	-1.960784E-02	
  .00038	-3.921569E-02	-1.960784E-02	
  .0003802	-3.921569E-02	-5.882353E-02	
  .0003804	-3.921569E-02	-5.882353E-02	
  .0003806	 .1176471	-9.803922E-02	
  .0003808	 3.921569E-02	-5.882353E-02	
  .000381	 3.921569E-02	-1.960784E-02	
  .0003812	-3.921569E-02	-5.882353E-02	
  .0003814	 3.921569E-02	-5.882353E-02	
  .0003816	 3.921569E-02	-9.803922E-02	
  .0003818	-3.921569E-02	-.1372549	
  .000382	 3.921569E-02	-9.803922E-02	
  .0003822	 3.921569E-02	-9.803922E-02	
  .0003824	-3.921569E-02	-5.882353E-02	
  .0003826	 3.921569E-02	-9.803922E-02	
  .0003828	 3.921569E-02	-9.803922E-02	
  .000383	 3.921569E-02	-9.803922E-02	
  .0003832	 3.921569E-02	-9.803922E-02	
  .0003834	 3.921569E-02	-9.803922E-02	
  .0003836	 3.921569E-02	-9.803922E-02	
  .0003838	 .1176471	-9.803922E-02	
  .000384	 3.921569E-02	-.1372549	
  .0003842	 3.921569E-02	-.1372549	
  .0003844	 3.921569E-02	-.1372549	
  .0003846	 3.921569E-02	-.1372549	
  .0003848	 3.921569E-02	-.1372549	
  .000385	 3.921569E-02	-.1372549	
  .0003852	 3.921569E-02	-9.803922E-02	
  .0003854	 3.921569E-02	-.1372549	
  .0003856	 3.921569E-02	-.1372549	
  .0003858	 3.921569E-02	-.1764706	
  .000386	 .1176471	-9.803922E-02	
  .0003862	 .1176471	-.1372549	
  .0003864	-3.921569E-02	-.1372549	
  .0003866	 3.921569E-02	-.1764706	
  .0003868	 3.921569E-02	-.1764706	
  .000387	-3.921569E-02	-.1372549	
  .0003872	-3.921569E-02	-.2156863	
  .0003874	 3.921569E-02	-.1764706	
  .0003876	 3.921569E-02	-.1764706	
  .0003878	-3.921569E-02	-.2156863	
  .000388	 3.921569E-02	-.1764706	
  .0003882	 3.921569E-02	-.1764706	
  .0003884	 .1960784	-.1764706	
  .0003886	 3.921569E-02	-.1764706	
  .0003888	 .1960784	-.1764706	
  .000389	 .1176471	-.2156863	
  .0003892	 3.921569E-02	-.2156863	
  .0003894	 3.921569E-02	-.1764706	
  .0003896	 .1176471	-.2156863	
  .0003898	 3.921569E-02	-.2156863	
  .00039	 .1960784	-.1764706	
  .0003902	 .1176471	-.2156863	
  .0003904	 .1960784	-.254902	
  .0003906	 .1176471	-.254902	
  .0003908	 .1960784	-.2156863	
  .000391	 .1960784	-.2156863	
  .0003912	 .1176471	-.2156863	
  .0003914	 .1960784	-.254902	
  .0003916	 .1960784	-.1764706	
  .0003918	 .1176471	-.2156863	
  .000392	 .1176471	-.2156863	
  .0003922	 .1960784	-.254902	
  .0003924	 .1960784	-.254902	
  .0003926	 .1176471	-.254902	
  .0003928	 3.921569E-02	-.254902	
  .000393	 .1176471	-.2941177	
  .0003932	 .1960784	-.254902	
  .0003934	 .1176471	-.254902	
  .0003936	 .1960784	-.254902	
  .0003938	 .1960784	-.2941177	
  .000394	 3.921569E-02	-.2941177	
  .0003942	 .1176471	-.254902	
  .0003944	 .1960784	-.254902	
  .0003946	 .1960784	-.254902	
  .0003948	 .1960784	-.254902	
  .000395	 .1960784	-.2941177	
  .0003952	 .1960784	-.254902	
  .0003954	 .1176471	-.2941177	
  .0003956	 .1960784	-.254902	
  .0003958	 .1960784	-.254902	
  .000396	 .1960784	-.254902	
  .0003962	 .1960784	-.2156863	
  .0003964	 .2745098	-.254902	
  .0003966	 3.921569E-02	-.2941177	
  .0003968	 .1176471	-.3333333	
  .000397	 .1960784	-.254902	
  .0003972	 .1176471	-.2941177	
  .0003974	 .1960784	-.2941177	
  .0003976	 .1960784	-.2941177	
  .0003978	 .1960784	-.2941177	
  .000398	 .1960784	-.2941177	
  .0003982	 .2745098	-.2941177	
  .0003984	 .1176471	-.2941177	
  .0003986	 .1960784	-.2941177	
  .0003988	 .1960784	-.2941177	
  .000399	 .1960784	-.2941177	
  .0003992	 .1960784	-.2941177	
  .0003994	 .2745098	-.2941177	
  .0003996	 .1960784	-.2941177	
  .0003998	 .2745098	-.2941177	
  .0004	 .1960784	-.2941177	
  .0004002	 .1176471	-.2941177	
  .0004004	 .2745098	-.3333333	
  .0004006	 .1960784	-.254902	
  .0004008	 .1960784	-.2941177	
  .000401	 .1960784	-.2941177	
  .0004012	 .1960784	-.2941177	
  .0004014	 .1960784	-.2941177	
  .0004016	 .1960784	-.2941177	
  .0004018	 .1960784	-.3333333	
  .000402	 .1960784	-.2941177	
  .0004022	 .1176471	-.2941177	
  .0004024	 .1960784	-.2941177	
  .0004026	 .1960784	-.3333333	
  .0004028	 .1960784	-.2941177	
  .000403	 .1960784	-.2941177	
  .0004032	 .2745098	-.2941177	
  .0004034	 .2745098	-.2941177	
  .0004036	 .1960784	-.372549	
  .0004038	 .2745098	-.3333333	
  .000404	 .3529412	-.2941177	
  .0004042	 .1960784	-.2941177	
  .0004044	 .1960784	-.3333333	
  .0004046	 .1960784	-.3333333	
  .0004048	 .2745098	-.3333333	
  .000405	 .1960784	-.2941177	
  .0004052	 .2745098	-.2941177	
  .0004054	 .1960784	-.2941177	
  .0004056	 .1960784	-.3333333	
  .0004058	 .2745098	-.2941177	
  .000406	 .2745098	-.2941177	
  .0004062	 .1960784	-.2941177	
  .0004064	 .1960784	-.3333333	
  .0004066	 .2745098	-.2941177	
  .0004068	 .2745098	-.372549	
  .000407	 .1176471	-.3333333	
  .0004072	 .1960784	-.2941177	
  .0004074	 .1960784	-.2941177	
  .0004076	 .1960784	-.2941177	
  .0004078	 .2745098	-.2941177	
  .000408	 .2745098	-.2941177	
  .0004082	 .2745098	-.3333333	
  .0004084	 .2745098	-.2941177	
  .0004086	 .2745098	-.3333333	
  .0004088	 .1960784	-.2941177	
  .000409	 .1960784	-.2941177	
  .0004092	 .2745098	-.2941177	
  .0004094	 .2745098	-.2941177	
  .0004096	 .2745098	-.2941177	
  .0004098	 .2745098	-.254902	
  .00041	 .1176471	-.254902	
  .0004102	 .1960784	-.3333333	
  .0004104	 .1176471	-.2941177	
  .0004106	 .2745098	-.254902	
  .0004108	 .2745098	-.254902	
  .000411	 .1960784	-.2941177	
  .0004112	 .2745098	-.2941177	
  .0004114	 .2745098	-.254902	
  .0004116	 .1960784	-.2941177	
  .0004118	 .1960784	-.2941177	
  .000412	 .3529412	-.2941177	
  .0004122	 .3529412	-.2941177	
  .0004124	 .2745098	-.2941177	
  .0004126	 .1960784	-.2941177	
  .0004128	 .1176471	-.254902	
  .000413	 .2745098	-.3333333	
  .0004132	 .1960784	-.2941177	
  .0004134	 .1960784	-.254902	
  .0004136	 .1960784	-.2941177	
  .0004138	 .1960784	-.254902	
  .000414	 .1960784	-.254902	
  .0004142	 .1960784	-.254902	
  .0004144	 .1960784	-.254902	
  .0004146	 .2745098	-.254902	
  .0004148	 .2745098	-.254902	
  .000415	 .2745098	-.2941177	
  .0004152	 .1960784	-.254902	
  .0004154	 .2745098	-.254902	
  .0004156	 .2745098	-.254902	
  .0004158	 .3529412	-.254902	
  .000416	 .1960784	-.2156863	
  .0004162	 .1960784	-.254902	
  .0004164	 .1176471	-.254902	
  .0004166	 .1960784	-.254902	
  .0004168	 .2745098	-.2156863	
  .000417	 .1960784	-.254902	
  .0004172	 .1960784	-.254902	
  .0004174	 .2745098	-.254902	
  .0004176	 .1176471	-.1764706	
  .0004178	 .2745098	-.1764706	
  .000418	 .2745098	-.254902	
  .0004182	 .1960784	-.2941177	
  .0004184	 .2745098	-.2156863	
  .0004186	 .2745098	-.254902	
  .0004188	 .2745098	-.2156863	
  .000419	 .1960784	-.254902	
  .0004192	 .3529412	-.1764706	
  .0004194	 .1960784	-.2156863	
  .0004196	 .2745098	-.2156863	
  .0004198	 .2745098	-.254902	
  .00042	 .2745098	-.254902	
  .0004202	 .2745098	-.2156863	
  .0004204	 .2745098	-.2156863	
  .0004206	 .2745098	-.1764706	
  .0004208	 .1960784	-.1764706	
  .000421	 .1176471	-.2156863	
  .0004212	 .2745098	-.2156863	
  .0004214	 .1960784	-.2156863	
  .0004216	 .1960784	-.2156863	
  .0004218	 .2745098	-.1764706	
  .000422	 .1176471	-.1764706	
  .0004222	 .1176471	-.1764706	
  .0004224	 .1960784	-.1764706	
  .0004226	 .3529412	-.1372549	
  .0004228	 .1960784	-.1372549	
  .000423	 .2745098	-.1372549	
  .0004232	 .1176471	-.1764706	
  .0004234	 .1960784	-.1764706	
  .0004236	 .1960784	-.1764706	
  .0004238	 .1960784	-.1372549	
  .000424	 .1960784	-.1372549	
  .0004242	 .1960784	-.1372549	
  .0004244	 .1960784	-.1372549	
  .0004246	 .2745098	-9.803922E-02	
  .0004248	 .1960784	-9.803922E-02	
  .000425	 .1960784	-.1372549	
  .0004252	 .1960784	-.1372549	
  .0004254	 .1176471	-.1372549	
  .0004256	 .1960784	-9.803922E-02	
  .0004258	 .1960784	-9.803922E-02	
  .000426	 .1960784	-.1372549	
  .0004262	 .1176471	-9.803922E-02	
  .0004264	 .1960784	-9.803922E-02	
  .0004266	 .1960784	-9.803922E-02	
  .0004268	 .1176471	-.1372549	
  .000427	 .1176471	-9.803922E-02	
  .0004272	 .1960784	-9.803922E-02	
  .0004274	 .1960784	-9.803922E-02	
  .0004276	 .1960784	-9.803922E-02	
  .0004278	 .1960784	-5.882353E-02	
  .000428	 .3529412	-5.882353E-02	
  .0004282	 .2745098	-5.882353E-02	
  .0004284	 .1960784	-9.803922E-02	
  .0004286	 .1960784	-5.882353E-02	
  .0004288	 .1960784	-5.882353E-02	
  .000429	 .2745098	-5.882353E-02	
  .0004292	 .3529412	-5.882353E-02	
  .0004294	 .1960784	-9.803922E-02	
  .0004296	 .2745098	-1.960784E-02	
  .0004298	 .1960784	-5.882353E-02	
  .00043	 .1960784	-5.882353E-02	
  .0004302	 .1960784	-1.960784E-02	
  .0004304	 .2745098	-5.882353E-02	
  .0004306	 .2745098	-1.960784E-02	
  .0004308	 .1960784	-5.882353E-02	
  .000431	 .2745098	-1.960784E-02	
  .0004312	 .1960784	-1.960784E-02	
  .0004314	 .1176471	-5.882353E-02	
  .0004316	 .1960784	-5.882353E-02	
  .0004318	 .1960784	-9.803922E-02	
  .000432	 .1960784	 1.960784E-02	
  .0004322	 .1176471	-1.960784E-02	
  .0004324	 .1960784	-1.960784E-02	
  .0004326	 .1960784	 1.960784E-02	
  .0004328	 .1960784	-1.960784E-02	
  .000433	 .1176471	-1.960784E-02	
  .0004332	 .1176471	-1.960784E-02	
  .0004334	 .2745098	-1.960784E-02	
  .0004336	 .1176471	-1.960784E-02	
  .0004338	 .1960784	-1.960784E-02	
  .000434	 .1960784	 1.960784E-02	
  .0004342	 .1176471	 1.960784E-02	
  .0004344	 .1176471	 1.960784E-02	
  .0004346	 .1960784	 1.960784E-02	
  .0004348	 .1960784	 5.882353E-02	
  .000435	 .1960784	 1.960784E-02	
  .0004352	 .1960784	 5.882353E-02	
  .0004354	 .1960784	 9.803922E-02	
  .0004356	 .1176471	 1.960784E-02	
  .0004358	 .1960784	 .1372549	
  .000436	 .1960784	 5.882353E-02	
  .0004362	 .1176471	 1.960784E-02	
  .0004364	 .1960784	 1.960784E-02	
  .0004366	 .1176471	 5.882353E-02	
  .0004368	 .1176471	 1.960784E-02	
  .000437	 .1960784	 5.882353E-02	
  .0004372	 .1176471	 9.803922E-02	
  .0004374	 .1176471	 5.882353E-02	
  .0004376	 3.921569E-02	 9.803922E-02	
  .0004378	 .1176471	 5.882353E-02	
  .000438	 .1960784	 5.882353E-02	
  .0004382	 .1176471	 1.960784E-02	
  .0004384	 .1960784	 5.882353E-02	
  .0004386	 .1176471	 5.882353E-02	
  .0004388	 .1176471	 9.803922E-02	
  .000439	 .1960784	 9.803922E-02	
  .0004392	 .1176471	 9.803922E-02	
  .0004394	 .1176471	 .1372549	
  .0004396	 3.921569E-02	 9.803922E-02	
  .0004398	 .1176471	 9.803922E-02	
  .00044	 .1960784	 5.882353E-02	
  .0004402	 3.921569E-02	 .1372549	
  .0004404	 .1176471	 9.803922E-02	
  .0004406	 .1176471	 9.803922E-02	
  .0004408	 3.921569E-02	 9.803922E-02	
  .000441	 .1176471	 .1372549	
  .0004412	 .1176471	 9.803922E-02	
  .0004414	 3.921569E-02	 9.803922E-02	
  .0004416	 3.921569E-02	 9.803922E-02	
  .0004418	 3.921569E-02	 9.803922E-02	
  .000442	 .1176471	 .1372549	
  .0004422	 .1176471	 9.803922E-02	
  .0004424	 .1176471	 .1764706	
  .0004426	 .1176471	 .1372549	
  .0004428	 .1176471	 .1372549	
  .000443	 .1176471	 .1372549	
  .0004432	 3.921569E-02	 .1372549	
  .0004434	 3.921569E-02	 9.803922E-02	
  .0004436	 .1176471	 .1764706	
  .0004438	 .1176471	 .1372549	
  .000444	 .1176471	 .1764706	
  .0004442	 3.921569E-02	 .1372549	
  .0004444	 3.921569E-02	 .1372549	
  .0004446	 .1176471	 .2156863	
  .0004448	 3.921569E-02	 .1764706	
  .000445	 3.921569E-02	 .1764706	
  .0004452	 .1176471	 .1372549	
  .0004454	 .1176471	 .2156863	
  .0004456	 3.921569E-02	 .1764706	
  .0004458	 3.921569E-02	 .2156863	
  .000446	 .1176471	 .1764706	
  .0004462	 3.921569E-02	 .1372549	
  .0004464	 3.921569E-02	 .1764706	
  .0004466	-3.921569E-02	 .1764706	
  .0004468	 3.921569E-02	 .1764706	
  .000447	 3.921569E-02	 .1764706	
  .0004472	 3.921569E-02	 .1764706	
  .0004474	 3.921569E-02	 .1372549	
  .0004476	 3.921569E-02	 .2156863	
  .0004478	 .1176471	 .1764706	
  .000448	 3.921569E-02	 .2156863	
  .0004482	 .1960784	 .1372549	
  .0004484	 3.921569E-02	 .2156863	
  .0004486	 .1176471	 .2156863	
  .0004488	 3.921569E-02	 .1764706	
  .000449	 .1960784	 .254902	
  .0004492	 3.921569E-02	 .1764706	
  .0004494	 .1176471	 .254902	
  .0004496	 3.921569E-02	 .254902	
  .0004498	 3.921569E-02	 .1764706	
  .00045	 3.921569E-02	 .1764706	
