 -.0000498	 .1176471	 1.960784E-02	
 -.0000496	 3.921569E-02	 1.960784E-02	
 -.0000494	 3.921569E-02	-1.960784E-02	
 -.0000492	 3.921569E-02	-1.960784E-02	
 -.000049	 3.921569E-02	 1.960784E-02	
 -.0000488	 3.921569E-02	 5.882353E-02	
 -.0000486	-3.921569E-02	 1.960784E-02	
 -.0000484	 .1176471	 5.882353E-02	
 -.0000482	 3.921569E-02	 5.882353E-02	
 -.000048	 .1960784	 1.960784E-02	
 -.0000478	 .1176471	 1.960784E-02	
 -.0000476	 .1176471	 1.960784E-02	
 -.0000474	 3.921569E-02	-1.960784E-02	
 -.0000472	 .1960784	 1.960784E-02	
 -.000047	 .1176471	 5.882353E-02	
 -.0000468	 3.921569E-02	 1.960784E-02	
 -.0000466	 3.921569E-02	-1.960784E-02	
 -.0000464	 3.921569E-02	-1.960784E-02	
 -.0000462	 .1176471	 5.882353E-02	
 -.000046	 3.921569E-02	 5.882353E-02	
 -.0000458	 3.921569E-02	 1.960784E-02	
 -.0000456	 .1176471	 1.960784E-02	
 -.0000454	 .1176471	 5.882353E-02	
 -.0000452	 3.921569E-02	 5.882353E-02	
 -.000045	 3.921569E-02	 1.960784E-02	
 -.0000448	 3.921569E-02	 1.960784E-02	
 -.0000446	 3.921569E-02	 1.960784E-02	
 -.0000444	 3.921569E-02	 1.960784E-02	
 -.0000442	 3.921569E-02	-1.960784E-02	
 -.000044	 3.921569E-02	 1.960784E-02	
 -.0000438	 3.921569E-02	 5.882353E-02	
 -.0000436	 .1176471	 5.882353E-02	
 -.0000434	 3.921569E-02	 1.960784E-02	
 -.0000432	 3.921569E-02	 1.960784E-02	
 -.000043	 .1176471	 1.960784E-02	
 -.0000428	 3.921569E-02	 5.882353E-02	
 -.0000426	 .1176471	 1.960784E-02	
 -.0000424	 3.921569E-02	 1.960784E-02	
 -.0000422	 3.921569E-02	-1.960784E-02	
 -.000042	 3.921569E-02	 1.960784E-02	
 -.0000418	 .1176471	-1.960784E-02	
 -.0000416	 3.921569E-02	 5.882353E-02	
 -.0000414	 .1176471	 5.882353E-02	
 -.0000412	-3.921569E-02	 1.960784E-02	
 -.000041	 .1176471	 1.960784E-02	
 -.0000408	 .1176471	 1.960784E-02	
 -.0000406	 .1176471	 5.882353E-02	
 -.0000404	 .1176471	 1.960784E-02	
 -.0000402	 3.921569E-02	 5.882353E-02	
 -.00004	 .1176471	 5.882353E-02	
 -.0000398	 .1176471	 1.960784E-02	
 -.0000396	 .1176471	 1.960784E-02	
 -.0000394	 3.921569E-02	 1.960784E-02	
 -.0000392	 3.921569E-02	-1.960784E-02	
 -.000039	 .1176471	 1.960784E-02	
 -.0000388	 3.921569E-02	 1.960784E-02	
 -.0000386	 3.921569E-02	 1.960784E-02	
 -.0000384	 .1176471	 5.882353E-02	
 -.0000382	 .1176471	 1.960784E-02	
 -.000038	 3.921569E-02	 1.960784E-02	
 -.0000378	 .1176471	 1.960784E-02	
 -.0000376	 .1960784	 1.960784E-02	
 -.0000374	 3.921569E-02	 1.960784E-02	
 -.0000372	 3.921569E-02	 1.960784E-02	
 -.000037	 3.921569E-02	 1.960784E-02	
 -.0000368	-3.921569E-02	-1.960784E-02	
 -.0000366	 3.921569E-02	 5.882353E-02	
 -.0000364	 .1960784	 5.882353E-02	
 -.0000362	 .1176471	 5.882353E-02	
 -.000036	 .1176471	 5.882353E-02	
 -.0000358	 .1176471	 5.882353E-02	
 -.0000356	 .1176471	 1.960784E-02	
 -.0000354	 .1176471	-1.960784E-02	
 -.0000352	 .1176471	 .1372549	
 -.000035	 .1176471	 1.960784E-02	
 -.0000348	 .1176471	-1.960784E-02	
 -.0000346	 3.921569E-02	 1.960784E-02	
 -.0000344	 .1176471	 1.960784E-02	
 -.0000342	 .1176471	-1.960784E-02	
 -.000034	 3.921569E-02	 1.960784E-02	
 -.0000338	 3.921569E-02	 5.882353E-02	
 -.0000336	 3.921569E-02	 1.960784E-02	
 -.0000334	 3.921569E-02	 1.960784E-02	
 -.0000332	 .1176471	 1.960784E-02	
 -.000033	 .1176471	-1.960784E-02	
 -.0000328	 .1176471	 1.960784E-02	
 -.0000326	 3.921569E-02	-1.960784E-02	
 -.0000324	 .1176471	 1.960784E-02	
 -.0000322	 3.921569E-02	-1.960784E-02	
 -.000032	 .1960784	 1.960784E-02	
 -.0000318	 .1176471	 1.960784E-02	
 -.0000316	 .1176471	 5.882353E-02	
 -.0000314	 3.921569E-02	 1.960784E-02	
 -.0000312	 .1176471	-1.960784E-02	
 -.000031	 .1176471	-1.960784E-02	
 -.0000308	 3.921569E-02	 5.882353E-02	
 -.0000306	 .1176471	 5.882353E-02	
 -.0000304	 .1176471	 5.882353E-02	
 -.0000302	 3.921569E-02	 1.960784E-02	
 -.00003	 3.921569E-02	-1.960784E-02	
 -.0000298	 .1176471	-1.960784E-02	
 -.0000296	 3.921569E-02	 1.960784E-02	
 -.0000294	 3.921569E-02	-1.960784E-02	
 -.0000292	-3.921569E-02	 1.960784E-02	
 -.000029	 .1176471	 1.960784E-02	
 -.0000288	 3.921569E-02	-1.960784E-02	
 -.0000286	 3.921569E-02	 5.882353E-02	
 -.0000284	 3.921569E-02	 1.960784E-02	
 -.0000282	 .1960784	-1.960784E-02	
 -.000028	 3.921569E-02	 1.960784E-02	
 -.0000278	 .1176471	 5.882353E-02	
 -.0000276	-3.921569E-02	-1.960784E-02	
 -.0000274	 .1176471	 5.882353E-02	
 -.0000272	 3.921569E-02	 5.882353E-02	
 -.000027	 3.921569E-02	 1.960784E-02	
 -.0000268	 3.921569E-02	 1.960784E-02	
 -.0000266	 .1176471	 1.960784E-02	
 -.0000264	 3.921569E-02	 5.882353E-02	
 -.0000262	 .1176471	 1.960784E-02	
 -.000026	 .1176471	 1.960784E-02	
 -.0000258	 3.921569E-02	 1.960784E-02	
 -.0000256	 .1176471	 1.960784E-02	
 -.0000254	 .1176471	 1.960784E-02	
 -.0000252	 .1176471	 5.882353E-02	
 -.000025	 3.921569E-02	 1.960784E-02	
 -.0000248	 3.921569E-02	 1.960784E-02	
 -.0000246	 3.921569E-02	 1.960784E-02	
 -.0000244	 3.921569E-02	-1.960784E-02	
 -.0000242	 3.921569E-02	 1.960784E-02	
 -.000024	 3.921569E-02	 5.882353E-02	
 -.0000238	 3.921569E-02	 1.960784E-02	
 -.0000236	 .1176471	-1.960784E-02	
 -.0000234	 .1176471	 5.882353E-02	
 -.0000232	 .1176471	-1.960784E-02	
 -.000023	 .1176471	 5.882353E-02	
 -.0000228	 .1960784	 1.960784E-02	
 -.0000226	 .1176471	 5.882353E-02	
 -.0000224	 3.921569E-02	-1.960784E-02	
 -.0000222	 .1176471	 1.960784E-02	
 -.000022	 .1176471	-1.960784E-02	
 -.0000218	 3.921569E-02	-1.960784E-02	
 -.0000216	 3.921569E-02	 5.882353E-02	
 -.0000214	 3.921569E-02	 5.882353E-02	
 -.0000212	 .1176471	-1.960784E-02	
 -.000021	 3.921569E-02	-1.960784E-02	
 -.0000208	 .1176471	 1.960784E-02	
 -.0000206	 .1176471	 1.960784E-02	
 -.0000204	 3.921569E-02	 5.882353E-02	
 -.0000202	 3.921569E-02	 1.960784E-02	
 -.00002	 .1176471	 1.960784E-02	
 -.0000198	 3.921569E-02	-1.960784E-02	
 -.0000196	 3.921569E-02	 1.960784E-02	
 -.0000194	 .1176471	 1.960784E-02	
 -.0000192	 3.921569E-02	 5.882353E-02	
 -.000019	 3.921569E-02	-1.960784E-02	
 -.0000188	 3.921569E-02	 1.960784E-02	
 -.0000186	 3.921569E-02	 5.882353E-02	
 -.0000184	 3.921569E-02	-1.960784E-02	
 -.0000182	 3.921569E-02	 1.960784E-02	
 -.000018	-3.921569E-02	 5.882353E-02	
 -.0000178	 3.921569E-02	 1.960784E-02	
 -.0000176	 3.921569E-02	 1.960784E-02	
 -.0000174	 3.921569E-02	 1.960784E-02	
 -.0000172	 3.921569E-02	-1.960784E-02	
 -.000017	 .1176471	 1.960784E-02	
 -.0000168	 3.921569E-02	 5.882353E-02	
 -.0000166	 .1176471	-1.960784E-02	
 -.0000164	 3.921569E-02	 1.960784E-02	
 -.0000162	 3.921569E-02	 1.960784E-02	
 -.000016	 .1176471	 1.960784E-02	
 -.0000158	 .1176471	 1.960784E-02	
 -.0000156	 .1960784	 1.960784E-02	
 -.0000154	 .1176471	 9.803922E-02	
 -.0000152	 3.921569E-02	 1.960784E-02	
 -.000015	 3.921569E-02	-1.960784E-02	
 -.0000148	 3.921569E-02	-1.960784E-02	
 -.0000146	 3.921569E-02	 1.960784E-02	
 -.0000144	 3.921569E-02	-1.960784E-02	
 -.0000142	 .1176471	 1.960784E-02	
 -.000014	 3.921569E-02	 1.960784E-02	
 -.0000138	 3.921569E-02	 1.960784E-02	
 -.0000136	 3.921569E-02	 1.960784E-02	
 -.0000134	 .1960784	 1.960784E-02	
 -.0000132	 3.921569E-02	 1.960784E-02	
 -.000013	 3.921569E-02	-1.960784E-02	
 -.0000128	 3.921569E-02	-1.960784E-02	
 -.0000126	 3.921569E-02	-1.960784E-02	
 -.0000124	 3.921569E-02	 1.960784E-02	
 -.0000122	 .1960784	 5.882353E-02	
 -.000012	 3.921569E-02	 1.960784E-02	
 -.0000118	 .1176471	 1.960784E-02	
 -.0000116	 3.921569E-02	-1.960784E-02	
 -.0000114	 3.921569E-02	-1.960784E-02	
 -.0000112	 .1960784	 1.960784E-02	
 -.000011	 .1176471	 5.882353E-02	
 -.0000108	 .1176471	 1.960784E-02	
 -.0000106	 3.921569E-02	 5.882353E-02	
 -.0000104	 3.921569E-02	 5.882353E-02	
 -.0000102	 3.921569E-02	 1.960784E-02	
 -.00001	 .1176471	 5.882353E-02	
 -.0000098	 .1176471	 5.882353E-02	
 -.0000096	 3.921569E-02	 1.960784E-02	
 -.0000094	 3.921569E-02	 1.960784E-02	
 -.0000092	 3.921569E-02	 9.803922E-02	
 -.000009	 3.921569E-02	 1.960784E-02	
 -.0000088	 3.921569E-02	 5.882353E-02	
 -.0000086	 .1176471	 1.960784E-02	
 -.0000084	 3.921569E-02	 1.960784E-02	
 -.0000082	 .1176471	 1.960784E-02	
 -.000008	 3.921569E-02	 1.960784E-02	
 -.0000078	-3.921569E-02	-1.960784E-02	
 -.0000076	 .1176471	 5.882353E-02	
 -.0000074	 .1176471	 5.882353E-02	
 -.0000072	 3.921569E-02	 1.960784E-02	
 -.000007	 .1960784	 1.960784E-02	
 -.0000068	 .1176471	 1.960784E-02	
 -.0000066	 3.921569E-02	 5.882353E-02	
 -.0000064	 .1176471	 1.960784E-02	
 -.0000062	 .1176471	 1.960784E-02	
 -.000006	 3.921569E-02	 1.960784E-02	
 -.0000058	 3.921569E-02	 5.882353E-02	
 -.0000056	 .1960784	 9.803922E-02	
 -.0000054	 3.921569E-02	 1.960784E-02	
 -.0000052	 3.921569E-02	 1.960784E-02	
 -.000005	 .1176471	 1.960784E-02	
 -.0000048	 .1176471	 1.960784E-02	
 -.0000046	 .1176471	 1.960784E-02	
 -.0000044	-3.921569E-02	 5.882353E-02	
 -.0000042	 3.921569E-02	 5.882353E-02	
 -.000004	 3.921569E-02	 5.882353E-02	
 -.0000038	 3.921569E-02	 5.882353E-02	
 -.0000036	-3.921569E-02	 5.882353E-02	
 -.0000034	 .1960784	 5.882353E-02	
 -.0000032	 3.921569E-02	 9.803922E-02	
 -.000003	 3.921569E-02	 1.960784E-02	
 -.0000028	 3.921569E-02	 9.803922E-02	
 -.0000026	-3.921569E-02	 1.960784E-02	
 -.0000024	 3.921569E-02	 5.882353E-02	
 -.0000022	 .1960784	 5.882353E-02	
 -.000002	 3.921569E-02	-1.960784E-02	
 -.0000018	 .1176471	 9.803922E-02	
 -.0000016	 .1176471	 1.960784E-02	
 -.0000014	 .1176471	-1.960784E-02	
 -.0000012	-3.921569E-02	 5.882353E-02	
 -.000001	 .1960784	 5.882353E-02	
 -.0000008	 .1176471	 1.960784E-02	
 -.0000006	 .1176471	 9.803922E-02	
 -.0000004	 3.921569E-02	 5.882353E-02	
 -.0000002	 .1176471	 5.882353E-02	
  0	 3.921569E-02	 5.882353E-02	
  .0000002	 3.921569E-02	 1.960784E-02	
  .0000004	-.5882353	 1.960784E-02	
  .0000006	-.6666667	 .6078432	
  .0000008	-.6666667	 .8431373	
  .000001	-.8235294	 1.27451	
  .0000012	-.7450981	 1.627451	
  .0000014	-.7450981	 1.901961	
  .0000016	-.8235294	 2.098039	
  .0000018	-.9019608	 2.215686	
  .000002	-.9803922	 2.372549	
  .0000022	-.9803922	 2.529412	
  .0000024	-1.058824	 2.72549	
  .0000026	-.9803922	 2.803921	
  .0000028	-1.058824	 2.921569	
  .000003	-1.058824	 2.960784	
  .0000032	-1.058824	 3.039216	
  .0000034	-1.137255	 3.078431	
  .0000036	-1.137255	 3.196079	
  .0000038	-1.058824	 3.196079	
  .000004	-1.137255	 3.235294	
  .0000042	-1.215686	 3.27451	
  .0000044	-1.215686	 3.235294	
  .0000046	-1.137255	 3.27451	
  .0000048	-1.215686	 3.313725	
  .000005	-1.294118	 3.352941	
  .0000052	-1.294118	 3.392157	
  .0000054	-1.215686	 3.352941	
  .0000056	-1.294118	 3.392157	
  .0000058	-1.294118	 3.392157	
  .000006	-1.294118	 3.352941	
  .0000062	-1.294118	 3.352941	
  .0000064	-1.372549	 3.352941	
  .0000066	-1.294118	 3.392157	
  .0000068	-1.45098	 3.352941	
  .000007	-1.372549	 3.352941	
  .0000072	-1.372549	 3.352941	
  .0000074	-1.372549	 3.392157	
  .0000076	-1.372549	 3.313725	
  .0000078	-1.45098	 3.352941	
  .000008	-1.45098	 3.313725	
  .0000082	-1.372549	 3.313725	
  .0000084	-1.45098	 3.313725	
  .0000086	-1.372549	 3.313725	
  .0000088	-1.45098	 3.352941	
  .000009	-1.45098	 3.313725	
  .0000092	-1.372549	 3.27451	
  .0000094	-1.45098	 3.313725	
  .0000096	-1.529412	 3.313725	
  .0000098	-1.45098	 3.235294	
  .00001	-1.529412	 3.235294	
  .0000102	-1.529412	 3.27451	
  .0000104	-1.529412	 3.235294	
  .0000106	-1.529412	 3.235294	
  .0000108	-1.529412	 3.196079	
  .000011	-1.45098	 3.196079	
  .0000112	-1.529412	 3.117647	
  .0000114	-1.607843	 3.156863	
  .0000116	-1.529412	 3.117647	
  .0000118	-1.45098	 3.117647	
  .000012	-1.529412	 3.078431	
  .0000122	-1.529412	 3.117647	
  .0000124	-1.529412	 3.117647	
  .0000126	-1.529412	 3.078431	
  .0000128	-1.529412	 3	
  .000013	-1.529412	 3.039216	
  .0000132	-1.529412	 3.039216	
  .0000134	-1.529412	 3	
  .0000136	-1.529412	 2.960784	
  .0000138	-1.607843	 2.960784	
  .000014	-1.607843	 2.960784	
  .0000142	-1.607843	 2.921569	
  .0000144	-1.607843	 2.882353	
  .0000146	-1.686275	 2.882353	
  .0000148	-1.607843	 2.843137	
  .000015	-1.607843	 2.882353	
  .0000152	-1.607843	 2.803921	
  .0000154	-1.529412	 2.803921	
  .0000156	-1.529412	 2.803921	
  .0000158	-1.607843	 2.803921	
  .000016	-1.607843	 2.764706	
  .0000162	-1.607843	 2.72549	
  .0000164	-1.45098	 2.686275	
  .0000166	-1.45098	 2.686275	
  .0000168	-1.529412	 2.647059	
  .000017	-1.529412	 2.647059	
  .0000172	-1.607843	 2.647059	
  .0000174	-1.529412	 2.647059	
  .0000176	-1.45098	 2.607843	
  .0000178	-1.607843	 2.529412	
  .000018	-1.529412	 2.490196	
  .0000182	-1.607843	 2.490196	
  .0000184	-1.529412	 2.45098	
  .0000186	-1.529412	 2.45098	
  .0000188	-1.45098	 2.411765	
  .000019	-1.45098	 2.372549	
  .0000192	-1.529412	 2.411765	
  .0000194	-1.45098	 2.333333	
  .0000196	-1.529412	 2.294118	
  .0000198	-1.529412	 2.254902	
  .00002	-1.529412	 2.254902	
  .0000202	-1.45098	 2.137255	
  .0000204	-1.529412	 2.137255	
  .0000206	-1.607843	 2.098039	
  .0000208	-1.45098	 2.137255	
  .000021	-1.45098	 2.137255	
  .0000212	-1.45098	 2.058824	
  .0000214	-1.529412	 1.980392	
  .0000216	-1.45098	 1.980392	
  .0000218	-1.372549	 1.901961	
  .000022	-1.529412	 1.901961	
  .0000222	-1.45098	 1.862745	
  .0000224	-1.372549	 1.862745	
  .0000226	-1.45098	 1.823529	
  .0000228	-1.372549	 1.784314	
  .000023	-1.294118	 1.705882	
  .0000232	-1.372549	 1.705882	
  .0000234	-1.45098	 1.666667	
  .0000236	-1.294118	 1.627451	
  .0000238	-1.294118	 1.588235	
  .000024	-1.294118	 1.54902	
  .0000242	-1.294118	 1.54902	
  .0000244	-1.294118	 1.470588	
  .0000246	-1.372549	 1.431373	
  .0000248	-1.372549	 1.352941	
  .000025	-1.372549	 1.352941	
  .0000252	-1.294118	 1.27451	
  .0000254	-1.372549	 1.27451	
  .0000256	-1.215686	 1.235294	
  .0000258	-1.294118	 1.196078	
  .000026	-1.294118	 1.156863	
  .0000262	-1.294118	 1.156863	
  .0000264	-1.215686	 1.039216	
  .0000266	-1.294118	 1.039216	
  .0000268	-1.215686	 1	
  .000027	-1.215686	 .9607843	
  .0000272	-1.215686	 .9215686	
  .0000274	-1.058824	 .9215686	
  .0000276	-1.215686	 .8823529	
  .0000278	-1.137255	 .8823529	
  .000028	-1.058824	 .7647059	
  .0000282	-1.137255	 .7647059	
  .0000284	-1.137255	 .6470588	
  .0000286	-1.058824	 .6470588	
  .0000288	-1.058824	 .6470588	
  .000029	-1.058824	 .5686275	
  .0000292	-1.058824	 .5686275	
  .0000294	-1.137255	 .5294118	
  .0000296	-1.058824	 .4117647	
  .0000298	-.9803922	 .4117647	
  .00003	-.9803922	 .372549	
  .0000302	-1.058824	 .372549	
  .0000304	-1.058824	 .372549	
  .0000306	-.9803922	 .3333333	
  .0000308	-.9803922	 .254902	
  .000031	-.9803922	 .254902	
  .0000312	-.9019608	 .2156863	
  .0000314	-.9803922	 .1372549	
  .0000316	-.8235294	 .1372549	
  .0000318	-.8235294	 5.882353E-02	
  .000032	-.8235294	 5.882353E-02	
  .0000322	-.9019608	 5.882353E-02	
  .0000324	-.8235294	-1.960784E-02	
  .0000326	-.8235294	-5.882353E-02	
  .0000328	-.7450981	-5.882353E-02	
  .000033	-.8235294	-9.803922E-02	
  .0000332	-.8235294	-.1372549	
  .0000334	-.7450981	-.1764706	
  .0000336	-.7450981	-.2156863	
  .0000338	-.6666667	-.2156863	
  .000034	-.7450981	-.254902	
  .0000342	-.7450981	-.2941177	
  .0000344	-.6666667	-.3333333	
  .0000346	-.6666667	-.4117647	
  .0000348	-.7450981	-.4117647	
  .000035	-.7450981	-.4901961	
  .0000352	-.6666667	-.4901961	
  .0000354	-.6666667	-.5294118	
  .0000356	-.6666667	-.5294118	
  .0000358	-.509804	-.5686275	
  .000036	-.509804	-.6078432	
  .0000362	-.509804	-.6862745	
  .0000364	-.5882353	-.6862745	
  .0000366	-.5882353	-.7647059	
  .0000368	-.509804	-.7647059	
  .000037	-.5882353	-.7647059	
  .0000372	-.509804	-.8431373	
  .0000374	-.3529412	-.8431373	
  .0000376	-.4313726	-.8823529	
  .0000378	-.4313726	-.9215686	
  .000038	-.509804	-1	
  .0000382	-.4313726	-1	
  .0000384	-.4313726	-1.078431	
  .0000386	-.3529412	-1.039216	
  .0000388	-.3529412	-1.117647	
  .000039	-.3529412	-1.156863	
  .0000392	-.3529412	-1.196078	
  .0000394	-.3529412	-1.235294	
  .0000396	-.2745098	-1.27451	
  .0000398	-.2745098	-1.27451	
  .00004	-.2745098	-1.352941	
  .0000402	-.2745098	-1.313725	
  .0000404	-.2745098	-1.392157	
  .0000406	-.2745098	-1.431373	
  .0000408	-.2745098	-1.431373	
  .000041	-.1960784	-1.470588	
  .0000412	-.1960784	-1.509804	
  .0000414	-.1960784	-1.54902	
  .0000416	-3.921569E-02	-1.54902	
  .0000418	-.1960784	-1.666667	
  .000042	-.1960784	-1.627451	
  .0000422	-.1176471	-1.666667	
  .0000424	-.1176471	-1.705882	
  .0000426	-3.921569E-02	-1.705882	
  .0000428	-3.921569E-02	-1.784314	
  .000043	 3.921569E-02	-1.823529	
  .0000432	 3.921569E-02	-1.784314	
  .0000434	 3.921569E-02	-1.823529	
  .0000436	 3.921569E-02	-1.862745	
  .0000438	 3.921569E-02	-1.901961	
  .000044	 3.921569E-02	-1.901961	
  .0000442	 3.921569E-02	-1.941176	
  .0000444	 3.921569E-02	-2.019608	
  .0000446	 3.921569E-02	-2.019608	
  .0000448	 .1176471	-2.019608	
  .000045	 .1176471	-2.058824	
  .0000452	 .1176471	-2.058824	
  .0000454	 .1176471	-2.137255	
  .0000456	 .1176471	-2.137255	
  .0000458	 .1960784	-2.176471	
  .000046	 .1960784	-2.176471	
  .0000462	 .1960784	-2.215686	
  .0000464	 .1176471	-2.215686	
  .0000466	 .1960784	-2.254902	
  .0000468	 .2745098	-2.254902	
  .000047	 .1960784	-2.254902	
  .0000472	 .3529412	-2.294118	
  .0000474	 .2745098	-2.333333	
  .0000476	 .2745098	-2.333333	
  .0000478	 .2745098	-2.333333	
  .000048	 .3529412	-2.411765	
  .0000482	 .4313726	-2.411765	
  .0000484	 .3529412	-2.372549	
  .0000486	 .3529412	-2.411765	
  .0000488	 .4313726	-2.490196	
  .000049	 .4313726	-2.490196	
  .0000492	 .4313726	-2.529412	
  .0000494	 .3529412	-2.490196	
  .0000496	 .4313726	-2.490196	
  .0000498	 .509804	-2.529412	
  .00005	 .4313726	-2.529412	
  .0000502	 .3529412	-2.568627	
  .0000504	 .509804	-2.568627	
  .0000506	 .509804	-2.568627	
  .0000508	 .509804	-2.568627	
  .000051	 .6666667	-2.568627	
  .0000512	 .5882353	-2.647059	
  .0000514	 .5882353	-2.607843	
  .0000516	 .5882353	-2.686275	
  .0000518	 .6666667	-2.607843	
  .000052	 .5882353	-2.686275	
  .0000522	 .6666667	-2.647059	
  .0000524	 .8235294	-2.72549	
  .0000526	 .7450981	-2.72549	
  .0000528	 .8235294	-2.72549	
  .000053	 .8235294	-2.764706	
  .0000532	 .7450981	-2.764706	
  .0000534	 .8235294	-2.764706	
  .0000536	 .9019608	-2.764706	
  .0000538	 .9019608	-2.803921	
  .000054	 .8235294	-2.764706	
  .0000542	 .9803922	-2.764706	
  .0000544	 .9803922	-2.803921	
  .0000546	 1.058824	-2.803921	
  .0000548	 .9803922	-2.803921	
  .000055	 .9803922	-2.843137	
  .0000552	 1.058824	-2.803921	
  .0000554	 .9803922	-2.843137	
  .0000556	 .9019608	-2.843137	
  .0000558	 1.058824	-2.843137	
  .000056	 1.137255	-2.882353	
  .0000562	 1.058824	-2.882353	
  .0000564	 1.137255	-2.843137	
  .0000566	 .9803922	-2.921569	
  .0000568	 1.058824	-2.843137	
  .000057	 1.058824	-2.843137	
  .0000572	 1.137255	-2.843137	
  .0000574	 1.137255	-2.764706	
  .0000576	 1.137255	-2.803921	
  .0000578	 1.137255	-2.803921	
  .000058	 1.137255	-2.843137	
  .0000582	 1.137255	-2.843137	
  .0000584	 1.215686	-2.764706	
  .0000586	 1.137255	-2.843137	
  .0000588	 1.215686	-2.803921	
  .000059	 1.215686	-2.764706	
  .0000592	 1.294118	-2.882353	
  .0000594	 1.215686	-2.764706	
  .0000596	 1.215686	-2.764706	
  .0000598	 1.215686	-2.764706	
  .00006	 1.215686	-2.72549	
  .0000602	 1.215686	-2.764706	
  .0000604	 1.294118	-2.764706	
  .0000606	 1.294118	-2.764706	
  .0000608	 1.372549	-2.72549	
  .000061	 1.294118	-2.72549	
  .0000612	 1.372549	-2.764706	
  .0000614	 1.372549	-2.72549	
  .0000616	 1.294118	-2.72549	
  .0000618	 1.294118	-2.686275	
  .000062	 1.372549	-2.647059	
  .0000622	 1.372549	-2.686275	
  .0000624	 1.529412	-2.686275	
  .0000626	 1.529412	-2.686275	
  .0000628	 1.45098	-2.647059	
  .000063	 1.529412	-2.686275	
  .0000632	 1.529412	-2.607843	
  .0000634	 1.529412	-2.647059	
  .0000636	 1.529412	-2.686275	
  .0000638	 1.607843	-2.647059	
  .000064	 1.529412	-2.647059	
  .0000642	 1.45098	-2.607843	
  .0000644	 1.529412	-2.607843	
  .0000646	 1.529412	-2.607843	
  .0000648	 1.529412	-2.568627	
  .000065	 1.607843	-2.529412	
  .0000652	 1.529412	-2.607843	
  .0000654	 1.607843	-2.568627	
  .0000656	 1.607843	-2.568627	
  .0000658	 1.607843	-2.529412	
  .000066	 1.607843	-2.529412	
  .0000662	 1.607843	-2.529412	
  .0000664	 1.607843	-2.529412	
  .0000666	 1.607843	-2.529412	
  .0000668	 1.607843	-2.490196	
  .000067	 1.764706	-2.529412	
  .0000672	 1.607843	-2.490196	
  .0000674	 1.686275	-2.490196	
  .0000676	 1.607843	-2.45098	
  .0000678	 1.529412	-2.411765	
  .000068	 1.607843	-2.45098	
  .0000682	 1.607843	-2.372549	
  .0000684	 1.686275	-2.372549	
  .0000686	 1.686275	-2.372549	
  .0000688	 1.607843	-2.372549	
  .000069	 1.764706	-2.372549	
  .0000692	 1.529412	-2.372549	
  .0000694	 1.607843	-2.372549	
  .0000696	 1.607843	-2.294118	
  .0000698	 1.529412	-2.294118	
  .00007	 1.607843	-2.294118	
  .0000702	 1.607843	-2.294118	
  .0000704	 1.607843	-2.254902	
  .0000706	 1.607843	-2.254902	
  .0000708	 1.686275	-2.215686	
  .000071	 1.607843	-2.176471	
  .0000712	 1.607843	-2.215686	
  .0000714	 1.529412	-2.215686	
  .0000716	 1.686275	-2.137255	
  .0000718	 1.607843	-2.137255	
  .000072	 1.529412	-2.137255	
  .0000722	 1.529412	-2.137255	
  .0000724	 1.607843	-2.098039	
  .0000726	 1.529412	-2.098039	
  .0000728	 1.607843	-2.098039	
  .000073	 1.529412	-2.098039	
  .0000732	 1.529412	-2.058824	
  .0000734	 1.529412	-2.019608	
  .0000736	 1.607843	-2.019608	
  .0000738	 1.529412	-1.980392	
  .000074	 1.529412	-1.941176	
  .0000742	 1.45098	-1.941176	
  .0000744	 1.529412	-1.941176	
  .0000746	 1.529412	-1.901961	
  .0000748	 1.45098	-1.862745	
  .000075	 1.529412	-1.862745	
  .0000752	 1.529412	-1.823529	
  .0000754	 1.529412	-1.823529	
  .0000756	 1.45098	-1.784314	
  .0000758	 1.529412	-1.784314	
  .000076	 1.529412	-1.784314	
  .0000762	 1.45098	-1.745098	
  .0000764	 1.529412	-1.745098	
  .0000766	 1.45098	-1.705882	
  .0000768	 1.529412	-1.666667	
  .000077	 1.45098	-1.666667	
  .0000772	 1.45098	-1.627451	
  .0000774	 1.529412	-1.627451	
  .0000776	 1.45098	-1.588235	
  .0000778	 1.45098	-1.588235	
  .000078	 1.45098	-1.588235	
  .0000782	 1.45098	-1.509804	
  .0000784	 1.45098	-1.54902	
  .0000786	 1.45098	-1.509804	
  .0000788	 1.372549	-1.470588	
  .000079	 1.45098	-1.470588	
  .0000792	 1.372549	-1.431373	
  .0000794	 1.45098	-1.431373	
  .0000796	 1.372549	-1.392157	
  .0000798	 1.45098	-1.313725	
  .00008	 1.372549	-1.352941	
  .0000802	 1.372549	-1.313725	
  .0000804	 1.294118	-1.27451	
  .0000806	 1.372549	-1.27451	
  .0000808	 1.294118	-1.196078	
  .000081	 1.372549	-1.196078	
  .0000812	 1.372549	-1.196078	
  .0000814	 1.294118	-1.156863	
  .0000816	 1.294118	-1.117647	
  .0000818	 1.294118	-1.117647	
  .000082	 1.215686	-1.039216	
  .0000822	 1.294118	-1	
  .0000824	 1.372549	-1	
  .0000826	 1.294118	-.9607843	
  .0000828	 1.294118	-.9215686	
  .000083	 1.215686	-.9215686	
  .0000832	 1.294118	-.8431373	
  .0000834	 1.294118	-.8431373	
  .0000836	 1.215686	-.8431373	
  .0000838	 1.215686	-.8039216	
  .000084	 1.215686	-.8039216	
  .0000842	 1.215686	-.6862745	
  .0000844	 1.215686	-.6862745	
  .0000846	 1.215686	-.7254902	
  .0000848	 1.215686	-.6470588	
  .000085	 1.137255	-.6470588	
  .0000852	 1.137255	-.6078432	
  .0000854	 .9803922	-.5686275	
  .0000856	 1.137255	-.6078432	
  .0000858	 1.058824	-.5294118	
  .000086	 1.137255	-.5294118	
  .0000862	 1.137255	-.5294118	
  .0000864	 1.137255	-.4901961	
  .0000866	 1.058824	-.4509804	
  .0000868	 1.137255	-.4117647	
  .000087	 1.058824	-.4117647	
  .0000872	 1.058824	-.3333333	
  .0000874	 1.137255	-.3333333	
  .0000876	 .9803922	-.3333333	
  .0000878	 1.058824	-.3333333	
  .000088	 1.058824	-.2156863	
  .0000882	 1.058824	-.254902	
  .0000884	 1.058824	-.254902	
  .0000886	 .9019608	-.1764706	
  .0000888	 .9803922	-.1764706	
  .000089	 .9803922	-.1372549	
  .0000892	 1.058824	-5.882353E-02	
  .0000894	 .9803922	-9.803922E-02	
  .0000896	 .9803922	-5.882353E-02	
  .0000898	 .9019608	 1.960784E-02	
  .00009	 .8235294	 1.960784E-02	
  .0000902	 1.058824	 5.882353E-02	
  .0000904	 .8235294	 5.882353E-02	
  .0000906	 .9803922	 9.803922E-02	
  .0000908	 .9019608	 5.882353E-02	
  .000091	 .9019608	 .1372549	
  .0000912	 .9019608	 .1372549	
  .0000914	 .9803922	 .1764706	
  .0000916	 .8235294	 .1764706	
  .0000918	 .8235294	 .254902	
  .000092	 .9019608	 .254902	
  .0000922	 .8235294	 .2156863	
  .0000924	 .8235294	 .3333333	
  .0000926	 .7450981	 .3333333	
  .0000928	 .8235294	 .2941177	
  .000093	 .7450981	 .372549	
  .0000932	 .8235294	 .4117647	
  .0000934	 .7450981	 .4509804	
  .0000936	 .6666667	 .4117647	
  .0000938	 .7450981	 .4509804	
  .000094	 .7450981	 .4901961	
  .0000942	 .5882353	 .4901961	
  .0000944	 .6666667	 .5294118	
  .0000946	 .6666667	 .4901961	
  .0000948	 .6666667	 .6470588	
  .000095	 .6666667	 .6470588	
  .0000952	 .6666667	 .6078432	
  .0000954	 .7450981	 .6470588	
  .0000956	 .6666667	 .7254902	
  .0000958	 .5882353	 .7647059	
  .000096	 .6666667	 .7254902	
  .0000962	 .5882353	 .8039216	
  .0000964	 .5882353	 .7647059	
  .0000966	 .5882353	 .8039216	
  .0000968	 .6666667	 .8431373	
  .000097	 .6666667	 .8039216	
  .0000972	 .5882353	 .8823529	
  .0000974	 .4313726	 .9215686	
  .0000976	 .5882353	 .9215686	
  .0000978	 .509804	 1	
  .000098	 .5882353	 1	
  .0000982	 .509804	 1.039216	
  .0000984	 .509804	 1.039216	
  .0000986	 .509804	 1.039216	
  .0000988	 .509804	 1.117647	
  .000099	 .4313726	 1.117647	
  .0000992	 .4313726	 1.078431	
  .0000994	 .4313726	 1.078431	
  .0000996	 .4313726	 1.156863	
  .0000998	 .3529412	 1.156863	
  .0001	 .3529412	 1.196078	
  .0001002	 .3529412	 1.235294	
  .0001004	 .3529412	 1.27451	
  .0001006	 .3529412	 1.235294	
  .0001008	 .2745098	 1.27451	
  .000101	 .3529412	 1.235294	
  .0001012	 .2745098	 1.313725	
  .0001014	 .2745098	 1.352941	
  .0001016	 .2745098	 1.313725	
  .0001018	 .2745098	 1.352941	
  .000102	 .3529412	 1.392157	
  .0001022	 .3529412	 1.392157	
  .0001024	 .1960784	 1.431373	
  .0001026	 .1960784	 1.392157	
  .0001028	 .2745098	 1.470588	
  .000103	 .1960784	 1.509804	
  .0001032	 .1960784	 1.470588	
  .0001034	 .1960784	 1.54902	
  .0001036	 .2745098	 1.54902	
  .0001038	 .1960784	 1.54902	
  .000104	 .1176471	 1.54902	
  .0001042	 .1176471	 1.588235	
  .0001044	 .1176471	 1.54902	
  .0001046	 .1176471	 1.588235	
  .0001048	 .1176471	 1.627451	
  .000105	 3.921569E-02	 1.666667	
  .0001052	 3.921569E-02	 1.666667	
  .0001054	 .1176471	 1.627451	
  .0001056	-3.921569E-02	 1.666667	
  .0001058	-3.921569E-02	 1.627451	
  .000106	 3.921569E-02	 1.666667	
  .0001062	 3.921569E-02	 1.705882	
  .0001064	 3.921569E-02	 1.745098	
  .0001066	 .1176471	 1.745098	
  .0001068	-3.921569E-02	 1.784314	
  .000107	-3.921569E-02	 1.784314	
  .0001072	-3.921569E-02	 1.745098	
  .0001074	-.1176471	 1.823529	
  .0001076	-3.921569E-02	 1.705882	
  .0001078	-.1176471	 1.823529	
  .000108	-.1176471	 1.862745	
  .0001082	-.1960784	 1.784314	
  .0001084	-.1960784	 1.901961	
  .0001086	-.1960784	 1.823529	
  .0001088	-.2745098	 1.784314	
  .000109	-.1960784	 1.901961	
  .0001092	-.2745098	 1.862745	
  .0001094	-.1960784	 1.901961	
  .0001096	-.2745098	 1.901961	
  .0001098	-.3529412	 1.862745	
  .00011	-.2745098	 1.901961	
  .0001102	-.2745098	 1.901961	
  .0001104	-.3529412	 1.901961	
  .0001106	-.3529412	 1.901961	
  .0001108	-.3529412	 1.941176	
  .000111	-.3529412	 1.901961	
  .0001112	-.3529412	 1.941176	
  .0001114	-.3529412	 1.941176	
  .0001116	-.4313726	 1.941176	
  .0001118	-.4313726	 1.941176	
  .000112	-.4313726	 1.941176	
  .0001122	-.509804	 1.980392	
  .0001124	-.509804	 1.980392	
  .0001126	-.4313726	 1.941176	
  .0001128	-.5882353	 2.019608	
  .000113	-.509804	 1.980392	
  .0001132	-.5882353	 1.980392	
  .0001134	-.5882353	 1.941176	
  .0001136	-.5882353	 1.941176	
  .0001138	-.7450981	 1.862745	
  .000114	-.6666667	 1.941176	
  .0001142	-.6666667	 1.862745	
  .0001144	-.7450981	 1.941176	
  .0001146	-.5882353	 1.980392	
  .0001148	-.6666667	 1.941176	
  .000115	-.7450981	 1.941176	
  .0001152	-.7450981	 1.941176	
  .0001154	-.5882353	 1.941176	
  .0001156	-.8235294	 1.901961	
  .0001158	-.8235294	 1.901961	
  .000116	-.7450981	 1.980392	
  .0001162	-.9019608	 1.941176	
  .0001164	-.8235294	 1.980392	
  .0001166	-.8235294	 1.901961	
  .0001168	-.8235294	 1.941176	
  .000117	-.8235294	 1.980392	
  .0001172	-.9019608	 1.980392	
  .0001174	-.8235294	 1.901961	
  .0001176	-.8235294	 1.980392	
  .0001178	-.8235294	 1.941176	
  .000118	-.8235294	 1.941176	
  .0001182	-.9019608	 1.941176	
  .0001184	-.9019608	 1.941176	
  .0001186	-.9019608	 1.901961	
  .0001188	-.9803922	 1.941176	
  .000119	-.9803922	 1.901961	
  .0001192	-.9803922	 1.901961	
  .0001194	-.8235294	 1.901961	
  .0001196	-.9803922	 1.862745	
  .0001198	-.9803922	 1.901961	
  .00012	-.9803922	 1.980392	
  .0001202	-.9803922	 1.901961	
  .0001204	-.9019608	 1.901961	
  .0001206	-1.058824	 1.901961	
  .0001208	-.9803922	 1.823529	
  .000121	-1.137255	 1.901961	
  .0001212	-1.058824	 1.862745	
  .0001214	-.9803922	 1.901961	
  .0001216	-1.058824	 1.862745	
  .0001218	-1.058824	 1.862745	
  .000122	-.9803922	 1.823529	
  .0001222	-.9803922	 1.862745	
  .0001224	-1.058824	 1.862745	
  .0001226	-1.058824	 1.862745	
  .0001228	-1.058824	 1.862745	
  .000123	-1.058824	 1.823529	
  .0001232	-.9803922	 1.862745	
  .0001234	-.9803922	 1.823529	
  .0001236	-1.058824	 1.823529	
  .0001238	-1.137255	 1.784314	
  .000124	-1.137255	 1.784314	
  .0001242	-1.137255	 1.745098	
  .0001244	-1.137255	 1.745098	
  .0001246	-1.137255	 1.823529	
  .0001248	-1.058824	 1.784314	
  .000125	-1.137255	 1.784314	
  .0001252	-1.058824	 1.745098	
  .0001254	-1.137255	 1.745098	
  .0001256	-1.137255	 1.705882	
  .0001258	-1.137255	 1.705882	
  .000126	-1.137255	 1.745098	
  .0001262	-1.137255	 1.705882	
  .0001264	-.9803922	 1.705882	
  .0001266	-1.058824	 1.666667	
  .0001268	-1.058824	 1.705882	
  .000127	-1.058824	 1.627451	
  .0001272	-1.058824	 1.666667	
  .0001274	-.9803922	 1.627451	
  .0001276	-1.137255	 1.666667	
  .0001278	-1.058824	 1.627451	
  .000128	-1.137255	 1.627451	
  .0001282	-1.137255	 1.588235	
  .0001284	-1.137255	 1.588235	
  .0001286	-1.137255	 1.509804	
  .0001288	-1.137255	 1.509804	
  .000129	-1.058824	 1.509804	
  .0001292	-1.137255	 1.54902	
  .0001294	-1.137255	 1.509804	
  .0001296	-1.137255	 1.470588	
  .0001298	-1.058824	 1.470588	
  .00013	-1.137255	 1.470588	
  .0001302	-1.058824	 1.470588	
  .0001304	-1.058824	 1.431373	
  .0001306	-1.058824	 1.431373	
  .0001308	-1.137255	 1.392157	
  .000131	-.9803922	 1.392157	
  .0001312	-1.058824	 1.431373	
  .0001314	-1.058824	 1.392157	
  .0001316	-1.058824	 1.392157	
  .0001318	-1.058824	 1.352941	
  .000132	-1.058824	 1.392157	
  .0001322	-1.058824	 1.313725	
  .0001324	-1.058824	 1.27451	
  .0001326	-1.058824	 1.27451	
  .0001328	-1.058824	 1.313725	
  .000133	-1.058824	 1.313725	
  .0001332	-.9803922	 1.27451	
  .0001334	-1.058824	 1.27451	
  .0001336	-1.058824	 1.196078	
  .0001338	-1.058824	 1.235294	
  .000134	-1.058824	 1.156863	
  .0001342	-.9803922	 1.156863	
  .0001344	-.9803922	 1.196078	
  .0001346	-.9803922	 1.117647	
  .0001348	-.9803922	 1.156863	
  .000135	-.9803922	 1.117647	
  .0001352	-.9803922	 1.039216	
  .0001354	-.9803922	 1.078431	
  .0001356	-.9803922	 1.078431	
  .0001358	-.9019608	 1.078431	
  .000136	-.9803922	 1.078431	
  .0001362	-.9803922	 1.039216	
  .0001364	-.9019608	 1	
  .0001366	-.9019608	 .9215686	
  .0001368	-.9019608	 1	
  .000137	-.9803922	 1	
  .0001372	-.9803922	 .9215686	
  .0001374	-.9803922	 .9215686	
  .0001376	-.9019608	 .9215686	
  .0001378	-.8235294	 .9215686	
  .000138	-.9019608	 .9215686	
  .0001382	-.9019608	 .8823529	
  .0001384	-.8235294	 .8431373	
  .0001386	-.9019608	 .8039216	
  .0001388	-.9803922	 .8039216	
  .000139	-.8235294	 .7647059	
  .0001392	-.8235294	 .7647059	
  .0001394	-.9019608	 .6862745	
  .0001396	-.9019608	 .7647059	
  .0001398	-.9019608	 .7254902	
  .00014	-.8235294	 .6862745	
  .0001402	-.8235294	 .6862745	
  .0001404	-.9019608	 .6470588	
  .0001406	-.8235294	 .6078432	
  .0001408	-.8235294	 .6078432	
  .000141	-.8235294	 .5686275	
  .0001412	-.9019608	 .5294118	
  .0001414	-.8235294	 .5294118	
  .0001416	-.8235294	 .5686275	
  .0001418	-.7450981	 .5294118	
  .000142	-.8235294	 .5294118	
  .0001422	-.7450981	 .4901961	
  .0001424	-.6666667	 .4901961	
  .0001426	-.7450981	 .4901961	
  .0001428	-.7450981	 .4117647	
  .000143	-.7450981	 .4901961	
  .0001432	-.7450981	 .4509804	
  .0001434	-.6666667	 .3333333	
  .0001436	-.7450981	 .3333333	
  .0001438	-.6666667	 .3333333	
  .000144	-.6666667	 .2941177	
  .0001442	-.7450981	 .2941177	
  .0001444	-.6666667	 .3333333	
  .0001446	-.7450981	 .254902	
  .0001448	-.6666667	 .254902	
  .000145	-.6666667	 .1764706	
  .0001452	-.6666667	 .254902	
  .0001454	-.7450981	 .2156863	
  .0001456	-.6666667	 .1372549	
  .0001458	-.6666667	 9.803922E-02	
  .000146	-.7450981	 .1372549	
  .0001462	-.509804	 .1372549	
  .0001464	-.5882353	 .1372549	
  .0001466	-.6666667	 5.882353E-02	
  .0001468	-.5882353	-1.960784E-02	
  .000147	-.5882353	-1.960784E-02	
  .0001472	-.5882353	-5.882353E-02	
  .0001474	-.5882353	-1.960784E-02	
  .0001476	-.5882353	-1.960784E-02	
  .0001478	-.509804	-5.882353E-02	
  .000148	-.6666667	-9.803922E-02	
  .0001482	-.5882353	-9.803922E-02	
  .0001484	-.5882353	-.1372549	
  .0001486	-.5882353	-.1764706	
  .0001488	-.5882353	-.1764706	
  .000149	-.5882353	-.1764706	
  .0001492	-.509804	-.1764706	
  .0001494	-.509804	-.2156863	
  .0001496	-.4313726	-.2156863	
  .0001498	-.509804	-.2156863	
  .00015	-.509804	-.254902	
  .0001502	-.509804	-.2941177	
  .0001504	-.509804	-.372549	
  .0001506	-.509804	-.3333333	
  .0001508	-.4313726	-.3333333	
  .000151	-.4313726	-.3333333	
  .0001512	-.4313726	-.372549	
  .0001514	-.4313726	-.372549	
  .0001516	-.4313726	-.4117647	
  .0001518	-.4313726	-.4117647	
  .000152	-.4313726	-.4509804	
  .0001522	-.4313726	-.4509804	
  .0001524	-.4313726	-.4901961	
  .0001526	-.4313726	-.4117647	
  .0001528	-.3529412	-.4509804	
  .000153	-.509804	-.4901961	
  .0001532	-.2745098	-.4901961	
  .0001534	-.3529412	-.5294118	
  .0001536	-.4313726	-.5686275	
  .0001538	-.3529412	-.6470588	
  .000154	-.3529412	-.6078432	
  .0001542	-.3529412	-.6078432	
  .0001544	-.2745098	-.6078432	
  .0001546	-.3529412	-.6470588	
  .0001548	-.3529412	-.6078432	
  .000155	-.1960784	-.6862745	
  .0001552	-.2745098	-.6862745	
  .0001554	-.2745098	-.6470588	
  .0001556	-.2745098	-.6862745	
  .0001558	-.2745098	-.6862745	
  .000156	-.1960784	-.7254902	
  .0001562	-.2745098	-.7254902	
  .0001564	-.3529412	-.7647059	
  .0001566	-.2745098	-.7647059	
  .0001568	-.1960784	-.8039216	
  .000157	-.2745098	-.8039216	
  .0001572	-.1960784	-.8039216	
  .0001574	-.1176471	-.8039216	
  .0001576	-.1176471	-.8823529	
  .0001578	-.1960784	-.8431373	
  .000158	-.1960784	-.8823529	
  .0001582	-.1176471	-.8823529	
  .0001584	-.1176471	-.9215686	
  .0001586	-.1960784	-.9215686	
  .0001588	-3.921569E-02	-1	
  .000159	 3.921569E-02	-.9607843	
  .0001592	-3.921569E-02	-.9607843	
  .0001594	-.1176471	-.9215686	
  .0001596	-.1176471	-1	
  .0001598	-3.921569E-02	-.9607843	
  .00016	-.1176471	-.9607843	
  .0001602	-3.921569E-02	-1	
  .0001604	 3.921569E-02	-1.039216	
  .0001606	-3.921569E-02	-1.039216	
  .0001608	 3.921569E-02	-1	
  .000161	 3.921569E-02	-1.039216	
  .0001612	 3.921569E-02	-1.039216	
  .0001614	-3.921569E-02	-1.078431	
  .0001616	 3.921569E-02	-1.039216	
  .0001618	 3.921569E-02	-1.039216	
  .000162	 .1176471	-1.078431	
  .0001622	 .1960784	-1.039216	
  .0001624	 .1176471	-1.078431	
  .0001626	 .1176471	-1.078431	
  .0001628	 3.921569E-02	-1.078431	
  .000163	 .1960784	-1.117647	
  .0001632	 .1176471	-1.156863	
  .0001634	 .1176471	-1.156863	
  .0001636	 .1960784	-1.156863	
  .0001638	 .2745098	-1.196078	
  .000164	 .2745098	-1.156863	
  .0001642	 .2745098	-1.235294	
  .0001644	 .3529412	-1.117647	
  .0001646	 .2745098	-1.196078	
  .0001648	 .2745098	-1.156863	
  .000165	 .2745098	-1.392157	
  .0001652	 .3529412	-1.235294	
  .0001654	 .3529412	-1.235294	
  .0001656	 .3529412	-1.235294	
  .0001658	 .3529412	-1.235294	
  .000166	 .4313726	-1.235294	
  .0001662	 .3529412	-1.27451	
  .0001664	 .4313726	-1.27451	
  .0001666	 .3529412	-1.235294	
  .0001668	 .3529412	-1.27451	
  .000167	 .509804	-1.27451	
  .0001672	 .4313726	-1.196078	
  .0001674	 .4313726	-1.235294	
  .0001676	 .4313726	-1.27451	
  .0001678	 .4313726	-1.27451	
  .000168	 .509804	-1.27451	
  .0001682	 .4313726	-1.313725	
  .0001684	 .509804	-1.313725	
  .0001686	 .509804	-1.352941	
  .0001688	 .509804	-1.313725	
  .000169	 .509804	-1.27451	
  .0001692	 .5882353	-1.313725	
  .0001694	 .5882353	-1.313725	
  .0001696	 .509804	-1.313725	
  .0001698	 .6666667	-1.313725	
  .00017	 .5882353	-1.313725	
  .0001702	 .5882353	-1.352941	
  .0001704	 .5882353	-1.313725	
  .0001706	 .6666667	-1.352941	
  .0001708	 .6666667	-1.313725	
  .000171	 .6666667	-1.313725	
  .0001712	 .6666667	-1.313725	
  .0001714	 .6666667	-1.352941	
  .0001716	 .6666667	-1.313725	
  .0001718	 .6666667	-1.313725	
  .000172	 .6666667	-1.352941	
  .0001722	 .5882353	-1.352941	
  .0001724	 .7450981	-1.352941	
  .0001726	 .7450981	-1.313725	
  .0001728	 .7450981	-1.313725	
  .000173	 .6666667	-1.313725	
  .0001732	 .8235294	-1.352941	
  .0001734	 .7450981	-1.313725	
  .0001736	 .7450981	-1.352941	
  .0001738	 .8235294	-1.392157	
  .000174	 .7450981	-1.313725	
  .0001742	 .8235294	-1.352941	
  .0001744	 .7450981	-1.313725	
  .0001746	 .8235294	-1.352941	
  .0001748	 .9803922	-1.313725	
  .000175	 .8235294	-1.352941	
  .0001752	 .9019608	-1.352941	
  .0001754	 .8235294	-1.313725	
  .0001756	 .8235294	-1.313725	
  .0001758	 .9019608	-1.352941	
  .000176	 .9803922	-1.313725	
  .0001762	 .9019608	-1.352941	
  .0001764	 .9803922	-1.27451	
  .0001766	 .8235294	-1.313725	
  .0001768	 .9803922	-1.313725	
  .000177	 .9019608	-1.27451	
  .0001772	 .9019608	-1.27451	
  .0001774	 .9803922	-1.313725	
  .0001776	 .9803922	-1.27451	
  .0001778	 .9803922	-1.27451	
  .000178	 .9803922	-1.352941	
  .0001782	 .9019608	-1.313725	
  .0001784	 .9019608	-1.235294	
  .0001786	 .9803922	-1.352941	
  .0001788	 1.137255	-1.27451	
  .000179	 .9803922	-1.313725	
  .0001792	 .9019608	-1.235294	
  .0001794	 .9803922	-1.235294	
  .0001796	 1.058824	-1.27451	
  .0001798	 .9019608	-1.313725	
  .00018	 .9803922	-1.235294	
  .0001802	 1.058824	-1.235294	
  .0001804	 .9019608	-1.196078	
  .0001806	 1.058824	-1.196078	
  .0001808	 .9803922	-1.235294	
  .000181	 .9019608	-1.235294	
  .0001812	 .9803922	-1.196078	
  .0001814	 1.058824	-1.156863	
  .0001816	 .9803922	-1.196078	
  .0001818	 .9803922	-1.156863	
  .000182	 1.137255	-1.156863	
  .0001822	 1.058824	-1.117647	
  .0001824	 1.058824	-1.156863	
  .0001826	 1.058824	-1.156863	
  .0001828	 1.058824	-1.196078	
  .000183	 .9019608	-1.196078	
  .0001832	 1.058824	-1.156863	
  .0001834	 .9803922	-1.156863	
  .0001836	 .9803922	-1.156863	
  .0001838	 1.058824	-1.078431	
  .000184	 1.058824	-1.117647	
  .0001842	 .9803922	-1.078431	
  .0001844	 1.058824	-1.078431	
  .0001846	 1.058824	-1.078431	
  .0001848	 .9803922	-1.117647	
  .000185	 .9803922	-1.078431	
  .0001852	 1.058824	-1.078431	
  .0001854	 1.058824	-1.117647	
  .0001856	 1.058824	-1.039216	
  .0001858	 1.215686	-1.039216	
  .000186	 1.058824	-1.039216	
  .0001862	 1.058824	-1	
  .0001864	 .9803922	-1.039216	
  .0001866	 1.058824	-1.039216	
  .0001868	 1.137255	-1.039216	
  .000187	 .9803922	-.9607843	
  .0001872	 1.058824	-.9607843	
  .0001874	 1.137255	-.9607843	
  .0001876	 1.058824	-1	
  .0001878	 .9803922	-1	
  .000188	 .9803922	-.9607843	
  .0001882	 1.058824	-.9607843	
  .0001884	 1.058824	-.9215686	
  .0001886	 .9803922	-.8823529	
  .0001888	 1.058824	-.8823529	
  .000189	 1.058824	-.8823529	
  .0001892	 1.058824	-.9215686	
  .0001894	 1.058824	-.8823529	
  .0001896	 1.058824	-.8431373	
  .0001898	 1.058824	-.8823529	
  .00019	 .9803922	-.8431373	
  .0001902	 .9803922	-.8431373	
  .0001904	 .9803922	-.8431373	
  .0001906	 .9803922	-.8039216	
  .0001908	 .9803922	-.8039216	
  .000191	 1.058824	-.7647059	
  .0001912	 1.058824	-.8431373	
  .0001914	 .9803922	-.7647059	
  .0001916	 .9803922	-.7647059	
  .0001918	 .9803922	-.7647059	
  .000192	 .9803922	-.7647059	
  .0001922	 .9019608	-.6862745	
  .0001924	 1.058824	-.6862745	
  .0001926	 .9803922	-.7254902	
  .0001928	 .9019608	-.6862745	
  .000193	 .9803922	-.6862745	
  .0001932	 .9019608	-.6862745	
  .0001934	 .9803922	-.6862745	
  .0001936	 .9019608	-.6862745	
  .0001938	 .9019608	-.6078432	
  .000194	 .9803922	-.6470588	
  .0001942	 .9019608	-.6470588	
  .0001944	 1.058824	-.6078432	
  .0001946	 .9803922	-.6470588	
  .0001948	 .9803922	-.5686275	
  .000195	 .9019608	-.5294118	
  .0001952	 .8235294	-.5294118	
  .0001954	 .9019608	-.5686275	
  .0001956	 .9803922	-.5294118	
  .0001958	 .9019608	-.5686275	
  .000196	 .9803922	-.5294118	
  .0001962	 .9803922	-.4901961	
  .0001964	 .8235294	-.4901961	
  .0001966	 .9019608	-.4901961	
  .0001968	 .9019608	-.4901961	
  .000197	 .9019608	-.4117647	
  .0001972	 .9019608	-.4117647	
  .0001974	 .8235294	-.4509804	
  .0001976	 .9019608	-.4117647	
  .0001978	 .9019608	-.4117647	
  .000198	 .8235294	-.4117647	
  .0001982	 .7450981	-.4117647	
  .0001984	 .9803922	-.4117647	
  .0001986	 .9019608	-.372549	
  .0001988	 .7450981	-.372549	
  .000199	 .7450981	-.2941177	
  .0001992	 .8235294	-.2941177	
  .0001994	 .9019608	-.2941177	
  .0001996	 .9019608	-.2941177	
  .0001998	 .7450981	-.3333333	
  .0002	 .8235294	-.254902	
  .0002002	 .7450981	-.254902	
  .0002004	 .7450981	-.254902	
  .0002006	 .8235294	-.2156863	
  .0002008	 .7450981	-.254902	
  .000201	 .7450981	-.2156863	
  .0002012	 .8235294	-.2156863	
  .0002014	 .6666667	-.1764706	
  .0002016	 .7450981	-.1764706	
  .0002018	 .8235294	-.1372549	
  .000202	 .7450981	-.1372549	
  .0002022	 .7450981	-9.803922E-02	
  .0002024	 .8235294	-5.882353E-02	
  .0002026	 .7450981	-9.803922E-02	
  .0002028	 .7450981	-5.882353E-02	
  .000203	 .6666667	-9.803922E-02	
  .0002032	 .6666667	-5.882353E-02	
  .0002034	 .5882353	-9.803922E-02	
  .0002036	 .6666667	-1.960784E-02	
  .0002038	 .5882353	-1.960784E-02	
  .000204	 .6666667	 1.960784E-02	
  .0002042	 .5882353	 1.960784E-02	
  .0002044	 .6666667	-1.960784E-02	
  .0002046	 .6666667	 1.960784E-02	
  .0002048	 .5882353	 1.960784E-02	
  .000205	 .5882353	 5.882353E-02	
  .0002052	 .5882353	 5.882353E-02	
  .0002054	 .5882353	 9.803922E-02	
  .0002056	 .7450981	 .1372549	
  .0002058	 .5882353	 9.803922E-02	
  .000206	 .5882353	 .1372549	
  .0002062	 .5882353	 9.803922E-02	
  .0002064	 .509804	 .1372549	
  .0002066	 .6666667	 5.882353E-02	
  .0002068	 .5882353	 .1764706	
  .000207	 .5882353	 .254902	
  .0002072	 .5882353	 .2156863	
  .0002074	 .509804	 .2156863	
  .0002076	 .6666667	 .2156863	
  .0002078	 .4313726	 .2156863	
  .000208	 .4313726	 .254902	
  .0002082	 .509804	 .254902	
  .0002084	 .5882353	 .254902	
  .0002086	 .509804	 .2941177	
  .0002088	 .509804	 .254902	
  .000209	 .509804	 .3333333	
  .0002092	 .509804	 .3333333	
  .0002094	 .4313726	 .2941177	
  .0002096	 .4313726	 .3333333	
  .0002098	 .509804	 .3333333	
  .00021	 .4313726	 .3333333	
  .0002102	 .5882353	 .4117647	
  .0002104	 .4313726	 .4117647	
  .0002106	 .4313726	 .372549	
  .0002108	 .4313726	 .4117647	
  .000211	 .4313726	 .4117647	
  .0002112	 .509804	 .4509804	
  .0002114	 .3529412	 .4509804	
  .0002116	 .4313726	 .4509804	
  .0002118	 .3529412	 .4509804	
  .000212	 .3529412	 .4901961	
  .0002122	 .4313726	 .5294118	
  .0002124	 .4313726	 .4901961	
  .0002126	 .3529412	 .5294118	
  .0002128	 .3529412	 .4901961	
  .000213	 .2745098	 .5294118	
  .0002132	 .3529412	 .5686275	
  .0002134	 .3529412	 .5686275	
  .0002136	 .3529412	 .6078432	
  .0002138	 .2745098	 .5686275	
  .000214	 .2745098	 .5686275	
  .0002142	 .2745098	 .6078432	
  .0002144	 .3529412	 .6078432	
  .0002146	 .3529412	 .6470588	
  .0002148	 .3529412	 .6078432	
  .000215	 .2745098	 .6470588	
  .0002152	 .3529412	 .6470588	
  .0002154	 .2745098	 .6470588	
  .0002156	 .3529412	 .6470588	
  .0002158	 .2745098	 .6470588	
  .000216	 .2745098	 .7254902	
  .0002162	 .2745098	 .6862745	
  .0002164	 .1960784	 .6862745	
  .0002166	 .1960784	 .7254902	
  .0002168	 .2745098	 .7254902	
  .000217	 .3529412	 .6862745	
  .0002172	 .1960784	 .7254902	
  .0002174	 .2745098	 .6862745	
  .0002176	 .1960784	 .7647059	
  .0002178	 .2745098	 .7647059	
  .000218	 .1176471	 .7254902	
  .0002182	 .1960784	 .7254902	
  .0002184	 .1960784	 .7647059	
  .0002186	 .1176471	 .7647059	
  .0002188	 .1176471	 .7647059	
  .000219	 .1176471	 .7647059	
  .0002192	 .1176471	 .7647059	
  .0002194	 3.921569E-02	 .7647059	
  .0002196	 .4313726	 .9607843	
  .0002198	 .1960784	 .7647059	
  .00022	 3.921569E-02	 .8039216	
  .0002202	 3.921569E-02	 .8039216	
  .0002204	-3.921569E-02	 .8039216	
  .0002206	 3.921569E-02	 .8039216	
  .0002208	-3.921569E-02	 .8823529	
  .000221	 .1176471	 .8431373	
  .0002212	 3.921569E-02	 .8431373	
  .0002214	 3.921569E-02	 .8823529	
  .0002216	 3.921569E-02	 .8431373	
  .0002218	 3.921569E-02	 .8431373	
  .000222	 3.921569E-02	 .8431373	
  .0002222	-3.921569E-02	 .9215686	
  .0002224	-3.921569E-02	 .9215686	
  .0002226	-3.921569E-02	 .8431373	
  .0002228	-3.921569E-02	 .8823529	
  .000223	-3.921569E-02	 .8823529	
  .0002232	-.1176471	 .8431373	
  .0002234	-.1176471	 .8823529	
  .0002236	-.1176471	 .8823529	
  .0002238	-.1176471	 .8823529	
  .000224	-.1176471	 .8823529	
  .0002242	-.1960784	 .9215686	
  .0002244	-3.921569E-02	 .8823529	
  .0002246	-.1176471	 .8823529	
  .0002248	-.1176471	 .9215686	
  .000225	-.2745098	 .9215686	
  .0002252	-.1176471	 .9215686	
  .0002254	-3.921569E-02	 .9607843	
  .0002256	-.1960784	 .9215686	
  .0002258	-.1960784	 .9215686	
  .000226	-.1960784	 .9215686	
  .0002262	-.1960784	 .9215686	
  .0002264	-.1176471	 .9215686	
  .0002266	-.2745098	 .9607843	
  .0002268	-.1960784	 1	
  .000227	-.2745098	 .9607843	
  .0002272	-.2745098	 .9607843	
  .0002274	-.2745098	 1	
  .0002276	-.2745098	 .9607843	
  .0002278	-.3529412	 .9607843	
  .000228	-.2745098	 .9607843	
  .0002282	-.3529412	 .9607843	
  .0002284	-.3529412	 .9607843	
  .0002286	-.3529412	 .9215686	
  .0002288	-.3529412	 1	
  .000229	-.4313726	 1	
  .0002292	-.3529412	 .9607843	
  .0002294	-.4313726	 .9607843	
  .0002296	-.3529412	 .9215686	
  .0002298	-.3529412	 .9215686	
  .00023	-.2745098	 .9607843	
  .0002302	-.3529412	 1	
  .0002304	-.3529412	 .9607843	
  .0002306	-.4313726	 .9607843	
  .0002308	-.3529412	 .9607843	
  .000231	-.3529412	 1	
  .0002312	-.3529412	 .9215686	
  .0002314	-.4313726	 .9607843	
  .0002316	-.3529412	 .9215686	
  .0002318	-.4313726	 1	
  .000232	-.509804	 .9607843	
  .0002322	-.4313726	 .9607843	
  .0002324	-.4313726	 1	
  .0002326	-.509804	 .9215686	
  .0002328	-.4313726	 .9607843	
  .000233	-.4313726	 .9215686	
  .0002332	-.509804	 .9607843	
  .0002334	-.509804	 .9607843	
  .0002336	-.509804	 .9607843	
  .0002338	-.4313726	 .9215686	
  .000234	-.509804	 .9215686	
  .0002342	-.4313726	 .9215686	
  .0002344	-.4313726	 .9607843	
  .0002346	-.509804	 .9215686	
  .0002348	-.5882353	 1	
  .000235	-.509804	 .9607843	
  .0002352	-.509804	 .9607843	
  .0002354	-.509804	 .9215686	
  .0002356	-.5882353	 .8823529	
  .0002358	-.5882353	 .9607843	
  .000236	-.509804	 .9215686	
  .0002362	-.509804	 .8823529	
  .0002364	-.509804	 .9215686	
  .0002366	-.509804	 .9607843	
  .0002368	-.4313726	 .9215686	
  .000237	-.5882353	 .9607843	
  .0002372	-.5882353	 .9215686	
  .0002374	-.509804	 .9215686	
  .0002376	-.5882353	 .8823529	
  .0002378	-.6666667	 .8823529	
  .000238	-.5882353	 .8431373	
  .0002382	-.509804	 .8431373	
  .0002384	-.5882353	 .8431373	
  .0002386	-.6666667	 .8431373	
  .0002388	-.5882353	 .8823529	
  .000239	-.5882353	 .8431373	
  .0002392	-.5882353	 .8431373	
  .0002394	-.6666667	 .8431373	
  .0002396	-.5882353	 .8431373	
  .0002398	-.6666667	 .8431373	
  .00024	-.7450981	 .8039216	
  .0002402	-.6666667	 .8431373	
  .0002404	-.5882353	 .8039216	
  .0002406	-.7450981	 .8823529	
  .0002408	-.5882353	 .8039216	
  .000241	-.6666667	 .8039216	
  .0002412	-.5882353	 .8039216	
  .0002414	-.509804	 .8431373	
  .0002416	-.5882353	 .8039216	
  .0002418	-.5882353	 .8039216	
  .000242	-.6666667	 .8431373	
  .0002422	-.5882353	 .8431373	
  .0002424	-.6666667	 .7647059	
  .0002426	-.5882353	 .7647059	
  .0002428	-.6666667	 .7647059	
  .000243	-.6666667	 .7254902	
  .0002432	-.6666667	 .7254902	
  .0002434	-.6666667	 .7254902	
  .0002436	-.6666667	 .7254902	
  .0002438	-.6666667	 .7254902	
  .000244	-.6666667	 .7254902	
  .0002442	-.6666667	 .6862745	
  .0002444	-.6666667	 .7254902	
  .0002446	-.6666667	 .6862745	
  .0002448	-.5882353	 .6862745	
  .000245	-.6666667	 .7254902	
  .0002452	-.5882353	 .7254902	
  .0002454	-.5882353	 .6862745	
  .0002456	-.6666667	 .6862745	
  .0002458	-.6666667	 .6078432	
  .000246	-.6666667	 .6862745	
  .0002462	-.5882353	 .6470588	
  .0002464	-.7450981	 .6470588	
  .0002466	-.6666667	 .6862745	
  .0002468	-.6666667	 .6470588	
  .000247	-.6666667	 .6078432	
  .0002472	-.5882353	 .6078432	
  .0002474	-.6666667	 .5686275	
  .0002476	-.5882353	 .6078432	
  .0002478	-.6666667	 .5686275	
  .000248	-.7450981	 .6078432	
  .0002482	-.6666667	 .5686275	
  .0002484	-.5882353	 .5294118	
  .0002486	-.6666667	 .6078432	
  .0002488	-.6666667	 .5686275	
  .000249	-.5882353	 .5686275	
  .0002492	-.6666667	 .4901961	
  .0002494	-.6666667	 .5294118	
  .0002496	-.6666667	 .4901961	
  .0002498	-.5882353	 .4901961	
  .00025	-.6666667	 .5294118	
  .0002502	-.5882353	 .5294118	
  .0002504	-.6666667	 .4901961	
  .0002506	-.6666667	 .4509804	
  .0002508	-.6666667	 .4901961	
  .000251	-.6666667	 .4901961	
  .0002512	-.6666667	 .4901961	
  .0002514	-.6666667	 .4509804	
  .0002516	-.6666667	 .4901961	
  .0002518	-.5882353	 .4509804	
  .000252	-.6666667	 .4901961	
  .0002522	-.5882353	 .4117647	
  .0002524	-.6666667	 .3333333	
  .0002526	-.6666667	 .372549	
  .0002528	-.5882353	 .372549	
  .000253	-.6666667	 .372549	
  .0002532	-.5882353	 .4117647	
  .0002534	-.5882353	 .372549	
  .0002536	-.5882353	 .3333333	
  .0002538	-.6666667	 .372549	
  .000254	-.509804	 .372549	
  .0002542	-.6666667	 .3333333	
  .0002544	-.6666667	 .3333333	
  .0002546	-.5882353	 .372549	
  .0002548	-.5882353	 .3333333	
  .000255	-.5882353	 .3333333	
  .0002552	-.509804	 .2941177	
  .0002554	-.509804	 .254902	
  .0002556	-.509804	 .3333333	
  .0002558	-.5882353	 .254902	
  .000256	-.509804	 .254902	
  .0002562	-.5882353	 .254902	
  .0002564	-.4313726	 .254902	
  .0002566	-.509804	 .254902	
  .0002568	-.5882353	 .2156863	
  .000257	-.509804	 .2156863	
  .0002572	-.509804	 .254902	
  .0002574	-.5882353	 .1764706	
  .0002576	-.6666667	 .1764706	
  .0002578	-.4313726	 .1372549	
  .000258	-.4313726	 .1764706	
  .0002582	-.509804	 9.803922E-02	
  .0002584	-.509804	 .2156863	
  .0002586	-.509804	 .1764706	
  .0002588	-.4313726	 .1764706	
  .000259	-.509804	 9.803922E-02	
  .0002592	-.509804	 9.803922E-02	
  .0002594	-.4313726	 9.803922E-02	
  .0002596	-.5882353	 9.803922E-02	
  .0002598	-.4313726	 9.803922E-02	
  .00026	-.509804	 5.882353E-02	
  .0002602	-.509804	 9.803922E-02	
  .0002604	-.509804	 .1372549	
  .0002606	-.4313726	 5.882353E-02	
  .0002608	-.4313726	 5.882353E-02	
  .000261	-.509804	 5.882353E-02	
  .0002612	-.3529412	 1.960784E-02	
  .0002614	-.4313726	 1.960784E-02	
  .0002616	-.3529412	 1.960784E-02	
  .0002618	-.4313726	 5.882353E-02	
  .000262	-.3529412	 5.882353E-02	
  .0002622	-.4313726	-5.882353E-02	
  .0002624	-.4313726	-5.882353E-02	
  .0002626	-.4313726	-1.960784E-02	
  .0002628	-.3529412	-1.960784E-02	
  .000263	-.4313726	-1.960784E-02	
  .0002632	-.3529412	-1.960784E-02	
  .0002634	-.3529412	-1.960784E-02	
  .0002636	-.4313726	-5.882353E-02	
  .0002638	-.4313726	-5.882353E-02	
  .000264	-.3529412	-9.803922E-02	
  .0002642	-.2745098	-.1372549	
  .0002644	-.2745098	-9.803922E-02	
  .0002646	-.4313726	-9.803922E-02	
  .0002648	-.3529412	-9.803922E-02	
  .000265	-.2745098	-9.803922E-02	
  .0002652	-.3529412	-9.803922E-02	
  .0002654	-.3529412	-.1764706	
  .0002656	-.3529412	-.1764706	
  .0002658	-.2745098	-.1764706	
  .000266	-.2745098	-.2156863	
  .0002662	-.3529412	-.1372549	
  .0002664	-.2745098	-.1372549	
  .0002666	-.2745098	-.1764706	
  .0002668	-.2745098	-.1764706	
  .000267	-.2745098	-.2156863	
  .0002672	-.1960784	-.2156863	
  .0002674	-.2745098	-.1764706	
  .0002676	-.2745098	-.2156863	
  .0002678	-.2745098	-.1764706	
  .000268	-.2745098	-.2156863	
  .0002682	-.1960784	-.254902	
  .0002684	-.2745098	-.2156863	
  .0002686	-.2745098	-.254902	
  .0002688	-.1960784	-.254902	
  .000269	-.2745098	-.254902	
  .0002692	-.1960784	-.254902	
  .0002694	-.1960784	-.2941177	
  .0002696	-.2745098	-.254902	
  .0002698	-.1960784	-.254902	
  .00027	-.2745098	-.254902	
  .0002702	-.1176471	-.2941177	
  .0002704	-.1960784	-.3333333	
  .0002706	-.1960784	-.3333333	
  .0002708	-.1960784	-.2941177	
  .000271	-.1960784	-.3333333	
  .0002712	-.1176471	-.372549	
  .0002714	-.1176471	-.2941177	
  .0002716	-3.921569E-02	-.2941177	
  .0002718	-.1176471	-.3333333	
  .000272	-.1176471	-.372549	
  .0002722	-.1960784	-.372549	
  .0002724	-.1960784	-.3333333	
  .0002726	-.1176471	-.372549	
  .0002728	-.1176471	-.372549	
  .000273	-.1960784	-.372549	
  .0002732	-.1176471	-.372549	
  .0002734	-3.921569E-02	-.4117647	
  .0002736	-3.921569E-02	-.4117647	
  .0002738	 3.921569E-02	-.4117647	
  .000274	-3.921569E-02	-.4117647	
  .0002742	-3.921569E-02	-.4901961	
  .0002744	-.1176471	-.4117647	
  .0002746	-.1176471	-.4509804	
  .0002748	-3.921569E-02	-.4509804	
  .000275	 3.921569E-02	-.4509804	
  .0002752	 3.921569E-02	-.4901961	
  .0002754	 3.921569E-02	-.4117647	
  .0002756	 3.921569E-02	-.4901961	
  .0002758	 3.921569E-02	-.4901961	
  .000276	-.1176471	-.4901961	
  .0002762	 3.921569E-02	-.4509804	
  .0002764	 3.921569E-02	-.4901961	
  .0002766	 3.921569E-02	-.4901961	
  .0002768	 3.921569E-02	-.4901961	
  .000277	 .1176471	-.4901961	
  .0002772	 .1176471	-.4901961	
  .0002774	 3.921569E-02	-.4901961	
  .0002776	 .1176471	-.5294118	
  .0002778	 .1176471	-.4901961	
  .000278	 3.921569E-02	-.5294118	
  .0002782	 3.921569E-02	-.5294118	
  .0002784	 .1176471	-.5294118	
  .0002786	 .1960784	-.5294118	
  .0002788	 .1176471	-.5294118	
  .000279	 .1176471	-.5294118	
  .0002792	 .1176471	-.5294118	
  .0002794	 3.921569E-02	-.5294118	
  .0002796	 .1176471	-.4901961	
  .0002798	 .1176471	-.5294118	
  .00028	 .1176471	-.5294118	
  .0002802	 .1960784	-.5294118	
  .0002804	 .2745098	-.5686275	
  .0002806	 .1176471	-.5686275	
  .0002808	 .1960784	-.5686275	
  .000281	 .2745098	-.5294118	
  .0002812	 .2745098	-.5686275	
  .0002814	 .2745098	-.5686275	
  .0002816	 .2745098	-.5294118	
  .0002818	 .2745098	-.5294118	
  .000282	 .1960784	-.5686275	
  .0002822	 .2745098	-.6078432	
  .0002824	 .1960784	-.5686275	
  .0002826	 .2745098	-.5686275	
  .0002828	 .2745098	-.5294118	
  .000283	 .1960784	-.6078432	
  .0002832	 .1960784	-.5686275	
  .0002834	 .2745098	-.5686275	
  .0002836	 .3529412	-.5686275	
  .0002838	 .2745098	-.6078432	
  .000284	 .2745098	-.6078432	
  .0002842	 .2745098	-.5686275	
  .0002844	 .2745098	-.6078432	
  .0002846	 .2745098	-.5686275	
  .0002848	 .3529412	-.6078432	
  .000285	 .3529412	-.5686275	
  .0002852	 .3529412	-.5686275	
  .0002854	 .2745098	-.5686275	
  .0002856	 .3529412	-.5686275	
  .0002858	 .4313726	-.6470588	
  .000286	 .4313726	-.5686275	
  .0002862	 .3529412	-.6078432	
  .0002864	 .3529412	-.6078432	
  .0002866	 .2745098	-.6078432	
  .0002868	 .3529412	-.6470588	
  .000287	 .2745098	-.6078432	
  .0002872	 .3529412	-.6078432	
  .0002874	 .3529412	-.5686275	
  .0002876	 .2745098	-.5686275	
  .0002878	 .4313726	-.6078432	
  .000288	 .4313726	-.6078432	
  .0002882	 .3529412	-.5686275	
  .0002884	 .3529412	-.6078432	
  .0002886	 .4313726	-.6078432	
  .0002888	 .4313726	-.5686275	
  .000289	 .4313726	-.5686275	
  .0002892	 .3529412	-.6078432	
  .0002894	 .4313726	-.5686275	
  .0002896	 .3529412	-.6078432	
  .0002898	 .4313726	-.6078432	
  .00029	 .4313726	-.6470588	
  .0002902	 .4313726	-.6470588	
  .0002904	 .4313726	-.5294118	
  .0002906	 .509804	-.5686275	
  .0002908	 .4313726	-.5686275	
  .000291	 .4313726	-.6078432	
  .0002912	 .4313726	-.5686275	
  .0002914	 .4313726	-.5686275	
  .0002916	 .4313726	-.5686275	
  .0002918	 .4313726	-.6078432	
  .000292	 .509804	-.6078432	
  .0002922	 .4313726	-.5686275	
  .0002924	 .509804	-.6078432	
  .0002926	 .509804	-.5686275	
  .0002928	 .509804	-.5686275	
  .000293	 .509804	-.6078432	
  .0002932	 .509804	-.5686275	
  .0002934	 .509804	-.5686275	
  .0002936	 .5882353	-.6078432	
  .0002938	 .509804	-.6078432	
  .000294	 .509804	-.5686275	
  .0002942	 .509804	-.5686275	
  .0002944	 .509804	-.6078432	
  .0002946	 .509804	-.5686275	
  .0002948	 .5882353	-.5686275	
  .000295	 .509804	-.5686275	
  .0002952	 .5882353	-.5294118	
  .0002954	 .509804	-.5686275	
  .0002956	 .509804	-.5686275	
  .0002958	 .509804	-.6078432	
  .000296	 .509804	-.5294118	
  .0002962	 .5882353	-.5294118	
  .0002964	 .5882353	-.5294118	
  .0002966	 .5882353	-.5294118	
  .0002968	 .5882353	-.5294118	
  .000297	 .5882353	-.5294118	
  .0002972	 .5882353	-.5294118	
  .0002974	 .509804	-.5294118	
  .0002976	 .5882353	-.4901961	
  .0002978	 .509804	-.5294118	
  .000298	 .4313726	-.4901961	
  .0002982	 .5882353	-.5294118	
  .0002984	 .5882353	-.5294118	
  .0002986	 .5882353	-.4901961	
  .0002988	 .5882353	-.5294118	
  .000299	 .5882353	-.4901961	
  .0002992	 .4313726	-.4901961	
  .0002994	 .5882353	-.4901961	
  .0002996	 .5882353	-.4901961	
  .0002998	 .5882353	-.4509804	
  .0003	 .5882353	-.4901961	
  .0003002	 .5882353	-.4901961	
  .0003004	 .5882353	-.4901961	
  .0003006	 .5882353	-.4509804	
  .0003008	 .5882353	-.4117647	
  .000301	 .6666667	-.4901961	
  .0003012	 .6666667	-.4901961	
  .0003014	 .509804	-.372549	
  .0003016	 .6666667	-.4117647	
  .0003018	 .5882353	-.4901961	
  .000302	 .5882353	-.4509804	
  .0003022	 .5882353	-.4509804	
  .0003024	 .5882353	-.4509804	
  .0003026	 .5882353	-.4117647	
  .0003028	 .5882353	-.4509804	
  .000303	 .5882353	-.4117647	
  .0003032	 .6666667	-.4117647	
  .0003034	 .5882353	-.4117647	
  .0003036	 .5882353	-.4117647	
  .0003038	 .5882353	-.4509804	
  .000304	 .5882353	-.4117647	
  .0003042	 .5882353	-.372549	
  .0003044	 .5882353	-.4117647	
  .0003046	 .7450981	-.372549	
  .0003048	 .509804	-.4117647	
  .000305	 .5882353	-.4117647	
  .0003052	 .5882353	-.372549	
  .0003054	 .5882353	-.4117647	
  .0003056	 .5882353	-.372549	
  .0003058	 .5882353	-.3333333	
  .000306	 .5882353	-.3333333	
  .0003062	 .5882353	-.372549	
  .0003064	 .5882353	-.372549	
  .0003066	 .509804	-.3333333	
  .0003068	 .6666667	-.3333333	
  .000307	 .509804	-.3333333	
  .0003072	 .5882353	-.3333333	
  .0003074	 .509804	-.3333333	
  .0003076	 .509804	-.2941177	
  .0003078	 .509804	-.3333333	
  .000308	 .509804	-.2941177	
  .0003082	 .5882353	-.2941177	
  .0003084	 .6666667	-.254902	
  .0003086	 .509804	-.2941177	
  .0003088	 .5882353	-.2941177	
  .000309	 .509804	-.2941177	
  .0003092	 .6666667	-.254902	
  .0003094	 .509804	-.2941177	
  .0003096	 .509804	-.2941177	
  .0003098	 .5882353	-.254902	
  .00031	 .5882353	-.2941177	
  .0003102	 .5882353	-.1764706	
  .0003104	 .5882353	-.2156863	
  .0003106	 .509804	-.254902	
  .0003108	 .509804	-.254902	
  .000311	 .5882353	-.2156863	
  .0003112	 .5882353	-.2156863	
  .0003114	 .509804	-.1764706	
  .0003116	 .509804	-.1764706	
  .0003118	 .509804	-.2156863	
  .000312	 .509804	-.2156863	
  .0003122	 .4313726	-.2156863	
  .0003124	 .4313726	-.1764706	
  .0003126	 .509804	-.1372549	
  .0003128	 .509804	-.1764706	
  .000313	 .509804	-.1764706	
  .0003132	 .5882353	-.1764706	
  .0003134	 .5882353	-.1764706	
  .0003136	 .4313726	-.1372549	
  .0003138	 .5882353	-.1764706	
  .000314	 .509804	-.1372549	
  .0003142	 .509804	-.1372549	
  .0003144	 .509804	-9.803922E-02	
  .0003146	 .509804	-.1372549	
  .0003148	 .509804	-.1372549	
  .000315	 .509804	-5.882353E-02	
  .0003152	 .4313726	-.1372549	
  .0003154	 .5882353	-.1372549	
  .0003156	 .509804	-9.803922E-02	
  .0003158	 .509804	-5.882353E-02	
  .000316	 .5882353	-5.882353E-02	
  .0003162	 .509804	-9.803922E-02	
  .0003164	 .4313726	-9.803922E-02	
  .0003166	 .509804	-5.882353E-02	
  .0003168	 .509804	-9.803922E-02	
  .000317	 .4313726	-9.803922E-02	
  .0003172	 .4313726	-5.882353E-02	
  .0003174	 .509804	-1.960784E-02	
  .0003176	 .4313726	-9.803922E-02	
  .0003178	 .4313726	-5.882353E-02	
  .000318	 .3529412	 1.960784E-02	
  .0003182	 .4313726	-1.960784E-02	
  .0003184	 .4313726	-1.960784E-02	
  .0003186	 .4313726	-5.882353E-02	
  .0003188	 .4313726	-5.882353E-02	
  .000319	 .4313726	-1.960784E-02	
  .0003192	 .4313726	-1.960784E-02	
  .0003194	 .4313726	-1.960784E-02	
  .0003196	 .4313726	 1.960784E-02	
  .0003198	 .3529412	 5.882353E-02	
  .00032	 .4313726	 1.960784E-02	
  .0003202	 .4313726	-1.960784E-02	
  .0003204	 .4313726	 1.960784E-02	
  .0003206	 .4313726	 5.882353E-02	
  .0003208	 .4313726	 5.882353E-02	
  .000321	 .509804	 1.960784E-02	
  .0003212	 .3529412	 .1372549	
  .0003214	 .4313726	 5.882353E-02	
  .0003216	 .3529412	 5.882353E-02	
  .0003218	 .3529412	 5.882353E-02	
  .000322	 .4313726	 9.803922E-02	
  .0003222	 .3529412	 5.882353E-02	
  .0003224	 .3529412	 5.882353E-02	
  .0003226	 .2745098	 9.803922E-02	
  .0003228	 .3529412	 .1372549	
  .000323	 .3529412	 9.803922E-02	
  .0003232	 .2745098	 9.803922E-02	
  .0003234	 .3529412	 9.803922E-02	
  .0003236	 .3529412	 .1372549	
  .0003238	 .4313726	 9.803922E-02	
  .000324	 .3529412	 .1372549	
  .0003242	 .3529412	 .1372549	
  .0003244	 .4313726	 .1764706	
  .0003246	 .4313726	 .1372549	
  .0003248	 .2745098	 .1764706	
  .000325	 .3529412	 9.803922E-02	
  .0003252	 .3529412	 9.803922E-02	
  .0003254	 .3529412	 9.803922E-02	
  .0003256	 .3529412	 .1764706	
  .0003258	 .3529412	 .1764706	
  .000326	 .3529412	 .1764706	
  .0003262	 .2745098	 .1764706	
  .0003264	 .3529412	 .1764706	
  .0003266	 .2745098	 .1764706	
  .0003268	 .2745098	 .1764706	
  .000327	 .2745098	 .1764706	
  .0003272	 .1960784	 .2156863	
  .0003274	 .1960784	 .1764706	
  .0003276	 .3529412	 .1764706	
  .0003278	 .3529412	 .2156863	
  .000328	 .2745098	 .254902	
  .0003282	 .3529412	 .2156863	
  .0003284	 .1960784	 .2156863	
  .0003286	 .2745098	 .2156863	
  .0003288	 .1960784	 .2156863	
  .000329	 .2745098	 .254902	
  .0003292	 .1960784	 .254902	
  .0003294	 .1960784	 .254902	
  .0003296	 .2745098	 .2941177	
  .0003298	 .1960784	 .254902	
  .00033	 .1960784	 .254902	
  .0003302	 .1960784	 .254902	
  .0003304	 .1960784	 .254902	
  .0003306	 .1960784	 .254902	
  .0003308	 .1960784	 .3333333	
  .000331	 .1960784	 .2941177	
  .0003312	 .1960784	 .254902	
  .0003314	 .1176471	 .2941177	
  .0003316	 .1960784	 .254902	
  .0003318	 .1176471	 .254902	
  .000332	 .1176471	 .2156863	
  .0003322	 .1176471	 .2941177	
  .0003324	 .1960784	 .3333333	
  .0003326	 .1960784	 .254902	
  .0003328	 .1176471	 .2941177	
  .000333	 .1176471	 .2941177	
  .0003332	 .2745098	 .2941177	
  .0003334	 .1960784	 .3333333	
  .0003336	 .1960784	 .2941177	
  .0003338	 .1176471	 .372549	
  .000334	 .1176471	 .3333333	
  .0003342	 .1960784	 .3333333	
  .0003344	 .2745098	 .3333333	
  .0003346	 .1960784	 .2941177	
  .0003348	 .1960784	 .372549	
  .000335	 .1176471	 .3333333	
  .0003352	 .1176471	 .3333333	
  .0003354	 .1176471	 .3333333	
  .0003356	 .1960784	 .372549	
  .0003358	 .1176471	 .372549	
  .000336	 3.921569E-02	 .372549	
  .0003362	 .1176471	 .372549	
  .0003364	 .1176471	 .372549	
  .0003366	-3.921569E-02	 .372549	
  .0003368	 .1176471	 .3333333	
  .000337	 3.921569E-02	 .2941177	
  .0003372	 3.921569E-02	 .372549	
  .0003374	 3.921569E-02	 .2941177	
  .0003376	 3.921569E-02	 .372549	
  .0003378	 3.921569E-02	 .372549	
  .000338	 3.921569E-02	 .3333333	
  .0003382	-3.921569E-02	 .372549	
  .0003384	 3.921569E-02	 .372549	
  .0003386	 3.921569E-02	 .372549	
  .0003388	-3.921569E-02	 .372549	
  .000339	-3.921569E-02	 .372549	
  .0003392	 3.921569E-02	 .372549	
  .0003394	-3.921569E-02	 .4117647	
  .0003396	 3.921569E-02	 .4117647	
  .0003398	 3.921569E-02	 .4117647	
  .00034	 3.921569E-02	 .4117647	
  .0003402	-3.921569E-02	 .4117647	
  .0003404	 3.921569E-02	 .372549	
  .0003406	 3.921569E-02	 .4117647	
  .0003408	 3.921569E-02	 .4117647	
  .000341	 3.921569E-02	 .4509804	
  .0003412	-3.921569E-02	 .4117647	
  .0003414	-.1176471	 .372549	
  .0003416	-3.921569E-02	 .372549	
  .0003418	-.1176471	 .372549	
  .000342	-.1176471	 .372549	
  .0003422	-.1176471	 .372549	
  .0003424	-3.921569E-02	 .4509804	
  .0003426	-3.921569E-02	 .4117647	
  .0003428	-.1176471	 .4117647	
  .000343	-3.921569E-02	 .4117647	
  .0003432	-3.921569E-02	 .4117647	
  .0003434	-3.921569E-02	 .4117647	
  .0003436	-3.921569E-02	 .372549	
  .0003438	-.1176471	 .4509804	
  .000344	-.1176471	 .4117647	
  .0003442	-3.921569E-02	 .4117647	
  .0003444	-3.921569E-02	 .4117647	
  .0003446	-.1176471	 .4509804	
  .0003448	-.1960784	 .372549	
  .000345	-.1176471	 .4117647	
  .0003452	 3.921569E-02	 .372549	
  .0003454	-.1960784	 .4509804	
  .0003456	-.1176471	 .4509804	
  .0003458	-.1176471	 .4509804	
  .000346	-.1176471	 .4117647	
  .0003462	-.1960784	 .4509804	
  .0003464	-3.921569E-02	 .4117647	
  .0003466	-.1960784	 .4117647	
  .0003468	-.1176471	 .4509804	
  .000347	-.2745098	 .4117647	
  .0003472	-.1960784	 .4509804	
  .0003474	-.1960784	 .372549	
  .0003476	-3.921569E-02	 .4509804	
  .0003478	-.1960784	 .4117647	
  .000348	-.1960784	 .4509804	
  .0003482	-.1960784	 .4117647	
  .0003484	-.1960784	 .4117647	
  .0003486	-.1960784	 .372549	
  .0003488	-3.921569E-02	 .4117647	
  .000349	-.1960784	 .4509804	
  .0003492	-.1176471	 .4509804	
  .0003494	-.1176471	 .4117647	
  .0003496	-.1960784	 .4117647	
  .0003498	-.1960784	 .4509804	
  .00035	-.1960784	 .4117647	
  .0003502	-.1960784	 .4509804	
  .0003504	-.2745098	 .4117647	
  .0003506	-.1960784	 .4509804	
  .0003508	-.1960784	 .4117647	
  .000351	-.1960784	 .4901961	
  .0003512	-.2745098	 .4117647	
  .0003514	-.2745098	 .4117647	
  .0003516	-.1960784	 .4117647	
  .0003518	-.2745098	 .4117647	
  .000352	-.1960784	 .372549	
  .0003522	-.2745098	 .4509804	
  .0003524	-.2745098	 .4509804	
  .0003526	-.3529412	 .372549	
  .0003528	-.1960784	 .4509804	
  .000353	-.1960784	 .4117647	
  .0003532	-.1960784	 .4117647	
  .0003534	-.1176471	 .372549	
  .0003536	-.2745098	 .4117647	
  .0003538	-.2745098	 .372549	
  .000354	-.2745098	 .372549	
  .0003542	-.1176471	 .372549	
  .0003544	-.2745098	 .3333333	
  .0003546	-.1176471	 .4117647	
  .0003548	-.2745098	 .4117647	
  .000355	-.2745098	 .3333333	
  .0003552	-.1960784	 .372549	
  .0003554	-.1176471	 .3333333	
  .0003556	-.2745098	 .372549	
  .0003558	-.1960784	 .372549	
  .000356	-.1960784	 .372549	
  .0003562	-.1960784	 .4117647	
  .0003564	-.2745098	 .372549	
  .0003566	-.2745098	 .3333333	
  .0003568	-.1960784	 .3333333	
  .000357	-.1960784	 .3333333	
  .0003572	-.2745098	 .2941177	
  .0003574	-.2745098	 .3333333	
  .0003576	-.2745098	 .372549	
  .0003578	-.2745098	 .3333333	
  .000358	-.2745098	 .372549	
  .0003582	-.2745098	 .372549	
  .0003584	-.1176471	 .2941177	
  .0003586	-.1960784	 .372549	
  .0003588	-.2745098	 .372549	
  .000359	-.1960784	 .372549	
  .0003592	-.1960784	 .3333333	
  .0003594	-.2745098	 .372549	
  .0003596	-.1176471	 .3333333	
  .0003598	-.1960784	 .3333333	
  .00036	-.3529412	 .3333333	
  .0003602	-.1176471	 .3333333	
  .0003604	-.2745098	 .3333333	
  .0003606	-.2745098	 .2941177	
  .0003608	-.2745098	 .4117647	
  .000361	-.2745098	 .3333333	
  .0003612	-.2745098	 .254902	
  .0003614	-.2745098	 .254902	
  .0003616	-.1960784	 .3333333	
  .0003618	-.2745098	 .254902	
  .000362	-.2745098	 .2941177	
  .0003622	-.3529412	 .2941177	
  .0003624	-.2745098	 .254902	
  .0003626	-.2745098	 .254902	
  .0003628	-.1960784	 .2156863	
  .000363	-.1960784	 .2156863	
  .0003632	-.3529412	 .2156863	
  .0003634	-.2745098	 .2156863	
  .0003636	-.2745098	 .2156863	
  .0003638	-.3529412	 .254902	
  .000364	-.1176471	 .254902	
  .0003642	-.2745098	 .254902	
  .0003644	-.2745098	 .254902	
  .0003646	-.2745098	 .2156863	
  .0003648	-.1960784	 .2156863	
  .000365	-.1960784	 .2156863	
  .0003652	-.1960784	 .254902	
  .0003654	-.1960784	 .254902	
  .0003656	-.1960784	 .2156863	
  .0003658	-.2745098	 .254902	
  .000366	-.1960784	 .2156863	
  .0003662	-.2745098	 .2156863	
  .0003664	-.1960784	 .2156863	
  .0003666	-.2745098	 .1764706	
  .0003668	-.3529412	 .2156863	
  .000367	-.2745098	 .2156863	
  .0003672	-.2745098	 .1764706	
  .0003674	-.2745098	 .254902	
  .0003676	-.2745098	 .1764706	
  .0003678	-.2745098	 .1764706	
  .000368	-.1960784	 .2156863	
  .0003682	-.1960784	 .1372549	
  .0003684	-.1960784	 .1764706	
  .0003686	-.1960784	 .1764706	
  .0003688	-.1960784	 .2156863	
  .000369	-.1960784	 .1764706	
  .0003692	-.1960784	 .1372549	
  .0003694	-.2745098	 .1372549	
  .0003696	-.2745098	 .1764706	
  .0003698	-.2745098	 .1764706	
  .00037	-.2745098	 .1372549	
  .0003702	-.2745098	 9.803922E-02	
  .0003704	-.1960784	 .1764706	
  .0003706	-.1960784	 .2156863	
  .0003708	-.2745098	 9.803922E-02	
  .000371	-.3529412	 .1372549	
  .0003712	-.1960784	 .1372549	
  .0003714	-.1960784	 .1372549	
  .0003716	-.2745098	 9.803922E-02	
  .0003718	-.2745098	 .1372549	
  .000372	-.2745098	 .1764706	
  .0003722	-.1960784	 9.803922E-02	
  .0003724	-.2745098	 9.803922E-02	
  .0003726	-.1176471	 .1372549	
  .0003728	-.1176471	 9.803922E-02	
  .000373	-.2745098	 5.882353E-02	
  .0003732	-.1960784	 9.803922E-02	
  .0003734	-.2745098	 .1372549	
  .0003736	-.1960784	 5.882353E-02	
  .0003738	-.2745098	 9.803922E-02	
  .000374	-.1176471	 5.882353E-02	
  .0003742	-.1960784	 9.803922E-02	
  .0003744	-.1960784	 .1372549	
  .0003746	-.1176471	 9.803922E-02	
  .0003748	-.1960784	 5.882353E-02	
  .000375	-.1960784	 5.882353E-02	
  .0003752	-.1176471	 5.882353E-02	
  .0003754	-.1176471	 5.882353E-02	
  .0003756	-.1960784	 5.882353E-02	
  .0003758	-.2745098	 5.882353E-02	
  .000376	-.1960784	 1.960784E-02	
  .0003762	-.1176471	 1.960784E-02	
  .0003764	-.1176471	 1.960784E-02	
  .0003766	-.1176471	 1.960784E-02	
  .0003768	-.1176471	 5.882353E-02	
  .000377	-.1960784	 1.960784E-02	
  .0003772	-.1960784	 5.882353E-02	
  .0003774	-.1176471	 5.882353E-02	
  .0003776	-.1176471	 1.960784E-02	
  .0003778	-.1176471	 1.960784E-02	
  .000378	-.1960784	 1.960784E-02	
  .0003782	-.1176471	-1.960784E-02	
  .0003784	-.1960784	 5.882353E-02	
  .0003786	-.1960784	 1.960784E-02	
  .0003788	-.1960784	 1.960784E-02	
  .000379	-.1176471	-5.882353E-02	
  .0003792	-.1176471	 1.960784E-02	
  .0003794	-.1176471	-1.960784E-02	
  .0003796	-.1176471	-1.960784E-02	
  .0003798	-3.921569E-02	-1.960784E-02	
  .00038	-3.921569E-02	 1.960784E-02	
  .0003802	-3.921569E-02	-1.960784E-02	
  .0003804	-3.921569E-02	-5.882353E-02	
  .0003806	-.1176471	 1.960784E-02	
  .0003808	-3.921569E-02	-5.882353E-02	
  .000381	-3.921569E-02	-1.960784E-02	
  .0003812	-.1960784	-1.960784E-02	
  .0003814	-.1176471	-1.960784E-02	
  .0003816	-3.921569E-02	-5.882353E-02	
  .0003818	-.1960784	-5.882353E-02	
  .000382	-.1176471	-5.882353E-02	
  .0003822	-.1176471	-1.960784E-02	
  .0003824	-.1176471	-9.803922E-02	
  .0003826	-.1176471	-5.882353E-02	
  .0003828	-3.921569E-02	-9.803922E-02	
  .000383	-.1176471	-9.803922E-02	
  .0003832	-.1176471	-9.803922E-02	
  .0003834	-.1176471	-1.960784E-02	
  .0003836	-3.921569E-02	-9.803922E-02	
  .0003838	-3.921569E-02	-5.882353E-02	
  .000384	-.1176471	-5.882353E-02	
  .0003842	-.1176471	-9.803922E-02	
  .0003844	-.1176471	-9.803922E-02	
  .0003846	-3.921569E-02	-9.803922E-02	
  .0003848	 3.921569E-02	-9.803922E-02	
  .000385	-.1176471	-5.882353E-02	
  .0003852	 3.921569E-02	-9.803922E-02	
  .0003854	-3.921569E-02	-9.803922E-02	
  .0003856	-3.921569E-02	-9.803922E-02	
  .0003858	-3.921569E-02	-9.803922E-02	
  .000386	-.1176471	-.1372549	
  .0003862	-3.921569E-02	-9.803922E-02	
  .0003864	-3.921569E-02	-.1372549	
  .0003866	-3.921569E-02	-.1372549	
  .0003868	-.1176471	-.1372549	
  .000387	-3.921569E-02	-.1372549	
  .0003872	-3.921569E-02	-9.803922E-02	
  .0003874	-3.921569E-02	-.1372549	
  .0003876	-3.921569E-02	-.1372549	
  .0003878	-3.921569E-02	-9.803922E-02	
  .000388	-3.921569E-02	-9.803922E-02	
  .0003882	-3.921569E-02	-.1764706	
  .0003884	 .1176471	-.1372549	
  .0003886	-3.921569E-02	-.1372549	
  .0003888	-3.921569E-02	-9.803922E-02	
  .000389	-3.921569E-02	-.1372549	
  .0003892	 3.921569E-02	-.1372549	
  .0003894	 3.921569E-02	-9.803922E-02	
  .0003896	 3.921569E-02	-.1764706	
  .0003898	-3.921569E-02	-.1372549	
  .00039	-3.921569E-02	-.1764706	
  .0003902	 3.921569E-02	-.1372549	
  .0003904	 3.921569E-02	-.1372549	
  .0003906	-3.921569E-02	-.1372549	
  .0003908	-3.921569E-02	-.1764706	
  .000391	 3.921569E-02	-.1764706	
  .0003912	 3.921569E-02	-.1764706	
  .0003914	-.1176471	-.1764706	
  .0003916	 3.921569E-02	-.1764706	
  .0003918	 3.921569E-02	-.1764706	
  .000392	 3.921569E-02	-.1764706	
  .0003922	-3.921569E-02	-.1764706	
  .0003924	 3.921569E-02	-.1372549	
  .0003926	 .1176471	-.1372549	
  .0003928	 3.921569E-02	-.1764706	
  .000393	 3.921569E-02	-.2156863	
  .0003932	 3.921569E-02	-.1764706	
  .0003934	 3.921569E-02	-.1764706	
  .0003936	 3.921569E-02	-.1764706	
  .0003938	 .1176471	-.1764706	
  .000394	 .1176471	-.2156863	
  .0003942	 3.921569E-02	-.1372549	
  .0003944	 3.921569E-02	-.1764706	
  .0003946	 3.921569E-02	-.2156863	
  .0003948	 3.921569E-02	-.2156863	
  .000395	 3.921569E-02	-.1764706	
  .0003952	 .1176471	-.2156863	
  .0003954	 3.921569E-02	-.2156863	
  .0003956	 .1176471	-.1764706	
  .0003958	 .1176471	-.2156863	
  .000396	 3.921569E-02	-.1764706	
  .0003962	 .1176471	-.254902	
  .0003964	 .1176471	-.254902	
  .0003966	 .1176471	-.1764706	
  .0003968	 .1176471	-.2156863	
  .000397	 .1176471	-.2156863	
  .0003972	 3.921569E-02	-.2156863	
  .0003974	 .1176471	-.2156863	
  .0003976	 .1176471	-.254902	
  .0003978	 .1176471	-.254902	
  .000398	 .1960784	-.2156863	
  .0003982	 .1176471	-.1764706	
  .0003984	 .1176471	-.2156863	
  .0003986	 .1176471	-.2156863	
  .0003988	 .1960784	-.2156863	
  .000399	 3.921569E-02	-.2156863	
  .0003992	 .1960784	-.2156863	
  .0003994	 .1960784	-.2156863	
  .0003996	 .1960784	-.254902	
  .0003998	 .1960784	-.254902	
  .0004	 .2745098	-.254902	
  .0004002	 .1960784	-.2156863	
  .0004004	 .1176471	-.1764706	
  .0004006	 .1960784	-.2156863	
  .0004008	 .1176471	-.2156863	
  .000401	 .1176471	-.254902	
  .0004012	 .1960784	-.254902	
  .0004014	 .1960784	-.254902	
  .0004016	 .1960784	-.2156863	
  .0004018	 .1960784	-.254902	
  .000402	 .1176471	-.254902	
  .0004022	 .1176471	-.254902	
  .0004024	 .1960784	-.2156863	
  .0004026	 .1960784	-.254902	
  .0004028	 .1960784	-.2156863	
  .000403	 .1960784	-.2941177	
  .0004032	 .1960784	-.254902	
  .0004034	 .1960784	-.254902	
  .0004036	 .2745098	-.2156863	
  .0004038	 .1176471	-.2156863	
  .000404	 .2745098	-.254902	
  .0004042	 .1176471	-.254902	
  .0004044	 .2745098	-.254902	
  .0004046	 .2745098	-.254902	
  .0004048	 .1960784	-.2156863	
  .000405	 .2745098	-.2156863	
  .0004052	 .1960784	-.254902	
  .0004054	 .2745098	-.2156863	
  .0004056	 .2745098	-.254902	
  .0004058	 .2745098	-.254902	
  .000406	 .2745098	-.2156863	
  .0004062	 .2745098	-.254902	
  .0004064	 .1960784	-.2156863	
  .0004066	 .1960784	-.2156863	
  .0004068	 .2745098	-.254902	
  .000407	 .2745098	-.2156863	
  .0004072	 .1960784	-.2156863	
  .0004074	 .2745098	-.254902	
  .0004076	 .1960784	-.254902	
  .0004078	 .1960784	-.2156863	
  .000408	 .2745098	-.254902	
  .0004082	 .3529412	-.254902	
  .0004084	 .1960784	-.2156863	
  .0004086	 .2745098	-.2156863	
  .0004088	 .3529412	-.254902	
  .000409	 .2745098	-.254902	
  .0004092	 .2745098	-.1764706	
  .0004094	 .3529412	-.2156863	
  .0004096	 .2745098	-.254902	
  .0004098	 .1960784	-.254902	
  .00041	 .2745098	-.2156863	
  .0004102	 .2745098	-.2156863	
  .0004104	 .2745098	-.1764706	
  .0004106	 .2745098	-.1764706	
  .0004108	 .2745098	-.254902	
  .000411	 .3529412	-.254902	
  .0004112	 .1960784	-.254902	
  .0004114	 .2745098	-.2156863	
  .0004116	 .2745098	-.1764706	
  .0004118	 .1960784	-.2156863	
  .000412	 .3529412	-.1764706	
  .0004122	 .2745098	-.2156863	
  .0004124	 .3529412	-.254902	
  .0004126	 .3529412	-.1764706	
  .0004128	 .3529412	-.254902	
  .000413	 .1960784	-.2156863	
  .0004132	 .2745098	-.1764706	
  .0004134	 .2745098	-.1764706	
  .0004136	 .3529412	-.2156863	
  .0004138	 .3529412	-.2156863	
  .000414	 .2745098	-.1372549	
  .0004142	 .1960784	-.1764706	
  .0004144	 .1960784	-.1764706	
  .0004146	 .2745098	-.1764706	
  .0004148	 .3529412	-.1372549	
  .000415	 .2745098	-.2156863	
  .0004152	 .3529412	-.1372549	
  .0004154	 .2745098	-.1764706	
  .0004156	 .2745098	-.1764706	
  .0004158	 .2745098	-.1764706	
  .000416	 .2745098	-.2156863	
  .0004162	 .3529412	-.2156863	
  .0004164	 .3529412	-.1764706	
  .0004166	 .1960784	-.2156863	
  .0004168	 .2745098	-.1764706	
  .000417	 .3529412	-.1764706	
  .0004172	 .3529412	-.2156863	
  .0004174	 .2745098	-.2156863	
  .0004176	 .3529412	-.2156863	
  .0004178	 .3529412	-.2156863	
  .000418	 .2745098	-.1372549	
  .0004182	 .3529412	-.1764706	
  .0004184	 .3529412	-.1764706	
  .0004186	 .2745098	-.1764706	
  .0004188	 .3529412	-.1372549	
  .000419	 .4313726	-.1764706	
  .0004192	 .3529412	-.1372549	
  .0004194	 .2745098	-.1764706	
  .0004196	 .3529412	-.1372549	
  .0004198	 .2745098	-.1372549	
  .00042	 .2745098	-.1372549	
  .0004202	 .2745098	-9.803922E-02	
  .0004204	 .3529412	-.1372549	
  .0004206	 .2745098	-.2156863	
  .0004208	 .3529412	-.1764706	
  .000421	 .3529412	-9.803922E-02	
  .0004212	 .2745098	-.1764706	
  .0004214	 .2745098	-.1372549	
  .0004216	 .2745098	-.1372549	
  .0004218	 .3529412	-.1372549	
  .000422	 .2745098	-.1372549	
  .0004222	 .3529412	-9.803922E-02	
  .0004224	 .2745098	-.1764706	
  .0004226	 .1960784	-.1372549	
  .0004228	 .2745098	-.1372549	
  .000423	 .2745098	-.254902	
  .0004232	 .2745098	-.1372549	
  .0004234	 .4313726	-.1372549	
  .0004236	 .2745098	-9.803922E-02	
  .0004238	 .2745098	-.1372549	
  .000424	 .3529412	-9.803922E-02	
  .0004242	 .3529412	-.1372549	
  .0004244	 .3529412	-9.803922E-02	
  .0004246	 .2745098	-9.803922E-02	
  .0004248	 .3529412	-9.803922E-02	
  .000425	 .3529412	-5.882353E-02	
  .0004252	 .3529412	-9.803922E-02	
  .0004254	 .2745098	-9.803922E-02	
  .0004256	 .2745098	-9.803922E-02	
  .0004258	 .3529412	-5.882353E-02	
  .000426	 .2745098	-9.803922E-02	
  .0004262	 .2745098	-.1372549	
  .0004264	 .1960784	-5.882353E-02	
  .0004266	 .3529412	-9.803922E-02	
  .0004268	 .2745098	-9.803922E-02	
  .000427	 .2745098	-9.803922E-02	
  .0004272	 .2745098	-9.803922E-02	
  .0004274	 .2745098	-9.803922E-02	
  .0004276	 .2745098	-5.882353E-02	
  .0004278	 .1960784	-9.803922E-02	
  .000428	 .3529412	-5.882353E-02	
  .0004282	 .1960784	-5.882353E-02	
  .0004284	 .3529412	-5.882353E-02	
  .0004286	 .2745098	-5.882353E-02	
  .0004288	 .2745098	-9.803922E-02	
  .000429	 .2745098	-1.960784E-02	
  .0004292	 .2745098	-5.882353E-02	
  .0004294	 .2745098	-5.882353E-02	
  .0004296	 .1960784	-.1372549	
  .0004298	 .2745098	-1.960784E-02	
  .00043	 .2745098	-1.960784E-02	
  .0004302	 .2745098	-1.960784E-02	
  .0004304	 .2745098	-1.960784E-02	
  .0004306	 .1960784	-5.882353E-02	
  .0004308	 .2745098	-1.960784E-02	
  .000431	 .2745098	-9.803922E-02	
  .0004312	 .1960784	-1.960784E-02	
  .0004314	 .2745098	-1.960784E-02	
  .0004316	 .2745098	-5.882353E-02	
  .0004318	 .2745098	-5.882353E-02	
  .000432	 .2745098	-5.882353E-02	
  .0004322	 .2745098	-1.960784E-02	
  .0004324	 .2745098	-1.960784E-02	
  .0004326	 .2745098	-1.960784E-02	
  .0004328	 .2745098	-1.960784E-02	
  .000433	 .2745098	 1.960784E-02	
  .0004332	 .2745098	 1.960784E-02	
  .0004334	 .2745098	-1.960784E-02	
  .0004336	 .2745098	-5.882353E-02	
  .0004338	 .1960784	 5.882353E-02	
  .000434	 .1960784	 1.960784E-02	
  .0004342	 .2745098	-1.960784E-02	
  .0004344	 .2745098	-1.960784E-02	
  .0004346	 .3529412	 1.960784E-02	
  .0004348	 .2745098	 1.960784E-02	
  .000435	 .2745098	 1.960784E-02	
  .0004352	 .1960784	 1.960784E-02	
  .0004354	 .3529412	-1.960784E-02	
  .0004356	 .1960784	 1.960784E-02	
  .0004358	 .1960784	-1.960784E-02	
  .000436	 .2745098	-1.960784E-02	
  .0004362	 .2745098	 1.960784E-02	
  .0004364	 .2745098	-1.960784E-02	
  .0004366	 .1960784	-1.960784E-02	
  .0004368	 .1960784	 5.882353E-02	
  .000437	 .2745098	 1.960784E-02	
  .0004372	 .1960784	 1.960784E-02	
  .0004374	 .2745098	 1.960784E-02	
  .0004376	 .2745098	 1.960784E-02	
  .0004378	 .1960784	 5.882353E-02	
  .000438	 .1960784	 5.882353E-02	
  .0004382	 .2745098	 1.960784E-02	
  .0004384	 .2745098	 1.960784E-02	
  .0004386	 .2745098	 5.882353E-02	
  .0004388	 .2745098	 1.960784E-02	
  .000439	 .1960784	 1.960784E-02	
  .0004392	 .1960784	 5.882353E-02	
  .0004394	 .2745098	 9.803922E-02	
  .0004396	 .1960784	 9.803922E-02	
  .0004398	 .2745098	 5.882353E-02	
  .00044	 .1960784	 .1372549	
  .0004402	 .2745098	 5.882353E-02	
  .0004404	 .1960784	 5.882353E-02	
  .0004406	 .1960784	 9.803922E-02	
  .0004408	 .1176471	 5.882353E-02	
  .000441	 .1176471	 5.882353E-02	
  .0004412	 .2745098	 5.882353E-02	
  .0004414	 .2745098	 5.882353E-02	
  .0004416	 .3529412	 9.803922E-02	
  .0004418	 .1176471	 5.882353E-02	
  .000442	 .1960784	 9.803922E-02	
  .0004422	 .1960784	 5.882353E-02	
  .0004424	 .1960784	 5.882353E-02	
  .0004426	 .1960784	 1.960784E-02	
  .0004428	 .1176471	 5.882353E-02	
  .000443	 .1176471	 9.803922E-02	
  .0004432	 .2745098	 .1372549	
  .0004434	 .1176471	 9.803922E-02	
  .0004436	 .1960784	 9.803922E-02	
  .0004438	 .1960784	 1.960784E-02	
  .000444	 .1176471	 9.803922E-02	
  .0004442	 .1960784	 5.882353E-02	
  .0004444	 .1960784	 9.803922E-02	
  .0004446	 .1960784	 9.803922E-02	
  .0004448	 .1176471	 .1372549	
  .000445	 .1176471	 9.803922E-02	
  .0004452	 .1176471	 .1372549	
  .0004454	 .1960784	 5.882353E-02	
  .0004456	 .1176471	 9.803922E-02	
  .0004458	 3.921569E-02	 9.803922E-02	
  .000446	 3.921569E-02	 9.803922E-02	
  .0004462	 .1176471	 .1372549	
  .0004464	 .1176471	 5.882353E-02	
  .0004466	 .1960784	 .1372549	
  .0004468	 .1960784	 .1372549	
  .000447	 .1176471	 9.803922E-02	
  .0004472	 .1176471	 9.803922E-02	
  .0004474	 .1176471	 5.882353E-02	
  .0004476	 3.921569E-02	 9.803922E-02	
  .0004478	 .1960784	 9.803922E-02	
  .000448	 .1176471	 .1372549	
  .0004482	 .1960784	 .1372549	
  .0004484	 .1960784	 9.803922E-02	
  .0004486	 .1960784	 .1372549	
  .0004488	 3.921569E-02	 .1372549	
  .000449	 .1176471	 9.803922E-02	
  .0004492	 .1176471	 .1372549	
  .0004494	 .1176471	 9.803922E-02	
  .0004496	 3.921569E-02	 .1764706	
  .0004498	 .1176471	 .1764706	
  .00045	 3.921569E-02	 .1372549	
