 -.0000498	 .1176471	 5.882353E-02	
 -.0000496	 3.921569E-02	 1.960784E-02	
 -.0000494	 .2745098	 5.882353E-02	
 -.0000492	 .1176471	 5.882353E-02	
 -.000049	 .1176471	-1.960784E-02	
 -.0000488	 .1176471	 1.960784E-02	
 -.0000486	 3.921569E-02	-1.960784E-02	
 -.0000484	 .1176471	-1.960784E-02	
 -.0000482	 .1176471	 1.960784E-02	
 -.000048	 3.921569E-02	 1.960784E-02	
 -.0000478	 .1176471	 1.960784E-02	
 -.0000476	 3.921569E-02	 1.960784E-02	
 -.0000474	 3.921569E-02	 5.882353E-02	
 -.0000472	 3.921569E-02	 1.960784E-02	
 -.000047	 3.921569E-02	 1.960784E-02	
 -.0000468	 3.921569E-02	-1.960784E-02	
 -.0000466	-3.921569E-02	-1.960784E-02	
 -.0000464	 .1176471	 1.960784E-02	
 -.0000462	 .1176471	-1.960784E-02	
 -.000046	 3.921569E-02	 1.960784E-02	
 -.0000458	 .1176471	 5.882353E-02	
 -.0000456	 .1176471	 1.960784E-02	
 -.0000454	 3.921569E-02	-1.960784E-02	
 -.0000452	 3.921569E-02	 1.960784E-02	
 -.000045	 3.921569E-02	-1.960784E-02	
 -.0000448	 .1960784	 5.882353E-02	
 -.0000446	 3.921569E-02	 1.960784E-02	
 -.0000444	 3.921569E-02	 1.960784E-02	
 -.0000442	 3.921569E-02	 1.960784E-02	
 -.000044	 .1176471	-1.960784E-02	
 -.0000438	 3.921569E-02	 5.882353E-02	
 -.0000436	 3.921569E-02	 1.960784E-02	
 -.0000434	 3.921569E-02	 1.960784E-02	
 -.0000432	 .1176471	 1.960784E-02	
 -.000043	 3.921569E-02	 1.960784E-02	
 -.0000428	 3.921569E-02	 5.882353E-02	
 -.0000426	 3.921569E-02	 1.960784E-02	
 -.0000424	 3.921569E-02	 1.960784E-02	
 -.0000422	 3.921569E-02	 1.960784E-02	
 -.000042	 3.921569E-02	-1.960784E-02	
 -.0000418	 3.921569E-02	-1.960784E-02	
 -.0000416	 3.921569E-02	 5.882353E-02	
 -.0000414	 3.921569E-02	 1.960784E-02	
 -.0000412	 3.921569E-02	 1.960784E-02	
 -.000041	 3.921569E-02	-1.960784E-02	
 -.0000408	 .1176471	 1.960784E-02	
 -.0000406	 .1176471	 1.960784E-02	
 -.0000404	 3.921569E-02	 5.882353E-02	
 -.0000402	 .1176471	 5.882353E-02	
 -.00004	 3.921569E-02	 5.882353E-02	
 -.0000398	 3.921569E-02	-1.960784E-02	
 -.0000396	 3.921569E-02	 1.960784E-02	
 -.0000394	 3.921569E-02	-1.960784E-02	
 -.0000392	 .1176471	 1.960784E-02	
 -.000039	 .1176471	 5.882353E-02	
 -.0000388	-3.921569E-02	 1.960784E-02	
 -.0000386	 .1176471	 1.960784E-02	
 -.0000384	 3.921569E-02	 1.960784E-02	
 -.0000382	 3.921569E-02	 1.960784E-02	
 -.000038	 .1176471	 1.960784E-02	
 -.0000378	 3.921569E-02	 5.882353E-02	
 -.0000376	 3.921569E-02	 1.960784E-02	
 -.0000374	 .1176471	 1.960784E-02	
 -.0000372	 3.921569E-02	-1.960784E-02	
 -.000037	 3.921569E-02	 1.960784E-02	
 -.0000368	 .1176471	 1.960784E-02	
 -.0000366	 .1176471	 1.960784E-02	
 -.0000364	 .1176471	 1.960784E-02	
 -.0000362	 3.921569E-02	 1.960784E-02	
 -.000036	 3.921569E-02	-1.960784E-02	
 -.0000358	 .1176471	-1.960784E-02	
 -.0000356	 3.921569E-02	 1.960784E-02	
 -.0000354	 3.921569E-02	 1.960784E-02	
 -.0000352	 .1176471	 1.960784E-02	
 -.000035	 3.921569E-02	 1.960784E-02	
 -.0000348	 3.921569E-02	 5.882353E-02	
 -.0000346	 .1176471	-1.960784E-02	
 -.0000344	 .1176471	-1.960784E-02	
 -.0000342	 3.921569E-02	 1.960784E-02	
 -.000034	 .1176471	-1.960784E-02	
 -.0000338	 3.921569E-02	 1.960784E-02	
 -.0000336	 3.921569E-02	-1.960784E-02	
 -.0000334	 .1176471	 1.960784E-02	
 -.0000332	 .1176471	 1.960784E-02	
 -.000033	 .1176471	-1.960784E-02	
 -.0000328	 3.921569E-02	 5.882353E-02	
 -.0000326	 3.921569E-02	 1.960784E-02	
 -.0000324	 3.921569E-02	 1.960784E-02	
 -.0000322	 3.921569E-02	 1.960784E-02	
 -.000032	 .1176471	 1.960784E-02	
 -.0000318	 3.921569E-02	-1.960784E-02	
 -.0000316	 .1176471	 1.960784E-02	
 -.0000314	 3.921569E-02	-1.960784E-02	
 -.0000312	-3.921569E-02	 1.960784E-02	
 -.000031	 3.921569E-02	 5.882353E-02	
 -.0000308	 3.921569E-02	 1.960784E-02	
 -.0000306	 .1176471	 1.960784E-02	
 -.0000304	 3.921569E-02	 1.960784E-02	
 -.0000302	 .1176471	-1.960784E-02	
 -.00003	 3.921569E-02	-1.960784E-02	
 -.0000298	 3.921569E-02	 1.960784E-02	
 -.0000296	 .1176471	 5.882353E-02	
 -.0000294	 .1176471	 1.960784E-02	
 -.0000292	 3.921569E-02	 1.960784E-02	
 -.000029	 3.921569E-02	-1.960784E-02	
 -.0000288	 .1176471	 1.960784E-02	
 -.0000286	 .1176471	-1.960784E-02	
 -.0000284	 3.921569E-02	 1.960784E-02	
 -.0000282	 .1176471	 1.960784E-02	
 -.000028	 3.921569E-02	 5.882353E-02	
 -.0000278	 .1176471	 1.960784E-02	
 -.0000276	 3.921569E-02	 1.960784E-02	
 -.0000274	 3.921569E-02	 1.960784E-02	
 -.0000272	-3.921569E-02	 5.882353E-02	
 -.000027	 3.921569E-02	-1.960784E-02	
 -.0000268	 3.921569E-02	 1.960784E-02	
 -.0000266	 3.921569E-02	 1.960784E-02	
 -.0000264	 .1176471	 1.960784E-02	
 -.0000262	 .1176471	 1.960784E-02	
 -.000026	 3.921569E-02	 1.960784E-02	
 -.0000258	 .1176471	-1.960784E-02	
 -.0000256	 3.921569E-02	 1.960784E-02	
 -.0000254	 .1176471	 1.960784E-02	
 -.0000252	-3.921569E-02	-1.960784E-02	
 -.000025	 .1176471	-1.960784E-02	
 -.0000248	 .1176471	 1.960784E-02	
 -.0000246	 3.921569E-02	-1.960784E-02	
 -.0000244	 3.921569E-02	 1.960784E-02	
 -.0000242	 .1176471	 1.960784E-02	
 -.000024	 3.921569E-02	 5.882353E-02	
 -.0000238	 3.921569E-02	 5.882353E-02	
 -.0000236	 .1176471	-1.960784E-02	
 -.0000234	-3.921569E-02	 1.960784E-02	
 -.0000232	 3.921569E-02	 1.960784E-02	
 -.000023	 3.921569E-02	 9.803922E-02	
 -.0000228	 3.921569E-02	 1.960784E-02	
 -.0000226	 .1176471	 1.960784E-02	
 -.0000224	 .1176471	 1.960784E-02	
 -.0000222	 3.921569E-02	 1.960784E-02	
 -.000022	 3.921569E-02	 1.960784E-02	
 -.0000218	 3.921569E-02	 1.960784E-02	
 -.0000216	 3.921569E-02	 1.960784E-02	
 -.0000214	 .1176471	-1.960784E-02	
 -.0000212	 3.921569E-02	-1.960784E-02	
 -.000021	 .1176471	 5.882353E-02	
 -.0000208	 .1176471	 1.960784E-02	
 -.0000206	 3.921569E-02	 5.882353E-02	
 -.0000204	 .1176471	 1.960784E-02	
 -.0000202	-3.921569E-02	 1.960784E-02	
 -.00002	 3.921569E-02	 1.960784E-02	
 -.0000198	-3.921569E-02	 5.882353E-02	
 -.0000196	 3.921569E-02	 1.960784E-02	
 -.0000194	 3.921569E-02	 1.960784E-02	
 -.0000192	 3.921569E-02	 5.882353E-02	
 -.000019	 .1176471	 1.960784E-02	
 -.0000188	 3.921569E-02	-1.960784E-02	
 -.0000186	-3.921569E-02	 1.960784E-02	
 -.0000184	 .1176471	 1.960784E-02	
 -.0000182	 3.921569E-02	 5.882353E-02	
 -.000018	 3.921569E-02	 1.960784E-02	
 -.0000178	 3.921569E-02	 1.960784E-02	
 -.0000176	 .1176471	 1.960784E-02	
 -.0000174	 3.921569E-02	 1.960784E-02	
 -.0000172	 .1176471	 1.960784E-02	
 -.000017	 .1176471	 1.960784E-02	
 -.0000168	 3.921569E-02	-1.960784E-02	
 -.0000166	 3.921569E-02	-1.960784E-02	
 -.0000164	 3.921569E-02	 1.960784E-02	
 -.0000162	 3.921569E-02	 5.882353E-02	
 -.000016	 .1176471	 1.960784E-02	
 -.0000158	 3.921569E-02	 1.960784E-02	
 -.0000156	 .1176471	 1.960784E-02	
 -.0000154	 3.921569E-02	-1.960784E-02	
 -.0000152	 3.921569E-02	 1.960784E-02	
 -.000015	 3.921569E-02	 5.882353E-02	
 -.0000148	 3.921569E-02	-1.960784E-02	
 -.0000146	 3.921569E-02	-1.960784E-02	
 -.0000144	 3.921569E-02	 1.960784E-02	
 -.0000142	 .1176471	-1.960784E-02	
 -.000014	 3.921569E-02	 5.882353E-02	
 -.0000138	 .1176471	 1.960784E-02	
 -.0000136	 .1960784	 1.960784E-02	
 -.0000134	 .1176471	 1.960784E-02	
 -.0000132	 .1176471	 1.960784E-02	
 -.000013	 3.921569E-02	 5.882353E-02	
 -.0000128	 .1176471	 5.882353E-02	
 -.0000126	 3.921569E-02	 1.960784E-02	
 -.0000124	 3.921569E-02	-1.960784E-02	
 -.0000122	 3.921569E-02	 5.882353E-02	
 -.000012	 3.921569E-02	 1.960784E-02	
 -.0000118	 .1176471	 1.960784E-02	
 -.0000116	 3.921569E-02	 1.960784E-02	
 -.0000114	 .1176471	 1.960784E-02	
 -.0000112	 3.921569E-02	 1.960784E-02	
 -.000011	 .1176471	-1.960784E-02	
 -.0000108	 .1176471	 1.960784E-02	
 -.0000106	 3.921569E-02	 1.960784E-02	
 -.0000104	 .1176471	-1.960784E-02	
 -.0000102	 3.921569E-02	-1.960784E-02	
 -.00001	-3.921569E-02	 1.960784E-02	
 -.0000098	 .1176471	 5.882353E-02	
 -.0000096	 3.921569E-02	 1.960784E-02	
 -.0000094	 3.921569E-02	 1.960784E-02	
 -.0000092	 .1176471	-1.960784E-02	
 -.000009	 3.921569E-02	-1.960784E-02	
 -.0000088	 .1176471	-1.960784E-02	
 -.0000086	 3.921569E-02	 5.882353E-02	
 -.0000084	 3.921569E-02	 5.882353E-02	
 -.0000082	 .1176471	 5.882353E-02	
 -.000008	 3.921569E-02	 1.960784E-02	
 -.0000078	 3.921569E-02	 1.960784E-02	
 -.0000076	 3.921569E-02	 1.960784E-02	
 -.0000074	 .1176471	 5.882353E-02	
 -.0000072	 3.921569E-02	 5.882353E-02	
 -.000007	 3.921569E-02	 9.803922E-02	
 -.0000068	 .1176471	 1.960784E-02	
 -.0000066	 .1176471	 1.960784E-02	
 -.0000064	 .1176471	 5.882353E-02	
 -.0000062	-3.921569E-02	 1.960784E-02	
 -.000006	 3.921569E-02	-1.960784E-02	
 -.0000058	 .1176471	 1.960784E-02	
 -.0000056	 .1176471	 1.960784E-02	
 -.0000054	 .1176471	-1.960784E-02	
 -.0000052	 3.921569E-02	 5.882353E-02	
 -.000005	 .1176471	 5.882353E-02	
 -.0000048	 .1176471	 5.882353E-02	
 -.0000046	 3.921569E-02	 5.882353E-02	
 -.0000044	 .1960784	 1.960784E-02	
 -.0000042	 3.921569E-02	 5.882353E-02	
 -.000004	 .1176471	 5.882353E-02	
 -.0000038	 .1176471	 5.882353E-02	
 -.0000036	 .1176471	 1.960784E-02	
 -.0000034	 .1176471	 9.803922E-02	
 -.0000032	 3.921569E-02	 9.803922E-02	
 -.000003	-3.921569E-02	 5.882353E-02	
 -.0000028	 .1176471	 1.960784E-02	
 -.0000026	 .1176471	 1.960784E-02	
 -.0000024	 3.921569E-02	 1.960784E-02	
 -.0000022	 3.921569E-02	 5.882353E-02	
 -.000002	 3.921569E-02	 5.882353E-02	
 -.0000018	 .1176471	 9.803922E-02	
 -.0000016	 3.921569E-02	 5.882353E-02	
 -.0000014	 3.921569E-02	 5.882353E-02	
 -.0000012	 3.921569E-02	 5.882353E-02	
 -.000001	 .1176471	 1.960784E-02	
 -.0000008	 .1176471	 5.882353E-02	
 -.0000006	 .1176471	 1.960784E-02	
 -.0000004	 3.921569E-02	 5.882353E-02	
 -.0000002	 3.921569E-02	 5.882353E-02	
  0	 .1176471	 5.882353E-02	
  .0000002	 .1176471	 1.960784E-02	
  .0000004	-.9803922	-9.803922E-02	
  .0000006	-.5882353	 .4117647	
  .0000008	-.6666667	 .8823529	
  .000001	-.7450981	 1.156863	
  .0000012	-.7450981	 1.470588	
  .0000014	-.7450981	 1.784314	
  .0000016	-.7450981	 1.980392	
  .0000018	-.8235294	 2.215686	
  .000002	-.8235294	 2.333333	
  .0000022	-.9019608	 2.411765	
  .0000024	-.9803922	 2.607843	
  .0000026	-.9803922	 2.764706	
  .0000028	-.9803922	 2.764706	
  .000003	-.9019608	 2.921569	
  .0000032	-1.058824	 2.960784	
  .0000034	-1.137255	 3.039216	
  .0000036	-1.058824	 3.117647	
  .0000038	-1.137255	 3.078431	
  .000004	-1.215686	 3.156863	
  .0000042	-1.294118	 3.235294	
  .0000044	-1.137255	 3.196079	
  .0000046	-1.215686	 3.235294	
  .0000048	-1.294118	 3.27451	
  .000005	-1.294118	 3.27451	
  .0000052	-1.372549	 3.235294	
  .0000054	-1.372549	 3.235294	
  .0000056	-1.294118	 3.313725	
  .0000058	-1.372549	 3.313725	
  .000006	-1.45098	 3.313725	
  .0000062	-1.45098	 3.313725	
  .0000064	-1.45098	 3.352941	
  .0000066	-1.45098	 3.313725	
  .0000068	-1.529412	 3.235294	
  .000007	-1.529412	 3.235294	
  .0000072	-1.607843	 3.235294	
  .0000074	-1.529412	 3.27451	
  .0000076	-1.607843	 3.27451	
  .0000078	-1.607843	 3.27451	
  .000008	-1.686275	 3.27451	
  .0000082	-1.607843	 3.196079	
  .0000084	-1.607843	 3.27451	
  .0000086	-1.607843	 3.235294	
  .0000088	-1.686275	 3.156863	
  .000009	-1.686275	 3.235294	
  .0000092	-1.764706	 3.196079	
  .0000094	-1.764706	 3.156863	
  .0000096	-1.764706	 3.156863	
  .0000098	-1.764706	 3.156863	
  .00001	-1.686275	 3.117647	
  .0000102	-1.764706	 3.117647	
  .0000104	-1.921569	 3.117647	
  .0000106	-1.921569	 3.117647	
  .0000108	-1.921569	 3.117647	
  .000011	-1.843137	 3.039216	
  .0000112	-1.921569	 3.078431	
  .0000114	-1.843137	 3.039216	
  .0000116	-1.921569	 2.960784	
  .0000118	-1.921569	 3.039216	
  .000012	-2.156863	 2.960784	
  .0000122	-2.078431	 2.882353	
  .0000124	-2.078431	 2.960784	
  .0000126	-2.078431	 2.921569	
  .0000128	-2.156863	 2.921569	
  .000013	-2.156863	 2.882353	
  .0000132	-2.156863	 2.882353	
  .0000134	-2.156863	 2.843137	
  .0000136	-2.235294	 2.803921	
  .0000138	-2.235294	 2.803921	
  .000014	-2.235294	 2.764706	
  .0000142	-2.156863	 2.72549	
  .0000144	-2.235294	 2.72549	
  .0000146	-2.235294	 2.72549	
  .0000148	-2.235294	 2.686275	
  .000015	-2.313725	 2.647059	
  .0000152	-2.392157	 2.607843	
  .0000154	-2.313725	 2.607843	
  .0000156	-2.392157	 2.607843	
  .0000158	-2.470588	 2.529412	
  .000016	-2.470588	 2.529412	
  .0000162	-2.470588	 2.45098	
  .0000164	-2.470588	 2.529412	
  .0000166	-2.54902	 2.45098	
  .0000168	-2.627451	 2.411765	
  .000017	-2.627451	 2.372549	
  .0000172	-2.627451	 2.333333	
  .0000174	-2.627451	 2.294118	
  .0000176	-2.627451	 2.294118	
  .0000178	-2.705882	 2.254902	
  .000018	-2.705882	 2.215686	
  .0000182	-2.784314	 2.176471	
  .0000184	-2.784314	 2.176471	
  .0000186	-2.784314	 2.137255	
  .0000188	-2.705882	 2.098039	
  .000019	-2.862745	 2.058824	
  .0000192	-2.941176	 1.980392	
  .0000194	-2.941176	 1.980392	
  .0000196	-3.019608	 1.941176	
  .0000198	-3.019608	 1.901961	
  .00002	-3.176471	 1.862745	
  .0000202	-3.176471	 1.784314	
  .0000204	-3.254902	 1.745098	
  .0000206	-3.254902	 1.666667	
  .0000208	-3.411765	 1.588235	
  .000021	-3.490196	 1.54902	
  .0000212	-3.647059	 1.470588	
  .0000214	-3.72549	 1.431373	
  .0000216	-3.882353	 1.352941	
  .0000218	-4.196078	 1.235294	
  .000022	-4.352941	 1.156863	
  .0000222	-4.588235	 .9607843	
  .0000224	-4.745098	 .8431373	
  .0000226	-5.058824	 .7254902	
  .0000228	-5.215686	 .6862745	
  .000023	-5.607843	 .4901961	
  .0000232	-5.921568	 .4117647	
  .0000234	-6.235294	 .3333333	
  .0000236	-6.627451	 .1764706	
  .0000238	-6.941176	 1.960784E-02	
  .000024	-7.411765	-.1372549	
  .0000242	-7.803922	-.2941177	
  .0000244	-7.098039	 .6078432	
  .0000246	-5.529412	 1.156863	
  .0000248	-5.058824	 1.078431	
  .000025	-4.352941	 1.156863	
  .0000252	-3.960784	 1.196078	
  .0000254	-3.647059	 1.117647	
  .0000256	-3.333333	 1.156863	
  .0000258	-3.176471	 1.078431	
  .000026	-2.784314	 1.117647	
  .0000262	-2.627451	 1.039216	
  .0000264	-2.392157	 1.039216	
  .0000266	-2.392157	 1.039216	
  .0000268	-2.156863	 1.039216	
  .000027	-2.078431	 .9607843	
  .0000272	-2	 .8823529	
  .0000274	-1.921569	 .9215686	
  .0000276	-1.764706	 .8431373	
  .0000278	-1.843137	 .8823529	
  .000028	-1.607843	 .8039216	
  .0000282	-1.607843	 .8039216	
  .0000284	-1.529412	 .7647059	
  .0000286	-1.45098	 .7254902	
  .0000288	-1.45098	 .6862745	
  .000029	-1.45098	 .6862745	
  .0000292	-1.45098	 .6470588	
  .0000294	-1.294118	 .6078432	
  .0000296	-1.372549	 .5294118	
  .0000298	-1.215686	 .5686275	
  .00003	-1.215686	 .5294118	
  .0000302	-1.294118	 .4901961	
  .0000304	-1.294118	 .4117647	
  .0000306	-1.137255	 .4117647	
  .0000308	-1.137255	 .372549	
  .000031	-1.137255	 .372549	
  .0000312	-1.058824	 .4117647	
  .0000314	-1.137255	 .2941177	
  .0000316	-1.058824	 .2156863	
  .0000318	-1.137255	 .2156863	
  .000032	-1.215686	 .1372549	
  .0000322	-1.137255	 .1372549	
  .0000324	-1.058824	 9.803922E-02	
  .0000326	-1.058824	 9.803922E-02	
  .0000328	-1.058824	 5.882353E-02	
  .000033	-.9803922	 1.960784E-02	
  .0000332	-1.058824	 5.882353E-02	
  .0000334	-.9803922	-1.960784E-02	
  .0000336	-.9019608	-1.960784E-02	
  .0000338	-1.058824	-.1372549	
  .000034	-.9803922	-.1372549	
  .0000342	-.9019608	-.1372549	
  .0000344	-.9019608	-.1764706	
  .0000346	-.9803922	-.1764706	
  .0000348	-.9019608	-.2156863	
  .000035	-.9019608	-.2941177	
  .0000352	-.9019608	-.2941177	
  .0000354	-.8235294	-.2941177	
  .0000356	-.8235294	-.372549	
  .0000358	-.8235294	-.4117647	
  .000036	-.9019608	-.4117647	
  .0000362	-.8235294	-.4509804	
  .0000364	-.8235294	-.4509804	
  .0000366	-.8235294	-.4901961	
  .0000368	-.6666667	-.5686275	
  .000037	-.7450981	-.6078432	
  .0000372	-.7450981	-.6470588	
  .0000374	-.6666667	-.6470588	
  .0000376	-.6666667	-.6862745	
  .0000378	-.7450981	-.6862745	
  .000038	-.5882353	-.7254902	
  .0000382	-.8235294	-.7647059	
  .0000384	-.6666667	-.7647059	
  .0000386	-.6666667	-.8039216	
  .0000388	-.6666667	-.8431373	
  .000039	-.6666667	-.9215686	
  .0000392	-.6666667	-.9215686	
  .0000394	-.5882353	-.9215686	
  .0000396	-.5882353	-.9607843	
  .0000398	-.5882353	-1	
  .00004	-.5882353	-1.039216	
  .0000402	-.509804	-1.039216	
  .0000404	-.509804	-1.078431	
  .0000406	-.509804	-1.156863	
  .0000408	-.509804	-1.156863	
  .000041	-.3529412	-1.156863	
  .0000412	-.4313726	-1.235294	
  .0000414	-.4313726	-1.235294	
  .0000416	-.3529412	-1.27451	
  .0000418	-.3529412	-1.313725	
  .000042	-.3529412	-1.352941	
  .0000422	-.3529412	-1.352941	
  .0000424	-.3529412	-1.392157	
  .0000426	-.2745098	-1.392157	
  .0000428	-.3529412	-1.470588	
  .000043	-.2745098	-1.470588	
  .0000432	-.2745098	-1.509804	
  .0000434	-.2745098	-1.470588	
  .0000436	-.2745098	-1.509804	
  .0000438	-.2745098	-1.54902	
  .000044	-.1960784	-1.54902	
  .0000442	-.2745098	-1.627451	
  .0000444	-.2745098	-1.627451	
  .0000446	-.1960784	-1.627451	
  .0000448	-.1176471	-1.666667	
  .000045	-.1960784	-1.666667	
  .0000452	-.1176471	-1.705882	
  .0000454	-3.921569E-02	-1.745098	
  .0000456	-.1960784	-1.784314	
  .0000458	-3.921569E-02	-1.784314	
  .000046	-.1176471	-1.745098	
  .0000462	-.1176471	-1.784314	
  .0000464	-3.921569E-02	-1.862745	
  .0000466	 3.921569E-02	-1.862745	
  .0000468	-3.921569E-02	-1.901961	
  .000047	-3.921569E-02	-1.901961	
  .0000472	 3.921569E-02	-1.941176	
  .0000474	-3.921569E-02	-1.941176	
  .0000476	 3.921569E-02	-1.941176	
  .0000478	 3.921569E-02	-1.980392	
  .000048	-3.921569E-02	-1.980392	
  .0000482	 3.921569E-02	-1.980392	
  .0000484	 .1176471	-2.058824	
  .0000486	 .1176471	-2.058824	
  .0000488	 .1176471	-2.058824	
  .000049	 .1176471	-2.098039	
  .0000492	 .1176471	-2.137255	
  .0000494	 .1176471	-2.098039	
  .0000496	 .2745098	-2.137255	
  .0000498	 .2745098	-2.215686	
  .00005	 .1960784	-2.176471	
  .0000502	 .1960784	-2.176471	
  .0000504	 .1960784	-2.215686	
  .0000506	 .2745098	-2.254902	
  .0000508	 .1960784	-2.215686	
  .000051	 .2745098	-2.254902	
  .0000512	 .2745098	-2.254902	
  .0000514	 .2745098	-2.294118	
  .0000516	 .3529412	-2.333333	
  .0000518	 .3529412	-2.333333	
  .000052	 .2745098	-2.333333	
  .0000522	 .3529412	-2.333333	
  .0000524	 .4313726	-2.333333	
  .0000526	 .3529412	-2.333333	
  .0000528	 .3529412	-2.372549	
  .000053	 .3529412	-2.411765	
  .0000532	 .3529412	-2.411765	
  .0000534	 .4313726	-2.372549	
  .0000536	 .4313726	-2.411765	
  .0000538	 .509804	-2.45098	
  .000054	 .509804	-2.490196	
  .0000542	 .509804	-2.45098	
  .0000544	 .509804	-2.411765	
  .0000546	 .4313726	-2.490196	
  .0000548	 .509804	-2.45098	
  .000055	 .509804	-2.490196	
  .0000552	 .4313726	-2.529412	
  .0000554	 .5882353	-2.529412	
  .0000556	 .509804	-2.529412	
  .0000558	 .5882353	-2.568627	
  .000056	 .509804	-2.568627	
  .0000562	 .5882353	-2.529412	
  .0000564	 .5882353	-2.607843	
  .0000566	 .6666667	-2.568627	
  .0000568	 .5882353	-2.568627	
  .000057	 .6666667	-2.607843	
  .0000572	 .6666667	-2.529412	
  .0000574	 .5882353	-2.529412	
  .0000576	 1.058824	-2.411765	
  .0000578	 .9803922	-2.294118	
  .000058	 1.058824	-2.411765	
  .0000582	 1.058824	-2.333333	
  .0000584	 1.215686	-2.294118	
  .0000586	 1.215686	-2.294118	
  .0000588	 1.294118	-2.294118	
  .000059	 1.294118	-2.254902	
  .0000592	 1.294118	-2.176471	
  .0000594	 1.294118	-2.254902	
  .0000596	 1.372549	-2.215686	
  .0000598	 1.372549	-2.215686	
  .00006	 1.45098	-2.215686	
  .0000602	 1.372549	-2.176471	
  .0000604	 1.45098	-2.176471	
  .0000606	 1.45098	-2.176471	
  .0000608	 1.529412	-2.176471	
  .000061	 1.45098	-2.215686	
  .0000612	 1.45098	-2.215686	
  .0000614	 1.45098	-2.176471	
  .0000616	 1.529412	-2.215686	
  .0000618	 1.529412	-2.215686	
  .000062	 1.607843	-2.215686	
  .0000622	 1.529412	-2.215686	
  .0000624	 1.607843	-2.176471	
  .0000626	 1.529412	-2.176471	
  .0000628	 1.529412	-2.176471	
  .000063	 1.529412	-2.176471	
  .0000632	 1.607843	-2.215686	
  .0000634	 1.45098	-2.176471	
  .0000636	 1.529412	-2.137255	
  .0000638	 1.529412	-2.176471	
  .000064	 1.529412	-2.176471	
  .0000642	 1.529412	-2.137255	
  .0000644	 1.529412	-2.176471	
  .0000646	 1.45098	-2.176471	
  .0000648	 1.45098	-2.176471	
  .000065	 1.607843	-2.176471	
  .0000652	 1.607843	-2.137255	
  .0000654	 1.607843	-2.137255	
  .0000656	 1.529412	-2.137255	
  .0000658	 1.686275	-2.137255	
  .000066	 1.529412	-2.137255	
  .0000662	 1.607843	-2.176471	
  .0000664	 1.607843	-2.098039	
  .0000666	 1.529412	-2.137255	
  .0000668	 1.607843	-2.098039	
  .000067	 1.607843	-2.137255	
  .0000672	 1.529412	-2.137255	
  .0000674	 1.529412	-2.058824	
  .0000676	 1.529412	-2.098039	
  .0000678	 1.607843	-2.058824	
  .000068	 1.607843	-2.058824	
  .0000682	 1.607843	-2.058824	
  .0000684	 1.529412	-2.019608	
  .0000686	 1.529412	-2.019608	
  .0000688	 1.607843	-2.019608	
  .000069	 1.607843	-2.019608	
  .0000692	 1.529412	-2.019608	
  .0000694	 1.686275	-2.019608	
  .0000696	 1.607843	-2.019608	
  .0000698	 1.45098	-1.980392	
  .00007	 1.607843	-1.941176	
  .0000702	 1.45098	-1.980392	
  .0000704	 1.529412	-1.941176	
  .0000706	 1.529412	-1.901961	
  .0000708	 1.529412	-1.901961	
  .000071	 1.529412	-1.941176	
  .0000712	 1.45098	-1.901961	
  .0000714	 1.607843	-1.901961	
  .0000716	 1.607843	-1.862745	
  .0000718	 1.607843	-1.862745	
  .000072	 1.529412	-1.862745	
  .0000722	 1.529412	-1.823529	
  .0000724	 1.607843	-1.823529	
  .0000726	 1.529412	-1.823529	
  .0000728	 1.686275	-1.784314	
  .000073	 1.529412	-1.823529	
  .0000732	 1.686275	-1.745098	
  .0000734	 1.45098	-1.784314	
  .0000736	 1.529412	-1.745098	
  .0000738	 1.529412	-1.745098	
  .000074	 1.529412	-1.705882	
  .0000742	 1.529412	-1.705882	
  .0000744	 1.529412	-1.705882	
  .0000746	 1.607843	-1.666667	
  .0000748	 1.607843	-1.705882	
  .000075	 1.529412	-1.627451	
  .0000752	 1.529412	-1.627451	
  .0000754	 1.45098	-1.666667	
  .0000756	 1.45098	-1.627451	
  .0000758	 1.529412	-1.588235	
  .000076	 1.45098	-1.588235	
  .0000762	 1.529412	-1.588235	
  .0000764	 1.45098	-1.54902	
  .0000766	 1.529412	-1.509804	
  .0000768	 1.372549	-1.509804	
  .000077	 1.529412	-1.470588	
  .0000772	 1.45098	-1.470588	
  .0000774	 1.372549	-1.431373	
  .0000776	 1.529412	-1.470588	
  .0000778	 1.45098	-1.431373	
  .000078	 1.529412	-1.392157	
  .0000782	 1.45098	-1.392157	
  .0000784	 1.45098	-1.352941	
  .0000786	 1.45098	-1.313725	
  .0000788	 1.45098	-1.352941	
  .000079	 1.45098	-1.313725	
  .0000792	 1.45098	-1.313725	
  .0000794	 1.529412	-1.27451	
  .0000796	 1.45098	-1.27451	
  .0000798	 1.529412	-1.196078	
  .00008	 1.372549	-1.196078	
  .0000802	 1.45098	-1.235294	
  .0000804	 1.372549	-1.196078	
  .0000806	 1.45098	-1.156863	
  .0000808	 1.294118	-1.196078	
  .000081	 1.45098	-1.156863	
  .0000812	 1.45098	-1.117647	
  .0000814	 1.45098	-1.117647	
  .0000816	 1.294118	-1.039216	
  .0000818	 1.372549	-1.078431	
  .000082	 1.372549	-1.078431	
  .0000822	 1.372549	-1	
  .0000824	 1.294118	-1	
  .0000826	 1.372549	-.9607843	
  .0000828	 1.372549	-.9607843	
  .000083	 1.372549	-.9215686	
  .0000832	 1.294118	-.9215686	
  .0000834	 1.215686	-.8823529	
  .0000836	 1.294118	-.8823529	
  .0000838	 1.215686	-.8431373	
  .000084	 1.294118	-.8039216	
  .0000842	 1.294118	-.8431373	
  .0000844	 1.294118	-.7647059	
  .0000846	 1.294118	-.7647059	
  .0000848	 1.372549	-.8039216	
  .000085	 1.215686	-.6862745	
  .0000852	 1.215686	-.7254902	
  .0000854	 1.294118	-.6470588	
  .0000856	 1.294118	-.6470588	
  .0000858	 1.294118	-.6862745	
  .000086	 1.294118	-.6078432	
  .0000862	 1.294118	-.5686275	
  .0000864	 1.215686	-.5686275	
  .0000866	 1.215686	-.5294118	
  .0000868	 1.215686	-.4901961	
  .000087	 1.215686	-.4901961	
  .0000872	 1.294118	-.4901961	
  .0000874	 1.137255	-.4117647	
  .0000876	 1.215686	-.4117647	
  .0000878	 1.137255	-.4117647	
  .000088	 1.137255	-.372549	
  .0000882	 1.058824	-.3333333	
  .0000884	 1.137255	-.3333333	
  .0000886	 1.137255	-.3333333	
  .0000888	 1.137255	-.2941177	
  .000089	 1.058824	-.254902	
  .0000892	 1.215686	-.254902	
  .0000894	 1.058824	-.254902	
  .0000896	 1.137255	-.1764706	
  .0000898	 1.058824	-.2156863	
  .00009	 .9803922	-9.803922E-02	
  .0000902	 1.058824	-.1764706	
  .0000904	 1.058824	-9.803922E-02	
  .0000906	 1.058824	-9.803922E-02	
  .0000908	 .9803922	-5.882353E-02	
  .000091	 .9803922	-5.882353E-02	
  .0000912	 1.058824	-1.960784E-02	
  .0000914	 .9803922	-1.960784E-02	
  .0000916	 .9803922	 1.960784E-02	
  .0000918	 .9803922	 1.960784E-02	
  .000092	 .9803922	 1.960784E-02	
  .0000922	 .9803922	 9.803922E-02	
  .0000924	 .9803922	 9.803922E-02	
  .0000926	 .9803922	 .1372549	
  .0000928	 .9803922	 .1764706	
  .000093	 .9803922	 .1764706	
  .0000932	 .9803922	 .1764706	
  .0000934	 .9803922	 .2156863	
  .0000936	 .9019608	 .1764706	
  .0000938	 .9019608	 .2156863	
  .000094	 .9019608	 .254902	
  .0000942	 .9019608	 .254902	
  .0000944	 .9019608	 .254902	
  .0000946	 .9803922	 .2941177	
  .0000948	 .8235294	 .3333333	
  .000095	 .9803922	 .372549	
  .0000952	 .9019608	 .372549	
  .0000954	 .8235294	 .372549	
  .0000956	 .8235294	 .4509804	
  .0000958	 .8235294	 .4509804	
  .000096	 .8235294	 .4509804	
  .0000962	 .7450981	 .4901961	
  .0000964	 .7450981	 .4901961	
  .0000966	 .8235294	 .4901961	
  .0000968	 .7450981	 .4901961	
  .000097	 .6666667	 .5294118	
  .0000972	 .7450981	 .6078432	
  .0000974	 .7450981	 .5686275	
  .0000976	 .6666667	 .5686275	
  .0000978	 .7450981	 .6470588	
  .000098	 .8235294	 .6078432	
  .0000982	 .6666667	 .6862745	
  .0000984	 .7450981	 .6470588	
  .0000986	 .6666667	 .7254902	
  .0000988	 .6666667	 .7254902	
  .000099	 .5882353	 .7254902	
  .0000992	 .6666667	 .7254902	
  .0000994	 .6666667	 .7254902	
  .0000996	 .7450981	 .8431373	
  .0000998	 .5882353	 .8039216	
  .0001	 .6666667	 .8039216	
  .0001002	 .5882353	 .8431373	
  .0001004	 .6666667	 .8431373	
  .0001006	 .6666667	 .8431373	
  .0001008	 .5882353	 .8823529	
  .000101	 .509804	 .9215686	
  .0001012	 .5882353	 .9215686	
  .0001014	 .509804	 .9607843	
  .0001016	 .509804	 .9215686	
  .0001018	 .5882353	 .9607843	
  .000102	 .5882353	 .9607843	
  .0001022	 .509804	 1	
  .0001024	 .509804	 1.078431	
  .0001026	 .509804	 1.078431	
  .0001028	 .5882353	 1.078431	
  .000103	 .509804	 1.078431	
  .0001032	 .4313726	 1.078431	
  .0001034	 .4313726	 1.078431	
  .0001036	 .3529412	 1.117647	
  .0001038	 .4313726	 1.117647	
  .000104	 .4313726	 1.156863	
  .0001042	 .3529412	 1.156863	
  .0001044	 .4313726	 1.156863	
  .0001046	 .509804	 1.117647	
  .0001048	 .4313726	 1.196078	
  .000105	 .4313726	 1.156863	
  .0001052	 .4313726	 1.196078	
  .0001054	 .4313726	 1.235294	
  .0001056	 .4313726	 1.235294	
  .0001058	 .4313726	 1.27451	
  .000106	 .4313726	 1.235294	
  .0001062	 .2745098	 1.27451	
  .0001064	 .1960784	 1.235294	
  .0001066	 .3529412	 1.235294	
  .0001068	 .2745098	 1.27451	
  .000107	 .2745098	 1.313725	
  .0001072	 .1960784	 1.27451	
  .0001074	 .2745098	 1.352941	
  .0001076	 .3529412	 1.313725	
  .0001078	 .1960784	 1.352941	
  .000108	 .1960784	 1.392157	
  .0001082	 .1176471	 1.352941	
  .0001084	 .1960784	 1.352941	
  .0001086	 .1960784	 1.352941	
  .0001088	 .1960784	 1.392157	
  .000109	 .2745098	 1.392157	
  .0001092	 .1960784	 1.392157	
  .0001094	 .1960784	 1.470588	
  .0001096	 .1960784	 1.352941	
  .0001098	 .1960784	 1.392157	
  .00011	 .1960784	 1.392157	
  .0001102	 .1176471	 1.392157	
  .0001104	 .1960784	 1.431373	
  .0001106	 .1176471	 1.431373	
  .0001108	 .1176471	 1.431373	
  .000111	 .1176471	 1.431373	
  .0001112	 .1176471	 1.431373	
  .0001114	 .1176471	 1.392157	
  .0001116	 3.921569E-02	 1.431373	
  .0001118	 3.921569E-02	 1.470588	
  .000112	-3.921569E-02	 1.431373	
  .0001122	 3.921569E-02	 1.470588	
  .0001124	 .1176471	 1.470588	
  .0001126	-3.921569E-02	 1.470588	
  .0001128	 .1176471	 1.470588	
  .000113	-3.921569E-02	 1.470588	
  .0001132	 3.921569E-02	 1.470588	
  .0001134	-.1176471	 1.470588	
  .0001136	 3.921569E-02	 1.509804	
  .0001138	-3.921569E-02	 1.54902	
  .000114	-3.921569E-02	 1.54902	
  .0001142	-3.921569E-02	 1.509804	
  .0001144	-3.921569E-02	 1.509804	
  .0001146	-.1176471	 1.588235	
  .0001148	-.1176471	 1.54902	
  .000115	-3.921569E-02	 1.509804	
  .0001152	-.509804	 1.156863	
  .0001154	-.4313726	 1.431373	
  .0001156	-.509804	 1.431373	
  .0001158	-.509804	 1.352941	
  .000116	-.6666667	 1.392157	
  .0001162	-.7450981	 1.313725	
  .0001164	-.6666667	 1.352941	
  .0001166	-.7450981	 1.392157	
  .0001168	-.8235294	 1.392157	
  .000117	-.7450981	 1.392157	
  .0001172	-.8235294	 1.392157	
  .0001174	-.9019608	 1.352941	
  .0001176	-.9019608	 1.392157	
  .0001178	-.7450981	 1.352941	
  .000118	-.8235294	 1.392157	
  .0001182	-.9019608	 1.352941	
  .0001184	-.8235294	 1.431373	
  .0001186	-.9019608	 1.392157	
  .0001188	-.9019608	 1.392157	
  .000119	-.9019608	 1.392157	
  .0001192	-.9019608	 1.352941	
  .0001194	-.9019608	 1.392157	
  .0001196	-.9019608	 1.431373	
  .0001198	-.9803922	 1.352941	
  .00012	-.9803922	 1.392157	
  .0001202	-.9019608	 1.392157	
  .0001204	-.9803922	 1.431373	
  .0001206	-.9803922	 1.431373	
  .0001208	-.9803922	 1.431373	
  .000121	-.9803922	 1.392157	
  .0001212	-.9803922	 1.392157	
  .0001214	-1.058824	 1.352941	
  .0001216	-.9803922	 1.352941	
  .0001218	-.9019608	 1.392157	
  .000122	-1.058824	 1.352941	
  .0001222	-.9803922	 1.392157	
  .0001224	-.9803922	 1.392157	
  .0001226	-.9803922	 1.392157	
  .0001228	-.9019608	 1.313725	
  .000123	-.9803922	 1.392157	
  .0001232	-.9803922	 1.352941	
  .0001234	-1.058824	 1.352941	
  .0001236	-.9803922	 1.352941	
  .0001238	-1.137255	 1.313725	
  .000124	-.9803922	 1.352941	
  .0001242	-.9803922	 1.352941	
  .0001244	-.9803922	 1.313725	
  .0001246	-.9803922	 1.313725	
  .0001248	-.9803922	 1.352941	
  .000125	-.9803922	 1.313725	
  .0001252	-.9803922	 1.352941	
  .0001254	-1.058824	 1.352941	
  .0001256	-1.058824	 1.392157	
  .0001258	-.9019608	 1.352941	
  .000126	-1.058824	 1.313725	
  .0001262	-1.058824	 1.27451	
  .0001264	-.9803922	 1.313725	
  .0001266	-1.058824	 1.27451	
  .0001268	-1.058824	 1.27451	
  .000127	-.9803922	 1.313725	
  .0001272	-1.058824	 1.27451	
  .0001274	-.9803922	 1.27451	
  .0001276	-1.058824	 1.235294	
  .0001278	-1.058824	 1.27451	
  .000128	-1.058824	 1.313725	
  .0001282	-.9803922	 1.235294	
  .0001284	-.9803922	 1.235294	
  .0001286	-1.058824	 1.235294	
  .0001288	-.9019608	 1.235294	
  .000129	-.9803922	 1.235294	
  .0001292	-.9803922	 1.235294	
  .0001294	-.9803922	 1.156863	
  .0001296	-.9803922	 1.196078	
  .0001298	-.9019608	 1.156863	
  .00013	-1.058824	 1.156863	
  .0001302	-.9803922	 1.196078	
  .0001304	-.9803922	 1.196078	
  .0001306	-.9803922	 1.117647	
  .0001308	-.9803922	 1.156863	
  .000131	-1.137255	 1.117647	
  .0001312	-1.137255	 1.078431	
  .0001314	-1.058824	 1.156863	
  .0001316	-1.058824	 1.117647	
  .0001318	-.9019608	 1.117647	
  .000132	-.9803922	 1.078431	
  .0001322	-.9019608	 1.078431	
  .0001324	-.9803922	 1.117647	
  .0001326	-.9803922	 1.078431	
  .0001328	-.9019608	 1.039216	
  .000133	-.9803922	 1.039216	
  .0001332	-.9803922	 1.039216	
  .0001334	-.9019608	 1.039216	
  .0001336	-.9803922	 1.039216	
  .0001338	-.9803922	 1	
  .000134	-.9019608	 1	
  .0001342	-.9019608	 1	
  .0001344	-.9019608	 1	
  .0001346	-.9019608	 .9607843	
  .0001348	-.9803922	 .9215686	
  .000135	-.9803922	 .9607843	
  .0001352	-.9019608	 .9607843	
  .0001354	-.9803922	 1	
  .0001356	-.9803922	 .8823529	
  .0001358	-.8235294	 .9215686	
  .000136	-.9019608	 .8431373	
  .0001362	-.9803922	 .8823529	
  .0001364	-.9803922	 .8431373	
  .0001366	-.9803922	 .8039216	
  .0001368	-.9803922	 .8431373	
  .000137	-.9019608	 .8431373	
  .0001372	-.9019608	 .8039216	
  .0001374	-.9019608	 .8039216	
  .0001376	-.8235294	 .7647059	
  .0001378	-.9019608	 .8039216	
  .000138	-.9019608	 .7647059	
  .0001382	-.9019608	 .7647059	
  .0001384	-.9803922	 .7647059	
  .0001386	-.9019608	 .7254902	
  .0001388	-.8235294	 .7647059	
  .000139	-.9019608	 .6862745	
  .0001392	-.9019608	 .7647059	
  .0001394	-.8235294	 .7254902	
  .0001396	-.9803922	 .6470588	
  .0001398	-.9019608	 .6470588	
  .00014	-.7450981	 .6470588	
  .0001402	-.8235294	 .6470588	
  .0001404	-.8235294	 .6862745	
  .0001406	-.9019608	 .6078432	
  .0001408	-.7450981	 .6470588	
  .000141	-.9019608	 .5686275	
  .0001412	-.8235294	 .5686275	
  .0001414	-.7450981	 .5294118	
  .0001416	-.7450981	 .5294118	
  .0001418	-.8235294	 .4901961	
  .000142	-.8235294	 .5294118	
  .0001422	-.9019608	 .5294118	
  .0001424	-.8235294	 .5294118	
  .0001426	-.8235294	 .4901961	
  .0001428	-.8235294	 .4901961	
  .000143	-.7450981	 .4509804	
  .0001432	-.8235294	 .4509804	
  .0001434	-.7450981	 .4509804	
  .0001436	-.7450981	 .4117647	
  .0001438	-.7450981	 .4117647	
  .000144	-.7450981	 .4509804	
  .0001442	-.7450981	 .4117647	
  .0001444	-.6666667	 .4117647	
  .0001446	-.7450981	 .372549	
  .0001448	-.6666667	 .3333333	
  .000145	-.6666667	 .3333333	
  .0001452	-.7450981	 .3333333	
  .0001454	-.7450981	 .372549	
  .0001456	-.5882353	 .3333333	
  .0001458	-.8235294	 .254902	
  .000146	-.8235294	 .2156863	
  .0001462	-.6666667	 .254902	
  .0001464	-.6666667	 .1764706	
  .0001466	-.6666667	 .2156863	
  .0001468	-.6666667	 .2156863	
  .000147	-.6666667	 .2156863	
  .0001472	-.7450981	 .1764706	
  .0001474	-.6666667	 .1764706	
  .0001476	-.5882353	 .1372549	
  .0001478	-.6666667	 .1372549	
  .000148	-.5882353	 9.803922E-02	
  .0001482	-.5882353	 9.803922E-02	
  .0001484	-.6666667	 9.803922E-02	
  .0001486	-.5882353	 9.803922E-02	
  .0001488	-.5882353	 5.882353E-02	
  .000149	-.6666667	 5.882353E-02	
  .0001492	-.5882353	 5.882353E-02	
  .0001494	-.509804	 1.960784E-02	
  .0001496	-.509804	 1.960784E-02	
  .0001498	-.5882353	 1.960784E-02	
  .00015	-.5882353	 1.960784E-02	
  .0001502	-.5882353	 5.882353E-02	
  .0001504	-.5882353	-5.882353E-02	
  .0001506	-.5882353	-5.882353E-02	
  .0001508	-.509804	-9.803922E-02	
  .000151	-.5882353	-5.882353E-02	
  .0001512	-.5882353	-.1372549	
  .0001514	-.5882353	-9.803922E-02	
  .0001516	-.5882353	-9.803922E-02	
  .0001518	-.509804	-9.803922E-02	
  .000152	-.509804	-9.803922E-02	
  .0001522	-.5882353	-.1372549	
  .0001524	-.509804	-.1764706	
  .0001526	-.5882353	-.1764706	
  .0001528	-.5882353	-.2156863	
  .000153	-.509804	-.2156863	
  .0001532	-.509804	-.2156863	
  .0001534	-.4313726	-.1372549	
  .0001536	-.509804	-.254902	
  .0001538	-.4313726	-.254902	
  .000154	-.4313726	-.254902	
  .0001542	-.509804	-.254902	
  .0001544	-.509804	-.254902	
  .0001546	-.4313726	-.2941177	
  .0001548	-.4313726	-.2941177	
  .000155	-.4313726	-.2941177	
  .0001552	-.4313726	-.2941177	
  .0001554	-.4313726	-.3333333	
  .0001556	-.4313726	-.3333333	
  .0001558	-.4313726	-.372549	
  .000156	-.4313726	-.372549	
  .0001562	-.4313726	-.4117647	
  .0001564	-.3529412	-.4117647	
  .0001566	-.4313726	-.372549	
  .0001568	-.3529412	-.4117647	
  .000157	-.3529412	-.4509804	
  .0001572	-.3529412	-.4117647	
  .0001574	-.2745098	-.4117647	
  .0001576	-.2745098	-.4509804	
  .0001578	-.3529412	-.4901961	
  .000158	-.2745098	-.4901961	
  .0001582	-.3529412	-.4509804	
  .0001584	-.2745098	-.4901961	
  .0001586	-.2745098	-.4901961	
  .0001588	-.3529412	-.5686275	
  .000159	-.2745098	-.5294118	
  .0001592	-.4313726	-.5686275	
  .0001594	-.1960784	-.5686275	
  .0001596	-.3529412	-.5686275	
  .0001598	-.2745098	-.5294118	
  .00016	-.1960784	-.5686275	
  .0001602	-.2745098	-.5686275	
  .0001604	-.1960784	-.6078432	
  .0001606	-.1960784	-.6078432	
  .0001608	-.2745098	-.6470588	
  .000161	-.2745098	-.6470588	
  .0001612	-.1176471	-.6470588	
  .0001614	-.1960784	-.6470588	
  .0001616	-.2745098	-.7254902	
  .0001618	-.2745098	-.6862745	
  .000162	-.1960784	-.6862745	
  .0001622	-.1176471	-.7254902	
  .0001624	-.1960784	-.7254902	
  .0001626	-.1960784	-.7254902	
  .0001628	-.1176471	-.7254902	
  .000163	-.1960784	-.7254902	
  .0001632	-.1176471	-.7254902	
  .0001634	-.1960784	-.7647059	
  .0001636	-.1960784	-.8039216	
  .0001638	-.1176471	-.8039216	
  .000164	-3.921569E-02	-.7647059	
  .0001642	-.1176471	-.8039216	
  .0001644	-.1176471	-.8039216	
  .0001646	-.1176471	-.7647059	
  .0001648	-.1176471	-.8039216	
  .000165	-.1176471	-.8039216	
  .0001652	-3.921569E-02	-.8039216	
  .0001654	-3.921569E-02	-.8431373	
  .0001656	-3.921569E-02	-.8823529	
  .0001658	-.1176471	-.8823529	
  .000166	-.1176471	-.8823529	
  .0001662	-.1176471	-.8431373	
  .0001664	-.1176471	-.8039216	
  .0001666	-3.921569E-02	-.8823529	
  .0001668	-3.921569E-02	-.8823529	
  .000167	-3.921569E-02	-.8823529	
  .0001672	-3.921569E-02	-.8823529	
  .0001674	-3.921569E-02	-.9215686	
  .0001676	-3.921569E-02	-.9215686	
  .0001678	 3.921569E-02	-.9215686	
  .000168	 3.921569E-02	-.8823529	
  .0001682	 3.921569E-02	-.9215686	
  .0001684	 .1176471	-.9215686	
  .0001686	 3.921569E-02	-.8823529	
  .0001688	 3.921569E-02	-.9215686	
  .000169	 3.921569E-02	-.9607843	
  .0001692	 3.921569E-02	-.9607843	
  .0001694	 .1176471	-.9607843	
  .0001696	 .1176471	-.9607843	
  .0001698	 3.921569E-02	-.9607843	
  .00017	 .1176471	-.9607843	
  .0001702	 .1176471	-1	
  .0001704	 3.921569E-02	-1	
  .0001706	 .1176471	-1	
  .0001708	 .1176471	-.9607843	
  .000171	 3.921569E-02	-1	
  .0001712	 3.921569E-02	-.9607843	
  .0001714	 .1176471	-.9607843	
  .0001716	 .1960784	-.9607843	
  .0001718	 .1960784	-.9607843	
  .000172	 .1176471	-.9607843	
  .0001722	 .2745098	-.8823529	
  .0001724	 .4313726	-.8431373	
  .0001726	 .509804	-.8431373	
  .0001728	 .5882353	-.8431373	
  .000173	 .5882353	-.8431373	
  .0001732	 .6666667	-.8431373	
  .0001734	 .6666667	-.8431373	
  .0001736	 .7450981	-.8431373	
  .0001738	 .7450981	-.9215686	
  .000174	 .8235294	-.8431373	
  .0001742	 .7450981	-.8431373	
  .0001744	 .8235294	-.8431373	
  .0001746	 .8235294	-.8823529	
  .0001748	 .8235294	-.8431373	
  .000175	 .8235294	-.8431373	
  .0001752	 .8235294	-.8431373	
  .0001754	 .8235294	-.8431373	
  .0001756	 .8235294	-.8431373	
  .0001758	 .8235294	-.8431373	
  .000176	 .9019608	-.8431373	
  .0001762	 .9019608	-.8823529	
  .0001764	 .9019608	-.8431373	
  .0001766	 .9019608	-.8431373	
  .0001768	 .9019608	-.8823529	
  .000177	 .9019608	-.8431373	
  .0001772	 .9803922	-.8823529	
  .0001774	 .9803922	-.8823529	
  .0001776	 .9019608	-.8431373	
  .0001778	 .9019608	-.8431373	
  .000178	 .9019608	-.8431373	
  .0001782	 .9019608	-.8431373	
  .0001784	 .9803922	-.8431373	
  .0001786	 .9803922	-.8823529	
  .0001788	 .9019608	-.8431373	
  .000179	 .8235294	-.8823529	
  .0001792	 .9019608	-.8431373	
  .0001794	 .9019608	-.8431373	
  .0001796	 .9019608	-.8431373	
  .0001798	 1.058824	-.8431373	
  .00018	 .9019608	-.8823529	
  .0001802	 .9803922	-.8039216	
  .0001804	 .9803922	-.8431373	
  .0001806	 .9019608	-.8431373	
  .0001808	 .9019608	-.8823529	
  .000181	 1.058824	-.8823529	
  .0001812	 1.058824	-.8039216	
  .0001814	 .9019608	-.8431373	
  .0001816	 .8235294	-.8431373	
  .0001818	 .9019608	-.8431373	
  .000182	 .9803922	-.8431373	
  .0001822	 .9803922	-.8431373	
  .0001824	 .9019608	-.8431373	
  .0001826	 .9803922	-.8431373	
  .0001828	 .9019608	-.8039216	
  .000183	 .9803922	-.8039216	
  .0001832	 .9019608	-.8431373	
  .0001834	 .9019608	-.8039216	
  .0001836	 .9803922	-.8039216	
  .0001838	 .9803922	-.8039216	
  .000184	 .8235294	-.8039216	
  .0001842	 .9019608	-.8431373	
  .0001844	 1.058824	-.7647059	
  .0001846	 .9019608	-.8039216	
  .0001848	 .9803922	-.7647059	
  .000185	 .9803922	-.7254902	
  .0001852	 .9803922	-.8039216	
  .0001854	 .9019608	-.8039216	
  .0001856	 .9803922	-.8039216	
  .0001858	 .9019608	-.7647059	
  .000186	 .9019608	-.7254902	
  .0001862	 .9019608	-.7647059	
  .0001864	 .9803922	-.7647059	
  .0001866	 .9803922	-.7254902	
  .0001868	 .9019608	-.7254902	
  .000187	 .9019608	-.8039216	
  .0001872	 .9803922	-.7254902	
  .0001874	 .9019608	-.6862745	
  .0001876	 .9019608	-.7254902	
  .0001878	 .9019608	-.6862745	
  .000188	 .9019608	-.6862745	
  .0001882	 1.058824	-.6862745	
  .0001884	 .9019608	-.6862745	
  .0001886	 .9803922	-.6862745	
  .0001888	 .9803922	-.6862745	
  .000189	 .9019608	-.6470588	
  .0001892	 .9803922	-.6862745	
  .0001894	 .9803922	-.6470588	
  .0001896	 .9019608	-.6862745	
  .0001898	 .9019608	-.6078432	
  .00019	 .9019608	-.6078432	
  .0001902	 .9803922	-.6078432	
  .0001904	 .9019608	-.6470588	
  .0001906	 .9019608	-.6470588	
  .0001908	 .9019608	-.6470588	
  .000191	 .9019608	-.6078432	
  .0001912	 .9019608	-.6078432	
  .0001914	 .9019608	-.6470588	
  .0001916	 .9803922	-.5686275	
  .0001918	 .8235294	-.6078432	
  .000192	 .9019608	-.5686275	
  .0001922	 .9019608	-.5686275	
  .0001924	 .9019608	-.5686275	
  .0001926	 .8235294	-.6078432	
  .0001928	 .9019608	-.5294118	
  .000193	 .9019608	-.5686275	
  .0001932	 .8235294	-.5686275	
  .0001934	 .9019608	-.5686275	
  .0001936	 .9019608	-.5686275	
  .0001938	 .8235294	-.4901961	
  .000194	 .9019608	-.5294118	
  .0001942	 .9019608	-.4901961	
  .0001944	 .9019608	-.4901961	
  .0001946	 .8235294	-.4509804	
  .0001948	 .9019608	-.4901961	
  .000195	 .8235294	-.4901961	
  .0001952	 .9019608	-.4901961	
  .0001954	 .9019608	-.4901961	
  .0001956	 .8235294	-.4509804	
  .0001958	 .7450981	-.4509804	
  .000196	 .9019608	-.4117647	
  .0001962	 .8235294	-.372549	
  .0001964	 .8235294	-.4117647	
  .0001966	 .9019608	-.4117647	
  .0001968	 .8235294	-.372549	
  .000197	 .9019608	-.4117647	
  .0001972	 .9019608	-.372549	
  .0001974	 .8235294	-.4117647	
  .0001976	 .9019608	-.372549	
  .0001978	 .7450981	-.372549	
  .000198	 .7450981	-.372549	
  .0001982	 .9019608	-.372549	
  .0001984	 .8235294	-.372549	
  .0001986	 .8235294	-.2941177	
  .0001988	 .7450981	-.3333333	
  .000199	 .8235294	-.3333333	
  .0001992	 .7450981	-.2941177	
  .0001994	 .9019608	-.2941177	
  .0001996	 .9019608	-.372549	
  .0001998	 .8235294	-.2941177	
  .0002	 .9803922	-.3333333	
  .0002002	 .7450981	-.2941177	
  .0002004	 .9019608	-.2941177	
  .0002006	 .7450981	-.254902	
  .0002008	 .8235294	-.2156863	
  .000201	 .8235294	-.254902	
  .0002012	 .7450981	-.254902	
  .0002014	 .6666667	-.2156863	
  .0002016	 .7450981	-.254902	
  .0002018	 .8235294	-.2156863	
  .000202	 .7450981	-.1764706	
  .0002022	 .7450981	-.2156863	
  .0002024	 .8235294	-.2156863	
  .0002026	 .7450981	-.1764706	
  .0002028	 .6666667	-.1764706	
  .000203	 .7450981	-.1372549	
  .0002032	 .6666667	-.1764706	
  .0002034	 .7450981	-.1372549	
  .0002036	 .8235294	-.1764706	
  .0002038	 .7450981	-9.803922E-02	
  .000204	 .8235294	-9.803922E-02	
  .0002042	 .7450981	-9.803922E-02	
  .0002044	 .8235294	-5.882353E-02	
  .0002046	 .7450981	-9.803922E-02	
  .0002048	 .6666667	-5.882353E-02	
  .000205	 .7450981	-5.882353E-02	
  .0002052	 .7450981	-9.803922E-02	
  .0002054	 .6666667	-5.882353E-02	
  .0002056	 .8235294	-1.960784E-02	
  .0002058	 .6666667	-5.882353E-02	
  .000206	 .6666667	-1.960784E-02	
  .0002062	 .6666667	-1.960784E-02	
  .0002064	 .6666667	-1.960784E-02	
  .0002066	 .6666667	 1.960784E-02	
  .0002068	 .6666667	-1.960784E-02	
  .000207	 .6666667	 1.960784E-02	
  .0002072	 .6666667	 1.960784E-02	
  .0002074	 .6666667	 1.960784E-02	
  .0002076	 .6666667	 5.882353E-02	
  .0002078	 .6666667	-1.960784E-02	
  .000208	 .7450981	 5.882353E-02	
  .0002082	 .6666667	 5.882353E-02	
  .0002084	 .5882353	 1.960784E-02	
  .0002086	 .5882353	 9.803922E-02	
  .0002088	 .6666667	 9.803922E-02	
  .000209	 .7450981	 5.882353E-02	
  .0002092	 .6666667	 9.803922E-02	
  .0002094	 .5882353	 9.803922E-02	
  .0002096	 .5882353	 .1372549	
  .0002098	 .509804	 9.803922E-02	
  .00021	 .6666667	 .1764706	
  .0002102	 .5882353	 .1372549	
  .0002104	 .509804	 .1372549	
  .0002106	 .5882353	 .1372549	
  .0002108	 .5882353	 .1764706	
  .000211	 .5882353	 .1764706	
  .0002112	 .5882353	 .1764706	
  .0002114	 .5882353	 .2156863	
  .0002116	 .509804	 .2156863	
  .0002118	 .509804	 .1764706	
  .000212	 .5882353	 .1764706	
  .0002122	 .5882353	 .2156863	
  .0002124	 .509804	 .1372549	
  .0002126	 .5882353	 .254902	
  .0002128	 .5882353	 .254902	
  .000213	 .509804	 .2156863	
  .0002132	 .509804	 .2156863	
  .0002134	 .5882353	 .2156863	
  .0002136	 .509804	 .2941177	
  .0002138	 .509804	 .254902	
  .000214	 .509804	 .254902	
  .0002142	 .509804	 .2941177	
  .0002144	 .509804	 .3333333	
  .0002146	 .509804	 .3333333	
  .0002148	 .4313726	 .3333333	
  .000215	 .4313726	 .3333333	
  .0002152	 .509804	 .2941177	
  .0002154	 .4313726	 .2941177	
  .0002156	 .4313726	 .2941177	
  .0002158	 .509804	 .3333333	
  .000216	 .4313726	 .372549	
  .0002162	 .4313726	 .3333333	
  .0002164	 .4313726	 .3333333	
  .0002166	 .4313726	 .3333333	
  .0002168	 .509804	 .372549	
  .000217	 .5882353	 .372549	
  .0002172	 .4313726	 .372549	
  .0002174	 .4313726	 .372549	
  .0002176	 .4313726	 .4117647	
  .0002178	 .4313726	 .4117647	
  .000218	 .4313726	 .372549	
  .0002182	 .509804	 .372549	
  .0002184	 .4313726	 .4509804	
  .0002186	 .3529412	 .4117647	
  .0002188	 .4313726	 .4117647	
  .000219	 .4313726	 .4509804	
  .0002192	 .509804	 .4901961	
  .0002194	 .3529412	 .4509804	
  .0002196	 .3529412	 .4509804	
  .0002198	 .4313726	 .4509804	
  .00022	 .509804	 .4509804	
  .0002202	 .3529412	 .4509804	
  .0002204	 .3529412	 .4509804	
  .0002206	 .3529412	 .4509804	
  .0002208	 .4313726	 .4901961	
  .000221	 .3529412	 .4509804	
  .0002212	 .3529412	 .4901961	
  .0002214	 .4313726	 .4901961	
  .0002216	 .3529412	 .4901961	
  .0002218	 .3529412	 .5294118	
  .000222	 .3529412	 .5294118	
  .0002222	 .3529412	 .5294118	
  .0002224	 .2745098	 .5294118	
  .0002226	 .3529412	 .5294118	
  .0002228	 .2745098	 .5294118	
  .000223	 .2745098	 .5686275	
  .0002232	 .3529412	 .5686275	
  .0002234	 .3529412	 .5686275	
  .0002236	 .3529412	 .5686275	
  .0002238	 .3529412	 .5686275	
  .000224	 .4313726	 .5686275	
  .0002242	 .3529412	 .5686275	
  .0002244	 .3529412	 .5686275	
  .0002246	 .3529412	 .6078432	
  .0002248	 .3529412	 .6078432	
  .000225	 .1960784	 .6078432	
  .0002252	 .2745098	 .5686275	
  .0002254	 .3529412	 .6078432	
  .0002256	 .3529412	 .6078432	
  .0002258	 .2745098	 .6078432	
  .000226	 .3529412	 .6078432	
  .0002262	 .2745098	 .6470588	
  .0002264	 .3529412	 .6470588	
  .0002266	 .2745098	 .6470588	
  .0002268	 .3529412	 .6078432	
  .000227	 .3529412	 .6078432	
  .0002272	 .2745098	 .6078432	
  .0002274	 .2745098	 .6078432	
  .0002276	 .1960784	 .6470588	
  .0002278	 .3529412	 .6862745	
  .000228	 .1960784	 .6470588	
  .0002282	 .1960784	 .6470588	
  .0002284	 .1176471	 .6078432	
  .0002286	 .1960784	 .6078432	
  .0002288	 .2745098	 .6078432	
  .000229	 .2745098	 .6862745	
  .0002292	 .1960784	 .6470588	
  .0002294	 .1176471	 .6470588	
  .0002296	-.1176471	 .4509804	
  .0002298	-.1960784	 .4901961	
  .00023	-.2745098	 .4901961	
  .0002302	-.1960784	 .4509804	
  .0002304	-.2745098	 .4901961	
  .0002306	-.4313726	 .5294118	
  .0002308	-.4313726	 .5294118	
  .000231	-.4313726	 .4901961	
  .0002312	-.3529412	 .5294118	
  .0002314	-.4313726	 .5294118	
  .0002316	-.509804	 .4509804	
  .0002318	-.509804	 .4901961	
  .000232	-.5882353	 .4901961	
  .0002322	-.509804	 .4509804	
  .0002324	-.4313726	 .4901961	
  .0002326	-.509804	 .5294118	
  .0002328	-.5882353	 .5294118	
  .000233	-.509804	 .5294118	
  .0002332	-.5882353	 .4901961	
  .0002334	-.5882353	 .5294118	
  .0002336	-.509804	 .4509804	
  .0002338	-.509804	 .4509804	
  .000234	-.5882353	 .4901961	
  .0002342	-.5882353	 .5686275	
  .0002344	-.509804	 .4901961	
  .0002346	-.6666667	 .4901961	
  .0002348	-.6666667	 .5294118	
  .000235	-.6666667	 .4901961	
  .0002352	-.5882353	 .4901961	
  .0002354	-.5882353	 .5294118	
  .0002356	-.5882353	 .4901961	
  .0002358	-.5882353	 .5686275	
  .000236	-.5882353	 .4901961	
  .0002362	-.6666667	 .4901961	
  .0002364	-.6666667	 .5294118	
  .0002366	-.5882353	 .5294118	
  .0002368	-.6666667	 .5294118	
  .000237	-.6666667	 .4901961	
  .0002372	-.6666667	 .5686275	
  .0002374	-.5882353	 .5294118	
  .0002376	-.5882353	 .5294118	
  .0002378	-.5882353	 .5294118	
  .000238	-.5882353	 .4901961	
  .0002382	-.5882353	 .5294118	
  .0002384	-.5882353	 .5294118	
  .0002386	-.5882353	 .4901961	
  .0002388	-.5882353	 .5294118	
  .000239	-.5882353	 .4901961	
  .0002392	-.509804	 .5294118	
  .0002394	-.6666667	 .4901961	
  .0002396	-.5882353	 .4901961	
  .0002398	-.5882353	 .4901961	
  .00024	-.6666667	 .4901961	
  .0002402	-.6666667	 .4901961	
  .0002404	-.5882353	 .4509804	
  .0002406	-.509804	 .4901961	
  .0002408	-.5882353	 .4509804	
  .000241	-.5882353	 .5294118	
  .0002412	-.5882353	 .5294118	
  .0002414	-.6666667	 .4901961	
  .0002416	-.5882353	 .4509804	
  .0002418	-.6666667	 .4509804	
  .000242	-.5882353	 .4117647	
  .0002422	-.6666667	 .4509804	
  .0002424	-.509804	 .4901961	
  .0002426	-.6666667	 .4509804	
  .0002428	-.6666667	 .4901961	
  .000243	-.5882353	 .5294118	
  .0002432	-.509804	 .4509804	
  .0002434	-.5882353	 .4509804	
  .0002436	-.5882353	 .4509804	
  .0002438	-.509804	 .4509804	
  .000244	-.509804	 .4901961	
  .0002442	-.5882353	 .4901961	
  .0002444	-.509804	 .5294118	
  .0002446	-.509804	 .4901961	
  .0002448	-.5882353	 .4117647	
  .000245	-.6666667	 .372549	
  .0002452	-.6666667	 .4509804	
  .0002454	-.5882353	 .4509804	
  .0002456	-.6666667	 .372549	
  .0002458	-.5882353	 .4509804	
  .000246	-.5882353	 .4509804	
  .0002462	-.5882353	 .4117647	
  .0002464	-.5882353	 .4117647	
  .0002466	-.509804	 .372549	
  .0002468	-.6666667	 .4117647	
  .000247	-.5882353	 .4117647	
  .0002472	-.6666667	 .4117647	
  .0002474	-.5882353	 .4117647	
  .0002476	-.509804	 .4509804	
  .0002478	-.509804	 .4117647	
  .000248	-.6666667	 .4117647	
  .0002482	-.5882353	 .3333333	
  .0002484	-.509804	 .3333333	
  .0002486	-.509804	 .3333333	
  .0002488	-.5882353	 .4117647	
  .000249	-.5882353	 .4117647	
  .0002492	-.509804	 .4117647	
  .0002494	-.5882353	 .372549	
  .0002496	-.509804	 .372549	
  .0002498	-.509804	 .3333333	
  .00025	-.5882353	 .3333333	
  .0002502	-.5882353	 .3333333	
  .0002504	-.5882353	 .372549	
  .0002506	-.5882353	 .3333333	
  .0002508	-.509804	 .3333333	
  .000251	-.509804	 .3333333	
  .0002512	-.5882353	 .372549	
  .0002514	-.5882353	 .3333333	
  .0002516	-.5882353	 .3333333	
  .0002518	-.509804	 .2941177	
  .000252	-.5882353	 .2941177	
  .0002522	-.509804	 .3333333	
  .0002524	-.509804	 .3333333	
  .0002526	-.509804	 .3333333	
  .0002528	-.509804	 .3333333	
  .000253	-.509804	 .2941177	
  .0002532	-.5882353	 .2941177	
  .0002534	-.509804	 .2941177	
  .0002536	-.5882353	 .2941177	
  .0002538	-.5882353	 .254902	
  .000254	-.509804	 .3333333	
  .0002542	-.509804	 .2941177	
  .0002544	-.5882353	 .2941177	
  .0002546	-.509804	 .254902	
  .0002548	-.5882353	 .254902	
  .000255	-.509804	 .254902	
  .0002552	-.509804	 .254902	
  .0002554	-.5882353	 .254902	
  .0002556	-.5882353	 .254902	
  .0002558	-.509804	 .254902	
  .000256	-.5882353	 .2156863	
  .0002562	-.509804	 .254902	
  .0002564	-.3529412	 .2156863	
  .0002566	-.509804	 .2156863	
  .0002568	-.509804	 .1764706	
  .000257	-.509804	 .254902	
  .0002572	-.509804	 .2156863	
  .0002574	-.509804	 .1764706	
  .0002576	-.4313726	 .1372549	
  .0002578	-.509804	 .1372549	
  .000258	-.4313726	 .2156863	
  .0002582	-.509804	 .1764706	
  .0002584	-.509804	 .1372549	
  .0002586	-.509804	 .1764706	
  .0002588	-.509804	 .1764706	
  .000259	-.3529412	 .1372549	
  .0002592	-.509804	 .1764706	
  .0002594	-.509804	 .1372549	
  .0002596	-.4313726	 .1372549	
  .0002598	-.509804	 .1372549	
  .00026	-.4313726	 .1372549	
  .0002602	-.4313726	 9.803922E-02	
  .0002604	-.4313726	 .1372549	
  .0002606	-.509804	 9.803922E-02	
  .0002608	-.5882353	 9.803922E-02	
  .000261	-.509804	 .1372549	
  .0002612	-.4313726	 9.803922E-02	
  .0002614	-.509804	 9.803922E-02	
  .0002616	-.509804	 5.882353E-02	
  .0002618	-.4313726	 5.882353E-02	
  .000262	-.509804	 9.803922E-02	
  .0002622	-.509804	 9.803922E-02	
  .0002624	-.509804	 5.882353E-02	
  .0002626	-.509804	 9.803922E-02	
  .0002628	-.509804	 9.803922E-02	
  .000263	-.4313726	 5.882353E-02	
  .0002632	-.509804	 9.803922E-02	
  .0002634	-.509804	 5.882353E-02	
  .0002636	-.3529412	 9.803922E-02	
  .0002638	-.3529412	 9.803922E-02	
  .000264	-.4313726	 5.882353E-02	
  .0002642	-.4313726	 9.803922E-02	
  .0002644	-.3529412	 5.882353E-02	
  .0002646	-.509804	 1.960784E-02	
  .0002648	-.4313726	 1.960784E-02	
  .000265	-.509804	 1.960784E-02	
  .0002652	-.4313726	 1.960784E-02	
  .0002654	-.509804	 1.960784E-02	
  .0002656	-.4313726	 1.960784E-02	
  .0002658	-.4313726	 1.960784E-02	
  .000266	-.3529412	-1.960784E-02	
  .0002662	-.3529412	 1.960784E-02	
  .0002664	-.3529412	-1.960784E-02	
  .0002666	-.3529412	-5.882353E-02	
  .0002668	-.4313726	-5.882353E-02	
  .000267	-.3529412	-1.960784E-02	
  .0002672	-.4313726	-5.882353E-02	
  .0002674	-.3529412	-1.960784E-02	
  .0002676	-.4313726	-1.960784E-02	
  .0002678	-.4313726	-1.960784E-02	
  .000268	-.4313726	-5.882353E-02	
  .0002682	-.4313726	-1.960784E-02	
  .0002684	-.2745098	-9.803922E-02	
  .0002686	-.3529412	-5.882353E-02	
  .0002688	-.4313726	-1.960784E-02	
  .000269	-.3529412	-5.882353E-02	
  .0002692	-.4313726	-5.882353E-02	
  .0002694	-.4313726	-5.882353E-02	
  .0002696	-.4313726	-9.803922E-02	
  .0002698	-.3529412	-9.803922E-02	
  .00027	-.3529412	-9.803922E-02	
  .0002702	-.3529412	-1.960784E-02	
  .0002704	-.3529412	-9.803922E-02	
  .0002706	-.3529412	-9.803922E-02	
  .0002708	-.4313726	-9.803922E-02	
  .000271	-.4313726	-9.803922E-02	
  .0002712	-.2745098	-.1372549	
  .0002714	-.2745098	-9.803922E-02	
  .0002716	-.2745098	-9.803922E-02	
  .0002718	-.4313726	-.1764706	
  .000272	-.4313726	-.1372549	
  .0002722	-.3529412	-.1372549	
  .0002724	-.3529412	-.1372549	
  .0002726	-.3529412	-.1372549	
  .0002728	-.3529412	-.1764706	
  .000273	-.4313726	-9.803922E-02	
  .0002732	-.2745098	-.1372549	
  .0002734	-.3529412	-.1372549	
  .0002736	-.2745098	-.1764706	
  .0002738	-.3529412	-.1372549	
  .000274	-.3529412	-.1372549	
  .0002742	-.3529412	-.1372549	
  .0002744	-.2745098	-.1764706	
  .0002746	-.3529412	-.2156863	
  .0002748	-.3529412	-.1764706	
  .000275	-.3529412	-.1764706	
  .0002752	-.3529412	-.1764706	
  .0002754	-.3529412	-.1764706	
  .0002756	-.3529412	-.2156863	
  .0002758	-.2745098	-.2156863	
  .000276	-.2745098	-.2156863	
  .0002762	-.2745098	-.2156863	
  .0002764	-.2745098	-.1764706	
  .0002766	-.2745098	-.2156863	
  .0002768	-.3529412	-.2156863	
  .000277	-.2745098	-.2156863	
  .0002772	-.2745098	-.2156863	
  .0002774	-.1960784	-.254902	
  .0002776	-.3529412	-.2156863	
  .0002778	-.1960784	-.2156863	
  .000278	-.2745098	-.2156863	
  .0002782	-.2745098	-.254902	
  .0002784	-.3529412	-.254902	
  .0002786	-.1960784	-.2156863	
  .0002788	-.2745098	-.2156863	
  .000279	-.2745098	-.2156863	
  .0002792	-.1960784	-.254902	
  .0002794	-.1960784	-.2156863	
  .0002796	-.1960784	-.254902	
  .0002798	-.2745098	-.2941177	
  .00028	-.1176471	-.2941177	
  .0002802	-.1960784	-.254902	
  .0002804	-.2745098	-.2941177	
  .0002806	-.3529412	-.254902	
  .0002808	-.1960784	-.2941177	
  .000281	-.1960784	-.2941177	
  .0002812	-.1960784	-.2941177	
  .0002814	-.1960784	-.254902	
  .0002816	-.1176471	-.3333333	
  .0002818	-.3529412	-.254902	
  .000282	-.2745098	-.254902	
  .0002822	-.1960784	-.2941177	
  .0002824	-.1960784	-.3333333	
  .0002826	-.1960784	-.2941177	
  .0002828	-.1960784	-.2941177	
  .000283	-.1960784	-.2941177	
  .0002832	-.2745098	-.2941177	
  .0002834	-.1176471	-.2941177	
  .0002836	-.1960784	-.2941177	
  .0002838	-.1176471	-.2941177	
  .000284	-.2745098	-.254902	
  .0002842	-.1176471	-.254902	
  .0002844	-.1960784	-.2941177	
  .0002846	-.1960784	-.372549	
  .0002848	-.1176471	-.2941177	
  .000285	-.1960784	-.3333333	
  .0002852	-.1960784	-.3333333	
  .0002854	-.1176471	-.3333333	
  .0002856	-.2745098	-.3333333	
  .0002858	-.1176471	-.2941177	
  .000286	-.1176471	-.2941177	
  .0002862	-.1960784	-.3333333	
  .0002864	-.1960784	-.3333333	
  .0002866	-.1960784	-.3333333	
  .0002868	-.1960784	-.3333333	
  .000287	-.1960784	-.2941177	
  .0002872	-3.921569E-02	-.3333333	
  .0002874	-.1960784	-.3333333	
  .0002876	-3.921569E-02	-.2941177	
  .0002878	 .1176471	-.1764706	
  .000288	 .1960784	-.2156863	
  .0002882	 .3529412	-.2156863	
  .0002884	 .2745098	-.1764706	
  .0002886	 .2745098	-.1764706	
  .0002888	 .3529412	-.2156863	
  .000289	 .3529412	-.2156863	
  .0002892	 .3529412	-.1764706	
  .0002894	 .509804	-.1764706	
  .0002896	 .509804	-.2156863	
  .0002898	 .4313726	-.1764706	
  .00029	 .4313726	-.1764706	
  .0002902	 .509804	-.1764706	
  .0002904	 .509804	-.1764706	
  .0002906	 .509804	-.1764706	
  .0002908	 .5882353	-.1764706	
  .000291	 .5882353	-.1372549	
  .0002912	 .509804	-.1764706	
  .0002914	 .5882353	-.2156863	
  .0002916	 .5882353	-.2156863	
  .0002918	 .5882353	-.1764706	
  .000292	 .5882353	-.1764706	
  .0002922	 .509804	-.1764706	
  .0002924	 .5882353	-.1764706	
  .0002926	 .6666667	-.2156863	
  .0002928	 .5882353	-.1372549	
  .000293	 .5882353	-.2156863	
  .0002932	 .5882353	-.1764706	
  .0002934	 .5882353	-.2156863	
  .0002936	 .5882353	-.2156863	
  .0002938	 .5882353	-.1764706	
  .000294	 .509804	-.1372549	
  .0002942	 .5882353	-.1764706	
  .0002944	 .5882353	-.2156863	
  .0002946	 .5882353	-.2156863	
  .0002948	 .509804	-.2156863	
  .000295	 .509804	-.2156863	
  .0002952	 .4313726	-.1764706	
  .0002954	 .5882353	-.2156863	
  .0002956	 .5882353	-.1764706	
  .0002958	 .5882353	-.1764706	
  .000296	 .6666667	-.2156863	
  .0002962	 .5882353	-.1764706	
  .0002964	 .5882353	-.2156863	
  .0002966	 .5882353	-.1764706	
  .0002968	 .509804	-.1764706	
  .000297	 .6666667	-.1764706	
  .0002972	 .5882353	-.2156863	
  .0002974	 .5882353	-.2156863	
  .0002976	 .5882353	-.1764706	
  .0002978	 .5882353	-.1764706	
  .000298	 .5882353	-.2156863	
  .0002982	 .5882353	-.1764706	
  .0002984	 .5882353	-.1372549	
  .0002986	 .5882353	-.1764706	
  .0002988	 .509804	-.1764706	
  .000299	 .5882353	-.1764706	
  .0002992	 .5882353	-.1372549	
  .0002994	 .5882353	-.2156863	
  .0002996	 .5882353	-.1764706	
  .0002998	 .5882353	-.1764706	
  .0003	 .5882353	-.1764706	
  .0003002	 .509804	-.2156863	
  .0003004	 .5882353	-.1764706	
  .0003006	 .5882353	-.1372549	
  .0003008	 .5882353	-.1764706	
  .000301	 .5882353	-.1764706	
  .0003012	 .509804	-.1764706	
  .0003014	 .5882353	-.2156863	
  .0003016	 .4313726	-.1764706	
  .0003018	 .509804	-.1764706	
  .000302	 .509804	-.1372549	
  .0003022	 .5882353	-.1764706	
  .0003024	 .5882353	-.1372549	
  .0003026	 .5882353	-.1764706	
  .0003028	 .6666667	-.1764706	
  .000303	 .5882353	-.1372549	
  .0003032	 .6666667	-.1372549	
  .0003034	 .5882353	-.1372549	
  .0003036	 .5882353	-.1764706	
  .0003038	 .509804	-9.803922E-02	
  .000304	 .6666667	-.1372549	
  .0003042	 .509804	-.1372549	
  .0003044	 .5882353	-.1372549	
  .0003046	 .5882353	-.1372549	
  .0003048	 .509804	-.2156863	
  .000305	 .5882353	-9.803922E-02	
  .0003052	 .5882353	-.1372549	
  .0003054	 .509804	-9.803922E-02	
  .0003056	 .6666667	-.1372549	
  .0003058	 .509804	-.1764706	
  .000306	 .5882353	-.1764706	
  .0003062	 .5882353	-.1372549	
  .0003064	 .5882353	-.1372549	
  .0003066	 .509804	-.1372549	
  .0003068	 .5882353	-.1372549	
  .000307	 .6666667	-9.803922E-02	
  .0003072	 .5882353	-.1372549	
  .0003074	 .509804	-9.803922E-02	
  .0003076	 .5882353	-.1764706	
  .0003078	 .509804	-.1764706	
  .000308	 .5882353	-.1764706	
  .0003082	 .5882353	-9.803922E-02	
  .0003084	 .509804	-.1372549	
  .0003086	 .509804	-.1372549	
  .0003088	 .509804	-.1372549	
  .000309	 .5882353	-.1764706	
  .0003092	 .5882353	-.1764706	
  .0003094	 .5882353	-.1372549	
  .0003096	 .5882353	-.1372549	
  .0003098	 .5882353	-.1372549	
  .00031	 .5882353	-.1372549	
  .0003102	 .5882353	-.1372549	
  .0003104	 .5882353	-9.803922E-02	
  .0003106	 .5882353	-9.803922E-02	
  .0003108	 .6666667	-5.882353E-02	
  .000311	 .509804	-9.803922E-02	
  .0003112	 .5882353	-9.803922E-02	
  .0003114	 .509804	-.1372549	
  .0003116	 .5882353	-.1372549	
  .0003118	 .5882353	-5.882353E-02	
  .000312	 .509804	-9.803922E-02	
  .0003122	 .6666667	-.1372549	
  .0003124	 .6666667	-9.803922E-02	
  .0003126	 .509804	-5.882353E-02	
  .0003128	 .4313726	-5.882353E-02	
  .000313	 .509804	-9.803922E-02	
  .0003132	 .4313726	-.1372549	
  .0003134	 .5882353	-9.803922E-02	
  .0003136	 .5882353	-5.882353E-02	
  .0003138	 .509804	-5.882353E-02	
  .000314	 .509804	-5.882353E-02	
  .0003142	 .509804	-5.882353E-02	
  .0003144	 .509804	-9.803922E-02	
  .0003146	 .509804	-9.803922E-02	
  .0003148	 .4313726	-5.882353E-02	
  .000315	 .5882353	-5.882353E-02	
  .0003152	 .5882353	-9.803922E-02	
  .0003154	 .509804	-9.803922E-02	
  .0003156	 .5882353	-1.960784E-02	
  .0003158	 .6666667	-9.803922E-02	
  .000316	 .5882353	-1.960784E-02	
  .0003162	 .5882353	-9.803922E-02	
  .0003164	 .509804	-1.960784E-02	
  .0003166	 .5882353	-1.960784E-02	
  .0003168	 .5882353	-5.882353E-02	
  .000317	 .6666667	-5.882353E-02	
  .0003172	 .6666667	-9.803922E-02	
  .0003174	 .6666667	 1.960784E-02	
  .0003176	 .5882353	-1.960784E-02	
  .0003178	 .5882353	-9.803922E-02	
  .000318	 .509804	-5.882353E-02	
  .0003182	 .6666667	-1.960784E-02	
  .0003184	 .5882353	-5.882353E-02	
  .0003186	 .5882353	-5.882353E-02	
  .0003188	 .6666667	-1.960784E-02	
  .000319	 .6666667	-5.882353E-02	
  .0003192	 .509804	-5.882353E-02	
  .0003194	 .5882353	-5.882353E-02	
  .0003196	 .509804	-1.960784E-02	
  .0003198	 .5882353	 1.960784E-02	
  .00032	 .509804	-5.882353E-02	
  .0003202	 .5882353	-1.960784E-02	
  .0003204	 .5882353	-1.960784E-02	
  .0003206	 .509804	-5.882353E-02	
  .0003208	 .509804	-5.882353E-02	
  .000321	 .5882353	-1.960784E-02	
  .0003212	 .5882353	-5.882353E-02	
  .0003214	 .4313726	-1.960784E-02	
  .0003216	 .5882353	-1.960784E-02	
  .0003218	 .509804	-1.960784E-02	
  .000322	 .5882353	-1.960784E-02	
  .0003222	 .5882353	-1.960784E-02	
  .0003224	 .5882353	-1.960784E-02	
  .0003226	 .509804	-1.960784E-02	
  .0003228	 .5882353	 1.960784E-02	
  .000323	 .5882353	-1.960784E-02	
  .0003232	 .509804	-1.960784E-02	
  .0003234	 .509804	-1.960784E-02	
  .0003236	 .5882353	 5.882353E-02	
  .0003238	 .6666667	 1.960784E-02	
  .000324	 .509804	 1.960784E-02	
  .0003242	 .5882353	-1.960784E-02	
  .0003244	 .509804	-1.960784E-02	
  .0003246	 .4313726	 1.960784E-02	
  .0003248	 .5882353	 1.960784E-02	
  .000325	 .509804	 1.960784E-02	
  .0003252	 .509804	 1.960784E-02	
  .0003254	 .509804	 1.960784E-02	
  .0003256	 .509804	 1.960784E-02	
  .0003258	 .509804	 1.960784E-02	
  .000326	 .509804	 1.960784E-02	
  .0003262	 .509804	-1.960784E-02	
  .0003264	 .509804	 1.960784E-02	
  .0003266	 .3529412	 1.960784E-02	
  .0003268	 .5882353	 5.882353E-02	
  .000327	 .509804	 1.960784E-02	
  .0003272	 .5882353	 5.882353E-02	
  .0003274	 .4313726	-1.960784E-02	
  .0003276	 .5882353	 1.960784E-02	
  .0003278	 .6666667	 1.960784E-02	
  .000328	 .509804	 5.882353E-02	
  .0003282	 .5882353	 5.882353E-02	
  .0003284	 .5882353	 5.882353E-02	
  .0003286	 .509804	 1.960784E-02	
  .0003288	 .509804	 5.882353E-02	
  .000329	 .5882353	 5.882353E-02	
  .0003292	 .509804	 1.960784E-02	
  .0003294	 .509804	 5.882353E-02	
  .0003296	 .509804	 5.882353E-02	
  .0003298	 .4313726	 9.803922E-02	
  .00033	 .509804	 5.882353E-02	
  .0003302	 .5882353	 5.882353E-02	
  .0003304	 .4313726	 5.882353E-02	
  .0003306	 .5882353	 5.882353E-02	
  .0003308	 .4313726	 9.803922E-02	
  .000331	 .509804	 1.960784E-02	
  .0003312	 .4313726	 5.882353E-02	
  .0003314	 .5882353	 9.803922E-02	
  .0003316	 .509804	 5.882353E-02	
  .0003318	 .509804	 5.882353E-02	
  .000332	 .5882353	 9.803922E-02	
  .0003322	 .509804	 5.882353E-02	
  .0003324	 .509804	 9.803922E-02	
  .0003326	 .4313726	 9.803922E-02	
  .0003328	 .4313726	 5.882353E-02	
  .000333	 .4313726	 5.882353E-02	
  .0003332	 .509804	 9.803922E-02	
  .0003334	 .509804	 9.803922E-02	
  .0003336	 .509804	 .1372549	
  .0003338	 .4313726	 5.882353E-02	
  .000334	 .4313726	 5.882353E-02	
  .0003342	 .3529412	 9.803922E-02	
  .0003344	 .4313726	 5.882353E-02	
  .0003346	 .4313726	 5.882353E-02	
  .0003348	 .3529412	 9.803922E-02	
  .000335	 .4313726	 9.803922E-02	
  .0003352	 .4313726	 5.882353E-02	
  .0003354	 .509804	 9.803922E-02	
  .0003356	 .509804	 5.882353E-02	
  .0003358	 .509804	 9.803922E-02	
  .000336	 .509804	 9.803922E-02	
  .0003362	 .3529412	 9.803922E-02	
  .0003364	 .509804	 9.803922E-02	
  .0003366	 .509804	 .1372549	
  .0003368	 .509804	 9.803922E-02	
  .000337	 .4313726	 1.960784E-02	
  .0003372	 .5882353	 .1372549	
  .0003374	 .509804	 .1372549	
  .0003376	 .509804	 9.803922E-02	
  .0003378	 .4313726	 9.803922E-02	
  .000338	 .509804	 .1372549	
  .0003382	 .4313726	 9.803922E-02	
  .0003384	 .509804	 .1372549	
  .0003386	 .509804	 .1372549	
  .0003388	 .4313726	 .1372549	
  .000339	 .4313726	 9.803922E-02	
  .0003392	 .3529412	 9.803922E-02	
  .0003394	 .509804	 .1372549	
  .0003396	 .5882353	 .1372549	
  .0003398	 .4313726	 9.803922E-02	
  .00034	 .4313726	 9.803922E-02	
  .0003402	 .3529412	 .1372549	
  .0003404	 .4313726	 9.803922E-02	
  .0003406	 .4313726	 .1372549	
  .0003408	 .4313726	 .1372549	
  .000341	 .509804	 5.882353E-02	
  .0003412	 .509804	 .1764706	
  .0003414	 .3529412	 .1372549	
  .0003416	 .4313726	 9.803922E-02	
  .0003418	 .4313726	 .1372549	
  .000342	 .3529412	 .1764706	
  .0003422	 .509804	 9.803922E-02	
  .0003424	 .4313726	 .1372549	
  .0003426	 .3529412	 9.803922E-02	
  .0003428	 .509804	 .1372549	
  .000343	 .509804	 .1372549	
  .0003432	 .509804	 .1372549	
  .0003434	 .3529412	 .2156863	
  .0003436	 .509804	 .1764706	
  .0003438	 .3529412	 9.803922E-02	
  .000344	 .4313726	 .1372549	
  .0003442	 .4313726	 .1372549	
  .0003444	 .3529412	 .1372549	
  .0003446	 .4313726	 .1372549	
  .0003448	 .4313726	 .1372549	
  .000345	 .3529412	 .1372549	
  .0003452	 .509804	 .1372549	
  .0003454	 .4313726	 .1372549	
  .0003456	 .509804	 .1372549	
  .0003458	 .3529412	 9.803922E-02	
  .000346	 .4313726	 9.803922E-02	
  .0003462	 .3529412	 .1372549	
  .0003464	 .3529412	 .1372549	
  .0003466	 .3529412	 5.882353E-02	
  .0003468	 .2745098	 1.960784E-02	
  .000347	 .2745098	 5.882353E-02	
  .0003472	 .1176471	 1.960784E-02	
  .0003474	 .1960784	 1.960784E-02	
  .0003476	 .1176471	 1.960784E-02	
  .0003478	 .1176471	 5.882353E-02	
  .000348	 .1176471	 1.960784E-02	
  .0003482	 .1176471	 5.882353E-02	
  .0003484	 .1176471	 9.803922E-02	
  .0003486	 3.921569E-02	 5.882353E-02	
  .0003488	 3.921569E-02	 1.960784E-02	
  .000349	-3.921569E-02	 5.882353E-02	
  .0003492	-3.921569E-02	 1.960784E-02	
  .0003494	-3.921569E-02	 1.960784E-02	
  .0003496	-3.921569E-02	 1.960784E-02	
  .0003498	-3.921569E-02	-1.960784E-02	
  .00035	 3.921569E-02	 5.882353E-02	
  .0003502	-.1176471	 1.960784E-02	
  .0003504	-3.921569E-02	 1.960784E-02	
  .0003506	-.1176471	 5.882353E-02	
  .0003508	-3.921569E-02	 1.960784E-02	
  .000351	-3.921569E-02	-1.960784E-02	
  .0003512	-.1176471	 1.960784E-02	
  .0003514	-3.921569E-02	 9.803922E-02	
  .0003516	-.1176471	 1.960784E-02	
  .0003518	-3.921569E-02	 1.960784E-02	
  .000352	-.1176471	-1.960784E-02	
  .0003522	-.1960784	 1.960784E-02	
  .0003524	-.1176471	 1.960784E-02	
  .0003526	-3.921569E-02	 1.960784E-02	
  .0003528	-3.921569E-02	 1.960784E-02	
  .000353	-.1176471	 5.882353E-02	
  .0003532	-3.921569E-02	 5.882353E-02	
  .0003534	-.1176471	 1.960784E-02	
  .0003536	-.1176471	 1.960784E-02	
  .0003538	-3.921569E-02	 1.960784E-02	
  .000354	-.1176471	 5.882353E-02	
  .0003542	-.1176471	 1.960784E-02	
  .0003544	-.1176471	 5.882353E-02	
  .0003546	-.1176471	 9.803922E-02	
  .0003548	-.1176471	 1.960784E-02	
  .000355	-.1176471	 1.960784E-02	
  .0003552	-3.921569E-02	 5.882353E-02	
  .0003554	 3.921569E-02	 5.882353E-02	
  .0003556	-.1960784	 1.960784E-02	
  .0003558	-.1176471	 1.960784E-02	
  .000356	-.1176471	 5.882353E-02	
  .0003562	-.1176471	 1.960784E-02	
  .0003564	-.1176471	 1.960784E-02	
  .0003566	-3.921569E-02	 1.960784E-02	
  .0003568	-.1176471	 5.882353E-02	
  .000357	-3.921569E-02	 9.803922E-02	
  .0003572	-.1960784	 1.960784E-02	
  .0003574	-3.921569E-02	 1.960784E-02	
  .0003576	-3.921569E-02	 1.960784E-02	
  .0003578	-.1176471	 1.960784E-02	
  .000358	-3.921569E-02	 5.882353E-02	
  .0003582	-.1176471	 1.960784E-02	
  .0003584	-.1176471	 1.960784E-02	
  .0003586	 3.921569E-02	 1.960784E-02	
  .0003588	-3.921569E-02	 1.960784E-02	
  .000359	-.1176471	 1.960784E-02	
  .0003592	-3.921569E-02	-1.960784E-02	
  .0003594	-3.921569E-02	 5.882353E-02	
  .0003596	-.1176471	-1.960784E-02	
  .0003598	-.1960784	 5.882353E-02	
  .00036	-.1176471	 5.882353E-02	
  .0003602	-.1176471	 5.882353E-02	
  .0003604	-3.921569E-02	 1.960784E-02	
  .0003606	-.1176471	 1.960784E-02	
  .0003608	-.1176471	-1.960784E-02	
  .000361	-.1176471	 1.960784E-02	
  .0003612	-.1176471	 1.960784E-02	
  .0003614	-.1176471	 1.960784E-02	
  .0003616	-3.921569E-02	 1.960784E-02	
  .0003618	-3.921569E-02	 5.882353E-02	
  .000362	-.1176471	 1.960784E-02	
  .0003622	-.1176471	 1.960784E-02	
  .0003624	-.1176471	 1.960784E-02	
  .0003626	-3.921569E-02	 5.882353E-02	
  .0003628	-3.921569E-02	 1.960784E-02	
  .000363	 3.921569E-02	-1.960784E-02	
  .0003632	-.1176471	 9.803922E-02	
  .0003634	 3.921569E-02	 1.960784E-02	
  .0003636	-3.921569E-02	 1.960784E-02	
  .0003638	-.1176471	-1.960784E-02	
  .000364	-3.921569E-02	 1.960784E-02	
  .0003642	-.1176471	 1.960784E-02	
  .0003644	-.1176471	 1.960784E-02	
  .0003646	-.1176471	 1.960784E-02	
  .0003648	-3.921569E-02	 1.960784E-02	
  .000365	-.1176471	 1.960784E-02	
  .0003652	-.1176471	 1.960784E-02	
  .0003654	-3.921569E-02	-1.960784E-02	
  .0003656	-3.921569E-02	 1.960784E-02	
  .0003658	-.1176471	 1.960784E-02	
  .000366	-3.921569E-02	 5.882353E-02	
  .0003662	-.1176471	 1.960784E-02	
  .0003664	-3.921569E-02	 1.960784E-02	
  .0003666	-3.921569E-02	 1.960784E-02	
  .0003668	-.1176471	 1.960784E-02	
  .000367	-.1176471	-1.960784E-02	
  .0003672	-.1176471	 1.960784E-02	
  .0003674	 3.921569E-02	-1.960784E-02	
  .0003676	-3.921569E-02	 1.960784E-02	
  .0003678	-3.921569E-02	 5.882353E-02	
  .000368	-.1176471	 1.960784E-02	
  .0003682	-.1176471	-1.960784E-02	
  .0003684	-3.921569E-02	 5.882353E-02	
  .0003686	-.1960784	-1.960784E-02	
  .0003688	-3.921569E-02	 1.960784E-02	
  .000369	-3.921569E-02	 5.882353E-02	
  .0003692	-.1960784	 1.960784E-02	
  .0003694	-.1176471	 1.960784E-02	
  .0003696	-3.921569E-02	 1.960784E-02	
  .0003698	-3.921569E-02	 1.960784E-02	
  .00037	-.1176471	 1.960784E-02	
  .0003702	-.1176471	 1.960784E-02	
  .0003704	-3.921569E-02	 1.960784E-02	
  .0003706	-.1960784	 1.960784E-02	
  .0003708	-.1176471	-1.960784E-02	
  .000371	-3.921569E-02	 5.882353E-02	
  .0003712	-.1176471	-1.960784E-02	
  .0003714	-.1176471	 1.960784E-02	
  .0003716	-3.921569E-02	 1.960784E-02	
  .0003718	-.1176471	-1.960784E-02	
  .000372	-.1960784	 5.882353E-02	
  .0003722	-.1176471	 1.960784E-02	
  .0003724	-.1960784	 5.882353E-02	
  .0003726	-.1176471	-1.960784E-02	
  .0003728	-3.921569E-02	 5.882353E-02	
  .000373	-.1960784	 5.882353E-02	
  .0003732	-.1176471	 1.960784E-02	
  .0003734	-.1176471	 1.960784E-02	
  .0003736	-3.921569E-02	 1.960784E-02	
  .0003738	-3.921569E-02	 1.960784E-02	
  .000374	-.1176471	 1.960784E-02	
  .0003742	-.1176471	 5.882353E-02	
  .0003744	-.1176471	 5.882353E-02	
  .0003746	-.1176471	-1.960784E-02	
  .0003748	-.1960784	-1.960784E-02	
  .000375	-.1176471	 1.960784E-02	
  .0003752	-3.921569E-02	 1.960784E-02	
  .0003754	-.1176471	 1.960784E-02	
  .0003756	-3.921569E-02	-1.960784E-02	
  .0003758	-.1176471	 1.960784E-02	
  .000376	-.1960784	 5.882353E-02	
  .0003762	-.1960784	 5.882353E-02	
  .0003764	-.1176471	-1.960784E-02	
  .0003766	-.1176471	 1.960784E-02	
  .0003768	-.1176471	 5.882353E-02	
  .000377	-.1960784	 1.960784E-02	
  .0003772	-3.921569E-02	-1.960784E-02	
  .0003774	-3.921569E-02	 1.960784E-02	
  .0003776	-3.921569E-02	 5.882353E-02	
  .0003778	-3.921569E-02	 1.960784E-02	
  .000378	-.1176471	 1.960784E-02	
  .0003782	-.1176471	 1.960784E-02	
  .0003784	-.1176471	 1.960784E-02	
  .0003786	-.1176471	 1.960784E-02	
  .0003788	-.1176471	-1.960784E-02	
  .000379	-3.921569E-02	-1.960784E-02	
  .0003792	-3.921569E-02	 1.960784E-02	
  .0003794	-.1176471	-1.960784E-02	
  .0003796	-.1176471	-1.960784E-02	
  .0003798	-.1176471	 5.882353E-02	
  .00038	-3.921569E-02	 1.960784E-02	
  .0003802	-.1176471	-1.960784E-02	
  .0003804	-.1960784	-1.960784E-02	
  .0003806	-.1176471	-1.960784E-02	
  .0003808	-.1176471	 1.960784E-02	
  .000381	-3.921569E-02	 1.960784E-02	
  .0003812	-.1176471	 1.960784E-02	
  .0003814	-.1176471	 1.960784E-02	
  .0003816	-3.921569E-02	 5.882353E-02	
  .0003818	-3.921569E-02	 1.960784E-02	
  .000382	-3.921569E-02	 1.960784E-02	
  .0003822	-.1176471	 1.960784E-02	
  .0003824	-3.921569E-02	 1.960784E-02	
  .0003826	 3.921569E-02	 1.960784E-02	
  .0003828	-3.921569E-02	 1.960784E-02	
  .000383	-.1960784	 9.803922E-02	
  .0003832	-3.921569E-02	 5.882353E-02	
  .0003834	-.1176471	 1.960784E-02	
  .0003836	-3.921569E-02	-1.960784E-02	
  .0003838	-3.921569E-02	 1.960784E-02	
  .000384	-3.921569E-02	-1.960784E-02	
  .0003842	-.1176471	 1.960784E-02	
  .0003844	-.1176471	 1.960784E-02	
  .0003846	-.1176471	 1.960784E-02	
  .0003848	-3.921569E-02	 1.960784E-02	
  .000385	-.1176471	 5.882353E-02	
  .0003852	-.1176471	-1.960784E-02	
  .0003854	-.1176471	 1.960784E-02	
  .0003856	-3.921569E-02	-1.960784E-02	
  .0003858	-.1176471	 5.882353E-02	
  .000386	-3.921569E-02	 1.960784E-02	
  .0003862	-3.921569E-02	 5.882353E-02	
  .0003864	-.1960784	 1.960784E-02	
  .0003866	-.1176471	 1.960784E-02	
  .0003868	-.1960784	 1.960784E-02	
  .000387	-.1176471	 1.960784E-02	
  .0003872	-3.921569E-02	-1.960784E-02	
  .0003874	-.1176471	 1.960784E-02	
  .0003876	-.1176471	 5.882353E-02	
  .0003878	-3.921569E-02	 1.960784E-02	
  .000388	-.1176471	-1.960784E-02	
  .0003882	-3.921569E-02	 1.960784E-02	
  .0003884	-3.921569E-02	-1.960784E-02	
  .0003886	-.1176471	 1.960784E-02	
  .0003888	-.1176471	-1.960784E-02	
  .000389	-.1176471	-1.960784E-02	
  .0003892	-.1176471	 1.960784E-02	
  .0003894	-.1176471	 1.960784E-02	
  .0003896	-3.921569E-02	 1.960784E-02	
  .0003898	-.1176471	 5.882353E-02	
  .00039	-3.921569E-02	 1.960784E-02	
  .0003902	-3.921569E-02	 1.960784E-02	
  .0003904	-.1176471	 1.960784E-02	
  .0003906	-.1176471	-1.960784E-02	
  .0003908	-.1176471	 1.960784E-02	
  .000391	-.1960784	 5.882353E-02	
  .0003912	-.1176471	 5.882353E-02	
  .0003914	-3.921569E-02	 1.960784E-02	
  .0003916	-.1176471	 1.960784E-02	
  .0003918	-.1176471	 5.882353E-02	
  .000392	-3.921569E-02	 1.960784E-02	
  .0003922	-3.921569E-02	 1.960784E-02	
  .0003924	-.1176471	 1.960784E-02	
  .0003926	-.1176471	 1.960784E-02	
  .0003928	-3.921569E-02	 5.882353E-02	
  .000393	-3.921569E-02	 1.960784E-02	
  .0003932	-.1960784	 1.960784E-02	
  .0003934	-.1176471	 1.960784E-02	
  .0003936	-.1176471	 1.960784E-02	
  .0003938	-.1176471	-1.960784E-02	
  .000394	-.1176471	 5.882353E-02	
  .0003942	-.1176471	 5.882353E-02	
  .0003944	-.1176471	-1.960784E-02	
  .0003946	-3.921569E-02	 1.960784E-02	
  .0003948	-.1176471	 1.960784E-02	
  .000395	 3.921569E-02	-1.960784E-02	
  .0003952	-.1176471	 9.803922E-02	
  .0003954	-3.921569E-02	-1.960784E-02	
  .0003956	-.1960784	 5.882353E-02	
  .0003958	-.1176471	-1.960784E-02	
  .000396	-.1176471	 5.882353E-02	
  .0003962	 3.921569E-02	 1.960784E-02	
  .0003964	-3.921569E-02	 1.960784E-02	
  .0003966	-3.921569E-02	 5.882353E-02	
  .0003968	-.1960784	 5.882353E-02	
  .000397	-3.921569E-02	 1.960784E-02	
  .0003972	-.1960784	 1.960784E-02	
  .0003974	-.1176471	 5.882353E-02	
  .0003976	-3.921569E-02	 1.960784E-02	
  .0003978	-3.921569E-02	 5.882353E-02	
  .000398	-3.921569E-02	 5.882353E-02	
  .0003982	-.1176471	 1.960784E-02	
  .0003984	-3.921569E-02	 1.960784E-02	
  .0003986	-3.921569E-02	-1.960784E-02	
  .0003988	-3.921569E-02	-1.960784E-02	
  .000399	-.1176471	 1.960784E-02	
  .0003992	-.1176471	 1.960784E-02	
  .0003994	-3.921569E-02	 1.960784E-02	
  .0003996	-3.921569E-02	 1.960784E-02	
  .0003998	-3.921569E-02	-1.960784E-02	
  .0004	-.1176471	 1.960784E-02	
  .0004002	-.1176471	 1.960784E-02	
  .0004004	-3.921569E-02	 1.960784E-02	
  .0004006	-.1176471	 5.882353E-02	
  .0004008	-3.921569E-02	 1.960784E-02	
  .000401	-.1176471	 1.960784E-02	
  .0004012	-.1176471	-1.960784E-02	
  .0004014	-3.921569E-02	 5.882353E-02	
  .0004016	-3.921569E-02	 1.960784E-02	
  .0004018	-3.921569E-02	 1.960784E-02	
  .000402	-.1176471	 1.960784E-02	
  .0004022	 3.921569E-02	 5.882353E-02	
  .0004024	-3.921569E-02	 1.960784E-02	
  .0004026	-.1176471	 1.960784E-02	
  .0004028	-3.921569E-02	 9.803922E-02	
  .000403	-3.921569E-02	 1.960784E-02	
  .0004032	-.1176471	 1.960784E-02	
  .0004034	-3.921569E-02	 1.960784E-02	
  .0004036	-3.921569E-02	 1.960784E-02	
  .0004038	-.1176471	 1.960784E-02	
  .000404	-.1176471	 1.960784E-02	
  .0004042	-3.921569E-02	 1.960784E-02	
  .0004044	-.1176471	 1.960784E-02	
  .0004046	-3.921569E-02	 1.960784E-02	
  .0004048	-.1176471	 1.960784E-02	
  .000405	-3.921569E-02	-1.960784E-02	
  .0004052	-.1176471	 5.882353E-02	
  .0004054	-3.921569E-02	-1.960784E-02	
  .0004056	-3.921569E-02	 1.960784E-02	
  .0004058	-.1176471	 1.960784E-02	
  .000406	 3.921569E-02	 1.960784E-02	
  .0004062	-.1176471	 1.960784E-02	
  .0004064	-.1176471	 1.960784E-02	
  .0004066	-3.921569E-02	-1.960784E-02	
  .0004068	-3.921569E-02	-1.960784E-02	
  .000407	-3.921569E-02	 1.960784E-02	
  .0004072	-.1176471	 5.882353E-02	
  .0004074	-3.921569E-02	 5.882353E-02	
  .0004076	-3.921569E-02	-1.960784E-02	
  .0004078	-3.921569E-02	 1.960784E-02	
  .000408	-.1176471	 1.960784E-02	
  .0004082	-.1176471	 1.960784E-02	
  .0004084	-3.921569E-02	 1.960784E-02	
  .0004086	-.1176471	 5.882353E-02	
  .0004088	-3.921569E-02	 5.882353E-02	
  .000409	-.1176471	 5.882353E-02	
  .0004092	-3.921569E-02	-1.960784E-02	
  .0004094	-.1176471	 1.960784E-02	
  .0004096	-.1176471	 1.960784E-02	
  .0004098	-.1176471	 1.960784E-02	
  .00041	-.1176471	 1.960784E-02	
  .0004102	-.1176471	 1.960784E-02	
  .0004104	-.1176471	-1.960784E-02	
  .0004106	-3.921569E-02	 1.960784E-02	
  .0004108	-.1960784	 1.960784E-02	
  .000411	-.1176471	-1.960784E-02	
  .0004112	-3.921569E-02	-1.960784E-02	
  .0004114	-3.921569E-02	-1.960784E-02	
  .0004116	-.1176471	 5.882353E-02	
  .0004118	-.1176471	 1.960784E-02	
  .000412	-3.921569E-02	-1.960784E-02	
  .0004122	-.1960784	-1.960784E-02	
  .0004124	-3.921569E-02	 5.882353E-02	
  .0004126	-3.921569E-02	 5.882353E-02	
  .0004128	-.1176471	 5.882353E-02	
  .000413	-.1176471	-1.960784E-02	
  .0004132	-.1176471	 1.960784E-02	
  .0004134	-3.921569E-02	 1.960784E-02	
  .0004136	-.1176471	-1.960784E-02	
  .0004138	-.1960784	 1.960784E-02	
  .000414	-.1176471	 1.960784E-02	
  .0004142	-.1176471	 1.960784E-02	
  .0004144	-.1176471	 1.960784E-02	
  .0004146	-.1176471	 1.960784E-02	
  .0004148	-3.921569E-02	 1.960784E-02	
  .000415	-3.921569E-02	 5.882353E-02	
  .0004152	-.1960784	-1.960784E-02	
  .0004154	-3.921569E-02	 1.960784E-02	
  .0004156	-3.921569E-02	 5.882353E-02	
  .0004158	-3.921569E-02	 5.882353E-02	
  .000416	-3.921569E-02	 1.960784E-02	
  .0004162	-.1176471	-1.960784E-02	
  .0004164	-.1176471	 5.882353E-02	
  .0004166	-3.921569E-02	 1.960784E-02	
  .0004168	-3.921569E-02	 1.960784E-02	
  .000417	-3.921569E-02	 1.960784E-02	
  .0004172	-3.921569E-02	 1.960784E-02	
  .0004174	-3.921569E-02	 1.960784E-02	
  .0004176	-.1960784	 1.960784E-02	
  .0004178	-.1176471	 1.960784E-02	
  .000418	-3.921569E-02	 1.960784E-02	
  .0004182	-.1176471	 1.960784E-02	
  .0004184	-.1176471	-1.960784E-02	
  .0004186	-3.921569E-02	-1.960784E-02	
  .0004188	 3.921569E-02	 1.960784E-02	
  .000419	-3.921569E-02	-1.960784E-02	
  .0004192	-3.921569E-02	 1.960784E-02	
  .0004194	-3.921569E-02	 1.960784E-02	
  .0004196	-3.921569E-02	 1.960784E-02	
  .0004198	-.1176471	 1.960784E-02	
  .00042	-3.921569E-02	 1.960784E-02	
  .0004202	-.1176471	-1.960784E-02	
  .0004204	-.1176471	 1.960784E-02	
  .0004206	-.1176471	 1.960784E-02	
  .0004208	-3.921569E-02	-1.960784E-02	
  .000421	-3.921569E-02	 1.960784E-02	
  .0004212	-.1176471	 5.882353E-02	
  .0004214	-3.921569E-02	 5.882353E-02	
  .0004216	-.1176471	-1.960784E-02	
  .0004218	-3.921569E-02	-1.960784E-02	
  .000422	-3.921569E-02	 5.882353E-02	
  .0004222	-.1176471	 1.960784E-02	
  .0004224	-3.921569E-02	 1.960784E-02	
  .0004226	-3.921569E-02	 .1372549	
  .0004228	-3.921569E-02	 1.960784E-02	
  .000423	-.1176471	 5.882353E-02	
  .0004232	-.1960784	 1.960784E-02	
  .0004234	-.1176471	 1.960784E-02	
  .0004236	-.1960784	 1.960784E-02	
  .0004238	-.1176471	 1.960784E-02	
  .000424	-.1176471	-1.960784E-02	
  .0004242	-3.921569E-02	 5.882353E-02	
  .0004244	-.1176471	 1.960784E-02	
  .0004246	-.1176471	 1.960784E-02	
  .0004248	-3.921569E-02	-1.960784E-02	
  .000425	-.1176471	-1.960784E-02	
  .0004252	-3.921569E-02	-1.960784E-02	
  .0004254	-.1960784	-1.960784E-02	
  .0004256	-.1176471	 5.882353E-02	
  .0004258	 3.921569E-02	 9.803922E-02	
  .000426	-.1176471	 1.960784E-02	
  .0004262	-.1176471	 1.960784E-02	
  .0004264	-.1176471	 1.960784E-02	
  .0004266	-.1176471	 1.960784E-02	
  .0004268	-3.921569E-02	 1.960784E-02	
  .000427	-.1176471	 5.882353E-02	
  .0004272	 3.921569E-02	 1.960784E-02	
  .0004274	-.1176471	 1.960784E-02	
  .0004276	-.1176471	 5.882353E-02	
  .0004278	-3.921569E-02	 1.960784E-02	
  .000428	-.1960784	 1.960784E-02	
  .0004282	-.1176471	 1.960784E-02	
  .0004284	-.1176471	 1.960784E-02	
  .0004286	-.1960784	 5.882353E-02	
  .0004288	-.1176471	 1.960784E-02	
  .000429	-3.921569E-02	-1.960784E-02	
  .0004292	-.1176471	 5.882353E-02	
  .0004294	-.1960784	 1.960784E-02	
  .0004296	-.1176471	 1.960784E-02	
  .0004298	-.1176471	 1.960784E-02	
  .00043	-.1176471	 1.960784E-02	
  .0004302	-.1176471	 1.960784E-02	
  .0004304	-3.921569E-02	 1.960784E-02	
  .0004306	-.1960784	-1.960784E-02	
  .0004308	-3.921569E-02	-1.960784E-02	
  .000431	-.1176471	-1.960784E-02	
  .0004312	-3.921569E-02	 1.960784E-02	
  .0004314	-.1176471	 1.960784E-02	
  .0004316	-.1176471	-1.960784E-02	
  .0004318	-.1176471	 1.960784E-02	
  .000432	-.1176471	-1.960784E-02	
  .0004322	-.1176471	 5.882353E-02	
  .0004324	-.1176471	 5.882353E-02	
  .0004326	-.1176471	 1.960784E-02	
  .0004328	-.1960784	-1.960784E-02	
  .000433	-.1176471	 1.960784E-02	
  .0004332	-.1176471	 1.960784E-02	
  .0004334	-.1176471	-1.960784E-02	
  .0004336	-3.921569E-02	 1.960784E-02	
  .0004338	-.1176471	 1.960784E-02	
  .000434	-.1176471	 1.960784E-02	
  .0004342	-3.921569E-02	 1.960784E-02	
  .0004344	-.1176471	 1.960784E-02	
  .0004346	-.1176471	-1.960784E-02	
  .0004348	-3.921569E-02	 5.882353E-02	
  .000435	-3.921569E-02	-1.960784E-02	
  .0004352	-3.921569E-02	 1.960784E-02	
  .0004354	-.1960784	 5.882353E-02	
  .0004356	-3.921569E-02	 1.960784E-02	
  .0004358	-3.921569E-02	 1.960784E-02	
  .000436	-3.921569E-02	 1.960784E-02	
  .0004362	-3.921569E-02	 5.882353E-02	
  .0004364	-.1176471	-1.960784E-02	
  .0004366	-.1176471	 1.960784E-02	
  .0004368	-.1176471	 1.960784E-02	
  .000437	-3.921569E-02	 1.960784E-02	
  .0004372	-3.921569E-02	 1.960784E-02	
  .0004374	-.1176471	 1.960784E-02	
  .0004376	-.1960784	 1.960784E-02	
  .0004378	-3.921569E-02	 1.960784E-02	
  .000438	-.1176471	 1.960784E-02	
  .0004382	-.1176471	-1.960784E-02	
  .0004384	-3.921569E-02	 1.960784E-02	
  .0004386	-3.921569E-02	 1.960784E-02	
  .0004388	-.1960784	-1.960784E-02	
  .000439	-.1176471	 1.960784E-02	
  .0004392	-.1176471	 1.960784E-02	
  .0004394	-.1176471	-1.960784E-02	
  .0004396	-.1176471	 1.960784E-02	
  .0004398	-.1176471	 1.960784E-02	
  .00044	-3.921569E-02	-1.960784E-02	
  .0004402	-3.921569E-02	-1.960784E-02	
  .0004404	-.1176471	 1.960784E-02	
  .0004406	-.1960784	 1.960784E-02	
  .0004408	-.1176471	 5.882353E-02	
  .000441	-.1176471	 5.882353E-02	
  .0004412	 3.921569E-02	 1.960784E-02	
  .0004414	-3.921569E-02	 5.882353E-02	
  .0004416	-.1960784	 1.960784E-02	
  .0004418	-3.921569E-02	 1.960784E-02	
  .000442	-3.921569E-02	 1.960784E-02	
  .0004422	-3.921569E-02	-1.960784E-02	
  .0004424	-3.921569E-02	 5.882353E-02	
  .0004426	-3.921569E-02	 1.960784E-02	
  .0004428	-.1176471	 5.882353E-02	
  .000443	-.1960784	-1.960784E-02	
  .0004432	-.1176471	-1.960784E-02	
  .0004434	-.1176471	 1.960784E-02	
  .0004436	-.1176471	 1.960784E-02	
  .0004438	-.1176471	 1.960784E-02	
  .000444	-3.921569E-02	 1.960784E-02	
  .0004442	-.1176471	 5.882353E-02	
  .0004444	-.1176471	 1.960784E-02	
  .0004446	-3.921569E-02	-1.960784E-02	
  .0004448	-.1176471	 1.960784E-02	
  .000445	-.1176471	-1.960784E-02	
  .0004452	-3.921569E-02	-1.960784E-02	
  .0004454	-.1176471	 1.960784E-02	
  .0004456	-3.921569E-02	 5.882353E-02	
  .0004458	-.1176471	 5.882353E-02	
  .000446	-3.921569E-02	 1.960784E-02	
  .0004462	-3.921569E-02	-1.960784E-02	
  .0004464	-3.921569E-02	 1.960784E-02	
  .0004466	-3.921569E-02	-1.960784E-02	
  .0004468	-.1176471	 5.882353E-02	
  .000447	-.1176471	 1.960784E-02	
  .0004472	-3.921569E-02	 1.960784E-02	
  .0004474	-.1176471	-1.960784E-02	
  .0004476	-3.921569E-02	 1.960784E-02	
  .0004478	-.1176471	-1.960784E-02	
  .000448	-.1176471	-1.960784E-02	
  .0004482	-.1176471	 1.960784E-02	
  .0004484	-.1960784	 5.882353E-02	
  .0004486	-.1176471	 1.960784E-02	
  .0004488	-.1176471	-1.960784E-02	
  .000449	-3.921569E-02	 5.882353E-02	
  .0004492	-.1176471	 5.882353E-02	
  .0004494	-3.921569E-02	-1.960784E-02	
  .0004496	-.1176471	 1.960784E-02	
  .0004498	-.1176471	-1.960784E-02	
  .00045	-.1176471	-1.960784E-02	
