 -.0000498	 3.921569E-02	 1.960784E-02	
 -.0000496	 .1176471	 5.882353E-02	
 -.0000494	 .1176471	-1.960784E-02	
 -.0000492	 .1176471	 5.882353E-02	
 -.000049	 .1176471	 1.960784E-02	
 -.0000488	 .1176471	 1.960784E-02	
 -.0000486	 .1176471	 1.960784E-02	
 -.0000484	 3.921569E-02	 1.960784E-02	
 -.0000482	 3.921569E-02	-1.960784E-02	
 -.000048	 .1176471	 1.960784E-02	
 -.0000478	 .1176471	 1.960784E-02	
 -.0000476	 3.921569E-02	-1.960784E-02	
 -.0000474	 3.921569E-02	 1.960784E-02	
 -.0000472	 .1176471	 1.960784E-02	
 -.000047	 3.921569E-02	 5.882353E-02	
 -.0000468	 3.921569E-02	 1.960784E-02	
 -.0000466	-3.921569E-02	-1.960784E-02	
 -.0000464	 3.921569E-02	-1.960784E-02	
 -.0000462	 3.921569E-02	 1.960784E-02	
 -.000046	 3.921569E-02	 5.882353E-02	
 -.0000458	 3.921569E-02	 1.960784E-02	
 -.0000456	 3.921569E-02	 1.960784E-02	
 -.0000454	 3.921569E-02	 1.960784E-02	
 -.0000452	 3.921569E-02	-1.960784E-02	
 -.000045	 3.921569E-02	-1.960784E-02	
 -.0000448	 3.921569E-02	 5.882353E-02	
 -.0000446	 3.921569E-02	 1.960784E-02	
 -.0000444	 .1176471	-1.960784E-02	
 -.0000442	 3.921569E-02	 1.960784E-02	
 -.000044	 .1176471	 5.882353E-02	
 -.0000438	 .1176471	-1.960784E-02	
 -.0000436	 3.921569E-02	 1.960784E-02	
 -.0000434	 3.921569E-02	 1.960784E-02	
 -.0000432	 3.921569E-02	 1.960784E-02	
 -.000043	 3.921569E-02	 1.960784E-02	
 -.0000428	 3.921569E-02	 1.960784E-02	
 -.0000426	 .1176471	 1.960784E-02	
 -.0000424	 3.921569E-02	 1.960784E-02	
 -.0000422	 3.921569E-02	 5.882353E-02	
 -.000042	 3.921569E-02	 5.882353E-02	
 -.0000418	 3.921569E-02	-1.960784E-02	
 -.0000416	 3.921569E-02	-1.960784E-02	
 -.0000414	 .1960784	 5.882353E-02	
 -.0000412	 3.921569E-02	 1.960784E-02	
 -.000041	 3.921569E-02	 5.882353E-02	
 -.0000408	 .1176471	 1.960784E-02	
 -.0000406	 .1176471	 1.960784E-02	
 -.0000404	 3.921569E-02	-1.960784E-02	
 -.0000402	 .1176471	 1.960784E-02	
 -.00004	 .1960784	-1.960784E-02	
 -.0000398	 .1176471	 1.960784E-02	
 -.0000396	 3.921569E-02	-1.960784E-02	
 -.0000394	 .1176471	 1.960784E-02	
 -.0000392	 3.921569E-02	 5.882353E-02	
 -.000039	 .1176471	 1.960784E-02	
 -.0000388	 3.921569E-02	 1.960784E-02	
 -.0000386	 3.921569E-02	 5.882353E-02	
 -.0000384	 .1176471	 1.960784E-02	
 -.0000382	 3.921569E-02	-1.960784E-02	
 -.000038	 .1176471	 1.960784E-02	
 -.0000378	 .1176471	-1.960784E-02	
 -.0000376	 3.921569E-02	 5.882353E-02	
 -.0000374	 3.921569E-02	 1.960784E-02	
 -.0000372	 .1176471	 1.960784E-02	
 -.000037	 .1176471	 5.882353E-02	
 -.0000368	 3.921569E-02	 1.960784E-02	
 -.0000366	 .1960784	 1.960784E-02	
 -.0000364	 .1176471	 1.960784E-02	
 -.0000362	 .1960784	-1.960784E-02	
 -.000036	 3.921569E-02	 5.882353E-02	
 -.0000358	 .1176471	 5.882353E-02	
 -.0000356	 3.921569E-02	 1.960784E-02	
 -.0000354	 .1176471	-1.960784E-02	
 -.0000352	 3.921569E-02	 1.960784E-02	
 -.000035	 3.921569E-02	-1.960784E-02	
 -.0000348	 .1176471	 1.960784E-02	
 -.0000346	 .1176471	-1.960784E-02	
 -.0000344	 3.921569E-02	 5.882353E-02	
 -.0000342	 3.921569E-02	-1.960784E-02	
 -.000034	 .1176471	 5.882353E-02	
 -.0000338	 .1176471	 1.960784E-02	
 -.0000336	 3.921569E-02	 5.882353E-02	
 -.0000334	 3.921569E-02	-1.960784E-02	
 -.0000332	 3.921569E-02	 5.882353E-02	
 -.000033	 3.921569E-02	 1.960784E-02	
 -.0000328	 .1960784	 5.882353E-02	
 -.0000326	 3.921569E-02	 1.960784E-02	
 -.0000324	 3.921569E-02	-1.960784E-02	
 -.0000322	 3.921569E-02	 1.960784E-02	
 -.000032	 .1176471	 1.960784E-02	
 -.0000318	 .1176471	-1.960784E-02	
 -.0000316	 3.921569E-02	 1.960784E-02	
 -.0000314	 3.921569E-02	 1.960784E-02	
 -.0000312	 3.921569E-02	 5.882353E-02	
 -.000031	 .1176471	 1.960784E-02	
 -.0000308	 3.921569E-02	 1.960784E-02	
 -.0000306	 .1176471	-1.960784E-02	
 -.0000304	 .1176471	 1.960784E-02	
 -.0000302	 .1176471	-1.960784E-02	
 -.00003	 3.921569E-02	 1.960784E-02	
 -.0000298	 3.921569E-02	 1.960784E-02	
 -.0000296	 .1176471	 1.960784E-02	
 -.0000294	 .1176471	 1.960784E-02	
 -.0000292	 3.921569E-02	 1.960784E-02	
 -.000029	 .1176471	 1.960784E-02	
 -.0000288	 .1176471	 1.960784E-02	
 -.0000286	 3.921569E-02	 1.960784E-02	
 -.0000284	 3.921569E-02	 1.960784E-02	
 -.0000282	 .1960784	 1.960784E-02	
 -.000028	 3.921569E-02	 5.882353E-02	
 -.0000278	 .1176471	 5.882353E-02	
 -.0000276	 .1176471	 1.960784E-02	
 -.0000274	 .1176471	-1.960784E-02	
 -.0000272	 3.921569E-02	 5.882353E-02	
 -.000027	 3.921569E-02	 5.882353E-02	
 -.0000268	 .1176471	 1.960784E-02	
 -.0000266	 3.921569E-02	 1.960784E-02	
 -.0000264	 .1960784	 5.882353E-02	
 -.0000262	 .1176471	 1.960784E-02	
 -.000026	 3.921569E-02	 5.882353E-02	
 -.0000258	 3.921569E-02	 5.882353E-02	
 -.0000256	 .1176471	 1.960784E-02	
 -.0000254	 3.921569E-02	 5.882353E-02	
 -.0000252	 .1176471	 1.960784E-02	
 -.000025	 3.921569E-02	-1.960784E-02	
 -.0000248	 3.921569E-02	 1.960784E-02	
 -.0000246	 3.921569E-02	-1.960784E-02	
 -.0000244	 3.921569E-02	 5.882353E-02	
 -.0000242	 .1176471	-1.960784E-02	
 -.000024	 .1960784	 1.960784E-02	
 -.0000238	 .1176471	 5.882353E-02	
 -.0000236	 .1176471	-1.960784E-02	
 -.0000234	 .1176471	 5.882353E-02	
 -.0000232	 3.921569E-02	 1.960784E-02	
 -.000023	 .1960784	 5.882353E-02	
 -.0000228	 .1960784	 5.882353E-02	
 -.0000226	 3.921569E-02	-1.960784E-02	
 -.0000224	 .1960784	 5.882353E-02	
 -.0000222	 3.921569E-02	-1.960784E-02	
 -.000022	 3.921569E-02	 1.960784E-02	
 -.0000218	 3.921569E-02	 5.882353E-02	
 -.0000216	 .1960784	 1.960784E-02	
 -.0000214	 .1960784	 1.960784E-02	
 -.0000212	 3.921569E-02	 1.960784E-02	
 -.000021	 3.921569E-02	 5.882353E-02	
 -.0000208	 .1176471	-1.960784E-02	
 -.0000206	-3.921569E-02	 1.960784E-02	
 -.0000204	 3.921569E-02	-1.960784E-02	
 -.0000202	 .1960784	-1.960784E-02	
 -.00002	 .1960784	 1.960784E-02	
 -.0000198	 .1176471	-1.960784E-02	
 -.0000196	 .1176471	 1.960784E-02	
 -.0000194	 .1176471	 1.960784E-02	
 -.0000192	 .1176471	-1.960784E-02	
 -.000019	 .1176471	-1.960784E-02	
 -.0000188	 .1176471	 1.960784E-02	
 -.0000186	 .1176471	 1.960784E-02	
 -.0000184	 3.921569E-02	 5.882353E-02	
 -.0000182	 .1176471	 1.960784E-02	
 -.000018	 .1176471	 1.960784E-02	
 -.0000178	 3.921569E-02	 1.960784E-02	
 -.0000176	 .1176471	 5.882353E-02	
 -.0000174	 .1176471	 5.882353E-02	
 -.0000172	 .1176471	 5.882353E-02	
 -.000017	 3.921569E-02	 5.882353E-02	
 -.0000168	 .1960784	 5.882353E-02	
 -.0000166	 .1960784	 5.882353E-02	
 -.0000164	 .1176471	 1.960784E-02	
 -.0000162	 .1176471	 5.882353E-02	
 -.000016	 .1176471	 1.960784E-02	
 -.0000158	 3.921569E-02	 1.960784E-02	
 -.0000156	 3.921569E-02	-1.960784E-02	
 -.0000154	 .1176471	 1.960784E-02	
 -.0000152	 3.921569E-02	 1.960784E-02	
 -.000015	 3.921569E-02	 5.882353E-02	
 -.0000148	 .1176471	 1.960784E-02	
 -.0000146	 3.921569E-02	 5.882353E-02	
 -.0000144	 3.921569E-02	 1.960784E-02	
 -.0000142	 .1176471	 1.960784E-02	
 -.000014	 .1176471	-1.960784E-02	
 -.0000138	 3.921569E-02	 1.960784E-02	
 -.0000136	 .1176471	 1.960784E-02	
 -.0000134	 3.921569E-02	 1.960784E-02	
 -.0000132	 3.921569E-02	-1.960784E-02	
 -.000013	 .1960784	 1.960784E-02	
 -.0000128	 3.921569E-02	 5.882353E-02	
 -.0000126	 .1176471	 1.960784E-02	
 -.0000124	 3.921569E-02	-1.960784E-02	
 -.0000122	 .1176471	-1.960784E-02	
 -.000012	 .1176471	 1.960784E-02	
 -.0000118	 3.921569E-02	 5.882353E-02	
 -.0000116	 .1176471	 1.960784E-02	
 -.0000114	 .1176471	 1.960784E-02	
 -.0000112	 .1176471	 1.960784E-02	
 -.000011	 3.921569E-02	 1.960784E-02	
 -.0000108	 .1176471	-1.960784E-02	
 -.0000106	 .1176471	 1.960784E-02	
 -.0000104	 3.921569E-02	 1.960784E-02	
 -.0000102	 3.921569E-02	 5.882353E-02	
 -.00001	 .1176471	 9.803922E-02	
 -.0000098	 .1176471	 1.960784E-02	
 -.0000096	 .1176471	 9.803922E-02	
 -.0000094	 .1176471	 5.882353E-02	
 -.0000092	 .1176471	 5.882353E-02	
 -.000009	 3.921569E-02	 5.882353E-02	
 -.0000088	 .1176471	 1.960784E-02	
 -.0000086	 3.921569E-02	 1.960784E-02	
 -.0000084	 .1176471	 1.960784E-02	
 -.0000082	 3.921569E-02	 9.803922E-02	
 -.000008	 3.921569E-02	 5.882353E-02	
 -.0000078	 .1176471	 5.882353E-02	
 -.0000076	 .1176471	 1.960784E-02	
 -.0000074	 3.921569E-02	 9.803922E-02	
 -.0000072	 3.921569E-02	 5.882353E-02	
 -.000007	 3.921569E-02	 1.960784E-02	
 -.0000068	 3.921569E-02	 1.960784E-02	
 -.0000066	 .1960784	 9.803922E-02	
 -.0000064	 3.921569E-02	 .1372549	
 -.0000062	 .1176471	 5.882353E-02	
 -.000006	 3.921569E-02	 9.803922E-02	
 -.0000058	 .1176471	 1.960784E-02	
 -.0000056	 3.921569E-02	 1.960784E-02	
 -.0000054	 3.921569E-02	 1.960784E-02	
 -.0000052	-3.921569E-02	 1.960784E-02	
 -.000005	 3.921569E-02	 1.960784E-02	
 -.0000048	 3.921569E-02	 1.960784E-02	
 -.0000046	 3.921569E-02	 1.960784E-02	
 -.0000044	 .1176471	 5.882353E-02	
 -.0000042	 .1960784	 1.960784E-02	
 -.000004	 .1176471	 5.882353E-02	
 -.0000038	 3.921569E-02	 5.882353E-02	
 -.0000036	 3.921569E-02	 5.882353E-02	
 -.0000034	 3.921569E-02	 1.960784E-02	
 -.0000032	 .1176471	 5.882353E-02	
 -.000003	 .1960784	 1.960784E-02	
 -.0000028	 .1176471	 1.960784E-02	
 -.0000026	 .1960784	 9.803922E-02	
 -.0000024	 3.921569E-02	 5.882353E-02	
 -.0000022	 3.921569E-02	 1.960784E-02	
 -.000002	 3.921569E-02	 5.882353E-02	
 -.0000018	-.7450981	-5.882353E-02	
 -.0000016	-.6666667	 .5686275	
 -.0000014	-.8235294	 .8823529	
 -.0000012	-.8235294	 1.313725	
 -.000001	-.8235294	 1.666667	
 -.0000008	-.9019608	 1.823529	
 -.0000006	-.9803922	 2.058824	
 -.0000004	-.9019608	 2.254902	
 -.0000002	-.9803922	 2.411765	
  0	-1.137255	 2.529412	
  .0000002	-1.137255	 2.72549	
  .0000004	-1.215686	 2.764706	
  .0000006	-1.215686	 2.882353	
  .0000008	-1.215686	 3	
  .000001	-1.372549	 3.039216	
  .0000012	-1.294118	 3.078431	
  .0000014	-1.372549	 3.156863	
  .0000016	-1.45098	 3.196079	
  .0000018	-1.45098	 3.196079	
  .000002	-1.529412	 3.196079	
  .0000022	-1.607843	 3.196079	
  .0000024	-1.607843	 3.27451	
  .0000026	-1.686275	 3.313725	
  .0000028	-1.686275	 3.27451	
  .000003	-1.686275	 3.27451	
  .0000032	-1.686275	 3.27451	
  .0000034	-1.764706	 3.313725	
  .0000036	-1.843137	 3.27451	
  .0000038	-1.921569	 3.196079	
  .000004	-2	 3.196079	
  .0000042	-2.078431	 3.27451	
  .0000044	-2	 3.235294	
  .0000046	-2.078431	 3.235294	
  .0000048	-2.078431	 3.27451	
  .000005	-2.156863	 3.156863	
  .0000052	-2.235294	 3.156863	
  .0000054	-2.313725	 3.117647	
  .0000056	-2.392157	 3.078431	
  .0000058	-2.392157	 3.156863	
  .000006	-2.470588	 3.117647	
  .0000062	-2.470588	 3.078431	
  .0000064	-2.627451	 3.039216	
  .0000066	-2.705882	 3.039216	
  .0000068	-2.705882	 3	
  .000007	-2.862745	 2.960784	
  .0000072	-2.941176	 2.921569	
  .0000074	-2.941176	 2.921569	
  .0000076	-3.176471	 2.882353	
  .0000078	-3.176471	 2.843137	
  .000008	-3.333333	 2.843137	
  .0000082	-3.411765	 2.764706	
  .0000084	-3.647059	 2.686275	
  .0000086	-3.72549	 2.686275	
  .0000088	-4.039216	 2.568627	
  .000009	-4.27451	 2.45098	
  .0000092	-4.509804	 2.372549	
  .0000094	-4.745098	 2.294118	
  .0000096	-4.980392	 2.254902	
  .0000098	-5.058824	 2.215686	
  .00001	-5.294117	 2.176471	
  .0000102	-5.45098	 2.176471	
  .0000104	-5.607843	 2.058824	
  .0000106	-6	 1.980392	
  .0000108	-6.235294	 1.862745	
  .000011	-6.54902	 1.745098	
  .0000112	-6.941176	 1.509804	
  .0000114	-7.333333	 1.352941	
  .0000116	-7.803922	 1.235294	
  .0000118	-8.352942	 1.117647	
  .000012	-8.745098	 1	
  .0000122	-9.137255	 .8823529	
  .0000124	-9.529411	 .8039216	
  .0000126	-9.921569	 .7254902	
  .0000128	-9.921569	 .6078432	
  .000013	-9.921569	 .5294118	
  .0000132	-9.921569	 .4117647	
  .0000134	-9.921569	 .2156863	
  .0000136	-9.921569	-1.960784E-02	
  .0000138	-9.921569	-.2156863	
  .000014	-9.921569	-.4117647	
  .0000142	-9.294118	 2.215686	
  .0000144	-8.039216	 2.529412	
  .0000146	-7.176471	 2.45098	
  .0000148	-6.627451	 2.45098	
  .000015	-5.921568	 2.490196	
  .0000152	-5.294117	 2.490196	
  .0000154	-4.745098	 2.490196	
  .0000156	-4.352941	 2.490196	
  .0000158	-3.960784	 2.490196	
  .000016	-3.647059	 2.411765	
  .0000162	-3.411765	 2.411765	
  .0000164	-3.098039	 2.411765	
  .0000166	-2.941176	 2.372549	
  .0000168	-2.705882	 2.372549	
  .000017	-2.54902	 2.294118	
  .0000172	-2.392157	 2.372549	
  .0000174	-2.392157	 2.333333	
  .0000176	-2.235294	 2.254902	
  .0000178	-2.156863	 2.254902	
  .000018	-2	 2.254902	
  .0000182	-2	 2.215686	
  .0000184	-1.921569	 2.176471	
  .0000186	-1.843137	 2.098039	
  .0000188	-1.843137	 2.098039	
  .000019	-1.764706	 2.098039	
  .0000192	-1.764706	 1.980392	
  .0000194	-1.607843	 1.980392	
  .0000196	-1.607843	 1.980392	
  .0000198	-1.607843	 1.980392	
  .00002	-1.607843	 1.941176	
  .0000202	-1.529412	 1.862745	
  .0000204	-1.607843	 1.862745	
  .0000206	-1.607843	 1.823529	
  .0000208	-1.607843	 1.784314	
  .000021	-1.529412	 1.784314	
  .0000212	-1.529412	 1.705882	
  .0000214	-1.45098	 1.705882	
  .0000216	-1.45098	 1.666667	
  .0000218	-1.372549	 1.627451	
  .000022	-1.45098	 1.627451	
  .0000222	-1.372549	 1.509804	
  .0000224	-1.45098	 1.509804	
  .0000226	-1.45098	 1.470588	
  .0000228	-1.372549	 1.470588	
  .000023	-1.372549	 1.392157	
  .0000232	-1.45098	 1.392157	
  .0000234	-1.45098	 1.392157	
  .0000236	-1.372549	 1.352941	
  .0000238	-1.372549	 1.27451	
  .000024	-1.294118	 1.27451	
  .0000242	-1.215686	 1.235294	
  .0000244	-1.372549	 1.156863	
  .0000246	-1.372549	 1.117647	
  .0000248	-1.294118	 1.117647	
  .000025	-1.294118	 1.078431	
  .0000252	-1.372549	 1.039216	
  .0000254	-1.294118	 1.039216	
  .0000256	-1.294118	 .9607843	
  .0000258	-1.137255	 .9607843	
  .000026	-1.294118	 .9607843	
  .0000262	-1.215686	 .9215686	
  .0000264	-1.215686	 .8823529	
  .0000266	-1.137255	 .8823529	
  .0000268	-1.215686	 .8431373	
  .000027	-1.215686	 .7647059	
  .0000272	-1.137255	 .7647059	
  .0000274	-1.215686	 .7254902	
  .0000276	-1.137255	 .6470588	
  .0000278	-1.215686	 .6862745	
  .000028	-1.137255	 .6862745	
  .0000282	-1.137255	 .6470588	
  .0000284	-1.215686	 .6078432	
  .0000286	-1.137255	 .5686275	
  .0000288	-1.137255	 .4901961	
  .000029	-1.058824	 .4901961	
  .0000292	-1.137255	 .4509804	
  .0000294	-1.058824	 .4509804	
  .0000296	-1.058824	 .4509804	
  .0000298	-.9803922	 .372549	
  .00003	-1.058824	 .4117647	
  .0000302	-1.137255	 .3333333	
  .0000304	-.9803922	 .2941177	
  .0000306	-.9803922	 .2156863	
  .0000308	-1.058824	 .2941177	
  .000031	-.9803922	 .2156863	
  .0000312	-.9803922	 .254902	
  .0000314	-.9803922	 .2156863	
  .0000316	-.9803922	 .1764706	
  .0000318	-1.058824	 9.803922E-02	
  .000032	-1.058824	 9.803922E-02	
  .0000322	-.9803922	 9.803922E-02	
  .0000324	-.9803922	-1.960784E-02	
  .0000326	-.9803922	-1.960784E-02	
  .0000328	-.9019608	-5.882353E-02	
  .000033	-.9803922	-5.882353E-02	
  .0000332	-.9803922	-5.882353E-02	
  .0000334	-.9803922	-.1372549	
  .0000336	-.9803922	-.1372549	
  .0000338	-.9019608	-.2156863	
  .000034	-.8235294	-.2156863	
  .0000342	-.9019608	-.254902	
  .0000344	-.8235294	-.254902	
  .0000346	-.8235294	-.2941177	
  .0000348	-.7450981	-.372549	
  .000035	-.7450981	-.372549	
  .0000352	-.7450981	-.4117647	
  .0000354	-.6666667	-.4509804	
  .0000356	-.6666667	-.4509804	
  .0000358	-.8235294	-.4901961	
  .000036	-.8235294	-.4901961	
  .0000362	-.7450981	-.5686275	
  .0000364	-.5882353	-.5686275	
  .0000366	-.7450981	-.6078432	
  .0000368	-.6666667	-.6862745	
  .000037	-.6666667	-.6470588	
  .0000372	-.7450981	-.7254902	
  .0000374	-.6666667	-.8039216	
  .0000376	-.6666667	-.8039216	
  .0000378	-.509804	-.8039216	
  .000038	-.509804	-.8431373	
  .0000382	-.5882353	-.8431373	
  .0000384	-.5882353	-.9215686	
  .0000386	-.4313726	-.9607843	
  .0000388	-.509804	-1	
  .000039	-.509804	-1.078431	
  .0000392	-.509804	-1.078431	
  .0000394	-.4313726	-1.078431	
  .0000396	-.4313726	-1.117647	
  .0000398	-.509804	-1.196078	
  .00004	-.509804	-1.196078	
  .0000402	-.4313726	-1.235294	
  .0000404	-.509804	-1.235294	
  .0000406	-.4313726	-1.27451	
  .0000408	-.3529412	-1.313725	
  .000041	-.3529412	-1.313725	
  .0000412	-.3529412	-1.313725	
  .0000414	-.3529412	-1.352941	
  .0000416	-.3529412	-1.392157	
  .0000418	-.3529412	-1.431373	
  .000042	-.2745098	-1.470588	
  .0000422	-.1960784	-1.470588	
  .0000424	-.2745098	-1.54902	
  .0000426	-.1960784	-1.54902	
  .0000428	-.1176471	-1.509804	
  .000043	-.2745098	-1.588235	
  .0000432	-.1960784	-1.588235	
  .0000434	-.1176471	-1.627451	
  .0000436	-.1960784	-1.627451	
  .0000438	-.1960784	-1.705882	
  .000044	-.1176471	-1.705882	
  .0000442	-.1176471	-1.745098	
  .0000444	-.1960784	-1.745098	
  .0000446	-.1176471	-1.784314	
  .0000448	-.1176471	-1.784314	
  .000045	-3.921569E-02	-1.745098	
  .0000452	-.1176471	-1.784314	
  .0000454	-3.921569E-02	-1.823529	
  .0000456	-3.921569E-02	-1.862745	
  .0000458	-3.921569E-02	-1.901961	
  .000046	-3.921569E-02	-1.901961	
  .0000462	-3.921569E-02	-1.862745	
  .0000464	 .1176471	-1.901961	
  .0000466	-3.921569E-02	-1.941176	
  .0000468	 3.921569E-02	-1.941176	
  .000047	 3.921569E-02	-1.941176	
  .0000472	 3.921569E-02	-1.941176	
  .0000474	 .1176471	-2.019608	
  .0000476	 .1176471	-1.980392	
  .0000478	 .1176471	-2.019608	
  .000048	 3.921569E-02	-2.058824	
  .0000482	 .1960784	-2.058824	
  .0000484	 .1176471	-2.137255	
  .0000486	 .1176471	-2.058824	
  .0000488	 .1176471	-2.098039	
  .000049	 .1176471	-2.098039	
  .0000492	 .1176471	-2.098039	
  .0000494	 .1960784	-2.137255	
  .0000496	 .1960784	-2.176471	
  .0000498	 .2745098	-2.176471	
  .00005	 .2745098	-2.215686	
  .0000502	 .3529412	-2.176471	
  .0000504	 .1960784	-2.215686	
  .0000506	 .1960784	-2.254902	
  .0000508	 .1960784	-2.254902	
  .000051	 .3529412	-2.254902	
  .0000512	 .1960784	-2.294118	
  .0000514	 .2745098	-2.294118	
  .0000516	 .3529412	-2.294118	
  .0000518	 .3529412	-2.333333	
  .000052	 .2745098	-2.294118	
  .0000522	 .3529412	-2.372549	
  .0000524	 .3529412	-2.372549	
  .0000526	 .4313726	-2.411765	
  .0000528	 .3529412	-2.333333	
  .000053	 .4313726	-2.372549	
  .0000532	 .4313726	-2.411765	
  .0000534	 .4313726	-2.45098	
  .0000536	 .4313726	-2.45098	
  .0000538	 .4313726	-2.45098	
  .000054	 .509804	-2.45098	
  .0000542	 .509804	-2.411765	
  .0000544	 .509804	-2.490196	
  .0000546	 .509804	-2.45098	
  .0000548	 .5882353	-2.490196	
  .000055	 .5882353	-2.529412	
  .0000552	 .6666667	-2.529412	
  .0000554	 .5882353	-2.529412	
  .0000556	 .5882353	-2.529412	
  .0000558	 .5882353	-2.490196	
  .000056	 .6666667	-2.529412	
  .0000562	 .6666667	-2.568627	
  .0000564	 .7450981	-2.529412	
  .0000566	 .6666667	-2.529412	
  .0000568	 .7450981	-2.215686	
  .000057	 .9803922	-2.372549	
  .0000572	 .9803922	-2.294118	
  .0000574	 1.058824	-2.333333	
  .0000576	 1.137255	-2.294118	
  .0000578	 1.294118	-2.372549	
  .000058	 1.294118	-2.254902	
  .0000582	 1.215686	-2.294118	
  .0000584	 1.372549	-2.333333	
  .0000586	 1.294118	-2.294118	
  .0000588	 1.294118	-2.254902	
  .000059	 1.45098	-2.254902	
  .0000592	 1.45098	-2.254902	
  .0000594	 1.372549	-2.294118	
  .0000596	 1.372549	-2.215686	
  .0000598	 1.45098	-2.215686	
  .00006	 1.45098	-2.215686	
  .0000602	 1.372549	-2.294118	
  .0000604	 1.45098	-2.254902	
  .0000606	 1.45098	-2.254902	
  .0000608	 1.372549	-2.254902	
  .000061	 1.372549	-2.215686	
  .0000612	 1.45098	-2.254902	
  .0000614	 1.45098	-2.254902	
  .0000616	 1.45098	-2.254902	
  .0000618	 1.529412	-2.254902	
  .000062	 1.529412	-2.254902	
  .0000622	 1.45098	-2.254902	
  .0000624	 1.607843	-2.176471	
  .0000626	 1.529412	-2.176471	
  .0000628	 1.529412	-2.215686	
  .000063	 1.529412	-2.254902	
  .0000632	 1.607843	-2.215686	
  .0000634	 1.45098	-2.254902	
  .0000636	 1.45098	-2.215686	
  .0000638	 1.45098	-2.215686	
  .000064	 1.45098	-2.176471	
  .0000642	 1.529412	-2.176471	
  .0000644	 1.45098	-2.176471	
  .0000646	 1.45098	-2.137255	
  .0000648	 1.529412	-2.137255	
  .000065	 1.45098	-2.137255	
  .0000652	 1.529412	-2.137255	
  .0000654	 1.529412	-2.137255	
  .0000656	 1.45098	-2.137255	
  .0000658	 1.45098	-2.137255	
  .000066	 1.607843	-2.098039	
  .0000662	 1.607843	-2.098039	
  .0000664	 1.45098	-2.098039	
  .0000666	 1.45098	-2.098039	
  .0000668	 1.529412	-2.098039	
  .000067	 1.45098	-2.058824	
  .0000672	 1.607843	-2.098039	
  .0000674	 1.529412	-2.019608	
  .0000676	 1.529412	-2.058824	
  .0000678	 1.529412	-2.058824	
  .000068	 1.529412	-2.019608	
  .0000682	 1.607843	-2.058824	
  .0000684	 1.529412	-1.980392	
  .0000686	 1.45098	-1.980392	
  .0000688	 1.529412	-2.019608	
  .000069	 1.529412	-1.941176	
  .0000692	 1.529412	-1.980392	
  .0000694	 1.529412	-1.941176	
  .0000696	 1.529412	-1.980392	
  .0000698	 1.45098	-1.941176	
  .00007	 1.607843	-1.901961	
  .0000702	 1.45098	-1.901961	
  .0000704	 1.45098	-1.901961	
  .0000706	 1.45098	-1.901961	
  .0000708	 1.529412	-1.862745	
  .000071	 1.529412	-1.823529	
  .0000712	 1.45098	-1.862745	
  .0000714	 1.529412	-1.862745	
  .0000716	 1.607843	-1.862745	
  .0000718	 1.372549	-1.823529	
  .000072	 1.45098	-1.823529	
  .0000722	 1.45098	-1.784314	
  .0000724	 1.529412	-1.784314	
  .0000726	 1.45098	-1.784314	
  .0000728	 1.45098	-1.784314	
  .000073	 1.529412	-1.745098	
  .0000732	 1.45098	-1.745098	
  .0000734	 1.45098	-1.705882	
  .0000736	 1.529412	-1.666667	
  .0000738	 1.372549	-1.705882	
  .000074	 1.45098	-1.666667	
  .0000742	 1.372549	-1.627451	
  .0000744	 1.45098	-1.627451	
  .0000746	 1.372549	-1.627451	
  .0000748	 1.529412	-1.627451	
  .000075	 1.45098	-1.588235	
  .0000752	 1.45098	-1.588235	
  .0000754	 1.45098	-1.54902	
  .0000756	 1.45098	-1.54902	
  .0000758	 1.372549	-1.54902	
  .000076	 1.45098	-1.509804	
  .0000762	 1.529412	-1.470588	
  .0000764	 1.45098	-1.470588	
  .0000766	 1.372549	-1.470588	
  .0000768	 1.45098	-1.431373	
  .000077	 1.45098	-1.431373	
  .0000772	 1.372549	-1.431373	
  .0000774	 1.45098	-1.352941	
  .0000776	 1.45098	-1.431373	
  .0000778	 1.372549	-1.352941	
  .000078	 1.372549	-1.352941	
  .0000782	 1.45098	-1.352941	
  .0000784	 1.45098	-1.313725	
  .0000786	 1.45098	-1.27451	
  .0000788	 1.372549	-1.313725	
  .000079	 1.372549	-1.196078	
  .0000792	 1.294118	-1.235294	
  .0000794	 1.372549	-1.196078	
  .0000796	 1.372549	-1.156863	
  .0000798	 1.45098	-1.156863	
  .00008	 1.372549	-1.156863	
  .0000802	 1.372549	-1.156863	
  .0000804	 1.372549	-1.117647	
  .0000806	 1.215686	-1.039216	
  .0000808	 1.294118	-1.039216	
  .000081	 1.215686	-1	
  .0000812	 1.215686	-1	
  .0000814	 1.294118	-1	
  .0000816	 1.372549	-.9607843	
  .0000818	 1.294118	-.9607843	
  .000082	 1.294118	-.9215686	
  .0000822	 1.372549	-.8431373	
  .0000824	 1.294118	-.8431373	
  .0000826	 1.215686	-.8431373	
  .0000828	 1.372549	-.8039216	
  .000083	 1.294118	-.8039216	
  .0000832	 1.215686	-.8039216	
  .0000834	 1.215686	-.7647059	
  .0000836	 1.137255	-.7254902	
  .0000838	 1.137255	-.7254902	
  .000084	 1.215686	-.6862745	
  .0000842	 1.137255	-.7254902	
  .0000844	 1.215686	-.6470588	
  .0000846	 1.215686	-.6470588	
  .0000848	 1.215686	-.6078432	
  .000085	 1.137255	-.6470588	
  .0000852	 1.058824	-.6078432	
  .0000854	 1.137255	-.5686275	
  .0000856	 1.137255	-.5686275	
  .0000858	 1.137255	-.5294118	
  .000086	 1.215686	-.5294118	
  .0000862	 1.137255	-.4509804	
  .0000864	 1.137255	-.4117647	
  .0000866	 1.058824	-.4117647	
  .0000868	 1.058824	-.372549	
  .000087	 1.137255	-.372549	
  .0000872	 1.058824	-.2941177	
  .0000874	 1.058824	-.3333333	
  .0000876	 1.058824	-.2941177	
  .0000878	 1.058824	-.254902	
  .000088	 1.058824	-.254902	
  .0000882	 1.058824	-.2156863	
  .0000884	 .9803922	-.254902	
  .0000886	 1.058824	-.1764706	
  .0000888	 1.058824	-.1372549	
  .000089	 .9803922	-.1372549	
  .0000892	 1.058824	-.1372549	
  .0000894	 .9803922	-9.803922E-02	
  .0000896	 .9803922	-9.803922E-02	
  .0000898	 1.058824	-9.803922E-02	
  .00009	 1.058824	-1.960784E-02	
  .0000902	 .9803922	-1.960784E-02	
  .0000904	 .9803922	-1.960784E-02	
  .0000906	 .9803922	 1.960784E-02	
  .0000908	 .9019608	 1.960784E-02	
  .000091	 .9019608	 5.882353E-02	
  .0000912	 .9803922	 5.882353E-02	
  .0000914	 .9803922	 9.803922E-02	
  .0000916	 .9019608	 .1764706	
  .0000918	 .9019608	 .1372549	
  .000092	 .9803922	 .1372549	
  .0000922	 .8235294	 .1372549	
  .0000924	 .9019608	 .1764706	
  .0000926	 .9019608	 .2156863	
  .0000928	 .8235294	 .254902	
  .000093	 .8235294	 .2156863	
  .0000932	 .7450981	 .254902	
  .0000934	 .8235294	 .2941177	
  .0000936	 .8235294	 .2941177	
  .0000938	 .7450981	 .2941177	
  .000094	 .7450981	 .372549	
  .0000942	 .7450981	 .372549	
  .0000944	 .8235294	 .372549	
  .0000946	 .7450981	 .4117647	
  .0000948	 .9019608	 .4117647	
  .000095	 .6666667	 .4509804	
  .0000952	 .8235294	 .4509804	
  .0000954	 .7450981	 .4901961	
  .0000956	 .7450981	 .5294118	
  .0000958	 .6666667	 .5294118	
  .000096	 .7450981	 .5294118	
  .0000962	 .7450981	 .5294118	
  .0000964	 .7450981	 .6078432	
  .0000966	 .6666667	 .6078432	
  .0000968	 .7450981	 .6078432	
  .000097	 .6666667	 .6470588	
  .0000972	 .7450981	 .6470588	
  .0000974	 .6666667	 .6862745	
  .0000976	 .6666667	 .7254902	
  .0000978	 .6666667	 .7254902	
  .000098	 .6666667	 .7647059	
  .0000982	 .6666667	 .7647059	
  .0000984	 .509804	 .8039216	
  .0000986	 .6666667	 .8039216	
  .0000988	 .5882353	 .8039216	
  .000099	 .5882353	 .8039216	
  .0000992	 .509804	 .8823529	
  .0000994	 .509804	 .8823529	
  .0000996	 .5882353	 .9215686	
  .0000998	 .509804	 .9215686	
  .0001	 .5882353	 .9607843	
  .0001002	 .5882353	 .9215686	
  .0001004	 .4313726	 .9607843	
  .0001006	 .509804	 1	
  .0001008	 .509804	 1	
  .000101	 .509804	 1.039216	
  .0001012	 .509804	 1.078431	
  .0001014	 .509804	 1.039216	
  .0001016	 .509804	 1.078431	
  .0001018	 .4313726	 1.078431	
  .000102	 .509804	 1.156863	
  .0001022	 .509804	 1.078431	
  .0001024	 .4313726	 1.117647	
  .0001026	 .3529412	 1.156863	
  .0001028	 .509804	 1.156863	
  .000103	 .2745098	 1.117647	
  .0001032	 .3529412	 1.156863	
  .0001034	 .3529412	 1.196078	
  .0001036	 .3529412	 1.156863	
  .0001038	 .3529412	 1.156863	
  .000104	 .3529412	 1.196078	
  .0001042	 .2745098	 1.235294	
  .0001044	 .2745098	 1.196078	
  .0001046	 .3529412	 1.235294	
  .0001048	 .2745098	 1.196078	
  .000105	 .2745098	 1.235294	
  .0001052	 .2745098	 1.196078	
  .0001054	 .2745098	 1.27451	
  .0001056	 .2745098	 1.27451	
  .0001058	 .3529412	 1.27451	
  .000106	 .2745098	 1.313725	
  .0001062	 .2745098	 1.313725	
  .0001064	 .1176471	 1.313725	
  .0001066	 .1960784	 1.27451	
  .0001068	 .2745098	 1.27451	
  .000107	 .2745098	 1.352941	
  .0001072	 .1176471	 1.313725	
  .0001074	 .1960784	 1.352941	
  .0001076	 .1960784	 1.313725	
  .0001078	 .1176471	 1.392157	
  .000108	 .1176471	 1.431373	
  .0001082	 .1176471	 1.392157	
  .0001084	 .1176471	 1.352941	
  .0001086	 .1176471	 1.352941	
  .0001088	 .1176471	 1.431373	
  .000109	-3.921569E-02	 1.431373	
  .0001092	 .1176471	 1.431373	
  .0001094	 .1176471	 1.431373	
  .0001096	 .1960784	 1.470588	
  .0001098	 3.921569E-02	 1.392157	
  .00011	 3.921569E-02	 1.392157	
  .0001102	 .1176471	 1.392157	
  .0001104	 .1176471	 1.431373	
  .0001106	 3.921569E-02	 1.470588	
  .0001108	 3.921569E-02	 1.470588	
  .000111	 3.921569E-02	 1.431373	
  .0001112	 .1176471	 1.470588	
  .0001114	-3.921569E-02	 1.54902	
  .0001116	-.1176471	 1.470588	
  .0001118	-3.921569E-02	 1.470588	
  .000112	-3.921569E-02	 1.470588	
  .0001122	-3.921569E-02	 1.470588	
  .0001124	-3.921569E-02	 1.54902	
  .0001126	-.1176471	 1.54902	
  .0001128	-.1176471	 1.54902	
  .000113	 3.921569E-02	 1.509804	
  .0001132	-.1176471	 1.54902	
  .0001134	-.1960784	 1.54902	
  .0001136	-.1176471	 1.54902	
  .0001138	-.2745098	 1.588235	
  .000114	-.1960784	 1.588235	
  .0001142	-.1960784	 1.54902	
  .0001144	-.4313726	 1.470588	
  .0001146	-.4313726	 1.392157	
  .0001148	-.509804	 1.470588	
  .000115	-.5882353	 1.392157	
  .0001152	-.6666667	 1.470588	
  .0001154	-.7450981	 1.431373	
  .0001156	-.7450981	 1.509804	
  .0001158	-.7450981	 1.431373	
  .000116	-.8235294	 1.431373	
  .0001162	-.8235294	 1.470588	
  .0001164	-.8235294	 1.470588	
  .0001166	-.8235294	 1.431373	
  .0001168	-.9019608	 1.509804	
  .000117	-.9019608	 1.470588	
  .0001172	-.8235294	 1.470588	
  .0001174	-.9019608	 1.470588	
  .0001176	-.9019608	 1.470588	
  .0001178	-.9019608	 1.509804	
  .000118	-.8235294	 1.470588	
  .0001182	-.9019608	 1.431373	
  .0001184	-.9803922	 1.509804	
  .0001186	-.9019608	 1.470588	
  .0001188	-1.058824	 1.431373	
  .000119	-.9803922	 1.470588	
  .0001192	-.9803922	 1.470588	
  .0001194	-.9019608	 1.431373	
  .0001196	-.9803922	 1.470588	
  .0001198	-1.058824	 1.509804	
  .00012	-.9803922	 1.470588	
  .0001202	-1.137255	 1.509804	
  .0001204	-1.058824	 1.470588	
  .0001206	-.9803922	 1.470588	
  .0001208	-.9019608	 1.509804	
  .000121	-.9803922	 1.470588	
  .0001212	-.9803922	 1.470588	
  .0001214	-.9803922	 1.470588	
  .0001216	-.9803922	 1.470588	
  .0001218	-.9019608	 1.470588	
  .000122	-.9803922	 1.470588	
  .0001222	-.9803922	 1.431373	
  .0001224	-.9803922	 1.54902	
  .0001226	-.9803922	 1.470588	
  .0001228	-.9803922	 1.470588	
  .000123	-1.058824	 1.470588	
  .0001232	-.9803922	 1.470588	
  .0001234	-.9803922	 1.392157	
  .0001236	-.9803922	 1.392157	
  .0001238	-1.058824	 1.431373	
  .000124	-.9803922	 1.470588	
  .0001242	-.9019608	 1.431373	
  .0001244	-1.058824	 1.431373	
  .0001246	-.9803922	 1.352941	
  .0001248	-.9803922	 1.392157	
  .000125	-.9019608	 1.392157	
  .0001252	-1.058824	 1.392157	
  .0001254	-1.058824	 1.352941	
  .0001256	-.9019608	 1.392157	
  .0001258	-.9019608	 1.392157	
  .000126	-.9803922	 1.392157	
  .0001262	-.9803922	 1.352941	
  .0001264	-.9019608	 1.352941	
  .0001266	-.9019608	 1.313725	
  .0001268	-.9803922	 1.352941	
  .000127	-.9803922	 1.352941	
  .0001272	-.9803922	 1.313725	
  .0001274	-.9803922	 1.313725	
  .0001276	-1.058824	 1.313725	
  .0001278	-1.058824	 1.27451	
  .000128	-.9803922	 1.235294	
  .0001282	-.9019608	 1.27451	
  .0001284	-1.058824	 1.27451	
  .0001286	-.9803922	 1.27451	
  .0001288	-.9803922	 1.235294	
  .000129	-.9019608	 1.27451	
  .0001292	-.9019608	 1.27451	
  .0001294	-.9019608	 1.235294	
  .0001296	-.9803922	 1.196078	
  .0001298	-.9019608	 1.196078	
  .00013	-.9803922	 1.156863	
  .0001302	-.9803922	 1.196078	
  .0001304	-.9803922	 1.156863	
  .0001306	-.9803922	 1.235294	
  .0001308	-.9803922	 1.196078	
  .000131	-.9803922	 1.156863	
  .0001312	-.9019608	 1.156863	
  .0001314	-.9019608	 1.117647	
  .0001316	-.9019608	 1.117647	
  .0001318	-.9803922	 1.117647	
  .000132	-.9803922	 1.156863	
  .0001322	-.9803922	 1.117647	
  .0001324	-.9803922	 1.078431	
  .0001326	-.9803922	 1.117647	
  .0001328	-.9019608	 1.078431	
  .000133	-.9019608	 1.039216	
  .0001332	-.9803922	 1	
  .0001334	-1.058824	 1	
  .0001336	-.9019608	 1.078431	
  .0001338	-.9803922	 1	
  .000134	-.9803922	 1	
  .0001342	-.9019608	 1	
  .0001344	-.8235294	 1	
  .0001346	-.9803922	 .9607843	
  .0001348	-.8235294	 .9215686	
  .000135	-.9019608	 1	
  .0001352	-.9803922	 .9607843	
  .0001354	-.9019608	 .9215686	
  .0001356	-.8235294	 .8823529	
  .0001358	-.8235294	 .8431373	
  .000136	-.9019608	 .9215686	
  .0001362	-.8235294	 .8431373	
  .0001364	-.9019608	 .8431373	
  .0001366	-.9019608	 .8431373	
  .0001368	-.8235294	 .8431373	
  .000137	-.8235294	 .8039216	
  .0001372	-.9019608	 .8039216	
  .0001374	-.8235294	 .8039216	
  .0001376	-.8235294	 .8039216	
  .0001378	-.9803922	 .7647059	
  .000138	-.8235294	 .7647059	
  .0001382	-.9019608	 .6862745	
  .0001384	-.8235294	 .7647059	
  .0001386	-.8235294	 .6470588	
  .0001388	-.8235294	 .6862745	
  .000139	-.9019608	 .6862745	
  .0001392	-.8235294	 .6470588	
  .0001394	-.8235294	 .6470588	
  .0001396	-.8235294	 .6470588	
  .0001398	-.8235294	 .6078432	
  .00014	-.9019608	 .6078432	
  .0001402	-.7450981	 .6470588	
  .0001404	-.8235294	 .6078432	
  .0001406	-.9019608	 .5686275	
  .0001408	-.8235294	 .6078432	
  .000141	-.7450981	 .5294118	
  .0001412	-.7450981	 .5686275	
  .0001414	-.7450981	 .5294118	
  .0001416	-.8235294	 .4901961	
  .0001418	-.8235294	 .4901961	
  .000142	-.7450981	 .4901961	
  .0001422	-.7450981	 .5294118	
  .0001424	-.6666667	 .4509804	
  .0001426	-.8235294	 .4117647	
  .0001428	-.7450981	 .3333333	
  .000143	-.7450981	 .372549	
  .0001432	-.7450981	 .3333333	
  .0001434	-.6666667	 .372549	
  .0001436	-.7450981	 .372549	
  .0001438	-.7450981	 .372549	
  .000144	-.7450981	 .2941177	
  .0001442	-.7450981	 .2941177	
  .0001444	-.6666667	 .254902	
  .0001446	-.6666667	 .2941177	
  .0001448	-.6666667	 .254902	
  .000145	-.7450981	 .2156863	
  .0001452	-.7450981	 .2156863	
  .0001454	-.5882353	 .254902	
  .0001456	-.6666667	 .2156863	
  .0001458	-.5882353	 .1764706	
  .000146	-.7450981	 .1764706	
  .0001462	-.6666667	 .1372549	
  .0001464	-.509804	 9.803922E-02	
  .0001466	-.6666667	 .1764706	
  .0001468	-.6666667	 .1764706	
  .000147	-.5882353	 9.803922E-02	
  .0001472	-.5882353	 9.803922E-02	
  .0001474	-.6666667	 9.803922E-02	
  .0001476	-.5882353	 1.960784E-02	
  .0001478	-.6666667	 1.960784E-02	
  .000148	-.6666667	 1.960784E-02	
  .0001482	-.6666667	 1.960784E-02	
  .0001484	-.6666667	 5.882353E-02	
  .0001486	-.5882353	-1.960784E-02	
  .0001488	-.5882353	-1.960784E-02	
  .000149	-.6666667	-5.882353E-02	
  .0001492	-.5882353	-5.882353E-02	
  .0001494	-.6666667	-5.882353E-02	
  .0001496	-.5882353	-5.882353E-02	
  .0001498	-.5882353	-.1372549	
  .00015	-.509804	-5.882353E-02	
  .0001502	-.4313726	-9.803922E-02	
  .0001504	-.5882353	-.1372549	
  .0001506	-.4313726	-.1372549	
  .0001508	-.5882353	-.1372549	
  .000151	-.5882353	-.1372549	
  .0001512	-.509804	-.1764706	
  .0001514	-.509804	-.2156863	
  .0001516	-.5882353	-.2156863	
  .0001518	-.509804	-.1764706	
  .000152	-.509804	-.1764706	
  .0001522	-.509804	-.2156863	
  .0001524	-.509804	-.2941177	
  .0001526	-.4313726	-.2941177	
  .0001528	-.509804	-.2941177	
  .000153	-.4313726	-.2941177	
  .0001532	-.4313726	-.2941177	
  .0001534	-.509804	-.2941177	
  .0001536	-.509804	-.3333333	
  .0001538	-.4313726	-.372549	
  .000154	-.4313726	-.372549	
  .0001542	-.3529412	-.372549	
  .0001544	-.4313726	-.3333333	
  .0001546	-.3529412	-.4117647	
  .0001548	-.4313726	-.372549	
  .000155	-.4313726	-.4117647	
  .0001552	-.3529412	-.4509804	
  .0001554	-.2745098	-.4509804	
  .0001556	-.3529412	-.4509804	
  .0001558	-.3529412	-.4509804	
  .000156	-.3529412	-.4509804	
  .0001562	-.4313726	-.4901961	
  .0001564	-.3529412	-.5294118	
  .0001566	-.2745098	-.4901961	
  .0001568	-.2745098	-.5686275	
  .000157	-.3529412	-.5294118	
  .0001572	-.2745098	-.5294118	
  .0001574	-.2745098	-.5686275	
  .0001576	-.2745098	-.5686275	
  .0001578	-.2745098	-.6078432	
  .000158	-.2745098	-.6078432	
  .0001582	-.2745098	-.6078432	
  .0001584	-.2745098	-.6470588	
  .0001586	-.2745098	-.6470588	
  .0001588	-.2745098	-.6078432	
  .000159	-.2745098	-.6470588	
  .0001592	-.3529412	-.6862745	
  .0001594	-.2745098	-.6862745	
  .0001596	-.1176471	-.6862745	
  .0001598	-.1960784	-.6470588	
  .00016	-.2745098	-.6470588	
  .0001602	-.1960784	-.7254902	
  .0001604	-.1960784	-.7254902	
  .0001606	-.1960784	-.6862745	
  .0001608	-.1176471	-.7647059	
  .000161	-.1176471	-.7647059	
  .0001612	-.1960784	-.7647059	
  .0001614	-.1176471	-.7647059	
  .0001616	-.1960784	-.7647059	
  .0001618	-.1176471	-.8039216	
  .000162	-.2745098	-.7647059	
  .0001622	-.1176471	-.8039216	
  .0001624	-.1960784	-.8431373	
  .0001626	-.1176471	-.8431373	
  .0001628	-.1960784	-.8431373	
  .000163	-.1176471	-.8823529	
  .0001632	-.1176471	-.8823529	
  .0001634	-.1176471	-.8823529	
  .0001636	-.1176471	-.9215686	
  .0001638	-.1176471	-.9215686	
  .000164	-3.921569E-02	-.9215686	
  .0001642	-3.921569E-02	-.9215686	
  .0001644	-.1176471	-.9215686	
  .0001646	-.1176471	-.9607843	
  .0001648	-3.921569E-02	-.9607843	
  .000165	-3.921569E-02	-.9215686	
  .0001652	 3.921569E-02	-.9215686	
  .0001654	-3.921569E-02	-1	
  .0001656	-3.921569E-02	-.9215686	
  .0001658	-3.921569E-02	-.9607843	
  .000166	 3.921569E-02	-.9607843	
  .0001662	 3.921569E-02	-1	
  .0001664	 3.921569E-02	-.9607843	
  .0001666	 3.921569E-02	-.9607843	
  .0001668	 3.921569E-02	-.9607843	
  .000167	 3.921569E-02	-.9607843	
  .0001672	 3.921569E-02	-1	
  .0001674	 3.921569E-02	-1	
  .0001676	-3.921569E-02	-1	
  .0001678	 3.921569E-02	-1	
  .000168	 3.921569E-02	-1	
  .0001682	 3.921569E-02	-1.039216	
  .0001684	 .1176471	-1.039216	
  .0001686	 .1176471	-.9607843	
  .0001688	 3.921569E-02	-1	
  .000169	 3.921569E-02	-1.039216	
  .0001692	 .1176471	-1	
  .0001694	 3.921569E-02	-1.039216	
  .0001696	 .1176471	-1.078431	
  .0001698	 .1176471	-1.039216	
  .00017	 .1176471	-1	
  .0001702	 3.921569E-02	-1.039216	
  .0001704	 .1176471	-1.078431	
  .0001706	 .1176471	-1.078431	
  .0001708	 .1176471	-1.039216	
  .000171	 .1176471	-1.039216	
  .0001712	 .1176471	-1.078431	
  .0001714	 .4313726	-.8823529	
  .0001716	 .509804	-.9215686	
  .0001718	 .5882353	-.9215686	
  .000172	 .509804	-.9215686	
  .0001722	 .5882353	-.8823529	
  .0001724	 .6666667	-.9215686	
  .0001726	 .7450981	-.9215686	
  .0001728	 .7450981	-.9215686	
  .000173	 .7450981	-.9215686	
  .0001732	 .8235294	-.9215686	
  .0001734	 .8235294	-.9215686	
  .0001736	 .7450981	-.9215686	
  .0001738	 .8235294	-.9215686	
  .000174	 .9019608	-.9607843	
  .0001742	 .8235294	-.9215686	
  .0001744	 .8235294	-.9215686	
  .0001746	 .8235294	-.9215686	
  .0001748	 .8235294	-.9607843	
  .000175	 .8235294	-.9607843	
  .0001752	 .9019608	-.9607843	
  .0001754	 .9019608	-.9607843	
  .0001756	 .9019608	-.9215686	
  .0001758	 .9019608	-.9215686	
  .000176	 .9019608	-.9607843	
  .0001762	 .9019608	-1	
  .0001764	 .9019608	-.9215686	
  .0001766	 .9019608	-.9607843	
  .0001768	 .9019608	-.9607843	
  .000177	 .9019608	-.9215686	
  .0001772	 .9803922	-.9607843	
  .0001774	 .9019608	-1	
  .0001776	 .9019608	-.9607843	
  .0001778	 .9019608	-1	
  .000178	 .9803922	-.9215686	
  .0001782	 .9019608	-.9607843	
  .0001784	 .9019608	-.9607843	
  .0001786	 .9019608	-.9215686	
  .0001788	 .9019608	-.9215686	
  .000179	 .9019608	-.9215686	
  .0001792	 .9019608	-.9607843	
  .0001794	 .9019608	-.9215686	
  .0001796	 .9019608	-.8823529	
  .0001798	 .8235294	-.9607843	
  .00018	 .9019608	-.9215686	
  .0001802	 .9019608	-.9607843	
  .0001804	 .9019608	-.9607843	
  .0001806	 .9803922	-.9215686	
  .0001808	 .9019608	-.9215686	
  .000181	 .9019608	-.9215686	
  .0001812	 .9803922	-.9215686	
  .0001814	 .9803922	-.8431373	
  .0001816	 .9019608	-.9215686	
  .0001818	 .9019608	-.8431373	
  .000182	 .9803922	-.9215686	
  .0001822	 .8235294	-.9215686	
  .0001824	 .8235294	-.8823529	
  .0001826	 .9803922	-.8823529	
  .0001828	 .9019608	-.8823529	
  .000183	 .9019608	-.8431373	
  .0001832	 .8235294	-.9215686	
  .0001834	 .8235294	-.8823529	
  .0001836	 .8235294	-.8823529	
  .0001838	 .9019608	-.8823529	
  .000184	 .9019608	-.8431373	
  .0001842	 .8235294	-.8431373	
  .0001844	 .8235294	-.8431373	
  .0001846	 .9803922	-.8431373	
  .0001848	 .8235294	-.8823529	
  .000185	 .9803922	-.8431373	
  .0001852	 .9019608	-.8039216	
  .0001854	 .7450981	-.8039216	
  .0001856	 .8235294	-.8039216	
  .0001858	 .9019608	-.8039216	
  .000186	 .9803922	-.8039216	
  .0001862	 .8235294	-.8039216	
  .0001864	 .9803922	-.7647059	
  .0001866	 .8235294	-.8039216	
  .0001868	 .8235294	-.8039216	
  .000187	 .9019608	-.7647059	
  .0001872	 .8235294	-.8039216	
  .0001874	 .8235294	-.7647059	
  .0001876	 .9019608	-.7254902	
  .0001878	 .8235294	-.7647059	
  .000188	 .8235294	-.7647059	
  .0001882	 .9019608	-.7647059	
  .0001884	 .9019608	-.7254902	
  .0001886	 .8235294	-.7254902	
  .0001888	 .9019608	-.7254902	
  .000189	 .9019608	-.7254902	
  .0001892	 .8235294	-.7254902	
  .0001894	 .8235294	-.7254902	
  .0001896	 .9019608	-.6862745	
  .0001898	 .9019608	-.6862745	
  .00019	 .8235294	-.6862745	
  .0001902	 .8235294	-.6862745	
  .0001904	 .9019608	-.6862745	
  .0001906	 .8235294	-.6470588	
  .0001908	 .8235294	-.6862745	
  .000191	 .8235294	-.6470588	
  .0001912	 .8235294	-.6470588	
  .0001914	 .8235294	-.6078432	
  .0001916	 .9019608	-.5686275	
  .0001918	 .8235294	-.6078432	
  .000192	 .8235294	-.5686275	
  .0001922	 .9019608	-.6078432	
  .0001924	 .8235294	-.5686275	
  .0001926	 .7450981	-.5686275	
  .0001928	 .8235294	-.5686275	
  .000193	 .8235294	-.5294118	
  .0001932	 .9019608	-.5294118	
  .0001934	 .7450981	-.5294118	
  .0001936	 .7450981	-.5294118	
  .0001938	 .9019608	-.5294118	
  .000194	 .8235294	-.5294118	
  .0001942	 .9019608	-.5294118	
  .0001944	 .8235294	-.5294118	
  .0001946	 .7450981	-.4901961	
  .0001948	 .7450981	-.4901961	
  .000195	 .8235294	-.4901961	
  .0001952	 .8235294	-.4901961	
  .0001954	 .8235294	-.4509804	
  .0001956	 .8235294	-.4509804	
  .0001958	 .8235294	-.4901961	
  .000196	 .8235294	-.4901961	
  .0001962	 .8235294	-.372549	
  .0001964	 .8235294	-.4117647	
  .0001966	 .8235294	-.4117647	
  .0001968	 .8235294	-.4117647	
  .000197	 .7450981	-.4117647	
  .0001972	 .8235294	-.372549	
  .0001974	 .8235294	-.4117647	
  .0001976	 .8235294	-.4117647	
  .0001978	 .8235294	-.372549	
  .000198	 .7450981	-.4117647	
  .0001982	 .8235294	-.3333333	
  .0001984	 .7450981	-.3333333	
  .0001986	 .7450981	-.3333333	
  .0001988	 .7450981	-.3333333	
  .000199	 .6666667	-.3333333	
  .0001992	 .7450981	-.3333333	
  .0001994	 .7450981	-.254902	
  .0001996	 .7450981	-.254902	
  .0001998	 .6666667	-.2941177	
  .0002	 .7450981	-.2941177	
  .0002002	 .6666667	-.254902	
  .0002004	 .8235294	-.254902	
  .0002006	 .6666667	-.2156863	
  .0002008	 .7450981	-.254902	
  .000201	 .7450981	-.2156863	
  .0002012	 .8235294	-.2156863	
  .0002014	 .7450981	-.1764706	
  .0002016	 .6666667	-.1372549	
  .0002018	 .8235294	-.1764706	
  .000202	 .6666667	-.1764706	
  .0002022	 .5882353	-.1764706	
  .0002024	 .7450981	-.1764706	
  .0002026	 .6666667	-.1372549	
  .0002028	 .6666667	-9.803922E-02	
  .000203	 .6666667	-9.803922E-02	
  .0002032	 .5882353	-.1372549	
  .0002034	 .6666667	-9.803922E-02	
  .0002036	 .6666667	-9.803922E-02	
  .0002038	 .6666667	-9.803922E-02	
  .000204	 .7450981	-9.803922E-02	
  .0002042	 .7450981	-9.803922E-02	
  .0002044	 .6666667	-1.960784E-02	
  .0002046	 .6666667	-1.960784E-02	
  .0002048	 .7450981	-1.960784E-02	
  .000205	 .5882353	 1.960784E-02	
  .0002052	 .6666667	-1.960784E-02	
  .0002054	 .5882353	 1.960784E-02	
  .0002056	 .6666667	-5.882353E-02	
  .0002058	 .6666667	-5.882353E-02	
  .000206	 .509804	 1.960784E-02	
  .0002062	 .6666667	 5.882353E-02	
  .0002064	 .5882353	 5.882353E-02	
  .0002066	 .5882353	 1.960784E-02	
  .0002068	 .5882353	 5.882353E-02	
  .000207	 .5882353	 5.882353E-02	
  .0002072	 .5882353	 9.803922E-02	
  .0002074	 .509804	 9.803922E-02	
  .0002076	 .509804	 9.803922E-02	
  .0002078	 .5882353	 .1372549	
  .000208	 .5882353	 9.803922E-02	
  .0002082	 .5882353	 .1372549	
  .0002084	 .5882353	 .1764706	
  .0002086	 .5882353	 .1372549	
  .0002088	 .5882353	 .1372549	
  .000209	 .5882353	 .1372549	
  .0002092	 .5882353	 .1372549	
  .0002094	 .5882353	 .1372549	
  .0002096	 .509804	 .2156863	
  .0002098	 .5882353	 .2156863	
  .00021	 .6666667	 .2156863	
  .0002102	 .5882353	 .1764706	
  .0002104	 .509804	 .2941177	
  .0002106	 .6666667	 .2156863	
  .0002108	 .509804	 .2156863	
  .000211	 .509804	 .254902	
  .0002112	 .509804	 .254902	
  .0002114	 .509804	 .254902	
  .0002116	 .509804	 .254902	
  .0002118	 .509804	 .2941177	
  .000212	 .509804	 .2941177	
  .0002122	 .509804	 .254902	
  .0002124	 .4313726	 .2941177	
  .0002126	 .509804	 .2941177	
  .0002128	 .4313726	 .3333333	
  .000213	 .509804	 .2941177	
  .0002132	 .509804	 .2941177	
  .0002134	 .509804	 .2941177	
  .0002136	 .5882353	 .3333333	
  .0002138	 .509804	 .4117647	
  .000214	 .509804	 .3333333	
  .0002142	 .4313726	 .4117647	
  .0002144	 .4313726	 .4117647	
  .0002146	 .4313726	 .4117647	
  .0002148	 .5882353	 .372549	
  .000215	 .509804	 .372549	
  .0002152	 .4313726	 .4509804	
  .0002154	 .4313726	 .4509804	
  .0002156	 .3529412	 .372549	
  .0002158	 .3529412	 .4117647	
  .000216	 .509804	 .4117647	
  .0002162	 .4313726	 .4509804	
  .0002164	 .4313726	 .4901961	
  .0002166	 .4313726	 .4901961	
  .0002168	 .4313726	 .4901961	
  .000217	 .4313726	 .4509804	
  .0002172	 .3529412	 .4509804	
  .0002174	 .4313726	 .4509804	
  .0002176	 .4313726	 .4901961	
  .0002178	 .3529412	 .4509804	
  .000218	 .3529412	 .4901961	
  .0002182	 .3529412	 .5294118	
  .0002184	 .4313726	 .5294118	
  .0002186	 .4313726	 .4901961	
  .0002188	 .3529412	 .5294118	
  .000219	 .3529412	 .4901961	
  .0002192	 .2745098	 .5686275	
  .0002194	 .3529412	 .5294118	
  .0002196	 .3529412	 .5294118	
  .0002198	 .3529412	 .5686275	
  .00022	 .3529412	 .6078432	
  .0002202	 .509804	 .6078432	
  .0002204	 .3529412	 .6078432	
  .0002206	 .3529412	 .6078432	
  .0002208	 .4313726	 .6470588	
  .000221	 .4313726	 .6470588	
  .0002212	 .2745098	 .6078432	
  .0002214	 .3529412	 .6470588	
  .0002216	 .3529412	 .6862745	
  .0002218	 .2745098	 .6078432	
  .000222	 .2745098	 .6078432	
  .0002222	 .2745098	 .6470588	
  .0002224	 .2745098	 .6078432	
  .0002226	 .2745098	 .6470588	
  .0002228	 .1960784	 .6470588	
  .000223	 .2745098	 .6862745	
  .0002232	 .2745098	 .6470588	
  .0002234	 .2745098	 .6470588	
  .0002236	 .2745098	 .6470588	
  .0002238	 .1960784	 .6862745	
  .000224	 .1960784	 .6470588	
  .0002242	 .2745098	 .6862745	
  .0002244	 .1960784	 .6862745	
  .0002246	 .3529412	 .6470588	
  .0002248	 .1960784	 .7254902	
  .000225	 .1960784	 .6862745	
  .0002252	 .1960784	 .6862745	
  .0002254	 .1960784	 .6470588	
  .0002256	 .2745098	 .6862745	
  .0002258	 .1176471	 .7254902	
  .000226	 .1960784	 .7254902	
  .0002262	 .1960784	 .7254902	
  .0002264	 .2745098	 .7254902	
  .0002266	 .1960784	 .6862745	
  .0002268	 .1176471	 .6862745	
  .000227	 .1176471	 .6862745	
  .0002272	 .1176471	 .7254902	
  .0002274	 .1176471	 .6862745	
  .0002276	 .1176471	 .7647059	
  .0002278	 .1960784	 .6862745	
  .000228	 .1960784	 .7254902	
  .0002282	 .1176471	 .7254902	
  .0002284	 3.921569E-02	 .6862745	
  .0002286	-.1960784	 .4901961	
  .0002288	-.1176471	 .5686275	
  .000229	-.2745098	 .5294118	
  .0002292	-.2745098	 .5294118	
  .0002294	-.4313726	 .6078432	
  .0002296	-.4313726	 .5686275	
  .0002298	-.4313726	 .5686275	
  .00023	-.4313726	 .5294118	
  .0002302	-.509804	 .6470588	
  .0002304	-.509804	 .5686275	
  .0002306	-.509804	 .5686275	
  .0002308	-.5882353	 .5686275	
  .000231	-.509804	 .6078432	
  .0002312	-.509804	 .6470588	
  .0002314	-.6666667	 .6078432	
  .0002316	-.5882353	 .5686275	
  .0002318	-.5882353	 .5294118	
  .000232	-.509804	 .6078432	
  .0002322	-.5882353	 .5294118	
  .0002324	-.6666667	 .6078432	
  .0002326	-.5882353	 .6470588	
  .0002328	-.5882353	 .5686275	
  .000233	-.6666667	 .5686275	
  .0002332	-.6666667	 .5686275	
  .0002334	-.5882353	 .5686275	
  .0002336	-.6666667	 .6078432	
  .0002338	-.6666667	 .5686275	
  .000234	-.6666667	 .6078432	
  .0002342	-.5882353	 .6078432	
  .0002344	-.6666667	 .6078432	
  .0002346	-.5882353	 .5686275	
  .0002348	-.6666667	 .5294118	
  .000235	-.5882353	 .6470588	
  .0002352	-.5882353	 .6078432	
  .0002354	-.5882353	 .5686275	
  .0002356	-.5882353	 .5686275	
  .0002358	-.5882353	 .6078432	
  .000236	-.5882353	 .6078432	
  .0002362	-.6666667	 .6078432	
  .0002364	-.6666667	 .5686275	
  .0002366	-.5882353	 .6078432	
  .0002368	-.5882353	 .5686275	
  .000237	-.6666667	 .5686275	
  .0002372	-.5882353	 .5294118	
  .0002374	-.509804	 .5686275	
  .0002376	-.6666667	 .5294118	
  .0002378	-.6666667	 .5686275	
  .000238	-.6666667	 .5686275	
  .0002382	-.5882353	 .6078432	
  .0002384	-.6666667	 .6078432	
  .0002386	-.5882353	 .5686275	
  .0002388	-.5882353	 .5294118	
  .000239	-.5882353	 .5686275	
  .0002392	-.5882353	 .6078432	
  .0002394	-.509804	 .5294118	
  .0002396	-.6666667	 .5686275	
  .0002398	-.5882353	 .6470588	
  .00024	-.5882353	 .6078432	
  .0002402	-.6666667	 .5686275	
  .0002404	-.5882353	 .5686275	
  .0002406	-.5882353	 .6078432	
  .0002408	-.6666667	 .5686275	
  .000241	-.5882353	 .5294118	
  .0002412	-.5882353	 .5686275	
  .0002414	-.5882353	 .5686275	
  .0002416	-.5882353	 .5294118	
  .0002418	-.6666667	 .5294118	
  .000242	-.6666667	 .5294118	
  .0002422	-.6666667	 .4901961	
  .0002424	-.509804	 .5294118	
  .0002426	-.509804	 .5294118	
  .0002428	-.5882353	 .5294118	
  .000243	-.6666667	 .4901961	
  .0002432	-.509804	 .4901961	
  .0002434	-.5882353	 .4901961	
  .0002436	-.6666667	 .5294118	
  .0002438	-.5882353	 .4509804	
  .000244	-.7450981	 .5294118	
  .0002442	-.5882353	 .5294118	
  .0002444	-.509804	 .5294118	
  .0002446	-.5882353	 .5294118	
  .0002448	-.6666667	 .4901961	
  .000245	-.6666667	 .4509804	
  .0002452	-.6666667	 .4509804	
  .0002454	-.5882353	 .4509804	
  .0002456	-.5882353	 .4901961	
  .0002458	-.6666667	 .4901961	
  .000246	-.5882353	 .4901961	
  .0002462	-.7450981	 .4509804	
  .0002464	-.6666667	 .4509804	
  .0002466	-.6666667	 .4117647	
  .0002468	-.5882353	 .4117647	
  .000247	-.6666667	 .4117647	
  .0002472	-.7450981	 .4509804	
  .0002474	-.6666667	 .4117647	
  .0002476	-.6666667	 .4117647	
  .0002478	-.6666667	 .4509804	
  .000248	-.6666667	 .4509804	
  .0002482	-.6666667	 .4117647	
  .0002484	-.5882353	 .372549	
  .0002486	-.5882353	 .372549	
  .0002488	-.5882353	 .372549	
  .000249	-.509804	 .372549	
  .0002492	-.6666667	 .372549	
  .0002494	-.5882353	 .372549	
  .0002496	-.5882353	 .372549	
  .0002498	-.5882353	 .4117647	
  .00025	-.7450981	 .372549	
  .0002502	-.5882353	 .3333333	
  .0002504	-.5882353	 .372549	
  .0002506	-.5882353	 .3333333	
  .0002508	-.6666667	 .4117647	
  .000251	-.5882353	 .372549	
  .0002512	-.5882353	 .3333333	
  .0002514	-.5882353	 .3333333	
  .0002516	-.5882353	 .3333333	
  .0002518	-.5882353	 .3333333	
  .000252	-.6666667	 .2941177	
  .0002522	-.6666667	 .372549	
  .0002524	-.6666667	 .2941177	
  .0002526	-.5882353	 .254902	
  .0002528	-.5882353	 .3333333	
  .000253	-.5882353	 .3333333	
  .0002532	-.509804	 .2941177	
  .0002534	-.509804	 .2941177	
  .0002536	-.5882353	 .2941177	
  .0002538	-.5882353	 .2941177	
  .000254	-.5882353	 .2941177	
  .0002542	-.5882353	 .254902	
  .0002544	-.5882353	 .254902	
  .0002546	-.5882353	 .2941177	
  .0002548	-.509804	 .2941177	
  .000255	-.509804	 .2941177	
  .0002552	-.509804	 .254902	
  .0002554	-.5882353	 .254902	
  .0002556	-.5882353	 .254902	
  .0002558	-.509804	 .2156863	
  .000256	-.509804	 .254902	
  .0002562	-.5882353	 .2156863	
  .0002564	-.509804	 .2156863	
  .0002566	-.509804	 .2156863	
  .0002568	-.5882353	 .1764706	
  .000257	-.3529412	 .1372549	
  .0002572	-.509804	 .1764706	
  .0002574	-.5882353	 .1764706	
  .0002576	-.509804	 .2156863	
  .0002578	-.509804	 .1764706	
  .000258	-.509804	 .1372549	
  .0002582	-.509804	 .1764706	
  .0002584	-.509804	 .1764706	
  .0002586	-.509804	 .1372549	
  .0002588	-.509804	 .1372549	
  .000259	-.509804	 .1372549	
  .0002592	-.5882353	 9.803922E-02	
  .0002594	-.4313726	 9.803922E-02	
  .0002596	-.509804	 .1764706	
  .0002598	-.4313726	 9.803922E-02	
  .00026	-.4313726	 .1372549	
  .0002602	-.509804	 9.803922E-02	
  .0002604	-.509804	 9.803922E-02	
  .0002606	-.4313726	 9.803922E-02	
  .0002608	-.509804	 9.803922E-02	
  .000261	-.4313726	 .1372549	
  .0002612	-.4313726	 9.803922E-02	
  .0002614	-.5882353	 5.882353E-02	
  .0002616	-.509804	 5.882353E-02	
  .0002618	-.509804	 5.882353E-02	
  .000262	-.509804	 1.960784E-02	
  .0002622	-.4313726	 5.882353E-02	
  .0002624	-.509804	 5.882353E-02	
  .0002626	-.4313726	 5.882353E-02	
  .0002628	-.509804	 5.882353E-02	
  .000263	-.4313726	-1.960784E-02	
  .0002632	-.4313726	 1.960784E-02	
  .0002634	-.4313726	-1.960784E-02	
  .0002636	-.4313726	-1.960784E-02	
  .0002638	-.4313726	-1.960784E-02	
  .000264	-.4313726	-1.960784E-02	
  .0002642	-.3529412	 5.882353E-02	
  .0002644	-.4313726	-1.960784E-02	
  .0002646	-.4313726	-1.960784E-02	
  .0002648	-.4313726	-1.960784E-02	
  .000265	-.509804	-5.882353E-02	
  .0002652	-.3529412	-1.960784E-02	
  .0002654	-.509804	-1.960784E-02	
  .0002656	-.3529412	-5.882353E-02	
  .0002658	-.4313726	-1.960784E-02	
  .000266	-.4313726	-5.882353E-02	
  .0002662	-.4313726	-5.882353E-02	
  .0002664	-.3529412	-9.803922E-02	
  .0002666	-.4313726	-5.882353E-02	
  .0002668	-.4313726	-9.803922E-02	
  .000267	-.509804	-1.960784E-02	
  .0002672	-.4313726	-.1372549	
  .0002674	-.4313726	-.1372549	
  .0002676	-.3529412	-9.803922E-02	
  .0002678	-.3529412	-9.803922E-02	
  .000268	-.4313726	-9.803922E-02	
  .0002682	-.4313726	-.1372549	
  .0002684	-.4313726	-.1372549	
  .0002686	-.4313726	-.1372549	
  .0002688	-.4313726	-9.803922E-02	
  .000269	-.3529412	-9.803922E-02	
  .0002692	-.4313726	-.1372549	
  .0002694	-.4313726	-.1372549	
  .0002696	-.2745098	-9.803922E-02	
  .0002698	-.4313726	-.1372549	
  .00027	-.4313726	-.1372549	
  .0002702	-.3529412	-.1764706	
  .0002704	-.4313726	-.1764706	
  .0002706	-.4313726	-.1372549	
  .0002708	-.3529412	-.1372549	
  .000271	-.4313726	-.1372549	
  .0002712	-.3529412	-.1764706	
  .0002714	-.3529412	-.2156863	
  .0002716	-.3529412	-.1372549	
  .0002718	-.4313726	-.2156863	
  .000272	-.3529412	-.1764706	
  .0002722	-.4313726	-.1764706	
  .0002724	-.3529412	-.1764706	
  .0002726	-.4313726	-.1764706	
  .0002728	-.3529412	-.1764706	
  .000273	-.2745098	-.254902	
  .0002732	-.2745098	-.2156863	
  .0002734	-.3529412	-.1764706	
  .0002736	-.4313726	-.1764706	
  .0002738	-.2745098	-.2156863	
  .000274	-.3529412	-.2156863	
  .0002742	-.2745098	-.254902	
  .0002744	-.2745098	-.2941177	
  .0002746	-.3529412	-.2156863	
  .0002748	-.3529412	-.254902	
  .000275	-.3529412	-.254902	
  .0002752	-.2745098	-.2941177	
  .0002754	-.2745098	-.254902	
  .0002756	-.2745098	-.2941177	
  .0002758	-.2745098	-.254902	
  .000276	-.3529412	-.254902	
  .0002762	-.2745098	-.254902	
  .0002764	-.2745098	-.2941177	
  .0002766	-.3529412	-.2941177	
  .0002768	-.3529412	-.2941177	
  .000277	-.1960784	-.3333333	
  .0002772	-.2745098	-.3333333	
  .0002774	-.3529412	-.2941177	
  .0002776	-.3529412	-.2941177	
  .0002778	-.2745098	-.2941177	
  .000278	-.1960784	-.3333333	
  .0002782	-.1960784	-.2941177	
  .0002784	-.1960784	-.3333333	
  .0002786	-.2745098	-.3333333	
  .0002788	-.3529412	-.2941177	
  .000279	-.3529412	-.2941177	
  .0002792	-.2745098	-.3333333	
  .0002794	-.1176471	-.3333333	
  .0002796	-.1960784	-.372549	
  .0002798	-.2745098	-.3333333	
  .00028	-.2745098	-.3333333	
  .0002802	-.1960784	-.2941177	
  .0002804	-.1960784	-.2941177	
  .0002806	-.1960784	-.372549	
  .0002808	-.2745098	-.3333333	
  .000281	-.1960784	-.3333333	
  .0002812	-.2745098	-.372549	
  .0002814	-.2745098	-.372549	
  .0002816	-.1960784	-.372549	
  .0002818	-.1960784	-.4117647	
  .000282	-.1960784	-.372549	
  .0002822	-.1960784	-.372549	
  .0002824	-.2745098	-.3333333	
  .0002826	-.1960784	-.3333333	
  .0002828	-.1960784	-.3333333	
  .000283	-3.921569E-02	-.4117647	
  .0002832	-.1960784	-.4117647	
  .0002834	-.1176471	-.4117647	
  .0002836	-.1960784	-.372549	
  .0002838	-.1960784	-.372549	
  .000284	-.1176471	-.372549	
  .0002842	-.1960784	-.372549	
  .0002844	-.1960784	-.372549	
  .0002846	-.1960784	-.372549	
  .0002848	-.1960784	-.372549	
  .000285	-3.921569E-02	-.4117647	
  .0002852	-.1960784	-.372549	
  .0002854	-.1960784	-.4117647	
  .0002856	-.1960784	-.372549	
  .0002858	-.1960784	-.4117647	
  .000286	-3.921569E-02	-.372549	
  .0002862	-3.921569E-02	-.4509804	
  .0002864	 .3529412	-5.882353E-02	
  .0002866	 .4313726	-9.803922E-02	
  .0002868	 .509804	-9.803922E-02	
  .000287	 .5882353	-5.882353E-02	
  .0002872	 .7450981	-9.803922E-02	
  .0002874	 .9019608	-5.882353E-02	
  .0002876	 .9019608	-5.882353E-02	
  .0002878	 .9803922	-1.960784E-02	
  .000288	 1.058824	-9.803922E-02	
  .0002882	 .9803922	-5.882353E-02	
  .0002884	 1.137255	-9.803922E-02	
  .0002886	 1.294118	-9.803922E-02	
  .0002888	 1.215686	-5.882353E-02	
  .000289	 1.215686	-5.882353E-02	
  .0002892	 1.294118	-5.882353E-02	
  .0002894	 1.372549	-1.960784E-02	
  .0002896	 1.294118	-5.882353E-02	
  .0002898	 1.294118	-5.882353E-02	
  .00029	 1.294118	-5.882353E-02	
  .0002902	 1.294118	-5.882353E-02	
  .0002904	 1.372549	-1.960784E-02	
  .0002906	 1.45098	-1.960784E-02	
  .0002908	 1.372549	-1.960784E-02	
  .000291	 1.372549	-5.882353E-02	
  .0002912	 1.45098	-5.882353E-02	
  .0002914	 1.294118	-1.960784E-02	
  .0002916	 1.372549	-9.803922E-02	
  .0002918	 1.294118	-5.882353E-02	
  .000292	 1.45098	-1.960784E-02	
  .0002922	 1.45098	-1.960784E-02	
  .0002924	 1.45098	-1.960784E-02	
  .0002926	 1.45098	-5.882353E-02	
  .0002928	 1.45098	-5.882353E-02	
  .000293	 1.45098	-1.960784E-02	
  .0002932	 1.529412	-9.803922E-02	
  .0002934	 1.45098	-1.960784E-02	
  .0002936	 1.45098	-1.960784E-02	
  .0002938	 1.45098	-5.882353E-02	
  .000294	 1.529412	-1.960784E-02	
  .0002942	 1.45098	-9.803922E-02	
  .0002944	 1.529412	 1.960784E-02	
  .0002946	 1.45098	-5.882353E-02	
  .0002948	 1.529412	-5.882353E-02	
  .000295	 1.45098	-1.960784E-02	
  .0002952	 1.607843	-1.960784E-02	
  .0002954	 1.529412	-5.882353E-02	
  .0002956	 1.529412	-1.960784E-02	
  .0002958	 1.529412	-1.960784E-02	
  .000296	 1.529412	-1.960784E-02	
  .0002962	 1.45098	-1.960784E-02	
  .0002964	 1.45098	-5.882353E-02	
  .0002966	 1.529412	-9.803922E-02	
  .0002968	 1.607843	-5.882353E-02	
  .000297	 1.529412	-5.882353E-02	
  .0002972	 1.45098	-1.960784E-02	
  .0002974	 1.529412	-5.882353E-02	
  .0002976	 1.529412	-5.882353E-02	
  .0002978	 1.529412	-5.882353E-02	
  .000298	 1.45098	-1.960784E-02	
  .0002982	 1.607843	-5.882353E-02	
  .0002984	 1.45098	-1.960784E-02	
  .0002986	 1.529412	-1.960784E-02	
  .0002988	 1.529412	-5.882353E-02	
  .000299	 1.45098	-1.960784E-02	
  .0002992	 1.607843	 1.960784E-02	
  .0002994	 1.607843	-5.882353E-02	
  .0002996	 1.529412	-1.960784E-02	
  .0002998	 1.45098	-5.882353E-02	
  .0003	 1.607843	-1.960784E-02	
  .0003002	 1.529412	-1.960784E-02	
  .0003004	 1.529412	-5.882353E-02	
  .0003006	 1.45098	 1.960784E-02	
  .0003008	 1.529412	 1.960784E-02	
  .000301	 1.45098	-5.882353E-02	
  .0003012	 1.529412	-5.882353E-02	
  .0003014	 1.45098	-1.960784E-02	
  .0003016	 1.45098	-5.882353E-02	
  .0003018	 1.529412	-1.960784E-02	
  .000302	 1.45098	-5.882353E-02	
  .0003022	 1.45098	-1.960784E-02	
  .0003024	 1.529412	-1.960784E-02	
  .0003026	 1.45098	-1.960784E-02	
  .0003028	 1.45098	-5.882353E-02	
  .000303	 1.45098	-9.803922E-02	
  .0003032	 1.45098	-5.882353E-02	
  .0003034	 1.45098	-1.960784E-02	
  .0003036	 1.45098	-1.960784E-02	
  .0003038	 1.529412	-1.960784E-02	
  .000304	 1.45098	-1.960784E-02	
  .0003042	 1.45098	-1.960784E-02	
  .0003044	 1.45098	-5.882353E-02	
  .0003046	 1.529412	-5.882353E-02	
  .0003048	 1.529412	-1.960784E-02	
  .000305	 1.45098	-1.960784E-02	
  .0003052	 1.529412	-1.960784E-02	
  .0003054	 1.45098	-5.882353E-02	
  .0003056	 1.45098	-1.960784E-02	
  .0003058	 1.529412	-5.882353E-02	
  .000306	 1.529412	-1.960784E-02	
  .0003062	 1.45098	-5.882353E-02	
  .0003064	 1.45098	-1.960784E-02	
  .0003066	 1.45098	-1.960784E-02	
  .0003068	 1.45098	-1.960784E-02	
  .000307	 1.45098	-5.882353E-02	
  .0003072	 1.529412	 1.960784E-02	
  .0003074	 1.45098	 1.960784E-02	
  .0003076	 1.607843	-1.960784E-02	
  .0003078	 1.529412	-5.882353E-02	
  .000308	 1.529412	-5.882353E-02	
  .0003082	 1.372549	-1.960784E-02	
  .0003084	 1.529412	-1.960784E-02	
  .0003086	 1.529412	 1.960784E-02	
  .0003088	 1.45098	-1.960784E-02	
  .000309	 1.529412	-1.960784E-02	
  .0003092	 1.529412	-1.960784E-02	
  .0003094	 1.529412	-1.960784E-02	
  .0003096	 1.529412	 1.960784E-02	
  .0003098	 1.529412	-1.960784E-02	
  .00031	 1.607843	-1.960784E-02	
  .0003102	 1.607843	 1.960784E-02	
  .0003104	 1.529412	 1.960784E-02	
  .0003106	 1.45098	-1.960784E-02	
  .0003108	 1.45098	-1.960784E-02	
  .000311	 1.45098	-5.882353E-02	
  .0003112	 1.45098	-1.960784E-02	
  .0003114	 1.529412	-5.882353E-02	
  .0003116	 1.45098	-5.882353E-02	
  .0003118	 1.529412	 1.960784E-02	
  .000312	 1.529412	-1.960784E-02	
  .0003122	 1.45098	-1.960784E-02	
  .0003124	 1.529412	-5.882353E-02	
  .0003126	 1.607843	-5.882353E-02	
  .0003128	 1.529412	 1.960784E-02	
  .000313	 1.529412	-1.960784E-02	
  .0003132	 1.529412	-1.960784E-02	
  .0003134	 1.529412	-1.960784E-02	
  .0003136	 1.607843	-1.960784E-02	
  .0003138	 1.529412	-1.960784E-02	
  .000314	 1.529412	-1.960784E-02	
  .0003142	 1.529412	 1.960784E-02	
  .0003144	 1.45098	-1.960784E-02	
  .0003146	 1.529412	 1.960784E-02	
  .0003148	 1.529412	-5.882353E-02	
  .000315	 1.529412	 1.960784E-02	
  .0003152	 1.607843	 1.960784E-02	
  .0003154	 1.529412	 1.960784E-02	
  .0003156	 1.529412	-1.960784E-02	
  .0003158	 1.529412	-1.960784E-02	
  .000316	 1.607843	-1.960784E-02	
  .0003162	 1.529412	-1.960784E-02	
  .0003164	 1.529412	-5.882353E-02	
  .0003166	 1.529412	 1.960784E-02	
  .0003168	 1.45098	-1.960784E-02	
  .000317	 1.45098	 1.960784E-02	
  .0003172	 1.529412	 1.960784E-02	
  .0003174	 1.607843	-1.960784E-02	
  .0003176	 1.45098	-1.960784E-02	
  .0003178	 1.45098	-1.960784E-02	
  .000318	 1.607843	-1.960784E-02	
  .0003182	 1.529412	-1.960784E-02	
  .0003184	 1.45098	-1.960784E-02	
  .0003186	 1.529412	-1.960784E-02	
  .0003188	 1.45098	 1.960784E-02	
  .000319	 1.607843	 1.960784E-02	
  .0003192	 1.529412	-1.960784E-02	
  .0003194	 1.607843	 1.960784E-02	
  .0003196	 1.607843	 1.960784E-02	
  .0003198	 1.607843	 5.882353E-02	
  .00032	 1.45098	-1.960784E-02	
  .0003202	 1.529412	-5.882353E-02	
  .0003204	 1.529412	 5.882353E-02	
  .0003206	 1.607843	-1.960784E-02	
  .0003208	 1.529412	-5.882353E-02	
  .000321	 1.45098	 1.960784E-02	
  .0003212	 1.529412	-1.960784E-02	
  .0003214	 1.529412	-5.882353E-02	
  .0003216	 1.529412	-1.960784E-02	
  .0003218	 1.45098	 1.960784E-02	
  .000322	 1.529412	 1.960784E-02	
  .0003222	 1.45098	-1.960784E-02	
  .0003224	 1.529412	-1.960784E-02	
  .0003226	 1.529412	-1.960784E-02	
  .0003228	 1.45098	-1.960784E-02	
  .000323	 1.45098	-1.960784E-02	
  .0003232	 1.529412	 1.960784E-02	
  .0003234	 1.45098	 1.960784E-02	
  .0003236	 1.607843	 1.960784E-02	
  .0003238	 1.529412	-1.960784E-02	
  .000324	 1.529412	-1.960784E-02	
  .0003242	 1.529412	-5.882353E-02	
  .0003244	 1.529412	-1.960784E-02	
  .0003246	 1.529412	-5.882353E-02	
  .0003248	 1.529412	 1.960784E-02	
  .000325	 1.529412	 1.960784E-02	
  .0003252	 1.529412	 1.960784E-02	
  .0003254	 1.45098	 1.960784E-02	
  .0003256	 1.529412	-1.960784E-02	
  .0003258	 1.529412	-1.960784E-02	
  .000326	 1.45098	-1.960784E-02	
  .0003262	 1.529412	-1.960784E-02	
  .0003264	 1.45098	-1.960784E-02	
  .0003266	 1.529412	-1.960784E-02	
  .0003268	 1.529412	-5.882353E-02	
  .000327	 1.529412	 1.960784E-02	
  .0003272	 1.45098	 1.960784E-02	
  .0003274	 1.607843	 1.960784E-02	
  .0003276	 1.529412	-1.960784E-02	
  .0003278	 1.529412	-1.960784E-02	
  .000328	 1.45098	-1.960784E-02	
  .0003282	 1.607843	 1.960784E-02	
  .0003284	 1.45098	 1.960784E-02	
  .0003286	 1.529412	 1.960784E-02	
  .0003288	 1.529412	 1.960784E-02	
  .000329	 1.529412	 1.960784E-02	
  .0003292	 1.529412	 1.960784E-02	
  .0003294	 1.529412	 1.960784E-02	
  .0003296	 1.607843	-1.960784E-02	
  .0003298	 1.529412	-1.960784E-02	
  .00033	 1.529412	 1.960784E-02	
  .0003302	 1.607843	 1.960784E-02	
  .0003304	 1.529412	 1.960784E-02	
  .0003306	 1.529412	-1.960784E-02	
  .0003308	 1.529412	-1.960784E-02	
  .000331	 1.529412	-1.960784E-02	
  .0003312	 1.529412	-1.960784E-02	
  .0003314	 1.45098	-1.960784E-02	
  .0003316	 1.45098	 1.960784E-02	
  .0003318	 1.45098	-1.960784E-02	
  .000332	 1.529412	 1.960784E-02	
  .0003322	 1.529412	 1.960784E-02	
  .0003324	 1.607843	-1.960784E-02	
  .0003326	 1.45098	 1.960784E-02	
  .0003328	 1.607843	 1.960784E-02	
  .000333	 1.529412	 1.960784E-02	
  .0003332	 1.529412	 1.960784E-02	
  .0003334	 1.529412	-1.960784E-02	
  .0003336	 1.529412	-1.960784E-02	
  .0003338	 1.529412	-1.960784E-02	
  .000334	 1.529412	 1.960784E-02	
  .0003342	 1.45098	 1.960784E-02	
  .0003344	 1.529412	-1.960784E-02	
  .0003346	 1.529412	-1.960784E-02	
  .0003348	 1.607843	-1.960784E-02	
  .000335	 1.529412	 1.960784E-02	
  .0003352	 1.45098	 1.960784E-02	
  .0003354	 1.529412	 1.960784E-02	
  .0003356	 1.529412	 1.960784E-02	
  .0003358	 1.45098	-1.960784E-02	
  .000336	 1.529412	-1.960784E-02	
  .0003362	 1.45098	 1.960784E-02	
  .0003364	 1.529412	 1.960784E-02	
  .0003366	 1.45098	-5.882353E-02	
  .0003368	 1.372549	-1.960784E-02	
  .000337	 1.45098	 1.960784E-02	
  .0003372	 1.45098	-1.960784E-02	
  .0003374	 1.45098	 1.960784E-02	
  .0003376	 1.45098	 1.960784E-02	
  .0003378	 1.45098	-1.960784E-02	
  .000338	 1.45098	 1.960784E-02	
  .0003382	 1.529412	 1.960784E-02	
  .0003384	 1.529412	-1.960784E-02	
  .0003386	 1.45098	-1.960784E-02	
  .0003388	 1.45098	 1.960784E-02	
  .000339	 1.529412	-1.960784E-02	
  .0003392	 1.45098	 1.960784E-02	
  .0003394	 1.529412	 1.960784E-02	
  .0003396	 1.529412	 1.960784E-02	
  .0003398	 1.529412	-1.960784E-02	
  .00034	 1.529412	-1.960784E-02	
  .0003402	 1.529412	 5.882353E-02	
  .0003404	 1.529412	 1.960784E-02	
  .0003406	 1.45098	-1.960784E-02	
  .0003408	 1.529412	-1.960784E-02	
  .000341	 1.45098	-1.960784E-02	
  .0003412	 1.529412	-1.960784E-02	
  .0003414	 1.529412	 1.960784E-02	
  .0003416	 1.45098	-1.960784E-02	
  .0003418	 1.45098	-1.960784E-02	
  .000342	 1.607843	 1.960784E-02	
  .0003422	 1.529412	-1.960784E-02	
  .0003424	 1.529412	-1.960784E-02	
  .0003426	 1.529412	-1.960784E-02	
  .0003428	 1.529412	-1.960784E-02	
  .000343	 1.529412	-1.960784E-02	
  .0003432	 1.529412	-1.960784E-02	
  .0003434	 1.607843	 1.960784E-02	
  .0003436	 1.529412	 1.960784E-02	
  .0003438	 1.607843	-1.960784E-02	
  .000344	 1.529412	-1.960784E-02	
  .0003442	 1.607843	-1.960784E-02	
  .0003444	 1.686275	-1.960784E-02	
  .0003446	 1.529412	 1.960784E-02	
  .0003448	 1.607843	 1.960784E-02	
  .000345	 1.529412	-1.960784E-02	
  .0003452	 1.529412	 1.960784E-02	
  .0003454	 1.529412	 1.960784E-02	
  .0003456	 1.45098	-1.960784E-02	
  .0003458	 1.45098	 1.960784E-02	
  .000346	 1.529412	-1.960784E-02	
  .0003462	 1.45098	 1.960784E-02	
  .0003464	 1.45098	 1.960784E-02	
  .0003466	 1.529412	-1.960784E-02	
  .0003468	 1.529412	 1.960784E-02	
  .000347	 1.529412	 1.960784E-02	
  .0003472	 1.529412	 1.960784E-02	
  .0003474	 1.45098	-1.960784E-02	
  .0003476	 1.45098	-1.960784E-02	
  .0003478	 1.45098	-1.960784E-02	
  .000348	 1.45098	-5.882353E-02	
  .0003482	 1.529412	 1.960784E-02	
  .0003484	 1.529412	-1.960784E-02	
  .0003486	 1.529412	-1.960784E-02	
  .0003488	 1.607843	-1.960784E-02	
  .000349	 1.45098	 1.960784E-02	
  .0003492	 1.529412	 1.960784E-02	
  .0003494	 1.529412	 1.960784E-02	
  .0003496	 1.529412	 1.960784E-02	
  .0003498	 1.529412	 1.960784E-02	
  .00035	 1.529412	 5.882353E-02	
  .0003502	 1.372549	-1.960784E-02	
  .0003504	 1.529412	 1.960784E-02	
  .0003506	 1.45098	 1.960784E-02	
  .0003508	 1.529412	 1.960784E-02	
  .000351	 1.45098	-1.960784E-02	
  .0003512	 1.45098	-1.960784E-02	
  .0003514	 1.45098	 1.960784E-02	
  .0003516	 1.45098	-1.960784E-02	
  .0003518	 1.529412	-1.960784E-02	
  .000352	 1.137255	-.2156863	
  .0003522	 1.058824	-.254902	
  .0003524	 .9019608	-.254902	
  .0003526	 .6666667	-.2941177	
  .0003528	 .6666667	-.254902	
  .000353	 .6666667	-.254902	
  .0003532	 .509804	-.254902	
  .0003534	 .5882353	-.254902	
  .0003536	 .509804	-.254902	
  .0003538	 .4313726	-.254902	
  .000354	 .509804	-.1764706	
  .0003542	 .509804	-.2156863	
  .0003544	 .509804	-.2156863	
  .0003546	 .509804	-.2156863	
  .0003548	 .5882353	-.1764706	
  .000355	 .5882353	-.1764706	
  .0003552	 .5882353	-.2156863	
  .0003554	 .5882353	-.1764706	
  .0003556	 .5882353	-.1764706	
  .0003558	 .509804	-.1764706	
  .000356	 .6666667	-.1764706	
  .0003562	 .5882353	-.2156863	
  .0003564	 .5882353	-.2156863	
  .0003566	 .509804	-.1764706	
  .0003568	 .5882353	-.1764706	
  .000357	 .5882353	-.1764706	
  .0003572	 .5882353	-.2156863	
  .0003574	 .6666667	-.2156863	
  .0003576	 .5882353	-.2156863	
  .0003578	 .5882353	-.1764706	
  .000358	 .5882353	-.1764706	
  .0003582	 .5882353	-.2156863	
  .0003584	 .509804	-.1764706	
  .0003586	 .6666667	-.1764706	
  .0003588	 .5882353	-.2156863	
  .000359	 .5882353	-.1764706	
  .0003592	 .5882353	-.1764706	
  .0003594	 .6666667	-.1764706	
  .0003596	 .7450981	-.1764706	
  .0003598	 .6666667	-.1764706	
  .00036	 .5882353	-.1372549	
  .0003602	 .5882353	-.2156863	
  .0003604	 .5882353	-.1764706	
  .0003606	 .5882353	-.2156863	
  .0003608	 .5882353	-.1764706	
  .000361	 .6666667	-.2156863	
  .0003612	 .5882353	-.1372549	
  .0003614	 .5882353	-.1764706	
  .0003616	 .5882353	-.1764706	
  .0003618	 .6666667	-.1764706	
  .000362	 .5882353	-.1372549	
  .0003622	 .5882353	-.1764706	
  .0003624	 .5882353	-.1764706	
  .0003626	 .5882353	-.2156863	
  .0003628	 .5882353	-.2156863	
  .000363	 .5882353	-.1764706	
  .0003632	 .6666667	-.2156863	
  .0003634	 .5882353	-.1764706	
  .0003636	 .5882353	-.1764706	
  .0003638	 .5882353	-.1764706	
  .000364	 .5882353	-.2156863	
  .0003642	 .7450981	-.1764706	
  .0003644	 .5882353	-.1372549	
  .0003646	 .5882353	-.1764706	
  .0003648	 .5882353	-.1372549	
  .000365	 .5882353	-.1764706	
  .0003652	 .5882353	-.1764706	
  .0003654	 .6666667	-.1764706	
  .0003656	 .509804	-.1372549	
  .0003658	 .509804	-.1764706	
  .000366	 .5882353	-.1372549	
  .0003662	 .6666667	-.1764706	
  .0003664	 .5882353	-.1764706	
  .0003666	 .6666667	-.1372549	
  .0003668	 .5882353	-.1372549	
  .000367	 .6666667	-.1764706	
  .0003672	 .5882353	-.1372549	
  .0003674	 .5882353	-.1764706	
  .0003676	 .6666667	-.2156863	
  .0003678	 .5882353	-.1764706	
  .000368	 .6666667	-.1372549	
  .0003682	 .5882353	-.1372549	
  .0003684	 .6666667	-.1372549	
  .0003686	 .5882353	-.1372549	
  .0003688	 .5882353	-9.803922E-02	
  .000369	 .6666667	-9.803922E-02	
  .0003692	 .6666667	-.1372549	
  .0003694	 .5882353	-.1372549	
  .0003696	 .5882353	-9.803922E-02	
  .0003698	 .5882353	-9.803922E-02	
  .00037	 .5882353	-9.803922E-02	
  .0003702	 .5882353	-.1372549	
  .0003704	 .5882353	-.1764706	
  .0003706	 .5882353	-9.803922E-02	
  .0003708	 .5882353	-.1372549	
  .000371	 .509804	-.1372549	
  .0003712	 .5882353	-.1372549	
  .0003714	 .5882353	-.1372549	
  .0003716	 .5882353	-9.803922E-02	
  .0003718	 .6666667	-9.803922E-02	
  .000372	 .6666667	-.1372549	
  .0003722	 .5882353	-9.803922E-02	
  .0003724	 .5882353	-9.803922E-02	
  .0003726	 .6666667	-5.882353E-02	
  .0003728	 .509804	-9.803922E-02	
  .000373	 .509804	-5.882353E-02	
  .0003732	 .5882353	-9.803922E-02	
  .0003734	 .6666667	-.1372549	
  .0003736	 .6666667	-9.803922E-02	
  .0003738	 .5882353	-9.803922E-02	
  .000374	 .6666667	-9.803922E-02	
  .0003742	 .5882353	-9.803922E-02	
  .0003744	 .6666667	-5.882353E-02	
  .0003746	 .6666667	-5.882353E-02	
  .0003748	 .5882353	-5.882353E-02	
  .000375	 .6666667	-9.803922E-02	
  .0003752	 .6666667	-9.803922E-02	
  .0003754	 .6666667	-5.882353E-02	
  .0003756	 .5882353	-9.803922E-02	
  .0003758	 .5882353	-.1372549	
  .000376	 .5882353	-5.882353E-02	
  .0003762	 .509804	-5.882353E-02	
  .0003764	 .5882353	 1.960784E-02	
  .0003766	 .5882353	-1.960784E-02	
  .0003768	 .6666667	-5.882353E-02	
  .000377	 .5882353	-5.882353E-02	
  .0003772	 .509804	-5.882353E-02	
  .0003774	 .5882353	-9.803922E-02	
  .0003776	 .509804	-5.882353E-02	
  .0003778	 .5882353	-5.882353E-02	
  .000378	 .5882353	-5.882353E-02	
  .0003782	 .509804	-1.960784E-02	
  .0003784	 .5882353	-1.960784E-02	
  .0003786	 .6666667	-9.803922E-02	
  .0003788	 .5882353	-1.960784E-02	
  .000379	 .5882353	-1.960784E-02	
  .0003792	 .5882353	-1.960784E-02	
  .0003794	 .5882353	 1.960784E-02	
  .0003796	 .5882353	-1.960784E-02	
  .0003798	 .6666667	 1.960784E-02	
  .00038	 .6666667	-1.960784E-02	
  .0003802	 .5882353	-5.882353E-02	
  .0003804	 .5882353	-5.882353E-02	
  .0003806	 .509804	-1.960784E-02	
  .0003808	 .5882353	-1.960784E-02	
  .000381	 .5882353	-1.960784E-02	
  .0003812	 .509804	-1.960784E-02	
  .0003814	 .5882353	 1.960784E-02	
  .0003816	 .5882353	-1.960784E-02	
  .0003818	 .509804	-1.960784E-02	
  .000382	 .509804	-5.882353E-02	
  .0003822	 .5882353	-1.960784E-02	
  .0003824	 .5882353	-1.960784E-02	
  .0003826	 .509804	-1.960784E-02	
  .0003828	 .509804	-1.960784E-02	
  .000383	 .6666667	-1.960784E-02	
  .0003832	 .509804	 1.960784E-02	
  .0003834	 .509804	-1.960784E-02	
  .0003836	 .509804	 1.960784E-02	
  .0003838	 .5882353	 1.960784E-02	
  .000384	 .509804	-5.882353E-02	
  .0003842	 .509804	 1.960784E-02	
  .0003844	 .6666667	 5.882353E-02	
  .0003846	 .5882353	-1.960784E-02	
  .0003848	 .5882353	 1.960784E-02	
  .000385	 .509804	-1.960784E-02	
  .0003852	 .509804	-1.960784E-02	
  .0003854	 .509804	 1.960784E-02	
  .0003856	 .509804	-1.960784E-02	
  .0003858	 .4313726	 5.882353E-02	
  .000386	 .509804	 5.882353E-02	
  .0003862	 .509804	 1.960784E-02	
  .0003864	 .5882353	 9.803922E-02	
  .0003866	 .4313726	 5.882353E-02	
  .0003868	 .5882353	 5.882353E-02	
  .000387	 .5882353	 1.960784E-02	
  .0003872	 .509804	 1.960784E-02	
  .0003874	 .509804	 1.960784E-02	
  .0003876	 .6666667	 5.882353E-02	
  .0003878	 .509804	 5.882353E-02	
  .000388	 .5882353	 5.882353E-02	
  .0003882	 .509804	 5.882353E-02	
  .0003884	 .5882353	 5.882353E-02	
  .0003886	 .509804	 9.803922E-02	
  .0003888	 .509804	 5.882353E-02	
  .000389	 .509804	 5.882353E-02	
  .0003892	 .509804	 5.882353E-02	
  .0003894	 .5882353	 9.803922E-02	
  .0003896	 .509804	 5.882353E-02	
  .0003898	 .509804	 9.803922E-02	
  .00039	 .509804	 5.882353E-02	
  .0003902	 .509804	 1.960784E-02	
  .0003904	 .4313726	 5.882353E-02	
  .0003906	 .509804	 5.882353E-02	
  .0003908	 .4313726	 5.882353E-02	
  .000391	 .509804	 9.803922E-02	
  .0003912	 .4313726	 9.803922E-02	
  .0003914	 .509804	 9.803922E-02	
  .0003916	 .5882353	 9.803922E-02	
  .0003918	 .5882353	 9.803922E-02	
  .000392	 .509804	 9.803922E-02	
  .0003922	 .4313726	 5.882353E-02	
  .0003924	 .4313726	 .1372549	
  .0003926	 .5882353	 9.803922E-02	
  .0003928	 .509804	 9.803922E-02	
  .000393	 .5882353	 9.803922E-02	
  .0003932	 .5882353	 9.803922E-02	
  .0003934	 .5882353	 .1372549	
  .0003936	 .4313726	 9.803922E-02	
  .0003938	 .509804	 .1372549	
  .000394	 .509804	 .1372549	
  .0003942	 .4313726	 .1372549	
  .0003944	 .4313726	 .1372549	
  .0003946	 .509804	 9.803922E-02	
  .0003948	 .509804	 .1372549	
  .000395	 .509804	 .1372549	
  .0003952	 .4313726	 .1372549	
  .0003954	 .509804	 9.803922E-02	
  .0003956	 .509804	 9.803922E-02	
  .0003958	 .5882353	 .1372549	
  .000396	 .4313726	 9.803922E-02	
  .0003962	 .3529412	 .1372549	
  .0003964	 .509804	 .1372549	
  .0003966	 .509804	 9.803922E-02	
  .0003968	 .4313726	 .1372549	
  .000397	 .509804	 .1372549	
  .0003972	 .509804	 .1372549	
  .0003974	 .3529412	 .1372549	
  .0003976	 .4313726	 .1372549	
  .0003978	 .3529412	 .1372549	
  .000398	 .4313726	 .1372549	
  .0003982	 .4313726	 .1764706	
  .0003984	 .4313726	 .1372549	
  .0003986	 .4313726	 .1372549	
  .0003988	 .4313726	 .1764706	
  .000399	 .509804	 .1764706	
  .0003992	 .509804	 .1372549	
  .0003994	 .509804	 9.803922E-02	
  .0003996	 .4313726	 .1764706	
  .0003998	 .509804	 .2156863	
  .0004	 .4313726	 .1372549	
  .0004002	 .3529412	 .1372549	
  .0004004	 .509804	 .1372549	
  .0004006	 .4313726	 .1372549	
  .0004008	 .3529412	 .1764706	
  .000401	 .3529412	 .1372549	
  .0004012	 .4313726	 .1764706	
  .0004014	 .4313726	 .1372549	
  .0004016	 .4313726	 .1372549	
  .0004018	 .4313726	 .1372549	
  .000402	 .4313726	 .1764706	
  .0004022	 .4313726	 .1764706	
  .0004024	 .3529412	 .1764706	
  .0004026	 .3529412	 .1764706	
  .0004028	 .509804	 .2156863	
  .000403	 .4313726	 .1372549	
  .0004032	 .3529412	 .2156863	
  .0004034	 .3529412	 .1372549	
  .0004036	 .4313726	 .1764706	
  .0004038	 .4313726	 .1372549	
  .000404	 .3529412	 .2156863	
  .0004042	 .4313726	 .2156863	
  .0004044	 .3529412	 .1764706	
  .0004046	 .4313726	 .1764706	
  .0004048	 .3529412	 .1764706	
  .000405	 .3529412	 .1764706	
  .0004052	 .3529412	 .1764706	
  .0004054	 .3529412	 .1372549	
  .0004056	 .3529412	 .1764706	
  .0004058	 .3529412	 .1372549	
  .000406	 .3529412	 .1372549	
  .0004062	 .3529412	 .2156863	
  .0004064	 .3529412	 .1764706	
  .0004066	 .4313726	 .2156863	
  .0004068	 .3529412	 .1372549	
  .000407	 .3529412	 .1372549	
  .0004072	 .3529412	 .1764706	
  .0004074	 .3529412	 .1764706	
  .0004076	 .3529412	 .2156863	
  .0004078	 .3529412	 .2156863	
  .000408	 .3529412	 .1764706	
  .0004082	 .3529412	 .1764706	
  .0004084	 .3529412	 .1764706	
  .0004086	 .3529412	 .2156863	
  .0004088	 .2745098	 .1764706	
  .000409	 .1176471	 5.882353E-02	
  .0004092	 .1176471	 5.882353E-02	
  .0004094	 .1176471	 .1372549	
  .0004096	-.1176471	 9.803922E-02	
  .0004098	-3.921569E-02	 5.882353E-02	
  .00041	-3.921569E-02	 5.882353E-02	
  .0004102	-.1176471	 1.960784E-02	
  .0004104	-.1176471	 5.882353E-02	
  .0004106	-.1176471	 1.960784E-02	
  .0004108	-.1960784	 9.803922E-02	
  .000411	-.1960784	 5.882353E-02	
  .0004112	-.2745098	 5.882353E-02	
  .0004114	-.2745098	 5.882353E-02	
  .0004116	-.1176471	 5.882353E-02	
  .0004118	-.1960784	 5.882353E-02	
  .000412	-.1960784	 1.960784E-02	
  .0004122	-.1960784	 5.882353E-02	
  .0004124	-.2745098	 5.882353E-02	
  .0004126	-.2745098	 5.882353E-02	
  .0004128	-.1960784	 5.882353E-02	
  .000413	-.2745098	 5.882353E-02	
  .0004132	-.2745098	 5.882353E-02	
  .0004134	-.2745098	 5.882353E-02	
  .0004136	-.2745098	 1.960784E-02	
  .0004138	-.2745098	 1.960784E-02	
  .000414	-.2745098	 5.882353E-02	
  .0004142	-.2745098	 5.882353E-02	
  .0004144	-.3529412	 5.882353E-02	
  .0004146	-.2745098	 1.960784E-02	
  .0004148	-.2745098	 5.882353E-02	
  .000415	-.2745098	 1.960784E-02	
  .0004152	-.3529412	 1.960784E-02	
  .0004154	-.2745098	 1.960784E-02	
  .0004156	-.1960784	 5.882353E-02	
  .0004158	-.3529412	 1.960784E-02	
  .000416	-.2745098	 5.882353E-02	
  .0004162	-.3529412	 5.882353E-02	
  .0004164	-.2745098	 5.882353E-02	
  .0004166	-.2745098	 1.960784E-02	
  .0004168	-.3529412	 1.960784E-02	
  .000417	-.2745098	-1.960784E-02	
  .0004172	-.2745098	 1.960784E-02	
  .0004174	-.3529412	 1.960784E-02	
  .0004176	-.2745098	 1.960784E-02	
  .0004178	-.2745098	 5.882353E-02	
  .000418	-.2745098	 5.882353E-02	
  .0004182	-.1960784	 5.882353E-02	
  .0004184	-.2745098	 9.803922E-02	
  .0004186	-.2745098	 1.960784E-02	
  .0004188	-.2745098	 5.882353E-02	
  .000419	-.2745098	 5.882353E-02	
  .0004192	-.2745098	 1.960784E-02	
  .0004194	-.2745098	 9.803922E-02	
  .0004196	-.3529412	 5.882353E-02	
  .0004198	-.2745098	 1.960784E-02	
  .00042	-.2745098	 1.960784E-02	
  .0004202	-.3529412	 5.882353E-02	
  .0004204	-.3529412	-1.960784E-02	
  .0004206	-.2745098	 5.882353E-02	
  .0004208	-.2745098	 5.882353E-02	
  .000421	-.3529412	 5.882353E-02	
  .0004212	-.3529412	 5.882353E-02	
  .0004214	-.2745098	 1.960784E-02	
  .0004216	-.1960784	 1.960784E-02	
  .0004218	-.3529412	 1.960784E-02	
  .000422	-.3529412	 1.960784E-02	
  .0004222	-.2745098	 1.960784E-02	
  .0004224	-.3529412	 5.882353E-02	
  .0004226	-.1176471	 5.882353E-02	
  .0004228	-.2745098	 1.960784E-02	
  .000423	-.3529412	 5.882353E-02	
  .0004232	-.2745098	 5.882353E-02	
  .0004234	-.2745098	 1.960784E-02	
  .0004236	-.1960784	-1.960784E-02	
  .0004238	-.2745098	 1.960784E-02	
  .000424	-.2745098	 5.882353E-02	
  .0004242	-.2745098	 9.803922E-02	
  .0004244	-.3529412	 1.960784E-02	
  .0004246	-.2745098	 1.960784E-02	
  .0004248	-.3529412	 1.960784E-02	
  .000425	-.3529412	 1.960784E-02	
  .0004252	-.3529412	 1.960784E-02	
  .0004254	-.3529412	 1.960784E-02	
  .0004256	-.2745098	 1.960784E-02	
  .0004258	-.2745098	 5.882353E-02	
  .000426	-.2745098	 1.960784E-02	
  .0004262	-.3529412	 5.882353E-02	
  .0004264	-.2745098	 5.882353E-02	
  .0004266	-.2745098	 1.960784E-02	
  .0004268	-.2745098	 1.960784E-02	
  .000427	-.3529412	-1.960784E-02	
  .0004272	-.1960784	 5.882353E-02	
  .0004274	-.1960784	 5.882353E-02	
  .0004276	-.3529412	-1.960784E-02	
  .0004278	-.2745098	 5.882353E-02	
  .000428	-.2745098	 1.960784E-02	
  .0004282	-.2745098	 5.882353E-02	
  .0004284	-.2745098	 1.960784E-02	
  .0004286	-.2745098	 5.882353E-02	
  .0004288	-.2745098	 1.960784E-02	
  .000429	-.3529412	 5.882353E-02	
  .0004292	-.2745098	 9.803922E-02	
  .0004294	-.2745098	 1.960784E-02	
  .0004296	-.4313726	 1.960784E-02	
  .0004298	-.2745098	 1.960784E-02	
  .00043	-.2745098	 1.960784E-02	
  .0004302	-.3529412	-1.960784E-02	
  .0004304	-.3529412	 5.882353E-02	
  .0004306	-.3529412	 1.960784E-02	
  .0004308	-.2745098	 5.882353E-02	
  .000431	-.3529412	 1.960784E-02	
  .0004312	-.3529412	 1.960784E-02	
  .0004314	-.2745098	 1.960784E-02	
  .0004316	-.2745098	 1.960784E-02	
  .0004318	-.2745098	 1.960784E-02	
  .000432	-.2745098	 5.882353E-02	
  .0004322	-.3529412	 1.960784E-02	
  .0004324	-.2745098	 5.882353E-02	
  .0004326	-.2745098	 1.960784E-02	
  .0004328	-.3529412	 1.960784E-02	
  .000433	-.3529412	 5.882353E-02	
  .0004332	-.3529412	 5.882353E-02	
  .0004334	-.3529412	 1.960784E-02	
  .0004336	-.3529412	 5.882353E-02	
  .0004338	-.2745098	 1.960784E-02	
  .000434	-.2745098	 1.960784E-02	
  .0004342	-.2745098	 1.960784E-02	
  .0004344	-.3529412	 5.882353E-02	
  .0004346	-.2745098	 5.882353E-02	
  .0004348	-.3529412	 1.960784E-02	
  .000435	-.2745098	-1.960784E-02	
  .0004352	-.3529412	-1.960784E-02	
  .0004354	-.2745098	 1.960784E-02	
  .0004356	-.2745098	-1.960784E-02	
  .0004358	-.3529412	-1.960784E-02	
  .000436	-.2745098	 5.882353E-02	
  .0004362	-.3529412	 1.960784E-02	
  .0004364	-.3529412	 1.960784E-02	
  .0004366	-.2745098	 1.960784E-02	
  .0004368	-.2745098	 1.960784E-02	
  .000437	-.3529412	 1.960784E-02	
  .0004372	-.2745098	 5.882353E-02	
  .0004374	-.2745098	-1.960784E-02	
  .0004376	-.2745098	 1.960784E-02	
  .0004378	-.3529412	 9.803922E-02	
  .000438	-.2745098	 1.960784E-02	
  .0004382	-.2745098	 5.882353E-02	
  .0004384	-.2745098	 1.960784E-02	
  .0004386	-.2745098	 5.882353E-02	
  .0004388	-.2745098	 1.960784E-02	
  .000439	-.2745098	 1.960784E-02	
  .0004392	-.3529412	 5.882353E-02	
  .0004394	-.2745098	 5.882353E-02	
  .0004396	-.3529412	 1.960784E-02	
  .0004398	-.3529412	 1.960784E-02	
  .00044	-.3529412	 5.882353E-02	
  .0004402	-.2745098	-1.960784E-02	
  .0004404	-.3529412	 5.882353E-02	
  .0004406	-.3529412	 1.960784E-02	
  .0004408	-.3529412	 5.882353E-02	
  .000441	-.3529412	 1.960784E-02	
  .0004412	-.2745098	 1.960784E-02	
  .0004414	-.2745098	 1.960784E-02	
  .0004416	-.3529412	 1.960784E-02	
  .0004418	-.3529412	-1.960784E-02	
  .000442	-.2745098	 1.960784E-02	
  .0004422	-.3529412	 1.960784E-02	
  .0004424	-.1960784	 5.882353E-02	
  .0004426	-.3529412	 1.960784E-02	
  .0004428	-.4313726	 1.960784E-02	
  .000443	-.3529412	-1.960784E-02	
  .0004432	-.2745098	 1.960784E-02	
  .0004434	-.2745098	-1.960784E-02	
  .0004436	-.3529412	 1.960784E-02	
  .0004438	-.2745098	 5.882353E-02	
  .000444	-.3529412	 1.960784E-02	
  .0004442	-.3529412	 1.960784E-02	
  .0004444	-.3529412	 1.960784E-02	
  .0004446	-.2745098	-1.960784E-02	
  .0004448	-.3529412	 5.882353E-02	
  .000445	-.3529412	-1.960784E-02	
  .0004452	-.2745098	 1.960784E-02	
  .0004454	-.4313726	 1.960784E-02	
  .0004456	-.4313726	 1.960784E-02	
  .0004458	-.1960784	 5.882353E-02	
  .000446	-.3529412	 5.882353E-02	
  .0004462	-.3529412	 1.960784E-02	
  .0004464	-.3529412	 1.960784E-02	
  .0004466	-.3529412	 1.960784E-02	
  .0004468	-.3529412	 1.960784E-02	
  .000447	-.2745098	 1.960784E-02	
  .0004472	-.2745098	 5.882353E-02	
  .0004474	-.2745098	 1.960784E-02	
  .0004476	-.3529412	 1.960784E-02	
  .0004478	-.2745098	 1.960784E-02	
  .000448	-.2745098	 5.882353E-02	
  .0004482	-.2745098	 5.882353E-02	
  .0004484	-.2745098	 1.960784E-02	
  .0004486	-.2745098	 1.960784E-02	
  .0004488	-.2745098	 9.803922E-02	
  .000449	-.2745098	 9.803922E-02	
  .0004492	-.3529412	 1.960784E-02	
  .0004494	-.2745098	 1.960784E-02	
  .0004496	-.2745098	 1.960784E-02	
  .0004498	-.2745098	 1.960784E-02	
  .00045	-.2745098	 1.960784E-02	
