 -.0000498	 .1176471	 1.960784E-02	
 -.0000496	 .1176471	-1.960784E-02	
 -.0000494	 3.921569E-02	-1.960784E-02	
 -.0000492	 .1176471	-1.960784E-02	
 -.000049	 3.921569E-02	 1.960784E-02	
 -.0000488	 .1176471	 1.960784E-02	
 -.0000486	 .1960784	 5.882353E-02	
 -.0000484	 .1176471	 1.960784E-02	
 -.0000482	 3.921569E-02	 1.960784E-02	
 -.000048	-3.921569E-02	 1.960784E-02	
 -.0000478	 .1176471	 1.960784E-02	
 -.0000476	 .1960784	 1.960784E-02	
 -.0000474	 3.921569E-02	 5.882353E-02	
 -.0000472	 .1176471	 5.882353E-02	
 -.000047	 .1960784	 1.960784E-02	
 -.0000468	 .1176471	-1.960784E-02	
 -.0000466	 3.921569E-02	 1.960784E-02	
 -.0000464	 .1176471	-1.960784E-02	
 -.0000462	 .1176471	 1.960784E-02	
 -.000046	 3.921569E-02	-1.960784E-02	
 -.0000458	 3.921569E-02	 1.960784E-02	
 -.0000456	 3.921569E-02	 1.960784E-02	
 -.0000454	 .1176471	-1.960784E-02	
 -.0000452	 .1176471	 5.882353E-02	
 -.000045	 3.921569E-02	 1.960784E-02	
 -.0000448	 .1176471	 1.960784E-02	
 -.0000446	 3.921569E-02	 1.960784E-02	
 -.0000444	 3.921569E-02	 1.960784E-02	
 -.0000442	-3.921569E-02	-1.960784E-02	
 -.000044	 .1176471	 5.882353E-02	
 -.0000438	 .1176471	 5.882353E-02	
 -.0000436	 3.921569E-02	-1.960784E-02	
 -.0000434	 .1176471	 1.960784E-02	
 -.0000432	 .1176471	-1.960784E-02	
 -.000043	 3.921569E-02	 5.882353E-02	
 -.0000428	 3.921569E-02	 1.960784E-02	
 -.0000426	 .1176471	 1.960784E-02	
 -.0000424	 3.921569E-02	-1.960784E-02	
 -.0000422	 .1176471	 5.882353E-02	
 -.000042	 .1176471	 1.960784E-02	
 -.0000418	 3.921569E-02	 5.882353E-02	
 -.0000416	 .1176471	-1.960784E-02	
 -.0000414	 .1176471	-1.960784E-02	
 -.0000412	 3.921569E-02	 1.960784E-02	
 -.000041	 3.921569E-02	 1.960784E-02	
 -.0000408	 3.921569E-02	 5.882353E-02	
 -.0000406	-3.921569E-02	 5.882353E-02	
 -.0000404	 3.921569E-02	 5.882353E-02	
 -.0000402	 3.921569E-02	 1.960784E-02	
 -.00004	 .1176471	 5.882353E-02	
 -.0000398	 .1960784	 1.960784E-02	
 -.0000396	 3.921569E-02	 1.960784E-02	
 -.0000394	 .1176471	 1.960784E-02	
 -.0000392	 3.921569E-02	 5.882353E-02	
 -.000039	 3.921569E-02	 1.960784E-02	
 -.0000388	 .1176471	 1.960784E-02	
 -.0000386	 .1176471	 1.960784E-02	
 -.0000384	 .1176471	-1.960784E-02	
 -.0000382	 .1176471	 5.882353E-02	
 -.000038	 .1176471	 5.882353E-02	
 -.0000378	 .1176471	 1.960784E-02	
 -.0000376	 3.921569E-02	 1.960784E-02	
 -.0000374	 .1176471	 1.960784E-02	
 -.0000372	 3.921569E-02	 1.960784E-02	
 -.000037	 3.921569E-02	 1.960784E-02	
 -.0000368	 .1176471	 1.960784E-02	
 -.0000366	 .1176471	 1.960784E-02	
 -.0000364	 .1176471	 5.882353E-02	
 -.0000362	 .1176471	-1.960784E-02	
 -.000036	 .1176471	 1.960784E-02	
 -.0000358	 .1960784	 1.960784E-02	
 -.0000356	 3.921569E-02	-1.960784E-02	
 -.0000354	-3.921569E-02	-1.960784E-02	
 -.0000352	 3.921569E-02	 1.960784E-02	
 -.000035	 3.921569E-02	 1.960784E-02	
 -.0000348	 .1176471	 1.960784E-02	
 -.0000346	 3.921569E-02	 1.960784E-02	
 -.0000344	 .1176471	-1.960784E-02	
 -.0000342	 3.921569E-02	 1.960784E-02	
 -.000034	 3.921569E-02	 5.882353E-02	
 -.0000338	 .1176471	 1.960784E-02	
 -.0000336	 3.921569E-02	 1.960784E-02	
 -.0000334	 .1176471	 5.882353E-02	
 -.0000332	 .1960784	-5.882353E-02	
 -.000033	 .1176471	 1.960784E-02	
 -.0000328	 .1176471	-1.960784E-02	
 -.0000326	 .1960784	 5.882353E-02	
 -.0000324	 .1176471	 1.960784E-02	
 -.0000322	 3.921569E-02	-1.960784E-02	
 -.000032	 3.921569E-02	 9.803922E-02	
 -.0000318	 .1176471	 1.960784E-02	
 -.0000316	 3.921569E-02	 1.960784E-02	
 -.0000314	 .1176471	 1.960784E-02	
 -.0000312	 3.921569E-02	 1.960784E-02	
 -.000031	 3.921569E-02	-1.960784E-02	
 -.0000308	 3.921569E-02	 5.882353E-02	
 -.0000306	 3.921569E-02	 5.882353E-02	
 -.0000304	 3.921569E-02	 1.960784E-02	
 -.0000302	 3.921569E-02	 1.960784E-02	
 -.00003	 .1176471	-1.960784E-02	
 -.0000298	 .1960784	 1.960784E-02	
 -.0000296	 3.921569E-02	-1.960784E-02	
 -.0000294	 3.921569E-02	-1.960784E-02	
 -.0000292	 3.921569E-02	 1.960784E-02	
 -.000029	 3.921569E-02	 5.882353E-02	
 -.0000288	 .1960784	 5.882353E-02	
 -.0000286	 .1176471	 1.960784E-02	
 -.0000284	 .1176471	 1.960784E-02	
 -.0000282	 3.921569E-02	 1.960784E-02	
 -.000028	 .1176471	-1.960784E-02	
 -.0000278	 .1176471	-1.960784E-02	
 -.0000276	 3.921569E-02	 5.882353E-02	
 -.0000274	 .1176471	 1.960784E-02	
 -.0000272	 3.921569E-02	 1.960784E-02	
 -.000027	 .1960784	 1.960784E-02	
 -.0000268	 .1176471	 5.882353E-02	
 -.0000266	 3.921569E-02	 1.960784E-02	
 -.0000264	 3.921569E-02	 1.960784E-02	
 -.0000262	 3.921569E-02	 1.960784E-02	
 -.000026	 3.921569E-02	 5.882353E-02	
 -.0000258	 3.921569E-02	-1.960784E-02	
 -.0000256	 .1176471	-1.960784E-02	
 -.0000254	 .1176471	 5.882353E-02	
 -.0000252	 3.921569E-02	 1.960784E-02	
 -.000025	 3.921569E-02	-1.960784E-02	
 -.0000248	 3.921569E-02	 1.960784E-02	
 -.0000246	 3.921569E-02	 1.960784E-02	
 -.0000244	 3.921569E-02	 1.960784E-02	
 -.0000242	 .1176471	 1.960784E-02	
 -.000024	 3.921569E-02	 1.960784E-02	
 -.0000238	-3.921569E-02	-1.960784E-02	
 -.0000236	 .1176471	 1.960784E-02	
 -.0000234	 .1176471	-1.960784E-02	
 -.0000232	 3.921569E-02	 1.960784E-02	
 -.000023	 3.921569E-02	-1.960784E-02	
 -.0000228	 3.921569E-02	-1.960784E-02	
 -.0000226	 3.921569E-02	-1.960784E-02	
 -.0000224	 3.921569E-02	 5.882353E-02	
 -.0000222	 .1960784	 5.882353E-02	
 -.000022	 3.921569E-02	 1.960784E-02	
 -.0000218	-3.921569E-02	 1.960784E-02	
 -.0000216	 .1176471	 1.960784E-02	
 -.0000214	 .1176471	 1.960784E-02	
 -.0000212	 3.921569E-02	 1.960784E-02	
 -.000021	 3.921569E-02	 1.960784E-02	
 -.0000208	-3.921569E-02	 5.882353E-02	
 -.0000206	 3.921569E-02	 1.960784E-02	
 -.0000204	 .1176471	 1.960784E-02	
 -.0000202	 3.921569E-02	 5.882353E-02	
 -.00002	 .1960784	 1.960784E-02	
 -.0000198	 3.921569E-02	 1.960784E-02	
 -.0000196	 3.921569E-02	-1.960784E-02	
 -.0000194	 3.921569E-02	 1.960784E-02	
 -.0000192	 3.921569E-02	-1.960784E-02	
 -.000019	 3.921569E-02	 1.960784E-02	
 -.0000188	 .1176471	 5.882353E-02	
 -.0000186	 3.921569E-02	 1.960784E-02	
 -.0000184	 .1176471	 9.803922E-02	
 -.0000182	 3.921569E-02	 5.882353E-02	
 -.000018	 3.921569E-02	-1.960784E-02	
 -.0000178	 3.921569E-02	 1.960784E-02	
 -.0000176	 .1176471	 1.960784E-02	
 -.0000174	 .1176471	-1.960784E-02	
 -.0000172	 3.921569E-02	 1.960784E-02	
 -.000017	 3.921569E-02	 1.960784E-02	
 -.0000168	 .1176471	 1.960784E-02	
 -.0000166	 3.921569E-02	 1.960784E-02	
 -.0000164	 3.921569E-02	-1.960784E-02	
 -.0000162	 .1960784	-1.960784E-02	
 -.000016	 .1176471	 5.882353E-02	
 -.0000158	 3.921569E-02	 1.960784E-02	
 -.0000156	 3.921569E-02	 1.960784E-02	
 -.0000154	 3.921569E-02	 1.960784E-02	
 -.0000152	 .1176471	-1.960784E-02	
 -.000015	 3.921569E-02	-1.960784E-02	
 -.0000148	 3.921569E-02	 1.960784E-02	
 -.0000146	 3.921569E-02	-1.960784E-02	
 -.0000144	-3.921569E-02	 1.960784E-02	
 -.0000142	 3.921569E-02	 1.960784E-02	
 -.000014	 3.921569E-02	 1.960784E-02	
 -.0000138	 3.921569E-02	 1.960784E-02	
 -.0000136	 .1176471	 5.882353E-02	
 -.0000134	 .1176471	-1.960784E-02	
 -.0000132	 .1176471	 1.960784E-02	
 -.000013	 .1176471	 1.960784E-02	
 -.0000128	 .1960784	 1.960784E-02	
 -.0000126	 .1176471	 1.960784E-02	
 -.0000124	 .1176471	-1.960784E-02	
 -.0000122	 3.921569E-02	 5.882353E-02	
 -.000012	 .1176471	 1.960784E-02	
 -.0000118	 3.921569E-02	 1.960784E-02	
 -.0000116	-3.921569E-02	 1.960784E-02	
 -.0000114	 .1176471	-1.960784E-02	
 -.0000112	 .1176471	 1.960784E-02	
 -.000011	 3.921569E-02	 1.960784E-02	
 -.0000108	 3.921569E-02	 1.960784E-02	
 -.0000106	 .1176471	 5.882353E-02	
 -.0000104	 3.921569E-02	 1.960784E-02	
 -.0000102	 3.921569E-02	 1.960784E-02	
 -.00001	 .1176471	 1.960784E-02	
 -.0000098	 3.921569E-02	 5.882353E-02	
 -.0000096	 .1176471	-1.960784E-02	
 -.0000094	 .1960784	 1.960784E-02	
 -.0000092	 3.921569E-02	 1.960784E-02	
 -.000009	 .1176471	 5.882353E-02	
 -.0000088	 .1176471	 1.960784E-02	
 -.0000086	 3.921569E-02	 1.960784E-02	
 -.0000084	 3.921569E-02	-1.960784E-02	
 -.0000082	 3.921569E-02	-1.960784E-02	
 -.000008	 .1176471	-1.960784E-02	
 -.0000078	 3.921569E-02	 1.960784E-02	
 -.0000076	 .1176471	 1.960784E-02	
 -.0000074	 3.921569E-02	 1.960784E-02	
 -.0000072	 3.921569E-02	-1.960784E-02	
 -.000007	 3.921569E-02	 1.960784E-02	
 -.0000068	 .1176471	-1.960784E-02	
 -.0000066	 .1960784	 5.882353E-02	
 -.0000064	 3.921569E-02	 1.960784E-02	
 -.0000062	 3.921569E-02	 5.882353E-02	
 -.000006	 3.921569E-02	 1.960784E-02	
 -.0000058	 3.921569E-02	 1.960784E-02	
 -.0000056	 .1176471	 5.882353E-02	
 -.0000054	 .1176471	 1.960784E-02	
 -.0000052	 .1176471	 1.960784E-02	
 -.000005	 .1176471	 5.882353E-02	
 -.0000048	 3.921569E-02	 1.960784E-02	
 -.0000046	 3.921569E-02	 1.960784E-02	
 -.0000044	 .1176471	 5.882353E-02	
 -.0000042	 .1176471	 5.882353E-02	
 -.000004	 3.921569E-02	 1.960784E-02	
 -.0000038	 .1176471	 1.960784E-02	
 -.0000036	 3.921569E-02	-1.960784E-02	
 -.0000034	 3.921569E-02	 5.882353E-02	
 -.0000032	 .1176471	 1.960784E-02	
 -.000003	 3.921569E-02	 1.960784E-02	
 -.0000028	 3.921569E-02	 1.960784E-02	
 -.0000026	 .1176471	 5.882353E-02	
 -.0000024	 3.921569E-02	 5.882353E-02	
 -.0000022	 .1176471	 1.960784E-02	
 -.000002	-3.921569E-02	 1.960784E-02	
 -.0000018	 3.921569E-02	 1.960784E-02	
 -.0000016	 .1176471	 5.882353E-02	
 -.0000014	 3.921569E-02	 1.960784E-02	
 -.0000012	 .1176471	 5.882353E-02	
 -.000001	 .1176471	 9.803922E-02	
 -.0000008	 3.921569E-02	 1.960784E-02	
 -.0000006	 3.921569E-02	 1.960784E-02	
 -.0000004	 3.921569E-02	 1.960784E-02	
 -.0000002	 .1960784	 1.960784E-02	
  0	 3.921569E-02	 1.960784E-02	
  .0000002	-.1960784	-1.588235	
  .0000004	-1.137255	 .2156863	
  .0000006	-1.294118	 .6078432	
  .0000008	-1.372549	 1	
  .000001	-1.294118	 1.313725	
  .0000012	-1.372549	 1.54902	
  .0000014	-1.372549	 1.862745	
  .0000016	-1.372549	 2.019608	
  .0000018	-1.294118	 2.137255	
  .000002	-1.294118	 2.372549	
  .0000022	-1.372549	 2.490196	
  .0000024	-1.372549	 2.568627	
  .0000026	-1.372549	 2.686275	
  .0000028	-1.294118	 2.764706	
  .000003	-1.372549	 2.764706	
  .0000032	-1.372549	 2.882353	
  .0000034	-1.294118	 2.960784	
  .0000036	-1.294118	 2.960784	
  .0000038	-1.215686	 3.039216	
  .000004	-1.215686	 3	
  .0000042	-1.215686	 3.039216	
  .0000044	-1.294118	 3.078431	
  .0000046	-1.215686	 3.078431	
  .0000048	-1.294118	 3.039216	
  .000005	-1.294118	 3.078431	
  .0000052	-1.215686	 3.039216	
  .0000054	-1.215686	 3.117647	
  .0000056	-1.215686	 3.117647	
  .0000058	-1.215686	 3.078431	
  .000006	-1.215686	 3.078431	
  .0000062	-1.215686	 3	
  .0000064	-1.058824	 3.039216	
  .0000066	-1.137255	 3.078431	
  .0000068	-1.137255	 3	
  .000007	-1.137255	 3	
  .0000072	-1.058824	 2.960784	
  .0000074	-1.137255	 2.960784	
  .0000076	-1.137255	 2.960784	
  .0000078	-1.058824	 2.882353	
  .000008	-1.137255	 2.921569	
  .0000082	-1.215686	 2.882353	
  .0000084	-1.137255	 2.843137	
  .0000086	-.9803922	 2.803921	
  .0000088	-1.058824	 2.803921	
  .000009	-.9803922	 2.803921	
  .0000092	-1.137255	 2.764706	
  .0000094	-.9803922	 2.72549	
  .0000096	-.9803922	 2.686275	
  .0000098	-.9803922	 2.607843	
  .00001	-.9803922	 2.647059	
  .0000102	-.9803922	 2.568627	
  .0000104	-.9803922	 2.568627	
  .0000106	-.9803922	 2.568627	
  .0000108	-.8235294	 2.529412	
  .000011	-.9019608	 2.490196	
  .0000112	-.9019608	 2.411765	
  .0000114	-.9803922	 2.372549	
  .0000116	-.8235294	 2.294118	
  .0000118	-.8235294	 2.254902	
  .000012	-.8235294	 2.176471	
  .0000122	-.7450981	 2.176471	
  .0000124	-.6666667	 2.058824	
  .0000126	-.1960784	 1.980392	
  .0000128	 3.921569E-02	 1.941176	
  .000013	 .1176471	 1.784314	
  .0000132	 .1176471	 1.745098	
  .0000134	 3.921569E-02	 1.588235	
  .0000136	 3.921569E-02	 1.470588	
  .0000138	-.1176471	 1.352941	
  .000014	 .9019608	 1.196078	
  .0000142	 .9019608	 1.117647	
  .0000144	 .509804	 1.039216	
  .0000146	 .3529412	 .8823529	
  .0000148	 .5882353	 .7647059	
  .000015	 .9019608	 .6078432	
  .0000152	 1.607843	 .4509804	
  .0000154	 4.27451	 2.294118	
  .0000156	 3.411765	 2.333333	
  .0000158	 3.176471	 2.176471	
  .000016	 3.176471	 2.176471	
  .0000162	 2.941176	 2.254902	
  .0000164	 2.784314	 2.294118	
  .0000166	 2.784314	 2.176471	
  .0000168	 2.705882	 2.215686	
  .000017	 2.54902	 2.176471	
  .0000172	 2.54902	 2.176471	
  .0000174	 2.392157	 2.137255	
  .0000176	 2.392157	 2.137255	
  .0000178	 2.235294	 2.098039	
  .000018	 2.313725	 2.058824	
  .0000182	 2.235294	 2.058824	
  .0000184	 2.078431	 2.058824	
  .0000186	 .9803922	 2.019608	
  .0000188	 .4313726	 2.019608	
  .000019	 .2745098	 1.941176	
  .0000192	 .1960784	 1.980392	
  .0000194	 .1960784	 1.941176	
  .0000196	 .2745098	 1.901961	
  .0000198	 .1176471	 1.941176	
  .00002	 .1960784	 1.784314	
  .0000202	 .1176471	 1.862745	
  .0000204	 .1176471	 1.745098	
  .0000206	 .1176471	 1.745098	
  .0000208	 .1176471	 1.705882	
  .000021	 .1176471	 1.666667	
  .0000212	 .1960784	 1.705882	
  .0000214	 .1176471	 1.666667	
  .0000216	 .1176471	 1.588235	
  .0000218	 3.921569E-02	 1.588235	
  .000022	 .1960784	 1.588235	
  .0000222	 .1176471	 1.54902	
  .0000224	 .1176471	 1.54902	
  .0000226	 .1960784	 1.509804	
  .0000228	 .1176471	 1.470588	
  .000023	 .1176471	 1.392157	
  .0000232	 .1176471	 1.313725	
  .0000234	 .1176471	 1.27451	
  .0000236	 .1960784	 1.27451	
  .0000238	 .1176471	 1.235294	
  .000024	 .1176471	 1.196078	
  .0000242	 .1960784	 1.196078	
  .0000244	 .1960784	 1.156863	
  .0000246	 .1176471	 1.078431	
  .0000248	 .1176471	 1.078431	
  .000025	 .1960784	 1	
  .0000252	 3.921569E-02	 1	
  .0000254	 3.921569E-02	 .9607843	
  .0000256	 .1176471	 .9215686	
  .0000258	 3.921569E-02	 .9215686	
  .000026	 .1176471	 .8823529	
  .0000262	 .1176471	 .8431373	
  .0000264	 .1176471	 .8039216	
  .0000266	 .1176471	 .7647059	
  .0000268	 .1176471	 .7647059	
  .000027	 .1176471	 .7254902	
  .0000272	 .1176471	 .6862745	
  .0000274	 .1176471	 .6862745	
  .0000276	 .1176471	 .6470588	
  .0000278	 .1176471	 .6078432	
  .000028	 .1176471	 .5294118	
  .0000282	 .1176471	 .5686275	
  .0000284	 .1176471	 .4509804	
  .0000286	 3.921569E-02	 .4901961	
  .0000288	 3.921569E-02	 .4509804	
  .000029	 .1960784	 .4117647	
  .0000292	 3.921569E-02	 .372549	
  .0000294	 .1176471	 .372549	
  .0000296	 .1176471	 .254902	
  .0000298	 3.921569E-02	 .2941177	
  .00003	 3.921569E-02	 .2156863	
  .0000302	 3.921569E-02	 .254902	
  .0000304	 3.921569E-02	 .2156863	
  .0000306	 .2745098	 .2156863	
  .0000308	 .1176471	 .1372549	
  .000031	 3.921569E-02	 9.803922E-02	
  .0000312	 .1176471	 9.803922E-02	
  .0000314	 .1960784	 5.882353E-02	
  .0000316	 .1960784	 1.960784E-02	
  .0000318	 .1176471	 5.882353E-02	
  .000032	 .1176471	 1.960784E-02	
  .0000322	 .1176471	-5.882353E-02	
  .0000324	 .1960784	-9.803922E-02	
  .0000326	 .1176471	-9.803922E-02	
  .0000328	 3.921569E-02	-.1764706	
  .000033	 .1176471	-.2156863	
  .0000332	 3.921569E-02	-.2156863	
  .0000334	 .1176471	-.254902	
  .0000336	 3.921569E-02	-.2941177	
  .0000338	 .1176471	-.2941177	
  .000034	 .1176471	-.2941177	
  .0000342	 .1176471	-.3333333	
  .0000344	 .1176471	-.3333333	
  .0000346	 .1176471	-.4117647	
  .0000348	 .1176471	-.4117647	
  .000035	 .1176471	-.4901961	
  .0000352	 .1176471	-.4901961	
  .0000354	 3.921569E-02	-.4509804	
  .0000356	 .1176471	-.5686275	
  .0000358	 .1176471	-.5686275	
  .000036	 .1960784	-.6078432	
  .0000362	 .1960784	-.5686275	
  .0000364	 .1176471	-.6862745	
  .0000366	 .1960784	-.6862745	
  .0000368	 .1176471	-.7254902	
  .000037	 .1960784	-.7254902	
  .0000372	 .1960784	-.7647059	
  .0000374	 .1176471	-.8039216	
  .0000376	 .1176471	-.8431373	
  .0000378	 .1176471	-.8823529	
  .000038	 .1176471	-.9215686	
  .0000382	 .1960784	-.9607843	
  .0000384	 3.921569E-02	-.9215686	
  .0000386	 .1176471	-.9607843	
  .0000388	 .1176471	-1.039216	
  .000039	 .1176471	-1.078431	
  .0000392	 .1960784	-1.078431	
  .0000394	 .1176471	-1.117647	
  .0000396	 .1176471	-1.117647	
  .0000398	 3.921569E-02	-1.196078	
  .00004	 .1176471	-1.196078	
  .0000402	 .1176471	-1.235294	
  .0000404	 .1176471	-1.235294	
  .0000406	 .1176471	-1.27451	
  .0000408	 .1176471	-1.313725	
  .000041	 .1960784	-1.313725	
  .0000412	 .1176471	-1.352941	
  .0000414	 .1960784	-1.352941	
  .0000416	 .1176471	-1.392157	
  .0000418	 .1960784	-1.392157	
  .000042	 .1176471	-1.470588	
  .0000422	 .1176471	-1.470588	
  .0000424	 3.921569E-02	-1.54902	
  .0000426	 .1960784	-1.588235	
  .0000428	 .1176471	-1.588235	
  .000043	 .1176471	-1.588235	
  .0000432	 .1960784	-1.588235	
  .0000434	 .1960784	-1.627451	
  .0000436	 .1176471	-1.666667	
  .0000438	 .1176471	-1.705882	
  .000044	 .1960784	-1.705882	
  .0000442	 .1176471	-1.784314	
  .0000444	 .1176471	-1.745098	
  .0000446	 .1176471	-1.745098	
  .0000448	 .1176471	-1.784314	
  .000045	 .1176471	-1.823529	
  .0000452	 .1176471	-1.784314	
  .0000454	 .1176471	-1.862745	
  .0000456	 .1176471	-1.862745	
  .0000458	 .1176471	-1.862745	
  .000046	 .1960784	-1.901961	
  .0000462	 .1176471	-1.901961	
  .0000464	 .1960784	-1.941176	
  .0000466	 .1960784	-1.901961	
  .0000468	 .1176471	-1.941176	
  .000047	 .1960784	-1.980392	
  .0000472	 .1176471	-1.980392	
  .0000474	 .1960784	-1.980392	
  .0000476	 .1176471	-2.058824	
  .0000478	 3.921569E-02	-2.019608	
  .000048	 .1176471	-2.058824	
  .0000482	 3.921569E-02	-2.098039	
  .0000484	 .1960784	-2.098039	
  .0000486	 .1176471	-2.137255	
  .0000488	 .1960784	-2.058824	
  .000049	 3.921569E-02	-2.098039	
  .0000492	 3.921569E-02	-2.137255	
  .0000494	 .1176471	-2.176471	
  .0000496	 3.921569E-02	-2.176471	
  .0000498	 .1960784	-2.176471	
  .00005	 .1176471	-2.215686	
  .0000502	 .1176471	-2.137255	
  .0000504	 .1960784	-2.176471	
  .0000506	 .1176471	-2.254902	
  .0000508	 .1176471	-2.254902	
  .000051	 3.921569E-02	-2.294118	
  .0000512	 3.921569E-02	-2.254902	
  .0000514	 .1960784	-2.294118	
  .0000516	 .1176471	-2.254902	
  .0000518	 .1960784	-2.294118	
  .000052	 3.921569E-02	-2.333333	
  .0000522	 3.921569E-02	-2.333333	
  .0000524	 .1176471	-2.333333	
  .0000526	 .1176471	-2.333333	
  .0000528	 3.921569E-02	-2.333333	
  .000053	 3.921569E-02	-2.294118	
  .0000532	 3.921569E-02	-2.294118	
  .0000534	 3.921569E-02	-2.372549	
  .0000536	 .1176471	-2.411765	
  .0000538	 3.921569E-02	-2.372549	
  .000054	 3.921569E-02	-2.372549	
  .0000542	 .1176471	-2.372549	
  .0000544	 3.921569E-02	-2.411765	
  .0000546	 3.921569E-02	-2.45098	
  .0000548	 .1176471	-2.45098	
  .000055	 .1176471	-2.411765	
  .0000552	 .1176471	-2.45098	
  .0000554	 .1176471	-2.45098	
  .0000556	 .1176471	-2.45098	
  .0000558	 .1176471	-2.411765	
  .000056	 3.921569E-02	-2.45098	
  .0000562	 .1176471	-2.490196	
  .0000564	 .1176471	-2.490196	
  .0000566	 .1176471	-2.490196	
  .0000568	 3.921569E-02	-2.45098	
  .000057	 .1176471	-2.45098	
  .0000572	 3.921569E-02	-2.490196	
  .0000574	 3.921569E-02	-2.411765	
  .0000576	 3.921569E-02	-2.45098	
  .0000578	 .1176471	-2.45098	
  .000058	 3.921569E-02	-2.254902	
  .0000582	 3.921569E-02	-2.215686	
  .0000584	-3.921569E-02	-2.294118	
  .0000586	 3.921569E-02	-2.215686	
  .0000588	 .1176471	-2.215686	
  .000059	 3.921569E-02	-2.215686	
  .0000592	 .1176471	-2.176471	
  .0000594	 3.921569E-02	-2.137255	
  .0000596	-3.921569E-02	-2.137255	
  .0000598	 3.921569E-02	-2.176471	
  .00006	 3.921569E-02	-2.137255	
  .0000602	 3.921569E-02	-2.137255	
  .0000604	 .1176471	-2.058824	
  .0000606	 .1176471	-2.098039	
  .0000608	 3.921569E-02	-2.137255	
  .000061	 3.921569E-02	-2.098039	
  .0000612	 3.921569E-02	-2.098039	
  .0000614	 3.921569E-02	-2.058824	
  .0000616	 3.921569E-02	-2.019608	
  .0000618	 3.921569E-02	-2.098039	
  .000062	 3.921569E-02	-2.058824	
  .0000622	 3.921569E-02	-2.058824	
  .0000624	 3.921569E-02	-2.019608	
  .0000626	 3.921569E-02	-2.019608	
  .0000628	 3.921569E-02	-2.019608	
  .000063	 .1176471	-1.980392	
  .0000632	 .1176471	-1.980392	
  .0000634	 3.921569E-02	-2.019608	
  .0000636	 3.921569E-02	-1.941176	
  .0000638	 3.921569E-02	-1.980392	
  .000064	 .1176471	-2.019608	
  .0000642	 3.921569E-02	-1.980392	
  .0000644	 3.921569E-02	-1.941176	
  .0000646	 3.921569E-02	-1.941176	
  .0000648	 3.921569E-02	-1.941176	
  .000065	 3.921569E-02	-1.901961	
  .0000652	 3.921569E-02	-1.901961	
  .0000654	 .1176471	-1.941176	
  .0000656	 3.921569E-02	-1.941176	
  .0000658	 .1176471	-1.901961	
  .000066	 .1176471	-1.901961	
  .0000662	 3.921569E-02	-1.901961	
  .0000664	 .1176471	-1.862745	
  .0000666	 .1176471	-1.901961	
  .0000668	 3.921569E-02	-1.862745	
  .000067	 .1176471	-1.901961	
  .0000672	 .1176471	-1.862745	
  .0000674	-3.921569E-02	-1.823529	
  .0000676	-3.921569E-02	-1.823529	
  .0000678	 3.921569E-02	-1.862745	
  .000068	 3.921569E-02	-1.784314	
  .0000682	 .1176471	-1.784314	
  .0000684	-3.921569E-02	-1.823529	
  .0000686	 3.921569E-02	-1.745098	
  .0000688	 3.921569E-02	-1.705882	
  .000069	 3.921569E-02	-1.745098	
  .0000692	 3.921569E-02	-1.745098	
  .0000694	 3.921569E-02	-1.745098	
  .0000696	 3.921569E-02	-1.745098	
  .0000698	 .1176471	-1.705882	
  .00007	 .1176471	-1.666667	
  .0000702	 .1176471	-1.666667	
  .0000704	 3.921569E-02	-1.666667	
  .0000706	 .1176471	-1.627451	
  .0000708	-3.921569E-02	-1.666667	
  .000071	 3.921569E-02	-1.666667	
  .0000712	 3.921569E-02	-1.627451	
  .0000714	-3.921569E-02	-1.588235	
  .0000716	 .1176471	-1.627451	
  .0000718	 .1176471	-1.627451	
  .000072	 3.921569E-02	-1.54902	
  .0000722	 3.921569E-02	-1.54902	
  .0000724	 3.921569E-02	-1.509804	
  .0000726	-3.921569E-02	-1.54902	
  .0000728	-3.921569E-02	-1.509804	
  .000073	 3.921569E-02	-1.470588	
  .0000732	 3.921569E-02	-1.509804	
  .0000734	 3.921569E-02	-1.509804	
  .0000736	 3.921569E-02	-1.470588	
  .0000738	 .1176471	-1.470588	
  .000074	 .1176471	-1.431373	
  .0000742	-3.921569E-02	-1.431373	
  .0000744	-3.921569E-02	-1.431373	
  .0000746	 3.921569E-02	-1.431373	
  .0000748	 3.921569E-02	-1.431373	
  .000075	 3.921569E-02	-1.392157	
  .0000752	 3.921569E-02	-1.352941	
  .0000754	 3.921569E-02	-1.313725	
  .0000756	 3.921569E-02	-1.313725	
  .0000758	-3.921569E-02	-1.313725	
  .000076	 3.921569E-02	-1.313725	
  .0000762	 .1176471	-1.313725	
  .0000764	 3.921569E-02	-1.313725	
  .0000766	 3.921569E-02	-1.235294	
  .0000768	 3.921569E-02	-1.196078	
  .000077	-3.921569E-02	-1.235294	
  .0000772	 3.921569E-02	-1.196078	
  .0000774	-3.921569E-02	-1.196078	
  .0000776	 3.921569E-02	-1.117647	
  .0000778	 3.921569E-02	-1.117647	
  .000078	 3.921569E-02	-1.117647	
  .0000782	-3.921569E-02	-1.117647	
  .0000784	-3.921569E-02	-1.078431	
  .0000786	-3.921569E-02	-1.078431	
  .0000788	 .1176471	-1.078431	
  .000079	 .1176471	-1.039216	
  .0000792	 3.921569E-02	-1	
  .0000794	 .1176471	-.9607843	
  .0000796	-3.921569E-02	-.9607843	
  .0000798	 3.921569E-02	-.9215686	
  .00008	 3.921569E-02	-.9215686	
  .0000802	 .1176471	-.8823529	
  .0000804	 3.921569E-02	-.9607843	
  .0000806	 3.921569E-02	-.8431373	
  .0000808	 3.921569E-02	-.8431373	
  .000081	 3.921569E-02	-.8823529	
  .0000812	 3.921569E-02	-.8823529	
  .0000814	 3.921569E-02	-.8431373	
  .0000816	 3.921569E-02	-.7647059	
  .0000818	 3.921569E-02	-.7254902	
  .000082	 3.921569E-02	-.7647059	
  .0000822	 3.921569E-02	-.7254902	
  .0000824	 3.921569E-02	-.7254902	
  .0000826	 3.921569E-02	-.7254902	
  .0000828	 3.921569E-02	-.6470588	
  .000083	 3.921569E-02	-.6078432	
  .0000832	 3.921569E-02	-.6078432	
  .0000834	-3.921569E-02	-.6078432	
  .0000836	-3.921569E-02	-.5686275	
  .0000838	 3.921569E-02	-.5686275	
  .000084	 3.921569E-02	-.5294118	
  .0000842	 3.921569E-02	-.4901961	
  .0000844	 3.921569E-02	-.4901961	
  .0000846	 3.921569E-02	-.4509804	
  .0000848	-3.921569E-02	-.4509804	
  .000085	-3.921569E-02	-.4117647	
  .0000852	-3.921569E-02	-.4117647	
  .0000854	 3.921569E-02	-.4117647	
  .0000856	 .1176471	-.372549	
  .0000858	 3.921569E-02	-.3333333	
  .000086	 3.921569E-02	-.254902	
  .0000862	 3.921569E-02	-.2941177	
  .0000864	 3.921569E-02	-.254902	
  .0000866	 3.921569E-02	-.2156863	
  .0000868	-3.921569E-02	-.1764706	
  .000087	 .1176471	-.1764706	
  .0000872	 3.921569E-02	-.1764706	
  .0000874	-3.921569E-02	-.1764706	
  .0000876	 3.921569E-02	-.1372549	
  .0000878	 3.921569E-02	-.1372549	
  .000088	-3.921569E-02	-5.882353E-02	
  .0000882	-3.921569E-02	-9.803922E-02	
  .0000884	 3.921569E-02	-1.960784E-02	
  .0000886	 3.921569E-02	-1.960784E-02	
  .0000888	-3.921569E-02	-1.960784E-02	
  .000089	 .1176471	-1.960784E-02	
  .0000892	 3.921569E-02	 1.960784E-02	
  .0000894	 .1176471	 1.960784E-02	
  .0000896	-3.921569E-02	 5.882353E-02	
  .0000898	-3.921569E-02	 5.882353E-02	
  .00009	 3.921569E-02	 .1372549	
  .0000902	 3.921569E-02	 .1372549	
  .0000904	-3.921569E-02	 .1372549	
  .0000906	 3.921569E-02	 .1764706	
  .0000908	 3.921569E-02	 .1764706	
  .000091	 .1176471	 .1764706	
  .0000912	-3.921569E-02	 .254902	
  .0000914	-3.921569E-02	 .2156863	
  .0000916	-3.921569E-02	 .2941177	
  .0000918	-3.921569E-02	 .2941177	
  .000092	 3.921569E-02	 .2941177	
  .0000922	 .1176471	 .3333333	
  .0000924	 3.921569E-02	 .3333333	
  .0000926	 3.921569E-02	 .3333333	
  .0000928	-3.921569E-02	 .4117647	
  .000093	 3.921569E-02	 .4509804	
  .0000932	 3.921569E-02	 .4509804	
  .0000934	 3.921569E-02	 .4901961	
  .0000936	 3.921569E-02	 .4901961	
  .0000938	 3.921569E-02	 .4901961	
  .000094	 .1176471	 .4509804	
  .0000942	-3.921569E-02	 .5294118	
  .0000944	 3.921569E-02	 .4901961	
  .0000946	 3.921569E-02	 .5294118	
  .0000948	-3.921569E-02	 .6078432	
  .000095	 3.921569E-02	 .6078432	
  .0000952	 .1176471	 .6078432	
  .0000954	 .1176471	 .6078432	
  .0000956	-3.921569E-02	 .6470588	
  .0000958	 3.921569E-02	 .6470588	
  .000096	 .1176471	 .6470588	
  .0000962	 3.921569E-02	 .6862745	
  .0000964	 3.921569E-02	 .7254902	
  .0000966	 3.921569E-02	 .7647059	
  .0000968	-3.921569E-02	 .7647059	
  .000097	 3.921569E-02	 .7647059	
  .0000972	 .1176471	 .7647059	
  .0000974	 3.921569E-02	 .7647059	
  .0000976	 3.921569E-02	 .7647059	
  .0000978	 3.921569E-02	 .8039216	
  .000098	 3.921569E-02	 .8823529	
  .0000982	 3.921569E-02	 .8823529	
  .0000984	-3.921569E-02	 .8823529	
  .0000986	 .1176471	 .8823529	
  .0000988	 3.921569E-02	 .9215686	
  .000099	 .1176471	 .9215686	
  .0000992	 3.921569E-02	 .9215686	
  .0000994	 .1176471	 .9607843	
  .0000996	 3.921569E-02	 1	
  .0000998	 3.921569E-02	 1.039216	
  .0001	 3.921569E-02	 1	
  .0001002	 3.921569E-02	 .9607843	
  .0001004	 .1176471	 1.117647	
  .0001006	 3.921569E-02	 1.078431	
  .0001008	 3.921569E-02	 1.039216	
  .000101	 3.921569E-02	 1.117647	
  .0001012	 .1176471	 1.117647	
  .0001014	 .1176471	 1.117647	
  .0001016	 3.921569E-02	 1.117647	
  .0001018	 3.921569E-02	 1.196078	
  .000102	 3.921569E-02	 1.156863	
  .0001022	-3.921569E-02	 1.156863	
  .0001024	 3.921569E-02	 1.196078	
  .0001026	 .1176471	 1.156863	
  .0001028	 3.921569E-02	 1.196078	
  .000103	 3.921569E-02	 1.196078	
  .0001032	 3.921569E-02	 1.235294	
  .0001034	 3.921569E-02	 1.235294	
  .0001036	 .1176471	 1.27451	
  .0001038	 3.921569E-02	 1.235294	
  .000104	 3.921569E-02	 1.313725	
  .0001042	 .1176471	 1.27451	
  .0001044	-3.921569E-02	 1.352941	
  .0001046	 3.921569E-02	 1.352941	
  .0001048	 3.921569E-02	 1.313725	
  .000105	-3.921569E-02	 1.392157	
  .0001052	 3.921569E-02	 1.392157	
  .0001054	 .1176471	 1.392157	
  .0001056	 3.921569E-02	 1.392157	
  .0001058	 3.921569E-02	 1.313725	
  .000106	 .1176471	 1.431373	
  .0001062	 3.921569E-02	 1.431373	
  .0001064	 3.921569E-02	 1.431373	
  .0001066	-3.921569E-02	 1.509804	
  .0001068	 .1176471	 1.470588	
  .000107	 3.921569E-02	 1.392157	
  .0001072	 3.921569E-02	 1.392157	
  .0001074	 3.921569E-02	 1.431373	
  .0001076	 3.921569E-02	 1.431373	
  .0001078	 3.921569E-02	 1.470588	
  .000108	-3.921569E-02	 1.431373	
  .0001082	 3.921569E-02	 1.470588	
  .0001084	-3.921569E-02	 1.509804	
  .0001086	-3.921569E-02	 1.470588	
  .0001088	 3.921569E-02	 1.431373	
  .000109	 3.921569E-02	 1.431373	
  .0001092	 3.921569E-02	 1.470588	
  .0001094	 .1176471	 1.509804	
  .0001096	-3.921569E-02	 1.509804	
  .0001098	 .1176471	 1.509804	
  .00011	 3.921569E-02	 1.509804	
  .0001102	 3.921569E-02	 1.509804	
  .0001104	 3.921569E-02	 1.509804	
  .0001106	 .1176471	 1.509804	
  .0001108	 .1176471	 1.470588	
  .000111	 3.921569E-02	 1.54902	
  .0001112	 .1960784	 1.54902	
  .0001114	 3.921569E-02	 1.54902	
  .0001116	 3.921569E-02	 1.54902	
  .0001118	 3.921569E-02	 1.588235	
  .000112	 3.921569E-02	 1.509804	
  .0001122	 .1176471	 1.509804	
  .0001124	-3.921569E-02	 1.54902	
  .0001126	-3.921569E-02	 1.588235	
  .0001128	 3.921569E-02	 1.588235	
  .000113	-3.921569E-02	 1.54902	
  .0001132	 .1176471	 1.588235	
  .0001134	 3.921569E-02	 1.588235	
  .0001136	 .1176471	 1.627451	
  .0001138	 .1176471	 1.54902	
  .000114	 3.921569E-02	 1.54902	
  .0001142	 3.921569E-02	 1.588235	
  .0001144	 .1176471	 1.588235	
  .0001146	 3.921569E-02	 1.588235	
  .0001148	 .1176471	 1.588235	
  .000115	 .1176471	 1.705882	
  .0001152	 .1176471	 1.431373	
  .0001154	 3.921569E-02	 1.470588	
  .0001156	 3.921569E-02	 1.431373	
  .0001158	 .1176471	 1.392157	
  .000116	 .1176471	 1.431373	
  .0001162	 .1176471	 1.431373	
  .0001164	 .1176471	 1.431373	
  .0001166	 3.921569E-02	 1.392157	
  .0001168	 3.921569E-02	 1.392157	
  .000117	 .1176471	 1.352941	
  .0001172	 3.921569E-02	 1.392157	
  .0001174	 3.921569E-02	 1.313725	
  .0001176	 .1176471	 1.352941	
  .0001178	-3.921569E-02	 1.431373	
  .000118	 3.921569E-02	 1.392157	
  .0001182	 .1176471	 1.352941	
  .0001184	 3.921569E-02	 1.352941	
  .0001186	 .1176471	 1.313725	
  .0001188	 3.921569E-02	 1.431373	
  .000119	 .1176471	 1.352941	
  .0001192	 3.921569E-02	 1.352941	
  .0001194	 3.921569E-02	 1.352941	
  .0001196	 3.921569E-02	 1.352941	
  .0001198	 .1176471	 1.352941	
  .00012	 .1960784	 1.313725	
  .0001202	 .1960784	 1.392157	
  .0001204	 3.921569E-02	 1.352941	
  .0001206	 .1176471	 1.352941	
  .0001208	 .1176471	 1.352941	
  .000121	 .1176471	 1.392157	
  .0001212	 .1176471	 1.352941	
  .0001214	 3.921569E-02	 1.392157	
  .0001216	 .1176471	 1.352941	
  .0001218	 .1176471	 1.313725	
  .000122	 .1176471	 1.313725	
  .0001222	 3.921569E-02	 1.27451	
  .0001224	 .1176471	 1.235294	
  .0001226	 .1176471	 1.313725	
  .0001228	 3.921569E-02	 1.27451	
  .000123	 3.921569E-02	 1.313725	
  .0001232	 .1176471	 1.313725	
  .0001234	 .1176471	 1.27451	
  .0001236	 3.921569E-02	 1.27451	
  .0001238	 3.921569E-02	 1.27451	
  .000124	 .1176471	 1.235294	
  .0001242	 3.921569E-02	 1.27451	
  .0001244	-3.921569E-02	 1.27451	
  .0001246	 3.921569E-02	 1.27451	
  .0001248	 3.921569E-02	 1.196078	
  .000125	 .1176471	 1.27451	
  .0001252	 .1960784	 1.235294	
  .0001254	 .1176471	 1.27451	
  .0001256	 3.921569E-02	 1.235294	
  .0001258	 .1960784	 1.235294	
  .000126	 .1176471	 1.156863	
  .0001262	 3.921569E-02	 1.196078	
  .0001264	 3.921569E-02	 1.235294	
  .0001266	 .1176471	 1.196078	
  .0001268	 3.921569E-02	 1.196078	
  .000127	 .1176471	 1.156863	
  .0001272	 3.921569E-02	 1.156863	
  .0001274	 .1176471	 1.078431	
  .0001276	 3.921569E-02	 1.117647	
  .0001278	 3.921569E-02	 1.156863	
  .000128	 .1176471	 1.117647	
  .0001282	 3.921569E-02	 1.117647	
  .0001284	 .1176471	 1.039216	
  .0001286	 .1176471	 1.078431	
  .0001288	 3.921569E-02	 1.078431	
  .000129	 .1176471	 1	
  .0001292	 .1176471	 1.078431	
  .0001294	 3.921569E-02	 1.078431	
  .0001296	 .1960784	 1.039216	
  .0001298	 .1176471	 1.039216	
  .00013	 .1176471	 1.039216	
  .0001302	 .1176471	 .9607843	
  .0001304	 .1176471	 .9607843	
  .0001306	 .1960784	 .9607843	
  .0001308	 .1176471	 1	
  .000131	 .1176471	 1	
  .0001312	 .1176471	 1	
  .0001314	 3.921569E-02	 .9607843	
  .0001316	 .1176471	 .9607843	
  .0001318	 .1176471	 .8823529	
  .000132	 3.921569E-02	 .8823529	
  .0001322	 3.921569E-02	 .8823529	
  .0001324	 3.921569E-02	 .8823529	
  .0001326	 .1176471	 .8823529	
  .0001328	 3.921569E-02	 .8431373	
  .000133	 .1176471	 .8823529	
  .0001332	 3.921569E-02	 .8823529	
  .0001334	 .1960784	 .8431373	
  .0001336	 3.921569E-02	 .8431373	
  .0001338	 3.921569E-02	 .7647059	
  .000134	-3.921569E-02	 .8039216	
  .0001342	 .1960784	 .8039216	
  .0001344	 3.921569E-02	 .8039216	
  .0001346	 .1176471	 .8039216	
  .0001348	 3.921569E-02	 .7647059	
  .000135	 3.921569E-02	 .8039216	
  .0001352	 .1176471	 .7647059	
  .0001354	 .1176471	 .7254902	
  .0001356	 .1176471	 .7254902	
  .0001358	 .1176471	 .6862745	
  .000136	 .1176471	 .7254902	
  .0001362	 .1176471	 .7647059	
  .0001364	 3.921569E-02	 .7254902	
  .0001366	 3.921569E-02	 .6470588	
  .0001368	 .1176471	 .6078432	
  .000137	 .1176471	 .6078432	
  .0001372	 .1176471	 .6078432	
  .0001374	 3.921569E-02	 .6078432	
  .0001376	 3.921569E-02	 .6470588	
  .0001378	 3.921569E-02	 .5686275	
  .000138	 .1176471	 .5686275	
  .0001382	 .1176471	 .5686275	
  .0001384	 .1960784	 .5294118	
  .0001386	 .1176471	 .5686275	
  .0001388	 .1176471	 .5294118	
  .000139	 .1176471	 .5294118	
  .0001392	 .1176471	 .4901961	
  .0001394	 .1176471	 .4509804	
  .0001396	 .1176471	 .4509804	
  .0001398	 3.921569E-02	 .4509804	
  .00014	 .1176471	 .4901961	
  .0001402	 .1176471	 .4117647	
  .0001404	 .1176471	 .4117647	
  .0001406	 .1176471	 .4117647	
  .0001408	 3.921569E-02	 .4117647	
  .000141	 .1176471	 .4117647	
  .0001412	 3.921569E-02	 .4117647	
  .0001414	 .1176471	 .372549	
  .0001416	 3.921569E-02	 .372549	
  .0001418	 3.921569E-02	 .2941177	
  .000142	 3.921569E-02	 .2941177	
  .0001422	 .1176471	 .3333333	
  .0001424	 .1176471	 .254902	
  .0001426	 3.921569E-02	 .254902	
  .0001428	 .1176471	 .254902	
  .000143	 3.921569E-02	 .254902	
  .0001432	 .1176471	 .254902	
  .0001434	 3.921569E-02	 .2156863	
  .0001436	 .1176471	 .2156863	
  .0001438	 .1960784	 .2156863	
  .000144	 3.921569E-02	 .2156863	
  .0001442	 .1176471	 .1764706	
  .0001444	 3.921569E-02	 .1372549	
  .0001446	 .1176471	 .1372549	
  .0001448	 .1176471	 .1372549	
  .000145	 .1176471	 9.803922E-02	
  .0001452	 .1176471	 .1372549	
  .0001454	 .1176471	 9.803922E-02	
  .0001456	 .1176471	 5.882353E-02	
  .0001458	 .1176471	 5.882353E-02	
  .000146	 .1960784	 5.882353E-02	
  .0001462	 .1176471	 9.803922E-02	
  .0001464	 .1960784	 1.960784E-02	
  .0001466	 3.921569E-02	 1.960784E-02	
  .0001468	 3.921569E-02	-5.882353E-02	
  .000147	 .1176471	-5.882353E-02	
  .0001472	 .1176471	-5.882353E-02	
  .0001474	 .1176471	-5.882353E-02	
  .0001476	 3.921569E-02	-1.960784E-02	
  .0001478	 3.921569E-02	-5.882353E-02	
  .000148	 .1176471	-5.882353E-02	
  .0001482	 .1176471	-9.803922E-02	
  .0001484	 .1176471	-.1372549	
  .0001486	 .1176471	-.1372549	
  .0001488	 .1176471	-.1372549	
  .000149	 .1176471	-.1764706	
  .0001492	 3.921569E-02	-.1764706	
  .0001494	 .1176471	-.1372549	
  .0001496	 .1176471	-.1764706	
  .0001498	 .1176471	-.1764706	
  .00015	 3.921569E-02	-.2156863	
  .0001502	 .1176471	-.2156863	
  .0001504	 .1960784	-.254902	
  .0001506	 3.921569E-02	-.2156863	
  .0001508	 .1960784	-.2156863	
  .000151	 .1176471	-.254902	
  .0001512	 3.921569E-02	-.254902	
  .0001514	 .1176471	-.2941177	
  .0001516	 3.921569E-02	-.2941177	
  .0001518	 3.921569E-02	-.2941177	
  .000152	 3.921569E-02	-.3333333	
  .0001522	 3.921569E-02	-.3333333	
  .0001524	 3.921569E-02	-.3333333	
  .0001526	 3.921569E-02	-.3333333	
  .0001528	 .1176471	-.372549	
  .000153	 3.921569E-02	-.4117647	
  .0001532	 .1176471	-.372549	
  .0001534	 3.921569E-02	-.372549	
  .0001536	 3.921569E-02	-.4509804	
  .0001538	 3.921569E-02	-.4901961	
  .000154	 .1176471	-.4509804	
  .0001542	 .1176471	-.4117647	
  .0001544	 .1176471	-.4901961	
  .0001546	 .1176471	-.4509804	
  .0001548	 .1176471	-.4509804	
  .000155	 3.921569E-02	-.4509804	
  .0001552	 .1176471	-.4901961	
  .0001554	 .1176471	-.4901961	
  .0001556	 3.921569E-02	-.5294118	
  .0001558	 .1176471	-.5294118	
  .000156	 .1960784	-.4901961	
  .0001562	 3.921569E-02	-.5294118	
  .0001564	 .1176471	-.5686275	
  .0001566	 .1176471	-.5686275	
  .0001568	 .1176471	-.5686275	
  .000157	 .1176471	-.6078432	
  .0001572	 3.921569E-02	-.5686275	
  .0001574	 3.921569E-02	-.6078432	
  .0001576	 3.921569E-02	-.6078432	
  .0001578	 .1176471	-.6078432	
  .000158	 .1176471	-.6470588	
  .0001582	 .1960784	-.6862745	
  .0001584	 .1176471	-.6470588	
  .0001586	 .1176471	-.6862745	
  .0001588	 3.921569E-02	-.6862745	
  .000159	 3.921569E-02	-.6862745	
  .0001592	 .1176471	-.7254902	
  .0001594	 .1176471	-.6862745	
  .0001596	 3.921569E-02	-.7254902	
  .0001598	 .1176471	-.6862745	
  .00016	 .1176471	-.7254902	
  .0001602	 .1176471	-.7647059	
  .0001604	 3.921569E-02	-.7647059	
  .0001606	 .1176471	-.7254902	
  .0001608	 3.921569E-02	-.7647059	
  .000161	 .1176471	-.7647059	
  .0001612	 3.921569E-02	-.7647059	
  .0001614	 3.921569E-02	-.8039216	
  .0001616	 3.921569E-02	-.8039216	
  .0001618	 3.921569E-02	-.7647059	
  .000162	 .1176471	-.7647059	
  .0001622	 .1176471	-.8431373	
  .0001624	 3.921569E-02	-.8431373	
  .0001626	 3.921569E-02	-.8039216	
  .0001628	 .1176471	-.8039216	
  .000163	 .1176471	-.8039216	
  .0001632	 .1176471	-.8431373	
  .0001634	 .1176471	-.8431373	
  .0001636	 .1960784	-.8431373	
  .0001638	 3.921569E-02	-.8431373	
  .000164	 3.921569E-02	-.8431373	
  .0001642	-3.921569E-02	-.8823529	
  .0001644	 3.921569E-02	-.9215686	
  .0001646	 3.921569E-02	-.8823529	
  .0001648	 .1176471	-.8823529	
  .000165	 .1176471	-.8823529	
  .0001652	 .1176471	-.8431373	
  .0001654	 .1960784	-.8823529	
  .0001656	 .1960784	-.8823529	
  .0001658	 .1960784	-.8823529	
  .000166	 .1176471	-.9215686	
  .0001662	 .1960784	-.9215686	
  .0001664	 3.921569E-02	-.9607843	
  .0001666	-3.921569E-02	-.9215686	
  .0001668	 3.921569E-02	-.9215686	
  .000167	 .1176471	-.9215686	
  .0001672	 .1176471	-.9215686	
  .0001674	 3.921569E-02	-.9607843	
  .0001676	 3.921569E-02	-.9215686	
  .0001678	 .1176471	-.9215686	
  .000168	 .1176471	-.9607843	
  .0001682	 .1176471	-.9607843	
  .0001684	 3.921569E-02	-.9607843	
  .0001686	 .1176471	-1	
  .0001688	 3.921569E-02	-1	
  .000169	 3.921569E-02	-.9607843	
  .0001692	 .1176471	-1	
  .0001694	 .1176471	-.9607843	
  .0001696	 3.921569E-02	-.9607843	
  .0001698	 3.921569E-02	-1	
  .00017	 3.921569E-02	-1	
  .0001702	 .1960784	-1	
  .0001704	 3.921569E-02	-.9215686	
  .0001706	 .1960784	-.9607843	
  .0001708	 .1176471	-.9607843	
  .000171	 3.921569E-02	-1	
  .0001712	 3.921569E-02	-.9607843	
  .0001714	 3.921569E-02	-1	
  .0001716	-3.921569E-02	-.9607843	
  .0001718	 3.921569E-02	-.9607843	
  .000172	 3.921569E-02	-.8431373	
  .0001722	 3.921569E-02	-.8431373	
  .0001724	 .1176471	-.8431373	
  .0001726	 .1176471	-.8039216	
  .0001728	-3.921569E-02	-.8431373	
  .000173	 .1176471	-.8039216	
  .0001732	 3.921569E-02	-.8431373	
  .0001734	 .1176471	-.8431373	
  .0001736	 3.921569E-02	-.8431373	
  .0001738	 3.921569E-02	-.8431373	
  .000174	 .1176471	-.8431373	
  .0001742	 .1176471	-.8431373	
  .0001744	 .1176471	-.8431373	
  .0001746	 .1176471	-.8431373	
  .0001748	-3.921569E-02	-.8431373	
  .000175	 .1176471	-.8431373	
  .0001752	 .1176471	-.8039216	
  .0001754	 .1176471	-.8431373	
  .0001756	 .1176471	-.8431373	
  .0001758	 3.921569E-02	-.8431373	
  .000176	 3.921569E-02	-.8039216	
  .0001762	 3.921569E-02	-.8431373	
  .0001764	 .1176471	-.8431373	
  .0001766	 .1176471	-.8431373	
  .0001768	 .1176471	-.8431373	
  .000177	 3.921569E-02	-.8039216	
  .0001772	 3.921569E-02	-.8039216	
  .0001774	 3.921569E-02	-.8039216	
  .0001776	 3.921569E-02	-.8039216	
  .0001778	 .1176471	-.8431373	
  .000178	 .1176471	-.8431373	
  .0001782	 3.921569E-02	-.8431373	
  .0001784	 3.921569E-02	-.8039216	
  .0001786	 .1176471	-.8039216	
  .0001788	 3.921569E-02	-.8039216	
  .000179	 3.921569E-02	-.8431373	
  .0001792	 .1176471	-.8039216	
  .0001794	 .1176471	-.8431373	
  .0001796	 .1176471	-.8039216	
  .0001798	 .1176471	-.8039216	
  .00018	 3.921569E-02	-.8039216	
  .0001802	 3.921569E-02	-.8039216	
  .0001804	 .1176471	-.7647059	
  .0001806	 3.921569E-02	-.8039216	
  .0001808	 3.921569E-02	-.7647059	
  .000181	 .1176471	-.8039216	
  .0001812	 .1176471	-.8039216	
  .0001814	 .1176471	-.7647059	
  .0001816	 3.921569E-02	-.7647059	
  .0001818	 .1176471	-.8039216	
  .000182	 3.921569E-02	-.7647059	
  .0001822	-3.921569E-02	-.8039216	
  .0001824	 3.921569E-02	-.7647059	
  .0001826	 .1176471	-.7254902	
  .0001828	 3.921569E-02	-.7647059	
  .000183	 3.921569E-02	-.7647059	
  .0001832	 3.921569E-02	-.7254902	
  .0001834	 .1176471	-.7254902	
  .0001836	 3.921569E-02	-.7254902	
  .0001838	 3.921569E-02	-.7254902	
  .000184	 3.921569E-02	-.7254902	
  .0001842	 3.921569E-02	-.7254902	
  .0001844	 .1176471	-.6862745	
  .0001846	 .1960784	-.7254902	
  .0001848	 3.921569E-02	-.7254902	
  .000185	 3.921569E-02	-.6862745	
  .0001852	 .1176471	-.6862745	
  .0001854	 .1176471	-.6470588	
  .0001856	 .1176471	-.6862745	
  .0001858	 .1176471	-.6470588	
  .000186	 .1960784	-.6862745	
  .0001862	 3.921569E-02	-.6862745	
  .0001864	 .1176471	-.6470588	
  .0001866	 3.921569E-02	-.6470588	
  .0001868	 3.921569E-02	-.6470588	
  .000187	 3.921569E-02	-.6078432	
  .0001872	 .1176471	-.6470588	
  .0001874	 .1176471	-.6078432	
  .0001876	 .1176471	-.6078432	
  .0001878	 3.921569E-02	-.6470588	
  .000188	 3.921569E-02	-.6470588	
  .0001882	 3.921569E-02	-.6078432	
  .0001884	 .1960784	-.6078432	
  .0001886	-3.921569E-02	-.6078432	
  .0001888	 3.921569E-02	-.5686275	
  .000189	 .1960784	-.5294118	
  .0001892	 .1176471	-.5686275	
  .0001894	 3.921569E-02	-.5686275	
  .0001896	 3.921569E-02	-.5686275	
  .0001898	 3.921569E-02	-.5294118	
  .00019	 .1176471	-.5294118	
  .0001902	 3.921569E-02	-.4901961	
  .0001904	 .1176471	-.5294118	
  .0001906	 .1176471	-.5294118	
  .0001908	 .1176471	-.4901961	
  .000191	 3.921569E-02	-.4901961	
  .0001912	-3.921569E-02	-.4901961	
  .0001914	 3.921569E-02	-.4509804	
  .0001916	 3.921569E-02	-.4901961	
  .0001918	 3.921569E-02	-.4509804	
  .000192	 3.921569E-02	-.4901961	
  .0001922	 3.921569E-02	-.4509804	
  .0001924	 3.921569E-02	-.4117647	
  .0001926	 3.921569E-02	-.4117647	
  .0001928	 .1176471	-.372549	
  .000193	 3.921569E-02	-.4509804	
  .0001932	 3.921569E-02	-.372549	
  .0001934	 .1176471	-.4117647	
  .0001936	 .1960784	-.372549	
  .0001938	 .1176471	-.372549	
  .000194	 .1176471	-.372549	
  .0001942	 3.921569E-02	-.372549	
  .0001944	 .1960784	-.372549	
  .0001946	 3.921569E-02	-.3333333	
  .0001948	 3.921569E-02	-.372549	
  .000195	 .1176471	-.3333333	
  .0001952	 .1176471	-.372549	
  .0001954	 .1176471	-.2941177	
  .0001956	 .1176471	-.2941177	
  .0001958	 .1176471	-.2941177	
  .000196	 3.921569E-02	-.3333333	
  .0001962	 .1176471	-.3333333	
  .0001964	 3.921569E-02	-.2941177	
  .0001966	 3.921569E-02	-.2941177	
  .0001968	 3.921569E-02	-.2156863	
  .000197	 3.921569E-02	-.2156863	
  .0001972	 3.921569E-02	-.254902	
  .0001974	 3.921569E-02	-.2156863	
  .0001976	 .1176471	-.2156863	
  .0001978	 .1176471	-.2156863	
  .000198	-3.921569E-02	-.2156863	
  .0001982	 3.921569E-02	-.2156863	
  .0001984	 3.921569E-02	-.1764706	
  .0001986	 3.921569E-02	-.2156863	
  .0001988	 .1176471	-.2156863	
  .000199	 .1176471	-.1764706	
  .0001992	 .1176471	-.1764706	
  .0001994	 .1176471	-.1372549	
  .0001996	 3.921569E-02	-9.803922E-02	
  .0001998	 .1176471	-.1764706	
  .0002	 3.921569E-02	-.1372549	
  .0002002	 .1176471	-9.803922E-02	
  .0002004	 .1176471	-9.803922E-02	
  .0002006	 3.921569E-02	-9.803922E-02	
  .0002008	 .1176471	-9.803922E-02	
  .000201	 .1176471	-9.803922E-02	
  .0002012	 3.921569E-02	-5.882353E-02	
  .0002014	 3.921569E-02	-9.803922E-02	
  .0002016	 .1176471	-9.803922E-02	
  .0002018	 .1176471	-5.882353E-02	
  .000202	 3.921569E-02	-9.803922E-02	
  .0002022	 3.921569E-02	-1.960784E-02	
  .0002024	 .1176471	 1.960784E-02	
  .0002026	 .1176471	-1.960784E-02	
  .0002028	 3.921569E-02	-1.960784E-02	
  .000203	 .1176471	-1.960784E-02	
  .0002032	 .1176471	 1.960784E-02	
  .0002034	 3.921569E-02	 1.960784E-02	
  .0002036	 3.921569E-02	 1.960784E-02	
  .0002038	 3.921569E-02	 1.960784E-02	
  .000204	 3.921569E-02	 1.960784E-02	
  .0002042	 .1176471	 9.803922E-02	
  .0002044	 .1176471	 1.960784E-02	
  .0002046	 .1176471	 5.882353E-02	
  .0002048	 3.921569E-02	 5.882353E-02	
  .000205	 .1176471	 9.803922E-02	
  .0002052	 3.921569E-02	 9.803922E-02	
  .0002054	 .1960784	 9.803922E-02	
  .0002056	 3.921569E-02	 .1372549	
  .0002058	 .1176471	 .1372549	
  .000206	 3.921569E-02	 .1372549	
  .0002062	-3.921569E-02	 .1372549	
  .0002064	 .1176471	 .1372549	
  .0002066	 3.921569E-02	 .1372549	
  .0002068	 3.921569E-02	 .2156863	
  .000207	 3.921569E-02	 .1372549	
  .0002072	 .1176471	 .1764706	
  .0002074	 3.921569E-02	 .1372549	
  .0002076	 3.921569E-02	 .1764706	
  .0002078	 3.921569E-02	 .1764706	
  .000208	 3.921569E-02	 .2156863	
  .0002082	 3.921569E-02	 .1764706	
  .0002084	 .1176471	 .1764706	
  .0002086	-3.921569E-02	 .2156863	
  .0002088	 .1960784	 .254902	
  .000209	 3.921569E-02	 .2156863	
  .0002092	-3.921569E-02	 .2941177	
  .0002094	-3.921569E-02	 .2156863	
  .0002096	 3.921569E-02	 .2156863	
  .0002098	 .1176471	 .2156863	
  .00021	 3.921569E-02	 .254902	
  .0002102	 .1176471	 .2941177	
  .0002104	 3.921569E-02	 .2941177	
  .0002106	 .1176471	 .2941177	
  .0002108	 .1176471	 .2941177	
  .000211	-3.921569E-02	 .2941177	
  .0002112	 3.921569E-02	 .3333333	
  .0002114	 .1176471	 .2941177	
  .0002116	 3.921569E-02	 .3333333	
  .0002118	 3.921569E-02	 .3333333	
  .000212	 3.921569E-02	 .3333333	
  .0002122	 .1176471	 .372549	
  .0002124	 .1176471	 .372549	
  .0002126	 .1176471	 .372549	
  .0002128	-3.921569E-02	 .3333333	
  .000213	 3.921569E-02	 .3333333	
  .0002132	 .1176471	 .372549	
  .0002134	 3.921569E-02	 .4117647	
  .0002136	 3.921569E-02	 .4117647	
  .0002138	 3.921569E-02	 .4117647	
  .000214	 .1176471	 .4117647	
  .0002142	 3.921569E-02	 .4117647	
  .0002144	 3.921569E-02	 .4509804	
  .0002146	 3.921569E-02	 .4117647	
  .0002148	-3.921569E-02	 .4117647	
  .000215	-3.921569E-02	 .4117647	
  .0002152	 3.921569E-02	 .4509804	
  .0002154	 .1176471	 .4901961	
  .0002156	-3.921569E-02	 .4901961	
  .0002158	 .1176471	 .4509804	
  .000216	 3.921569E-02	 .4509804	
  .0002162	 .1176471	 .4509804	
  .0002164	-3.921569E-02	 .4901961	
  .0002166	 3.921569E-02	 .4901961	
  .0002168	 3.921569E-02	 .5686275	
  .000217	 3.921569E-02	 .4901961	
  .0002172	-3.921569E-02	 .5294118	
  .0002174	 .1176471	 .5686275	
  .0002176	 3.921569E-02	 .5294118	
  .0002178	 3.921569E-02	 .5686275	
  .000218	 3.921569E-02	 .4901961	
  .0002182	 3.921569E-02	 .5686275	
  .0002184	 3.921569E-02	 .5294118	
  .0002186	-3.921569E-02	 .5294118	
  .0002188	 3.921569E-02	 .5294118	
  .000219	 3.921569E-02	 .4901961	
  .0002192	 3.921569E-02	 .6078432	
  .0002194	 3.921569E-02	 .5686275	
  .0002196	 .1176471	 .5294118	
  .0002198	 3.921569E-02	 .5686275	
  .00022	 .1176471	 .5686275	
  .0002202	 3.921569E-02	 .5686275	
  .0002204	-3.921569E-02	 .6078432	
  .0002206	 3.921569E-02	 .5686275	
  .0002208	 3.921569E-02	 .6078432	
  .000221	 3.921569E-02	 .5686275	
  .0002212	 3.921569E-02	 .5686275	
  .0002214	 3.921569E-02	 .5686275	
  .0002216	 3.921569E-02	 .6078432	
  .0002218	-3.921569E-02	 .5686275	
  .000222	 3.921569E-02	 .6470588	
  .0002222	 3.921569E-02	 .6078432	
  .0002224	 .1176471	 .6470588	
  .0002226	 .1176471	 .6078432	
  .0002228	 3.921569E-02	 .6078432	
  .000223	 3.921569E-02	 .6078432	
  .0002232	-3.921569E-02	 .6078432	
  .0002234	-3.921569E-02	 .6078432	
  .0002236	 3.921569E-02	 .6078432	
  .0002238	 3.921569E-02	 .6470588	
  .000224	 .1176471	 .6862745	
  .0002242	 .1176471	 .6470588	
  .0002244	 3.921569E-02	 .6470588	
  .0002246	 3.921569E-02	 .6470588	
  .0002248	 .1176471	 .6470588	
  .000225	 3.921569E-02	 .6470588	
  .0002252	 .1176471	 .6078432	
  .0002254	 3.921569E-02	 .6862745	
  .0002256	 .1176471	 .6862745	
  .0002258	 3.921569E-02	 .6470588	
  .000226	 .1176471	 .6862745	
  .0002262	-3.921569E-02	 .6470588	
  .0002264	-3.921569E-02	 .6078432	
  .0002266	 3.921569E-02	 .6862745	
  .0002268	 .1176471	 .6862745	
  .000227	 3.921569E-02	 .6862745	
  .0002272	 3.921569E-02	 .6470588	
  .0002274	 3.921569E-02	 .6470588	
  .0002276	 .1176471	 .6470588	
  .0002278	 .1176471	 .6470588	
  .000228	 .1176471	 .6862745	
  .0002282	 3.921569E-02	 .6470588	
  .0002284	 3.921569E-02	 .6862745	
  .0002286	 .1960784	 .6862745	
  .0002288	 3.921569E-02	 .6862745	
  .000229	 .1176471	 .372549	
  .0002292	 3.921569E-02	 .6078432	
  .0002294	 3.921569E-02	 .5294118	
  .0002296	 .1176471	 .4901961	
  .0002298	-3.921569E-02	 .5294118	
  .00023	 .1176471	 .6078432	
  .0002302	 3.921569E-02	 .6078432	
  .0002304	 3.921569E-02	 .5686275	
  .0002306	 .1176471	 .5294118	
  .0002308	 3.921569E-02	 .4901961	
  .000231	 3.921569E-02	 .5294118	
  .0002312	 3.921569E-02	 .5686275	
  .0002314	 3.921569E-02	 .5294118	
  .0002316	 .1176471	 .5686275	
  .0002318	 3.921569E-02	 .5686275	
  .000232	 .1176471	 .5294118	
  .0002322	 3.921569E-02	 .5686275	
  .0002324	 3.921569E-02	 .5686275	
  .0002326	 .1176471	 .5686275	
  .0002328	 .1176471	 .5686275	
  .000233	 3.921569E-02	 .5294118	
  .0002332	 .1176471	 .5686275	
  .0002334	 .1176471	 .5686275	
  .0002336	 3.921569E-02	 .5294118	
  .0002338	 3.921569E-02	 .5686275	
  .000234	 .1176471	 .5686275	
  .0002342	 3.921569E-02	 .6078432	
  .0002344	 3.921569E-02	 .5686275	
  .0002346	 3.921569E-02	 .5294118	
  .0002348	 .1176471	 .5686275	
  .000235	 .1176471	 .5686275	
  .0002352	 .1176471	 .6078432	
  .0002354	 .1176471	 .5294118	
  .0002356	 .1176471	 .5294118	
  .0002358	 3.921569E-02	 .4901961	
  .000236	 3.921569E-02	 .5294118	
  .0002362	 3.921569E-02	 .5686275	
  .0002364	-3.921569E-02	 .5294118	
  .0002366	 3.921569E-02	 .5294118	
  .0002368	 3.921569E-02	 .5294118	
  .000237	 .1176471	 .5294118	
  .0002372	 .1176471	 .5294118	
  .0002374	 .1176471	 .5294118	
  .0002376	 3.921569E-02	 .5294118	
  .0002378	 3.921569E-02	 .4901961	
  .000238	 3.921569E-02	 .5294118	
  .0002382	 3.921569E-02	 .5294118	
  .0002384	 .1176471	 .5686275	
  .0002386	 .1176471	 .4509804	
  .0002388	 .1176471	 .4901961	
  .000239	 .1176471	 .5686275	
  .0002392	 .1176471	 .5686275	
  .0002394	-3.921569E-02	 .4901961	
  .0002396	 3.921569E-02	 .4901961	
  .0002398	 .1176471	 .4901961	
  .00024	 .1176471	 .5294118	
  .0002402	 .1176471	 .4901961	
  .0002404	 3.921569E-02	 .4901961	
  .0002406	 .1176471	 .5294118	
  .0002408	 3.921569E-02	 .4509804	
  .000241	 3.921569E-02	 .4509804	
  .0002412	 3.921569E-02	 .4117647	
  .0002414	 .1176471	 .4901961	
  .0002416	 3.921569E-02	 .4509804	
  .0002418	 3.921569E-02	 .4509804	
  .000242	 3.921569E-02	 .4901961	
  .0002422	 .1176471	 .4509804	
  .0002424	 3.921569E-02	 .4509804	
  .0002426	 3.921569E-02	 .4509804	
  .0002428	 .1960784	 .4509804	
  .000243	 .1176471	 .4509804	
  .0002432	 3.921569E-02	 .4509804	
  .0002434	 3.921569E-02	 .4117647	
  .0002436	 3.921569E-02	 .4117647	
  .0002438	 .1176471	 .4901961	
  .000244	 .1176471	 .4117647	
  .0002442	 .1176471	 .4509804	
  .0002444	 3.921569E-02	 .4509804	
  .0002446	 .1176471	 .4117647	
  .0002448	 .1176471	 .4117647	
  .000245	 .1176471	 .4117647	
  .0002452	 .1176471	 .4509804	
  .0002454	 .1176471	 .4117647	
  .0002456	-3.921569E-02	 .372549	
  .0002458	 3.921569E-02	 .372549	
  .000246	 3.921569E-02	 .372549	
  .0002462	 3.921569E-02	 .3333333	
  .0002464	 .1176471	 .4117647	
  .0002466	 3.921569E-02	 .372549	
  .0002468	 3.921569E-02	 .372549	
  .000247	 3.921569E-02	 .3333333	
  .0002472	 3.921569E-02	 .372549	
  .0002474	 .1176471	 .372549	
  .0002476	 .1176471	 .372549	
  .0002478	 .1176471	 .3333333	
  .000248	 .1176471	 .3333333	
  .0002482	 3.921569E-02	 .3333333	
  .0002484	 .1960784	 .3333333	
  .0002486	 3.921569E-02	 .3333333	
  .0002488	 3.921569E-02	 .3333333	
  .000249	 3.921569E-02	 .2941177	
  .0002492	 .1176471	 .2941177	
  .0002494	 .1176471	 .2941177	
  .0002496	 3.921569E-02	 .2941177	
  .0002498	 .1176471	 .3333333	
  .00025	 .1176471	 .2941177	
  .0002502	 .1176471	 .2941177	
  .0002504	 .1176471	 .254902	
  .0002506	 .1176471	 .254902	
  .0002508	 .1176471	 .2941177	
  .000251	 3.921569E-02	 .254902	
  .0002512	 3.921569E-02	 .254902	
  .0002514	 .1176471	 .2941177	
  .0002516	 3.921569E-02	 .254902	
  .0002518	 .1960784	 .254902	
  .000252	 .1176471	 .254902	
  .0002522	 .1176471	 .2156863	
  .0002524	 .1176471	 .1764706	
  .0002526	 3.921569E-02	 .2156863	
  .0002528	 .1176471	 .1764706	
  .000253	 .1176471	 .1764706	
  .0002532	 .1176471	 .1764706	
  .0002534	 .1176471	 .1764706	
  .0002536	 .1176471	 .1764706	
  .0002538	 .1176471	 .1372549	
  .000254	 3.921569E-02	 .1764706	
  .0002542	 .1176471	 .1764706	
  .0002544	 .1176471	 9.803922E-02	
  .0002546	 3.921569E-02	 9.803922E-02	
  .0002548	 .1176471	 .2156863	
  .000255	 .1176471	 .1764706	
  .0002552	 3.921569E-02	 .1372549	
  .0002554	 .1176471	 .1372549	
  .0002556	 .1176471	 9.803922E-02	
  .0002558	 3.921569E-02	 9.803922E-02	
  .000256	 3.921569E-02	 5.882353E-02	
  .0002562	 3.921569E-02	 9.803922E-02	
  .0002564	 .1176471	 .1372549	
  .0002566	 .1176471	 9.803922E-02	
  .0002568	 3.921569E-02	 5.882353E-02	
  .000257	 .1176471	 5.882353E-02	
  .0002572	 .1176471	 9.803922E-02	
  .0002574	 .1176471	 5.882353E-02	
  .0002576	 .1176471	 5.882353E-02	
  .0002578	 3.921569E-02	 5.882353E-02	
  .000258	 .1176471	 1.960784E-02	
  .0002582	 .1176471	 5.882353E-02	
  .0002584	 .1960784	 1.960784E-02	
  .0002586	 .1960784	-1.960784E-02	
  .0002588	 .1960784	 5.882353E-02	
  .000259	 .1176471	 5.882353E-02	
  .0002592	 .1176471	-5.882353E-02	
  .0002594	 .1176471	 1.960784E-02	
  .0002596	 .1176471	 1.960784E-02	
  .0002598	 3.921569E-02	-1.960784E-02	
  .00026	 .1960784	 1.960784E-02	
  .0002602	 .1176471	-1.960784E-02	
  .0002604	 .1176471	-1.960784E-02	
  .0002606	-3.921569E-02	-1.960784E-02	
  .0002608	 3.921569E-02	-5.882353E-02	
  .000261	 .1176471	-5.882353E-02	
  .0002612	 .1176471	-5.882353E-02	
  .0002614	 3.921569E-02	-5.882353E-02	
  .0002616	 3.921569E-02	-1.960784E-02	
  .0002618	 3.921569E-02	-1.960784E-02	
  .000262	 .1176471	-5.882353E-02	
  .0002622	 .1176471	-9.803922E-02	
  .0002624	 3.921569E-02	-5.882353E-02	
  .0002626	 .1176471	-9.803922E-02	
  .0002628	 3.921569E-02	-9.803922E-02	
  .000263	 3.921569E-02	-5.882353E-02	
  .0002632	 3.921569E-02	-.1372549	
  .0002634	 .1176471	-9.803922E-02	
  .0002636	 .1176471	-9.803922E-02	
  .0002638	 .1960784	-.1764706	
  .000264	 3.921569E-02	-.1372549	
  .0002642	 .1176471	-.1764706	
  .0002644	 .1960784	-9.803922E-02	
  .0002646	 .1176471	-.1372549	
  .0002648	 .1176471	-.1764706	
  .000265	 .1176471	-5.882353E-02	
  .0002652	 .1176471	-.1372549	
  .0002654	 3.921569E-02	-.1764706	
  .0002656	 3.921569E-02	-.1372549	
  .0002658	 .1176471	-.1764706	
  .000266	 .1176471	-.2156863	
  .0002662	 .1176471	-.1764706	
  .0002664	 .1176471	-.1372549	
  .0002666	 3.921569E-02	-.1372549	
  .0002668	 .1176471	-.2156863	
  .000267	 .1176471	-.1764706	
  .0002672	 .1176471	-.1764706	
  .0002674	 .1176471	-.2156863	
  .0002676	 .1176471	-.1764706	
  .0002678	 .1176471	-.1764706	
  .000268	 3.921569E-02	-.2156863	
  .0002682	 .1960784	-.1764706	
  .0002684	 .1176471	-.1764706	
  .0002686	 .1960784	-.2156863	
  .0002688	 .1176471	-.2156863	
  .000269	 3.921569E-02	-.1764706	
  .0002692	 .1960784	-.254902	
  .0002694	 3.921569E-02	-.2156863	
  .0002696	 .1176471	-.1764706	
  .0002698	 3.921569E-02	-.2156863	
  .00027	 .1176471	-.1764706	
  .0002702	 3.921569E-02	-.2156863	
  .0002704	 3.921569E-02	-.2156863	
  .0002706	 .1176471	-.254902	
  .0002708	 3.921569E-02	-.254902	
  .000271	 3.921569E-02	-.2156863	
  .0002712	 .1176471	-.2156863	
  .0002714	 .1176471	-.254902	
  .0002716	 .1960784	-.2156863	
  .0002718	 .1176471	-.2156863	
  .000272	 .1176471	-.254902	
  .0002722	 .1176471	-.254902	
  .0002724	 3.921569E-02	-.254902	
  .0002726	 .1176471	-.254902	
  .0002728	 .1176471	-.2941177	
  .000273	 3.921569E-02	-.254902	
  .0002732	 3.921569E-02	-.254902	
  .0002734	 .1176471	-.2941177	
  .0002736	 .1960784	-.2941177	
  .0002738	 .1176471	-.254902	
  .000274	 .1176471	-.254902	
  .0002742	 .1176471	-.2941177	
  .0002744	 3.921569E-02	-.2941177	
  .0002746	 .1176471	-.254902	
  .0002748	 3.921569E-02	-.2156863	
  .000275	 3.921569E-02	-.2941177	
  .0002752	 3.921569E-02	-.2941177	
  .0002754	 3.921569E-02	-.2941177	
  .0002756	 3.921569E-02	-.3333333	
  .0002758	 .1176471	-.2941177	
  .000276	 3.921569E-02	-.2941177	
  .0002762	 3.921569E-02	-.254902	
  .0002764	 3.921569E-02	-.2941177	
  .0002766	 3.921569E-02	-.2941177	
  .0002768	 .1960784	-.3333333	
  .000277	 .1176471	-.3333333	
  .0002772	 3.921569E-02	-.2941177	
  .0002774	 .1176471	-.3333333	
  .0002776	 .1176471	-.3333333	
  .0002778	 3.921569E-02	-.2941177	
  .000278	 3.921569E-02	-.2941177	
  .0002782	 .1176471	-.3333333	
  .0002784	 .1176471	-.3333333	
  .0002786	 .1176471	-.2941177	
  .0002788	 3.921569E-02	-.3333333	
  .000279	 .1176471	-.3333333	
  .0002792	 .1176471	-.3333333	
  .0002794	 .1960784	-.2941177	
  .0002796	 .1176471	-.3333333	
  .0002798	 .1176471	-.372549	
  .00028	 .1176471	-.372549	
  .0002802	 .1960784	-.3333333	
  .0002804	 .1176471	-.3333333	
  .0002806	 .1176471	-.372549	
  .0002808	 3.921569E-02	-.372549	
  .000281	 .1960784	-.3333333	
  .0002812	 .1176471	-.372549	
  .0002814	 .1176471	-.3333333	
  .0002816	 .1176471	-.2941177	
  .0002818	 3.921569E-02	-.372549	
  .000282	 3.921569E-02	-.372549	
  .0002822	 .1176471	-.3333333	
  .0002824	 .1176471	-.3333333	
  .0002826	 3.921569E-02	-.372549	
  .0002828	 .1176471	-.3333333	
  .000283	 3.921569E-02	-.3333333	
  .0002832	 .1176471	-.372549	
  .0002834	 .1176471	-.372549	
  .0002836	 .1960784	-.372549	
  .0002838	 .1176471	-.2941177	
  .000284	 .1176471	-.3333333	
  .0002842	 .1960784	-.2156863	
  .0002844	 .1176471	-.254902	
  .0002846	 .1176471	-.254902	
  .0002848	 .1176471	-.2156863	
  .000285	 .1176471	-.1764706	
  .0002852	 3.921569E-02	-.1764706	
  .0002854	 3.921569E-02	-.2156863	
  .0002856	 3.921569E-02	-.1764706	
  .0002858	 3.921569E-02	-.1372549	
  .000286	 3.921569E-02	-9.803922E-02	
  .0002862	 3.921569E-02	-.1372549	
  .0002864	 3.921569E-02	-5.882353E-02	
  .0002866	 .1176471	-9.803922E-02	
  .0002868	 .1176471	-9.803922E-02	
  .000287	 .1176471	-5.882353E-02	
  .0002872	 3.921569E-02	-5.882353E-02	
  .0002874	 3.921569E-02	-9.803922E-02	
  .0002876	 .1176471	-5.882353E-02	
  .0002878	 .1176471	-5.882353E-02	
  .000288	 .1960784	-1.960784E-02	
  .0002882	 .1176471	-5.882353E-02	
  .0002884	 .1960784	-1.960784E-02	
  .0002886	 .1176471	-5.882353E-02	
  .0002888	 .1176471	-1.960784E-02	
  .000289	 .1176471	-9.803922E-02	
  .0002892	 3.921569E-02	-5.882353E-02	
  .0002894	 .1176471	-5.882353E-02	
  .0002896	 .1176471	-1.960784E-02	
  .0002898	 3.921569E-02	-1.960784E-02	
  .00029	 3.921569E-02	-5.882353E-02	
  .0002902	 3.921569E-02	-1.960784E-02	
  .0002904	 .1176471	-5.882353E-02	
  .0002906	 3.921569E-02	-1.960784E-02	
  .0002908	 3.921569E-02	-1.960784E-02	
  .000291	 3.921569E-02	-1.960784E-02	
  .0002912	 3.921569E-02	-5.882353E-02	
  .0002914	 .1176471	-1.960784E-02	
  .0002916	 3.921569E-02	 1.960784E-02	
  .0002918	 .1176471	-1.960784E-02	
  .000292	 3.921569E-02	-1.960784E-02	
  .0002922	 3.921569E-02	-5.882353E-02	
  .0002924	 3.921569E-02	-1.960784E-02	
  .0002926	 3.921569E-02	-5.882353E-02	
  .0002928	 3.921569E-02	-1.960784E-02	
  .000293	 .1176471	-1.960784E-02	
  .0002932	 3.921569E-02	 1.960784E-02	
  .0002934	 3.921569E-02	-5.882353E-02	
  .0002936	 3.921569E-02	 5.882353E-02	
  .0002938	 3.921569E-02	-1.960784E-02	
  .000294	 3.921569E-02	-5.882353E-02	
  .0002942	-3.921569E-02	-5.882353E-02	
  .0002944	 3.921569E-02	 1.960784E-02	
  .0002946	 3.921569E-02	 1.960784E-02	
  .0002948	 .1176471	 1.960784E-02	
  .000295	 3.921569E-02	-1.960784E-02	
  .0002952	-3.921569E-02	-5.882353E-02	
  .0002954	 .1176471	-1.960784E-02	
  .0002956	 .1176471	-5.882353E-02	
  .0002958	 3.921569E-02	-1.960784E-02	
  .000296	 3.921569E-02	 1.960784E-02	
  .0002962	-3.921569E-02	-1.960784E-02	
  .0002964	 3.921569E-02	-1.960784E-02	
  .0002966	 3.921569E-02	-1.960784E-02	
  .0002968	 .1176471	-5.882353E-02	
  .000297	 3.921569E-02	 1.960784E-02	
  .0002972	 3.921569E-02	-1.960784E-02	
  .0002974	 3.921569E-02	-1.960784E-02	
  .0002976	 3.921569E-02	-1.960784E-02	
  .0002978	 3.921569E-02	 1.960784E-02	
  .000298	 .1176471	-1.960784E-02	
  .0002982	 .1176471	-5.882353E-02	
  .0002984	 3.921569E-02	 1.960784E-02	
  .0002986	 3.921569E-02	 1.960784E-02	
  .0002988	 3.921569E-02	-5.882353E-02	
  .000299	 3.921569E-02	-1.960784E-02	
  .0002992	 .1176471	 1.960784E-02	
  .0002994	 .1176471	-1.960784E-02	
  .0002996	 3.921569E-02	-1.960784E-02	
  .0002998	 3.921569E-02	 1.960784E-02	
  .0003	 3.921569E-02	-1.960784E-02	
  .0003002	 3.921569E-02	-1.960784E-02	
  .0003004	 3.921569E-02	-1.960784E-02	
  .0003006	 .1176471	-5.882353E-02	
  .0003008	 .1176471	 1.960784E-02	
  .000301	 3.921569E-02	-5.882353E-02	
  .0003012	 3.921569E-02	 1.960784E-02	
  .0003014	 3.921569E-02	-1.960784E-02	
  .0003016	 3.921569E-02	-1.960784E-02	
  .0003018	 .1176471	-1.960784E-02	
  .000302	 3.921569E-02	-1.960784E-02	
  .0003022	 .1176471	-1.960784E-02	
  .0003024	 3.921569E-02	-1.960784E-02	
  .0003026	 .1176471	-1.960784E-02	
  .0003028	 .1176471	-1.960784E-02	
  .000303	 .1176471	-5.882353E-02	
  .0003032	 3.921569E-02	 1.960784E-02	
  .0003034	 .1176471	-1.960784E-02	
  .0003036	 .1176471	-1.960784E-02	
  .0003038	 3.921569E-02	-1.960784E-02	
  .000304	 .1176471	-1.960784E-02	
  .0003042	 .1176471	 1.960784E-02	
  .0003044	 3.921569E-02	-1.960784E-02	
  .0003046	 .1176471	 5.882353E-02	
  .0003048	 .1176471	 1.960784E-02	
  .000305	 3.921569E-02	-1.960784E-02	
  .0003052	 3.921569E-02	-5.882353E-02	
  .0003054	 .1176471	-1.960784E-02	
  .0003056	 3.921569E-02	-1.960784E-02	
  .0003058	 .1176471	 1.960784E-02	
  .000306	 .1176471	-1.960784E-02	
  .0003062	 .1176471	 1.960784E-02	
  .0003064	 .1176471	-1.960784E-02	
  .0003066	 3.921569E-02	-5.882353E-02	
  .0003068	 .1176471	 1.960784E-02	
  .000307	 3.921569E-02	-1.960784E-02	
  .0003072	 .1176471	-1.960784E-02	
  .0003074	 .1176471	-1.960784E-02	
  .0003076	 .1176471	-1.960784E-02	
  .0003078	 .1960784	 5.882353E-02	
  .000308	 3.921569E-02	 1.960784E-02	
  .0003082	-3.921569E-02	-1.960784E-02	
  .0003084	 3.921569E-02	-5.882353E-02	
  .0003086	 3.921569E-02	-1.960784E-02	
  .0003088	 .1960784	-5.882353E-02	
  .000309	 3.921569E-02	 1.960784E-02	
  .0003092	 .1176471	 1.960784E-02	
  .0003094	 .1176471	 1.960784E-02	
  .0003096	-3.921569E-02	-1.960784E-02	
  .0003098	 3.921569E-02	 1.960784E-02	
  .00031	-3.921569E-02	-1.960784E-02	
  .0003102	 3.921569E-02	-1.960784E-02	
  .0003104	 3.921569E-02	-1.960784E-02	
  .0003106	 3.921569E-02	-1.960784E-02	
  .0003108	 .1176471	 5.882353E-02	
  .000311	 3.921569E-02	-1.960784E-02	
  .0003112	 .1176471	 1.960784E-02	
  .0003114	 .1176471	 1.960784E-02	
  .0003116	 .1176471	 1.960784E-02	
  .0003118	 .1176471	 1.960784E-02	
  .000312	 3.921569E-02	-1.960784E-02	
  .0003122	 3.921569E-02	-1.960784E-02	
  .0003124	 .1176471	-1.960784E-02	
  .0003126	 3.921569E-02	 5.882353E-02	
  .0003128	 3.921569E-02	-1.960784E-02	
  .000313	 .1176471	 1.960784E-02	
  .0003132	 .1176471	-1.960784E-02	
  .0003134	 .1176471	 1.960784E-02	
  .0003136	 3.921569E-02	 1.960784E-02	
  .0003138	 3.921569E-02	-1.960784E-02	
  .000314	 3.921569E-02	-1.960784E-02	
  .0003142	 3.921569E-02	 1.960784E-02	
  .0003144	 3.921569E-02	 1.960784E-02	
  .0003146	 3.921569E-02	 1.960784E-02	
  .0003148	 3.921569E-02	 1.960784E-02	
  .000315	 .1176471	-1.960784E-02	
  .0003152	 3.921569E-02	-1.960784E-02	
  .0003154	 3.921569E-02	-1.960784E-02	
  .0003156	 3.921569E-02	-1.960784E-02	
  .0003158	 3.921569E-02	 1.960784E-02	
  .000316	 3.921569E-02	-1.960784E-02	
  .0003162	 3.921569E-02	-1.960784E-02	
  .0003164	 .1176471	 1.960784E-02	
  .0003166	 .1176471	 1.960784E-02	
  .0003168	 3.921569E-02	-1.960784E-02	
  .000317	 3.921569E-02	-1.960784E-02	
  .0003172	 3.921569E-02	 1.960784E-02	
  .0003174	 3.921569E-02	 1.960784E-02	
  .0003176	 3.921569E-02	-1.960784E-02	
  .0003178	 .1176471	 1.960784E-02	
  .000318	 3.921569E-02	 1.960784E-02	
  .0003182	 3.921569E-02	 9.803922E-02	
  .0003184	 .1176471	 1.960784E-02	
  .0003186	 3.921569E-02	-1.960784E-02	
  .0003188	 3.921569E-02	-1.960784E-02	
  .000319	 .1176471	 1.960784E-02	
  .0003192	 .1176471	 1.960784E-02	
  .0003194	 3.921569E-02	 5.882353E-02	
  .0003196	 3.921569E-02	 1.960784E-02	
  .0003198	 .1176471	 1.960784E-02	
  .00032	 3.921569E-02	-1.960784E-02	
  .0003202	 3.921569E-02	-1.960784E-02	
  .0003204	 .1176471	-1.960784E-02	
  .0003206	 .1176471	-1.960784E-02	
  .0003208	 3.921569E-02	-1.960784E-02	
  .000321	 3.921569E-02	-1.960784E-02	
  .0003212	-3.921569E-02	 1.960784E-02	
  .0003214	 .1176471	 1.960784E-02	
  .0003216	 3.921569E-02	 1.960784E-02	
  .0003218	 3.921569E-02	-1.960784E-02	
  .000322	 .1960784	-1.960784E-02	
  .0003222	 3.921569E-02	 1.960784E-02	
  .0003224	 3.921569E-02	 1.960784E-02	
  .0003226	 3.921569E-02	-1.960784E-02	
  .0003228	 .1176471	 1.960784E-02	
  .000323	 .1176471	 1.960784E-02	
  .0003232	 .1176471	-1.960784E-02	
  .0003234	 .1176471	 5.882353E-02	
  .0003236	 .1176471	 5.882353E-02	
  .0003238	 .1960784	 1.960784E-02	
  .000324	 .1176471	-1.960784E-02	
  .0003242	 .1176471	-1.960784E-02	
  .0003244	 3.921569E-02	 5.882353E-02	
  .0003246	 .1176471	 5.882353E-02	
  .0003248	 3.921569E-02	 1.960784E-02	
  .000325	 3.921569E-02	-1.960784E-02	
  .0003252	 3.921569E-02	 1.960784E-02	
  .0003254	 3.921569E-02	-1.960784E-02	
  .0003256	 .1176471	-1.960784E-02	
  .0003258	 3.921569E-02	-1.960784E-02	
  .000326	 .1176471	 1.960784E-02	
  .0003262	 .1176471	 1.960784E-02	
  .0003264	 .1176471	 1.960784E-02	
  .0003266	 .1176471	-1.960784E-02	
  .0003268	 3.921569E-02	-1.960784E-02	
  .000327	 .1176471	-1.960784E-02	
  .0003272	 .1176471	 5.882353E-02	
  .0003274	 3.921569E-02	 1.960784E-02	
  .0003276	 .1176471	 1.960784E-02	
  .0003278	 3.921569E-02	 1.960784E-02	
  .000328	 3.921569E-02	-1.960784E-02	
  .0003282	 3.921569E-02	 1.960784E-02	
  .0003284	 .1176471	-1.960784E-02	
  .0003286	 .1960784	-1.960784E-02	
  .0003288	 .1176471	 1.960784E-02	
  .000329	 .1176471	 1.960784E-02	
  .0003292	 3.921569E-02	 1.960784E-02	
  .0003294	 .1176471	-1.960784E-02	
  .0003296	 3.921569E-02	 1.960784E-02	
  .0003298	 .1176471	-1.960784E-02	
  .00033	 3.921569E-02	 1.960784E-02	
  .0003302	 3.921569E-02	-1.960784E-02	
  .0003304	 3.921569E-02	 1.960784E-02	
  .0003306	 3.921569E-02	 1.960784E-02	
  .0003308	 .1176471	 1.960784E-02	
  .000331	 3.921569E-02	 5.882353E-02	
  .0003312	 3.921569E-02	 1.960784E-02	
  .0003314	 .1176471	 1.960784E-02	
  .0003316	 3.921569E-02	 1.960784E-02	
  .0003318	 3.921569E-02	-1.960784E-02	
  .000332	 3.921569E-02	-1.960784E-02	
  .0003322	 .1176471	-1.960784E-02	
  .0003324	 .1176471	 1.960784E-02	
  .0003326	 .1176471	 1.960784E-02	
  .0003328	 .1176471	-1.960784E-02	
  .000333	 .1960784	-1.960784E-02	
  .0003332	 .1176471	 1.960784E-02	
  .0003334	-3.921569E-02	 5.882353E-02	
  .0003336	 .1176471	 1.960784E-02	
  .0003338	 3.921569E-02	-1.960784E-02	
  .000334	 .1176471	 1.960784E-02	
  .0003342	 3.921569E-02	 5.882353E-02	
  .0003344	 3.921569E-02	 1.960784E-02	
  .0003346	 3.921569E-02	-1.960784E-02	
  .0003348	 3.921569E-02	-1.960784E-02	
  .000335	 3.921569E-02	-1.960784E-02	
  .0003352	 .1176471	-1.960784E-02	
  .0003354	 .1176471	-1.960784E-02	
  .0003356	 3.921569E-02	 5.882353E-02	
  .0003358	 .1176471	-1.960784E-02	
  .000336	 3.921569E-02	 5.882353E-02	
  .0003362	 3.921569E-02	-1.960784E-02	
  .0003364	 .1960784	 5.882353E-02	
  .0003366	 .1176471	 1.960784E-02	
  .0003368	 .1176471	-1.960784E-02	
  .000337	 .1176471	 5.882353E-02	
  .0003372	 3.921569E-02	 5.882353E-02	
  .0003374	 .1176471	 1.960784E-02	
  .0003376	 .1960784	 1.960784E-02	
  .0003378	 .1176471	-1.960784E-02	
  .000338	 .1176471	 5.882353E-02	
  .0003382	-3.921569E-02	 1.960784E-02	
  .0003384	 3.921569E-02	 1.960784E-02	
  .0003386	 3.921569E-02	 1.960784E-02	
  .0003388	 .1176471	 5.882353E-02	
  .000339	 .1176471	 1.960784E-02	
  .0003392	 3.921569E-02	 1.960784E-02	
  .0003394	 .1176471	 5.882353E-02	
  .0003396	 .1176471	 1.960784E-02	
  .0003398	 3.921569E-02	 1.960784E-02	
  .00034	 3.921569E-02	 1.960784E-02	
  .0003402	 .1176471	-1.960784E-02	
  .0003404	 .1960784	 1.960784E-02	
  .0003406	 .1176471	-1.960784E-02	
  .0003408	 3.921569E-02	 1.960784E-02	
  .000341	 3.921569E-02	 1.960784E-02	
  .0003412	 .1176471	-1.960784E-02	
  .0003414	 .1176471	-1.960784E-02	
  .0003416	 3.921569E-02	-1.960784E-02	
  .0003418	 .1176471	 1.960784E-02	
  .000342	 3.921569E-02	 5.882353E-02	
  .0003422	 .1176471	-1.960784E-02	
  .0003424	 3.921569E-02	-1.960784E-02	
  .0003426	 3.921569E-02	-1.960784E-02	
  .0003428	 .1176471	 1.960784E-02	
  .000343	 .1960784	-1.960784E-02	
  .0003432	 .1176471	 1.960784E-02	
  .0003434	 3.921569E-02	 1.960784E-02	
  .0003436	 .1960784	 1.960784E-02	
  .0003438	 .1176471	 5.882353E-02	
  .000344	 .1960784	 1.960784E-02	
  .0003442	 .1176471	 5.882353E-02	
  .0003444	 .1176471	-1.960784E-02	
  .0003446	 3.921569E-02	-1.960784E-02	
  .0003448	 .1176471	-5.882353E-02	
  .000345	 .1176471	-5.882353E-02	
  .0003452	 3.921569E-02	-9.803922E-02	
  .0003454	 .1176471	-9.803922E-02	
  .0003456	 3.921569E-02	-5.882353E-02	
  .0003458	 .1176471	-5.882353E-02	
  .000346	 .1176471	-9.803922E-02	
  .0003462	 3.921569E-02	-5.882353E-02	
  .0003464	 3.921569E-02	-.1372549	
  .0003466	 .1176471	-.1372549	
  .0003468	 3.921569E-02	-.1372549	
  .000347	 .1176471	-9.803922E-02	
  .0003472	 3.921569E-02	-.1372549	
  .0003474	 .1960784	-.1372549	
  .0003476	 .1176471	-9.803922E-02	
  .0003478	 .1176471	-.1372549	
  .000348	 3.921569E-02	-.1372549	
  .0003482	 3.921569E-02	-.1372549	
  .0003484	 .1960784	-.1764706	
  .0003486	 3.921569E-02	-9.803922E-02	
  .0003488	 .1176471	-9.803922E-02	
  .000349	 .1176471	-.1372549	
  .0003492	 .1176471	-.1372549	
  .0003494	 3.921569E-02	-.1764706	
  .0003496	 .1176471	-.1372549	
  .0003498	 3.921569E-02	-.1764706	
  .00035	 .1176471	-.1372549	
  .0003502	 3.921569E-02	-9.803922E-02	
  .0003504	 .1176471	-.1372549	
  .0003506	 .1176471	-.1372549	
  .0003508	 .1176471	-9.803922E-02	
  .000351	 3.921569E-02	-.1372549	
  .0003512	 3.921569E-02	-9.803922E-02	
  .0003514	 3.921569E-02	-9.803922E-02	
  .0003516	 .1176471	-.1764706	
  .0003518	 3.921569E-02	-.1372549	
  .000352	 .1176471	-.1372549	
  .0003522	 .1176471	-9.803922E-02	
  .0003524	 .1176471	-5.882353E-02	
  .0003526	 .1176471	-1.960784E-02	
  .0003528	 .1176471	-5.882353E-02	
  .000353	 3.921569E-02	-1.960784E-02	
  .0003532	 3.921569E-02	-1.960784E-02	
  .0003534	 .1176471	-5.882353E-02	
  .0003536	 3.921569E-02	-9.803922E-02	
  .0003538	 .1176471	-1.960784E-02	
  .000354	 .1176471	 1.960784E-02	
  .0003542	 .1176471	-1.960784E-02	
  .0003544	 3.921569E-02	-1.960784E-02	
  .0003546	 3.921569E-02	-5.882353E-02	
  .0003548	 3.921569E-02	-5.882353E-02	
  .000355	 3.921569E-02	-5.882353E-02	
  .0003552	 3.921569E-02	-5.882353E-02	
  .0003554	 .1176471	-1.960784E-02	
  .0003556	 3.921569E-02	-5.882353E-02	
  .0003558	 3.921569E-02	-5.882353E-02	
  .000356	 .1176471	-5.882353E-02	
  .0003562	 .1176471	-9.803922E-02	
  .0003564	 3.921569E-02	-5.882353E-02	
  .0003566	 3.921569E-02	-5.882353E-02	
  .0003568	 3.921569E-02	-1.960784E-02	
  .000357	 3.921569E-02	-5.882353E-02	
  .0003572	 .1176471	-5.882353E-02	
  .0003574	 .1176471	-5.882353E-02	
  .0003576	 .1176471	-9.803922E-02	
  .0003578	 .1176471	-1.960784E-02	
  .000358	 3.921569E-02	-1.960784E-02	
  .0003582	 .1176471	-5.882353E-02	
  .0003584	 3.921569E-02	-1.960784E-02	
  .0003586	 .1176471	-5.882353E-02	
  .0003588	 .1176471	-1.960784E-02	
  .000359	 .1176471	-5.882353E-02	
  .0003592	 .1960784	-1.960784E-02	
  .0003594	 3.921569E-02	-5.882353E-02	
  .0003596	 .1176471	-9.803922E-02	
  .0003598	 3.921569E-02	-.1372549	
  .00036	 .1960784	-9.803922E-02	
  .0003602	 .1960784	-9.803922E-02	
  .0003604	-3.921569E-02	-.1372549	
  .0003606	-3.921569E-02	-9.803922E-02	
  .0003608	 3.921569E-02	-9.803922E-02	
  .000361	 .1176471	-5.882353E-02	
  .0003612	 .1176471	-9.803922E-02	
  .0003614	 3.921569E-02	-9.803922E-02	
  .0003616	 .1176471	-9.803922E-02	
  .0003618	 3.921569E-02	-9.803922E-02	
  .000362	 .1176471	-9.803922E-02	
  .0003622	 .1176471	-9.803922E-02	
  .0003624	 3.921569E-02	-9.803922E-02	
  .0003626	 .1176471	-5.882353E-02	
  .0003628	 .1176471	-9.803922E-02	
  .000363	 .1176471	-5.882353E-02	
  .0003632	 3.921569E-02	-5.882353E-02	
  .0003634	 .1960784	-9.803922E-02	
  .0003636	 .1176471	-9.803922E-02	
  .0003638	 .1960784	-9.803922E-02	
  .000364	 3.921569E-02	-1.960784E-02	
  .0003642	 .1176471	-5.882353E-02	
  .0003644	 .1176471	-9.803922E-02	
  .0003646	 3.921569E-02	-9.803922E-02	
  .0003648	 3.921569E-02	-9.803922E-02	
  .000365	 3.921569E-02	-5.882353E-02	
  .0003652	 3.921569E-02	-5.882353E-02	
  .0003654	 3.921569E-02	-9.803922E-02	
  .0003656	 .1176471	-5.882353E-02	
  .0003658	 3.921569E-02	-9.803922E-02	
  .000366	 3.921569E-02	-9.803922E-02	
  .0003662	 .1176471	-5.882353E-02	
  .0003664	 3.921569E-02	-9.803922E-02	
  .0003666	 3.921569E-02	-5.882353E-02	
  .0003668	 3.921569E-02	-5.882353E-02	
  .000367	-3.921569E-02	-1.960784E-02	
  .0003672	 .1960784	-1.960784E-02	
  .0003674	 3.921569E-02	-1.960784E-02	
  .0003676	 .1176471	-5.882353E-02	
  .0003678	 .1176471	-9.803922E-02	
  .000368	 3.921569E-02	-1.960784E-02	
  .0003682	 .1176471	-9.803922E-02	
  .0003684	 .1176471	-1.960784E-02	
  .0003686	 .1176471	-1.960784E-02	
  .0003688	 3.921569E-02	-1.960784E-02	
  .000369	 .1176471	-5.882353E-02	
  .0003692	 .1176471	-5.882353E-02	
  .0003694	 3.921569E-02	-5.882353E-02	
  .0003696	 3.921569E-02	-9.803922E-02	
  .0003698	 .1176471	-5.882353E-02	
  .00037	 3.921569E-02	-1.960784E-02	
  .0003702	 3.921569E-02	-1.960784E-02	
  .0003704	 3.921569E-02	-5.882353E-02	
  .0003706	 3.921569E-02	-1.960784E-02	
  .0003708	 3.921569E-02	-1.960784E-02	
  .000371	 .1176471	-5.882353E-02	
  .0003712	 3.921569E-02	-1.960784E-02	
  .0003714	 3.921569E-02	-5.882353E-02	
  .0003716	 3.921569E-02	-5.882353E-02	
  .0003718	 .1176471	-1.960784E-02	
  .000372	 .1176471	-1.960784E-02	
  .0003722	 3.921569E-02	-5.882353E-02	
  .0003724	 3.921569E-02	-1.960784E-02	
  .0003726	 3.921569E-02	-1.960784E-02	
  .0003728	 3.921569E-02	-1.960784E-02	
  .000373	 .1176471	-1.960784E-02	
  .0003732	 .1176471	-1.960784E-02	
  .0003734	 3.921569E-02	-1.960784E-02	
  .0003736	-3.921569E-02	 1.960784E-02	
  .0003738	 .1176471	 1.960784E-02	
  .000374	 3.921569E-02	-1.960784E-02	
  .0003742	-3.921569E-02	-1.960784E-02	
  .0003744	 3.921569E-02	-1.960784E-02	
  .0003746	-3.921569E-02	-1.960784E-02	
  .0003748	 3.921569E-02	-1.960784E-02	
  .000375	 .1176471	 1.960784E-02	
  .0003752	 3.921569E-02	 5.882353E-02	
  .0003754	 3.921569E-02	 1.960784E-02	
  .0003756	-3.921569E-02	 1.960784E-02	
  .0003758	 3.921569E-02	 1.960784E-02	
  .000376	 .1176471	-1.960784E-02	
  .0003762	 .1176471	-1.960784E-02	
  .0003764	 .1176471	 1.960784E-02	
  .0003766	 3.921569E-02	 1.960784E-02	
  .0003768	 3.921569E-02	-1.960784E-02	
  .000377	 3.921569E-02	 1.960784E-02	
  .0003772	 .1176471	-1.960784E-02	
  .0003774	 .1176471	-1.960784E-02	
  .0003776	 3.921569E-02	 5.882353E-02	
  .0003778	 3.921569E-02	-1.960784E-02	
  .000378	 3.921569E-02	-1.960784E-02	
  .0003782	 3.921569E-02	 1.960784E-02	
  .0003784	 .1176471	 1.960784E-02	
  .0003786	 .1176471	-1.960784E-02	
  .0003788	-3.921569E-02	 5.882353E-02	
  .000379	 .1176471	-1.960784E-02	
  .0003792	 3.921569E-02	 1.960784E-02	
  .0003794	 .1176471	 1.960784E-02	
  .0003796	 3.921569E-02	 1.960784E-02	
  .0003798	 3.921569E-02	 1.960784E-02	
  .00038	 .1176471	 1.960784E-02	
  .0003802	 3.921569E-02	 1.960784E-02	
  .0003804	 3.921569E-02	 5.882353E-02	
  .0003806	 .1176471	 1.960784E-02	
  .0003808	 3.921569E-02	 5.882353E-02	
  .000381	 3.921569E-02	 1.960784E-02	
  .0003812	 3.921569E-02	 5.882353E-02	
  .0003814	 .1176471	 1.960784E-02	
  .0003816	 3.921569E-02	 1.960784E-02	
  .0003818	 .1176471	 1.960784E-02	
  .000382	 3.921569E-02	 5.882353E-02	
  .0003822	 3.921569E-02	 1.960784E-02	
  .0003824	 .1176471	 9.803922E-02	
  .0003826	 .1176471	 5.882353E-02	
  .0003828	 .1176471	 5.882353E-02	
  .000383	 .1176471	 5.882353E-02	
  .0003832	 .1960784	 5.882353E-02	
  .0003834	 .1960784	 5.882353E-02	
  .0003836	 3.921569E-02	 5.882353E-02	
  .0003838	 3.921569E-02	 9.803922E-02	
  .000384	 .1176471	 9.803922E-02	
  .0003842	 .1176471	 1.960784E-02	
  .0003844	 3.921569E-02	 5.882353E-02	
  .0003846	 .1176471	 5.882353E-02	
  .0003848	 3.921569E-02	 1.960784E-02	
  .000385	 3.921569E-02	 5.882353E-02	
  .0003852	 .1176471	 5.882353E-02	
  .0003854	 .1176471	 5.882353E-02	
  .0003856	 .1176471	 9.803922E-02	
  .0003858	 3.921569E-02	 5.882353E-02	
  .000386	 .1176471	 5.882353E-02	
  .0003862	 3.921569E-02	 5.882353E-02	
  .0003864	 3.921569E-02	 5.882353E-02	
  .0003866	 3.921569E-02	 9.803922E-02	
  .0003868	 .1176471	 9.803922E-02	
  .000387	 .1176471	 .1372549	
  .0003872	 .1176471	 .1372549	
  .0003874	 .1176471	 9.803922E-02	
  .0003876	 3.921569E-02	 9.803922E-02	
  .0003878	 .1176471	 5.882353E-02	
  .000388	 .1176471	 5.882353E-02	
  .0003882	 3.921569E-02	 9.803922E-02	
  .0003884	 3.921569E-02	 .1372549	
  .0003886	 3.921569E-02	 9.803922E-02	
  .0003888	 3.921569E-02	 9.803922E-02	
  .000389	 .1176471	 .1372549	
  .0003892	 .1176471	 9.803922E-02	
  .0003894	 3.921569E-02	 5.882353E-02	
  .0003896	 3.921569E-02	 5.882353E-02	
  .0003898	 3.921569E-02	 9.803922E-02	
  .00039	-3.921569E-02	 9.803922E-02	
  .0003902	 .1176471	 9.803922E-02	
  .0003904	 .1176471	 .1372549	
  .0003906	-3.921569E-02	 9.803922E-02	
  .0003908	 3.921569E-02	 9.803922E-02	
  .000391	 3.921569E-02	 9.803922E-02	
  .0003912	 3.921569E-02	 9.803922E-02	
  .0003914	-3.921569E-02	 9.803922E-02	
  .0003916	 .1176471	 .1372549	
  .0003918	 3.921569E-02	 9.803922E-02	
  .000392	 3.921569E-02	 9.803922E-02	
  .0003922	 3.921569E-02	 9.803922E-02	
  .0003924	 .1176471	 9.803922E-02	
  .0003926	 3.921569E-02	 .1372549	
  .0003928	 3.921569E-02	 9.803922E-02	
  .000393	 3.921569E-02	 9.803922E-02	
  .0003932	 3.921569E-02	 9.803922E-02	
  .0003934	 3.921569E-02	 .1372549	
  .0003936	 .1176471	 .1372549	
  .0003938	 3.921569E-02	 9.803922E-02	
  .000394	 3.921569E-02	 .1372549	
  .0003942	 .1176471	 .1372549	
  .0003944	 3.921569E-02	 9.803922E-02	
  .0003946	 3.921569E-02	 9.803922E-02	
  .0003948	 .1176471	 .1372549	
  .000395	-3.921569E-02	 .1372549	
  .0003952	 3.921569E-02	 9.803922E-02	
  .0003954	 3.921569E-02	 9.803922E-02	
  .0003956	 3.921569E-02	 9.803922E-02	
  .0003958	 .1176471	 9.803922E-02	
  .000396	 .1176471	 .1372549	
  .0003962	 3.921569E-02	 9.803922E-02	
  .0003964	-3.921569E-02	 .1764706	
  .0003966	 3.921569E-02	 .1372549	
  .0003968	 .1176471	 .1372549	
  .000397	 3.921569E-02	 9.803922E-02	
  .0003972	 3.921569E-02	 .1372549	
  .0003974	 3.921569E-02	 .1764706	
  .0003976	 3.921569E-02	 .1372549	
  .0003978	 3.921569E-02	 9.803922E-02	
  .000398	 3.921569E-02	 .1372549	
  .0003982	 .1960784	 .1372549	
  .0003984	 .1176471	 .1372549	
  .0003986	 3.921569E-02	 .1372549	
  .0003988	 3.921569E-02	 .1372549	
  .000399	 .1176471	 .1372549	
  .0003992	 3.921569E-02	 9.803922E-02	
  .0003994	 3.921569E-02	 .1372549	
  .0003996	 3.921569E-02	 9.803922E-02	
  .0003998	 .1960784	 9.803922E-02	
  .0004	 3.921569E-02	 .1372549	
  .0004002	 3.921569E-02	 .1372549	
  .0004004	-3.921569E-02	 .1372549	
  .0004006	 .1176471	 9.803922E-02	
  .0004008	 3.921569E-02	 .1372549	
  .000401	 3.921569E-02	 .1372549	
  .0004012	 3.921569E-02	 .1372549	
  .0004014	 3.921569E-02	 .1372549	
  .0004016	 3.921569E-02	 .1372549	
  .0004018	-3.921569E-02	 .1764706	
  .000402	 3.921569E-02	 9.803922E-02	
  .0004022	 .1176471	 .1764706	
  .0004024	 .1176471	 .1372549	
  .0004026	 3.921569E-02	 .1372549	
  .0004028	 .1176471	 .1372549	
  .000403	 .1960784	 .1372549	
  .0004032	 3.921569E-02	 9.803922E-02	
  .0004034	 .1176471	-1.960784E-02	
  .0004036	 3.921569E-02	 9.803922E-02	
  .0004038	 .1960784	 5.882353E-02	
  .000404	 3.921569E-02	 1.960784E-02	
  .0004042	 3.921569E-02	 1.960784E-02	
  .0004044	 .1176471	 1.960784E-02	
  .0004046	 3.921569E-02	-1.960784E-02	
  .0004048	 3.921569E-02	 1.960784E-02	
  .000405	 3.921569E-02	 5.882353E-02	
  .0004052	 3.921569E-02	 5.882353E-02	
  .0004054	 .1176471	 5.882353E-02	
  .0004056	 .1176471	 1.960784E-02	
  .0004058	 .1960784	-1.960784E-02	
  .000406	 3.921569E-02	 1.960784E-02	
  .0004062	 3.921569E-02	 1.960784E-02	
  .0004064	 .1176471	 1.960784E-02	
  .0004066	 3.921569E-02	 5.882353E-02	
  .0004068	 .1176471	 5.882353E-02	
  .000407	 3.921569E-02	 1.960784E-02	
  .0004072	 .1176471	 1.960784E-02	
  .0004074	 3.921569E-02	 1.960784E-02	
  .0004076	 3.921569E-02	 1.960784E-02	
  .0004078	 .1176471	-1.960784E-02	
  .000408	 3.921569E-02	 5.882353E-02	
  .0004082	 .1176471	 1.960784E-02	
  .0004084	 3.921569E-02	 1.960784E-02	
  .0004086	 .1176471	 1.960784E-02	
  .0004088	 .1176471	 1.960784E-02	
  .000409	 3.921569E-02	-1.960784E-02	
  .0004092	 3.921569E-02	 1.960784E-02	
  .0004094	 3.921569E-02	-1.960784E-02	
  .0004096	-3.921569E-02	 1.960784E-02	
  .0004098	 3.921569E-02	 5.882353E-02	
  .00041	 .1176471	 1.960784E-02	
  .0004102	 .1176471	 5.882353E-02	
  .0004104	 .1176471	 1.960784E-02	
  .0004106	 .1176471	 1.960784E-02	
  .0004108	 .1176471	 1.960784E-02	
  .000411	 3.921569E-02	 1.960784E-02	
  .0004112	 3.921569E-02	-1.960784E-02	
  .0004114	 .1176471	 5.882353E-02	
  .0004116	 3.921569E-02	 5.882353E-02	
  .0004118	-3.921569E-02	 5.882353E-02	
  .000412	 .1176471	 1.960784E-02	
  .0004122	 .1176471	 1.960784E-02	
  .0004124	 3.921569E-02	 5.882353E-02	
  .0004126	 3.921569E-02	 1.960784E-02	
  .0004128	 .1176471	 1.960784E-02	
  .000413	 .1176471	-1.960784E-02	
  .0004132	 3.921569E-02	 5.882353E-02	
  .0004134	 .1176471	 5.882353E-02	
  .0004136	 3.921569E-02	 5.882353E-02	
  .0004138	 3.921569E-02	 1.960784E-02	
  .000414	 3.921569E-02	 1.960784E-02	
  .0004142	 .1176471	-1.960784E-02	
  .0004144	 3.921569E-02	 1.960784E-02	
  .0004146	 3.921569E-02	 1.960784E-02	
  .0004148	 .1176471	 1.960784E-02	
  .000415	 .1176471	 5.882353E-02	
  .0004152	 3.921569E-02	 1.960784E-02	
  .0004154	 3.921569E-02	 1.960784E-02	
  .0004156	 .1176471	 5.882353E-02	
  .0004158	 3.921569E-02	 5.882353E-02	
  .000416	 3.921569E-02	 1.960784E-02	
  .0004162	 .1176471	 5.882353E-02	
  .0004164	 .1176471	 5.882353E-02	
  .0004166	 .1176471	 5.882353E-02	
  .0004168	 .1176471	 1.960784E-02	
  .000417	 .1960784	-1.960784E-02	
  .0004172	 .1176471	 9.803922E-02	
  .0004174	 .1176471	 5.882353E-02	
  .0004176	 .1176471	 1.960784E-02	
  .0004178	 3.921569E-02	 1.960784E-02	
  .000418	 .1176471	 1.960784E-02	
  .0004182	 .1176471	 1.960784E-02	
  .0004184	 3.921569E-02	 5.882353E-02	
  .0004186	 .1960784	 1.960784E-02	
  .0004188	 .1176471	 1.960784E-02	
  .000419	 .1176471	-1.960784E-02	
  .0004192	 3.921569E-02	 1.960784E-02	
  .0004194	 .1960784	 1.960784E-02	
  .0004196	 .1960784	 1.960784E-02	
  .0004198	 .1176471	-1.960784E-02	
  .00042	 3.921569E-02	 5.882353E-02	
  .0004202	 3.921569E-02	 9.803922E-02	
  .0004204	 3.921569E-02	 5.882353E-02	
  .0004206	 .1176471	 1.960784E-02	
  .0004208	 3.921569E-02	 1.960784E-02	
  .000421	 .1176471	 1.960784E-02	
  .0004212	 3.921569E-02	-1.960784E-02	
  .0004214	 3.921569E-02	 1.960784E-02	
  .0004216	 3.921569E-02	 1.960784E-02	
  .0004218	 3.921569E-02	-1.960784E-02	
  .000422	 3.921569E-02	 5.882353E-02	
  .0004222	 .1960784	-1.960784E-02	
  .0004224	 .1176471	 5.882353E-02	
  .0004226	 .1176471	-1.960784E-02	
  .0004228	 .1960784	 1.960784E-02	
  .000423	 .1176471	 9.803922E-02	
  .0004232	 .1176471	 5.882353E-02	
  .0004234	 .1176471	 5.882353E-02	
  .0004236	 .1960784	 5.882353E-02	
  .0004238	 3.921569E-02	 1.960784E-02	
  .000424	 3.921569E-02	 1.960784E-02	
  .0004242	 3.921569E-02	-1.960784E-02	
  .0004244	 3.921569E-02	 1.960784E-02	
  .0004246	 .1176471	 1.960784E-02	
  .0004248	 3.921569E-02	 1.960784E-02	
  .000425	 3.921569E-02	 5.882353E-02	
  .0004252	 3.921569E-02	 1.960784E-02	
  .0004254	 .1176471	 1.960784E-02	
  .0004256	 .1176471	-1.960784E-02	
  .0004258	 .1176471	-1.960784E-02	
  .000426	 .1176471	 5.882353E-02	
  .0004262	 3.921569E-02	 5.882353E-02	
  .0004264	 .1176471	 1.960784E-02	
  .0004266	 .1176471	 5.882353E-02	
  .0004268	 .1176471	-1.960784E-02	
  .000427	 3.921569E-02	 1.960784E-02	
  .0004272	 3.921569E-02	-1.960784E-02	
  .0004274	 .1176471	-1.960784E-02	
  .0004276	 .1176471	-1.960784E-02	
  .0004278	 3.921569E-02	 5.882353E-02	
  .000428	 .1176471	 5.882353E-02	
  .0004282	 .1176471	 1.960784E-02	
  .0004284	 3.921569E-02	 1.960784E-02	
  .0004286	 .1176471	 1.960784E-02	
  .0004288	 .1176471	-1.960784E-02	
  .000429	 3.921569E-02	 1.960784E-02	
  .0004292	 .1176471	 1.960784E-02	
  .0004294	 3.921569E-02	 5.882353E-02	
  .0004296	 3.921569E-02	 5.882353E-02	
  .0004298	 .1176471	 1.960784E-02	
  .00043	 .1960784	 5.882353E-02	
  .0004302	 3.921569E-02	 1.960784E-02	
  .0004304	 .1176471	 1.960784E-02	
  .0004306	 .1176471	 1.960784E-02	
  .0004308	 3.921569E-02	 1.960784E-02	
  .000431	 3.921569E-02	 1.960784E-02	
  .0004312	 .1176471	 5.882353E-02	
  .0004314	 .1176471	 9.803922E-02	
  .0004316	 3.921569E-02	 9.803922E-02	
  .0004318	 .1176471	 .1372549	
  .000432	 .1176471	 5.882353E-02	
  .0004322	 3.921569E-02	 5.882353E-02	
  .0004324	 3.921569E-02	 9.803922E-02	
  .0004326	 .1176471	 9.803922E-02	
  .0004328	 3.921569E-02	 1.960784E-02	
  .000433	 3.921569E-02	 9.803922E-02	
  .0004332	 .1176471	 .1372549	
  .0004334	 .1176471	 5.882353E-02	
  .0004336	 3.921569E-02	 9.803922E-02	
  .0004338	 3.921569E-02	 5.882353E-02	
  .000434	 3.921569E-02	 5.882353E-02	
  .0004342	 3.921569E-02	 5.882353E-02	
  .0004344	 3.921569E-02	 9.803922E-02	
  .0004346	-3.921569E-02	 9.803922E-02	
  .0004348	 3.921569E-02	 5.882353E-02	
  .000435	 3.921569E-02	 1.960784E-02	
  .0004352	 .1176471	 5.882353E-02	
  .0004354	 .1960784	 5.882353E-02	
  .0004356	 3.921569E-02	 5.882353E-02	
  .0004358	 3.921569E-02	 1.960784E-02	
  .000436	 3.921569E-02	 5.882353E-02	
  .0004362	 3.921569E-02	 9.803922E-02	
  .0004364	 3.921569E-02	 5.882353E-02	
  .0004366	 3.921569E-02	 1.960784E-02	
  .0004368	 .1176471	 5.882353E-02	
  .000437	 .1176471	 9.803922E-02	
  .0004372	 3.921569E-02	 9.803922E-02	
  .0004374	 .1176471	 1.960784E-02	
  .0004376	 3.921569E-02	 9.803922E-02	
  .0004378	 .1176471	 9.803922E-02	
  .000438	 .1176471	 1.960784E-02	
  .0004382	 3.921569E-02	 9.803922E-02	
  .0004384	 3.921569E-02	 5.882353E-02	
  .0004386	 .1960784	 5.882353E-02	
  .0004388	 3.921569E-02	 9.803922E-02	
  .000439	 .1176471	 5.882353E-02	
  .0004392	 .1176471	 1.960784E-02	
  .0004394	 .1176471	 9.803922E-02	
  .0004396	 3.921569E-02	 1.960784E-02	
  .0004398	 3.921569E-02	 5.882353E-02	
  .00044	 .1176471	 5.882353E-02	
  .0004402	 .1176471	 5.882353E-02	
  .0004404	 3.921569E-02	 5.882353E-02	
  .0004406	 .1176471	 5.882353E-02	
  .0004408	 .1176471	 5.882353E-02	
  .000441	 3.921569E-02	 5.882353E-02	
  .0004412	 3.921569E-02	 5.882353E-02	
  .0004414	 3.921569E-02	 5.882353E-02	
  .0004416	 3.921569E-02	 9.803922E-02	
  .0004418	 .1176471	 5.882353E-02	
  .000442	 .1176471	 1.960784E-02	
  .0004422	 .1176471	 5.882353E-02	
  .0004424	 3.921569E-02	 5.882353E-02	
  .0004426	 .1960784	 9.803922E-02	
  .0004428	 .1176471	 5.882353E-02	
  .000443	 .1176471	 5.882353E-02	
  .0004432	 .1176471	 9.803922E-02	
  .0004434	 .1176471	 9.803922E-02	
  .0004436	 3.921569E-02	 5.882353E-02	
  .0004438	-3.921569E-02	 5.882353E-02	
  .000444	-3.921569E-02	 5.882353E-02	
  .0004442	 3.921569E-02	 1.960784E-02	
  .0004444	 3.921569E-02	 5.882353E-02	
  .0004446	 3.921569E-02	 5.882353E-02	
  .0004448	 3.921569E-02	 5.882353E-02	
  .000445	 .1176471	 5.882353E-02	
  .0004452	 .1176471	 1.960784E-02	
  .0004454	 3.921569E-02	 5.882353E-02	
  .0004456	 3.921569E-02	 1.960784E-02	
  .0004458	 3.921569E-02	 1.960784E-02	
  .000446	 .1176471	 5.882353E-02	
  .0004462	 3.921569E-02	 1.960784E-02	
  .0004464	 .1176471	 5.882353E-02	
  .0004466	 3.921569E-02	 5.882353E-02	
  .0004468	 .1176471	 5.882353E-02	
  .000447	 3.921569E-02	 1.960784E-02	
  .0004472	 3.921569E-02	 5.882353E-02	
  .0004474	 .1960784	 1.960784E-02	
  .0004476	 .1176471	 5.882353E-02	
  .0004478	 .1176471	 9.803922E-02	
  .000448	 .1176471	 5.882353E-02	
  .0004482	 3.921569E-02	 5.882353E-02	
  .0004484	 3.921569E-02	 1.960784E-02	
  .0004486	 3.921569E-02	 5.882353E-02	
  .0004488	 3.921569E-02	 1.960784E-02	
  .000449	 3.921569E-02	 1.960784E-02	
  .0004492	 3.921569E-02	 5.882353E-02	
  .0004494	 3.921569E-02	 1.960784E-02	
  .0004496	 3.921569E-02	 1.960784E-02	
  .0004498	 .1176471	 1.960784E-02	
  .00045	 3.921569E-02	 1.960784E-02	
