 -.0000996	 .1176471	 1.960784E-02	
 -.0000992	 3.921569E-02	 5.882353E-02	
 -.0000988	 3.921569E-02	 1.960784E-02	
 -.0000984	 .1176471	 5.882353E-02	
 -.000098	 3.921569E-02	 1.960784E-02	
 -.0000976	 3.921569E-02	 1.960784E-02	
 -.0000972	 3.921569E-02	 5.882353E-02	
 -.0000968	 3.921569E-02	 1.960784E-02	
 -.0000964	 .1176471	-1.960784E-02	
 -.000096	 3.921569E-02	 1.960784E-02	
 -.0000956	 .1176471	-1.960784E-02	
 -.0000952	 .1960784	 1.960784E-02	
 -.0000948	-3.921569E-02	-1.960784E-02	
 -.0000944	 3.921569E-02	 5.882353E-02	
 -.000094	 .1176471	 5.882353E-02	
 -.0000936	 .1176471	 5.882353E-02	
 -.0000932	 .1960784	-1.960784E-02	
 -.0000928	 .1960784	 1.960784E-02	
 -.0000924	 3.921569E-02	 5.882353E-02	
 -.000092	 .1960784	 1.960784E-02	
 -.0000916	 .1176471	-1.960784E-02	
 -.0000912	 .2745098	 1.960784E-02	
 -.0000908	 3.921569E-02	 1.960784E-02	
 -.0000904	 .1176471	-1.960784E-02	
 -.00009	 3.921569E-02	 1.960784E-02	
 -.0000896	 3.921569E-02	 5.882353E-02	
 -.0000892	 3.921569E-02	-1.960784E-02	
 -.0000888	 3.921569E-02	 9.803922E-02	
 -.0000884	 .1176471	 1.960784E-02	
 -.000088	 .1176471	 1.960784E-02	
 -.0000876	 .1960784	 1.960784E-02	
 -.0000872	 3.921569E-02	 5.882353E-02	
 -.0000868	 3.921569E-02	 1.960784E-02	
 -.0000864	-3.921569E-02	 1.960784E-02	
 -.000086	 3.921569E-02	 1.960784E-02	
 -.0000856	 3.921569E-02	 1.960784E-02	
 -.0000852	 .1176471	-1.960784E-02	
 -.0000848	 3.921569E-02	-1.960784E-02	
 -.0000844	 3.921569E-02	 5.882353E-02	
 -.000084	 3.921569E-02	 1.960784E-02	
 -.0000836	 3.921569E-02	 1.960784E-02	
 -.0000832	 .1960784	 1.960784E-02	
 -.0000828	 .1176471	 1.960784E-02	
 -.0000824	 3.921569E-02	 1.960784E-02	
 -.000082	 3.921569E-02	-1.960784E-02	
 -.0000816	 3.921569E-02	 1.960784E-02	
 -.0000812	 .1176471	-1.960784E-02	
 -.0000808	 3.921569E-02	 5.882353E-02	
 -.0000804	 .1176471	-1.960784E-02	
 -.00008	 3.921569E-02	 1.960784E-02	
 -.0000796	 .1176471	-1.960784E-02	
 -.0000792	 3.921569E-02	 5.882353E-02	
 -.0000788	 .1176471	 1.960784E-02	
 -.0000784	 .1176471	 1.960784E-02	
 -.000078	 3.921569E-02	 1.960784E-02	
 -.0000776	 .1176471	 9.803922E-02	
 -.0000772	 3.921569E-02	 5.882353E-02	
 -.0000768	 .1176471	 1.960784E-02	
 -.0000764	 .1176471	 1.960784E-02	
 -.000076	 3.921569E-02	 1.960784E-02	
 -.0000756	 3.921569E-02	 5.882353E-02	
 -.0000752	 .1176471	 5.882353E-02	
 -.0000748	 3.921569E-02	 1.960784E-02	
 -.0000744	 3.921569E-02	-1.960784E-02	
 -.000074	 .1176471	 1.960784E-02	
 -.0000736	 3.921569E-02	 1.960784E-02	
 -.0000732	 3.921569E-02	 1.960784E-02	
 -.0000728	 .1960784	-1.960784E-02	
 -.0000724	 .1176471	 1.960784E-02	
 -.000072	 3.921569E-02	-1.960784E-02	
 -.0000716	 .1176471	-1.960784E-02	
 -.0000712	 3.921569E-02	-1.960784E-02	
 -.0000708	 3.921569E-02	 5.882353E-02	
 -.0000704	 3.921569E-02	-1.960784E-02	
 -.00007	-3.921569E-02	 1.960784E-02	
 -.0000696	 3.921569E-02	-1.960784E-02	
 -.0000692	 .1960784	 1.960784E-02	
 -.0000688	 .1960784	 1.960784E-02	
 -.0000684	 .1176471	-1.960784E-02	
 -.000068	 3.921569E-02	 5.882353E-02	
 -.0000676	 3.921569E-02	 5.882353E-02	
 -.0000672	-3.921569E-02	 5.882353E-02	
 -.0000668	 3.921569E-02	-1.960784E-02	
 -.0000664	 3.921569E-02	 5.882353E-02	
 -.000066	 3.921569E-02	 5.882353E-02	
 -.0000656	 3.921569E-02	 1.960784E-02	
 -.0000652	 .1176471	 1.960784E-02	
 -.0000648	 3.921569E-02	 1.960784E-02	
 -.0000644	 .1960784	 5.882353E-02	
 -.000064	 3.921569E-02	 1.960784E-02	
 -.0000636	 .1960784	-1.960784E-02	
 -.0000632	 3.921569E-02	 1.960784E-02	
 -.0000628	 .1176471	 5.882353E-02	
 -.0000624	 3.921569E-02	 1.960784E-02	
 -.000062	 .1176471	 1.960784E-02	
 -.0000616	 3.921569E-02	 1.960784E-02	
 -.0000612	 .1176471	-1.960784E-02	
 -.0000608	 3.921569E-02	 1.960784E-02	
 -.0000604	 3.921569E-02	 5.882353E-02	
 -.00006	 .1176471	 1.960784E-02	
 -.0000596	 3.921569E-02	 1.960784E-02	
 -.0000592	 .1176471	-1.960784E-02	
 -.0000588	-3.921569E-02	 1.960784E-02	
 -.0000584	 .1176471	 1.960784E-02	
 -.000058	 3.921569E-02	 1.960784E-02	
 -.0000576	 3.921569E-02	 1.960784E-02	
 -.0000572	 3.921569E-02	-1.960784E-02	
 -.0000568	 3.921569E-02	 1.960784E-02	
 -.0000564	-3.921569E-02	 1.960784E-02	
 -.000056	 3.921569E-02	 1.960784E-02	
 -.0000556	 .1176471	 1.960784E-02	
 -.0000552	 3.921569E-02	 1.960784E-02	
 -.0000548	 .1176471	 5.882353E-02	
 -.0000544	 .1176471	 1.960784E-02	
 -.000054	 .1176471	 5.882353E-02	
 -.0000536	 3.921569E-02	-1.960784E-02	
 -.0000532	 .1176471	 1.960784E-02	
 -.0000528	 3.921569E-02	 1.960784E-02	
 -.0000524	 .1176471	 1.960784E-02	
 -.000052	 3.921569E-02	-1.960784E-02	
 -.0000516	 .1176471	-1.960784E-02	
 -.0000512	 3.921569E-02	 1.960784E-02	
 -.0000508	 .1176471	-1.960784E-02	
 -.0000504	 3.921569E-02	 1.960784E-02	
 -.00005	 .1176471	 1.960784E-02	
 -.0000496	 .1176471	 5.882353E-02	
 -.0000492	 3.921569E-02	 5.882353E-02	
 -.0000488	 3.921569E-02	 1.960784E-02	
 -.0000484	 3.921569E-02	 1.960784E-02	
 -.000048	 3.921569E-02	 1.960784E-02	
 -.0000476	 3.921569E-02	 5.882353E-02	
 -.0000472	 3.921569E-02	-1.960784E-02	
 -.0000468	 3.921569E-02	-1.960784E-02	
 -.0000464	 3.921569E-02	 1.960784E-02	
 -.000046	 3.921569E-02	 1.960784E-02	
 -.0000456	 .1176471	 1.960784E-02	
 -.0000452	 3.921569E-02	 1.960784E-02	
 -.0000448	 3.921569E-02	 1.960784E-02	
 -.0000444	 3.921569E-02	 5.882353E-02	
 -.000044	 3.921569E-02	 1.960784E-02	
 -.0000436	 3.921569E-02	-1.960784E-02	
 -.0000432	 3.921569E-02	 1.960784E-02	
 -.0000428	 3.921569E-02	 1.960784E-02	
 -.0000424	 3.921569E-02	 1.960784E-02	
 -.000042	 3.921569E-02	 1.960784E-02	
 -.0000416	 .1176471	 1.960784E-02	
 -.0000412	 .1176471	 5.882353E-02	
 -.0000408	 3.921569E-02	 1.960784E-02	
 -.0000404	 3.921569E-02	-1.960784E-02	
 -.00004	 3.921569E-02	 1.960784E-02	
 -.0000396	 3.921569E-02	 1.960784E-02	
 -.0000392	 3.921569E-02	-1.960784E-02	
 -.0000388	-3.921569E-02	-1.960784E-02	
 -.0000384	 3.921569E-02	 1.960784E-02	
 -.000038	 .1176471	 9.803922E-02	
 -.0000376	 3.921569E-02	 1.960784E-02	
 -.0000372	 3.921569E-02	 1.960784E-02	
 -.0000368	 3.921569E-02	 1.960784E-02	
 -.0000364	 .1176471	 1.960784E-02	
 -.000036	 .1176471	 5.882353E-02	
 -.0000356	 .1176471	 1.960784E-02	
 -.0000352	 3.921569E-02	 1.960784E-02	
 -.0000348	 3.921569E-02	 1.960784E-02	
 -.0000344	 3.921569E-02	 1.960784E-02	
 -.000034	 3.921569E-02	 1.960784E-02	
 -.0000336	 3.921569E-02	 1.960784E-02	
 -.0000332	 .1176471	 1.960784E-02	
 -.0000328	 3.921569E-02	 5.882353E-02	
 -.0000324	 .1176471	 1.960784E-02	
 -.000032	 3.921569E-02	 1.960784E-02	
 -.0000316	 3.921569E-02	-1.960784E-02	
 -.0000312	 3.921569E-02	 1.960784E-02	
 -.0000308	 .1176471	 1.960784E-02	
 -.0000304	 3.921569E-02	 1.960784E-02	
 -.00003	 3.921569E-02	 1.960784E-02	
 -.0000296	 3.921569E-02	 1.960784E-02	
 -.0000292	 .1176471	-1.960784E-02	
 -.0000288	 3.921569E-02	 1.960784E-02	
 -.0000284	 3.921569E-02	 5.882353E-02	
 -.000028	 .1176471	 5.882353E-02	
 -.0000276	 3.921569E-02	 1.960784E-02	
 -.0000272	 .1176471	 1.960784E-02	
 -.0000268	 3.921569E-02	 5.882353E-02	
 -.0000264	 3.921569E-02	 1.960784E-02	
 -.000026	 3.921569E-02	 1.960784E-02	
 -.0000256	 3.921569E-02	 1.960784E-02	
 -.0000252	 3.921569E-02	 1.960784E-02	
 -.0000248	 .1176471	 1.960784E-02	
 -.0000244	 3.921569E-02	-1.960784E-02	
 -.000024	 3.921569E-02	-1.960784E-02	
 -.0000236	 .1176471	 1.960784E-02	
 -.0000232	 3.921569E-02	 1.960784E-02	
 -.0000228	 .1176471	 1.960784E-02	
 -.0000224	 3.921569E-02	-1.960784E-02	
 -.000022	-3.921569E-02	 1.960784E-02	
 -.0000216	 3.921569E-02	 1.960784E-02	
 -.0000212	 .1960784	 1.960784E-02	
 -.0000208	 3.921569E-02	-1.960784E-02	
 -.0000204	 3.921569E-02	 5.882353E-02	
 -.00002	 .1176471	 1.960784E-02	
 -.0000196	 .1176471	 1.960784E-02	
 -.0000192	-3.921569E-02	 1.960784E-02	
 -.0000188	 .1176471	-1.960784E-02	
 -.0000184	 3.921569E-02	 1.960784E-02	
 -.000018	 3.921569E-02	 1.960784E-02	
 -.0000176	 3.921569E-02	-1.960784E-02	
 -.0000172	 3.921569E-02	-1.960784E-02	
 -.0000168	 3.921569E-02	 1.960784E-02	
 -.0000164	 .1176471	 1.960784E-02	
 -.000016	 .1176471	-1.960784E-02	
 -.0000156	 .1176471	 1.960784E-02	
 -.0000152	 .1176471	 1.960784E-02	
 -.0000148	 3.921569E-02	 1.960784E-02	
 -.0000144	 3.921569E-02	 5.882353E-02	
 -.000014	 3.921569E-02	-1.960784E-02	
 -.0000136	 .1176471	 1.960784E-02	
 -.0000132	 3.921569E-02	 5.882353E-02	
 -.0000128	 .1176471	 1.960784E-02	
 -.0000124	 .1176471	-1.960784E-02	
 -.000012	 .1176471	-1.960784E-02	
 -.0000116	 3.921569E-02	 1.960784E-02	
 -.0000112	 3.921569E-02	 5.882353E-02	
 -.0000108	 3.921569E-02	 1.960784E-02	
 -.0000104	 3.921569E-02	 1.960784E-02	
 -.00001	 3.921569E-02	 1.960784E-02	
 -.0000096	 3.921569E-02	 5.882353E-02	
 -.0000092	 3.921569E-02	 5.882353E-02	
 -.0000088	 3.921569E-02	 1.960784E-02	
 -.0000084	 3.921569E-02	 1.960784E-02	
 -.000008	 .1176471	 1.960784E-02	
 -.0000076	 3.921569E-02	 1.960784E-02	
 -.0000072	 3.921569E-02	-1.960784E-02	
 -.0000068	 3.921569E-02	 1.960784E-02	
 -.0000064	 3.921569E-02	 1.960784E-02	
 -.000006	 .1176471	-1.960784E-02	
 -.0000056	 3.921569E-02	-1.960784E-02	
 -.0000052	 3.921569E-02	 1.960784E-02	
 -.0000048	 .1176471	 1.960784E-02	
 -.0000044	 3.921569E-02	-5.882353E-02	
 -.000004	 .1960784	-1.960784E-02	
 -.0000036	 3.921569E-02	 5.882353E-02	
 -.0000032	 3.921569E-02	-1.960784E-02	
 -.0000028	 .1176471	-1.960784E-02	
 -.0000024	 3.921569E-02	 1.960784E-02	
 -.000002	 .1176471	 5.882353E-02	
 -.0000016	 .1176471	 5.882353E-02	
 -.0000012	 3.921569E-02	 1.960784E-02	
 -.0000008	 3.921569E-02	 1.960784E-02	
 -.0000004	 .1176471	 1.960784E-02	
  0	 .1176471	 1.960784E-02	
  .0000004	 3.921569E-02	 1.960784E-02	
  .0000008	-.9019608	 1.960784E-02	
  .0000012	-.8235294	 1.039216	
  .0000016	-.8235294	 1.666667	
  .000002	-1.058824	 2.098039	
  .0000024	-1.058824	 2.45098	
  .0000028	-1.215686	 2.686275	
  .0000032	-1.137255	 2.882353	
  .0000036	-1.372549	 2.960784	
  .000004	-1.45098	 3.117647	
  .0000044	-1.607843	 3.117647	
  .0000048	-1.764706	 3.156863	
  .0000052	-1.921569	 3.196079	
  .0000056	-2	 3.235294	
  .000006	-2.078431	 3.196079	
  .0000064	-2.156863	 3.156863	
  .0000068	-2.313725	 3.156863	
  .0000072	-2.392157	 3.196079	
  .0000076	-2.392157	 3.117647	
  .000008	-2.54902	 3.078431	
  .0000084	-2.784314	 3.039216	
  .0000088	-2.470588	 3.156863	
  .0000092	-2.392157	 3.235294	
  .0000096	-2.235294	 3.235294	
  .00001	-2.078431	 3.235294	
  .0000104	-1.921569	 3.235294	
  .0000108	-1.843137	 3.196079	
  .0000112	-1.921569	 3.235294	
  .0000116	-1.843137	 3.156863	
  .000012	-1.843137	 3.117647	
  .0000124	-1.764706	 3.117647	
  .0000128	-1.764706	 3.117647	
  .0000132	-1.764706	 3.039216	
  .0000136	-1.764706	 3.039216	
  .000014	-1.764706	 3	
  .0000144	-1.764706	 2.960784	
  .0000148	-1.607843	 2.960784	
  .0000152	-1.764706	 2.921569	
  .0000156	-1.686275	 2.843137	
  .000016	-1.764706	 2.843137	
  .0000164	-1.686275	 2.764706	
  .0000168	-1.607843	 2.72549	
  .0000172	-1.686275	 2.686275	
  .0000176	-1.764706	 2.647059	
  .000018	-1.686275	 2.607843	
  .0000184	-1.686275	 2.529412	
  .0000188	-1.529412	 2.490196	
  .0000192	-1.686275	 2.45098	
  .0000196	-1.607843	 2.45098	
  .00002	-1.607843	 2.294118	
  .0000204	-1.607843	 2.254902	
  .0000208	-1.607843	 2.215686	
  .0000212	-1.529412	 2.137255	
  .0000216	-1.529412	 2.098039	
  .000022	-1.45098	 1.941176	
  .0000224	-1.529412	 1.901961	
  .0000228	-1.45098	 1.901961	
  .0000232	-1.529412	 1.823529	
  .0000236	-1.529412	 1.705882	
  .000024	-1.372549	 1.54902	
  .0000244	-1.45098	 1.54902	
  .0000248	-1.372549	 1.431373	
  .0000252	-1.372549	 1.392157	
  .0000256	-1.372549	 1.235294	
  .000026	-1.294118	 1.196078	
  .0000264	-1.294118	 1.156863	
  .0000268	-1.294118	 1.039216	
  .0000272	-1.294118	 .9607843	
  .0000276	-1.215686	 .8823529	
  .000028	-1.215686	 .8431373	
  .0000284	-1.137255	 .7647059	
  .0000288	-1.215686	 .7254902	
  .0000292	-1.215686	 .6470588	
  .0000296	-1.058824	 .4901961	
  .00003	-1.058824	 .5294118	
  .0000304	-1.058824	 .4117647	
  .0000308	-1.058824	 .3333333	
  .0000312	-.9803922	 .2156863	
  .0000316	-.9803922	 .2156863	
  .000032	-.9019608	 5.882353E-02	
  .0000324	-.9803922	 1.960784E-02	
  .0000328	-.9019608	-5.882353E-02	
  .0000332	-.9803922	-9.803922E-02	
  .0000336	-.8235294	-.1764706	
  .000034	-.8235294	-.254902	
  .0000344	-.9019608	-.2941177	
  .0000348	-.7450981	-.372549	
  .0000352	-.7450981	-.4509804	
  .0000356	-.6666667	-.5294118	
  .000036	-.5882353	-.5294118	
  .0000364	-.5882353	-.6078432	
  .0000368	-.5882353	-.7254902	
  .0000372	-.5882353	-.8039216	
  .0000376	-.509804	-.8431373	
  .000038	-.509804	-.9215686	
  .0000384	-.509804	-1	
  .0000388	-.509804	-1.078431	
  .0000392	-.3529412	-1.117647	
  .0000396	-.3529412	-1.196078	
  .00004	-.3529412	-1.235294	
  .0000404	-.4313726	-1.313725	
  .0000408	-.3529412	-1.431373	
  .0000412	-.2745098	-1.470588	
  .0000416	-.2745098	-1.54902	
  .000042	-.2745098	-1.588235	
  .0000424	-.1960784	-1.588235	
  .0000428	-.1960784	-1.666667	
  .0000432	-.1176471	-1.745098	
  .0000436	-.1176471	-1.823529	
  .000044	-.1176471	-1.901961	
  .0000444	-.1176471	-1.901961	
  .0000448	 3.921569E-02	-1.941176	
  .0000452	-3.921569E-02	-2.058824	
  .0000456	 3.921569E-02	-2.098039	
  .000046	 .1176471	-2.098039	
  .0000464	 .1176471	-2.137255	
  .0000468	 .1176471	-2.176471	
  .0000472	 .1960784	-2.254902	
  .0000476	 .1176471	-2.254902	
  .000048	 .2745098	-2.294118	
  .0000484	 .1176471	-2.333333	
  .0000488	 .2745098	-2.372549	
  .0000492	 .1960784	-2.372549	
  .0000496	 .1960784	-2.490196	
  .00005	 .4313726	-2.490196	
  .0000504	 .3529412	-2.529412	
  .0000508	 .4313726	-2.568627	
  .0000512	 .4313726	-2.607843	
  .0000516	 .4313726	-2.647059	
  .000052	 .509804	-2.686275	
  .0000524	 .4313726	-2.686275	
  .0000528	 .5882353	-2.72549	
  .0000532	 .509804	-2.803921	
  .0000536	 .5882353	-2.803921	
  .000054	 .5882353	-2.803921	
  .0000544	 .7450981	-2.843137	
  .0000548	 .7450981	-2.843137	
  .0000552	 .6666667	-2.921569	
  .0000556	 .7450981	-2.843137	
  .000056	 .8235294	-2.921569	
  .0000564	 .7450981	-2.960784	
  .0000568	 .9803922	-2.882353	
  .0000572	 .9019608	-2.803921	
  .0000576	 1.058824	-2.803921	
  .000058	 1.215686	-2.72549	
  .0000584	 1.372549	-2.686275	
  .0000588	 1.372549	-2.647059	
  .0000592	 1.529412	-2.647059	
  .0000596	 1.529412	-2.647059	
  .00006	 1.529412	-2.686275	
  .0000604	 1.686275	-2.647059	
  .0000608	 1.607843	-2.647059	
  .0000612	 1.529412	-2.686275	
  .0000616	 1.607843	-2.647059	
  .000062	 1.607843	-2.647059	
  .0000624	 1.529412	-2.568627	
  .0000628	 1.607843	-2.607843	
  .0000632	 1.607843	-2.607843	
  .0000636	 1.686275	-2.568627	
  .000064	 1.607843	-2.568627	
  .0000644	 1.764706	-2.529412	
  .0000648	 1.686275	-2.568627	
  .0000652	 1.686275	-2.490196	
  .0000656	 1.607843	-2.45098	
  .000066	 1.686275	-2.490196	
  .0000664	 1.764706	-2.529412	
  .0000668	 1.607843	-2.45098	
  .0000672	 1.686275	-2.411765	
  .0000676	 1.607843	-2.411765	
  .000068	 1.764706	-2.411765	
  .0000684	 1.686275	-2.372549	
  .0000688	 1.686275	-2.333333	
  .0000692	 1.607843	-2.333333	
  .0000696	 1.764706	-2.294118	
  .00007	 1.607843	-2.254902	
  .0000704	 1.607843	-2.254902	
  .0000708	 1.686275	-2.254902	
  .0000712	 1.686275	-2.176471	
  .0000716	 1.607843	-2.137255	
  .000072	 1.686275	-2.137255	
  .0000724	 1.607843	-2.137255	
  .0000728	 1.607843	-2.058824	
  .0000732	 1.529412	-2.058824	
  .0000736	 1.686275	-2.019608	
  .000074	 1.607843	-1.941176	
  .0000744	 1.686275	-1.901961	
  .0000748	 1.529412	-1.862745	
  .0000752	 1.607843	-1.862745	
  .0000756	 1.607843	-1.823529	
  .000076	 1.529412	-1.745098	
  .0000764	 1.607843	-1.745098	
  .0000768	 1.529412	-1.666667	
  .0000772	 1.686275	-1.588235	
  .0000776	 1.529412	-1.588235	
  .000078	 1.529412	-1.54902	
  .0000784	 1.529412	-1.509804	
  .0000788	 1.607843	-1.431373	
  .0000792	 1.529412	-1.431373	
  .0000796	 1.529412	-1.352941	
  .00008	 1.45098	-1.313725	
  .0000804	 1.372549	-1.27451	
  .0000808	 1.45098	-1.196078	
  .0000812	 1.372549	-1.156863	
  .0000816	 1.45098	-1.156863	
  .000082	 1.372549	-1.078431	
  .0000824	 1.372549	-1.039216	
  .0000828	 1.45098	-.9607843	
  .0000832	 1.372549	-.9215686	
  .0000836	 1.294118	-.8823529	
  .000084	 1.294118	-.8431373	
  .0000844	 1.215686	-.8039216	
  .0000848	 1.294118	-.6862745	
  .0000852	 1.294118	-.6470588	
  .0000856	 1.294118	-.6470588	
  .000086	 1.215686	-.5686275	
  .0000864	 1.215686	-.4901961	
  .0000868	 1.215686	-.4117647	
  .0000872	 1.215686	-.4117647	
  .0000876	 1.137255	-.3333333	
  .000088	 1.137255	-.2941177	
  .0000884	 .9803922	-.254902	
  .0000888	 1.137255	-.2156863	
  .0000892	 1.058824	-.1764706	
  .0000896	 1.137255	-.1372549	
  .00009	 1.058824	-9.803922E-02	
  .0000904	 .9803922	-5.882353E-02	
  .0000908	 .9803922	 5.882353E-02	
  .0000912	 .9803922	 5.882353E-02	
  .0000916	 .9019608	 9.803922E-02	
  .000092	 .9803922	 .1372549	
  .0000924	 .8235294	 .2156863	
  .0000928	 .9019608	 .254902	
  .0000932	 .9803922	 .254902	
  .0000936	 .9019608	 .2941177	
  .000094	 .9803922	 .4117647	
  .0000944	 .8235294	 .4117647	
  .0000948	 .8235294	 .4509804	
  .0000952	 .8235294	 .5294118	
  .0000956	 .6666667	 .6078432	
  .000096	 .7450981	 .6470588	
  .0000964	 .6666667	 .6862745	
  .0000968	 .6666667	 .6470588	
  .0000972	 .5882353	 .7647059	
  .0000976	 .6666667	 .8431373	
  .000098	 .6666667	 .8823529	
  .0000984	 .5882353	 .9215686	
  .0000988	 .5882353	 1	
  .0000992	 .5882353	 .9607843	
  .0000996	 .509804	 1.078431	
  .0001	 .5882353	 1.078431	
  .0001004	 .4313726	 1.078431	
  .0001008	 .509804	 1.196078	
  .0001012	 .4313726	 1.196078	
  .0001016	 .509804	 1.196078	
  .000102	 .3529412	 1.352941	
  .0001024	 .3529412	 1.313725	
  .0001028	 .4313726	 1.313725	
  .0001032	 .4313726	 1.352941	
  .0001036	 .3529412	 1.431373	
  .000104	 .3529412	 1.431373	
  .0001044	 .2745098	 1.509804	
  .0001048	 .2745098	 1.470588	
  .0001052	 .2745098	 1.54902	
  .0001056	 .1960784	 1.588235	
  .000106	 .1960784	 1.588235	
  .0001064	 .1960784	 1.627451	
  .0001068	 .1960784	 1.666667	
  .0001072	 .1176471	 1.666667	
  .0001076	 .1176471	 1.705882	
  .000108	-3.921569E-02	 1.705882	
  .0001084	 3.921569E-02	 1.705882	
  .0001088	 3.921569E-02	 1.705882	
  .0001092	-3.921569E-02	 1.784314	
  .0001096	-3.921569E-02	 1.823529	
  .00011	-3.921569E-02	 1.784314	
  .0001104	-3.921569E-02	 1.823529	
  .0001108	-3.921569E-02	 1.901961	
  .0001112	-.1176471	 1.862745	
  .0001116	-.1176471	 1.862745	
  .000112	-.1960784	 1.901961	
  .0001124	-.1176471	 1.980392	
  .0001128	-.1176471	 1.901961	
  .0001132	-.1960784	 1.941176	
  .0001136	-.2745098	 1.941176	
  .000114	-.3529412	 1.901961	
  .0001144	-.4313726	 1.862745	
  .0001148	-.509804	 1.862745	
  .0001152	-.509804	 1.941176	
  .0001156	-.6666667	 1.901961	
  .000116	-.8235294	 1.862745	
  .0001164	-.8235294	 1.862745	
  .0001168	-.8235294	 1.901961	
  .0001172	-.9803922	 1.862745	
  .0001176	-.9019608	 1.823529	
  .000118	-1.058824	 1.823529	
  .0001184	-1.058824	 1.823529	
  .0001188	-1.137255	 1.823529	
  .0001192	-1.215686	 1.784314	
  .0001196	-1.215686	 1.745098	
  .00012	-1.294118	 1.823529	
  .0001204	-1.215686	 1.862745	
  .0001208	-1.215686	 1.862745	
  .0001212	-1.215686	 1.823529	
  .0001216	-1.294118	 1.862745	
  .000122	-1.215686	 1.823529	
  .0001224	-1.215686	 1.823529	
  .0001228	-1.058824	 1.823529	
  .0001232	-1.137255	 1.784314	
  .0001236	-1.215686	 1.784314	
  .000124	-1.294118	 1.745098	
  .0001244	-1.137255	 1.784314	
  .0001248	-1.215686	 1.745098	
  .0001252	-1.137255	 1.784314	
  .0001256	-1.215686	 1.745098	
  .000126	-1.215686	 1.705882	
  .0001264	-1.058824	 1.627451	
  .0001268	-1.137255	 1.627451	
  .0001272	-1.137255	 1.666667	
  .0001276	-1.215686	 1.588235	
  .000128	-1.215686	 1.588235	
  .0001284	-1.058824	 1.588235	
  .0001288	-1.137255	 1.588235	
  .0001292	-1.058824	 1.509804	
  .0001296	-1.058824	 1.431373	
  .00013	-1.137255	 1.431373	
  .0001304	-1.137255	 1.470588	
  .0001308	-1.058824	 1.352941	
  .0001312	-1.058824	 1.431373	
  .0001316	-1.058824	 1.352941	
  .000132	-1.058824	 1.313725	
  .0001324	-1.215686	 1.27451	
  .0001328	-1.058824	 1.27451	
  .0001332	-1.137255	 1.235294	
  .0001336	-1.058824	 1.196078	
  .000134	-1.058824	 1.235294	
  .0001344	-1.058824	 1.156863	
  .0001348	-.9803922	 1.196078	
  .0001352	-1.058824	 1.117647	
  .0001356	-1.058824	 1.117647	
  .000136	-1.058824	 1.078431	
  .0001364	-1.058824	 .9607843	
  .0001368	-1.058824	 1	
  .0001372	-1.058824	 .9607843	
  .0001376	-1.058824	 .9215686	
  .000138	-.9803922	 .8823529	
  .0001384	-.9019608	 .8823529	
  .0001388	-.9803922	 .8039216	
  .0001392	-.9803922	 .8039216	
  .0001396	-.8235294	 .7647059	
  .00014	-.9803922	 .7254902	
  .0001404	-.9019608	 .7254902	
  .0001408	-.9803922	 .6078432	
  .0001412	-.9019608	 .6078432	
  .0001416	-.9803922	 .6078432	
  .000142	-.9019608	 .5294118	
  .0001424	-.7450981	 .5294118	
  .0001428	-.8235294	 .4901961	
  .0001432	-.9019608	 .4509804	
  .0001436	-.8235294	 .4509804	
  .000144	-.8235294	 .4117647	
  .0001444	-.7450981	 .2941177	
  .0001448	-.7450981	 .2941177	
  .0001452	-.7450981	 .2941177	
  .0001456	-.7450981	 .2156863	
  .000146	-.7450981	 .2156863	
  .0001464	-.5882353	 9.803922E-02	
  .0001468	-.7450981	 .1372549	
  .0001472	-.6666667	 5.882353E-02	
  .0001476	-.6666667	 1.960784E-02	
  .000148	-.6666667	-1.960784E-02	
  .0001484	-.6666667	-9.803922E-02	
  .0001488	-.5882353	-5.882353E-02	
  .0001492	-.509804	-9.803922E-02	
  .0001496	-.5882353	-.1764706	
  .00015	-.509804	-.1764706	
  .0001504	-.4313726	-.254902	
  .0001508	-.5882353	-.3333333	
  .0001512	-.509804	-.3333333	
  .0001516	-.509804	-.2941177	
  .000152	-.509804	-.372549	
  .0001524	-.4313726	-.372549	
  .0001528	-.4313726	-.4901961	
  .0001532	-.4313726	-.4509804	
  .0001536	-.3529412	-.4901961	
  .000154	-.4313726	-.5686275	
  .0001544	-.2745098	-.6078432	
  .0001548	-.3529412	-.5686275	
  .0001552	-.4313726	-.6078432	
  .0001556	-.4313726	-.6470588	
  .000156	-.4313726	-.7254902	
  .0001564	-.2745098	-.7254902	
  .0001568	-.2745098	-.7254902	
  .0001572	-.2745098	-.7254902	
  .0001576	-.2745098	-.8039216	
  .000158	-.2745098	-.8431373	
  .0001584	-.2745098	-.8431373	
  .0001588	-.1960784	-.8823529	
  .0001592	-.1960784	-.8823529	
  .0001596	-.1960784	-.8823529	
  .00016	-.1960784	-.8823529	
  .0001604	-.1176471	-.9607843	
  .0001608	-.1176471	-1	
  .0001612	-.1960784	-1	
  .0001616	-.1960784	-1	
  .000162	-3.921569E-02	-1.078431	
  .0001624	-3.921569E-02	-1.078431	
  .0001628	-.1176471	-1.117647	
  .0001632	-3.921569E-02	-1.117647	
  .0001636	-3.921569E-02	-1.156863	
  .000164	-.1176471	-1.156863	
  .0001644	-3.921569E-02	-1.156863	
  .0001648	 3.921569E-02	-1.196078	
  .0001652	 .1176471	-1.196078	
  .0001656	 3.921569E-02	-1.235294	
  .000166	 .1176471	-1.27451	
  .0001664	 3.921569E-02	-1.27451	
  .0001668	 .1176471	-1.235294	
  .0001672	 .1176471	-1.313725	
  .0001676	 .1176471	-1.352941	
  .000168	 .1960784	-1.27451	
  .0001684	 .1176471	-1.352941	
  .0001688	 .2745098	-1.352941	
  .0001692	 .1960784	-1.352941	
  .0001696	 .2745098	-1.313725	
  .00017	 .2745098	-1.313725	
  .0001704	 .2745098	-1.352941	
  .0001708	 .4313726	-1.313725	
  .0001712	 .4313726	-1.27451	
  .0001716	 .5882353	-1.313725	
  .000172	 .6666667	-1.313725	
  .0001724	 .6666667	-1.313725	
  .0001728	 .6666667	-1.313725	
  .0001732	 .8235294	-1.313725	
  .0001736	 .7450981	-1.27451	
  .000174	 .8235294	-1.313725	
  .0001744	 .9019608	-1.27451	
  .0001748	 .9019608	-1.313725	
  .0001752	 .9019608	-1.27451	
  .0001756	 .9803922	-1.313725	
  .000176	 .9803922	-1.27451	
  .0001764	 1.058824	-1.27451	
  .0001768	 .9019608	-1.27451	
  .0001772	 1.137255	-1.27451	
  .0001776	 1.137255	-1.196078	
  .000178	 1.215686	-1.235294	
  .0001784	 1.215686	-1.235294	
  .0001788	 1.137255	-1.196078	
  .0001792	 1.294118	-1.196078	
  .0001796	 1.294118	-1.196078	
  .00018	 1.215686	-1.156863	
  .0001804	 1.294118	-1.196078	
  .0001808	 1.372549	-1.156863	
  .0001812	 1.372549	-1.078431	
  .0001816	 1.372549	-1.117647	
  .000182	 1.529412	-1.117647	
  .0001824	 1.45098	-1.039216	
  .0001828	 1.529412	-1	
  .0001832	 1.607843	-1	
  .0001836	 1.529412	-.9607843	
  .000184	 1.529412	-.9607843	
  .0001844	 1.686275	-.9215686	
  .0001848	 1.686275	-.8823529	
  .0001852	 1.764706	-.8823529	
  .0001856	 1.764706	-.8823529	
  .000186	 1.764706	-.8039216	
  .0001864	 1.843137	-.8039216	
  .0001868	 1.843137	-.8039216	
  .0001872	 1.921569	-.7254902	
  .0001876	 1.921569	-.7254902	
  .000188	 1.921569	-.7254902	
  .0001884	 2.078431	-.6470588	
  .0001888	 1.921569	-.6862745	
  .0001892	 2	-.6470588	
  .0001896	 1.921569	-.7254902	
  .00019	 1.686275	-.8039216	
  .0001904	 1.529412	-.7647059	
  .0001908	 1.45098	-.8039216	
  .0001912	 1.294118	-.7647059	
  .0001916	 1.294118	-.7647059	
  .000192	 1.058824	-.7647059	
  .0001924	 1.137255	-.7254902	
  .0001928	 .9803922	-.7254902	
  .0001932	 1.058824	-.6862745	
  .0001936	 .9803922	-.6862745	
  .000194	 1.058824	-.6862745	
  .0001944	 1.058824	-.6470588	
  .0001948	 1.058824	-.6078432	
  .0001952	 .9019608	-.6078432	
  .0001956	 .9803922	-.6078432	
  .000196	 .8235294	-.5686275	
  .0001964	 .9803922	-.5294118	
  .0001968	 .9803922	-.4509804	
  .0001972	 .9019608	-.4901961	
  .0001976	 .9019608	-.4117647	
  .000198	 .8235294	-.4901961	
  .0001984	 .9803922	-.4509804	
  .0001988	 .8235294	-.4117647	
  .0001992	 .8235294	-.4117647	
  .0001996	 .8235294	-.3333333	
  .0002	 .8235294	-.3333333	
  .0002004	 .8235294	-.2941177	
  .0002008	 .8235294	-.254902	
  .0002012	 .7450981	-.2941177	
  .0002016	 .9019608	-.2156863	
  .000202	 .8235294	-.2156863	
  .0002024	 .8235294	-.1764706	
  .0002028	 .8235294	-.1764706	
  .0002032	 .9019608	-.1764706	
  .0002036	 .7450981	-9.803922E-02	
  .000204	 .7450981	-.1372549	
  .0002044	 .8235294	-9.803922E-02	
  .0002048	 .7450981	-9.803922E-02	
  .0002052	 .7450981	-5.882353E-02	
  .0002056	 .7450981	-1.960784E-02	
  .000206	 .6666667	-1.960784E-02	
  .0002064	 .6666667	 1.960784E-02	
  .0002068	 .6666667	 5.882353E-02	
  .0002072	 .6666667	 5.882353E-02	
  .0002076	 .5882353	 9.803922E-02	
  .000208	 .6666667	 9.803922E-02	
  .0002084	 .7450981	 9.803922E-02	
  .0002088	 .6666667	 .1764706	
  .0002092	 .6666667	 .1764706	
  .0002096	 .6666667	 .2156863	
  .00021	 .5882353	 .2156863	
  .0002104	 .6666667	 .254902	
  .0002108	 .509804	 .254902	
  .0002112	 .5882353	 .3333333	
  .0002116	 .5882353	 .3333333	
  .000212	 .5882353	 .372549	
  .0002124	 .5882353	 .372549	
  .0002128	 .6666667	 .4117647	
  .0002132	 .509804	 .4509804	
  .0002136	 .509804	 .4117647	
  .000214	 .509804	 .5294118	
  .0002144	 .5882353	 .5294118	
  .0002148	 .5882353	 .4901961	
  .0002152	 .509804	 .5294118	
  .0002156	 .4313726	 .5686275	
  .000216	 .4313726	 .5686275	
  .0002164	 .3529412	 .6470588	
  .0002168	 .4313726	 .5686275	
  .0002172	 .4313726	 .6470588	
  .0002176	 .4313726	 .6470588	
  .000218	 .4313726	 .6470588	
  .0002184	 .3529412	 .7254902	
  .0002188	 .3529412	 .6862745	
  .0002192	 .4313726	 .6862745	
  .0002196	 .3529412	 .7254902	
  .00022	 .3529412	 .6862745	
  .0002204	 .2745098	 .7254902	
  .0002208	 .3529412	 .8039216	
  .0002212	 .3529412	 .7647059	
  .0002216	 .509804	 .8039216	
  .000222	 .2745098	 .7647059	
  .0002224	 .2745098	 .7647059	
  .0002228	 .4313726	 .8039216	
  .0002232	 .3529412	 .8823529	
  .0002236	 .2745098	 .8039216	
  .000224	 .3529412	 .8823529	
  .0002244	 .2745098	 .8431373	
  .0002248	 .2745098	 .8823529	
  .0002252	 .1960784	 .8431373	
  .0002256	 .2745098	 .8823529	
  .000226	 .1176471	 .8823529	
  .0002264	 .2745098	 .9215686	
  .0002268	 .1960784	 .8431373	
  .0002272	 .1176471	 .8431373	
  .0002276	 .1960784	 .8431373	
  .000228	 .1960784	 1	
  .0002284	 .1176471	 .9607843	
  .0002288	 3.921569E-02	 .8039216	
  .0002292	 .1176471	 .8431373	
  .0002296	-3.921569E-02	 .8823529	
  .00023	-.1960784	 .8823529	
  .0002304	-.1960784	 .8823529	
  .0002308	-.2745098	 .8823529	
  .0002312	-.3529412	 .7647059	
  .0002316	-.4313726	 .7647059	
  .000232	-.4313726	 .8039216	
  .0002324	-.4313726	 .8039216	
  .0002328	-.4313726	 .8039216	
  .0002332	-.509804	 .7647059	
  .0002336	-.4313726	 .7647059	
  .000234	-.509804	 .8039216	
  .0002344	-.509804	 .7647059	
  .0002348	-.6666667	 .7254902	
  .0002352	-.509804	 .7254902	
  .0002356	-.6666667	 .7254902	
  .000236	-.6666667	 .7647059	
  .0002364	-.6666667	 .7647059	
  .0002368	-.7450981	 .7254902	
  .0002372	-.7450981	 .6862745	
  .0002376	-.8235294	 .7254902	
  .000238	-.8235294	 .6862745	
  .0002384	-.8235294	 .6862745	
  .0002388	-.9019608	 .6862745	
  .0002392	-.8235294	 .6862745	
  .0002396	-.9019608	 .6470588	
  .00024	-.9019608	 .6470588	
  .0002404	-.8235294	 .6078432	
  .0002408	-.9019608	 .6078432	
  .0002412	-.8235294	 .6470588	
  .0002416	-.9019608	 .6862745	
  .000242	-.9019608	 .6078432	
  .0002424	-.9803922	 .6078432	
  .0002428	-1.058824	 .5686275	
  .0002432	-.9803922	 .6078432	
  .0002436	-.9803922	 .5686275	
  .000244	-.9803922	 .5686275	
  .0002444	-.9803922	 .5294118	
  .0002448	-1.058824	 .5294118	
  .0002452	-1.058824	 .5294118	
  .0002456	-1.058824	 .4509804	
  .000246	-1.058824	 .5294118	
  .0002464	-1.058824	 .4901961	
  .0002468	-1.058824	 .4509804	
  .0002472	-1.058824	 .4901961	
  .0002476	-1.137255	 .4509804	
  .000248	-1.058824	 .4117647	
  .0002484	-1.137255	 .4117647	
  .0002488	-1.137255	 .4117647	
  .0002492	-1.137255	 .4509804	
  .0002496	-1.137255	 .372549	
  .00025	-1.215686	 .3333333	
  .0002504	-1.137255	 .4117647	
  .0002508	-1.137255	 .3333333	
  .0002512	-1.137255	 .3333333	
  .0002516	-1.215686	 .2941177	
  .000252	-1.215686	 .2941177	
  .0002524	-1.137255	 .2941177	
  .0002528	-1.215686	 .254902	
  .0002532	-1.215686	 .254902	
  .0002536	-1.137255	 .254902	
  .000254	-1.215686	 .254902	
  .0002544	-1.137255	 .2156863	
  .0002548	-1.215686	 .1764706	
  .0002552	-1.215686	 .1372549	
  .0002556	-1.215686	 .1372549	
  .000256	-1.137255	 .1764706	
  .0002564	-1.215686	 9.803922E-02	
  .0002568	-1.137255	 .1764706	
  .0002572	-1.137255	 .1372549	
  .0002576	-1.137255	 5.882353E-02	
  .000258	-1.215686	 .1372549	
  .0002584	-1.215686	 5.882353E-02	
  .0002588	-1.215686	 5.882353E-02	
  .0002592	-1.215686	 5.882353E-02	
  .0002596	-1.215686	 5.882353E-02	
  .00026	-1.215686	 1.960784E-02	
  .0002604	-1.215686	 5.882353E-02	
  .0002608	-1.215686	 1.960784E-02	
  .0002612	-1.137255	-1.960784E-02	
  .0002616	-1.215686	-1.960784E-02	
  .000262	-1.215686	-1.960784E-02	
  .0002624	-1.137255	-5.882353E-02	
  .0002628	-1.215686	-1.960784E-02	
  .0002632	-1.137255	-9.803922E-02	
  .0002636	-1.058824	-5.882353E-02	
  .000264	-1.137255	-5.882353E-02	
  .0002644	-1.137255	-.1372549	
  .0002648	-1.137255	-.1372549	
  .0002652	-1.058824	-9.803922E-02	
  .0002656	-1.058824	-9.803922E-02	
  .000266	-.9803922	-9.803922E-02	
  .0002664	-1.058824	-.1372549	
  .0002668	-.9803922	-.1764706	
  .0002672	-.9803922	-.1372549	
  .0002676	-.9019608	-9.803922E-02	
  .000268	-.9019608	-.1764706	
  .0002684	-.9803922	-.1764706	
  .0002688	-.9019608	-.2156863	
  .0002692	-.8235294	-.1764706	
  .0002696	-.9019608	-.2156863	
  .00027	-.9019608	-.2156863	
  .0002704	-.9019608	-.1764706	
  .0002708	-.9019608	-.2156863	
  .0002712	-.7450981	-.254902	
  .0002716	-.7450981	-.254902	
  .000272	-.7450981	-.1764706	
  .0002724	-.7450981	-.254902	
  .0002728	-.7450981	-.2156863	
  .0002732	-.6666667	-.2941177	
  .0002736	-.5882353	-.254902	
  .000274	-.6666667	-.254902	
  .0002744	-.6666667	-.2941177	
  .0002748	-.5882353	-.2941177	
  .0002752	-.5882353	-.2941177	
  .0002756	-.509804	-.254902	
  .000276	-.509804	-.2941177	
  .0002764	-.509804	-.2941177	
  .0002768	-.4313726	-.2941177	
  .0002772	-.4313726	-.2941177	
  .0002776	-.3529412	-.3333333	
  .000278	-.4313726	-.2941177	
  .0002784	-.4313726	-.2941177	
  .0002788	-.3529412	-.2941177	
  .0002792	-.2745098	-.2941177	
  .0002796	-.2745098	-.2941177	
  .00028	-.3529412	-.254902	
  .0002804	-.2745098	-.2941177	
  .0002808	-.1960784	-.3333333	
  .0002812	-.1960784	-.2941177	
  .0002816	-.1960784	-.2941177	
  .000282	-.1960784	-.2156863	
  .0002824	-.1176471	-.2941177	
  .0002828	-.1176471	-.254902	
  .0002832	-.1176471	-.254902	
  .0002836	 3.921569E-02	-.2941177	
  .000284	-.1176471	-.254902	
  .0002844	-3.921569E-02	-.2941177	
  .0002848	-3.921569E-02	-.3333333	
  .0002852	 3.921569E-02	-.2941177	
  .0002856	 3.921569E-02	-.254902	
  .000286	 .1176471	-.2941177	
  .0002864	 .1176471	-.2941177	
  .0002868	 3.921569E-02	-.254902	
  .0002872	 .1176471	-.2941177	
  .0002876	 .2745098	-.254902	
  .000288	 .2745098	-.2941177	
  .0002884	 .1176471	-.254902	
  .0002888	 .1960784	-.2156863	
  .0002892	 .1960784	-.2941177	
  .0002896	 .2745098	-.254902	
  .00029	 .2745098	-.2156863	
  .0002904	 .3529412	-.2156863	
  .0002908	 .2745098	-.254902	
  .0002912	 .3529412	-.254902	
  .0002916	 .3529412	-.254902	
  .000292	 .509804	-.2156863	
  .0002924	 .3529412	-.2156863	
  .0002928	 .3529412	-.2156863	
  .0002932	 .4313726	-.2156863	
  .0002936	 .4313726	-.254902	
  .000294	 .509804	-.2156863	
  .0002944	 .4313726	-.254902	
  .0002948	 .4313726	-.254902	
  .0002952	 .4313726	-.1764706	
  .0002956	 .509804	-.1764706	
  .000296	 .5882353	-.2156863	
  .0002964	 .509804	-.1764706	
  .0002968	 .509804	-.1764706	
  .0002972	 .509804	-.1764706	
  .0002976	 .509804	-.1764706	
  .000298	 .509804	-.1764706	
  .0002984	 .5882353	-.2156863	
  .0002988	 .5882353	-.1372549	
  .0002992	 .509804	-.2156863	
  .0002996	 .5882353	-.1764706	
  .0003	 .5882353	-.1372549	
  .0003004	 .5882353	-.1764706	
  .0003008	 .6666667	-.1372549	
  .0003012	 .7450981	-.1764706	
  .0003016	 .5882353	-.1372549	
  .000302	 .7450981	-.1764706	
  .0003024	 .7450981	-9.803922E-02	
  .0003028	 .6666667	-.1372549	
  .0003032	 .7450981	-.1372549	
  .0003036	 .6666667	-.1372549	
  .000304	 .7450981	-.1372549	
  .0003044	 .6666667	-.1372549	
  .0003048	 .8235294	-9.803922E-02	
  .0003052	 .6666667	-9.803922E-02	
  .0003056	 .7450981	-9.803922E-02	
  .000306	 .7450981	-9.803922E-02	
  .0003064	 .7450981	-9.803922E-02	
  .0003068	 .6666667	-9.803922E-02	
  .0003072	 .7450981	-1.960784E-02	
  .0003076	 .6666667	-5.882353E-02	
  .000308	 .6666667	-9.803922E-02	
  .0003084	 .8235294	-5.882353E-02	
  .0003088	 .8235294	-1.960784E-02	
  .0003092	 .6666667	-5.882353E-02	
  .0003096	 .8235294	-9.803922E-02	
  .00031	 .7450981	-5.882353E-02	
  .0003104	 .7450981	-5.882353E-02	
  .0003108	 .7450981	-1.960784E-02	
  .0003112	 .8235294	-5.882353E-02	
  .0003116	 .7450981	-1.960784E-02	
  .000312	 .8235294	 1.960784E-02	
  .0003124	 .7450981	-5.882353E-02	
  .0003128	 .8235294	-5.882353E-02	
  .0003132	 .8235294	 1.960784E-02	
  .0003136	 .8235294	-1.960784E-02	
  .000314	 .8235294	-1.960784E-02	
  .0003144	 .9019608	 1.960784E-02	
  .0003148	 .8235294	 5.882353E-02	
  .0003152	 .9803922	 5.882353E-02	
  .0003156	 .9803922	 1.960784E-02	
  .000316	 .9019608	 5.882353E-02	
  .0003164	 1.058824	 9.803922E-02	
  .0003168	 1.058824	 9.803922E-02	
  .0003172	 1.215686	 .1372549	
  .0003176	 1.215686	 .1372549	
  .000318	 1.137255	 9.803922E-02	
  .0003184	 1.215686	 .1372549	
  .0003188	 1.137255	 9.803922E-02	
  .0003192	 1.058824	 9.803922E-02	
  .0003196	 .9803922	 5.882353E-02	
  .00032	 .9803922	 9.803922E-02	
  .0003204	 1.058824	 5.882353E-02	
  .0003208	 .9803922	 .1372549	
  .0003212	 .9019608	 5.882353E-02	
  .0003216	 .9803922	 5.882353E-02	
  .000322	 .9019608	 5.882353E-02	
  .0003224	 .9019608	 9.803922E-02	
  .0003228	 .9019608	 5.882353E-02	
  .0003232	 .9019608	 5.882353E-02	
  .0003236	 .9019608	 9.803922E-02	
  .000324	 .8235294	 9.803922E-02	
  .0003244	 .8235294	 5.882353E-02	
  .0003248	 .7450981	 5.882353E-02	
  .0003252	 .8235294	 5.882353E-02	
  .0003256	 .7450981	 5.882353E-02	
  .000326	 .7450981	 1.960784E-02	
  .0003264	 .7450981	 9.803922E-02	
  .0003268	 .6666667	 5.882353E-02	
  .0003272	 .8235294	 5.882353E-02	
  .0003276	 .7450981	 5.882353E-02	
  .000328	 .7450981	 9.803922E-02	
  .0003284	 .7450981	 9.803922E-02	
  .0003288	 .6666667	 5.882353E-02	
  .0003292	 .6666667	 9.803922E-02	
  .0003296	 .5882353	 5.882353E-02	
  .00033	 .5882353	 9.803922E-02	
  .0003304	 .5882353	 5.882353E-02	
  .0003308	 .5882353	 1.960784E-02	
  .0003312	 .5882353	 5.882353E-02	
  .0003316	 .7450981	 9.803922E-02	
  .000332	 .5882353	 5.882353E-02	
  .0003324	 .6666667	 5.882353E-02	
  .0003328	 .5882353	 5.882353E-02	
  .0003332	 .509804	 5.882353E-02	
  .0003336	 .5882353	 5.882353E-02	
  .000334	 .509804	 1.960784E-02	
  .0003344	 .4313726	 1.960784E-02	
  .0003348	 .509804	 1.960784E-02	
  .0003352	 .5882353	 1.960784E-02	
  .0003356	 .4313726	 1.960784E-02	
  .000336	 .4313726	 5.882353E-02	
  .0003364	 .4313726	 5.882353E-02	
  .0003368	 .509804	 5.882353E-02	
  .0003372	 .509804	 5.882353E-02	
  .0003376	 .4313726	 1.960784E-02	
  .000338	 .509804	 1.960784E-02	
  .0003384	 .4313726	 1.960784E-02	
  .0003388	 .4313726	 5.882353E-02	
  .0003392	 .4313726	-1.960784E-02	
  .0003396	 .4313726	 5.882353E-02	
  .00034	 .3529412	 5.882353E-02	
  .0003404	 .4313726	 5.882353E-02	
  .0003408	 .4313726	 1.960784E-02	
  .0003412	 .3529412	 1.960784E-02	
  .0003416	 .509804	 5.882353E-02	
  .000342	 .509804	 5.882353E-02	
  .0003424	 .4313726	 1.960784E-02	
  .0003428	 .4313726	 1.960784E-02	
  .0003432	 .4313726	-1.960784E-02	
  .0003436	 .509804	 5.882353E-02	
  .000344	 .3529412	-1.960784E-02	
  .0003444	 .3529412	 1.960784E-02	
  .0003448	 .3529412	 5.882353E-02	
  .0003452	 .4313726	 1.960784E-02	
  .0003456	 .2745098	 1.960784E-02	
  .000346	 .2745098	 1.960784E-02	
  .0003464	 .3529412	-1.960784E-02	
  .0003468	 .3529412	 1.960784E-02	
  .0003472	 .3529412	 5.882353E-02	
  .0003476	 .4313726	 1.960784E-02	
  .000348	 .4313726	 1.960784E-02	
  .0003484	 .3529412	 5.882353E-02	
  .0003488	 .3529412	 1.960784E-02	
  .0003492	 .3529412	-1.960784E-02	
  .0003496	 .4313726	 1.960784E-02	
  .00035	 .2745098	 1.960784E-02	
  .0003504	 .3529412	 1.960784E-02	
  .0003508	 .4313726	-1.960784E-02	
  .0003512	 .4313726	-1.960784E-02	
  .0003516	 .3529412	 1.960784E-02	
  .000352	 .2745098	 1.960784E-02	
  .0003524	 .4313726	-1.960784E-02	
  .0003528	 .3529412	 1.960784E-02	
  .0003532	 .2745098	 5.882353E-02	
  .0003536	 .3529412	-1.960784E-02	
  .000354	 .3529412	 1.960784E-02	
  .0003544	 .3529412	 5.882353E-02	
  .0003548	 .4313726	 9.803922E-02	
  .0003552	 .3529412	 1.960784E-02	
  .0003556	 .3529412	 1.960784E-02	
  .000356	 .4313726	 5.882353E-02	
  .0003564	 .3529412	 5.882353E-02	
  .0003568	 .4313726	 1.960784E-02	
  .0003572	 .3529412	 1.960784E-02	
  .0003576	 .3529412	 5.882353E-02	
  .000358	 .3529412	 5.882353E-02	
  .0003584	 .3529412	 1.960784E-02	
  .0003588	 .3529412	 1.960784E-02	
  .0003592	 .3529412	 5.882353E-02	
  .0003596	 .3529412	 1.960784E-02	
  .00036	 .3529412	 5.882353E-02	
  .0003604	 .3529412	 1.960784E-02	
  .0003608	 .3529412	 1.960784E-02	
  .0003612	 .3529412	 1.960784E-02	
  .0003616	 .3529412	-1.960784E-02	
  .000362	 .3529412	 5.882353E-02	
  .0003624	 .4313726	 1.960784E-02	
  .0003628	 .4313726	 1.960784E-02	
  .0003632	 .3529412	 5.882353E-02	
  .0003636	 .4313726	 5.882353E-02	
  .000364	 .4313726	-1.960784E-02	
  .0003644	 .3529412	-1.960784E-02	
  .0003648	 .3529412	 1.960784E-02	
  .0003652	 .3529412	 1.960784E-02	
  .0003656	 .3529412	 1.960784E-02	
  .000366	 .3529412	 1.960784E-02	
  .0003664	 .3529412	-1.960784E-02	
  .0003668	 .4313726	 1.960784E-02	
  .0003672	 .3529412	 1.960784E-02	
  .0003676	 .3529412	 5.882353E-02	
  .000368	 .3529412	 5.882353E-02	
  .0003684	 .3529412	 1.960784E-02	
  .0003688	 .3529412	-1.960784E-02	
  .0003692	 .2745098	 1.960784E-02	
  .0003696	 .3529412	 9.803922E-02	
  .00037	 .3529412	 1.960784E-02	
  .0003704	 .3529412	 1.960784E-02	
  .0003708	 .3529412	 1.960784E-02	
  .0003712	 .509804	 1.960784E-02	
  .0003716	 .3529412	-1.960784E-02	
  .000372	 .3529412	 1.960784E-02	
  .0003724	 .2745098	 5.882353E-02	
  .0003728	 .4313726	 1.960784E-02	
  .0003732	 .3529412	-1.960784E-02	
  .0003736	 .4313726	 1.960784E-02	
  .000374	 .3529412	-1.960784E-02	
  .0003744	 .3529412	-1.960784E-02	
  .0003748	 .3529412	 5.882353E-02	
  .0003752	 .3529412	 5.882353E-02	
  .0003756	 .3529412	 1.960784E-02	
  .000376	 .3529412	 1.960784E-02	
  .0003764	 .509804	 1.960784E-02	
  .0003768	 .3529412	 1.960784E-02	
  .0003772	 .3529412	 1.960784E-02	
  .0003776	 .2745098	 1.960784E-02	
  .000378	 .2745098	 1.960784E-02	
  .0003784	 .2745098	 1.960784E-02	
  .0003788	 .3529412	-1.960784E-02	
  .0003792	 .3529412	 5.882353E-02	
  .0003796	 .3529412	 1.960784E-02	
  .00038	 .3529412	-1.960784E-02	
  .0003804	 .3529412	-1.960784E-02	
  .0003808	 .2745098	 1.960784E-02	
  .0003812	 .4313726	-1.960784E-02	
  .0003816	 .4313726	 5.882353E-02	
  .000382	 .3529412	 1.960784E-02	
  .0003824	 .4313726	 1.960784E-02	
  .0003828	 .3529412	 1.960784E-02	
  .0003832	 .4313726	-1.960784E-02	
  .0003836	 .3529412	-1.960784E-02	
  .000384	 .4313726	 1.960784E-02	
  .0003844	 .3529412	 1.960784E-02	
  .0003848	 .3529412	-1.960784E-02	
  .0003852	 .2745098	 1.960784E-02	
  .0003856	 .2745098	 5.882353E-02	
  .000386	 .2745098	 1.960784E-02	
  .0003864	 .2745098	 5.882353E-02	
  .0003868	 .4313726	 1.960784E-02	
  .0003872	 .2745098	 1.960784E-02	
  .0003876	 .4313726	 1.960784E-02	
  .000388	 .4313726	 1.960784E-02	
  .0003884	 .2745098	 1.960784E-02	
  .0003888	 .3529412	 1.960784E-02	
  .0003892	 .3529412	 1.960784E-02	
  .0003896	 .3529412	 1.960784E-02	
  .00039	 .3529412	 5.882353E-02	
  .0003904	 .2745098	 1.960784E-02	
  .0003908	 .4313726	-1.960784E-02	
  .0003912	 .3529412	 1.960784E-02	
  .0003916	 .2745098	-1.960784E-02	
  .000392	 .3529412	-1.960784E-02	
  .0003924	 .3529412	 1.960784E-02	
  .0003928	 .3529412	 1.960784E-02	
  .0003932	 .3529412	-1.960784E-02	
  .0003936	 .3529412	 1.960784E-02	
  .000394	 .2745098	-1.960784E-02	
  .0003944	 .3529412	 1.960784E-02	
  .0003948	 .3529412	 1.960784E-02	
  .0003952	 .3529412	 1.960784E-02	
  .0003956	 .3529412	 1.960784E-02	
  .000396	 .3529412	 1.960784E-02	
  .0003964	 .3529412	-1.960784E-02	
  .0003968	 .2745098	 1.960784E-02	
  .0003972	 .2745098	-1.960784E-02	
  .0003976	 .3529412	 5.882353E-02	
  .000398	 .2745098	 1.960784E-02	
  .0003984	 .4313726	-1.960784E-02	
  .0003988	 .2745098	 1.960784E-02	
  .0003992	 .2745098	-1.960784E-02	
  .0003996	 .3529412	 5.882353E-02	
  .0004	 .3529412	 5.882353E-02	
  .0004004	 .2745098	-1.960784E-02	
  .0004008	 .3529412	 9.803922E-02	
  .0004012	 .3529412	 1.960784E-02	
  .0004016	 .3529412	 1.960784E-02	
  .000402	 .2745098	 1.960784E-02	
  .0004024	 .4313726	 1.960784E-02	
  .0004028	 .3529412	 1.960784E-02	
  .0004032	 .3529412	-1.960784E-02	
  .0004036	 .3529412	-1.960784E-02	
  .000404	 .2745098	-5.882353E-02	
  .0004044	 .3529412	 1.960784E-02	
  .0004048	 .3529412	-1.960784E-02	
  .0004052	 .2745098	-1.960784E-02	
  .0004056	 .3529412	 1.960784E-02	
  .000406	 .2745098	-1.960784E-02	
  .0004064	 .4313726	 1.960784E-02	
  .0004068	 .2745098	 1.960784E-02	
  .0004072	 .3529412	 5.882353E-02	
  .0004076	 .3529412	 5.882353E-02	
  .000408	 .3529412	-1.960784E-02	
  .0004084	 .3529412	 1.960784E-02	
  .0004088	 .3529412	-1.960784E-02	
  .0004092	 .2745098	 1.960784E-02	
  .0004096	 .3529412	-1.960784E-02	
  .00041	 .3529412	-1.960784E-02	
  .0004104	 .3529412	 1.960784E-02	
  .0004108	 .509804	 5.882353E-02	
  .0004112	 .2745098	 1.960784E-02	
  .0004116	 .2745098	-1.960784E-02	
  .000412	 .3529412	 1.960784E-02	
  .0004124	 .3529412	 1.960784E-02	
  .0004128	 .3529412	 1.960784E-02	
  .0004132	 .3529412	-1.960784E-02	
  .0004136	 .4313726	-1.960784E-02	
  .000414	 .3529412	 1.960784E-02	
  .0004144	 .2745098	 1.960784E-02	
  .0004148	 .2745098	-1.960784E-02	
  .0004152	 .3529412	 5.882353E-02	
  .0004156	 .2745098	 5.882353E-02	
  .000416	 .3529412	 1.960784E-02	
  .0004164	 .3529412	 5.882353E-02	
  .0004168	 .3529412	-1.960784E-02	
  .0004172	 .2745098	 1.960784E-02	
  .0004176	 .2745098	 1.960784E-02	
  .000418	 .2745098	-1.960784E-02	
  .0004184	 .3529412	-1.960784E-02	
  .0004188	 .3529412	 1.960784E-02	
  .0004192	 .3529412	 1.960784E-02	
  .0004196	 .3529412	-1.960784E-02	
  .00042	 .2745098	 1.960784E-02	
  .0004204	 .3529412	 1.960784E-02	
  .0004208	 .4313726	-1.960784E-02	
  .0004212	 .4313726	 1.960784E-02	
  .0004216	 .3529412	-1.960784E-02	
  .000422	 .3529412	 1.960784E-02	
  .0004224	 .3529412	 5.882353E-02	
  .0004228	 .4313726	 1.960784E-02	
  .0004232	 .2745098	-1.960784E-02	
  .0004236	 .4313726	 1.960784E-02	
  .000424	 .2745098	 1.960784E-02	
  .0004244	 .4313726	-1.960784E-02	
  .0004248	 .3529412	 1.960784E-02	
  .0004252	 .4313726	-1.960784E-02	
  .0004256	 .2745098	-1.960784E-02	
  .000426	 .3529412	 5.882353E-02	
  .0004264	 .3529412	 1.960784E-02	
  .0004268	 .3529412	-1.960784E-02	
  .0004272	 .3529412	 1.960784E-02	
  .0004276	 .3529412	 5.882353E-02	
  .000428	 .3529412	 1.960784E-02	
  .0004284	 .3529412	-1.960784E-02	
  .0004288	 .2745098	 5.882353E-02	
  .0004292	 .3529412	 1.960784E-02	
  .0004296	 .3529412	 1.960784E-02	
  .00043	 .2745098	 1.960784E-02	
  .0004304	 .3529412	 1.960784E-02	
  .0004308	 .3529412	 1.960784E-02	
  .0004312	 .2745098	-1.960784E-02	
  .0004316	 .3529412	-1.960784E-02	
  .000432	 .4313726	 1.960784E-02	
  .0004324	 .2745098	 1.960784E-02	
  .0004328	 .3529412	 1.960784E-02	
  .0004332	 .3529412	 1.960784E-02	
  .0004336	 .3529412	 1.960784E-02	
  .000434	 .3529412	 5.882353E-02	
  .0004344	 .2745098	 1.960784E-02	
  .0004348	 .2745098	 1.960784E-02	
  .0004352	 .3529412	 1.960784E-02	
  .0004356	 .3529412	-1.960784E-02	
  .000436	 .4313726	 1.960784E-02	
  .0004364	 .3529412	 1.960784E-02	
  .0004368	 .2745098	 1.960784E-02	
  .0004372	 .3529412	 5.882353E-02	
  .0004376	 .3529412	 1.960784E-02	
  .000438	 .2745098	-1.960784E-02	
  .0004384	 .3529412	-1.960784E-02	
  .0004388	 .2745098	 1.960784E-02	
  .0004392	 .3529412	 1.960784E-02	
  .0004396	 .3529412	-1.960784E-02	
  .00044	 .3529412	-1.960784E-02	
  .0004404	 .3529412	-1.960784E-02	
  .0004408	 .3529412	 1.960784E-02	
  .0004412	 .3529412	 5.882353E-02	
  .0004416	 .3529412	-1.960784E-02	
  .000442	 .3529412	 1.960784E-02	
  .0004424	 .3529412	 1.960784E-02	
  .0004428	 .3529412	 1.960784E-02	
  .0004432	 .3529412	-1.960784E-02	
  .0004436	 .3529412	 1.960784E-02	
  .000444	 .3529412	 1.960784E-02	
  .0004444	 .3529412	 1.960784E-02	
  .0004448	 .3529412	-1.960784E-02	
  .0004452	 .2745098	 1.960784E-02	
  .0004456	 .3529412	 1.960784E-02	
  .000446	 .4313726	 1.960784E-02	
  .0004464	 .4313726	 5.882353E-02	
  .0004468	 .3529412	 1.960784E-02	
  .0004472	 .2745098	 9.803922E-02	
  .0004476	 .2745098	 1.960784E-02	
  .000448	 .3529412	-1.960784E-02	
  .0004484	 .2745098	-1.960784E-02	
  .0004488	 .3529412	 5.882353E-02	
  .0004492	 .3529412	 1.960784E-02	
  .0004496	 .3529412	 1.960784E-02	
  .00045	 .3529412	 1.960784E-02	
  .0004504	 .4313726	 5.882353E-02	
  .0004508	 .2745098	-1.960784E-02	
  .0004512	 .3529412	 1.960784E-02	
  .0004516	 .3529412	 1.960784E-02	
  .000452	 .3529412	 5.882353E-02	
  .0004524	 .3529412	 1.960784E-02	
  .0004528	 .3529412	 1.960784E-02	
  .0004532	 .2745098	 1.960784E-02	
  .0004536	 .3529412	-1.960784E-02	
  .000454	 .3529412	 1.960784E-02	
  .0004544	 .4313726	 1.960784E-02	
  .0004548	 .2745098	 1.960784E-02	
  .0004552	 .3529412	 5.882353E-02	
  .0004556	 .3529412	 1.960784E-02	
  .000456	 .3529412	 1.960784E-02	
  .0004564	 .3529412	-1.960784E-02	
  .0004568	 .3529412	 1.960784E-02	
  .0004572	 .2745098	 1.960784E-02	
  .0004576	 .3529412	 1.960784E-02	
  .000458	 .2745098	-1.960784E-02	
  .0004584	 .3529412	 1.960784E-02	
  .0004588	 .3529412	-1.960784E-02	
  .0004592	 .4313726	 1.960784E-02	
  .0004596	 .2745098	-1.960784E-02	
  .00046	 .3529412	 1.960784E-02	
  .0004604	 .3529412	 1.960784E-02	
  .0004608	 .3529412	 5.882353E-02	
  .0004612	 .2745098	-1.960784E-02	
  .0004616	 .3529412	 5.882353E-02	
  .000462	 .3529412	 1.960784E-02	
  .0004624	 .4313726	 1.960784E-02	
  .0004628	 .3529412	 1.960784E-02	
  .0004632	 .4313726	 1.960784E-02	
  .0004636	 .3529412	-1.960784E-02	
  .000464	 .3529412	 5.882353E-02	
  .0004644	 .3529412	 1.960784E-02	
  .0004648	 .2745098	 1.960784E-02	
  .0004652	 .3529412	 1.960784E-02	
  .0004656	 .3529412	 5.882353E-02	
  .000466	 .3529412	 5.882353E-02	
  .0004664	 .3529412	-1.960784E-02	
  .0004668	 .3529412	 1.960784E-02	
  .0004672	 .3529412	 5.882353E-02	
  .0004676	 .2745098	-1.960784E-02	
  .000468	 .3529412	-1.960784E-02	
  .0004684	 .3529412	 1.960784E-02	
  .0004688	 .2745098	 1.960784E-02	
  .0004692	 .4313726	-1.960784E-02	
  .0004696	 .3529412	-1.960784E-02	
  .00047	 .2745098	 1.960784E-02	
  .0004704	 .3529412	 1.960784E-02	
  .0004708	 .3529412	 1.960784E-02	
  .0004712	 .4313726	-1.960784E-02	
  .0004716	 .4313726	 1.960784E-02	
  .000472	 .3529412	 1.960784E-02	
  .0004724	 .3529412	-1.960784E-02	
  .0004728	 .2745098	-1.960784E-02	
  .0004732	 .3529412	 5.882353E-02	
  .0004736	 .3529412	 5.882353E-02	
  .000474	 .3529412	 1.960784E-02	
  .0004744	 .3529412	 1.960784E-02	
  .0004748	 .3529412	 1.960784E-02	
  .0004752	 .3529412	 1.960784E-02	
  .0004756	 .4313726	 1.960784E-02	
  .000476	 .3529412	 1.960784E-02	
  .0004764	 .3529412	 1.960784E-02	
  .0004768	 .509804	 1.960784E-02	
  .0004772	 .2745098	 1.960784E-02	
  .0004776	 .3529412	-1.960784E-02	
  .000478	 .3529412	-1.960784E-02	
  .0004784	 .3529412	 1.960784E-02	
  .0004788	 .3529412	 1.960784E-02	
  .0004792	 .4313726	 5.882353E-02	
  .0004796	 .3529412	 1.960784E-02	
  .00048	 .509804	-1.960784E-02	
  .0004804	 .3529412	-5.882353E-02	
  .0004808	 .3529412	-1.960784E-02	
  .0004812	 .3529412	 1.960784E-02	
  .0004816	 .4313726	 1.960784E-02	
  .000482	 .3529412	 1.960784E-02	
  .0004824	 .2745098	 1.960784E-02	
  .0004828	 .4313726	-1.960784E-02	
  .0004832	 .3529412	-1.960784E-02	
  .0004836	 .3529412	 5.882353E-02	
  .000484	 .3529412	 5.882353E-02	
  .0004844	 .3529412	 1.960784E-02	
  .0004848	 .3529412	 5.882353E-02	
  .0004852	 .2745098	 5.882353E-02	
  .0004856	 .3529412	 5.882353E-02	
  .000486	 .3529412	 1.960784E-02	
  .0004864	 .2745098	 5.882353E-02	
  .0004868	 .3529412	 5.882353E-02	
  .0004872	 .3529412	-1.960784E-02	
  .0004876	 .3529412	 5.882353E-02	
  .000488	 .3529412	 1.960784E-02	
  .0004884	 .3529412	 1.960784E-02	
  .0004888	 .3529412	 1.960784E-02	
  .0004892	 .4313726	-1.960784E-02	
  .0004896	 .3529412	 1.960784E-02	
  .00049	 .4313726	 5.882353E-02	
  .0004904	 .3529412	 1.960784E-02	
  .0004908	 .3529412	 1.960784E-02	
  .0004912	 .3529412	 5.882353E-02	
  .0004916	 .3529412	 1.960784E-02	
  .000492	 .2745098	 1.960784E-02	
  .0004924	 .4313726	 1.960784E-02	
  .0004928	 .2745098	-1.960784E-02	
  .0004932	 .4313726	 1.960784E-02	
  .0004936	 .2745098	 1.960784E-02	
  .000494	 .3529412	 1.960784E-02	
  .0004944	 .3529412	 5.882353E-02	
  .0004948	 .4313726	 5.882353E-02	
  .0004952	 .4313726	 1.960784E-02	
  .0004956	 .3529412	 5.882353E-02	
  .000496	 .3529412	 1.960784E-02	
  .0004964	 .4313726	 1.960784E-02	
  .0004968	 .3529412	 1.960784E-02	
  .0004972	 .3529412	-1.960784E-02	
  .0004976	 .3529412	 1.960784E-02	
  .000498	 .3529412	 5.882353E-02	
  .0004984	 .3529412	 1.960784E-02	
  .0004988	 .4313726	 5.882353E-02	
  .0004992	 .3529412	-1.960784E-02	
  .0004996	 .3529412	 1.960784E-02	
  .0005	 .4313726	 1.960784E-02	
  .0005004	 .3529412	 5.882353E-02	
  .0005008	 .3529412	 1.960784E-02	
  .0005012	 .4313726	 1.960784E-02	
  .0005016	 .3529412	 5.882353E-02	
  .000502	 .4313726	 1.960784E-02	
  .0005024	 .1960784	 1.960784E-02	
  .0005028	 .509804	 1.960784E-02	
  .0005032	 .3529412	 5.882353E-02	
  .0005036	 .4313726	 1.960784E-02	
  .000504	 .3529412	 5.882353E-02	
  .0005044	 .2745098	 1.960784E-02	
  .0005048	 .3529412	 1.960784E-02	
  .0005052	 .3529412	 1.960784E-02	
  .0005056	 .3529412	 5.882353E-02	
  .000506	 .3529412	 1.960784E-02	
  .0005064	 .3529412	-1.960784E-02	
  .0005068	 .3529412	 1.960784E-02	
  .0005072	 .3529412	-1.960784E-02	
  .0005076	 .4313726	-1.960784E-02	
  .000508	 .4313726	 5.882353E-02	
  .0005084	 .3529412	 1.960784E-02	
  .0005088	 .3529412	 1.960784E-02	
  .0005092	 .3529412	 1.960784E-02	
  .0005096	 .3529412	 1.960784E-02	
  .00051	 .3529412	 1.960784E-02	
  .0005104	 .2745098	 1.960784E-02	
  .0005108	 .4313726	 1.960784E-02	
  .0005112	 .4313726	 1.960784E-02	
  .0005116	 .3529412	 1.960784E-02	
  .000512	 .3529412	-1.960784E-02	
  .0005124	 .3529412	 1.960784E-02	
  .0005128	 .3529412	 5.882353E-02	
  .0005132	 .4313726	 5.882353E-02	
  .0005136	 .3529412	 1.960784E-02	
  .000514	 .3529412	 1.960784E-02	
  .0005144	 .3529412	-1.960784E-02	
  .0005148	 .3529412	 5.882353E-02	
  .0005152	 .4313726	-1.960784E-02	
  .0005156	 .2745098	 5.882353E-02	
  .000516	 .3529412	-1.960784E-02	
  .0005164	 .3529412	 5.882353E-02	
  .0005168	 .2745098	 5.882353E-02	
  .0005172	 .3529412	 1.960784E-02	
  .0005176	 .3529412	 1.960784E-02	
  .000518	 .3529412	 1.960784E-02	
  .0005184	 .4313726	 1.960784E-02	
  .0005188	 .3529412	 5.882353E-02	
  .0005192	 .3529412	 1.960784E-02	
  .0005196	 .3529412	 1.960784E-02	
  .00052	 .3529412	-1.960784E-02	
  .0005204	 .3529412	 1.960784E-02	
  .0005208	 .3529412	 1.960784E-02	
  .0005212	 .4313726	 1.960784E-02	
  .0005216	 .4313726	 1.960784E-02	
  .000522	 .2745098	-1.960784E-02	
  .0005224	 .509804	-1.960784E-02	
  .0005228	 .3529412	-1.960784E-02	
  .0005232	 .3529412	-1.960784E-02	
  .0005236	 .3529412	 1.960784E-02	
  .000524	 .2745098	 1.960784E-02	
  .0005244	 .2745098	 5.882353E-02	
  .0005248	 .3529412	 1.960784E-02	
  .0005252	 .3529412	 1.960784E-02	
  .0005256	 .3529412	-1.960784E-02	
  .000526	 .2745098	 1.960784E-02	
  .0005264	 .4313726	 9.803922E-02	
  .0005268	 .3529412	-1.960784E-02	
  .0005272	 .4313726	-1.960784E-02	
  .0005276	 .3529412	 1.960784E-02	
  .000528	 .3529412	 5.882353E-02	
  .0005284	 .3529412	 1.960784E-02	
  .0005288	 .3529412	 5.882353E-02	
  .0005292	 .2745098	 5.882353E-02	
  .0005296	 .4313726	 5.882353E-02	
  .00053	 .4313726	 1.960784E-02	
  .0005304	 .2745098	 1.960784E-02	
  .0005308	 .3529412	 5.882353E-02	
  .0005312	 .3529412	 5.882353E-02	
  .0005316	 .4313726	 1.960784E-02	
  .000532	 .3529412	 1.960784E-02	
  .0005324	 .3529412	-1.960784E-02	
  .0005328	 .3529412	-1.960784E-02	
  .0005332	 .3529412	 1.960784E-02	
  .0005336	 .2745098	 1.960784E-02	
  .000534	 .2745098	 1.960784E-02	
  .0005344	 .4313726	 1.960784E-02	
  .0005348	 .3529412	 1.960784E-02	
  .0005352	 .2745098	 5.882353E-02	
  .0005356	 .4313726	-1.960784E-02	
  .000536	 .3529412	 1.960784E-02	
  .0005364	 .2745098	 1.960784E-02	
  .0005368	 .2745098	-1.960784E-02	
  .0005372	 .3529412	 1.960784E-02	
  .0005376	 .2745098	 1.960784E-02	
  .000538	 .3529412	-1.960784E-02	
  .0005384	 .4313726	-1.960784E-02	
  .0005388	 .3529412	 1.960784E-02	
  .0005392	 .2745098	 1.960784E-02	
  .0005396	 .4313726	 1.960784E-02	
  .00054	 .3529412	 9.803922E-02	
  .0005404	 .4313726	-1.960784E-02	
  .0005408	 .3529412	 1.960784E-02	
  .0005412	 .3529412	 5.882353E-02	
  .0005416	 .4313726	 1.960784E-02	
  .000542	 .2745098	 1.960784E-02	
  .0005424	 .4313726	 1.960784E-02	
  .0005428	 .3529412	 1.960784E-02	
  .0005432	 .3529412	 5.882353E-02	
  .0005436	 .3529412	 1.960784E-02	
  .000544	 .3529412	 1.960784E-02	
  .0005444	 .3529412	 1.960784E-02	
  .0005448	 .3529412	 5.882353E-02	
  .0005452	 .3529412	 5.882353E-02	
  .0005456	 .3529412	-1.960784E-02	
  .000546	 .4313726	 1.960784E-02	
  .0005464	 .3529412	 1.960784E-02	
  .0005468	 .4313726	 1.960784E-02	
  .0005472	 .2745098	 1.960784E-02	
  .0005476	 .3529412	 1.960784E-02	
  .000548	 .3529412	 1.960784E-02	
  .0005484	 .3529412	 1.960784E-02	
  .0005488	 .3529412	-1.960784E-02	
  .0005492	 .3529412	 9.803922E-02	
  .0005496	 .2745098	 5.882353E-02	
  .00055	 .3529412	 1.960784E-02	
  .0005504	 .4313726	 1.960784E-02	
  .0005508	 .4313726	 1.960784E-02	
  .0005512	 .3529412	 1.960784E-02	
  .0005516	 .2745098	-1.960784E-02	
  .000552	 .3529412	 1.960784E-02	
  .0005524	 .3529412	 1.960784E-02	
  .0005528	 .3529412	 1.960784E-02	
  .0005532	 .3529412	 1.960784E-02	
  .0005536	 .3529412	 1.960784E-02	
  .000554	 .4313726	-1.960784E-02	
  .0005544	 .3529412	-1.960784E-02	
  .0005548	 .3529412	 1.960784E-02	
  .0005552	 .3529412	 1.960784E-02	
  .0005556	 .2745098	 1.960784E-02	
  .000556	 .3529412	 5.882353E-02	
  .0005564	 .3529412	-1.960784E-02	
  .0005568	 .2745098	 1.960784E-02	
  .0005572	 .3529412	 1.960784E-02	
  .0005576	 .2745098	 1.960784E-02	
  .000558	 .2745098	 1.960784E-02	
  .0005584	 .2745098	 1.960784E-02	
  .0005588	 .2745098	-1.960784E-02	
  .0005592	 .1176471	-1.960784E-02	
  .0005596	 .1176471	-5.882353E-02	
  .00056	 3.921569E-02	-1.960784E-02	
  .0005604	 .1960784	-1.960784E-02	
  .0005608	 .1176471	-1.960784E-02	
  .0005612	 .1176471	-1.960784E-02	
  .0005616	 .1176471	-1.960784E-02	
  .000562	 .1176471	-5.882353E-02	
  .0005624	 .1176471	 1.960784E-02	
  .0005628	 3.921569E-02	-1.960784E-02	
  .0005632	 3.921569E-02	 1.960784E-02	
  .0005636	 3.921569E-02	 1.960784E-02	
  .000564	 3.921569E-02	 1.960784E-02	
  .0005644	 3.921569E-02	-1.960784E-02	
  .0005648	 .1176471	-1.960784E-02	
  .0005652	 .1176471	 1.960784E-02	
  .0005656	 3.921569E-02	 5.882353E-02	
  .000566	 3.921569E-02	 5.882353E-02	
  .0005664	 .1176471	-1.960784E-02	
  .0005668	 .1960784	 1.960784E-02	
  .0005672	 3.921569E-02	 1.960784E-02	
  .0005676	 3.921569E-02	-1.960784E-02	
  .000568	-3.921569E-02	 1.960784E-02	
  .0005684	 3.921569E-02	-1.960784E-02	
  .0005688	 3.921569E-02	 1.960784E-02	
  .0005692	 .1960784	 5.882353E-02	
  .0005696	 3.921569E-02	-1.960784E-02	
  .00057	 .1176471	 1.960784E-02	
  .0005704	 3.921569E-02	 1.960784E-02	
  .0005708	 3.921569E-02	 1.960784E-02	
  .0005712	 .1176471	 5.882353E-02	
  .0005716	 3.921569E-02	 1.960784E-02	
  .000572	 3.921569E-02	-1.960784E-02	
  .0005724	 .1176471	-1.960784E-02	
  .0005728	 3.921569E-02	 5.882353E-02	
  .0005732	 3.921569E-02	-1.960784E-02	
  .0005736	-3.921569E-02	 5.882353E-02	
  .000574	 .1176471	-1.960784E-02	
  .0005744	 3.921569E-02	 1.960784E-02	
  .0005748	-3.921569E-02	 1.960784E-02	
  .0005752	 .1176471	-1.960784E-02	
  .0005756	 3.921569E-02	-1.960784E-02	
  .000576	 3.921569E-02	 1.960784E-02	
  .0005764	 3.921569E-02	-1.960784E-02	
  .0005768	 .1176471	-1.960784E-02	
  .0005772	 3.921569E-02	 5.882353E-02	
  .0005776	 3.921569E-02	-1.960784E-02	
  .000578	 .1176471	 1.960784E-02	
  .0005784	 .1176471	 1.960784E-02	
  .0005788	 .1176471	 1.960784E-02	
  .0005792	 .1176471	 1.960784E-02	
  .0005796	 .1176471	 5.882353E-02	
  .00058	 .1176471	-1.960784E-02	
  .0005804	 .1176471	 1.960784E-02	
  .0005808	 3.921569E-02	 1.960784E-02	
  .0005812	 .1176471	 1.960784E-02	
  .0005816	 3.921569E-02	-1.960784E-02	
  .000582	 .1176471	 1.960784E-02	
  .0005824	 3.921569E-02	 1.960784E-02	
  .0005828	 3.921569E-02	 1.960784E-02	
  .0005832	 3.921569E-02	-1.960784E-02	
  .0005836	 3.921569E-02	 1.960784E-02	
  .000584	 3.921569E-02	 1.960784E-02	
  .0005844	 3.921569E-02	 5.882353E-02	
  .0005848	 3.921569E-02	 1.960784E-02	
  .0005852	 3.921569E-02	-1.960784E-02	
  .0005856	 3.921569E-02	-1.960784E-02	
  .000586	 .1176471	 1.960784E-02	
  .0005864	 3.921569E-02	 1.960784E-02	
  .0005868	 3.921569E-02	-1.960784E-02	
  .0005872	 .1176471	 1.960784E-02	
  .0005876	 3.921569E-02	 1.960784E-02	
  .000588	 .1176471	-1.960784E-02	
  .0005884	 .1176471	 1.960784E-02	
  .0005888	 3.921569E-02	 1.960784E-02	
  .0005892	 3.921569E-02	 1.960784E-02	
  .0005896	 3.921569E-02	 1.960784E-02	
  .00059	 .1176471	-1.960784E-02	
  .0005904	 .1176471	 5.882353E-02	
  .0005908	 3.921569E-02	-1.960784E-02	
  .0005912	 .1176471	 1.960784E-02	
  .0005916	 .1176471	 1.960784E-02	
  .000592	 .1176471	 5.882353E-02	
  .0005924	 .1176471	 5.882353E-02	
  .0005928	 3.921569E-02	 1.960784E-02	
  .0005932	 3.921569E-02	 1.960784E-02	
  .0005936	 .1960784	 1.960784E-02	
  .000594	 .1176471	 1.960784E-02	
  .0005944	 .1176471	-1.960784E-02	
  .0005948	 .1176471	-1.960784E-02	
  .0005952	 .1176471	 1.960784E-02	
  .0005956	 3.921569E-02	 1.960784E-02	
  .000596	 3.921569E-02	 1.960784E-02	
  .0005964	 3.921569E-02	-1.960784E-02	
  .0005968	 3.921569E-02	 1.960784E-02	
  .0005972	 3.921569E-02	-1.960784E-02	
  .0005976	 .1176471	-1.960784E-02	
  .000598	 .1176471	 1.960784E-02	
  .0005984	 3.921569E-02	 1.960784E-02	
  .0005988	 .1176471	 1.960784E-02	
  .0005992	 .1176471	 1.960784E-02	
  .0005996	 .1176471	 5.882353E-02	
  .0006	 .1960784	 1.960784E-02	
  .0006004	 .2745098	 5.882353E-02	
  .0006008	 .2745098	 1.960784E-02	
  .0006012	 .2745098	 1.960784E-02	
  .0006016	 .3529412	-1.960784E-02	
  .000602	 .2745098	-1.960784E-02	
  .0006024	 .2745098	 1.960784E-02	
  .0006028	 .2745098	 1.960784E-02	
  .0006032	 .2745098	-1.960784E-02	
  .0006036	 .2745098	 1.960784E-02	
  .000604	 .2745098	 1.960784E-02	
  .0006044	 .4313726	 1.960784E-02	
  .0006048	 .3529412	-1.960784E-02	
  .0006052	 .2745098	 1.960784E-02	
  .0006056	 .3529412	 9.803922E-02	
  .000606	 .2745098	 1.960784E-02	
  .0006064	 .3529412	-1.960784E-02	
  .0006068	 .2745098	 1.960784E-02	
  .0006072	 .3529412	-1.960784E-02	
  .0006076	 .3529412	 1.960784E-02	
  .000608	 .4313726	-1.960784E-02	
  .0006084	 .3529412	-1.960784E-02	
  .0006088	 .4313726	 5.882353E-02	
  .0006092	 .2745098	-1.960784E-02	
  .0006096	 .4313726	 1.960784E-02	
  .00061	 .2745098	 1.960784E-02	
  .0006104	 .2745098	 1.960784E-02	
  .0006108	 .3529412	 1.960784E-02	
  .0006112	 .2745098	-1.960784E-02	
  .0006116	 .2745098	-1.960784E-02	
  .000612	 .3529412	 1.960784E-02	
  .0006124	 .2745098	 1.960784E-02	
  .0006128	 .3529412	-1.960784E-02	
  .0006132	 .3529412	 1.960784E-02	
  .0006136	 .2745098	 1.960784E-02	
  .000614	 .3529412	 1.960784E-02	
  .0006144	 .3529412	 1.960784E-02	
  .0006148	 .3529412	 1.960784E-02	
  .0006152	 .3529412	 1.960784E-02	
  .0006156	 .2745098	 1.960784E-02	
  .000616	 .2745098	 1.960784E-02	
  .0006164	 .3529412	-1.960784E-02	
  .0006168	 .3529412	 1.960784E-02	
  .0006172	 .2745098	-1.960784E-02	
  .0006176	 .4313726	 1.960784E-02	
  .000618	 .2745098	 5.882353E-02	
  .0006184	 .3529412	 1.960784E-02	
  .0006188	 .2745098	 1.960784E-02	
  .0006192	 .2745098	 5.882353E-02	
  .0006196	 .3529412	-1.960784E-02	
  .00062	 .4313726	 5.882353E-02	
  .0006204	 .2745098	 5.882353E-02	
  .0006208	 .3529412	 1.960784E-02	
  .0006212	 .3529412	 1.960784E-02	
  .0006216	 .3529412	 1.960784E-02	
  .000622	 .3529412	-1.960784E-02	
  .0006224	 .3529412	 1.960784E-02	
  .0006228	 .2745098	 1.960784E-02	
  .0006232	 .3529412	-1.960784E-02	
  .0006236	 .1960784	 1.960784E-02	
  .000624	 .2745098	 5.882353E-02	
  .0006244	 .3529412	 1.960784E-02	
  .0006248	 .3529412	-1.960784E-02	
  .0006252	 .3529412	 1.960784E-02	
  .0006256	 .3529412	 5.882353E-02	
  .000626	 .3529412	 1.960784E-02	
  .0006264	 .3529412	-1.960784E-02	
  .0006268	 .3529412	 1.960784E-02	
  .0006272	 .3529412	 5.882353E-02	
  .0006276	 .3529412	-1.960784E-02	
  .000628	 .2745098	-1.960784E-02	
  .0006284	 .3529412	 1.960784E-02	
  .0006288	 .3529412	 1.960784E-02	
  .0006292	 .2745098	-1.960784E-02	
  .0006296	 .3529412	-1.960784E-02	
  .00063	 .3529412	 1.960784E-02	
  .0006304	 .2745098	-1.960784E-02	
  .0006308	 .3529412	 1.960784E-02	
  .0006312	 .3529412	-1.960784E-02	
  .0006316	 .2745098	 5.882353E-02	
  .000632	 .2745098	 5.882353E-02	
  .0006324	 .3529412	 1.960784E-02	
  .0006328	 .2745098	-1.960784E-02	
  .0006332	 .3529412	 1.960784E-02	
  .0006336	 .3529412	 5.882353E-02	
  .000634	 .3529412	 1.960784E-02	
  .0006344	 .2745098	 1.960784E-02	
  .0006348	 .3529412	-1.960784E-02	
  .0006352	 .4313726	 5.882353E-02	
  .0006356	 .3529412	 1.960784E-02	
  .000636	 .3529412	-1.960784E-02	
  .0006364	 .3529412	 1.960784E-02	
  .0006368	 .2745098	 5.882353E-02	
  .0006372	 .3529412	 1.960784E-02	
  .0006376	 .2745098	 1.960784E-02	
  .000638	 .3529412	 1.960784E-02	
  .0006384	 .2745098	 5.882353E-02	
  .0006388	 .3529412	-1.960784E-02	
  .0006392	 .3529412	 1.960784E-02	
  .0006396	 .3529412	 1.960784E-02	
  .00064	 .4313726	 1.960784E-02	
  .0006404	 .4313726	 5.882353E-02	
  .0006408	 .2745098	 1.960784E-02	
  .0006412	 .3529412	 1.960784E-02	
  .0006416	 .3529412	-1.960784E-02	
  .000642	 .3529412	 5.882353E-02	
  .0006424	 .3529412	-1.960784E-02	
  .0006428	 .2745098	-1.960784E-02	
  .0006432	 .3529412	 5.882353E-02	
  .0006436	 .2745098	 1.960784E-02	
  .000644	 .4313726	-1.960784E-02	
  .0006444	 .3529412	 1.960784E-02	
  .0006448	 .3529412	 1.960784E-02	
  .0006452	 .2745098	 5.882353E-02	
  .0006456	 .1960784	-1.960784E-02	
  .000646	 .3529412	 1.960784E-02	
  .0006464	 .3529412	 1.960784E-02	
  .0006468	 .3529412	 5.882353E-02	
  .0006472	 .3529412	 1.960784E-02	
  .0006476	 .3529412	 1.960784E-02	
  .000648	 .2745098	 1.960784E-02	
  .0006484	 .4313726	 1.960784E-02	
  .0006488	 .3529412	 1.960784E-02	
  .0006492	 .4313726	-1.960784E-02	
  .0006496	 .3529412	 5.882353E-02	
  .00065	 .3529412	 1.960784E-02	
  .0006504	 .4313726	 5.882353E-02	
  .0006508	 .3529412	-1.960784E-02	
  .0006512	 .2745098	-1.960784E-02	
  .0006516	 .4313726	 1.960784E-02	
  .000652	 .3529412	 1.960784E-02	
  .0006524	 .2745098	-1.960784E-02	
  .0006528	 .3529412	 1.960784E-02	
  .0006532	 .2745098	 5.882353E-02	
  .0006536	 .3529412	 1.960784E-02	
  .000654	 .2745098	 5.882353E-02	
  .0006544	 .4313726	-1.960784E-02	
  .0006548	 .3529412	 1.960784E-02	
  .0006552	 .2745098	 1.960784E-02	
  .0006556	 .3529412	 1.960784E-02	
  .000656	 .2745098	 1.960784E-02	
  .0006564	 .3529412	 1.960784E-02	
  .0006568	 .3529412	 1.960784E-02	
  .0006572	 .4313726	 5.882353E-02	
  .0006576	 .3529412	 1.960784E-02	
  .000658	 .2745098	 1.960784E-02	
  .0006584	 .4313726	 1.960784E-02	
  .0006588	 .4313726	 5.882353E-02	
  .0006592	 .3529412	-1.960784E-02	
  .0006596	 .4313726	 5.882353E-02	
  .00066	 .3529412	 1.960784E-02	
  .0006604	 .4313726	-1.960784E-02	
  .0006608	 .2745098	 1.960784E-02	
  .0006612	 .3529412	 1.960784E-02	
  .0006616	 .3529412	 1.960784E-02	
  .000662	 .3529412	-1.960784E-02	
  .0006624	 .2745098	 1.960784E-02	
  .0006628	 .2745098	-1.960784E-02	
  .0006632	 .3529412	 1.960784E-02	
  .0006636	 .3529412	 1.960784E-02	
  .000664	 .3529412	 1.960784E-02	
  .0006644	 .4313726	-1.960784E-02	
  .0006648	 .4313726	 1.960784E-02	
  .0006652	 .4313726	 5.882353E-02	
  .0006656	 .2745098	-1.960784E-02	
  .000666	 .3529412	 1.960784E-02	
  .0006664	 .4313726	-1.960784E-02	
  .0006668	 .3529412	 1.960784E-02	
  .0006672	 .4313726	-1.960784E-02	
  .0006676	 .3529412	 5.882353E-02	
  .000668	 .3529412	 1.960784E-02	
  .0006684	 .2745098	 1.960784E-02	
  .0006688	 .2745098	-1.960784E-02	
  .0006692	 .4313726	 1.960784E-02	
  .0006696	 .4313726	 1.960784E-02	
  .00067	 .3529412	 5.882353E-02	
  .0006704	 .3529412	-1.960784E-02	
  .0006708	 .3529412	-1.960784E-02	
  .0006712	 .2745098	 5.882353E-02	
  .0006716	 .3529412	 5.882353E-02	
  .000672	 .4313726	-1.960784E-02	
  .0006724	 .3529412	 1.960784E-02	
  .0006728	 .3529412	 1.960784E-02	
  .0006732	 .3529412	 1.960784E-02	
  .0006736	 .4313726	 1.960784E-02	
  .000674	 .3529412	 1.960784E-02	
  .0006744	 .3529412	-1.960784E-02	
  .0006748	 .3529412	 5.882353E-02	
  .0006752	 .3529412	 1.960784E-02	
  .0006756	 .3529412	-1.960784E-02	
  .000676	 .3529412	 1.960784E-02	
  .0006764	 .3529412	-1.960784E-02	
  .0006768	 .3529412	 1.960784E-02	
  .0006772	 .2745098	-1.960784E-02	
  .0006776	 .2745098	 1.960784E-02	
  .000678	 .3529412	 1.960784E-02	
  .0006784	 .3529412	 1.960784E-02	
  .0006788	 .2745098	 1.960784E-02	
  .0006792	 .2745098	-1.960784E-02	
  .0006796	 .3529412	-1.960784E-02	
  .00068	 .3529412	 1.960784E-02	
  .0006804	 .2745098	 5.882353E-02	
  .0006808	 .4313726	-1.960784E-02	
  .0006812	 .3529412	-1.960784E-02	
  .0006816	 .3529412	 5.882353E-02	
  .000682	 .3529412	-1.960784E-02	
  .0006824	 .1960784	-1.960784E-02	
  .0006828	 .3529412	 1.960784E-02	
  .0006832	 .3529412	-1.960784E-02	
  .0006836	 .4313726	-1.960784E-02	
  .000684	 .3529412	 1.960784E-02	
  .0006844	 .2745098	 1.960784E-02	
  .0006848	 .4313726	 5.882353E-02	
  .0006852	 .3529412	-1.960784E-02	
  .0006856	 .3529412	 1.960784E-02	
  .000686	 .2745098	 1.960784E-02	
  .0006864	 .3529412	 5.882353E-02	
  .0006868	 .4313726	 1.960784E-02	
  .0006872	 .3529412	-1.960784E-02	
  .0006876	 .3529412	 1.960784E-02	
  .000688	 .4313726	 1.960784E-02	
  .0006884	 .3529412	 5.882353E-02	
  .0006888	 .3529412	 1.960784E-02	
  .0006892	 .3529412	 1.960784E-02	
  .0006896	 .4313726	 1.960784E-02	
  .00069	 .3529412	-1.960784E-02	
  .0006904	 .3529412	 1.960784E-02	
  .0006908	 .4313726	-1.960784E-02	
  .0006912	 .3529412	 1.960784E-02	
  .0006916	 .2745098	 1.960784E-02	
  .000692	 .2745098	 1.960784E-02	
  .0006924	 .3529412	 1.960784E-02	
  .0006928	 .3529412	 1.960784E-02	
  .0006932	 .3529412	 1.960784E-02	
  .0006936	 .2745098	 5.882353E-02	
  .000694	 .3529412	 5.882353E-02	
  .0006944	 .3529412	 1.960784E-02	
  .0006948	 .3529412	 1.960784E-02	
  .0006952	 .3529412	 1.960784E-02	
  .0006956	 .2745098	-1.960784E-02	
  .000696	 .2745098	 5.882353E-02	
  .0006964	 .3529412	 1.960784E-02	
  .0006968	 .4313726	 1.960784E-02	
  .0006972	 .3529412	-1.960784E-02	
  .0006976	 .2745098	 1.960784E-02	
  .000698	 .4313726	 1.960784E-02	
  .0006984	 .2745098	 9.803922E-02	
  .0006988	 .3529412	-1.960784E-02	
  .0006992	 .3529412	 1.960784E-02	
  .0006996	 .3529412	 1.960784E-02	
  .0007	 .4313726	 1.960784E-02	
  .0007004	 .3529412	-1.960784E-02	
  .0007008	 .3529412	 1.960784E-02	
  .0007012	 .2745098	 1.960784E-02	
  .0007016	 .3529412	-1.960784E-02	
  .000702	 .3529412	-1.960784E-02	
  .0007024	 .2745098	 1.960784E-02	
  .0007028	 .2745098	 1.960784E-02	
  .0007032	 .3529412	 1.960784E-02	
  .0007036	 .3529412	 1.960784E-02	
  .000704	 .3529412	 1.960784E-02	
  .0007044	 .3529412	 1.960784E-02	
  .0007048	 .3529412	 5.882353E-02	
  .0007052	 .2745098	 1.960784E-02	
  .0007056	 .3529412	-1.960784E-02	
  .000706	 .2745098	 1.960784E-02	
  .0007064	 .3529412	-1.960784E-02	
  .0007068	 .3529412	-1.960784E-02	
  .0007072	 .2745098	-1.960784E-02	
  .0007076	 .3529412	 1.960784E-02	
  .000708	 .3529412	 1.960784E-02	
  .0007084	 .2745098	 1.960784E-02	
  .0007088	 .4313726	-1.960784E-02	
  .0007092	 .3529412	 1.960784E-02	
  .0007096	 .3529412	 1.960784E-02	
  .00071	 .2745098	-1.960784E-02	
  .0007104	 .3529412	 1.960784E-02	
  .0007108	 .3529412	-1.960784E-02	
  .0007112	 .3529412	 1.960784E-02	
  .0007116	 .3529412	 1.960784E-02	
  .000712	 .3529412	 1.960784E-02	
  .0007124	 .3529412	 1.960784E-02	
  .0007128	 .3529412	 1.960784E-02	
  .0007132	 .3529412	 5.882353E-02	
  .0007136	 .3529412	 1.960784E-02	
  .000714	 .3529412	-5.882353E-02	
  .0007144	 .3529412	 5.882353E-02	
  .0007148	 .2745098	-1.960784E-02	
  .0007152	 .2745098	-1.960784E-02	
  .0007156	 .3529412	 1.960784E-02	
  .000716	 .2745098	-1.960784E-02	
  .0007164	 .2745098	 1.960784E-02	
  .0007168	 .3529412	 1.960784E-02	
  .0007172	 .2745098	 1.960784E-02	
  .0007176	 .3529412	 5.882353E-02	
  .000718	 .3529412	-1.960784E-02	
  .0007184	 .3529412	 1.960784E-02	
  .0007188	 .3529412	-1.960784E-02	
  .0007192	 .2745098	 1.960784E-02	
  .0007196	 .3529412	-1.960784E-02	
  .00072	 .3529412	-1.960784E-02	
  .0007204	 .3529412	-1.960784E-02	
  .0007208	 .2745098	-1.960784E-02	
  .0007212	 .3529412	-1.960784E-02	
  .0007216	 .3529412	-1.960784E-02	
  .000722	 .2745098	-1.960784E-02	
  .0007224	 .3529412	 1.960784E-02	
  .0007228	 .3529412	 1.960784E-02	
  .0007232	 .4313726	 1.960784E-02	
  .0007236	 .3529412	 1.960784E-02	
  .000724	 .2745098	-1.960784E-02	
  .0007244	 .3529412	 5.882353E-02	
  .0007248	 .2745098	-1.960784E-02	
  .0007252	 .3529412	 1.960784E-02	
  .0007256	 .3529412	 1.960784E-02	
  .000726	 .2745098	 1.960784E-02	
  .0007264	 .3529412	-1.960784E-02	
  .0007268	 .2745098	-1.960784E-02	
  .0007272	 .3529412	 1.960784E-02	
  .0007276	 .4313726	 1.960784E-02	
  .000728	 .3529412	 5.882353E-02	
  .0007284	 .3529412	-1.960784E-02	
  .0007288	 .3529412	 5.882353E-02	
  .0007292	 .3529412	-1.960784E-02	
  .0007296	 .2745098	 1.960784E-02	
  .00073	 .3529412	-1.960784E-02	
  .0007304	 .2745098	 1.960784E-02	
  .0007308	 .3529412	 1.960784E-02	
  .0007312	 .2745098	 1.960784E-02	
  .0007316	 .3529412	-1.960784E-02	
  .000732	 .2745098	 1.960784E-02	
  .0007324	 .3529412	 1.960784E-02	
  .0007328	 .3529412	 1.960784E-02	
  .0007332	 .3529412	 5.882353E-02	
  .0007336	 .3529412	 1.960784E-02	
  .000734	 .2745098	 1.960784E-02	
  .0007344	 .3529412	 5.882353E-02	
  .0007348	 .3529412	 1.960784E-02	
  .0007352	 .2745098	-1.960784E-02	
  .0007356	 .2745098	 1.960784E-02	
  .000736	 .3529412	 1.960784E-02	
  .0007364	 .4313726	 1.960784E-02	
  .0007368	 .3529412	 1.960784E-02	
  .0007372	 .3529412	 1.960784E-02	
  .0007376	 .4313726	-1.960784E-02	
  .000738	 .4313726	 5.882353E-02	
  .0007384	 .2745098	-1.960784E-02	
  .0007388	 .4313726	 5.882353E-02	
  .0007392	 .3529412	-1.960784E-02	
  .0007396	 .3529412	 1.960784E-02	
  .00074	 .2745098	 1.960784E-02	
  .0007404	 .509804	 1.960784E-02	
  .0007408	 .3529412	 1.960784E-02	
  .0007412	 .2745098	 1.960784E-02	
  .0007416	 .3529412	-1.960784E-02	
  .000742	 .2745098	-1.960784E-02	
  .0007424	 .2745098	 1.960784E-02	
  .0007428	 .4313726	 1.960784E-02	
  .0007432	 .4313726	 1.960784E-02	
  .0007436	 .2745098	 1.960784E-02	
  .000744	 .3529412	-1.960784E-02	
  .0007444	 .4313726	 5.882353E-02	
  .0007448	 .4313726	-1.960784E-02	
  .0007452	 .3529412	-1.960784E-02	
  .0007456	 .3529412	 1.960784E-02	
  .000746	 .3529412	 1.960784E-02	
  .0007464	 .3529412	 1.960784E-02	
  .0007468	 .3529412	-1.960784E-02	
  .0007472	 .2745098	-1.960784E-02	
  .0007476	 .2745098	 1.960784E-02	
  .000748	 .3529412	-1.960784E-02	
  .0007484	 .3529412	-1.960784E-02	
  .0007488	 .3529412	 1.960784E-02	
  .0007492	 .3529412	-1.960784E-02	
  .0007496	 .2745098	-1.960784E-02	
  .00075	 .1960784	-1.960784E-02	
  .0007504	 .1960784	-1.960784E-02	
  .0007508	 .1960784	 1.960784E-02	
  .0007512	 .2745098	 5.882353E-02	
  .0007516	 3.921569E-02	-1.960784E-02	
  .000752	 .1960784	 1.960784E-02	
  .0007524	 3.921569E-02	 1.960784E-02	
  .0007528	 .1176471	-1.960784E-02	
  .0007532	 3.921569E-02	 1.960784E-02	
  .0007536	 3.921569E-02	-1.960784E-02	
  .000754	 3.921569E-02	 5.882353E-02	
  .0007544	 .1176471	-1.960784E-02	
  .0007548	 .1176471	-1.960784E-02	
  .0007552	 3.921569E-02	 5.882353E-02	
  .0007556	-3.921569E-02	 1.960784E-02	
  .000756	 .1176471	 1.960784E-02	
  .0007564	 3.921569E-02	 5.882353E-02	
  .0007568	 3.921569E-02	-1.960784E-02	
  .0007572	 .1176471	 1.960784E-02	
  .0007576	 .1176471	-1.960784E-02	
  .000758	-3.921569E-02	 1.960784E-02	
  .0007584	 3.921569E-02	 1.960784E-02	
  .0007588	 .1176471	 5.882353E-02	
  .0007592	 3.921569E-02	-1.960784E-02	
  .0007596	 3.921569E-02	-1.960784E-02	
  .00076	 .1176471	 1.960784E-02	
  .0007604	 3.921569E-02	-1.960784E-02	
  .0007608	 3.921569E-02	 1.960784E-02	
  .0007612	 3.921569E-02	 1.960784E-02	
  .0007616	 3.921569E-02	-1.960784E-02	
  .000762	 3.921569E-02	-1.960784E-02	
  .0007624	 .1176471	 1.960784E-02	
  .0007628	 .1176471	 1.960784E-02	
  .0007632	 3.921569E-02	 1.960784E-02	
  .0007636	 3.921569E-02	 1.960784E-02	
  .000764	 .1176471	 5.882353E-02	
  .0007644	 3.921569E-02	 1.960784E-02	
  .0007648	 .1176471	 1.960784E-02	
  .0007652	 3.921569E-02	 1.960784E-02	
  .0007656	 .1176471	 5.882353E-02	
  .000766	 3.921569E-02	 1.960784E-02	
  .0007664	 3.921569E-02	 1.960784E-02	
  .0007668	 3.921569E-02	 1.960784E-02	
  .0007672	 .1960784	 5.882353E-02	
  .0007676	 .1176471	 1.960784E-02	
  .000768	 .1176471	-1.960784E-02	
  .0007684	 3.921569E-02	 1.960784E-02	
  .0007688	 .1176471	 1.960784E-02	
  .0007692	 3.921569E-02	-1.960784E-02	
  .0007696	 .1176471	-1.960784E-02	
  .00077	 3.921569E-02	-1.960784E-02	
  .0007704	 .1176471	-1.960784E-02	
  .0007708	 .1176471	 1.960784E-02	
  .0007712	-3.921569E-02	 1.960784E-02	
  .0007716	 3.921569E-02	 5.882353E-02	
  .000772	 3.921569E-02	 5.882353E-02	
  .0007724	 3.921569E-02	 1.960784E-02	
  .0007728	 3.921569E-02	 9.803922E-02	
  .0007732	 3.921569E-02	 1.960784E-02	
  .0007736	 3.921569E-02	 1.960784E-02	
  .000774	 3.921569E-02	 1.960784E-02	
  .0007744	 .1176471	 1.960784E-02	
  .0007748	-3.921569E-02	-1.960784E-02	
  .0007752	-3.921569E-02	 1.960784E-02	
  .0007756	 .1176471	 1.960784E-02	
  .000776	 .1960784	-1.960784E-02	
  .0007764	 .1176471	 1.960784E-02	
  .0007768	 3.921569E-02	 1.960784E-02	
  .0007772	 .1176471	 1.960784E-02	
  .0007776	 3.921569E-02	 5.882353E-02	
  .000778	 .1176471	-1.960784E-02	
  .0007784	 3.921569E-02	 1.960784E-02	
  .0007788	 3.921569E-02	 1.960784E-02	
  .0007792	 3.921569E-02	 1.960784E-02	
  .0007796	 3.921569E-02	-1.960784E-02	
  .00078	 .1960784	 1.960784E-02	
  .0007804	 3.921569E-02	-1.960784E-02	
  .0007808	 .1176471	 1.960784E-02	
  .0007812	 3.921569E-02	-1.960784E-02	
  .0007816	 3.921569E-02	 1.960784E-02	
  .000782	 .1176471	 1.960784E-02	
  .0007824	 3.921569E-02	 1.960784E-02	
  .0007828	 .1176471	-1.960784E-02	
  .0007832	 .1176471	-1.960784E-02	
  .0007836	 3.921569E-02	-1.960784E-02	
  .000784	 3.921569E-02	-1.960784E-02	
  .0007844	 3.921569E-02	-1.960784E-02	
  .0007848	 .1176471	-1.960784E-02	
  .0007852	 3.921569E-02	-1.960784E-02	
  .0007856	 3.921569E-02	 1.960784E-02	
  .000786	 3.921569E-02	-1.960784E-02	
  .0007864	 .1176471	-1.960784E-02	
  .0007868	 3.921569E-02	 1.960784E-02	
  .0007872	 .1176471	 1.960784E-02	
  .0007876	 .1176471	-1.960784E-02	
  .000788	 .1176471	-1.960784E-02	
  .0007884	 .1176471	 1.960784E-02	
  .0007888	 .1176471	-1.960784E-02	
  .0007892	 3.921569E-02	-1.960784E-02	
  .0007896	 3.921569E-02	 1.960784E-02	
  .00079	 3.921569E-02	 1.960784E-02	
  .0007904	 .1176471	 1.960784E-02	
  .0007908	 .1176471	 1.960784E-02	
  .0007912	 3.921569E-02	 1.960784E-02	
  .0007916	 3.921569E-02	 5.882353E-02	
  .000792	 3.921569E-02	 1.960784E-02	
  .0007924	 3.921569E-02	 5.882353E-02	
  .0007928	-3.921569E-02	 1.960784E-02	
  .0007932	-3.921569E-02	 1.960784E-02	
  .0007936	 3.921569E-02	 1.960784E-02	
  .000794	 3.921569E-02	-1.960784E-02	
  .0007944	 3.921569E-02	-1.960784E-02	
  .0007948	-3.921569E-02	 5.882353E-02	
  .0007952	 .1176471	 1.960784E-02	
  .0007956	 .1176471	 5.882353E-02	
  .000796	 .1176471	 1.960784E-02	
  .0007964	 3.921569E-02	 1.960784E-02	
  .0007968	 .1960784	 1.960784E-02	
  .0007972	 .1176471	-1.960784E-02	
  .0007976	 .1176471	 1.960784E-02	
  .000798	 .1176471	 1.960784E-02	
  .0007984	 .1176471	 1.960784E-02	
  .0007988	 .1176471	 5.882353E-02	
  .0007992	 3.921569E-02	 1.960784E-02	
  .0007996	 .1176471	-1.960784E-02	
  .0008	 3.921569E-02	-1.960784E-02	
  .0008004	 3.921569E-02	 1.960784E-02	
  .0008008	 3.921569E-02	 1.960784E-02	
  .0008012	-3.921569E-02	 1.960784E-02	
  .0008016	 3.921569E-02	 1.960784E-02	
  .000802	 3.921569E-02	 1.960784E-02	
  .0008024	 .1960784	-1.960784E-02	
  .0008028	 .1176471	 1.960784E-02	
  .0008032	 3.921569E-02	 5.882353E-02	
  .0008036	 .1176471	 9.803922E-02	
  .000804	 3.921569E-02	-1.960784E-02	
  .0008044	 .1176471	-1.960784E-02	
  .0008048	 .1176471	 1.960784E-02	
  .0008052	 3.921569E-02	 1.960784E-02	
  .0008056	 .1176471	 1.960784E-02	
  .000806	 .1176471	-1.960784E-02	
  .0008064	 .1176471	 1.960784E-02	
  .0008068	 .1176471	 5.882353E-02	
  .0008072	 .1176471	 1.960784E-02	
  .0008076	 3.921569E-02	-1.960784E-02	
  .000808	 3.921569E-02	 1.960784E-02	
  .0008084	 .1176471	 5.882353E-02	
  .0008088	 .1176471	 1.960784E-02	
  .0008092	 .1176471	-1.960784E-02	
  .0008096	 3.921569E-02	-1.960784E-02	
  .00081	 3.921569E-02	 1.960784E-02	
  .0008104	 3.921569E-02	 1.960784E-02	
  .0008108	-3.921569E-02	 1.960784E-02	
  .0008112	 .1176471	 1.960784E-02	
  .0008116	 3.921569E-02	 1.960784E-02	
  .000812	 3.921569E-02	 1.960784E-02	
  .0008124	 3.921569E-02	 5.882353E-02	
  .0008128	 3.921569E-02	 1.960784E-02	
  .0008132	-3.921569E-02	 1.960784E-02	
  .0008136	-3.921569E-02	 1.960784E-02	
  .000814	 3.921569E-02	 1.960784E-02	
  .0008144	 .1176471	-1.960784E-02	
  .0008148	 .1176471	 5.882353E-02	
  .0008152	 3.921569E-02	 1.960784E-02	
  .0008156	 .1960784	 5.882353E-02	
  .000816	 .1176471	 1.960784E-02	
  .0008164	 3.921569E-02	 5.882353E-02	
  .0008168	 .1176471	 1.960784E-02	
  .0008172	 .1960784	 9.803922E-02	
  .0008176	 3.921569E-02	 1.960784E-02	
  .000818	 .1960784	 5.882353E-02	
  .0008184	 .1960784	-1.960784E-02	
  .0008188	 .1176471	 1.960784E-02	
  .0008192	 .1176471	-1.960784E-02	
  .0008196	 .1960784	 1.960784E-02	
  .00082	 .1176471	 5.882353E-02	
  .0008204	 .1176471	-1.960784E-02	
  .0008208	 .1176471	 1.960784E-02	
  .0008212	-3.921569E-02	 1.960784E-02	
  .0008216	 .1176471	 5.882353E-02	
  .000822	 .1176471	 5.882353E-02	
  .0008224	 .1176471	 1.960784E-02	
  .0008228	 3.921569E-02	-1.960784E-02	
  .0008232	 3.921569E-02	-1.960784E-02	
  .0008236	 .1176471	 1.960784E-02	
  .000824	 3.921569E-02	-1.960784E-02	
  .0008244	 3.921569E-02	 1.960784E-02	
  .0008248	 .1176471	 5.882353E-02	
  .0008252	 3.921569E-02	 5.882353E-02	
  .0008256	 3.921569E-02	-1.960784E-02	
  .000826	 3.921569E-02	 1.960784E-02	
  .0008264	 3.921569E-02	-1.960784E-02	
  .0008268	 3.921569E-02	-1.960784E-02	
  .0008272	 .1176471	 1.960784E-02	
  .0008276	 .1960784	-1.960784E-02	
  .000828	 .1176471	 1.960784E-02	
  .0008284	 3.921569E-02	-1.960784E-02	
  .0008288	 .1176471	 1.960784E-02	
  .0008292	 3.921569E-02	-1.960784E-02	
  .0008296	 3.921569E-02	 5.882353E-02	
  .00083	 3.921569E-02	 5.882353E-02	
  .0008304	 .1176471	 1.960784E-02	
  .0008308	 .1176471	-1.960784E-02	
  .0008312	 .1960784	 1.960784E-02	
  .0008316	 3.921569E-02	 1.960784E-02	
  .000832	 3.921569E-02	-1.960784E-02	
  .0008324	 3.921569E-02	 1.960784E-02	
  .0008328	 3.921569E-02	-1.960784E-02	
  .0008332	 3.921569E-02	 1.960784E-02	
  .0008336	 .1176471	-1.960784E-02	
  .000834	 3.921569E-02	 1.960784E-02	
  .0008344	 3.921569E-02	 1.960784E-02	
  .0008348	 3.921569E-02	 1.960784E-02	
  .0008352	 .1176471	 9.803922E-02	
  .0008356	 .1176471	 9.803922E-02	
  .000836	 3.921569E-02	 1.960784E-02	
  .0008364	 .1176471	 1.960784E-02	
  .0008368	 3.921569E-02	-5.882353E-02	
  .0008372	 .1176471	 5.882353E-02	
  .0008376	 3.921569E-02	 1.960784E-02	
  .000838	 .1176471	-1.960784E-02	
  .0008384	 .1176471	 1.960784E-02	
  .0008388	 3.921569E-02	 5.882353E-02	
  .0008392	 .1960784	 1.960784E-02	
  .0008396	 3.921569E-02	-1.960784E-02	
  .00084	 3.921569E-02	 1.960784E-02	
  .0008404	 3.921569E-02	 1.960784E-02	
  .0008408	 3.921569E-02	-1.960784E-02	
  .0008412	 .1176471	 1.960784E-02	
  .0008416	 .1176471	-1.960784E-02	
  .000842	 .1176471	-1.960784E-02	
  .0008424	 3.921569E-02	 1.960784E-02	
  .0008428	 3.921569E-02	 5.882353E-02	
  .0008432	 .1176471	 9.803922E-02	
  .0008436	 3.921569E-02	-1.960784E-02	
  .000844	 .1176471	 1.960784E-02	
  .0008444	-3.921569E-02	 1.960784E-02	
  .0008448	 3.921569E-02	-1.960784E-02	
  .0008452	 .1176471	 1.960784E-02	
  .0008456	 3.921569E-02	-1.960784E-02	
  .000846	 3.921569E-02	 1.960784E-02	
  .0008464	 .1960784	 5.882353E-02	
  .0008468	 3.921569E-02	 1.960784E-02	
  .0008472	 .1176471	-1.960784E-02	
  .0008476	 .1176471	 5.882353E-02	
  .000848	 .1176471	 1.960784E-02	
  .0008484	 .1176471	 1.960784E-02	
  .0008488	 3.921569E-02	 1.960784E-02	
  .0008492	 3.921569E-02	-1.960784E-02	
  .0008496	 .1176471	-1.960784E-02	
  .00085	-3.921569E-02	 1.960784E-02	
  .0008504	 3.921569E-02	 1.960784E-02	
  .0008508	-3.921569E-02	 1.960784E-02	
  .0008512	 .1176471	 5.882353E-02	
  .0008516	 3.921569E-02	-1.960784E-02	
  .000852	 3.921569E-02	 5.882353E-02	
  .0008524	 3.921569E-02	 1.960784E-02	
  .0008528	 .1176471	 1.960784E-02	
  .0008532	 3.921569E-02	 5.882353E-02	
  .0008536	 .1176471	-1.960784E-02	
  .000854	 3.921569E-02	 1.960784E-02	
  .0008544	 3.921569E-02	 1.960784E-02	
  .0008548	 3.921569E-02	-1.960784E-02	
  .0008552	 .1960784	 1.960784E-02	
  .0008556	 .1176471	-1.960784E-02	
  .000856	 3.921569E-02	-1.960784E-02	
  .0008564	 .1176471	 1.960784E-02	
  .0008568	 .1960784	 5.882353E-02	
  .0008572	 .1176471	 1.960784E-02	
  .0008576	 .1176471	 1.960784E-02	
  .000858	 3.921569E-02	-1.960784E-02	
  .0008584	 3.921569E-02	 1.960784E-02	
  .0008588	 3.921569E-02	-1.960784E-02	
  .0008592	 .1176471	 1.960784E-02	
  .0008596	 3.921569E-02	-1.960784E-02	
  .00086	 3.921569E-02	 1.960784E-02	
  .0008604	 3.921569E-02	 1.960784E-02	
  .0008608	 3.921569E-02	 1.960784E-02	
  .0008612	 .1176471	 5.882353E-02	
  .0008616	 3.921569E-02	 9.803922E-02	
  .000862	 .1176471	 1.960784E-02	
  .0008624	 .1176471	-1.960784E-02	
  .0008628	 .1176471	 1.960784E-02	
  .0008632	 .1176471	 1.960784E-02	
  .0008636	 3.921569E-02	-1.960784E-02	
  .000864	 .1176471	 1.960784E-02	
  .0008644	 3.921569E-02	 1.960784E-02	
  .0008648	 3.921569E-02	 1.960784E-02	
  .0008652	 .1176471	 1.960784E-02	
  .0008656	 .1176471	-1.960784E-02	
  .000866	 3.921569E-02	 5.882353E-02	
  .0008664	 3.921569E-02	-1.960784E-02	
  .0008668	-3.921569E-02	 1.960784E-02	
  .0008672	 .1960784	-1.960784E-02	
  .0008676	 .1176471	 1.960784E-02	
  .000868	 .1176471	-1.960784E-02	
  .0008684	 3.921569E-02	-1.960784E-02	
  .0008688	 3.921569E-02	 1.960784E-02	
  .0008692	 3.921569E-02	 1.960784E-02	
  .0008696	 .1960784	 5.882353E-02	
  .00087	 3.921569E-02	-1.960784E-02	
  .0008704	 3.921569E-02	 1.960784E-02	
  .0008708	 .1176471	 1.960784E-02	
  .0008712	 3.921569E-02	 1.960784E-02	
  .0008716	 .1176471	-1.960784E-02	
  .000872	 3.921569E-02	 1.960784E-02	
  .0008724	 3.921569E-02	-1.960784E-02	
  .0008728	 3.921569E-02	 5.882353E-02	
  .0008732	-3.921569E-02	 1.960784E-02	
  .0008736	 .1176471	 1.960784E-02	
  .000874	 3.921569E-02	 1.960784E-02	
  .0008744	-3.921569E-02	 1.960784E-02	
  .0008748	 .1176471	 1.960784E-02	
  .0008752	 3.921569E-02	 1.960784E-02	
  .0008756	 3.921569E-02	-1.960784E-02	
  .000876	 3.921569E-02	 1.960784E-02	
  .0008764	 3.921569E-02	 1.960784E-02	
  .0008768	 3.921569E-02	 5.882353E-02	
  .0008772	 3.921569E-02	-1.960784E-02	
  .0008776	 3.921569E-02	 1.960784E-02	
  .000878	 .1176471	 1.960784E-02	
  .0008784	 3.921569E-02	-1.960784E-02	
  .0008788	 .1176471	-1.960784E-02	
  .0008792	 3.921569E-02	 1.960784E-02	
  .0008796	 .1176471	 5.882353E-02	
  .00088	 3.921569E-02	 1.960784E-02	
  .0008804	-3.921569E-02	-1.960784E-02	
  .0008808	 3.921569E-02	 1.960784E-02	
  .0008812	 3.921569E-02	 1.960784E-02	
  .0008816	 .1176471	-1.960784E-02	
  .000882	 .1176471	 1.960784E-02	
  .0008824	-3.921569E-02	 5.882353E-02	
  .0008828	 3.921569E-02	 5.882353E-02	
  .0008832	 .1960784	-1.960784E-02	
  .0008836	 3.921569E-02	-1.960784E-02	
  .000884	 3.921569E-02	-1.960784E-02	
  .0008844	 .1176471	 1.960784E-02	
  .0008848	 3.921569E-02	 1.960784E-02	
  .0008852	 3.921569E-02	-1.960784E-02	
  .0008856	 3.921569E-02	 1.960784E-02	
  .000886	 .1176471	 1.960784E-02	
  .0008864	-3.921569E-02	 1.960784E-02	
  .0008868	 .1176471	-1.960784E-02	
  .0008872	 3.921569E-02	 1.960784E-02	
  .0008876	 .1176471	 1.960784E-02	
  .000888	 3.921569E-02	 1.960784E-02	
  .0008884	 3.921569E-02	-1.960784E-02	
  .0008888	 3.921569E-02	 1.960784E-02	
  .0008892	 .1176471	-1.960784E-02	
  .0008896	 3.921569E-02	 1.960784E-02	
  .00089	 .1176471	 1.960784E-02	
  .0008904	 3.921569E-02	 1.960784E-02	
  .0008908	 .1176471	 5.882353E-02	
  .0008912	 3.921569E-02	 1.960784E-02	
  .0008916	-3.921569E-02	 1.960784E-02	
  .000892	 3.921569E-02	 1.960784E-02	
  .0008924	 3.921569E-02	 1.960784E-02	
  .0008928	-3.921569E-02	 1.960784E-02	
  .0008932	 .1176471	 1.960784E-02	
  .0008936	 .1176471	 1.960784E-02	
  .000894	 .1176471	 5.882353E-02	
  .0008944	 3.921569E-02	 1.960784E-02	
  .0008948	 .1176471	-1.960784E-02	
  .0008952	 .1176471	-1.960784E-02	
  .0008956	 3.921569E-02	 1.960784E-02	
  .000896	 .1176471	-1.960784E-02	
  .0008964	 3.921569E-02	 5.882353E-02	
  .0008968	 3.921569E-02	-1.960784E-02	
  .0008972	 3.921569E-02	 1.960784E-02	
  .0008976	 3.921569E-02	 1.960784E-02	
  .000898	 .1176471	-1.960784E-02	
  .0008984	 3.921569E-02	-1.960784E-02	
  .0008988	 .1176471	 1.960784E-02	
  .0008992	 3.921569E-02	 1.960784E-02	
  .0008996	 3.921569E-02	 1.960784E-02	
  .0009	 3.921569E-02	 1.960784E-02	
