 -.0000498	 3.921569E-02	 5.882353E-02	
 -.0000496	 3.921569E-02	 5.882353E-02	
 -.0000494	 .1960784	 5.882353E-02	
 -.0000492	 3.921569E-02	 5.882353E-02	
 -.000049	 .1176471	 1.960784E-02	
 -.0000488	 3.921569E-02	 1.960784E-02	
 -.0000486	 .1176471	 1.960784E-02	
 -.0000484	 .1176471	-1.960784E-02	
 -.0000482	 .1176471	 5.882353E-02	
 -.000048	 .1176471	 1.960784E-02	
 -.0000478	 .1176471	 1.960784E-02	
 -.0000476	 3.921569E-02	 5.882353E-02	
 -.0000474	 .1176471	 5.882353E-02	
 -.0000472	 .1176471	 1.960784E-02	
 -.000047	 .1176471	-1.960784E-02	
 -.0000468	 3.921569E-02	 1.960784E-02	
 -.0000466	 3.921569E-02	 1.960784E-02	
 -.0000464	 .1176471	 5.882353E-02	
 -.0000462	 3.921569E-02	-1.960784E-02	
 -.000046	 3.921569E-02	 5.882353E-02	
 -.0000458	 3.921569E-02	 1.960784E-02	
 -.0000456	 .1176471	 1.960784E-02	
 -.0000454	 .1176471	 1.960784E-02	
 -.0000452	 .1176471	 1.960784E-02	
 -.000045	-3.921569E-02	 1.960784E-02	
 -.0000448	 .1176471	-1.960784E-02	
 -.0000446	 3.921569E-02	 5.882353E-02	
 -.0000444	 .1176471	 1.960784E-02	
 -.0000442	 3.921569E-02	 1.960784E-02	
 -.000044	 .1176471	 1.960784E-02	
 -.0000438	 .1176471	 5.882353E-02	
 -.0000436	 3.921569E-02	 1.960784E-02	
 -.0000434	 .1960784	 1.960784E-02	
 -.0000432	 .1176471	 1.960784E-02	
 -.000043	 3.921569E-02	 5.882353E-02	
 -.0000428	 .1960784	 5.882353E-02	
 -.0000426	 .1176471	 1.960784E-02	
 -.0000424	 3.921569E-02	 1.960784E-02	
 -.0000422	 .1176471	-1.960784E-02	
 -.000042	 3.921569E-02	 1.960784E-02	
 -.0000418	 3.921569E-02	-1.960784E-02	
 -.0000416	 3.921569E-02	 1.960784E-02	
 -.0000414	 3.921569E-02	 5.882353E-02	
 -.0000412	 3.921569E-02	 5.882353E-02	
 -.000041	 3.921569E-02	 1.960784E-02	
 -.0000408	 .1176471	 1.960784E-02	
 -.0000406	 .1176471	-1.960784E-02	
 -.0000404	 3.921569E-02	 5.882353E-02	
 -.0000402	 .1176471	 1.960784E-02	
 -.00004	 3.921569E-02	 1.960784E-02	
 -.0000398	 .1176471	 1.960784E-02	
 -.0000396	 3.921569E-02	 1.960784E-02	
 -.0000394	 .1176471	 1.960784E-02	
 -.0000392	 3.921569E-02	-1.960784E-02	
 -.000039	 .1176471	 5.882353E-02	
 -.0000388	 3.921569E-02	 1.960784E-02	
 -.0000386	 .1176471	 1.960784E-02	
 -.0000384	 .1176471	 1.960784E-02	
 -.0000382	 .1176471	 1.960784E-02	
 -.000038	 .1176471	 5.882353E-02	
 -.0000378	 3.921569E-02	 1.960784E-02	
 -.0000376	 3.921569E-02	 1.960784E-02	
 -.0000374	 .1960784	 1.960784E-02	
 -.0000372	 .1176471	 5.882353E-02	
 -.000037	 3.921569E-02	 1.960784E-02	
 -.0000368	 .1176471	-1.960784E-02	
 -.0000366	 .1176471	 1.960784E-02	
 -.0000364	 3.921569E-02	 1.960784E-02	
 -.0000362	 3.921569E-02	 5.882353E-02	
 -.000036	 .1176471	 5.882353E-02	
 -.0000358	 .1960784	 1.960784E-02	
 -.0000356	-3.921569E-02	 1.960784E-02	
 -.0000354	 3.921569E-02	 1.960784E-02	
 -.0000352	 .1960784	 1.960784E-02	
 -.000035	 .1176471	 1.960784E-02	
 -.0000348	 3.921569E-02	 1.960784E-02	
 -.0000346	 3.921569E-02	 1.960784E-02	
 -.0000344	 3.921569E-02	 1.960784E-02	
 -.0000342	 3.921569E-02	 9.803922E-02	
 -.000034	 .1176471	 5.882353E-02	
 -.0000338	 .1176471	 5.882353E-02	
 -.0000336	 .1176471	 5.882353E-02	
 -.0000334	 .1176471	 5.882353E-02	
 -.0000332	 .1176471	 5.882353E-02	
 -.000033	 .1176471	 1.960784E-02	
 -.0000328	 .1176471	 .1372549	
 -.0000326	 .1176471	 1.960784E-02	
 -.0000324	 3.921569E-02	-1.960784E-02	
 -.0000322	 3.921569E-02	 1.960784E-02	
 -.000032	 .1176471	 1.960784E-02	
 -.0000318	 .1176471	 1.960784E-02	
 -.0000316	 3.921569E-02	 1.960784E-02	
 -.0000314	 3.921569E-02	 1.960784E-02	
 -.0000312	 .1176471	 1.960784E-02	
 -.000031	 3.921569E-02	 5.882353E-02	
 -.0000308	 .1176471	 1.960784E-02	
 -.0000306	 .1176471	-1.960784E-02	
 -.0000304	 .1176471	-1.960784E-02	
 -.0000302	 3.921569E-02	-1.960784E-02	
 -.00003	 .1176471	 5.882353E-02	
 -.0000298	 .1176471	 1.960784E-02	
 -.0000296	 .1960784	 5.882353E-02	
 -.0000294	 .1176471	-1.960784E-02	
 -.0000292	 .1176471	 1.960784E-02	
 -.000029	 3.921569E-02	 1.960784E-02	
 -.0000288	 .1176471	 1.960784E-02	
 -.0000286	 .1176471	-1.960784E-02	
 -.0000284	 .1176471	 1.960784E-02	
 -.0000282	 3.921569E-02	 5.882353E-02	
 -.000028	 .1176471	 5.882353E-02	
 -.0000278	 3.921569E-02	-1.960784E-02	
 -.0000276	 3.921569E-02	 1.960784E-02	
 -.0000274	 3.921569E-02	-1.960784E-02	
 -.0000272	 3.921569E-02	 5.882353E-02	
 -.000027	 3.921569E-02	 1.960784E-02	
 -.0000268	 3.921569E-02	-1.960784E-02	
 -.0000266	 3.921569E-02	 1.960784E-02	
 -.0000264	 3.921569E-02	-1.960784E-02	
 -.0000262	 .1176471	 1.960784E-02	
 -.000026	 .1176471	 1.960784E-02	
 -.0000258	 .1176471	-1.960784E-02	
 -.0000256	 3.921569E-02	-1.960784E-02	
 -.0000254	 3.921569E-02	 1.960784E-02	
 -.0000252	-3.921569E-02	-1.960784E-02	
 -.000025	 .1176471	 1.960784E-02	
 -.0000248	 3.921569E-02	 1.960784E-02	
 -.0000246	 .1176471	 1.960784E-02	
 -.0000244	 3.921569E-02	-1.960784E-02	
 -.0000242	 .1176471	 1.960784E-02	
 -.000024	 .1176471	 5.882353E-02	
 -.0000238	 3.921569E-02	 1.960784E-02	
 -.0000236	 3.921569E-02	-1.960784E-02	
 -.0000234	 3.921569E-02	 1.960784E-02	
 -.0000232	 3.921569E-02	 5.882353E-02	
 -.000023	 3.921569E-02	 5.882353E-02	
 -.0000228	 3.921569E-02	 5.882353E-02	
 -.0000226	 3.921569E-02	 1.960784E-02	
 -.0000224	 3.921569E-02	-1.960784E-02	
 -.0000222	 .1176471	-1.960784E-02	
 -.000022	 3.921569E-02	-1.960784E-02	
 -.0000218	 3.921569E-02	 5.882353E-02	
 -.0000216	 3.921569E-02	 5.882353E-02	
 -.0000214	-3.921569E-02	 1.960784E-02	
 -.0000212	 3.921569E-02	 1.960784E-02	
 -.000021	 .1176471	 1.960784E-02	
 -.0000208	 .1176471	 1.960784E-02	
 -.0000206	 3.921569E-02	 1.960784E-02	
 -.0000204	 .1176471	 5.882353E-02	
 -.0000202	 3.921569E-02	 5.882353E-02	
 -.00002	 3.921569E-02	 1.960784E-02	
 -.0000198	 3.921569E-02	 1.960784E-02	
 -.0000196	 .1176471	-1.960784E-02	
 -.0000194	 3.921569E-02	 1.960784E-02	
 -.0000192	 3.921569E-02	 5.882353E-02	
 -.000019	 3.921569E-02	 1.960784E-02	
 -.0000188	 3.921569E-02	-1.960784E-02	
 -.0000186	 3.921569E-02	-1.960784E-02	
 -.0000184	 3.921569E-02	 1.960784E-02	
 -.0000182	 .1176471	 1.960784E-02	
 -.000018	 3.921569E-02	 1.960784E-02	
 -.0000178	-3.921569E-02	 1.960784E-02	
 -.0000176	 .1176471	 5.882353E-02	
 -.0000174	-3.921569E-02	-1.960784E-02	
 -.0000172	 .1176471	 1.960784E-02	
 -.000017	 .1176471	-1.960784E-02	
 -.0000168	 .1176471	 1.960784E-02	
 -.0000166	 3.921569E-02	-1.960784E-02	
 -.0000164	 3.921569E-02	-1.960784E-02	
 -.0000162	 .1176471	 5.882353E-02	
 -.000016	 3.921569E-02	 1.960784E-02	
 -.0000158	 3.921569E-02	 1.960784E-02	
 -.0000156	 3.921569E-02	-1.960784E-02	
 -.0000154	 .1176471	-1.960784E-02	
 -.0000152	-3.921569E-02	 1.960784E-02	
 -.000015	 3.921569E-02	 1.960784E-02	
 -.0000148	 3.921569E-02	-1.960784E-02	
 -.0000146	 3.921569E-02	 1.960784E-02	
 -.0000144	 3.921569E-02	 1.960784E-02	
 -.0000142	 .1176471	 5.882353E-02	
 -.000014	-3.921569E-02	 1.960784E-02	
 -.0000138	 .1176471	 1.960784E-02	
 -.0000136	 .1176471	 1.960784E-02	
 -.0000134	 .1960784	 1.960784E-02	
 -.0000132	 .1960784	 5.882353E-02	
 -.000013	 3.921569E-02	 9.803922E-02	
 -.0000128	 .1176471	 1.960784E-02	
 -.0000126	 .1176471	 5.882353E-02	
 -.0000124	 3.921569E-02	 1.960784E-02	
 -.0000122	 3.921569E-02	-1.960784E-02	
 -.000012	 .1176471	-1.960784E-02	
 -.0000118	 3.921569E-02	 1.960784E-02	
 -.0000116	 3.921569E-02	 1.960784E-02	
 -.0000114	 3.921569E-02	 1.960784E-02	
 -.0000112	 .1176471	 1.960784E-02	
 -.000011	 3.921569E-02	-1.960784E-02	
 -.0000108	 .1176471	 1.960784E-02	
 -.0000106	 3.921569E-02	-1.960784E-02	
 -.0000104	 3.921569E-02	-1.960784E-02	
 -.0000102	 3.921569E-02	 1.960784E-02	
 -.00001	 3.921569E-02	 1.960784E-02	
 -.0000098	 .1176471	 5.882353E-02	
 -.0000096	 .1176471	 1.960784E-02	
 -.0000094	 3.921569E-02	 1.960784E-02	
 -.0000092	 3.921569E-02	-1.960784E-02	
 -.000009	-3.921569E-02	 1.960784E-02	
 -.0000088	 .1176471	-1.960784E-02	
 -.0000086	 .1176471	 1.960784E-02	
 -.0000084	 .1176471	 1.960784E-02	
 -.0000082	 3.921569E-02	 1.960784E-02	
 -.000008	 .1176471	 1.960784E-02	
 -.0000078	 3.921569E-02	 1.960784E-02	
 -.0000076	 .1176471	 1.960784E-02	
 -.0000074	 3.921569E-02	-1.960784E-02	
 -.0000072	-3.921569E-02	-1.960784E-02	
 -.000007	 3.921569E-02	 1.960784E-02	
 -.0000068	 .1176471	 1.960784E-02	
 -.0000066	 .1176471	-1.960784E-02	
 -.0000064	 .1176471	 5.882353E-02	
 -.0000062	 3.921569E-02	 1.960784E-02	
 -.000006	 .1176471	-1.960784E-02	
 -.0000058	 .1176471	 1.960784E-02	
 -.0000056	 3.921569E-02	 1.960784E-02	
 -.0000054	 3.921569E-02	-1.960784E-02	
 -.0000052	 .1176471	-1.960784E-02	
 -.000005	 .1176471	 5.882353E-02	
 -.0000048	 .1176471	 1.960784E-02	
 -.0000046	 .1176471	 1.960784E-02	
 -.0000044	 .1960784	-1.960784E-02	
 -.0000042	 3.921569E-02	 5.882353E-02	
 -.000004	 .1176471	 5.882353E-02	
 -.0000038	 .1176471	 1.960784E-02	
 -.0000036	 3.921569E-02	 1.960784E-02	
 -.0000034	 3.921569E-02	 1.960784E-02	
 -.0000032	 .1960784	 5.882353E-02	
 -.000003	 .1176471	-1.960784E-02	
 -.0000028	 3.921569E-02	 1.960784E-02	
 -.0000026	 3.921569E-02	 1.960784E-02	
 -.0000024	 .1176471	 1.960784E-02	
 -.0000022	-3.921569E-02	 1.960784E-02	
 -.000002	 3.921569E-02	 1.960784E-02	
 -.0000018	 3.921569E-02	 1.960784E-02	
 -.0000016	 3.921569E-02	 5.882353E-02	
 -.0000014	 3.921569E-02	 1.960784E-02	
 -.0000012	 3.921569E-02	 1.960784E-02	
 -.000001	 .1176471	 5.882353E-02	
 -.0000008	 .1960784	 5.882353E-02	
 -.0000006	 3.921569E-02	 1.960784E-02	
 -.0000004	 3.921569E-02	 5.882353E-02	
 -.0000002	 3.921569E-02	 1.960784E-02	
  0	 3.921569E-02	 1.960784E-02	
  .0000002	 .1176471	 1.960784E-02	
  .0000004	-1.294118	 .6078432	
  .0000006	-2.627451	-.7647059	
  .0000008	-3.254902	-.8039216	
  .000001	-3.333333	-.8823529	
  .0000012	-3.333333	-.8431373	
  .0000014	-3.411765	-.8823529	
  .0000016	-3.411765	-.9215686	
  .0000018	-3.333333	-.9215686	
  .000002	-3.333333	-.9607843	
  .0000022	-3.333333	-1.039216	
  .0000024	-3.333333	-1.039216	
  .0000026	-3.333333	-1.078431	
  .0000028	-3.254902	-1.117647	
  .000003	-3.254902	-1.156863	
  .0000032	-3.254902	-1.196078	
  .0000034	-3.254902	-1.196078	
  .0000036	-3.176471	-1.196078	
  .0000038	-3.019608	-1.27451	
  .000004	-2.941176	-1.392157	
  .0000042	-2.941176	-1.470588	
  .0000044	-2.941176	-1.470588	
  .0000046	-2.862745	-1.509804	
  .0000048	-2.941176	-1.509804	
  .000005	-2.862745	-1.666667	
  .0000052	-2.862745	-1.705882	
  .0000054	-2.862745	-1.745098	
  .0000056	-2.784314	-1.745098	
  .0000058	-2.705882	-1.745098	
  .000006	-2.705882	-1.823529	
  .0000062	-2.705882	-1.862745	
  .0000064	-2.627451	-1.862745	
  .0000066	-2.627451	-1.901961	
  .0000068	-2.627451	-1.901961	
  .000007	-2.627451	-1.980392	
  .0000072	-2.627451	-2.058824	
  .0000074	-2.54902	-2.058824	
  .0000076	-2.470588	-2.058824	
  .0000078	-2.470588	-2.137255	
  .000008	 2.078431	-2.098039	
  .0000082	 8.117647	-2.058824	
  .0000084	 10	-1.941176	
  .0000086	 9.921569	-1.941176	
  .0000088	 8.352942	-1.901961	
  .000009	 7.098039	-1.823529	
  .0000092	 5.843137	-1.784314	
  .0000094	 4.745098	-1.784314	
  .0000096	 3.176471	-1.745098	
  .0000098	 2.54902	-1.666667	
  .00001	 1.843137	-1.705882	
  .0000102	 1.215686	-1.666667	
  .0000104	 .9019608	-1.627451	
  .0000106	 .6666667	-1.588235	
  .0000108	 .5882353	-1.54902	
  .000011	 .509804	-1.588235	
  .0000112	 .3529412	-1.509804	
  .0000114	 .3529412	-1.509804	
  .0000116	 .3529412	-1.54902	
  .0000118	 .1176471	-1.54902	
  .000012	 3.921569E-02	-1.509804	
  .0000122	 3.921569E-02	-1.509804	
  .0000124	 3.921569E-02	-1.509804	
  .0000126	 3.921569E-02	-1.470588	
  .0000128	-3.921569E-02	-1.470588	
  .000013	 3.921569E-02	-1.470588	
  .0000132	 3.921569E-02	-1.509804	
  .0000134	 .1960784	-1.431373	
  .0000136	-3.921569E-02	-1.509804	
  .0000138	 3.921569E-02	-1.509804	
  .000014	 .1176471	-1.470588	
  .0000142	 .1176471	-1.470588	
  .0000144	 3.921569E-02	-1.509804	
  .0000146	 .1176471	-1.470588	
  .0000148	 .1176471	-1.431373	
  .000015	 .1176471	-1.470588	
  .0000152	 .1960784	-1.470588	
  .0000154	 .1176471	-1.470588	
  .0000156	 .1176471	-1.431373	
  .0000158	 .1176471	-1.431373	
  .000016	 .1960784	-1.431373	
  .0000162	 .1176471	-1.431373	
  .0000164	 .1176471	-1.431373	
  .0000166	 .1176471	-1.392157	
  .0000168	 .1176471	-1.431373	
  .000017	 3.921569E-02	-1.470588	
  .0000172	 .1960784	-1.431373	
  .0000174	 .1176471	-1.431373	
  .0000176	 .1176471	-1.431373	
  .0000178	 .1176471	-1.392157	
  .000018	 .1960784	-1.352941	
  .0000182	 .1176471	-1.352941	
  .0000184	 .1176471	-1.352941	
  .0000186	 .1176471	-1.392157	
  .0000188	 .1960784	-1.392157	
  .000019	 .1960784	-1.392157	
  .0000192	 .1960784	-1.352941	
  .0000194	 .1176471	-1.313725	
  .0000196	 .1960784	-1.352941	
  .0000198	 .1176471	-1.352941	
  .00002	 .1960784	-1.313725	
  .0000202	 .1176471	-1.352941	
  .0000204	 .1176471	-1.352941	
  .0000206	 .1960784	-1.313725	
  .0000208	 .1960784	-1.352941	
  .000021	 3.921569E-02	-1.313725	
  .0000212	 .1176471	-1.313725	
  .0000214	 .1176471	-1.313725	
  .0000216	 .1176471	-1.27451	
  .0000218	 .1960784	-1.313725	
  .000022	 .1960784	-1.352941	
  .0000222	 .1176471	-1.27451	
  .0000224	 3.921569E-02	-1.27451	
  .0000226	 .1960784	-1.313725	
  .0000228	 .1176471	-1.27451	
  .000023	 3.921569E-02	-1.235294	
  .0000232	 .1960784	-1.235294	
  .0000234	 .1960784	-1.235294	
  .0000236	 .1176471	-1.27451	
  .0000238	 3.921569E-02	-1.235294	
  .000024	 3.921569E-02	-1.196078	
  .0000242	 .1960784	-1.27451	
  .0000244	 .1176471	-1.235294	
  .0000246	 .1960784	-1.156863	
  .0000248	 .1960784	-1.235294	
  .000025	 .1176471	-1.235294	
  .0000252	 .1960784	-1.196078	
  .0000254	 .3529412	-1.196078	
  .0000256	 .1176471	-1.196078	
  .0000258	 .1176471	-1.156863	
  .000026	 .2745098	-1.156863	
  .0000262	 .1960784	-1.117647	
  .0000264	 .1960784	-1.156863	
  .0000266	 .1176471	-1.117647	
  .0000268	 .1960784	-1.156863	
  .000027	 .1176471	-1.196078	
  .0000272	 .1176471	-1.117647	
  .0000274	 .1176471	-1.117647	
  .0000276	 .1176471	-1.117647	
  .0000278	 .1176471	-1.078431	
  .000028	 .1960784	-1.078431	
  .0000282	 .1960784	-1.078431	
  .0000284	 3.921569E-02	-1.078431	
  .0000286	 .1960784	-1.078431	
  .0000288	 .2745098	-1.078431	
  .000029	 .2745098	-1.039216	
  .0000292	 .2745098	-1.078431	
  .0000294	 .2745098	-1.039216	
  .0000296	 .2745098	-1.039216	
  .0000298	 .509804	-1	
  .00003	 .2745098	-1	
  .0000302	 .2745098	-1	
  .0000304	 .2745098	-1	
  .0000306	 .2745098	-1	
  .0000308	 .4313726	-1	
  .000031	 .3529412	-.9607843	
  .0000312	 .4313726	-.9215686	
  .0000314	 .2745098	-.9607843	
  .0000316	 .3529412	-.9215686	
  .0000318	 .1960784	-.9607843	
  .000032	 .1960784	-.9607843	
  .0000322	 .2745098	-.9215686	
  .0000324	 .1960784	-.9215686	
  .0000326	 .2745098	-.8823529	
  .0000328	 .2745098	-.8823529	
  .000033	 .3529412	-.8823529	
  .0000332	 .2745098	-.8823529	
  .0000334	 .2745098	-.8039216	
  .0000336	 .4313726	-.8039216	
  .0000338	 .1960784	-.8431373	
  .000034	 .3529412	-.8431373	
  .0000342	 .2745098	-.8431373	
  .0000344	 .3529412	-.8039216	
  .0000346	 .2745098	-.8039216	
  .0000348	 .2745098	-.8039216	
  .000035	 .3529412	-.8039216	
  .0000352	 .4313726	-.8039216	
  .0000354	 .2745098	-.7647059	
  .0000356	 .2745098	-.7647059	
  .0000358	 .4313726	-.7647059	
  .000036	 .3529412	-.7647059	
  .0000362	 .3529412	-.7254902	
  .0000364	 .2745098	-.7254902	
  .0000366	 .2745098	-.7254902	
  .0000368	 .2745098	-.7647059	
  .000037	 .3529412	-.7254902	
  .0000372	 .3529412	-.6862745	
  .0000374	 .2745098	-.6862745	
  .0000376	 .2745098	-.6470588	
  .0000378	 .3529412	-.6862745	
  .000038	 .2745098	-.6470588	
  .0000382	 .3529412	-.6470588	
  .0000384	 .4313726	-.6078432	
  .0000386	 .4313726	-.6470588	
  .0000388	 .3529412	-.6470588	
  .000039	 .2745098	-.6078432	
  .0000392	 .3529412	-.6078432	
  .0000394	 .4313726	-.6078432	
  .0000396	 .4313726	-.6078432	
  .0000398	 .4313726	-.5686275	
  .00004	 .509804	-.5686275	
  .0000402	 .3529412	-.5686275	
  .0000404	 .3529412	-.5294118	
  .0000406	 .4313726	-.5686275	
  .0000408	 .4313726	-.5686275	
  .000041	 .4313726	-.5294118	
  .0000412	 .4313726	-.4901961	
  .0000414	 .4313726	-.5294118	
  .0000416	 .4313726	-.4901961	
  .0000418	 .509804	-.4901961	
  .000042	 .4313726	-.4901961	
  .0000422	 .509804	-.4901961	
  .0000424	 .509804	-.4901961	
  .0000426	 .509804	-.4117647	
  .0000428	 .4313726	-.4509804	
  .000043	 .3529412	-.4117647	
  .0000432	 .509804	-.372549	
  .0000434	 .509804	-.4117647	
  .0000436	 .3529412	-.4117647	
  .0000438	 .4313726	-.372549	
  .000044	 .509804	-.372549	
  .0000442	 .3529412	-.372549	
  .0000444	 .3529412	-.3333333	
  .0000446	 .4313726	-.372549	
  .0000448	 .3529412	-.372549	
  .000045	 .4313726	-.2941177	
  .0000452	 .509804	-.3333333	
  .0000454	 .3529412	-.3333333	
  .0000456	 .3529412	-.2941177	
  .0000458	 .509804	-.254902	
  .000046	 .4313726	-.254902	
  .0000462	 .509804	-.2941177	
  .0000464	 .4313726	-.2156863	
  .0000466	 .4313726	-.1764706	
  .0000468	 .4313726	-.254902	
  .000047	 .4313726	-.2156863	
  .0000472	 .4313726	-.2156863	
  .0000474	 .3529412	-.2156863	
  .0000476	 .4313726	-.1764706	
  .0000478	 .4313726	-.2156863	
  .000048	 .509804	-.1764706	
  .0000482	 .509804	-.1764706	
  .0000484	 .509804	-.1372549	
  .0000486	 .509804	-.1372549	
  .0000488	 .509804	-.1372549	
  .000049	 .509804	-.1372549	
  .0000492	 .5882353	-.1372549	
  .0000494	 .4313726	-9.803922E-02	
  .0000496	 .6666667	-5.882353E-02	
  .0000498	 .5882353	-.1372549	
  .00005	 .509804	-1.960784E-02	
  .0000502	 .4313726	-9.803922E-02	
  .0000504	 .509804	-5.882353E-02	
  .0000506	 .6666667	-5.882353E-02	
  .0000508	 .5882353	 1.960784E-02	
  .000051	 .5882353	 1.960784E-02	
  .0000512	 .4313726	 1.960784E-02	
  .0000514	 .5882353	-1.960784E-02	
  .0000516	 .4313726	 1.960784E-02	
  .0000518	 .4313726	 1.960784E-02	
  .000052	 .509804	 1.960784E-02	
  .0000522	 .509804	 1.960784E-02	
  .0000524	 .4313726	 5.882353E-02	
  .0000526	 .509804	 5.882353E-02	
  .0000528	 .509804	 1.960784E-02	
  .000053	 .4313726	 9.803922E-02	
  .0000532	 .4313726	 9.803922E-02	
  .0000534	 .5882353	 .1372549	
  .0000536	 .509804	 9.803922E-02	
  .0000538	 .5882353	 .1372549	
  .000054	 .5882353	 .1372549	
  .0000542	 .5882353	 .1372549	
  .0000544	 .5882353	 .1764706	
  .0000546	 .6666667	 .1764706	
  .0000548	 .6666667	 .1764706	
  .000055	 .7450981	 .1764706	
  .0000552	 .8235294	 .2156863	
  .0000554	 .8235294	 .2156863	
  .0000556	 .9803922	 .1764706	
  .0000558	 1.215686	 .254902	
  .000056	 1.529412	 .254902	
  .0000562	 1.921569	 .3333333	
  .0000564	 2.156863	 .3333333	
  .0000566	 2.078431	 .7647059	
  .0000568	 2	 .4509804	
  .000057	 2.156863	 .5294118	
  .0000572	 2.078431	 .5294118	
  .0000574	 2	 .6470588	
  .0000576	 2.078431	 .8039216	
  .0000578	 1.921569	 .8039216	
  .000058	 1.843137	 .8431373	
  .0000582	 2	 .9607843	
  .0000584	 2	 1	
  .0000586	 2	 1.078431	
  .0000588	 2	 1.078431	
  .000059	 1.921569	 1.117647	
  .0000592	 1.921569	 1.156863	
  .0000594	 1.843137	 1.235294	
  .0000596	 2	 1.235294	
  .0000598	 1.921569	 1.27451	
  .00006	 1.843137	 1.313725	
  .0000602	 1.921569	 1.392157	
  .0000604	 1.921569	 1.352941	
  .0000606	 1.843137	 1.392157	
  .0000608	 1.921569	 1.470588	
  .000061	 1.843137	 1.470588	
  .0000612	 1.843137	 1.509804	
  .0000614	 1.764706	 1.54902	
  .0000616	 1.843137	 1.588235	
  .0000618	 1.843137	 1.54902	
  .000062	 1.764706	 1.588235	
  .0000622	 1.686275	 1.627451	
  .0000624	 1.843137	 1.705882	
  .0000626	 1.607843	 1.627451	
  .0000628	 1.686275	 1.705882	
  .000063	 1.686275	 1.745098	
  .0000632	 1.686275	 1.784314	
  .0000634	 1.607843	 1.784314	
  .0000636	 1.607843	 1.784314	
  .0000638	 1.686275	 1.823529	
  .000064	 1.529412	 1.862745	
  .0000642	 1.607843	 1.901961	
  .0000644	 1.529412	 1.941176	
  .0000646	 1.529412	 1.980392	
  .0000648	 1.529412	 2.019608	
  .000065	-6.54902	 1.901961	
  .0000652	-9.921569	 1.784314	
  .0000654	-8.196078	 1.705882	
  .0000656	-5.607843	 1.666667	
  .0000658	-3.882353	 1.666667	
  .000066	-2.862745	 1.588235	
  .0000662	-2	 1.627451	
  .0000664	-1.372549	 1.54902	
  .0000666	-1.215686	 1.509804	
  .0000668	-1.058824	 1.509804	
  .000067	-.9019608	 1.470588	
  .0000672	-.9019608	 1.431373	
  .0000674	-.5882353	 1.392157	
  .0000676	-.4313726	 1.352941	
  .0000678	-.1960784	 1.352941	
  .000068	-.1960784	 1.313725	
  .0000682	-.1176471	 1.313725	
  .0000684	 3.921569E-02	 1.313725	
  .0000686	-3.921569E-02	 1.27451	
  .0000688	-3.921569E-02	 1.27451	
  .000069	 3.921569E-02	 1.235294	
  .0000692	-.1176471	 1.27451	
  .0000694	-3.921569E-02	 1.27451	
  .0000696	 3.921569E-02	 1.235294	
  .0000698	 .1960784	 1.27451	
  .00007	 3.921569E-02	 1.27451	
  .0000702	 3.921569E-02	 1.235294	
  .0000704	 3.921569E-02	 1.196078	
  .0000706	-3.921569E-02	 1.27451	
  .0000708	-3.921569E-02	 1.235294	
  .000071	 3.921569E-02	 1.235294	
  .0000712	-3.921569E-02	 1.235294	
  .0000714	 .1176471	 1.235294	
  .0000716	 3.921569E-02	 1.235294	
  .0000718	 .1960784	 1.196078	
  .000072	 .2745098	 1.235294	
  .0000722	 .1176471	 1.235294	
  .0000724	 3.921569E-02	 1.235294	
  .0000726	 .1176471	 1.235294	
  .0000728	 .2745098	 1.235294	
  .000073	 3.921569E-02	 1.235294	
  .0000732	 3.921569E-02	 1.235294	
  .0000734	-3.921569E-02	 1.235294	
  .0000736	 .1960784	 1.196078	
  .0000738	 .1176471	 1.196078	
  .000074	 .1176471	 1.196078	
  .0000742	 .1176471	 1.235294	
  .0000744	 .2745098	 1.196078	
  .0000746	 .1176471	 1.196078	
  .0000748	 .1176471	 1.196078	
  .000075	 3.921569E-02	 1.27451	
  .0000752	 .1176471	 1.196078	
  .0000754	 .1176471	 1.196078	
  .0000756	 .2745098	 1.196078	
  .0000758	 .1960784	 1.156863	
  .000076	 3.921569E-02	 1.235294	
  .0000762	 .1960784	 1.196078	
  .0000764	 .1176471	 1.235294	
  .0000766	 3.921569E-02	 1.156863	
  .0000768	 .1176471	 1.156863	
  .000077	 3.921569E-02	 1.235294	
  .0000772	 .1176471	 1.235294	
  .0000774	 3.921569E-02	 1.235294	
  .0000776	 .1176471	 1.196078	
  .0000778	 3.921569E-02	 1.156863	
  .000078	 3.921569E-02	 1.196078	
  .0000782	 .1176471	 1.235294	
  .0000784	 .1176471	 1.156863	
  .0000786	 .1176471	 1.196078	
  .0000788	 .1176471	 1.235294	
  .000079	 3.921569E-02	 1.196078	
  .0000792	 .1176471	 1.196078	
  .0000794	 .1960784	 1.156863	
  .0000796	 3.921569E-02	 1.156863	
  .0000798	 .1176471	 1.196078	
  .00008	 3.921569E-02	 1.196078	
  .0000802	 3.921569E-02	 1.156863	
  .0000804	-3.921569E-02	 1.196078	
  .0000806	 3.921569E-02	 1.196078	
  .0000808	 .1176471	 1.196078	
  .000081	 .1176471	 1.156863	
  .0000812	 3.921569E-02	 1.196078	
  .0000814	 3.921569E-02	 1.196078	
  .0000816	-3.921569E-02	 1.156863	
  .0000818	 3.921569E-02	 1.117647	
  .000082	 3.921569E-02	 1.117647	
  .0000822	 .1176471	 1.156863	
  .0000824	-3.921569E-02	 1.156863	
  .0000826	-.1960784	 1.156863	
  .0000828	-.1176471	 1.156863	
  .000083	 3.921569E-02	 1.156863	
  .0000832	-3.921569E-02	 1.117647	
  .0000834	-3.921569E-02	 1.156863	
  .0000836	 3.921569E-02	 1.117647	
  .0000838	-.1176471	 1.117647	
  .000084	-3.921569E-02	 1.117647	
  .0000842	-.1176471	 1.117647	
  .0000844	-.1176471	 1.117647	
  .0000846	-3.921569E-02	 1.156863	
  .0000848	-3.921569E-02	 1.078431	
  .000085	-3.921569E-02	 1.117647	
  .0000852	-.1176471	 1.117647	
  .0000854	 3.921569E-02	 1.078431	
  .0000856	-3.921569E-02	 1.039216	
  .0000858	-3.921569E-02	 1.078431	
  .000086	-.1176471	 1.078431	
  .0000862	-.1176471	 1.117647	
  .0000864	-.1960784	 1.078431	
  .0000866	-3.921569E-02	 1.039216	
  .0000868	-3.921569E-02	 1.039216	
  .000087	-.1176471	 1.039216	
  .0000872	-.1176471	 1.039216	
  .0000874	-.1960784	 1.039216	
  .0000876	-.1960784	 1.039216	
  .0000878	-.1176471	 1.039216	
  .000088	-3.921569E-02	 1	
  .0000882	-3.921569E-02	 1.039216	
  .0000884	-3.921569E-02	 1	
  .0000886	-.1176471	 .9607843	
  .0000888	-.1176471	 .9607843	
  .000089	-.1960784	 .9607843	
  .0000892	-3.921569E-02	 .9607843	
  .0000894	-.1176471	 .9607843	
  .0000896	-.1176471	 .9607843	
  .0000898	-.1176471	 .9215686	
  .00009	-.1176471	 .9215686	
  .0000902	-.1176471	 .8823529	
  .0000904	-3.921569E-02	 .9607843	
  .0000906	 3.921569E-02	 .9607843	
  .0000908	-.1176471	 .9215686	
  .000091	-.1960784	 .9215686	
  .0000912	-3.921569E-02	 .9215686	
  .0000914	-3.921569E-02	 .8823529	
  .0000916	-.1960784	 .9215686	
  .0000918	 3.921569E-02	 .9215686	
  .000092	-3.921569E-02	 .9607843	
  .0000922	-.1960784	 .9215686	
  .0000924	-.1960784	 .9215686	
  .0000926	-.1176471	 .9215686	
  .0000928	-.1176471	 .8823529	
  .000093	-3.921569E-02	 .8431373	
  .0000932	-3.921569E-02	 .8431373	
  .0000934	-.1176471	 .8823529	
  .0000936	-.1176471	 .8431373	
  .0000938	-.1176471	 .8823529	
  .000094	-3.921569E-02	 .9215686	
  .0000942	-.1176471	 .8431373	
  .0000944	-.1960784	 .8823529	
  .0000946	-3.921569E-02	 .8039216	
  .0000948	-.1960784	 .8431373	
  .000095	-3.921569E-02	 .8431373	
  .0000952	-.1176471	 .8039216	
  .0000954	-.1176471	 .8039216	
  .0000956	-3.921569E-02	 .8431373	
  .0000958	-.1176471	 .8431373	
  .000096	-.1176471	 .7647059	
  .0000962	-.2745098	 .8039216	
  .0000964	-.1176471	 .7647059	
  .0000966	-.1176471	 .7647059	
  .0000968	-.1176471	 .7254902	
  .000097	-.1960784	 .7254902	
  .0000972	-.1960784	 .8039216	
  .0000974	-.1176471	 .7254902	
  .0000976	-.1960784	 .7254902	
  .0000978	-.1960784	 .7647059	
  .000098	-3.921569E-02	 .7254902	
  .0000982	-.1960784	 .7647059	
  .0000984	-.1176471	 .6862745	
  .0000986	-.1960784	 .7254902	
  .0000988	-.1960784	 .6862745	
  .000099	-.1960784	 .6862745	
  .0000992	-.1960784	 .6470588	
  .0000994	-.1176471	 .6470588	
  .0000996	-3.921569E-02	 .6862745	
  .0000998	-.1960784	 .7254902	
  .0001	-.1176471	 .6078432	
  .0001002	-.1960784	 .6470588	
  .0001004	-3.921569E-02	 .6078432	
  .0001006	-.1960784	 .6078432	
  .0001008	-.1960784	 .6470588	
  .000101	-.1960784	 .6078432	
  .0001012	-3.921569E-02	 .6470588	
  .0001014	-.3529412	 .5686275	
  .0001016	-.2745098	 .5294118	
  .0001018	-.2745098	 .5294118	
  .000102	-.1176471	 .5686275	
  .0001022	-.1176471	 .5294118	
  .0001024	-.2745098	 .5294118	
  .0001026	-.2745098	 .5294118	
  .0001028	-.1960784	 .5294118	
  .000103	-.1960784	 .5294118	
  .0001032	-.1960784	 .4901961	
  .0001034	-.1960784	 .4901961	
  .0001036	-.3529412	 .5294118	
  .0001038	-.2745098	 .4901961	
  .000104	-.2745098	 .4509804	
  .0001042	-.1960784	 .4901961	
  .0001044	-.2745098	 .5294118	
  .0001046	-.1176471	 .4901961	
  .0001048	-.2745098	 .4901961	
  .000105	-.1960784	 .4901961	
  .0001052	-.1176471	 .4509804	
  .0001054	-3.921569E-02	 .4901961	
  .0001056	-.1960784	 .4509804	
  .0001058	-.1960784	 .4901961	
  .000106	-.1176471	 .4117647	
  .0001062	-.1960784	 .372549	
  .0001064	-.2745098	 .372549	
  .0001066	-.2745098	 .4117647	
  .0001068	-.1176471	 .3333333	
  .000107	-.2745098	 .372549	
  .0001072	-.1960784	 .372549	
  .0001074	-.2745098	 .372549	
  .0001076	-.1960784	 .3333333	
  .0001078	-.1960784	 .2941177	
  .000108	-.2745098	 .3333333	
  .0001082	-.2745098	 .254902	
  .0001084	-.1960784	 .2941177	
  .0001086	-.1176471	 .2941177	
  .0001088	-.1176471	 .254902	
  .000109	 3.921569E-02	 .2941177	
  .0001092	-.2745098	 .3333333	
  .0001094	-.1960784	 .2941177	
  .0001096	-.1176471	 .254902	
  .0001098	-.2745098	 .2941177	
  .00011	-3.921569E-02	 .1764706	
  .0001102	-.2745098	 .254902	
  .0001104	-.1960784	 .254902	
  .0001106	-.1176471	 .2156863	
  .0001108	-3.921569E-02	 .2156863	
  .000111	-.2745098	 .2156863	
  .0001112	-.1960784	 .1372549	
  .0001114	-.1176471	 .1764706	
  .0001116	-3.921569E-02	 .1764706	
  .0001118	-.1176471	 .1372549	
  .000112	 .1176471	 .2156863	
  .0001122	-.2745098	 9.803922E-02	
  .0001124	-.3529412	 .1764706	
  .0001126	-.509804	 .1372549	
  .0001128	-.4313726	 .1372549	
  .000113	-.5882353	 .1372549	
  .0001132	-.5882353	 9.803922E-02	
  .0001134	-.8235294	 5.882353E-02	
  .0001136	-.7450981	 1.960784E-02	
  .0001138	-1.058824	 5.882353E-02	
  .000114	-1.137255	-1.960784E-02	
  .0001142	-1.137255	-.1764706	
  .0001144	-1.137255	-.2941177	
  .0001146	-1.215686	-.3333333	
  .0001148	-1.137255	-.372549	
  .000115	-1.137255	-.4901961	
  .0001152	-1.215686	-.5294118	
  .0001154	-1.215686	-.5294118	
  .0001156	-1.215686	-.5686275	
  .0001158	-1.137255	-.6862745	
  .000116	-1.137255	-.6862745	
  .0001162	-1.137255	-.7647059	
  .0001164	-1.137255	-.7647059	
  .0001166	-1.058824	-.9215686	
  .0001168	-1.137255	-.8431373	
  .000117	-1.058824	-.8823529	
  .0001172	-1.137255	-.9607843	
  .0001174	-1.137255	-.9607843	
  .0001176	-1.058824	-1	
  .0001178	-.9019608	-1	
  .000118	-.9803922	-1.039216	
  .0001182	-.9803922	-1.078431	
  .0001184	-.9803922	-1.078431	
  .0001186	-.9803922	-1.117647	
  .0001188	-1.058824	-1.156863	
  .000119	-.9019608	-1.196078	
  .0001192	-.9019608	-1.196078	
  .0001194	-.9019608	-1.196078	
  .0001196	-.9803922	-1.27451	
  .0001198	-.9803922	-1.313725	
  .00012	-.8235294	-1.313725	
  .0001202	-.8235294	-1.313725	
  .0001204	-.8235294	-1.352941	
  .0001206	-.8235294	-1.392157	
  .0001208	-.8235294	-1.392157	
  .000121	-.6666667	-1.509804	
  .0001212	-.7450981	-1.470588	
  .0001214	-.7450981	-1.54902	
  .0001216	-.7450981	-1.54902	
  .0001218	-.5882353	-1.54902	
  .000122	-.6666667	-1.588235	
  .0001222	-.5882353	-1.588235	
  .0001224	-.6666667	-1.627451	
  .0001226	-.509804	-1.666667	
  .0001228	-.5882353	-1.705882	
  .000123	-.6666667	-1.705882	
  .0001232	-.5882353	-1.784314	
  .0001234	-.8235294	-1.784314	
  .0001236	-.7450981	-1.823529	
  .0001238	-.8235294	-1.901961	
  .000124	-.9019608	-1.980392	
  .0001242	-.8235294	-2.019608	
  .0001244	-.6666667	-1.980392	
  .0001246	-.4313726	-2.019608	
  .0001248	 3.921569E-02	-2.058824	
  .000125	 1.607843	-2.019608	
  .0001252	 4.745098	-1.980392	
  .0001254	 8.509804	-1.862745	
  .0001256	 7.960784	-1.745098	
  .0001258	 6.156863	-1.705882	
  .000126	 4.117647	-1.627451	
  .0001262	 2.54902	-1.588235	
  .0001264	 1.529412	-1.509804	
  .0001266	 .9019608	-1.431373	
  .0001268	 .8235294	-1.352941	
  .000127	 .509804	-1.352941	
  .0001272	 .4313726	-1.27451	
  .0001274	 .4313726	-1.235294	
  .0001276	 .4313726	-1.196078	
  .0001278	 .2745098	-1.156863	
  .000128	 .1176471	-1.117647	
  .0001282	 .1960784	-1.156863	
  .0001284	 .2745098	-1.117647	
  .0001286	 .1960784	-1.078431	
  .0001288	 .2745098	-1.039216	
  .000129	 .1960784	-1.078431	
  .0001292	 .1960784	-1.039216	
  .0001294	 .1960784	-1.078431	
  .0001296	 .2745098	-1	
  .0001298	 .3529412	-1.078431	
  .00013	 .1960784	-1	
  .0001302	 .1960784	-1	
  .0001304	 .1176471	-1.039216	
  .0001306	 .1176471	-1.039216	
  .0001308	 .1176471	-1.078431	
  .000131	 .1176471	-1	
  .0001312	 .1176471	-1.039216	
  .0001314	 .1176471	-.9607843	
  .0001316	 3.921569E-02	-.9607843	
  .0001318	 3.921569E-02	-1	
  .000132	 3.921569E-02	-1	
  .0001322	 .1960784	-.9607843	
  .0001324	 .1176471	-.9607843	
  .0001326	 .1176471	-.9607843	
  .0001328	 3.921569E-02	-1	
  .000133	 .1176471	-.9607843	
  .0001332	 .1176471	-.9607843	
  .0001334	 .1960784	-.9607843	
  .0001336	 .1176471	-.9215686	
  .0001338	 3.921569E-02	-.9215686	
  .000134	 3.921569E-02	-.9215686	
  .0001342	 .1176471	-1	
  .0001344	 .1176471	-.8823529	
  .0001346	 3.921569E-02	-.9215686	
  .0001348	 .1176471	-.9215686	
  .000135	 .1176471	-.9607843	
  .0001352	 .1176471	-.9215686	
  .0001354	 3.921569E-02	-.9215686	
  .0001356	 .1960784	-.9607843	
  .0001358	 3.921569E-02	-.9607843	
  .000136	 .1176471	-.9607843	
  .0001362	 .1960784	-.9607843	
  .0001364	 .1176471	-.9607843	
  .0001366	 .1176471	-.8823529	
  .0001368	 .1176471	-.8823529	
  .000137	 .1960784	-.9607843	
  .0001372	 3.921569E-02	-.9215686	
  .0001374	 .1176471	-.9215686	
  .0001376	 .1176471	-.9215686	
  .0001378	 .1960784	-.9215686	
  .000138	 3.921569E-02	-.9215686	
  .0001382	 3.921569E-02	-.8823529	
  .0001384	 .1176471	-.9215686	
  .0001386	 .1176471	-.8823529	
  .0001388	 .1960784	-.9215686	
  .000139	 .1176471	-.9607843	
  .0001392	 .1960784	-.9215686	
  .0001394	 .1176471	-.9215686	
  .0001396	 3.921569E-02	-.9215686	
  .0001398	 .1960784	-.8823529	
  .00014	 .2745098	-.8823529	
  .0001402	 .1960784	-.8823529	
  .0001404	 .1176471	-.8823529	
  .0001406	 .1960784	-.9215686	
  .0001408	 .1960784	-.9215686	
  .000141	 .1960784	-.8823529	
  .0001412	 3.921569E-02	-.8823529	
  .0001414	 .1176471	-.9215686	
  .0001416	 .1960784	-.8823529	
  .0001418	 .1176471	-.8823529	
  .000142	 .1176471	-.8431373	
  .0001422	 .1176471	-.8823529	
  .0001424	 .1960784	-.9215686	
  .0001426	 .1176471	-.9215686	
  .0001428	 .1176471	-.8823529	
  .000143	 .1176471	-.9215686	
  .0001432	 .1176471	-.8823529	
  .0001434	 .1176471	-.8431373	
  .0001436	 .1960784	-.8431373	
  .0001438	 3.921569E-02	-.8823529	
  .000144	 .2745098	-.8431373	
  .0001442	 .2745098	-.8431373	
  .0001444	 .1960784	-.8039216	
  .0001446	 .1176471	-.8039216	
  .0001448	 .1960784	-.8039216	
  .000145	 .1960784	-.7647059	
  .0001452	 .1960784	-.8431373	
  .0001454	 .2745098	-.7647059	
  .0001456	 .1176471	-.8039216	
  .0001458	 .1960784	-.8431373	
  .000146	 .1960784	-.8039216	
  .0001462	 .2745098	-.8039216	
  .0001464	 .1960784	-.8039216	
  .0001466	 .2745098	-.8039216	
  .0001468	 .1960784	-.8039216	
  .000147	 .1176471	-.8039216	
  .0001472	 .2745098	-.7647059	
  .0001474	 .1960784	-.8039216	
  .0001476	 .1960784	-.7647059	
  .0001478	 .1960784	-.7647059	
  .000148	 .1960784	-.8039216	
  .0001482	 .1960784	-.7647059	
  .0001484	 .1176471	-.7254902	
  .0001486	 .3529412	-.6862745	
  .0001488	 .1960784	-.7254902	
  .000149	 .1176471	-.7254902	
  .0001492	 .1960784	-.7647059	
  .0001494	 .1960784	-.7254902	
  .0001496	 .2745098	-.7647059	
  .0001498	 .1960784	-.7254902	
  .00015	 .1960784	-.7254902	
  .0001502	 .1960784	-.6862745	
  .0001504	 .1960784	-.7254902	
  .0001506	 .1960784	-.7254902	
  .0001508	 .1960784	-.6862745	
  .000151	 .1960784	-.6862745	
  .0001512	 .1960784	-.6470588	
  .0001514	 .1176471	-.6470588	
  .0001516	 .1960784	-.6862745	
  .0001518	 .1176471	-.6862745	
  .000152	 .1960784	-.6470588	
  .0001522	 .1960784	-.6470588	
  .0001524	 .2745098	-.6470588	
  .0001526	 .1960784	-.6470588	
  .0001528	 .1960784	-.6470588	
  .000153	 .1960784	-.6470588	
  .0001532	 .1960784	-.6078432	
  .0001534	 .1176471	-.5686275	
  .0001536	 .1960784	-.6470588	
  .0001538	 .2745098	-.6078432	
  .000154	 .1960784	-.6470588	
  .0001542	 .1960784	-.6078432	
  .0001544	 .1176471	-.6078432	
  .0001546	 .1960784	-.6470588	
  .0001548	 .1960784	-.6078432	
  .000155	 .1176471	-.5686275	
  .0001552	 .1960784	-.5686275	
  .0001554	 .1960784	-.6078432	
  .0001556	 .1176471	-.5686275	
  .0001558	 .1176471	-.5686275	
  .000156	 .1176471	-.5686275	
  .0001562	 .1960784	-.6078432	
  .0001564	 .1176471	-.5686275	
  .0001566	 .1176471	-.5294118	
  .0001568	 .1960784	-.5294118	
  .000157	 .1176471	-.5294118	
  .0001572	 .1176471	-.5294118	
  .0001574	 .2745098	-.5686275	
  .0001576	 .1176471	-.5294118	
  .0001578	 .1960784	-.4901961	
  .000158	 .1960784	-.5294118	
  .0001582	 .1960784	-.4901961	
  .0001584	 .1176471	-.5294118	
  .0001586	 .2745098	-.4901961	
  .0001588	 .1960784	-.4901961	
  .000159	 .1960784	-.4509804	
  .0001592	 .1960784	-.4901961	
  .0001594	 .1960784	-.4901961	
  .0001596	 .1960784	-.4901961	
  .0001598	 .1960784	-.4117647	
  .00016	 .1960784	-.4901961	
  .0001602	 .1960784	-.4509804	
  .0001604	 .1960784	-.5294118	
  .0001606	 .1960784	-.4509804	
  .0001608	 .1960784	-.4901961	
  .000161	 .1960784	-.4509804	
  .0001612	 .1960784	-.4901961	
  .0001614	 .1960784	-.4509804	
  .0001616	 .1176471	-.4509804	
  .0001618	 .1176471	-.4509804	
  .000162	 3.921569E-02	-.4117647	
  .0001622	 .1960784	-.4117647	
  .0001624	 .1960784	-.4117647	
  .0001626	 .1176471	-.4117647	
  .0001628	 .2745098	-.4117647	
  .000163	 .1176471	-.4117647	
  .0001632	 .1960784	-.372549	
  .0001634	 .1176471	-.4117647	
  .0001636	 .1176471	-.3333333	
  .0001638	 .1176471	-.372549	
  .000164	 .1960784	-.372549	
  .0001642	 .1960784	-.3333333	
  .0001644	 .1960784	-.3333333	
  .0001646	 .2745098	-.3333333	
  .0001648	 .2745098	-.3333333	
  .000165	 .2745098	-.3333333	
  .0001652	 .1176471	-.254902	
  .0001654	 .1176471	-.2941177	
  .0001656	 3.921569E-02	-.3333333	
  .0001658	 3.921569E-02	-.3333333	
  .000166	 .1960784	-.254902	
  .0001662	 .2745098	-.3333333	
  .0001664	 .1176471	-.2941177	
  .0001666	 .1176471	-.2941177	
  .0001668	 .1176471	-.254902	
  .000167	 .1960784	-.254902	
  .0001672	 .1960784	-.254902	
  .0001674	 .2745098	-.2941177	
  .0001676	 .1960784	-.2156863	
  .0001678	 .1960784	-.254902	
  .000168	 .1176471	-.2156863	
  .0001682	 .1176471	-.2156863	
  .0001684	 .1960784	-.2156863	
  .0001686	 .1176471	-.2156863	
  .0001688	 .1176471	-.1764706	
  .000169	 .1176471	-.1764706	
  .0001692	 .1176471	-.1764706	
  .0001694	 .1960784	-.254902	
  .0001696	 .1960784	-.1372549	
  .0001698	 .2745098	-.1372549	
  .00017	 .1960784	-.1372549	
  .0001702	 .1960784	-.1372549	
  .0001704	 .1176471	-.1372549	
  .0001706	 .1960784	-.1764706	
  .0001708	 .1960784	-.1372549	
  .000171	 .1176471	-.1372549	
  .0001712	 .1176471	-9.803922E-02	
  .0001714	 .1176471	-9.803922E-02	
  .0001716	 .2745098	-9.803922E-02	
  .0001718	 .1960784	-5.882353E-02	
  .000172	 .1960784	-1.960784E-02	
  .0001722	 .4313726	 5.882353E-02	
  .0001724	 .5882353	 .2156863	
  .0001726	 .5882353	 .2941177	
  .0001728	-3.921569E-02	 .4901961	
  .000173	 .1176471	 .6078432	
  .0001732	 .1176471	 .6862745	
  .0001734	 .1176471	 .7254902	
  .0001736	 3.921569E-02	 .7254902	
  .0001738	 3.921569E-02	 .7254902	
  .000174	 3.921569E-02	 .8039216	
  .0001742	 3.921569E-02	 .8431373	
  .0001744	 3.921569E-02	 .8431373	
  .0001746	 3.921569E-02	 .8431373	
  .0001748	 .1960784	 .9215686	
  .000175	 .1176471	 .8823529	
  .0001752	 3.921569E-02	 .9215686	
  .0001754	 3.921569E-02	 .9607843	
  .0001756	 3.921569E-02	 .9215686	
  .0001758	-3.921569E-02	 .9215686	
  .000176	 3.921569E-02	 .9215686	
  .0001762	 3.921569E-02	 .9215686	
  .0001764	 .1176471	 .9607843	
  .0001766	 3.921569E-02	 .9607843	
  .0001768	 3.921569E-02	 .9607843	
  .000177	 3.921569E-02	 .9607843	
  .0001772	 .1176471	 1	
  .0001774	 3.921569E-02	 .9607843	
  .0001776	 3.921569E-02	 .9215686	
  .0001778	 3.921569E-02	 .9607843	
  .000178	 3.921569E-02	 .9607843	
  .0001782	 .1176471	 .9215686	
  .0001784	 .1176471	 .9607843	
  .0001786	 3.921569E-02	 .8823529	
  .0001788	 .1176471	 .9607843	
  .000179	-3.921569E-02	 .9215686	
  .0001792	 .1176471	 .9215686	
  .0001794	 .1176471	 .9215686	
  .0001796	 .1176471	 .9215686	
  .0001798	 .1176471	 .9607843	
  .00018	 3.921569E-02	 .9215686	
  .0001802	 .1176471	 .9215686	
  .0001804	 .1176471	 .9215686	
  .0001806	 3.921569E-02	 .9215686	
  .0001808	 .1176471	 .9215686	
  .000181	 .1176471	 .8823529	
  .0001812	 .1960784	 .9215686	
  .0001814	 .1176471	 .8823529	
  .0001816	 3.921569E-02	 .9215686	
  .0001818	 3.921569E-02	 .9215686	
  .000182	 .1176471	 .8823529	
  .0001822	 3.921569E-02	 .8823529	
  .0001824	 3.921569E-02	 .9215686	
  .0001826	 .1176471	 .8823529	
  .0001828	 3.921569E-02	 .9215686	
  .000183	 .1176471	 .9215686	
  .0001832	 3.921569E-02	 .9215686	
  .0001834	 3.921569E-02	 .8823529	
  .0001836	 .1176471	 .9215686	
  .0001838	 .1960784	 .9215686	
  .000184	 .1176471	 .8823529	
  .0001842	 3.921569E-02	 .8823529	
  .0001844	 .1176471	 .9215686	
  .0001846	 .1176471	 .9215686	
  .0001848	 .1176471	 .8431373	
  .000185	 .1176471	 .8823529	
  .0001852	 .1176471	 .9215686	
  .0001854	 .1176471	 .8823529	
  .0001856	 .1176471	 .8431373	
  .0001858	 .1176471	 .8823529	
  .000186	 3.921569E-02	 .8823529	
  .0001862	 .1176471	 .8823529	
  .0001864	 .1176471	 .9215686	
  .0001866	 3.921569E-02	 .9215686	
  .0001868	 3.921569E-02	 .8823529	
  .000187	 3.921569E-02	 .9215686	
  .0001872	 3.921569E-02	 .8823529	
  .0001874	 .1176471	 .8039216	
  .0001876	 3.921569E-02	 .8823529	
  .0001878	 .1176471	 .8823529	
  .000188	 3.921569E-02	 .8823529	
  .0001882	 .1960784	 .8823529	
  .0001884	 .1176471	 .8823529	
  .0001886	 .1176471	 .8823529	
  .0001888	 3.921569E-02	 .8039216	
  .000189	 .1176471	 .8039216	
  .0001892	 .1176471	 .8431373	
  .0001894	-3.921569E-02	 .8823529	
  .0001896	 3.921569E-02	 .8431373	
  .0001898	 .1176471	 .8823529	
  .00019	 .1176471	 .8431373	
  .0001902	 3.921569E-02	 .8039216	
  .0001904	 3.921569E-02	 .8431373	
  .0001906	 3.921569E-02	 .8431373	
  .0001908	 3.921569E-02	 .8431373	
  .000191	 3.921569E-02	 .8431373	
  .0001912	 .1176471	 .8431373	
  .0001914	 .1176471	 .8039216	
  .0001916	 .1176471	 .8431373	
  .0001918	 3.921569E-02	 .8431373	
  .000192	 .1176471	 .8039216	
  .0001922	 3.921569E-02	 .8039216	
  .0001924	 3.921569E-02	 .8039216	
  .0001926	 3.921569E-02	 .8039216	
  .0001928	 .1176471	 .8039216	
  .000193	 3.921569E-02	 .8039216	
  .0001932	 3.921569E-02	 .8431373	
  .0001934	 .1176471	 .8431373	
  .0001936	 3.921569E-02	 .8039216	
  .0001938	 3.921569E-02	 .8431373	
  .000194	 3.921569E-02	 .8431373	
  .0001942	 .1176471	 .8039216	
  .0001944	 .1176471	 .8039216	
  .0001946	 .1176471	 .8431373	
  .0001948	 3.921569E-02	 .8823529	
  .000195	 3.921569E-02	 .8039216	
  .0001952	 3.921569E-02	 .8431373	
  .0001954	 3.921569E-02	 .8039216	
  .0001956	-3.921569E-02	 .8039216	
  .0001958	 3.921569E-02	 .8039216	
  .000196	-3.921569E-02	 .8039216	
  .0001962	 3.921569E-02	 .8431373	
  .0001964	 .1176471	 .8039216	
  .0001966	 3.921569E-02	 .7647059	
  .0001968	 .1176471	 .8039216	
  .000197	 .1176471	 .7647059	
  .0001972	 3.921569E-02	 .8039216	
  .0001974	-3.921569E-02	 .8039216	
  .0001976	 3.921569E-02	 .8039216	
  .0001978	 3.921569E-02	 .8039216	
  .000198	 .1176471	 .8039216	
  .0001982	 3.921569E-02	 .7647059	
  .0001984	 3.921569E-02	 .7254902	
  .0001986	 .1176471	 .8431373	
  .0001988	 3.921569E-02	 .8039216	
  .000199	 3.921569E-02	 .7647059	
  .0001992	 3.921569E-02	 .7647059	
  .0001994	 3.921569E-02	 .8039216	
  .0001996	 .1176471	 .8039216	
  .0001998	 3.921569E-02	 .8039216	
  .0002	 3.921569E-02	 .8039216	
  .0002002	 .1176471	 .8039216	
  .0002004	 3.921569E-02	 .7647059	
  .0002006	 3.921569E-02	 .6862745	
  .0002008	 .1176471	 .7254902	
  .000201	 .1176471	 .7647059	
  .0002012	-3.921569E-02	 .7254902	
  .0002014	 3.921569E-02	 .7647059	
  .0002016	 3.921569E-02	 .7647059	
  .0002018	 3.921569E-02	 .7647059	
  .000202	 3.921569E-02	 .7254902	
  .0002022	 3.921569E-02	 .7254902	
  .0002024	 .1176471	 .7254902	
  .0002026	 3.921569E-02	 .7647059	
  .0002028	-3.921569E-02	 .7647059	
  .000203	 3.921569E-02	 .7254902	
  .0002032	 .1176471	 .7254902	
  .0002034	 3.921569E-02	 .7647059	
  .0002036	 .1176471	 .7254902	
  .0002038	 3.921569E-02	 .7254902	
  .000204	-3.921569E-02	 .7254902	
  .0002042	 .1960784	 .7254902	
  .0002044	 .1176471	 .7254902	
  .0002046	 .1176471	 .7254902	
  .0002048	 3.921569E-02	 .7647059	
  .000205	 3.921569E-02	 .7254902	
  .0002052	 3.921569E-02	 .6862745	
  .0002054	 3.921569E-02	 .6862745	
  .0002056	 .1176471	 .6862745	
  .0002058	 3.921569E-02	 .6470588	
  .000206	 .1176471	 .7254902	
  .0002062	 3.921569E-02	 .6862745	
  .0002064	 3.921569E-02	 .6862745	
  .0002066	 3.921569E-02	 .6862745	
  .0002068	 .1176471	 .6862745	
  .000207	 .1176471	 .6862745	
  .0002072	-3.921569E-02	 .6862745	
  .0002074	 3.921569E-02	 .6862745	
  .0002076	 3.921569E-02	 .6862745	
  .0002078	-3.921569E-02	 .6862745	
  .000208	 .1176471	 .6862745	
  .0002082	 3.921569E-02	 .6470588	
  .0002084	 3.921569E-02	 .6862745	
  .0002086	 3.921569E-02	 .6078432	
  .0002088	 .1176471	 .6862745	
  .000209	 3.921569E-02	 .6470588	
  .0002092	 .1176471	 .6862745	
  .0002094	 .1176471	 .6862745	
  .0002096	 3.921569E-02	 .6862745	
  .0002098	 3.921569E-02	 .6862745	
  .00021	 3.921569E-02	 .6470588	
  .0002102	-3.921569E-02	 .6078432	
  .0002104	 3.921569E-02	 .6078432	
  .0002106	 3.921569E-02	 .6470588	
  .0002108	 3.921569E-02	 .6078432	
  .000211	-3.921569E-02	 .6470588	
  .0002112	 3.921569E-02	 .5686275	
  .0002114	 3.921569E-02	 .6470588	
  .0002116	 .1176471	 .6078432	
  .0002118	 3.921569E-02	 .6078432	
  .000212	 3.921569E-02	 .6078432	
  .0002122	 3.921569E-02	 .6078432	
  .0002124	 3.921569E-02	 .5686275	
  .0002126	 .1176471	 .6078432	
  .0002128	 3.921569E-02	 .6078432	
  .000213	-3.921569E-02	 .5686275	
  .0002132	-3.921569E-02	 .6078432	
  .0002134	 3.921569E-02	 .5294118	
  .0002136	 3.921569E-02	 .6078432	
  .0002138	 3.921569E-02	 .6078432	
  .000214	 .1176471	 .5686275	
  .0002142	 3.921569E-02	 .5294118	
  .0002144	 3.921569E-02	 .6470588	
  .0002146	 3.921569E-02	 .6078432	
  .0002148	-3.921569E-02	 .5294118	
  .000215	 3.921569E-02	 .5294118	
  .0002152	 3.921569E-02	 .5294118	
  .0002154	-3.921569E-02	 .5294118	
  .0002156	-3.921569E-02	 .5294118	
  .0002158	 3.921569E-02	 .5686275	
  .000216	-3.921569E-02	 .6078432	
  .0002162	-3.921569E-02	 .5294118	
  .0002164	 3.921569E-02	 .4901961	
  .0002166	 .1176471	 .5294118	
  .0002168	 3.921569E-02	 .5294118	
  .000217	 3.921569E-02	 .5294118	
  .0002172	 .1176471	 .4901961	
  .0002174	 3.921569E-02	 .5294118	
  .0002176	 3.921569E-02	 .4901961	
  .0002178	 3.921569E-02	 .5294118	
  .000218	 3.921569E-02	 .4509804	
  .0002182	 3.921569E-02	 .4509804	
  .0002184	 .1176471	 .5686275	
  .0002186	-3.921569E-02	 .4901961	
  .0002188	 3.921569E-02	 .4901961	
  .000219	-3.921569E-02	 .4901961	
  .0002192	 3.921569E-02	 .4901961	
  .0002194	 .1176471	 .4901961	
  .0002196	 3.921569E-02	 .4509804	
  .0002198	 .1176471	 .4509804	
  .00022	 3.921569E-02	 .4901961	
  .0002202	 .1176471	 .4901961	
  .0002204	 3.921569E-02	 .4509804	
  .0002206	 .1176471	 .4509804	
  .0002208	 3.921569E-02	 .4509804	
  .000221	 3.921569E-02	 .4509804	
  .0002212	-3.921569E-02	 .4901961	
  .0002214	 .1176471	 .4509804	
  .0002216	 3.921569E-02	 .4509804	
  .0002218	-3.921569E-02	 .4509804	
  .000222	-3.921569E-02	 .4509804	
  .0002222	 .1176471	 .372549	
  .0002224	-3.921569E-02	 .4117647	
  .0002226	 3.921569E-02	 .4117647	
  .0002228	 .1176471	 .4117647	
  .000223	 3.921569E-02	 .4117647	
  .0002232	 .1176471	 .4509804	
  .0002234	 .1176471	 .4117647	
  .0002236	 .1176471	 .4117647	
  .0002238	 3.921569E-02	 .4509804	
  .000224	 .1176471	 .4509804	
  .0002242	 .1960784	 .4117647	
  .0002244	 3.921569E-02	 .4117647	
  .0002246	 3.921569E-02	 .4509804	
  .0002248	 .1176471	 .4117647	
  .000225	 3.921569E-02	 .372549	
  .0002252	 3.921569E-02	 .372549	
  .0002254	 .1176471	 .372549	
  .0002256	-3.921569E-02	 .372549	
  .0002258	 3.921569E-02	 .372549	
  .000226	-3.921569E-02	 .372549	
  .0002262	 3.921569E-02	 .3333333	
  .0002264	 3.921569E-02	 .3333333	
  .0002266	 3.921569E-02	 .3333333	
  .0002268	 3.921569E-02	 .372549	
  .000227	 3.921569E-02	 .3333333	
  .0002272	-3.921569E-02	 .3333333	
  .0002274	-3.921569E-02	 .372549	
  .0002276	 .1176471	 .3333333	
  .0002278	 .1960784	 .372549	
  .000228	 3.921569E-02	 .3333333	
  .0002282	 3.921569E-02	 .2941177	
  .0002284	 .1176471	 .2941177	
  .0002286	 .1176471	 .3333333	
  .0002288	 .1176471	 .254902	
  .000229	 3.921569E-02	 .2941177	
  .0002292	 .1176471	 .3333333	
  .0002294	 3.921569E-02	 .2941177	
  .0002296	 3.921569E-02	 .2941177	
  .0002298	 .1176471	 .3333333	
  .00023	 3.921569E-02	 .254902	
  .0002302	 .1176471	 .1764706	
  .0002304	 3.921569E-02	-5.882353E-02	
  .0002306	 .1176471	-.1372549	
  .0002308	 3.921569E-02	-.254902	
  .000231	 3.921569E-02	-.3333333	
  .0002312	 .1176471	-.4117647	
  .0002314	 3.921569E-02	-.4901961	
  .0002316	 3.921569E-02	-.5686275	
  .0002318	 3.921569E-02	-.6078432	
  .000232	 3.921569E-02	-.6470588	
  .0002322	-3.921569E-02	-.6862745	
  .0002324	 .1176471	-.6862745	
  .0002326	 3.921569E-02	-.7254902	
  .0002328	 3.921569E-02	-.7647059	
  .000233	 3.921569E-02	-.7254902	
  .0002332	 .1176471	-.7647059	
  .0002334	 3.921569E-02	-.7647059	
  .0002336	 3.921569E-02	-.8039216	
  .0002338	 3.921569E-02	-.8039216	
  .000234	 3.921569E-02	-.8431373	
  .0002342	 3.921569E-02	-.8039216	
  .0002344	 3.921569E-02	-.8039216	
  .0002346	 .1176471	-.8039216	
  .0002348	 3.921569E-02	-.8039216	
  .000235	 3.921569E-02	-.8039216	
  .0002352	 3.921569E-02	-.8039216	
  .0002354	 3.921569E-02	-.8039216	
  .0002356	 3.921569E-02	-.8039216	
  .0002358	 3.921569E-02	-.7647059	
  .000236	 3.921569E-02	-.8039216	
  .0002362	 3.921569E-02	-.8431373	
  .0002364	 3.921569E-02	-.8039216	
  .0002366	 .1176471	-.8039216	
  .0002368	 .1176471	-.7647059	
  .000237	 3.921569E-02	-.7647059	
  .0002372	 3.921569E-02	-.7647059	
  .0002374	 3.921569E-02	-.7647059	
  .0002376	 .1176471	-.7647059	
  .0002378	-3.921569E-02	-.7647059	
  .000238	 .1176471	-.8039216	
  .0002382	 3.921569E-02	-.7254902	
  .0002384	 3.921569E-02	-.7254902	
  .0002386	 3.921569E-02	-.8039216	
  .0002388	 .1176471	-.7254902	
  .000239	 .1176471	-.7254902	
  .0002392	 3.921569E-02	-.7254902	
  .0002394	 3.921569E-02	-.7254902	
  .0002396	 3.921569E-02	-.7254902	
  .0002398	 .1176471	-.7647059	
  .00024	 3.921569E-02	-.7647059	
  .0002402	 3.921569E-02	-.7254902	
  .0002404	 .1176471	-.7647059	
  .0002406	 .1960784	-.7254902	
  .0002408	 .1176471	-.7254902	
  .000241	 3.921569E-02	-.7254902	
  .0002412	-3.921569E-02	-.7254902	
  .0002414	 .1176471	-.7254902	
  .0002416	 3.921569E-02	-.6862745	
  .0002418	 3.921569E-02	-.6862745	
  .000242	 .1176471	-.7254902	
  .0002422	 3.921569E-02	-.7254902	
  .0002424	 3.921569E-02	-.6862745	
  .0002426	 3.921569E-02	-.6862745	
  .0002428	 3.921569E-02	-.7254902	
  .000243	 3.921569E-02	-.7254902	
  .0002432	 .1176471	-.6470588	
  .0002434	 3.921569E-02	-.6862745	
  .0002436	 3.921569E-02	-.6862745	
  .0002438	 .1960784	-.6862745	
  .000244	 .1176471	-.6470588	
  .0002442	 3.921569E-02	-.6862745	
  .0002444	 3.921569E-02	-.6078432	
  .0002446	 .1176471	-.6470588	
  .0002448	 3.921569E-02	-.6862745	
  .000245	 3.921569E-02	-.6862745	
  .0002452	 .1176471	-.6470588	
  .0002454	 3.921569E-02	-.6862745	
  .0002456	 3.921569E-02	-.6470588	
  .0002458	 3.921569E-02	-.6470588	
  .000246	 3.921569E-02	-.6470588	
  .0002462	 .1176471	-.6078432	
  .0002464	 3.921569E-02	-.6470588	
  .0002466	 .1960784	-.6470588	
  .0002468	 .1176471	-.6078432	
  .000247	 .1176471	-.6470588	
  .0002472	 3.921569E-02	-.6470588	
  .0002474	 .1176471	-.6078432	
  .0002476	 .1960784	-.6470588	
  .0002478	 .1960784	-.6470588	
  .000248	 .1176471	-.6078432	
  .0002482	 3.921569E-02	-.6078432	
  .0002484	 3.921569E-02	-.6078432	
  .0002486	 .1960784	-.6470588	
  .0002488	 .1176471	-.5686275	
  .000249	 3.921569E-02	-.6078432	
  .0002492	 3.921569E-02	-.6470588	
  .0002494	 .1176471	-.6470588	
  .0002496	 3.921569E-02	-.6078432	
  .0002498	 3.921569E-02	-.6470588	
  .00025	 .1176471	-.6078432	
  .0002502	 .1176471	-.6470588	
  .0002504	 3.921569E-02	-.5686275	
  .0002506	 .1176471	-.6078432	
  .0002508	 3.921569E-02	-.6470588	
  .000251	 .1176471	-.6078432	
  .0002512	 3.921569E-02	-.6078432	
  .0002514	 .1176471	-.6078432	
  .0002516	 3.921569E-02	-.6078432	
  .0002518	 3.921569E-02	-.6078432	
  .000252	-3.921569E-02	-.6470588	
  .0002522	 .1176471	-.6078432	
  .0002524	 3.921569E-02	-.6078432	
  .0002526	 .1176471	-.6078432	
  .0002528	 .1176471	-.6078432	
  .000253	 .1176471	-.6470588	
  .0002532	 3.921569E-02	-.5686275	
  .0002534	 3.921569E-02	-.6078432	
  .0002536	 .1176471	-.6078432	
  .0002538	 .1176471	-.6470588	
  .000254	 .1176471	-.5686275	
  .0002542	 .1176471	-.6078432	
  .0002544	 3.921569E-02	-.6078432	
  .0002546	 .1176471	-.6078432	
  .0002548	 3.921569E-02	-.6078432	
  .000255	 3.921569E-02	-.6078432	
  .0002552	 3.921569E-02	-.6078432	
  .0002554	 .1176471	-.6078432	
  .0002556	 3.921569E-02	-.5686275	
  .0002558	 .1176471	-.6078432	
  .000256	 .1176471	-.6078432	
  .0002562	 3.921569E-02	-.5686275	
  .0002564	 .2745098	-.5686275	
  .0002566	 3.921569E-02	-.6078432	
  .0002568	 .1176471	-.5686275	
  .000257	 .1176471	-.5686275	
  .0002572	 3.921569E-02	-.5686275	
  .0002574	 3.921569E-02	-.5294118	
  .0002576	 .1176471	-.5686275	
  .0002578	 .1176471	-.5686275	
  .000258	 .1176471	-.5294118	
  .0002582	 .1176471	-.5686275	
  .0002584	 .1176471	-.5686275	
  .0002586	 .1176471	-.5686275	
  .0002588	 .1176471	-.5686275	
  .000259	 .1176471	-.6078432	
  .0002592	 3.921569E-02	-.5294118	
  .0002594	 .1176471	-.5686275	
  .0002596	 .1960784	-.5686275	
  .0002598	 3.921569E-02	-.5686275	
  .00026	 3.921569E-02	-.6078432	
  .0002602	 .1176471	-.5686275	
  .0002604	 .1960784	-.5294118	
  .0002606	 3.921569E-02	-.6078432	
  .0002608	 .1176471	-.5294118	
  .000261	 3.921569E-02	-.5294118	
  .0002612	 .1176471	-.5294118	
  .0002614	 .1176471	-.5686275	
  .0002616	 3.921569E-02	-.5294118	
  .0002618	 .1176471	-.5686275	
  .000262	 3.921569E-02	-.6078432	
  .0002622	 .1176471	-.5294118	
  .0002624	 3.921569E-02	-.5686275	
  .0002626	-3.921569E-02	-.5686275	
  .0002628	 3.921569E-02	-.5294118	
  .000263	 .1960784	-.5686275	
  .0002632	 .1176471	-.5686275	
  .0002634	 3.921569E-02	-.5686275	
  .0002636	 .1960784	-.5294118	
  .0002638	 .1176471	-.5294118	
  .000264	 .1176471	-.4901961	
  .0002642	 .1176471	-.4901961	
  .0002644	 .1176471	-.5294118	
  .0002646	 3.921569E-02	-.5686275	
  .0002648	 3.921569E-02	-.5686275	
  .000265	 3.921569E-02	-.5686275	
  .0002652	 .1176471	-.5294118	
  .0002654	 .1176471	-.4901961	
  .0002656	 .1176471	-.5294118	
  .0002658	 3.921569E-02	-.5294118	
  .000266	 3.921569E-02	-.5294118	
  .0002662	 3.921569E-02	-.5294118	
  .0002664	 .1960784	-.5686275	
  .0002666	 .1176471	-.5294118	
  .0002668	 3.921569E-02	-.5294118	
  .000267	 3.921569E-02	-.5294118	
  .0002672	 .1176471	-.4901961	
  .0002674	 .1176471	-.5294118	
  .0002676	 .1176471	-.5294118	
  .0002678	 3.921569E-02	-.5686275	
  .000268	 .1176471	-.5294118	
  .0002682	 .1176471	-.5294118	
  .0002684	 .1960784	-.5686275	
  .0002686	 3.921569E-02	-.4901961	
  .0002688	 .1176471	-.4901961	
  .000269	 .1176471	-.4901961	
  .0002692	 3.921569E-02	-.4901961	
  .0002694	 .1176471	-.5294118	
  .0002696	 3.921569E-02	-.4901961	
  .0002698	 3.921569E-02	-.4901961	
  .00027	 3.921569E-02	-.5294118	
  .0002702	 3.921569E-02	-.4901961	
  .0002704	 .1176471	-.4509804	
  .0002706	 .1176471	-.5294118	
  .0002708	 .1176471	-.4901961	
  .000271	 3.921569E-02	-.4901961	
  .0002712	 .1960784	-.4901961	
  .0002714	-3.921569E-02	-.4901961	
  .0002716	 .1176471	-.5294118	
  .0002718	 .1176471	-.5294118	
  .000272	 3.921569E-02	-.4509804	
  .0002722	 .1176471	-.4509804	
  .0002724	 .1176471	-.4901961	
  .0002726	 3.921569E-02	-.4509804	
  .0002728	 .1176471	-.4901961	
  .000273	 3.921569E-02	-.4901961	
  .0002732	 .1176471	-.4509804	
  .0002734	 3.921569E-02	-.4509804	
  .0002736	 3.921569E-02	-.4901961	
  .0002738	 .1176471	-.4509804	
  .000274	 .1176471	-.4117647	
  .0002742	 3.921569E-02	-.4509804	
  .0002744	 3.921569E-02	-.4509804	
  .0002746	 3.921569E-02	-.4509804	
  .0002748	 .1176471	-.4509804	
  .000275	 3.921569E-02	-.4901961	
  .0002752	 3.921569E-02	-.4509804	
  .0002754	 3.921569E-02	-.4509804	
  .0002756	 .1176471	-.4509804	
  .0002758	 3.921569E-02	-.4509804	
  .000276	 3.921569E-02	-.4509804	
  .0002762	 .1960784	-.4509804	
  .0002764	 .1176471	-.4509804	
  .0002766	 3.921569E-02	-.4901961	
  .0002768	 .1176471	-.4117647	
  .000277	 3.921569E-02	-.4117647	
  .0002772	 .1176471	-.4509804	
  .0002774	 .1960784	-.4509804	
  .0002776	 .1176471	-.4509804	
  .0002778	 .1176471	-.372549	
  .000278	 .1176471	-.4509804	
  .0002782	 3.921569E-02	-.4117647	
  .0002784	 3.921569E-02	-.4509804	
  .0002786	 3.921569E-02	-.4117647	
  .0002788	 .1176471	-.4509804	
  .000279	 3.921569E-02	-.4117647	
  .0002792	 .1176471	-.4117647	
  .0002794	 .1176471	-.4117647	
  .0002796	 3.921569E-02	-.4117647	
  .0002798	 .1176471	-.4509804	
  .00028	 .1176471	-.4901961	
  .0002802	 .1960784	-.4509804	
  .0002804	 3.921569E-02	-.4509804	
  .0002806	 3.921569E-02	-.4117647	
  .0002808	 3.921569E-02	-.4117647	
  .000281	 .1960784	-.4117647	
  .0002812	 3.921569E-02	-.4117647	
  .0002814	 .1960784	-.4117647	
  .0002816	 .1176471	-.4117647	
  .0002818	 3.921569E-02	-.4117647	
  .000282	-3.921569E-02	-.372549	
  .0002822	 .1176471	-.4117647	
  .0002824	 .1176471	-.4117647	
  .0002826	 3.921569E-02	-.4117647	
  .0002828	 .1960784	-.4117647	
  .000283	 .1176471	-.4117647	
  .0002832	 3.921569E-02	-.372549	
  .0002834	 .2745098	-.3333333	
  .0002836	 .1176471	-.372549	
  .0002838	 .1176471	-.372549	
  .000284	 .1960784	-.3333333	
  .0002842	 .1960784	-.372549	
  .0002844	 .1176471	-.4117647	
  .0002846	 3.921569E-02	-.4117647	
  .0002848	 3.921569E-02	-.4117647	
  .000285	 .1176471	-.4117647	
  .0002852	-3.921569E-02	-.372549	
  .0002854	 .1176471	-.4117647	
  .0002856	 .1176471	-.372549	
  .0002858	 .1176471	-.372549	
  .000286	 .1176471	-.372549	
  .0002862	 3.921569E-02	-.4117647	
  .0002864	 3.921569E-02	-.4117647	
  .0002866	 3.921569E-02	-.4117647	
  .0002868	 3.921569E-02	-.4117647	
  .000287	 3.921569E-02	-.372549	
  .0002872	 .1960784	-.4117647	
  .0002874	 .1176471	-.4117647	
  .0002876	 .1176471	-.372549	
  .0002878	 3.921569E-02	-.3333333	
  .000288	 .1176471	-.372549	
  .0002882	 .1960784	-.4117647	
  .0002884	 .1176471	-.372549	
  .0002886	 .1176471	-.372549	
  .0002888	 .1176471	-.372549	
  .000289	 3.921569E-02	-.372549	
  .0002892	 3.921569E-02	-.372549	
  .0002894	 3.921569E-02	-.372549	
  .0002896	 3.921569E-02	-.4117647	
  .0002898	 3.921569E-02	-.372549	
  .00029	-3.921569E-02	-.3333333	
  .0002902	 .1176471	-.372549	
  .0002904	 .1176471	-.372549	
  .0002906	 .1176471	-.3333333	
  .0002908	 3.921569E-02	-9.803922E-02	
  .000291	 .1176471	-5.882353E-02	
  .0002912	 3.921569E-02	 9.803922E-02	
  .0002914	 3.921569E-02	 .1372549	
  .0002916	-3.921569E-02	 .1372549	
  .0002918	 .1176471	 .2156863	
  .000292	 3.921569E-02	 .254902	
  .0002922	 .1176471	 .2941177	
  .0002924	 .1176471	 .3333333	
  .0002926	 3.921569E-02	 .3333333	
  .0002928	 3.921569E-02	 .4509804	
  .000293	 3.921569E-02	 .4509804	
  .0002932	 3.921569E-02	 .4509804	
  .0002934	 .1176471	 .4117647	
  .0002936	-3.921569E-02	 .4901961	
  .0002938	 3.921569E-02	 .5294118	
  .000294	 3.921569E-02	 .5686275	
  .0002942	 .1176471	 .5294118	
  .0002944	 3.921569E-02	 .5294118	
  .0002946	 3.921569E-02	 .5294118	
  .0002948	-3.921569E-02	 .5294118	
  .000295	 3.921569E-02	 .5294118	
  .0002952	 3.921569E-02	 .5686275	
  .0002954	 .1176471	 .5294118	
  .0002956	 3.921569E-02	 .6470588	
  .0002958	 3.921569E-02	 .5686275	
  .000296	 .1176471	 .6078432	
  .0002962	 3.921569E-02	 .6078432	
  .0002964	 .1176471	 .6078432	
  .0002966	 3.921569E-02	 .6078432	
  .0002968	 .1176471	 .5686275	
  .000297	 3.921569E-02	 .6078432	
  .0002972	 .1960784	 .5686275	
  .0002974	 3.921569E-02	 .5686275	
  .0002976	 .1176471	 .6470588	
  .0002978	 .1176471	 .6078432	
  .000298	 3.921569E-02	 .6078432	
  .0002982	 .1176471	 .6078432	
  .0002984	 .1176471	 .6470588	
  .0002986	 3.921569E-02	 .6470588	
  .0002988	 3.921569E-02	 .6470588	
  .000299	 .1176471	 .6470588	
  .0002992	 .1176471	 .6470588	
  .0002994	 3.921569E-02	 .6470588	
  .0002996	 3.921569E-02	 .6078432	
  .0002998	 .1960784	 .6470588	
  .0003	 .1176471	 .6470588	
  .0003002	 .1176471	 .6078432	
  .0003004	-3.921569E-02	 .6078432	
  .0003006	 3.921569E-02	 .6470588	
  .0003008	 .1176471	 .6078432	
  .000301	 .1176471	 .6078432	
  .0003012	 .1176471	 .6470588	
  .0003014	 3.921569E-02	 .6078432	
  .0003016	-3.921569E-02	 .6078432	
  .0003018	 3.921569E-02	 .6470588	
  .000302	 3.921569E-02	 .6078432	
  .0003022	 .1176471	 .6470588	
  .0003024	 3.921569E-02	 .6470588	
  .0003026	 .1960784	 .6078432	
  .0003028	 .1176471	 .6470588	
  .000303	 3.921569E-02	 .6470588	
  .0003032	 3.921569E-02	 .6862745	
  .0003034	 .1960784	 .6470588	
  .0003036	 3.921569E-02	 .5686275	
  .0003038	 3.921569E-02	 .6862745	
  .000304	 .1960784	 .6470588	
  .0003042	 3.921569E-02	 .6078432	
  .0003044	 .1176471	 .6078432	
  .0003046	 3.921569E-02	 .6078432	
  .0003048	 3.921569E-02	 .6078432	
  .000305	 .1960784	 .6078432	
  .0003052	 .1176471	 .6470588	
  .0003054	 3.921569E-02	 .6470588	
  .0003056	 3.921569E-02	 .6078432	
  .0003058	 .1176471	 .6078432	
  .000306	 3.921569E-02	 .6078432	
  .0003062	 .1176471	 .5686275	
  .0003064	 3.921569E-02	 .5686275	
  .0003066	 3.921569E-02	 .6078432	
  .0003068	 3.921569E-02	 .6470588	
  .000307	 .1960784	 .6470588	
  .0003072	 3.921569E-02	 .6470588	
  .0003074	 .1176471	 .6078432	
  .0003076	 3.921569E-02	 .6078432	
  .0003078	 3.921569E-02	 .6078432	
  .000308	 .1176471	 .5686275	
  .0003082	 3.921569E-02	 .6470588	
  .0003084	 3.921569E-02	 .6078432	
  .0003086	 3.921569E-02	 .6470588	
  .0003088	 3.921569E-02	 .6078432	
  .000309	 3.921569E-02	 .6470588	
  .0003092	 3.921569E-02	 .6078432	
  .0003094	 3.921569E-02	 .6078432	
  .0003096	 3.921569E-02	 .6078432	
  .0003098	-3.921569E-02	 .6078432	
  .00031	 3.921569E-02	 .6470588	
  .0003102	 .1176471	 .6470588	
  .0003104	 3.921569E-02	 .6470588	
  .0003106	 3.921569E-02	 .6470588	
  .0003108	 .1176471	 .6470588	
  .000311	 3.921569E-02	 .6470588	
  .0003112	 .1176471	 .6078432	
  .0003114	 3.921569E-02	 .6078432	
  .0003116	 .1960784	 .6470588	
  .0003118	 3.921569E-02	 .6470588	
  .000312	 3.921569E-02	 .6470588	
  .0003122	 .1176471	 .6470588	
  .0003124	 .1176471	 .6078432	
  .0003126	 3.921569E-02	 .6862745	
  .0003128	 3.921569E-02	 .6470588	
  .000313	 3.921569E-02	 .6470588	
  .0003132	 3.921569E-02	 .6078432	
  .0003134	 3.921569E-02	 .6470588	
  .0003136	 3.921569E-02	 .6470588	
  .0003138	-3.921569E-02	 .6862745	
  .000314	 .1176471	 .6470588	
  .0003142	 3.921569E-02	 .6078432	
  .0003144	 .1176471	 .6470588	
  .0003146	-3.921569E-02	 .6078432	
  .0003148	-3.921569E-02	 .6862745	
  .000315	-3.921569E-02	 .6862745	
  .0003152	-3.921569E-02	 .6470588	
  .0003154	 3.921569E-02	 .6470588	
  .0003156	 3.921569E-02	 .6470588	
  .0003158	 .1960784	 .6470588	
  .000316	 3.921569E-02	 .6862745	
  .0003162	 .1176471	 .6470588	
  .0003164	 3.921569E-02	 .6862745	
  .0003166	 3.921569E-02	 .6862745	
  .0003168	 3.921569E-02	 .6862745	
  .000317	 .1176471	 .6862745	
  .0003172	 3.921569E-02	 .6470588	
  .0003174	 .1176471	 .7254902	
  .0003176	 3.921569E-02	 .6862745	
  .0003178	 3.921569E-02	 .6470588	
  .000318	 3.921569E-02	 .6862745	
  .0003182	 3.921569E-02	 .7254902	
  .0003184	 3.921569E-02	 .6470588	
  .0003186	 3.921569E-02	 .6470588	
  .0003188	 3.921569E-02	 .6470588	
  .000319	 .1176471	 .6862745	
  .0003192	 3.921569E-02	 .6862745	
  .0003194	 3.921569E-02	 .6470588	
  .0003196	 .1176471	 .6470588	
  .0003198	 .1176471	 .6862745	
  .00032	 3.921569E-02	 .6078432	
  .0003202	 .1176471	 .6078432	
  .0003204	 3.921569E-02	 .6862745	
  .0003206	 .1176471	 .6862745	
  .0003208	 3.921569E-02	 .6470588	
  .000321	 3.921569E-02	 .6862745	
  .0003212	 .1176471	 .6470588	
  .0003214	 3.921569E-02	 .6862745	
  .0003216	 3.921569E-02	 .6470588	
  .0003218	 .1176471	 .6078432	
  .000322	 .1176471	 .6470588	
  .0003222	 3.921569E-02	 .6862745	
  .0003224	 .1176471	 .6470588	
  .0003226	 3.921569E-02	 .6470588	
  .0003228	 3.921569E-02	 .6078432	
  .000323	 .1176471	 .6862745	
  .0003232	 .1176471	 .6470588	
  .0003234	 .1176471	 .6862745	
  .0003236	 .1176471	 .7254902	
  .0003238	 3.921569E-02	 .6862745	
  .000324	 3.921569E-02	 .6470588	
  .0003242	 3.921569E-02	 .6078432	
  .0003244	 .1176471	 .6470588	
  .0003246	 3.921569E-02	 .6078432	
  .0003248	 .1176471	 .6470588	
  .000325	 3.921569E-02	 .6078432	
  .0003252	-3.921569E-02	 .7254902	
  .0003254	 3.921569E-02	 .6470588	
  .0003256	 3.921569E-02	 .6470588	
  .0003258	 .1176471	 .6470588	
  .000326	 .1176471	 .6078432	
  .0003262	 .1176471	 .6470588	
  .0003264	 3.921569E-02	 .6470588	
  .0003266	 3.921569E-02	 .6470588	
  .0003268	 .1176471	 .6470588	
  .000327	 .1176471	 .6862745	
  .0003272	 .1176471	 .6470588	
  .0003274	 3.921569E-02	 .6078432	
  .0003276	 .1176471	 .6470588	
  .0003278	 .1176471	 .5686275	
  .000328	 3.921569E-02	 .6862745	
  .0003282	 .1176471	 .6470588	
  .0003284	 3.921569E-02	 .6862745	
  .0003286	-3.921569E-02	 .6470588	
  .0003288	 3.921569E-02	 .6470588	
  .000329	 .1176471	 .6078432	
  .0003292	 .1176471	 .6470588	
  .0003294	 3.921569E-02	 .6470588	
  .0003296	 3.921569E-02	 .6862745	
  .0003298	 3.921569E-02	 .6470588	
  .00033	 .1176471	 .6470588	
  .0003302	 3.921569E-02	 .6862745	
  .0003304	 .1176471	 .6862745	
  .0003306	 .1960784	 .6862745	
  .0003308	 3.921569E-02	 .6470588	
  .000331	 3.921569E-02	 .6078432	
  .0003312	 .1176471	 .6470588	
  .0003314	 3.921569E-02	 .6862745	
  .0003316	 3.921569E-02	 .6862745	
  .0003318	 3.921569E-02	 .6862745	
  .000332	 .1176471	 .6862745	
  .0003322	 3.921569E-02	 .6862745	
  .0003324	 .1176471	 .7254902	
  .0003326	 3.921569E-02	 .6470588	
  .0003328	 3.921569E-02	 .6470588	
  .000333	-3.921569E-02	 .6862745	
  .0003332	 3.921569E-02	 .7254902	
  .0003334	-3.921569E-02	 .6862745	
  .0003336	 3.921569E-02	 .6862745	
  .0003338	 .1176471	 .6862745	
  .000334	 .1176471	 .6470588	
  .0003342	 3.921569E-02	 .6470588	
  .0003344	 3.921569E-02	 .6862745	
  .0003346	-3.921569E-02	 .6862745	
  .0003348	 3.921569E-02	 .7647059	
  .000335	 .1176471	 .6470588	
  .0003352	 3.921569E-02	 .6862745	
  .0003354	 3.921569E-02	 .6862745	
  .0003356	 .1960784	 .6862745	
  .0003358	 3.921569E-02	 .7254902	
  .000336	 3.921569E-02	 .6862745	
  .0003362	 3.921569E-02	 .7254902	
  .0003364	 .1176471	 .7254902	
  .0003366	 .1176471	 .6862745	
  .0003368	 .1176471	 .6862745	
  .000337	 .1176471	 .6470588	
  .0003372	 .1960784	 .7254902	
  .0003374	 .1176471	 .6470588	
  .0003376	 .1176471	 .6862745	
  .0003378	 3.921569E-02	 .6862745	
  .000338	 .1176471	 .6862745	
  .0003382	 .1176471	 .6862745	
  .0003384	 .1176471	 .6862745	
  .0003386	 .1176471	 .7254902	
  .0003388	 .1176471	 .6862745	
  .000339	 3.921569E-02	 .6470588	
  .0003392	 .1176471	 .6862745	
  .0003394	 .1176471	 .6470588	
  .0003396	 .1176471	 .6862745	
  .0003398	 3.921569E-02	 .6078432	
  .00034	 3.921569E-02	 .6862745	
  .0003402	 3.921569E-02	 .6862745	
  .0003404	 .1176471	 .6470588	
  .0003406	 3.921569E-02	 .6470588	
  .0003408	 3.921569E-02	 .6470588	
  .000341	 .1176471	 .6470588	
  .0003412	 3.921569E-02	 .6862745	
  .0003414	 .1176471	 .6078432	
  .0003416	 3.921569E-02	 .6470588	
  .0003418	 .1176471	 .6862745	
  .000342	 .1176471	 .6862745	
  .0003422	 .1176471	 .6470588	
  .0003424	 3.921569E-02	 .6862745	
  .0003426	 .1176471	 .6470588	
  .0003428	 .1176471	 .6862745	
  .000343	 .1176471	 .6862745	
  .0003432	 3.921569E-02	 .6470588	
  .0003434	 .1176471	 .7254902	
  .0003436	 .1176471	 .6862745	
  .0003438	 3.921569E-02	 .6470588	
  .000344	 3.921569E-02	 .6078432	
  .0003442	 .1176471	 .6862745	
  .0003444	-3.921569E-02	 .6470588	
  .0003446	 .1176471	 .6470588	
  .0003448	 3.921569E-02	 .6862745	
  .000345	 3.921569E-02	 .6470588	
  .0003452	 3.921569E-02	 .6470588	
  .0003454	 .1176471	 .6862745	
  .0003456	 3.921569E-02	 .6470588	
  .0003458	 3.921569E-02	 .6470588	
  .000346	 3.921569E-02	 .6470588	
  .0003462	 3.921569E-02	 .6862745	
  .0003464	 3.921569E-02	 .6862745	
  .0003466	 .1176471	 .6862745	
  .0003468	 3.921569E-02	 .6862745	
  .000347	 .1176471	 .7254902	
  .0003472	 3.921569E-02	 .6470588	
  .0003474	 .1176471	 .6862745	
  .0003476	 .1960784	 .6078432	
  .0003478	 .1176471	 .6862745	
  .000348	 .1176471	 .6862745	
  .0003482	 .1176471	 .6862745	
  .0003484	-3.921569E-02	 .6862745	
  .0003486	 3.921569E-02	 .6470588	
  .0003488	 .1176471	 .6862745	
  .000349	 .1176471	 .6470588	
  .0003492	 3.921569E-02	 .6078432	
  .0003494	-3.921569E-02	 .6862745	
  .0003496	 3.921569E-02	 .7254902	
  .0003498	 3.921569E-02	 .6470588	
  .00035	 .1176471	 .7254902	
  .0003502	 3.921569E-02	 .6470588	
  .0003504	 .1176471	 .6862745	
  .0003506	 3.921569E-02	 .6862745	
  .0003508	 .1176471	 .6862745	
  .000351	-3.921569E-02	 .6862745	
  .0003512	 .1176471	 .6862745	
  .0003514	 3.921569E-02	 .6862745	
  .0003516	 3.921569E-02	 .6862745	
  .0003518	 .1176471	 .6862745	
  .000352	 3.921569E-02	 .6862745	
  .0003522	 3.921569E-02	 .7647059	
  .0003524	 3.921569E-02	 .6862745	
  .0003526	 3.921569E-02	 .6862745	
  .0003528	-3.921569E-02	 .6862745	
  .000353	 3.921569E-02	 .7254902	
  .0003532	-3.921569E-02	 .6862745	
  .0003534	 3.921569E-02	 .7254902	
  .0003536	 3.921569E-02	 .6470588	
  .0003538	-3.921569E-02	 .6470588	
  .000354	 3.921569E-02	 .6862745	
  .0003542	 3.921569E-02	 .6470588	
  .0003544	 3.921569E-02	 .6862745	
  .0003546	 3.921569E-02	 .7254902	
  .0003548	 3.921569E-02	 .6862745	
  .000355	 3.921569E-02	 .6470588	
  .0003552	 .1960784	 .6862745	
  .0003554	 .1176471	 .6470588	
  .0003556	 3.921569E-02	 .6862745	
  .0003558	 .1176471	 .6470588	
  .000356	 3.921569E-02	 .6862745	
  .0003562	 3.921569E-02	 .6862745	
  .0003564	 .1176471	 .6862745	
  .0003566	 .1960784	 .6470588	
  .0003568	 3.921569E-02	 .6470588	
  .000357	 .1960784	 .7254902	
  .0003572	 .1176471	 .6862745	
  .0003574	 .1176471	 .6470588	
  .0003576	 3.921569E-02	 .6470588	
  .0003578	 .1960784	 .6862745	
  .000358	 .1176471	 .6862745	
  .0003582	 3.921569E-02	 .6862745	
  .0003584	 .1176471	 .6862745	
  .0003586	 3.921569E-02	 .6862745	
  .0003588	 3.921569E-02	 .6862745	
  .000359	 3.921569E-02	 .6470588	
  .0003592	 .1960784	 .6470588	
  .0003594	 .1960784	 .6470588	
  .0003596	-3.921569E-02	 .6470588	
  .0003598	 .1176471	 .6470588	
  .00036	 .1176471	 .6862745	
  .0003602	 .1176471	 .6862745	
  .0003604	-3.921569E-02	 .6862745	
  .0003606	 .1176471	 .6862745	
  .0003608	 .1176471	 .6078432	
  .000361	 3.921569E-02	 .6862745	
  .0003612	 3.921569E-02	 .6862745	
  .0003614	 3.921569E-02	 .6470588	
  .0003616	 .1176471	 .6470588	
  .0003618	 3.921569E-02	 .7254902	
  .000362	 .1960784	 .6470588	
  .0003622	 .1176471	 .6862745	
  .0003624	 3.921569E-02	 .6470588	
  .0003626	 .1960784	 .6862745	
  .0003628	 .1176471	 .6470588	
  .000363	 .1176471	 .6862745	
  .0003632	 3.921569E-02	 .7647059	
  .0003634	 .1176471	 .6862745	
  .0003636	 3.921569E-02	 .6862745	
  .0003638	 3.921569E-02	 .6470588	
  .000364	 .1176471	 .6862745	
  .0003642	 3.921569E-02	 .6470588	
  .0003644	 3.921569E-02	 .6862745	
  .0003646	 3.921569E-02	 .6862745	
  .0003648	 3.921569E-02	 .6862745	
  .000365	 3.921569E-02	 .6470588	
  .0003652	 .1176471	 .6862745	
  .0003654	 .1176471	 .6470588	
  .0003656	-3.921569E-02	 .6470588	
  .0003658	 .1176471	 .6470588	
  .000366	 3.921569E-02	 .6470588	
  .0003662	 3.921569E-02	 .7254902	
  .0003664	 .1960784	 .6470588	
  .0003666	 3.921569E-02	 .6470588	
  .0003668	 .1176471	 .7254902	
  .000367	 3.921569E-02	 .6862745	
  .0003672	 .1176471	 .6862745	
  .0003674	 .1960784	 .6470588	
  .0003676	 3.921569E-02	 .6862745	
  .0003678	 .1176471	 .6862745	
  .000368	 .1176471	 .7254902	
  .0003682	 .1176471	 .6862745	
  .0003684	 .1176471	 .6862745	
  .0003686	 .1176471	 .6470588	
  .0003688	 .1176471	 .6862745	
  .000369	 3.921569E-02	 .6862745	
  .0003692	 .1176471	 .6862745	
  .0003694	 3.921569E-02	 .6862745	
  .0003696	 3.921569E-02	 .6470588	
  .0003698	 .1176471	 .6862745	
  .00037	 3.921569E-02	 .6862745	
  .0003702	 .1176471	 .6862745	
  .0003704	 .1176471	 .6470588	
  .0003706	 3.921569E-02	 .6470588	
  .0003708	 3.921569E-02	 .6470588	
  .000371	 3.921569E-02	 .6862745	
  .0003712	 .1176471	 .7254902	
  .0003714	 .1176471	 .6862745	
  .0003716	-3.921569E-02	 .6470588	
  .0003718	 .1176471	 .6470588	
  .000372	-3.921569E-02	 .6862745	
  .0003722	 3.921569E-02	 .6470588	
  .0003724	 .1176471	 .6470588	
  .0003726	 3.921569E-02	 .6470588	
  .0003728	-3.921569E-02	 .6862745	
  .000373	 .1176471	 .7254902	
  .0003732	 3.921569E-02	 .6470588	
  .0003734	 3.921569E-02	 .6470588	
  .0003736	 3.921569E-02	 .6470588	
  .0003738	 .1176471	 .6862745	
  .000374	 3.921569E-02	 .6470588	
  .0003742	-3.921569E-02	 .6862745	
  .0003744	 3.921569E-02	 .7254902	
  .0003746	 .1176471	 .6470588	
  .0003748	 .1176471	 .6862745	
  .000375	 3.921569E-02	 .6862745	
  .0003752	 .1960784	 .6862745	
  .0003754	 3.921569E-02	 .6862745	
  .0003756	 3.921569E-02	 .6470588	
  .0003758	-3.921569E-02	 .6862745	
  .000376	 .1176471	 .6470588	
  .0003762	 3.921569E-02	 .6862745	
  .0003764	 .1176471	 .6862745	
  .0003766	 3.921569E-02	 .6470588	
  .0003768	 3.921569E-02	 .7254902	
  .000377	 3.921569E-02	 .6862745	
  .0003772	 .1176471	 .6470588	
  .0003774	 3.921569E-02	 .6862745	
  .0003776	 .1176471	 .6862745	
  .0003778	 .1176471	 .6470588	
  .000378	 3.921569E-02	 .6862745	
  .0003782	 3.921569E-02	 .6862745	
  .0003784	 .1176471	 .6470588	
  .0003786	 .1176471	 .6862745	
  .0003788	 3.921569E-02	 .6470588	
  .000379	 .1176471	 .6470588	
  .0003792	 .1176471	 .6862745	
  .0003794	 3.921569E-02	 .6078432	
  .0003796	 3.921569E-02	 .6470588	
  .0003798	 .1176471	 .6862745	
  .00038	 3.921569E-02	 .6862745	
  .0003802	 3.921569E-02	 .6470588	
  .0003804	 3.921569E-02	 .6862745	
  .0003806	 .1176471	 .6470588	
  .0003808	-3.921569E-02	 .6862745	
  .000381	 3.921569E-02	 .6470588	
  .0003812	 3.921569E-02	 .6862745	
  .0003814	 .1176471	 .6470588	
  .0003816	 .1176471	 .7254902	
  .0003818	 .1960784	 .6470588	
  .000382	 .1176471	 .6862745	
  .0003822	 .1176471	 .6862745	
  .0003824	 .1960784	 .6862745	
  .0003826	 3.921569E-02	 .7254902	
  .0003828	 .1176471	 .6470588	
  .000383	 .1176471	 .7254902	
  .0003832	 .1176471	 .6862745	
  .0003834	 3.921569E-02	 .6470588	
  .0003836	 3.921569E-02	 .6470588	
  .0003838	 3.921569E-02	 .6862745	
  .000384	 3.921569E-02	 .6470588	
  .0003842	-3.921569E-02	 .6862745	
  .0003844	 3.921569E-02	 .6862745	
  .0003846	 3.921569E-02	 .7254902	
  .0003848	 3.921569E-02	 .6470588	
  .000385	-3.921569E-02	 .6470588	
  .0003852	 3.921569E-02	 .6470588	
  .0003854	 3.921569E-02	 .6470588	
  .0003856	 .1176471	 .6862745	
  .0003858	 3.921569E-02	 .7254902	
  .000386	 3.921569E-02	 .6470588	
  .0003862	 .1960784	 .6862745	
  .0003864	 .1176471	 .6862745	
  .0003866	-3.921569E-02	 .6862745	
  .0003868	 3.921569E-02	 .6470588	
  .000387	 .1176471	 .6470588	
  .0003872	 .1176471	 .6078432	
  .0003874	 3.921569E-02	 .6862745	
  .0003876	 .1176471	 .6862745	
  .0003878	 3.921569E-02	 .6862745	
  .000388	 3.921569E-02	 .6470588	
  .0003882	 3.921569E-02	 .6862745	
  .0003884	 3.921569E-02	 .6862745	
  .0003886	 3.921569E-02	 .6470588	
  .0003888	 3.921569E-02	 .6470588	
  .000389	 3.921569E-02	 .6470588	
  .0003892	 3.921569E-02	 .6862745	
  .0003894	 3.921569E-02	 .6470588	
  .0003896	 .1176471	 .6862745	
  .0003898	 3.921569E-02	 .6862745	
  .00039	 3.921569E-02	 .6862745	
  .0003902	 .1176471	 .6470588	
  .0003904	 3.921569E-02	 .6470588	
  .0003906	-3.921569E-02	 .6470588	
  .0003908	 .1176471	 .6078432	
  .000391	 .1176471	 .6862745	
  .0003912	 3.921569E-02	 .6470588	
  .0003914	 3.921569E-02	 .6862745	
  .0003916	 .1176471	 .6470588	
  .0003918	 3.921569E-02	 .7254902	
  .000392	 3.921569E-02	 .6862745	
  .0003922	 3.921569E-02	 .6470588	
  .0003924	 3.921569E-02	 .6470588	
  .0003926	 .1176471	 .7254902	
  .0003928	 3.921569E-02	 .7254902	
  .000393	 .1176471	 .7254902	
  .0003932	 3.921569E-02	 .7254902	
  .0003934	 .1176471	 .6470588	
  .0003936	 .1176471	 .6470588	
  .0003938	 3.921569E-02	 .6470588	
  .000394	 .1176471	 .6862745	
  .0003942	 3.921569E-02	 .7254902	
  .0003944	 .1960784	 .6470588	
  .0003946	-3.921569E-02	 .6470588	
  .0003948	 3.921569E-02	 .6862745	
  .000395	 .1176471	 .6470588	
  .0003952	 .1176471	 .6862745	
  .0003954	 .1176471	 .6470588	
  .0003956	 3.921569E-02	 .6862745	
  .0003958	 3.921569E-02	 .6862745	
  .000396	 3.921569E-02	 .6862745	
  .0003962	 .1176471	 .6470588	
  .0003964	-3.921569E-02	 .6470588	
  .0003966	 3.921569E-02	 .7254902	
  .0003968	 3.921569E-02	 .6862745	
  .000397	 .1176471	 .6470588	
  .0003972	 .1176471	 .6470588	
  .0003974	 .1176471	 .6862745	
  .0003976	 3.921569E-02	 .6862745	
  .0003978	 3.921569E-02	 .6470588	
  .000398	 3.921569E-02	 .6862745	
  .0003982	 3.921569E-02	 .6862745	
  .0003984	 3.921569E-02	 .6862745	
  .0003986	 .1176471	 .6470588	
  .0003988	 3.921569E-02	 .6470588	
  .000399	 .1176471	 .6862745	
  .0003992	-3.921569E-02	 .6078432	
  .0003994	 3.921569E-02	 .6862745	
  .0003996	 3.921569E-02	 .6862745	
  .0003998	 .1176471	 .6862745	
  .0004	 .1176471	 .6470588	
  .0004002	 .1176471	 .6862745	
  .0004004	 .1176471	 .6470588	
  .0004006	 3.921569E-02	 .6862745	
  .0004008	 3.921569E-02	 .6862745	
  .000401	 3.921569E-02	 .6470588	
  .0004012	 3.921569E-02	 .6862745	
  .0004014	 3.921569E-02	 .6470588	
  .0004016	 .1960784	 .6862745	
  .0004018	 .1176471	 .6862745	
  .000402	 .1176471	 .6470588	
  .0004022	 .1176471	 .6862745	
  .0004024	 .1176471	 .6862745	
  .0004026	 .1176471	 .6862745	
  .0004028	 3.921569E-02	 .7647059	
  .000403	 .1960784	 .6862745	
  .0004032	 3.921569E-02	 .6862745	
  .0004034	 3.921569E-02	 .6862745	
  .0004036	 .1176471	 .6862745	
  .0004038	 3.921569E-02	 .6862745	
  .000404	 3.921569E-02	 .6862745	
  .0004042	 3.921569E-02	 .6862745	
  .0004044	 3.921569E-02	 .6862745	
  .0004046	 .1960784	 .6862745	
  .0004048	 3.921569E-02	 .6862745	
  .000405	 .1176471	 .6470588	
  .0004052	 3.921569E-02	 .6862745	
  .0004054	 .1176471	 .6862745	
  .0004056	 3.921569E-02	 .6862745	
  .0004058	 3.921569E-02	 .6862745	
  .000406	 .1176471	 .6862745	
  .0004062	 3.921569E-02	 .7254902	
  .0004064	 3.921569E-02	 .6470588	
  .0004066	 3.921569E-02	 .6862745	
  .0004068	 3.921569E-02	 .6470588	
  .000407	 .1176471	 .6470588	
  .0004072	 3.921569E-02	 .6470588	
  .0004074	 .1176471	 .6862745	
  .0004076	 3.921569E-02	 .6862745	
  .0004078	 3.921569E-02	 .6862745	
  .000408	 3.921569E-02	 .6862745	
  .0004082	 .1176471	 .6470588	
  .0004084	 3.921569E-02	 .6862745	
  .0004086	 3.921569E-02	 .6470588	
  .0004088	 3.921569E-02	 .6862745	
  .000409	-3.921569E-02	 .6862745	
  .0004092	 3.921569E-02	 .6470588	
  .0004094	 3.921569E-02	 .7254902	
  .0004096	 3.921569E-02	 .7254902	
  .0004098	 3.921569E-02	 .6862745	
  .00041	 .1176471	 .6862745	
  .0004102	 .1176471	 .6470588	
  .0004104	 3.921569E-02	 .6470588	
  .0004106	 .1176471	 .6470588	
  .0004108	 .1176471	 .6862745	
  .000411	 .1176471	 .7254902	
  .0004112	 .1176471	 .6862745	
  .0004114	 .1176471	 .6470588	
  .0004116	 .1176471	 .6862745	
  .0004118	 .1176471	 .6862745	
  .000412	 .1176471	 .6470588	
  .0004122	 3.921569E-02	 .6862745	
  .0004124	 3.921569E-02	 .6862745	
  .0004126	 3.921569E-02	 .6862745	
  .0004128	 .1176471	 .6862745	
  .000413	 .1176471	 .6862745	
  .0004132	 .1176471	 .6470588	
  .0004134	 .1176471	 .6862745	
  .0004136	 .1176471	 .6470588	
  .0004138	 .1176471	 .6470588	
  .000414	 3.921569E-02	 .7254902	
  .0004142	 .1176471	 .6470588	
  .0004144	 .1176471	 .6862745	
  .0004146	 .1176471	 .6862745	
  .0004148	 .1176471	 .6862745	
  .000415	 .1176471	 .7254902	
  .0004152	 .1176471	 .6470588	
  .0004154	 3.921569E-02	 .6862745	
  .0004156	 3.921569E-02	 .6862745	
  .0004158	 3.921569E-02	 .6862745	
  .000416	 .1960784	 .6862745	
  .0004162	 3.921569E-02	 .6470588	
  .0004164	 .1176471	 .7254902	
  .0004166	 3.921569E-02	 .6862745	
  .0004168	 .1176471	 .6470588	
  .000417	 3.921569E-02	 .6862745	
  .0004172	 .1176471	 .6862745	
  .0004174	 3.921569E-02	 .6862745	
  .0004176	 3.921569E-02	 .6862745	
  .0004178	 .1176471	 .7254902	
  .000418	 .1176471	 .6862745	
  .0004182	 3.921569E-02	 .6862745	
  .0004184	 .1176471	 .6470588	
  .0004186	 3.921569E-02	 .6470588	
  .0004188	 .1176471	 .6862745	
  .000419	 3.921569E-02	 .6470588	
  .0004192	 3.921569E-02	 .6862745	
  .0004194	 3.921569E-02	 .6862745	
  .0004196	 .1176471	 .7254902	
  .0004198	 .1176471	 .6470588	
  .00042	 .1176471	 .6862745	
  .0004202	 .1176471	 .6470588	
  .0004204	-3.921569E-02	 .7254902	
  .0004206	 3.921569E-02	 .6862745	
  .0004208	 .1176471	 .6862745	
  .000421	 3.921569E-02	 .6862745	
  .0004212	 .1176471	 .6862745	
  .0004214	 .1176471	 .6470588	
  .0004216	 .1176471	 .6862745	
  .0004218	 3.921569E-02	 .6470588	
  .000422	 .1176471	 .6862745	
  .0004222	 .1960784	 .6862745	
  .0004224	 .1176471	 .6862745	
  .0004226	 3.921569E-02	 .7254902	
  .0004228	 .1176471	 .7254902	
  .000423	 .1176471	 .6470588	
  .0004232	 3.921569E-02	 .6862745	
  .0004234	 .1176471	 .6862745	
  .0004236	 .1176471	 .6470588	
  .0004238	 3.921569E-02	 .6470588	
  .000424	 .1176471	 .7254902	
  .0004242	 3.921569E-02	 .6862745	
  .0004244	 3.921569E-02	 .6862745	
  .0004246	 .1176471	 .6862745	
  .0004248	 .1176471	 .6470588	
  .000425	 3.921569E-02	 .6470588	
  .0004252	 3.921569E-02	 .6470588	
  .0004254	 .1176471	 .6862745	
  .0004256	 3.921569E-02	 .6862745	
  .0004258	 .1176471	 .6862745	
  .000426	 .1176471	 .6862745	
  .0004262	 3.921569E-02	 .6862745	
  .0004264	 3.921569E-02	 .6862745	
  .0004266	 .1176471	 .6862745	
  .0004268	 .1176471	 .6470588	
  .000427	 3.921569E-02	 .7254902	
  .0004272	 .1176471	 .6862745	
  .0004274	 .1176471	 .6862745	
  .0004276	 .1176471	 .6862745	
  .0004278	 .1176471	 .6862745	
  .000428	 .1176471	 .6470588	
  .0004282	 .1176471	 .6470588	
  .0004284	 .1176471	 .6862745	
  .0004286	 3.921569E-02	 .6470588	
  .0004288	 3.921569E-02	 .6862745	
  .000429	 .1176471	 .6862745	
  .0004292	 3.921569E-02	 .7254902	
  .0004294	 3.921569E-02	 .6862745	
  .0004296	 3.921569E-02	 .6862745	
  .0004298	 3.921569E-02	 .6862745	
  .00043	 .1176471	 .6862745	
  .0004302	 3.921569E-02	 .6470588	
  .0004304	 .1176471	 .6470588	
  .0004306	 3.921569E-02	 .6862745	
  .0004308	 3.921569E-02	 .7254902	
  .000431	 3.921569E-02	 .6862745	
  .0004312	 .1176471	 .6470588	
  .0004314	 3.921569E-02	 .7254902	
  .0004316	 .1176471	 .6862745	
  .0004318	 .1176471	 .6862745	
  .000432	 3.921569E-02	 .6470588	
  .0004322	 3.921569E-02	 .7254902	
  .0004324	 .1176471	 .7254902	
  .0004326	-3.921569E-02	 .6862745	
  .0004328	 3.921569E-02	 .6862745	
  .000433	 .1176471	 .6470588	
  .0004332	 3.921569E-02	 .6470588	
  .0004334	 3.921569E-02	 .6470588	
  .0004336	 3.921569E-02	 .6470588	
  .0004338	 3.921569E-02	 .7254902	
  .000434	 .1176471	 .6470588	
  .0004342	 3.921569E-02	 .6470588	
  .0004344	 .1176471	 .6862745	
  .0004346	 .1176471	 .6862745	
  .0004348	 .1176471	 .7254902	
  .000435	 3.921569E-02	 .6470588	
  .0004352	 3.921569E-02	 .6862745	
  .0004354	 .1176471	 .6862745	
  .0004356	 3.921569E-02	 .6862745	
  .0004358	 .1176471	 .6862745	
  .000436	 3.921569E-02	 .6470588	
  .0004362	 3.921569E-02	 .7254902	
  .0004364	 .1176471	 .7254902	
  .0004366	 .1960784	 .6470588	
  .0004368	 .1176471	 .6470588	
  .000437	 .1176471	 .7254902	
  .0004372	 .1176471	 .7254902	
  .0004374	 3.921569E-02	 .7254902	
  .0004376	 3.921569E-02	 .6862745	
  .0004378	 .1176471	 .7254902	
  .000438	 .1176471	 .6862745	
  .0004382	 3.921569E-02	 .6862745	
  .0004384	 .1960784	 .6470588	
  .0004386	 .1176471	 .6862745	
  .0004388	 3.921569E-02	 .6470588	
  .000439	 3.921569E-02	 .7254902	
  .0004392	 3.921569E-02	 .7254902	
  .0004394	 .1176471	 .6862745	
  .0004396	-3.921569E-02	 .6862745	
  .0004398	 3.921569E-02	 .7254902	
  .00044	 .1176471	 .6470588	
  .0004402	 .1176471	 .6862745	
  .0004404	 3.921569E-02	 .6862745	
  .0004406	 3.921569E-02	 .6470588	
  .0004408	 3.921569E-02	 .6862745	
  .000441	 3.921569E-02	 .7254902	
  .0004412	 .1176471	 .6862745	
  .0004414	 .1176471	 .6862745	
  .0004416	 .1176471	 .6470588	
  .0004418	 .1176471	 .7254902	
  .000442	 .1176471	 .7254902	
  .0004422	 .1176471	 .6862745	
  .0004424	 .1176471	 .7647059	
  .0004426	 .1176471	 .7254902	
  .0004428	 .1176471	 .6862745	
  .000443	 3.921569E-02	 .6862745	
  .0004432	 .1960784	 .6862745	
  .0004434	 3.921569E-02	 .6862745	
  .0004436	 .1176471	 .6862745	
  .0004438	 3.921569E-02	 .6862745	
  .000444	 .1176471	 .7254902	
  .0004442	 3.921569E-02	 .6862745	
  .0004444	 3.921569E-02	 .6862745	
  .0004446	 .1960784	 .6470588	
  .0004448	 3.921569E-02	 .6470588	
  .000445	 .1960784	 .6470588	
  .0004452	 .1176471	 .6862745	
  .0004454	 3.921569E-02	 .7254902	
  .0004456	 .1960784	 .7254902	
  .0004458	 3.921569E-02	 .6862745	
  .000446	 .1176471	 .6470588	
  .0004462	 3.921569E-02	 .6470588	
  .0004464	 3.921569E-02	 .6862745	
  .0004466	 .1960784	 .6470588	
  .0004468	 3.921569E-02	 .6862745	
  .000447	 .1176471	 .6862745	
  .0004472	 3.921569E-02	 .7254902	
  .0004474	-3.921569E-02	 .6862745	
  .0004476	 .1176471	 .7254902	
  .0004478	 3.921569E-02	 .6470588	
  .000448	 .1176471	 .6470588	
  .0004482	 3.921569E-02	 .6862745	
  .0004484	 3.921569E-02	 .7254902	
  .0004486	 3.921569E-02	 .6862745	
  .0004488	 3.921569E-02	 .6470588	
  .000449	 3.921569E-02	 .6862745	
  .0004492	 3.921569E-02	 .6862745	
  .0004494	 3.921569E-02	 .6470588	
  .0004496	 .1176471	 .6862745	
  .0004498	 3.921569E-02	 .6470588	
  .00045	-3.921569E-02	 .6862745	
