 -.0000996	 9.803922E-04	 1.960784E-03	
 -.0000992	 2.941177E-03	-1.960784E-03	
 -.0000988	 2.941177E-03	 1.960784E-03	
 -.0000984	 9.803922E-04	 1.960784E-03	
 -.000098	 9.803922E-04	-5.882353E-03	
 -.0000976	 2.941177E-03	-1.960784E-03	
 -.0000972	 9.803922E-04	-1.960784E-03	
 -.0000968	 2.941177E-03	 1.960784E-03	
 -.0000964	 2.941177E-03	-1.960784E-03	
 -.000096	 2.941177E-03	-1.960784E-03	
 -.0000956	 2.941177E-03	-1.960784E-03	
 -.0000952	 2.941177E-03	-1.960784E-03	
 -.0000948	 9.803922E-04	-5.882353E-03	
 -.0000944	 2.941177E-03	-1.960784E-03	
 -.000094	 2.941177E-03	-1.960784E-03	
 -.0000936	 9.803922E-04	 1.960784E-03	
 -.0000932	 2.941177E-03	-1.960784E-03	
 -.0000928	 4.901961E-03	-5.882353E-03	
 -.0000924	 2.941177E-03	-5.882353E-03	
 -.000092	 2.941177E-03	-1.960784E-03	
 -.0000916	 9.803922E-04	-1.960784E-03	
 -.0000912	 2.941177E-03	-1.960784E-03	
 -.0000908	 2.941177E-03	-5.882353E-03	
 -.0000904	 9.803922E-04	-1.960784E-03	
 -.00009	 9.803922E-04	-1.960784E-03	
 -.0000896	 9.803922E-04	-1.960784E-03	
 -.0000892	 2.941177E-03	-1.960784E-03	
 -.0000888	 2.941177E-03	 9.803922E-03	
 -.0000884	 9.803922E-04	-1.960784E-03	
 -.000088	 2.941177E-03	-5.882353E-03	
 -.0000876	 2.941177E-03	-1.960784E-03	
 -.0000872	 2.941177E-03	-1.960784E-03	
 -.0000868	 2.941177E-03	-1.960784E-03	
 -.0000864	 9.803922E-04	-5.882353E-03	
 -.000086	 4.901961E-03	-5.882353E-03	
 -.0000856	 4.901961E-03	 1.960784E-03	
 -.0000852	 2.941177E-03	-1.960784E-03	
 -.0000848	 9.803922E-04	-1.960784E-03	
 -.0000844	 2.941177E-03	 1.960784E-03	
 -.000084	 2.941177E-03	-1.960784E-03	
 -.0000836	 2.941177E-03	-1.960784E-03	
 -.0000832	 9.803922E-04	-1.960784E-03	
 -.0000828	 2.941177E-03	-1.960784E-03	
 -.0000824	 2.941177E-03	-1.960784E-03	
 -.000082	 9.803922E-04	-1.960784E-03	
 -.0000816	 9.803922E-04	-5.882353E-03	
 -.0000812	 2.941177E-03	 1.960784E-03	
 -.0000808	 2.941177E-03	-1.960784E-03	
 -.0000804	 2.941177E-03	-1.960784E-03	
 -.00008	 9.803922E-04	 5.882353E-03	
 -.0000796	 9.803922E-04	-1.960784E-03	
 -.0000792	 2.941177E-03	-1.960784E-03	
 -.0000788	 9.803922E-04	-1.960784E-03	
 -.0000784	 9.803922E-04	-1.960784E-03	
 -.000078	 2.941177E-03	-5.882353E-03	
 -.0000776	 9.803922E-04	 1.960784E-03	
 -.0000772	 2.941177E-03	-1.960784E-03	
 -.0000768	 2.941177E-03	-5.882353E-03	
 -.0000764	 2.941177E-03	-1.960784E-03	
 -.000076	 2.941177E-03	-5.882353E-03	
 -.0000756	 2.941177E-03	-1.960784E-03	
 -.0000752	 2.941177E-03	 5.882353E-03	
 -.0000748	 2.941177E-03	-1.960784E-03	
 -.0000744	 2.941177E-03	 1.960784E-03	
 -.000074	 2.941177E-03	 1.960784E-03	
 -.0000736	 4.901961E-03	-1.960784E-03	
 -.0000732	 9.803922E-04	-5.882353E-03	
 -.0000728	 4.901961E-03	-1.960784E-03	
 -.0000724	 9.803922E-04	 1.960784E-03	
 -.000072	 2.941177E-03	-1.960784E-03	
 -.0000716	 2.941177E-03	-1.960784E-03	
 -.0000712	 2.941177E-03	 1.960784E-03	
 -.0000708	 2.941177E-03	-1.960784E-03	
 -.0000704	 9.803922E-04	 1.960784E-03	
 -.00007	 2.941177E-03	 1.960784E-03	
 -.0000696	 2.941177E-03	-5.882353E-03	
 -.0000692	 2.941177E-03	-5.882353E-03	
 -.0000688	 2.941177E-03	 1.960784E-03	
 -.0000684	 9.803922E-04	-5.882353E-03	
 -.000068	 2.941177E-03	-5.882353E-03	
 -.0000676	 2.941177E-03	-1.960784E-03	
 -.0000672	 2.941177E-03	 1.960784E-03	
 -.0000668	 2.941177E-03	-1.960784E-03	
 -.0000664	 2.941177E-03	-5.882353E-03	
 -.000066	 2.941177E-03	-1.960784E-03	
 -.0000656	 2.941177E-03	-1.960784E-03	
 -.0000652	 9.803922E-04	-5.882353E-03	
 -.0000648	 2.941177E-03	-1.960784E-03	
 -.0000644	 2.941177E-03	-1.960784E-03	
 -.000064	 2.941177E-03	-1.960784E-03	
 -.0000636	 9.803922E-04	 1.960784E-03	
 -.0000632	 2.941177E-03	-5.882353E-03	
 -.0000628	 2.941177E-03	-1.960784E-03	
 -.0000624	 2.941177E-03	-1.960784E-03	
 -.000062	 2.941177E-03	-5.882353E-03	
 -.0000616	 9.803922E-04	 1.960784E-03	
 -.0000612	 2.941177E-03	-5.882353E-03	
 -.0000608	 2.941177E-03	 1.960784E-03	
 -.0000604	 2.941177E-03	-1.960784E-03	
 -.00006	 9.803922E-04	 1.960784E-03	
 -.0000596	 2.941177E-03	-5.882353E-03	
 -.0000592	 4.901961E-03	 1.960784E-03	
 -.0000588	 2.941177E-03	 1.960784E-03	
 -.0000584	 2.941177E-03	-5.882353E-03	
 -.000058	 2.941177E-03	 1.960784E-03	
 -.0000576	 4.901961E-03	 1.960784E-03	
 -.0000572	 9.803922E-04	-1.960784E-03	
 -.0000568	 9.803922E-04	-1.960784E-03	
 -.0000564	 4.901961E-03	 1.960784E-03	
 -.000056	 2.941177E-03	 1.960784E-03	
 -.0000556	 2.941177E-03	-1.960784E-03	
 -.0000552	 9.803922E-04	 1.960784E-03	
 -.0000548	 2.941177E-03	-1.960784E-03	
 -.0000544	 4.901961E-03	-1.960784E-03	
 -.000054	 2.941177E-03	 5.882353E-03	
 -.0000536	 9.803922E-04	-1.960784E-03	
 -.0000532	 2.941177E-03	-1.960784E-03	
 -.0000528	 2.941177E-03	-9.803922E-03	
 -.0000524	 2.941177E-03	-5.882353E-03	
 -.000052	 2.941177E-03	 1.960784E-03	
 -.0000516	 2.941177E-03	-5.882353E-03	
 -.0000512	 2.941177E-03	-1.960784E-03	
 -.0000508	 2.941177E-03	-1.960784E-03	
 -.0000504	 2.941177E-03	 1.960784E-03	
 -.00005	 9.803922E-04	 1.960784E-03	
 -.0000496	 2.941177E-03	-1.960784E-03	
 -.0000492	 2.941177E-03	 1.960784E-03	
 -.0000488	 9.803922E-04	-5.882353E-03	
 -.0000484	 9.803922E-04	-1.960784E-03	
 -.000048	 4.901961E-03	-1.960784E-03	
 -.0000476	 2.941177E-03	 1.960784E-03	
 -.0000472	 9.803922E-04	-1.960784E-03	
 -.0000468	 9.803922E-04	-5.882353E-03	
 -.0000464	 2.941177E-03	-1.960784E-03	
 -.000046	 4.901961E-03	 1.960784E-03	
 -.0000456	 2.941177E-03	-1.960784E-03	
 -.0000452	 2.941177E-03	-5.882353E-03	
 -.0000448	 2.941177E-03	-1.960784E-03	
 -.0000444	 4.901961E-03	 1.960784E-03	
 -.000044	 4.901961E-03	-1.960784E-03	
 -.0000436	 2.941177E-03	-5.882353E-03	
 -.0000432	 9.803922E-04	-5.882353E-03	
 -.0000428	 2.941177E-03	-1.960784E-03	
 -.0000424	 2.941177E-03	-1.960784E-03	
 -.000042	 9.803922E-04	-5.882353E-03	
 -.0000416	 2.941177E-03	 1.960784E-03	
 -.0000412	 9.803922E-04	-1.960784E-03	
 -.0000408	 2.941177E-03	-5.882353E-03	
 -.0000404	 9.803922E-04	 1.960784E-03	
 -.00004	 2.941177E-03	-1.960784E-03	
 -.0000396	 2.941177E-03	-1.960784E-03	
 -.0000392	 9.803922E-04	 1.960784E-03	
 -.0000388	 9.803922E-04	-1.960784E-03	
 -.0000384	 2.941177E-03	-5.882353E-03	
 -.000038	 2.941177E-03	 1.960784E-03	
 -.0000376	 2.941177E-03	-1.960784E-03	
 -.0000372	 4.901961E-03	 1.960784E-03	
 -.0000368	 2.941177E-03	-1.960784E-03	
 -.0000364	 4.901961E-03	 5.882353E-03	
 -.000036	 4.901961E-03	 1.960784E-03	
 -.0000356	 2.941177E-03	 5.882353E-03	
 -.0000352	 2.941177E-03	-1.960784E-03	
 -.0000348	 2.941177E-03	 1.960784E-03	
 -.0000344	 2.941177E-03	-1.960784E-03	
 -.000034	 4.901961E-03	 1.960784E-03	
 -.0000336	 9.803922E-04	-5.882353E-03	
 -.0000332	 2.941177E-03	-1.960784E-03	
 -.0000328	 9.803922E-04	 1.960784E-03	
 -.0000324	 2.941177E-03	 5.882353E-03	
 -.000032	 9.803922E-04	-5.882353E-03	
 -.0000316	 9.803922E-04	-1.960784E-03	
 -.0000312	 2.941177E-03	-1.960784E-03	
 -.0000308	 9.803922E-04	 9.803922E-03	
 -.0000304	 9.803922E-04	 1.960784E-03	
 -.00003	 2.941177E-03	-1.960784E-03	
 -.0000296	 4.901961E-03	-1.960784E-03	
 -.0000292	 2.941177E-03	 1.960784E-03	
 -.0000288	 9.803922E-04	-5.882353E-03	
 -.0000284	 2.941177E-03	-1.960784E-03	
 -.000028	 2.941177E-03	-1.960784E-03	
 -.0000276	 9.803922E-04	-1.960784E-03	
 -.0000272	 2.941177E-03	-1.960784E-03	
 -.0000268	 2.941177E-03	-1.960784E-03	
 -.0000264	 2.941177E-03	-1.960784E-03	
 -.000026	 2.941177E-03	-1.960784E-03	
 -.0000256	 2.941177E-03	-1.960784E-03	
 -.0000252	 2.941177E-03	-5.882353E-03	
 -.0000248	 2.941177E-03	-1.960784E-03	
 -.0000244	 2.941177E-03	 1.960784E-03	
 -.000024	 2.941177E-03	-1.960784E-03	
 -.0000236	 9.803922E-04	-5.882353E-03	
 -.0000232	 2.941177E-03	 1.960784E-03	
 -.0000228	 2.941177E-03	 1.960784E-03	
 -.0000224	 2.941177E-03	-1.960784E-03	
 -.000022	 9.803922E-04	-1.960784E-03	
 -.0000216	 9.803922E-04	 1.960784E-03	
 -.0000212	 2.941177E-03	 1.960784E-03	
 -.0000208	 4.901961E-03	 1.960784E-03	
 -.0000204	 2.941177E-03	-1.960784E-03	
 -.00002	 2.941177E-03	-1.960784E-03	
 -.0000196	 2.941177E-03	 5.882353E-03	
 -.0000192	 9.803922E-04	 1.960784E-03	
 -.0000188	-9.803922E-04	-5.882353E-03	
 -.0000184	 2.941177E-03	-1.960784E-03	
 -.000018	 2.941177E-03	-1.960784E-03	
 -.0000176	 2.941177E-03	 1.960784E-03	
 -.0000172	-9.803922E-04	 1.960784E-03	
 -.0000168	 4.901961E-03	 1.960784E-03	
 -.0000164	 2.941177E-03	 1.960784E-03	
 -.000016	 9.803922E-04	-1.960784E-03	
 -.0000156	 9.803922E-04	-1.960784E-03	
 -.0000152	 9.803922E-04	 1.960784E-03	
 -.0000148	 2.941177E-03	-1.960784E-03	
 -.0000144	 2.941177E-03	-1.960784E-03	
 -.000014	 2.941177E-03	 1.960784E-03	
 -.0000136	 2.941177E-03	-1.960784E-03	
 -.0000132	 2.941177E-03	-5.882353E-03	
 -.0000128	 2.941177E-03	 1.960784E-03	
 -.0000124	 2.941177E-03	-1.960784E-03	
 -.000012	 2.941177E-03	-1.960784E-03	
 -.0000116	 9.803922E-04	 1.960784E-03	
 -.0000112	 9.803922E-04	-1.960784E-03	
 -.0000108	 2.941177E-03	-1.960784E-03	
 -.0000104	 9.803922E-04	 1.960784E-03	
 -.00001	 2.941177E-03	 1.960784E-03	
 -.0000096	 2.941177E-03	 5.882353E-03	
 -.0000092	 9.803922E-04	-1.960784E-03	
 -.0000088	 6.862745E-03	 1.960784E-03	
 -.0000084	 6.862745E-03	-1.960784E-03	
 -.000008	 2.941177E-03	 5.882353E-03	
 -.0000076	 2.941177E-03	-1.960784E-03	
 -.0000072	 9.803922E-04	-5.882353E-03	
 -.0000068	 2.941177E-03	-1.960784E-03	
 -.0000064	 4.901961E-03	 1.960784E-03	
 -.000006	 9.803922E-04	 1.960784E-03	
 -.0000056	 9.803922E-04	 1.960784E-03	
 -.0000052	 4.901961E-03	-1.960784E-03	
 -.0000048	 4.901961E-03	 1.960784E-03	
 -.0000044	 9.803922E-04	-1.960784E-03	
 -.000004	 2.941177E-03	 1.960784E-03	
 -.0000036	 2.941177E-03	-1.960784E-03	
 -.0000032	 2.941177E-03	 1.960784E-03	
 -.0000028	 2.941177E-03	 1.960784E-03	
 -.0000024	 9.803922E-04	 1.960784E-03	
 -.000002	 2.941177E-03	-1.960784E-03	
 -.0000016	 2.941177E-03	 1.960784E-03	
 -.0000012	 4.901961E-03	 5.882353E-03	
 -.0000008	 2.941177E-03	 5.882353E-03	
 -.0000004	 2.941177E-03	 1.960784E-03	
  0	 2.941177E-03	-1.960784E-03	
  .0000004	 2.941177E-03	 1.960784E-03	
  .0000008	-9.117647E-02	 4.117647E-02	
  .0000012	-9.509804E-02	 .1078431	
  .0000016	-9.705883E-02	 .1705882	
  .000002	-9.901961E-02	 .2058824	
  .0000024	-.1068627	 .2411765	
  .0000028	-.1088235	 .2607843	
  .0000032	-.1127451	 .2764706	
  .0000036	-.1147059	 .2882353	
  .000004	-.1186275	 .3	
  .0000044	-.1205882	 .3039216	
  .0000048	-.1205882	 .3117647	
  .0000052	-.1205882	 .3117647	
  .0000056	-.122549	 .3156863	
  .000006	-.1245098	 .3156863	
  .0000064	-.1245098	 .3196079	
  .0000068	-.1245098	 .3196079	
  .0000072	-.1264706	 .3156863	
  .0000076	-.1264706	 .3156863	
  .000008	-.1245098	 .3117647	
  .0000084	-.1264706	 .3117647	
  .0000088	-.1284314	 .3039216	
  .0000092	-.1284314	 .3078431	
  .0000096	-.1264706	 .3078431	
  .00001	-.1264706	 .3078431	
  .0000104	-.1284314	 .3039216	
  .0000108	-.1303922	 .2921569	
  .0000112	-.1264706	 .2960784	
  .0000116	-.1284314	 .2921569	
  .000012	-.1303922	 .2921569	
  .0000124	-.1284314	 .2843137	
  .0000128	-.1284314	 .2843137	
  .0000132	-.1264706	 .2764706	
  .0000136	-.1264706	 .2803922	
  .000014	-.1284314	 .2764706	
  .0000144	-.1264706	 .2686275	
  .0000148	-.1264706	 .2686275	
  .0000152	-.1245098	 .2647059	
  .0000156	-.1264706	 .2529412	
  .000016	-.122549	 .2490196	
  .0000164	-.1205882	 .245098	
  .0000168	-.1245098	 .2372549	
  .0000172	-.1205882	 .2294118	
  .0000176	-.1186275	 .2372549	
  .000018	-.1166667	 .2254902	
  .0000184	-.1147059	 .2215686	
  .0000188	-.1147059	 .2137255	
  .0000192	-.1147059	 .2098039	
  .0000196	-.1107843	 .1980392	
  .00002	-.1107843	 .2019608	
  .0000204	-.1107843	 .1901961	
  .0000208	-.1088235	 .1823529	
  .0000212	-.104902	 .1784314	
  .0000216	-.104902	 .1705882	
  .000022	-.1029412	 .1666667	
  .0000224	-.1009804	 .1509804	
  .0000228	-9.509804E-02	 .1470588	
  .0000232	-9.705883E-02	 .1431373	
  .0000236	-9.313726E-02	 .1352941	
  .000024	-8.921569E-02	 .127451	
  .0000244	-.0872549	 .1235294	
  .0000248	-.0872549	 .1196078	
  .0000252	-8.333334E-02	 .1078431	
  .0000256	-8.333334E-02	 .1	
  .000026	-7.941177E-02	 9.215686E-02	
  .0000264	-.0754902	 8.039216E-02	
  .0000268	-7.352941E-02	 8.431373E-02	
  .0000272	-7.352941E-02	 7.647059E-02	
  .0000276	-6.764706E-02	 6.862745E-02	
  .000028	-6.568628E-02	 6.470589E-02	
  .0000284	-6.372549E-02	 5.294118E-02	
  .0000288	-6.372549E-02	 4.509804E-02	
  .0000292	-5.980392E-02	 4.117647E-02	
  .0000296	-5.784314E-02	 2.941176E-02	
  .00003	-5.588235E-02	 3.333334E-02	
  .0000304	-5.392157E-02	 2.156863E-02	
  .0000308	-4.803922E-02	 9.803922E-03	
  .0000312	-4.607843E-02	 5.882353E-03	
  .0000316	-4.411765E-02	 1.960784E-03	
  .000032	-4.215686E-02	-5.882353E-03	
  .0000324	-4.019608E-02	-1.764706E-02	
  .0000328	-3.431373E-02	-1.764706E-02	
  .0000332	-3.235294E-02	-.0254902	
  .0000336	-3.235294E-02	-3.333334E-02	
  .000034	-3.039216E-02	-4.117647E-02	
  .0000344	-.0245098	-4.117647E-02	
  .0000348	-2.254902E-02	-5.294118E-02	
  .0000352	-.0245098	-5.686275E-02	
  .0000356	-1.862745E-02	-6.470589E-02	
  .000036	-1.470588E-02	-6.862745E-02	
  .0000364	-1.078431E-02	-7.647059E-02	
  .0000368	-1.078431E-02	-8.431373E-02	
  .0000372	-8.82353E-03	-9.215686E-02	
  .0000376	-2.941177E-03	-9.607843E-02	
  .000038	-2.941177E-03	-.1	
  .0000384	 9.803922E-04	-.1078431	
  .0000388	 2.941177E-03	-.1117647	
  .0000392	 6.862745E-03	-.1196078	
  .0000396	 8.82353E-03	-.1313726	
  .00004	 8.82353E-03	-.1313726	
  .0000404	 1.470588E-02	-.1431373	
  .0000408	 1.862745E-02	-.1509804	
  .0000412	 1.862745E-02	-.1509804	
  .0000416	 2.254902E-02	-.1588235	
  .000042	 2.647059E-02	-.1627451	
  .0000424	 2.843137E-02	-.1627451	
  .0000428	 3.235294E-02	-.1745098	
  .0000432	 3.627451E-02	-.1784314	
  .0000436	 .0382353	-.1862745	
  .000044	 .0382353	-.1862745	
  .0000444	 4.019608E-02	-.1901961	
  .0000448	 4.411765E-02	-.1980392	
  .0000452	 .05	-.1980392	
  .0000456	 .05	-.2019608	
  .000046	 5.392157E-02	-.2058824	
  .0000464	 5.392157E-02	-.2058824	
  .0000468	 5.784314E-02	-.2137255	
  .0000472	 5.980392E-02	-.2176471	
  .0000476	 6.176471E-02	-.2176471	
  .000048	 6.568628E-02	-.2215686	
  .0000484	 6.764706E-02	-.2254902	
  .0000488	 7.156863E-02	-.2294118	
  .0000492	 .0754902	-.2372549	
  .0000496	 7.745098E-02	-.2372549	
  .00005	 7.941177E-02	-.2333333	
  .0000504	 8.137255E-02	-.2490196	
  .0000508	 8.529412E-02	-.2490196	
  .0000512	 8.921569E-02	-.2490196	
  .0000516	 8.921569E-02	-.2529412	
  .000052	 9.117647E-02	-.2529412	
  .0000524	 9.509804E-02	-.2607843	
  .0000528	 9.705883E-02	-.2607843	
  .0000532	 9.901961E-02	-.2607843	
  .0000536	 .1029412	-.2647059	
  .000054	 .104902	-.2686275	
  .0000544	 .1068627	-.272549	
  .0000548	 .1107843	-.2764706	
  .0000552	 .1147059	-.272549	
  .0000556	 .1127451	-.2764706	
  .000056	 .1147059	-.2764706	
  .0000564	 .1166667	-.2764706	
  .0000568	 .1205882	-.2764706	
  .0000572	 .1186275	-.2803922	
  .0000576	 .1205882	-.2764706	
  .000058	 .122549	-.2803922	
  .0000584	 .122549	-.2843137	
  .0000588	 .1264706	-.2803922	
  .0000592	 .1264706	-.2803922	
  .0000596	 .1264706	-.2843137	
  .00006	 .1264706	-.2803922	
  .0000604	 .1284314	-.2882353	
  .0000608	 .1303922	-.2843137	
  .0000612	 .1284314	-.2803922	
  .0000616	 .1303922	-.2843137	
  .000062	 .1303922	-.2764706	
  .0000624	 .1303922	-.2803922	
  .0000628	 .1323529	-.272549	
  .0000632	 .1303922	-.2764706	
  .0000636	 .1284314	-.2764706	
  .000064	 .1323529	-.272549	
  .0000644	 .1323529	-.272549	
  .0000648	 .1303922	-.272549	
  .0000652	 .1323529	-.2686275	
  .0000656	 .1323529	-.2647059	
  .000066	 .1303922	-.2686275	
  .0000664	 .1284314	-.2607843	
  .0000668	 .1284314	-.2607843	
  .0000672	 .1303922	-.2568628	
  .0000676	 .1284314	-.2529412	
  .000068	 .1284314	-.2490196	
  .0000684	 .1264706	-.2490196	
  .0000688	 .1284314	-.245098	
  .0000692	 .1284314	-.2411765	
  .0000696	 .1245098	-.2372549	
  .00007	 .1245098	-.2372549	
  .0000704	 .1264706	-.2372549	
  .0000708	 .1264706	-.2294118	
  .0000712	 .1245098	-.2254902	
  .0000716	 .1205882	-.2215686	
  .000072	 .122549	-.2254902	
  .0000724	 .1205882	-.2176471	
  .0000728	 .122549	-.2137255	
  .0000732	 .1205882	-.2098039	
  .0000736	 .1186275	-.2098039	
  .000074	 .1186275	-.1980392	
  .0000744	 .1166667	-.1941177	
  .0000748	 .1166667	-.1980392	
  .0000752	 .1147059	-.1901961	
  .0000756	 .1147059	-.1862745	
  .000076	 .1107843	-.1784314	
  .0000764	 .1107843	-.1745098	
  .0000768	 .1088235	-.1705882	
  .0000772	 .1068627	-.1666667	
  .0000776	 .1068627	-.1627451	
  .000078	 .104902	-.1588235	
  .0000784	 .1029412	-.1470588	
  .0000788	 .1029412	-.1470588	
  .0000792	 .1009804	-.1470588	
  .0000796	 9.705883E-02	-.1352941	
  .00008	 9.901961E-02	-.127451	
  .0000804	 9.509804E-02	-.127451	
  .0000808	 9.117647E-02	-.1196078	
  .0000812	 9.117647E-02	-.1156863	
  .0000816	 9.117647E-02	-.1117647	
  .000082	 8.921569E-02	-.1078431	
  .0000824	 8.529412E-02	-.1	
  .0000828	 8.529412E-02	-9.215686E-02	
  .0000832	 8.137255E-02	-.0882353	
  .0000836	 7.941177E-02	-8.431373E-02	
  .000084	 7.745098E-02	-7.647059E-02	
  .0000844	 7.745098E-02	-7.647059E-02	
  .0000848	 7.745098E-02	-6.862745E-02	
  .0000852	 6.960785E-02	-6.862745E-02	
  .0000856	 7.156863E-02	-5.686275E-02	
  .000086	 6.960785E-02	-5.294118E-02	
  .0000864	 6.764706E-02	-4.117647E-02	
  .0000868	 6.372549E-02	-4.117647E-02	
  .0000872	 6.176471E-02	-2.941176E-02	
  .0000876	 5.980392E-02	-.0254902	
  .000088	 5.588235E-02	-2.156863E-02	
  .0000884	 5.588235E-02	-1.764706E-02	
  .0000888	 5.588235E-02	-1.372549E-02	
  .0000892	 5.196078E-02	-9.803922E-03	
  .0000896	 4.803922E-02	 1.960784E-03	
  .00009	 4.607843E-02	 1.960784E-03	
  .0000904	 4.607843E-02	 5.882353E-03	
  .0000908	 4.215686E-02	 1.764706E-02	
  .0000912	 4.019608E-02	 1.764706E-02	
  .0000916	 .0382353	 .0254902	
  .000092	 3.627451E-02	 .0254902	
  .0000924	 3.431373E-02	 3.333334E-02	
  .0000928	 3.431373E-02	 4.117647E-02	
  .0000932	 3.039216E-02	 4.117647E-02	
  .0000936	 2.843137E-02	 4.901961E-02	
  .000094	 .0245098	 5.686275E-02	
  .0000944	 2.058824E-02	 6.078431E-02	
  .0000948	 1.666667E-02	 6.470589E-02	
  .0000952	 1.862745E-02	 6.862745E-02	
  .0000956	 1.470588E-02	 7.254902E-02	
  .000096	 1.078431E-02	 8.039216E-02	
  .0000964	 1.078431E-02	 8.431373E-02	
  .0000968	 6.862745E-03	 .0882353	
  .0000972	 4.901961E-03	 9.607843E-02	
  .0000976	 2.941177E-03	 .1	
  .000098	 9.803922E-04	 .1078431	
  .0000984	-2.941177E-03	 .1078431	
  .0000988	-4.901961E-03	 .1078431	
  .0000992	-6.862745E-03	 .1156863	
  .0000996	-8.82353E-03	 .1235294	
  .0001	-1.078431E-02	 .127451	
  .0001004	-.0127451	 .127451	
  .0001008	-1.470588E-02	 .1352941	
  .0001012	-1.666667E-02	 .1392157	
  .0001016	-1.862745E-02	 .1392157	
  .000102	-2.058824E-02	 .1470588	
  .0001024	-2.254902E-02	 .1470588	
  .0001028	-2.647059E-02	 .1470588	
  .0001032	-2.843137E-02	 .1509804	
  .0001036	-2.843137E-02	 .1588235	
  .000104	-3.039216E-02	 .1627451	
  .0001044	-3.235294E-02	 .1666667	
  .0001048	-.0382353	 .1666667	
  .0001052	-.0382353	 .1666667	
  .0001056	-4.019608E-02	 .1666667	
  .000106	-4.411765E-02	 .1784314	
  .0001064	-4.607843E-02	 .1784314	
  .0001068	-4.607843E-02	 .1784314	
  .0001072	-4.803922E-02	 .1823529	
  .0001076	-.05	 .1901961	
  .000108	-5.392157E-02	 .1862745	
  .0001084	-5.588235E-02	 .1901961	
  .0001088	-5.784314E-02	 .1941177	
  .0001092	-5.784314E-02	 .2019608	
  .0001096	-6.176471E-02	 .1980392	
  .00011	-6.372549E-02	 .1941177	
  .0001104	-6.372549E-02	 .1980392	
  .0001108	-6.764706E-02	 .2098039	
  .0001112	-6.960785E-02	 .2058824	
  .0001116	-7.156863E-02	 .1980392	
  .000112	-7.156863E-02	 .2058824	
  .0001124	-.0754902	 .2137255	
  .0001128	-7.745098E-02	 .2098039	
  .0001132	-7.745098E-02	 .2058824	
  .0001136	-7.941177E-02	 .2098039	
  .000114	-8.137255E-02	 .2137255	
  .0001144	-8.529412E-02	 .2137255	
  .0001148	-8.333334E-02	 .2137255	
  .0001152	-8.333334E-02	 .2058824	
  .0001156	-8.529412E-02	 .2098039	
  .000116	-8.921569E-02	 .2137255	
  .0001164	-8.921569E-02	 .2019608	
  .0001168	-8.921569E-02	 .2098039	
  .0001172	-9.117647E-02	 .2098039	
  .0001176	-9.313726E-02	 .2098039	
  .000118	-9.509804E-02	 .2137255	
  .0001184	-9.313726E-02	 .2137255	
  .0001188	-9.313726E-02	 .2098039	
  .0001192	-9.509804E-02	 .2176471	
  .0001196	-9.705883E-02	 .2137255	
  .00012	-9.509804E-02	 .2058824	
  .0001204	-9.705883E-02	 .2176471	
  .0001208	-9.509804E-02	 .2098039	
  .0001212	-9.705883E-02	 .2098039	
  .0001216	-9.705883E-02	 .2098039	
  .000122	-9.901961E-02	 .2098039	
  .0001224	-9.509804E-02	 .2019608	
  .0001228	-9.509804E-02	 .2019608	
  .0001232	-9.705883E-02	 .2019608	
  .0001236	-9.705883E-02	 .1980392	
  .000124	-9.509804E-02	 .1980392	
  .0001244	-9.705883E-02	 .1980392	
  .0001248	-9.901961E-02	 .1901961	
  .0001252	-9.509804E-02	 .1941177	
  .0001256	-9.509804E-02	 .1980392	
  .000126	-9.705883E-02	 .1862745	
  .0001264	-9.509804E-02	 .1823529	
  .0001268	-9.509804E-02	 .1862745	
  .0001272	-9.117647E-02	 .1823529	
  .0001276	-9.509804E-02	 .1823529	
  .000128	-9.313726E-02	 .1784314	
  .0001284	-9.117647E-02	 .1666667	
  .0001288	-9.117647E-02	 .1705882	
  .0001292	-9.313726E-02	 .1705882	
  .0001296	-9.117647E-02	 .154902	
  .00013	-9.117647E-02	 .1588235	
  .0001304	-.0872549	 .1588235	
  .0001308	-8.921569E-02	 .154902	
  .0001312	-.0872549	 .1470588	
  .0001316	-8.333334E-02	 .1431373	
  .000132	-8.529412E-02	 .1431373	
  .0001324	-8.333334E-02	 .1392157	
  .0001328	-8.333334E-02	 .1352941	
  .0001332	-8.137255E-02	 .127451	
  .0001336	-7.941177E-02	 .1313726	
  .000134	-7.941177E-02	 .127451	
  .0001344	-7.745098E-02	 .1196078	
  .0001348	-7.745098E-02	 .1117647	
  .0001352	-7.352941E-02	 .1156863	
  .0001356	-7.352941E-02	 .1078431	
  .000136	-.0754902	 .1078431	
  .0001364	-7.156863E-02	 .1	
  .0001368	-6.764706E-02	 .1	
  .0001372	-6.568628E-02	 9.607843E-02	
  .0001376	-6.764706E-02	 9.215686E-02	
  .000138	-6.568628E-02	 .0882353	
  .0001384	-6.176471E-02	 8.431373E-02	
  .0001388	-6.176471E-02	 8.431373E-02	
  .0001392	-6.176471E-02	 7.254902E-02	
  .0001396	-5.980392E-02	 6.862745E-02	
  .00014	-5.784314E-02	 6.470589E-02	
  .0001404	-5.588235E-02	 6.078431E-02	
  .0001408	-5.392157E-02	 6.078431E-02	
  .0001412	-5.392157E-02	 4.901961E-02	
  .0001416	-.05	 4.901961E-02	
  .000142	-4.803922E-02	 4.509804E-02	
  .0001424	-4.803922E-02	 .0372549	
  .0001428	-4.607843E-02	 3.333334E-02	
  .0001432	-4.411765E-02	 2.941176E-02	
  .0001436	-4.215686E-02	 2.941176E-02	
  .000144	-4.215686E-02	 .0254902	
  .0001444	-4.215686E-02	 2.156863E-02	
  .0001448	-3.627451E-02	 1.372549E-02	
  .0001452	-3.627451E-02	 1.960784E-03	
  .0001456	-3.431373E-02	 5.882353E-03	
  .000146	-3.431373E-02	-1.960784E-03	
  .0001464	-3.039216E-02	-9.803922E-03	
  .0001468	-2.843137E-02	-5.882353E-03	
  .0001472	-2.647059E-02	-1.372549E-02	
  .0001476	-2.647059E-02	-.0254902	
  .000148	-.0245098	-2.156863E-02	
  .0001484	-2.254902E-02	-.0254902	
  .0001488	-2.254902E-02	-2.156863E-02	
  .0001492	-1.862745E-02	-.0372549	
  .0001496	-1.666667E-02	-4.117647E-02	
  .00015	-1.470588E-02	-.0372549	
  .0001504	-.0127451	-4.509804E-02	
  .0001508	-1.078431E-02	-4.901961E-02	
  .0001512	-1.078431E-02	-5.686275E-02	
  .0001516	-8.82353E-03	-6.078431E-02	
  .000152	-2.941177E-03	-6.470589E-02	
  .0001524	-4.901961E-03	-6.862745E-02	
  .0001528	-2.941177E-03	-7.254902E-02	
  .0001532	 2.941177E-03	-6.862745E-02	
  .0001536	 4.901961E-03	-7.647059E-02	
  .000154	 4.901961E-03	-8.039216E-02	
  .0001544	 4.901961E-03	-8.431373E-02	
  .0001548	 6.862745E-03	-.0882353	
  .0001552	 1.078431E-02	-.0882353	
  .0001556	 1.078431E-02	-9.215686E-02	
  .000156	 .0127451	-9.215686E-02	
  .0001564	 1.470588E-02	-9.607843E-02	
  .0001568	 1.666667E-02	-.1	
  .0001572	 2.254902E-02	-.1039216	
  .0001576	 1.862745E-02	-.1078431	
  .000158	 .0245098	-.1117647	
  .0001584	 .0245098	-.1117647	
  .0001588	 .0245098	-.1117647	
  .0001592	 2.843137E-02	-.1235294	
  .0001596	 2.843137E-02	-.1235294	
  .00016	 3.235294E-02	-.1235294	
  .0001604	 3.431373E-02	-.127451	
  .0001608	 .0382353	-.1313726	
  .0001612	 4.019608E-02	-.1313726	
  .0001616	 4.019608E-02	-.1352941	
  .000162	 4.411765E-02	-.1352941	
  .0001624	 4.607843E-02	-.1392157	
  .0001628	 4.607843E-02	-.1431373	
  .0001632	 4.803922E-02	-.1392157	
  .0001636	 .05	-.1470588	
  .000164	 5.392157E-02	-.1431373	
  .0001644	 5.392157E-02	-.154902	
  .0001648	 5.588235E-02	-.1509804	
  .0001652	 5.784314E-02	-.154902	
  .0001656	 5.784314E-02	-.1588235	
  .000166	 5.980392E-02	-.1588235	
  .0001664	 6.176471E-02	-.1588235	
  .0001668	 6.568628E-02	-.1627451	
  .0001672	 6.764706E-02	-.1588235	
  .0001676	 6.568628E-02	-.1627451	
  .000168	 7.156863E-02	-.1666667	
  .0001684	 7.352941E-02	-.1705882	
  .0001688	 7.352941E-02	-.1666667	
  .0001692	 7.352941E-02	-.1705882	
  .0001696	 .0754902	-.1666667	
  .00017	 .0754902	-.1705882	
  .0001704	 7.941177E-02	-.1705882	
  .0001708	 7.941177E-02	-.1666667	
  .0001712	 8.137255E-02	-.1705882	
  .0001716	 7.941177E-02	-.1666667	
  .000172	 8.137255E-02	-.1705882	
  .0001724	 7.941177E-02	-.1705882	
  .0001728	 8.333334E-02	-.1705882	
  .0001732	 8.529412E-02	-.1745098	
  .0001736	 8.529412E-02	-.1705882	
  .000174	 8.333334E-02	-.1705882	
  .0001744	 8.333334E-02	-.1784314	
  .0001748	 8.529412E-02	-.1705882	
  .0001752	 8.333334E-02	-.1705882	
  .0001756	 8.529412E-02	-.1705882	
  .000176	 8.333334E-02	-.1666667	
  .0001764	 8.333334E-02	-.1705882	
  .0001768	 8.333334E-02	-.1705882	
  .0001772	 8.529412E-02	-.1705882	
  .0001776	 8.333334E-02	-.1666667	
  .000178	 8.529412E-02	-.1705882	
  .0001784	 8.529412E-02	-.1627451	
  .0001788	 8.333334E-02	-.1627451	
  .0001792	 8.529412E-02	-.1627451	
  .0001796	 8.529412E-02	-.1627451	
  .00018	 8.333334E-02	-.1627451	
  .0001804	 8.529412E-02	-.154902	
  .0001808	 8.333334E-02	-.1627451	
  .0001812	 8.333334E-02	-.1588235	
  .0001816	 8.333334E-02	-.1588235	
  .000182	 8.333334E-02	-.154902	
  .0001824	 8.333334E-02	-.154902	
  .0001828	 8.529412E-02	-.1509804	
  .0001832	 8.333334E-02	-.1509804	
  .0001836	 8.137255E-02	-.1431373	
  .000184	 8.333334E-02	-.1470588	
  .0001844	 8.333334E-02	-.1431373	
  .0001848	 8.137255E-02	-.1392157	
  .0001852	 7.941177E-02	-.1313726	
  .0001856	 7.941177E-02	-.1313726	
  .000186	 7.941177E-02	-.1352941	
  .0001864	 7.941177E-02	-.127451	
  .0001868	 7.941177E-02	-.1313726	
  .0001872	 7.745098E-02	-.1235294	
  .0001876	 .0754902	-.1196078	
  .000188	 7.745098E-02	-.1196078	
  .0001884	 .0754902	-.1117647	
  .0001888	 7.352941E-02	-.1196078	
  .0001892	 7.352941E-02	-.1117647	
  .0001896	 7.352941E-02	-.1078431	
  .00019	 7.352941E-02	-.1	
  .0001904	 6.764706E-02	-.1039216	
  .0001908	 6.568628E-02	-.1	
  .0001912	 6.960785E-02	-.1	
  .0001916	 6.960785E-02	-9.607843E-02	
  .000192	 6.372549E-02	-.0882353	
  .0001924	 6.372549E-02	-.0882353	
  .0001928	 6.372549E-02	-8.431373E-02	
  .0001932	 6.372549E-02	-8.431373E-02	
  .0001936	 5.980392E-02	-7.647059E-02	
  .000194	 5.980392E-02	-7.647059E-02	
  .0001944	 5.980392E-02	-8.039216E-02	
  .0001948	 5.980392E-02	-7.254902E-02	
  .0001952	 5.784314E-02	-6.470589E-02	
  .0001956	 5.784314E-02	-6.078431E-02	
  .000196	 5.588235E-02	-5.686275E-02	
  .0001964	 5.588235E-02	-5.294118E-02	
  .0001968	 5.392157E-02	-5.686275E-02	
  .0001972	 .05	-4.901961E-02	
  .0001976	 .05	-5.294118E-02	
  .000198	 4.803922E-02	-4.117647E-02	
  .0001984	 4.607843E-02	-4.117647E-02	
  .0001988	 4.607843E-02	-.0372549	
  .0001992	 4.607843E-02	-3.333334E-02	
  .0001996	 4.411765E-02	-2.941176E-02	
  .0002	 4.411765E-02	-.0254902	
  .0002004	 4.411765E-02	-.0254902	
  .0002008	 4.019608E-02	-2.156863E-02	
  .0002012	 .0382353	-2.156863E-02	
  .0002016	 4.019608E-02	-1.372549E-02	
  .000202	 3.627451E-02	-9.803922E-03	
  .0002024	 3.431373E-02	-5.882353E-03	
  .0002028	 3.235294E-02	-5.882353E-03	
  .0002032	 3.431373E-02	-5.882353E-03	
  .0002036	 3.235294E-02	 5.882353E-03	
  .000204	 2.843137E-02	-1.960784E-03	
  .0002044	 2.843137E-02	 1.372549E-02	
  .0002048	 2.647059E-02	 1.764706E-02	
  .0002052	 .0245098	 1.764706E-02	
  .0002056	 2.058824E-02	 1.764706E-02	
  .000206	 2.254902E-02	 .0254902	
  .0002064	 2.058824E-02	 2.941176E-02	
  .0002068	 1.862745E-02	 3.333334E-02	
  .0002072	 1.862745E-02	 .0372549	
  .0002076	 1.862745E-02	 .0372549	
  .000208	 1.666667E-02	 .0372549	
  .0002084	 1.470588E-02	 4.509804E-02	
  .0002088	 8.82353E-03	 4.509804E-02	
  .0002092	 .0127451	 4.509804E-02	
  .0002096	 8.82353E-03	 5.294118E-02	
  .00021	 6.862745E-03	 6.078431E-02	
  .0002104	 6.862745E-03	 5.686275E-02	
  .0002108	 6.862745E-03	 5.686275E-02	
  .0002112	 2.941177E-03	 6.078431E-02	
  .0002116	 2.941177E-03	 6.470589E-02	
  .000212	-2.941177E-03	 6.470589E-02	
  .0002124	-9.803922E-04	 6.862745E-02	
  .0002128	-2.941177E-03	 7.647059E-02	
  .0002132	-4.901961E-03	 7.647059E-02	
  .0002136	-8.82353E-03	 7.647059E-02	
  .000214	-8.82353E-03	 7.647059E-02	
  .0002144	-1.078431E-02	 8.039216E-02	
  .0002148	-1.078431E-02	 8.431373E-02	
  .0002152	-.0127451	 8.431373E-02	
  .0002156	-1.666667E-02	 .0882353	
  .000216	-1.470588E-02	 .0882353	
  .0002164	-1.862745E-02	 9.215686E-02	
  .0002168	-1.862745E-02	 9.215686E-02	
  .0002172	-2.058824E-02	 9.607843E-02	
  .0002176	-2.058824E-02	 9.607843E-02	
  .000218	-2.254902E-02	 .1039216	
  .0002184	-2.647059E-02	 .1	
  .0002188	-2.647059E-02	 .1	
  .0002192	-2.647059E-02	 .1078431	
  .0002196	-2.843137E-02	 .1078431	
  .00022	-2.843137E-02	 .1117647	
  .0002204	-3.039216E-02	 .1117647	
  .0002208	-3.235294E-02	 .1117647	
  .0002212	-3.235294E-02	 .1156863	
  .0002216	-3.627451E-02	 .1156863	
  .000222	-.0382353	 .1156863	
  .0002224	-3.627451E-02	 .1156863	
  .0002228	-.0382353	 .1196078	
  .0002232	-4.019608E-02	 .1235294	
  .0002236	-4.215686E-02	 .127451	
  .000224	-4.215686E-02	 .1235294	
  .0002244	-4.411765E-02	 .1235294	
  .0002248	-4.607843E-02	 .1313726	
  .0002252	-4.803922E-02	 .1196078	
  .0002256	-4.803922E-02	 .127451	
  .000226	-4.803922E-02	 .1313726	
  .0002264	-.05	 .1313726	
  .0002268	-5.196078E-02	 .1313726	
  .0002272	-5.392157E-02	 .127451	
  .0002276	-5.196078E-02	 .1235294	
  .000228	-5.588235E-02	 .1352941	
  .0002284	-5.588235E-02	 .1313726	
  .0002288	-5.588235E-02	 .127451	
  .0002292	-5.588235E-02	 .1313726	
  .0002296	-5.784314E-02	 .1352941	
  .00023	-5.784314E-02	 .1313726	
  .0002304	-5.980392E-02	 .1313726	
  .0002308	-5.784314E-02	 .1352941	
  .0002312	-5.980392E-02	 .1313726	
  .0002316	-5.980392E-02	 .1313726	
  .000232	-5.980392E-02	 .1313726	
  .0002324	-6.176471E-02	 .1313726	
  .0002328	-6.176471E-02	 .1352941	
  .0002332	-6.372549E-02	 .1313726	
  .0002336	-6.176471E-02	 .127451	
  .000234	-6.372549E-02	 .1235294	
  .0002344	-6.372549E-02	 .1313726	
  .0002348	-6.372549E-02	 .1313726	
  .0002352	-6.372549E-02	 .127451	
  .0002356	-6.372549E-02	 .127451	
  .000236	-6.176471E-02	 .127451	
  .0002364	-6.372549E-02	 .1235294	
  .0002368	-6.372549E-02	 .1313726	
  .0002372	-6.176471E-02	 .1235294	
  .0002376	-5.980392E-02	 .1156863	
  .000238	-6.372549E-02	 .1235294	
  .0002384	-6.372549E-02	 .1196078	
  .0002388	-6.176471E-02	 .1117647	
  .0002392	-6.176471E-02	 .1156863	
  .0002396	-5.980392E-02	 .1078431	
  .00024	-6.176471E-02	 .1117647	
  .0002404	-5.980392E-02	 .1078431	
  .0002408	-6.176471E-02	 .1078431	
  .0002412	-5.980392E-02	 .1039216	
  .0002416	-6.176471E-02	 .1117647	
  .000242	-5.980392E-02	 .1039216	
  .0002424	-5.980392E-02	 .1039216	
  .0002428	-5.980392E-02	 .1	
  .0002432	-5.980392E-02	 .1	
  .0002436	-5.980392E-02	 9.215686E-02	
  .000244	-5.980392E-02	 9.215686E-02	
  .0002444	-5.588235E-02	 9.215686E-02	
  .0002448	-5.784314E-02	 9.215686E-02	
  .0002452	-5.588235E-02	 8.431373E-02	
  .0002456	-5.392157E-02	 .0882353	
  .000246	-5.196078E-02	 8.431373E-02	
  .0002464	-5.392157E-02	 8.431373E-02	
  .0002468	-5.196078E-02	 8.431373E-02	
  .0002472	-.05	 7.647059E-02	
  .0002476	-.05	 7.647059E-02	
  .000248	-.05	 7.647059E-02	
  .0002484	-.05	 6.862745E-02	
  .0002488	-4.803922E-02	 6.862745E-02	
  .0002492	-4.607843E-02	 6.862745E-02	
  .0002496	-4.607843E-02	 6.470589E-02	
  .00025	-4.607843E-02	 6.078431E-02	
  .0002504	-4.215686E-02	 6.078431E-02	
  .0002508	-4.215686E-02	 6.078431E-02	
  .0002512	-4.411765E-02	 6.078431E-02	
  .0002516	-4.215686E-02	 4.901961E-02	
  .000252	-4.019608E-02	 4.901961E-02	
  .0002524	-.0382353	 5.294118E-02	
  .0002528	-.0382353	 4.509804E-02	
  .0002532	-.0382353	 .0372549	
  .0002536	-3.627451E-02	 3.333334E-02	
  .000254	-3.627451E-02	 .0372549	
  .0002544	-3.627451E-02	 3.333334E-02	
  .0002548	-3.431373E-02	 2.941176E-02	
  .0002552	-3.431373E-02	 2.941176E-02	
  .0002556	-3.235294E-02	 .0254902	
  .000256	-3.039216E-02	 .0254902	
  .0002564	-3.039216E-02	 2.156863E-02	
  .0002568	-2.843137E-02	 1.764706E-02	
  .0002572	-.0245098	 1.764706E-02	
  .0002576	-2.647059E-02	 1.764706E-02	
  .000258	-2.647059E-02	 1.372549E-02	
  .0002584	-.0245098	 5.882353E-03	
  .0002588	-2.254902E-02	 9.803922E-03	
  .0002592	-2.058824E-02	 5.882353E-03	
  .0002596	-2.058824E-02	 1.960784E-03	
  .00026	-1.862745E-02	 1.960784E-03	
  .0002604	-1.862745E-02	-5.882353E-03	
  .0002608	-1.862745E-02	-1.960784E-03	
  .0002612	-1.666667E-02	-9.803922E-03	
  .0002616	-1.666667E-02	-1.372549E-02	
  .000262	-1.470588E-02	-1.764706E-02	
  .0002624	-.0127451	-1.372549E-02	
  .0002628	-.0127451	-2.156863E-02	
  .0002632	-1.078431E-02	-1.764706E-02	
  .0002636	-8.82353E-03	-.0254902	
  .000264	-8.82353E-03	-.0254902	
  .0002644	-8.82353E-03	-.0254902	
  .0002648	-6.862745E-03	-3.333334E-02	
  .0002652	-2.941177E-03	-.0372549	
  .0002656	-2.941177E-03	-4.117647E-02	
  .000266	 9.803922E-04	-4.117647E-02	
  .0002664	-2.941177E-03	-4.117647E-02	
  .0002668	-2.941177E-03	-4.509804E-02	
  .0002672	 2.941177E-03	-4.509804E-02	
  .0002676	 2.941177E-03	-4.901961E-02	
  .000268	 2.941177E-03	-5.294118E-02	
  .0002684	 4.901961E-03	-5.294118E-02	
  .0002688	 6.862745E-03	-5.686275E-02	
  .0002692	 6.862745E-03	-5.686275E-02	
  .0002696	 8.82353E-03	-6.470589E-02	
  .00027	 8.82353E-03	-6.078431E-02	
  .0002704	 1.078431E-02	-6.078431E-02	
  .0002708	 1.470588E-02	-6.470589E-02	
  .0002712	 1.078431E-02	-6.862745E-02	
  .0002716	 .0127451	-7.254902E-02	
  .000272	 1.470588E-02	-6.862745E-02	
  .0002724	 1.666667E-02	-7.254902E-02	
  .0002728	 1.862745E-02	-7.254902E-02	
  .0002732	 2.058824E-02	-8.039216E-02	
  .0002736	 2.254902E-02	-8.039216E-02	
  .000274	 .0245098	-8.039216E-02	
  .0002744	 2.254902E-02	-8.039216E-02	
  .0002748	 .0245098	-.0882353	
  .0002752	 2.647059E-02	-8.431373E-02	
  .0002756	 2.647059E-02	-.0882353	
  .000276	 3.039216E-02	-.0882353	
  .0002764	 3.039216E-02	-8.431373E-02	
  .0002768	 3.235294E-02	-9.215686E-02	
  .0002772	 3.431373E-02	-9.215686E-02	
  .0002776	 3.431373E-02	-9.215686E-02	
  .000278	 3.627451E-02	-9.607843E-02	
  .0002784	 3.431373E-02	-9.607843E-02	
  .0002788	 .0382353	-9.215686E-02	
  .0002792	 4.019608E-02	-9.607843E-02	
  .0002796	 4.215686E-02	-9.607843E-02	
  .00028	 4.215686E-02	-9.607843E-02	
  .0002804	 4.215686E-02	-.1	
  .0002808	 4.607843E-02	-.1	
  .0002812	 4.607843E-02	-9.607843E-02	
  .0002816	 4.411765E-02	-9.607843E-02	
  .000282	 4.607843E-02	-.1	
  .0002824	 4.803922E-02	-.1	
  .0002828	 4.803922E-02	-.1039216	
  .0002832	 4.803922E-02	-.1078431	
  .0002836	 .05	-.1039216	
  .000284	 5.196078E-02	-.1039216	
  .0002844	 5.392157E-02	-.1078431	
  .0002848	 .05	-.1078431	
  .0002852	 5.392157E-02	-.1078431	
  .0002856	 5.392157E-02	-.1078431	
  .000286	 5.196078E-02	-.1039216	
  .0002864	 5.392157E-02	-.1039216	
  .0002868	 5.588235E-02	-.1117647	
  .0002872	 5.588235E-02	-.1117647	
  .0002876	 5.588235E-02	-.1039216	
  .000288	 5.588235E-02	-.1117647	
  .0002884	 5.588235E-02	-.1078431	
  .0002888	 5.588235E-02	-.1078431	
  .0002892	 5.588235E-02	-.1078431	
  .0002896	 5.588235E-02	-.1078431	
  .00029	 5.784314E-02	-.1078431	
  .0002904	 5.784314E-02	-.1078431	
  .0002908	 5.784314E-02	-.1078431	
  .0002912	 5.588235E-02	-.1039216	
  .0002916	 5.588235E-02	-.1	
  .000292	 5.980392E-02	-.1	
  .0002924	 5.980392E-02	-9.607843E-02	
  .0002928	 5.588235E-02	-.1	
  .0002932	 5.784314E-02	-9.607843E-02	
  .0002936	 5.588235E-02	-9.607843E-02	
  .000294	 5.588235E-02	-9.607843E-02	
  .0002944	 5.784314E-02	-.1	
  .0002948	 5.784314E-02	-9.215686E-02	
  .0002952	 5.784314E-02	-9.607843E-02	
  .0002956	 5.588235E-02	-9.607843E-02	
  .000296	 5.784314E-02	-9.607843E-02	
  .0002964	 5.588235E-02	-9.607843E-02	
  .0002968	 5.392157E-02	-9.607843E-02	
  .0002972	 5.588235E-02	-8.431373E-02	
  .0002976	 5.196078E-02	-.0882353	
  .000298	 5.196078E-02	-.0882353	
  .0002984	 5.196078E-02	-8.039216E-02	
  .0002988	 5.196078E-02	-8.431373E-02	
  .0002992	 5.392157E-02	-8.039216E-02	
  .0002996	 .05	-8.039216E-02	
  .0003	 5.196078E-02	-8.431373E-02	
  .0003004	 5.196078E-02	-7.647059E-02	
  .0003008	 .05	-7.647059E-02	
  .0003012	 .05	-7.254902E-02	
  .0003016	 .05	-7.254902E-02	
  .000302	 5.196078E-02	-7.647059E-02	
  .0003024	 4.607843E-02	-7.254902E-02	
  .0003028	 4.803922E-02	-6.862745E-02	
  .0003032	 .05	-6.862745E-02	
  .0003036	 4.803922E-02	-6.862745E-02	
  .000304	 4.607843E-02	-6.470589E-02	
  .0003044	 4.411765E-02	-6.078431E-02	
  .0003048	 4.215686E-02	-6.470589E-02	
  .0003052	 4.411765E-02	-6.078431E-02	
  .0003056	 4.411765E-02	-5.294118E-02	
  .000306	 4.411765E-02	-5.294118E-02	
  .0003064	 4.215686E-02	-5.294118E-02	
  .0003068	 4.215686E-02	-5.294118E-02	
  .0003072	 4.215686E-02	-4.117647E-02	
  .0003076	 4.019608E-02	-4.901961E-02	
  .000308	 4.019608E-02	-4.901961E-02	
  .0003084	 .0382353	-4.509804E-02	
  .0003088	 4.019608E-02	-4.117647E-02	
  .0003092	 .0382353	-4.117647E-02	
  .0003096	 3.627451E-02	-4.509804E-02	
  .00031	 3.627451E-02	-.0372549	
  .0003104	 4.019608E-02	-2.941176E-02	
  .0003108	 3.431373E-02	-3.333334E-02	
  .0003112	 3.235294E-02	-.0372549	
  .0003116	 3.627451E-02	-2.941176E-02	
  .000312	 3.235294E-02	-.0254902	
  .0003124	 3.235294E-02	-.0254902	
  .0003128	 3.235294E-02	-.0254902	
  .0003132	 3.039216E-02	-.0254902	
  .0003136	 2.843137E-02	-1.764706E-02	
  .000314	 2.843137E-02	-1.372549E-02	
  .0003144	 2.647059E-02	-1.764706E-02	
  .0003148	 2.647059E-02	-1.372549E-02	
  .0003152	 .0245098	-9.803922E-03	
  .0003156	 2.647059E-02	-9.803922E-03	
  .000316	 2.254902E-02	-1.960784E-03	
  .0003164	 .0245098	-9.803922E-03	
  .0003168	 2.254902E-02	-5.882353E-03	
  .0003172	 1.862745E-02	 1.960784E-03	
  .0003176	 2.058824E-02	 1.960784E-03	
  .000318	 1.862745E-02	 1.960784E-03	
  .0003184	 1.862745E-02	 9.803922E-03	
  .0003188	 1.862745E-02	 5.882353E-03	
  .0003192	 1.862745E-02	 9.803922E-03	
  .0003196	 1.666667E-02	 5.882353E-03	
  .00032	 1.470588E-02	 9.803922E-03	
  .0003204	 1.666667E-02	 9.803922E-03	
  .0003208	 .0127451	 2.156863E-02	
  .0003212	 .0127451	 1.764706E-02	
  .0003216	 1.078431E-02	 1.764706E-02	
  .000322	 1.078431E-02	 2.156863E-02	
  .0003224	 1.078431E-02	 .0254902	
  .0003228	 8.82353E-03	 2.156863E-02	
  .0003232	 8.82353E-03	 .0254902	
  .0003236	 6.862745E-03	 2.941176E-02	
  .000324	 6.862745E-03	 3.333334E-02	
  .0003244	 2.941177E-03	 3.333334E-02	
  .0003248	 4.901961E-03	 3.333334E-02	
  .0003252	 2.941177E-03	 3.333334E-02	
  .0003256	 9.803922E-04	 4.509804E-02	
  .000326	 9.803922E-04	 .0372549	
  .0003264	 9.803922E-04	 4.117647E-02	
  .0003268	 9.803922E-04	 4.509804E-02	
  .0003272	-2.941177E-03	 4.509804E-02	
  .0003276	-4.901961E-03	 4.117647E-02	
  .000328	-2.941177E-03	 4.509804E-02	
  .0003284	-2.941177E-03	 4.901961E-02	
  .0003288	-6.862745E-03	 4.901961E-02	
  .0003292	-6.862745E-03	 4.901961E-02	
  .0003296	-4.901961E-03	 5.686275E-02	
  .00033	-6.862745E-03	 5.686275E-02	
  .0003304	-6.862745E-03	 6.078431E-02	
  .0003308	-1.078431E-02	 5.294118E-02	
  .0003312	-1.078431E-02	 5.686275E-02	
  .0003316	-8.82353E-03	 6.470589E-02	
  .000332	-.0127451	 6.078431E-02	
  .0003324	-1.470588E-02	 6.470589E-02	
  .0003328	-1.470588E-02	 6.078431E-02	
  .0003332	-1.470588E-02	 6.078431E-02	
  .0003336	-1.666667E-02	 6.862745E-02	
  .000334	-1.666667E-02	 6.470589E-02	
  .0003344	-1.862745E-02	 7.254902E-02	
  .0003348	-1.666667E-02	 6.862745E-02	
  .0003352	-1.862745E-02	 6.862745E-02	
  .0003356	-2.058824E-02	 7.254902E-02	
  .000336	-2.058824E-02	 6.862745E-02	
  .0003364	-2.058824E-02	 6.862745E-02	
  .0003368	-2.254902E-02	 7.254902E-02	
  .0003372	-.0245098	 8.039216E-02	
  .0003376	-2.647059E-02	 8.039216E-02	
  .000338	-2.647059E-02	 7.254902E-02	
  .0003384	-2.647059E-02	 6.862745E-02	
  .0003388	-3.039216E-02	 7.647059E-02	
  .0003392	-2.843137E-02	 7.254902E-02	
  .0003396	-3.039216E-02	 7.254902E-02	
  .00034	-3.039216E-02	 7.647059E-02	
  .0003404	-3.235294E-02	 7.254902E-02	
  .0003408	-3.235294E-02	 7.647059E-02	
  .0003412	-3.235294E-02	 7.647059E-02	
  .0003416	-3.235294E-02	 7.647059E-02	
  .000342	-3.627451E-02	 7.647059E-02	
  .0003424	-3.627451E-02	 7.647059E-02	
  .0003428	-3.431373E-02	 7.647059E-02	
  .0003432	-3.627451E-02	 7.647059E-02	
  .0003436	-3.627451E-02	 8.039216E-02	
  .000344	-.0382353	 8.039216E-02	
  .0003444	-3.627451E-02	 7.647059E-02	
  .0003448	-3.431373E-02	 7.254902E-02	
  .0003452	-3.431373E-02	 7.647059E-02	
  .0003456	-.0382353	 7.647059E-02	
  .000346	-4.019608E-02	 7.647059E-02	
  .0003464	-3.627451E-02	 8.039216E-02	
  .0003468	-3.627451E-02	 8.431373E-02	
  .0003472	-.0382353	 7.254902E-02	
  .0003476	-.0382353	 7.254902E-02	
  .000348	-3.627451E-02	 7.647059E-02	
  .0003484	-.0382353	 8.039216E-02	
  .0003488	-.0382353	 7.647059E-02	
  .0003492	-.0382353	 6.862745E-02	
  .0003496	-.0382353	 7.647059E-02	
  .00035	-3.627451E-02	 7.647059E-02	
  .0003504	-.0382353	 6.862745E-02	
  .0003508	-.0382353	 7.254902E-02	
  .0003512	-.0382353	 7.254902E-02	
  .0003516	-3.627451E-02	 6.862745E-02	
  .000352	-4.019608E-02	 7.254902E-02	
  .0003524	-4.019608E-02	 7.254902E-02	
  .0003528	-.0382353	 6.470589E-02	
  .0003532	-3.627451E-02	 6.862745E-02	
  .0003536	-.0382353	 6.862745E-02	
  .000354	-.0382353	 6.470589E-02	
  .0003544	-.0382353	 7.254902E-02	
  .0003548	-.0382353	 6.470589E-02	
  .0003552	-3.627451E-02	 6.470589E-02	
  .0003556	-.0382353	 6.862745E-02	
  .000356	-3.431373E-02	 6.470589E-02	
  .0003564	-3.627451E-02	 6.078431E-02	
  .0003568	-.0382353	 6.078431E-02	
  .0003572	-3.627451E-02	 6.078431E-02	
  .0003576	-3.431373E-02	 5.294118E-02	
  .000358	-3.431373E-02	 5.686275E-02	
  .0003584	-3.431373E-02	 6.078431E-02	
  .0003588	-3.431373E-02	 5.294118E-02	
  .0003592	-3.235294E-02	 5.294118E-02	
  .0003596	-3.235294E-02	 5.294118E-02	
  .00036	-3.039216E-02	 4.901961E-02	
  .0003604	-3.235294E-02	 5.294118E-02	
  .0003608	-3.235294E-02	 4.509804E-02	
  .0003612	-3.235294E-02	 4.509804E-02	
  .0003616	-3.039216E-02	 4.509804E-02	
  .000362	-3.039216E-02	 4.509804E-02	
  .0003624	-3.039216E-02	 4.117647E-02	
  .0003628	-2.843137E-02	 .0372549	
  .0003632	-3.039216E-02	 4.117647E-02	
  .0003636	-2.843137E-02	 .0372549	
  .000364	-3.039216E-02	 4.117647E-02	
  .0003644	-2.647059E-02	 .0372549	
  .0003648	-2.647059E-02	 3.333334E-02	
  .0003652	-2.843137E-02	 .0372549	
  .0003656	-2.647059E-02	 .0372549	
  .000366	-2.647059E-02	 .0254902	
  .0003664	-.0245098	 .0254902	
  .0003668	-.0245098	 2.941176E-02	
  .0003672	-2.647059E-02	 2.156863E-02	
  .0003676	-.0245098	 2.156863E-02	
  .000368	-2.254902E-02	 .0254902	
  .0003684	-2.254902E-02	 .0254902	
  .0003688	-2.254902E-02	 1.764706E-02	
  .0003692	-2.058824E-02	 1.764706E-02	
  .0003696	-1.862745E-02	 1.372549E-02	
  .00037	-1.862745E-02	 1.764706E-02	
  .0003704	-1.862745E-02	 1.372549E-02	
  .0003708	-1.862745E-02	 9.803922E-03	
  .0003712	-1.862745E-02	 1.372549E-02	
  .0003716	-1.666667E-02	 9.803922E-03	
  .000372	-1.470588E-02	 5.882353E-03	
  .0003724	-1.470588E-02	 1.960784E-03	
  .0003728	-1.470588E-02	 1.960784E-03	
  .0003732	-.0127451	-1.960784E-03	
  .0003736	-1.470588E-02	-5.882353E-03	
  .000374	-1.470588E-02	-1.960784E-03	
  .0003744	-1.078431E-02	-5.882353E-03	
  .0003748	-8.82353E-03	-1.960784E-03	
  .0003752	-1.078431E-02	-5.882353E-03	
  .0003756	-1.078431E-02	-9.803922E-03	
  .000376	-8.82353E-03	-9.803922E-03	
  .0003764	-6.862745E-03	-5.882353E-03	
  .0003768	-8.82353E-03	-9.803922E-03	
  .0003772	-8.82353E-03	-1.372549E-02	
  .0003776	-6.862745E-03	-9.803922E-03	
  .000378	-6.862745E-03	-1.764706E-02	
  .0003784	-4.901961E-03	-1.764706E-02	
  .0003788	-2.941177E-03	-2.156863E-02	
  .0003792	-2.941177E-03	-1.764706E-02	
  .0003796	-9.803922E-04	-2.156863E-02	
  .00038	-2.941177E-03	-.0254902	
  .0003804	-2.941177E-03	-2.941176E-02	
  .0003808	 2.941177E-03	-.0254902	
  .0003812	 2.941177E-03	-.0254902	
  .0003816	-9.803922E-04	-2.941176E-02	
  .000382	 2.941177E-03	-2.941176E-02	
  .0003824	 2.941177E-03	-3.333334E-02	
  .0003828	 2.941177E-03	-3.333334E-02	
  .0003832	 2.941177E-03	-.0254902	
  .0003836	 4.901961E-03	-2.941176E-02	
  .000384	 4.901961E-03	-3.333334E-02	
  .0003844	 6.862745E-03	-.0372549	
  .0003848	 6.862745E-03	-.0372549	
  .0003852	 6.862745E-03	-.0372549	
  .0003856	 8.82353E-03	-.0372549	
  .000386	 8.82353E-03	-4.117647E-02	
  .0003864	 8.82353E-03	-.0372549	
  .0003868	 1.078431E-02	-4.509804E-02	
  .0003872	 1.078431E-02	-4.901961E-02	
  .0003876	 .0127451	-4.509804E-02	
  .000388	 1.470588E-02	-4.509804E-02	
  .0003884	 1.470588E-02	-4.509804E-02	
  .0003888	 1.470588E-02	-5.294118E-02	
  .0003892	 1.666667E-02	-4.901961E-02	
  .0003896	 1.862745E-02	-4.901961E-02	
  .00039	 1.470588E-02	-5.294118E-02	
  .0003904	 1.666667E-02	-5.294118E-02	
  .0003908	 1.862745E-02	-4.901961E-02	
  .0003912	 1.862745E-02	-4.901961E-02	
  .0003916	 2.058824E-02	-5.686275E-02	
  .000392	 2.254902E-02	-5.686275E-02	
  .0003924	 2.254902E-02	-5.686275E-02	
  .0003928	 2.254902E-02	-5.294118E-02	
  .0003932	 2.254902E-02	-5.686275E-02	
  .0003936	 .0245098	-5.686275E-02	
  .000394	 2.647059E-02	-5.686275E-02	
  .0003944	 2.647059E-02	-6.078431E-02	
  .0003948	 2.843137E-02	-5.686275E-02	
  .0003952	 2.647059E-02	-5.686275E-02	
  .0003956	 3.039216E-02	-6.078431E-02	
  .000396	 2.843137E-02	-6.078431E-02	
  .0003964	 2.843137E-02	-6.078431E-02	
  .0003968	 2.843137E-02	-6.470589E-02	
  .0003972	 3.039216E-02	-6.470589E-02	
  .0003976	 3.039216E-02	-6.078431E-02	
  .000398	 3.235294E-02	-6.078431E-02	
  .0003984	 3.431373E-02	-6.470589E-02	
  .0003988	 3.235294E-02	-6.078431E-02	
  .0003992	 3.431373E-02	-6.862745E-02	
  .0003996	 3.431373E-02	-6.470589E-02	
  .0004	 3.235294E-02	-6.078431E-02	
  .0004004	 3.431373E-02	-6.470589E-02	
  .0004008	 3.431373E-02	-6.078431E-02	
  .0004012	 3.431373E-02	-6.078431E-02	
  .0004016	 3.431373E-02	-6.078431E-02	
  .000402	 3.235294E-02	-6.470589E-02	
  .0004024	 3.627451E-02	-6.470589E-02	
  .0004028	 3.431373E-02	-6.470589E-02	
  .0004032	 3.627451E-02	-6.078431E-02	
  .0004036	 3.431373E-02	-6.078431E-02	
  .000404	 3.627451E-02	-6.470589E-02	
  .0004044	 3.431373E-02	-6.078431E-02	
  .0004048	 3.627451E-02	-6.078431E-02	
  .0004052	 3.431373E-02	-6.078431E-02	
  .0004056	 3.431373E-02	-6.470589E-02	
  .000406	 3.627451E-02	-6.078431E-02	
  .0004064	 3.235294E-02	-6.078431E-02	
  .0004068	 3.627451E-02	-6.470589E-02	
  .0004072	 3.627451E-02	-6.470589E-02	
  .0004076	 3.431373E-02	-6.078431E-02	
  .000408	 3.431373E-02	-6.078431E-02	
  .0004084	 3.627451E-02	-5.686275E-02	
  .0004088	 3.627451E-02	-6.078431E-02	
  .0004092	 3.431373E-02	-6.078431E-02	
  .0004096	 .0382353	-5.294118E-02	
  .00041	 3.431373E-02	-5.686275E-02	
  .0004104	 3.627451E-02	-5.686275E-02	
  .0004108	 3.627451E-02	-5.686275E-02	
  .0004112	 3.431373E-02	-5.294118E-02	
  .0004116	 3.627451E-02	-5.686275E-02	
  .000412	 3.627451E-02	-5.294118E-02	
  .0004124	 3.627451E-02	-4.901961E-02	
  .0004128	 3.431373E-02	-4.901961E-02	
  .0004132	 3.431373E-02	-4.901961E-02	
  .0004136	 3.235294E-02	-4.901961E-02	
  .000414	 3.431373E-02	-4.901961E-02	
  .0004144	 3.431373E-02	-4.509804E-02	
  .0004148	 3.235294E-02	-4.509804E-02	
  .0004152	 3.039216E-02	-4.509804E-02	
  .0004156	 3.235294E-02	-4.117647E-02	
  .000416	 3.431373E-02	-.0372549	
  .0004164	 3.039216E-02	-4.117647E-02	
  .0004168	 3.235294E-02	-4.117647E-02	
  .0004172	 3.039216E-02	-4.117647E-02	
  .0004176	 3.039216E-02	-.0372549	
  .000418	 2.843137E-02	-4.117647E-02	
  .0004184	 2.843137E-02	-.0372549	
  .0004188	 3.039216E-02	-.0372549	
  .0004192	 3.039216E-02	-.0372549	
  .0004196	 2.843137E-02	-.0372549	
  .00042	 2.647059E-02	-.0372549	
  .0004204	 2.843137E-02	-2.941176E-02	
  .0004208	 3.039216E-02	-3.333334E-02	
  .0004212	 2.647059E-02	-3.333334E-02	
  .0004216	 2.647059E-02	-.0254902	
  .000422	 2.647059E-02	-2.941176E-02	
  .0004224	 2.647059E-02	-3.333334E-02	
  .0004228	 .0245098	-.0254902	
  .0004232	 .0245098	-2.941176E-02	
  .0004236	 .0245098	-2.941176E-02	
  .000424	 .0245098	-.0254902	
  .0004244	 2.254902E-02	-.0254902	
  .0004248	 2.254902E-02	-.0254902	
  .0004252	 2.058824E-02	-2.156863E-02	
  .0004256	 2.254902E-02	-1.764706E-02	
  .000426	 2.058824E-02	-9.803922E-03	
  .0004264	 2.058824E-02	-1.764706E-02	
  .0004268	 2.058824E-02	-1.764706E-02	
  .0004272	 2.254902E-02	-1.372549E-02	
  .0004276	 2.058824E-02	-1.372549E-02	
  .000428	 1.862745E-02	-1.372549E-02	
  .0004284	 1.470588E-02	-1.372549E-02	
  .0004288	 1.666667E-02	-5.882353E-03	
  .0004292	 2.058824E-02	-1.960784E-03	
  .0004296	 1.666667E-02	-5.882353E-03	
  .00043	 1.666667E-02	-9.803922E-03	
  .0004304	 1.666667E-02	-5.882353E-03	
  .0004308	 1.470588E-02	 1.960784E-03	
  .0004312	 1.666667E-02	-1.960784E-03	
  .0004316	 .0127451	 1.960784E-03	
  .000432	 .0127451	-1.960784E-03	
  .0004324	 .0127451	-1.960784E-03	
  .0004328	 1.078431E-02	 1.960784E-03	
  .0004332	 1.078431E-02	-1.960784E-03	
  .0004336	 .0127451	 5.882353E-03	
  .000434	 1.078431E-02	 9.803922E-03	
  .0004344	 .0127451	 1.960784E-03	
  .0004348	 6.862745E-03	 1.372549E-02	
  .0004352	 1.078431E-02	 5.882353E-03	
  .0004356	 1.078431E-02	 9.803922E-03	
  .000436	 6.862745E-03	 1.764706E-02	
  .0004364	 6.862745E-03	 9.803922E-03	
  .0004368	 6.862745E-03	 9.803922E-03	
  .0004372	 6.862745E-03	 1.372549E-02	
  .0004376	 4.901961E-03	 1.764706E-02	
  .000438	 6.862745E-03	 1.764706E-02	
  .0004384	 6.862745E-03	 1.372549E-02	
  .0004388	 4.901961E-03	 2.156863E-02	
  .0004392	 4.901961E-03	 2.156863E-02	
  .0004396	 4.901961E-03	 2.941176E-02	
  .00044	 9.803922E-04	 1.764706E-02	
  .0004404	 2.941177E-03	 .0254902	
  .0004408	 2.941177E-03	 .0254902	
  .0004412	 9.803922E-04	 2.941176E-02	
  .0004416	-2.941177E-03	 2.156863E-02	
  .000442	-9.803922E-04	 2.156863E-02	
  .0004424	-9.803922E-04	 .0254902	
  .0004428	-9.803922E-04	 2.941176E-02	
  .0004432	-2.941177E-03	 2.941176E-02	
  .0004436	-2.941177E-03	 3.333334E-02	
  .000444	-2.941177E-03	 2.941176E-02	
  .0004444	-4.901961E-03	 .0372549	
  .0004448	-6.862745E-03	 3.333334E-02	
  .0004452	-4.901961E-03	 .0254902	
  .0004456	-4.901961E-03	 3.333334E-02	
  .000446	-6.862745E-03	 .0372549	
  .0004464	-8.82353E-03	 3.333334E-02	
  .0004468	-6.862745E-03	 .0372549	
  .0004472	-6.862745E-03	 3.333334E-02	
  .0004476	-8.82353E-03	 .0372549	
  .000448	-1.078431E-02	 .0372549	
  .0004484	-8.82353E-03	 3.333334E-02	
  .0004488	-1.078431E-02	 4.117647E-02	
  .0004492	-1.078431E-02	 4.117647E-02	
  .0004496	-.0127451	 4.117647E-02	
  .00045	-1.078431E-02	 .0372549	
  .0004504	-8.82353E-03	 4.509804E-02	
  .0004508	-.0127451	 4.509804E-02	
  .0004512	-.0127451	 4.509804E-02	
  .0004516	-.0127451	 .0372549	
  .000452	-1.470588E-02	 4.509804E-02	
  .0004524	-1.470588E-02	 4.117647E-02	
  .0004528	-1.470588E-02	 4.509804E-02	
  .0004532	-1.470588E-02	 4.509804E-02	
  .0004536	-1.470588E-02	 4.117647E-02	
  .000454	-1.470588E-02	 4.509804E-02	
  .0004544	-1.666667E-02	 4.509804E-02	
  .0004548	-1.862745E-02	 5.294118E-02	
  .0004552	-1.470588E-02	 4.117647E-02	
  .0004556	-1.862745E-02	 4.901961E-02	
  .000456	-1.862745E-02	 4.901961E-02	
  .0004564	-2.058824E-02	 4.509804E-02	
  .0004568	-1.862745E-02	 4.509804E-02	
  .0004572	-1.862745E-02	 4.901961E-02	
  .0004576	-2.058824E-02	 5.294118E-02	
  .000458	-2.254902E-02	 4.901961E-02	
  .0004584	-2.058824E-02	 4.509804E-02	
  .0004588	-1.862745E-02	 4.509804E-02	
  .0004592	-2.058824E-02	 4.117647E-02	
  .0004596	-2.254902E-02	 4.117647E-02	
  .00046	-1.862745E-02	 4.509804E-02	
  .0004604	-2.058824E-02	 4.901961E-02	
  .0004608	-2.058824E-02	 4.509804E-02	
  .0004612	-2.058824E-02	 4.901961E-02	
  .0004616	-2.058824E-02	 4.117647E-02	
  .000462	-2.058824E-02	 4.509804E-02	
  .0004624	-2.254902E-02	 4.901961E-02	
  .0004628	-.0245098	 4.901961E-02	
  .0004632	-2.058824E-02	 4.117647E-02	
  .0004636	-2.254902E-02	 4.509804E-02	
  .000464	-2.254902E-02	 4.509804E-02	
  .0004644	-2.254902E-02	 4.901961E-02	
  .0004648	-2.254902E-02	 4.509804E-02	
  .0004652	-2.254902E-02	 4.117647E-02	
  .0004656	-2.254902E-02	 4.901961E-02	
  .000466	-2.254902E-02	 4.509804E-02	
  .0004664	-2.254902E-02	 4.117647E-02	
  .0004668	-2.254902E-02	 .0372549	
  .0004672	-2.254902E-02	 4.117647E-02	
  .0004676	-2.254902E-02	 .0372549	
  .000468	-2.254902E-02	 .0372549	
  .0004684	-2.254902E-02	 4.117647E-02	
  .0004688	-2.058824E-02	 4.117647E-02	
  .0004692	-2.254902E-02	 .0372549	
  .0004696	-2.254902E-02	 3.333334E-02	
  .00047	-2.058824E-02	 .0372549	
  .0004704	-2.058824E-02	 4.117647E-02	
  .0004708	-2.058824E-02	 3.333334E-02	
  .0004712	-2.254902E-02	 3.333334E-02	
  .0004716	-2.058824E-02	 2.941176E-02	
  .000472	-2.058824E-02	 2.941176E-02	
  .0004724	-2.058824E-02	 .0372549	
  .0004728	-2.058824E-02	 .0254902	
  .0004732	-2.058824E-02	 .0372549	
  .0004736	-1.862745E-02	 3.333334E-02	
  .000474	-2.058824E-02	 3.333334E-02	
  .0004744	-1.862745E-02	 3.333334E-02	
  .0004748	-1.862745E-02	 2.941176E-02	
  .0004752	-1.862745E-02	 .0254902	
  .0004756	-1.862745E-02	 2.941176E-02	
  .000476	-2.058824E-02	 .0254902	
  .0004764	-1.862745E-02	 2.156863E-02	
  .0004768	-1.862745E-02	 2.941176E-02	
  .0004772	-1.666667E-02	 .0254902	
  .0004776	-1.666667E-02	 .0254902	
  .000478	-1.470588E-02	 .0254902	
  .0004784	-1.666667E-02	 2.156863E-02	
  .0004788	-1.470588E-02	 1.764706E-02	
  .0004792	-1.470588E-02	 2.941176E-02	
  .0004796	-1.666667E-02	 2.156863E-02	
  .00048	-1.470588E-02	 1.764706E-02	
  .0004804	-.0127451	 1.764706E-02	
  .0004808	-.0127451	 2.156863E-02	
  .0004812	-1.666667E-02	 9.803922E-03	
  .0004816	-1.470588E-02	 9.803922E-03	
  .000482	-.0127451	 9.803922E-03	
  .0004824	-.0127451	 1.372549E-02	
  .0004828	-.0127451	 5.882353E-03	
  .0004832	-.0127451	 9.803922E-03	
  .0004836	-1.078431E-02	 9.803922E-03	
  .000484	-1.078431E-02	 1.372549E-02	
  .0004844	-1.078431E-02	 9.803922E-03	
  .0004848	-1.078431E-02	 9.803922E-03	
  .0004852	-8.82353E-03	 5.882353E-03	
  .0004856	-1.078431E-02	 5.882353E-03	
  .000486	-1.078431E-02	-1.960784E-03	
  .0004864	-6.862745E-03	-1.960784E-03	
  .0004868	-6.862745E-03	 5.882353E-03	
  .0004872	-8.82353E-03	 1.960784E-03	
  .0004876	-6.862745E-03	 1.960784E-03	
  .000488	-6.862745E-03	 1.960784E-03	
  .0004884	-6.862745E-03	 1.960784E-03	
  .0004888	-2.941177E-03	-1.960784E-03	
  .0004892	-6.862745E-03	-5.882353E-03	
  .0004896	-4.901961E-03	-5.882353E-03	
  .00049	-4.901961E-03	-5.882353E-03	
  .0004904	-4.901961E-03	-1.960784E-03	
  .0004908	-4.901961E-03	-5.882353E-03	
  .0004912	-2.941177E-03	-9.803922E-03	
  .0004916	-9.803922E-04	-5.882353E-03	
  .000492	-4.901961E-03	-5.882353E-03	
  .0004924	-2.941177E-03	-1.372549E-02	
  .0004928	-2.941177E-03	-9.803922E-03	
  .0004932	-9.803922E-04	-9.803922E-03	
  .0004936	 9.803922E-04	-9.803922E-03	
  .000494	-9.803922E-04	-9.803922E-03	
  .0004944	-9.803922E-04	-9.803922E-03	
  .0004948	 9.803922E-04	-1.372549E-02	
  .0004952	 9.803922E-04	-1.372549E-02	
  .0004956	-9.803922E-04	-1.372549E-02	
  .000496	 9.803922E-04	-2.156863E-02	
  .0004964	 9.803922E-04	-1.764706E-02	
  .0004968	 9.803922E-04	-1.764706E-02	
  .0004972	 2.941177E-03	-1.372549E-02	
  .0004976	 2.941177E-03	-1.764706E-02	
  .000498	 2.941177E-03	-2.156863E-02	
  .0004984	 4.901961E-03	-2.156863E-02	
  .0004988	 2.941177E-03	-2.156863E-02	
  .0004992	 4.901961E-03	-2.156863E-02	
  .0004996	 6.862745E-03	-2.156863E-02	
  .0005	 6.862745E-03	-.0254902	
  .0005004	 4.901961E-03	-2.156863E-02	
  .0005008	 6.862745E-03	-.0254902	
  .0005012	 8.82353E-03	-.0254902	
  .0005016	 6.862745E-03	-2.941176E-02	
  .000502	 6.862745E-03	-2.156863E-02	
  .0005024	 6.862745E-03	-2.156863E-02	
  .0005028	 8.82353E-03	-3.333334E-02	
  .0005032	 1.078431E-02	-.0254902	
  .0005036	 1.078431E-02	-2.941176E-02	
  .000504	 8.82353E-03	-2.941176E-02	
  .0005044	 8.82353E-03	-2.941176E-02	
  .0005048	 1.078431E-02	-2.941176E-02	
  .0005052	 1.078431E-02	-1.764706E-02	
  .0005056	 1.078431E-02	-3.333334E-02	
  .000506	 1.470588E-02	-.0372549	
  .0005064	 .0127451	-2.941176E-02	
  .0005068	 .0127451	-2.941176E-02	
  .0005072	 1.470588E-02	-3.333334E-02	
  .0005076	 .0127451	-3.333334E-02	
  .000508	 1.470588E-02	-.0372549	
  .0005084	 1.666667E-02	-2.941176E-02	
  .0005088	 1.470588E-02	-3.333334E-02	
  .0005092	 1.470588E-02	-4.117647E-02	
  .0005096	 1.862745E-02	-2.941176E-02	
  .00051	 1.666667E-02	-3.333334E-02	
  .0005104	 1.666667E-02	-3.333334E-02	
  .0005108	 1.666667E-02	-.0372549	
  .0005112	 1.666667E-02	-.0372549	
  .0005116	 1.862745E-02	-4.117647E-02	
  .000512	 1.862745E-02	-3.333334E-02	
  .0005124	 1.862745E-02	-4.117647E-02	
  .0005128	 1.862745E-02	-.0372549	
  .0005132	 1.862745E-02	-3.333334E-02	
  .0005136	 2.058824E-02	-.0372549	
  .000514	 2.058824E-02	-3.333334E-02	
  .0005144	 2.254902E-02	-.0372549	
  .0005148	 2.254902E-02	-4.117647E-02	
  .0005152	 1.862745E-02	-.0372549	
  .0005156	 2.058824E-02	-.0372549	
  .000516	 2.058824E-02	-.0372549	
  .0005164	 2.058824E-02	-3.333334E-02	
  .0005168	 2.058824E-02	-.0372549	
  .0005172	 2.254902E-02	-.0372549	
  .0005176	 .0245098	-3.333334E-02	
  .000518	 2.254902E-02	-.0372549	
  .0005184	 .0245098	-.0372549	
  .0005188	 2.254902E-02	-3.333334E-02	
  .0005192	 2.254902E-02	-4.117647E-02	
  .0005196	 2.254902E-02	-.0372549	
  .00052	 2.254902E-02	-3.333334E-02	
  .0005204	 2.254902E-02	-3.333334E-02	
  .0005208	 2.058824E-02	-.0372549	
  .0005212	 2.254902E-02	-3.333334E-02	
  .0005216	 2.254902E-02	-.0372549	
  .000522	 2.254902E-02	-3.333334E-02	
  .0005224	 2.058824E-02	-.0372549	
  .0005228	 2.254902E-02	-3.333334E-02	
  .0005232	 2.254902E-02	-3.333334E-02	
  .0005236	 2.254902E-02	-3.333334E-02	
  .000524	 2.058824E-02	-2.941176E-02	
  .0005244	 2.254902E-02	-.0372549	
  .0005248	 .0245098	-3.333334E-02	
  .0005252	 2.058824E-02	-2.941176E-02	
  .0005256	 2.254902E-02	-.0372549	
  .000526	 2.254902E-02	-3.333334E-02	
  .0005264	 2.254902E-02	-.0372549	
  .0005268	 2.058824E-02	-2.941176E-02	
  .0005272	 2.254902E-02	-3.333334E-02	
  .0005276	 2.254902E-02	-2.941176E-02	
  .000528	 2.254902E-02	-2.941176E-02	
  .0005284	 2.254902E-02	-2.941176E-02	
  .0005288	 2.254902E-02	-3.333334E-02	
  .0005292	 2.254902E-02	-2.941176E-02	
  .0005296	 2.254902E-02	-.0254902	
  .00053	 2.254902E-02	-.0254902	
  .0005304	 2.058824E-02	-2.941176E-02	
  .0005308	 2.058824E-02	-2.941176E-02	
  .0005312	 1.862745E-02	-.0254902	
  .0005316	 1.862745E-02	-2.156863E-02	
  .000532	 2.058824E-02	-2.941176E-02	
  .0005324	 1.862745E-02	-2.156863E-02	
  .0005328	 1.862745E-02	-.0254902	
  .0005332	 2.058824E-02	-.0254902	
  .0005336	 2.058824E-02	-2.156863E-02	
  .000534	 1.666667E-02	-2.156863E-02	
  .0005344	 1.862745E-02	-.0254902	
  .0005348	 1.862745E-02	-1.764706E-02	
  .0005352	 1.666667E-02	-2.156863E-02	
  .0005356	 1.666667E-02	-.0254902	
  .000536	 1.666667E-02	-1.764706E-02	
  .0005364	 1.666667E-02	-2.156863E-02	
  .0005368	 1.666667E-02	-1.764706E-02	
  .0005372	 1.666667E-02	-1.764706E-02	
  .0005376	 1.470588E-02	-1.764706E-02	
  .000538	 1.666667E-02	-1.764706E-02	
  .0005384	 1.470588E-02	-1.764706E-02	
  .0005388	 .0127451	-2.156863E-02	
  .0005392	 1.470588E-02	-1.764706E-02	
  .0005396	 1.470588E-02	-1.372549E-02	
  .00054	 1.470588E-02	-9.803922E-03	
  .0005404	 .0127451	-1.372549E-02	
  .0005408	 1.470588E-02	-9.803922E-03	
  .0005412	 .0127451	-1.372549E-02	
  .0005416	 .0127451	-5.882353E-03	
  .000542	 .0127451	-9.803922E-03	
  .0005424	 .0127451	-1.372549E-02	
  .0005428	 .0127451	-1.960784E-03	
  .0005432	 .0127451	-5.882353E-03	
  .0005436	 1.078431E-02	-5.882353E-03	
  .000544	 1.078431E-02	-1.960784E-03	
  .0005444	 1.078431E-02	-5.882353E-03	
  .0005448	 1.078431E-02	 5.882353E-03	
  .0005452	 8.82353E-03	-9.803922E-03	
  .0005456	 1.078431E-02	-1.960784E-03	
  .000546	 1.078431E-02	-1.960784E-03	
  .0005464	 1.078431E-02	 1.960784E-03	
  .0005468	 8.82353E-03	-1.960784E-03	
  .0005472	 6.862745E-03	-1.960784E-03	
  .0005476	 8.82353E-03	-5.882353E-03	
  .000548	 1.078431E-02	-1.960784E-03	
  .0005484	 6.862745E-03	 1.960784E-03	
  .0005488	 4.901961E-03	-1.960784E-03	
  .0005492	 8.82353E-03	 5.882353E-03	
  .0005496	 8.82353E-03	 9.803922E-03	
  .00055	 4.901961E-03	 5.882353E-03	
  .0005504	 4.901961E-03	 9.803922E-03	
  .0005508	 4.901961E-03	 1.960784E-03	
  .0005512	 4.901961E-03	 1.960784E-03	
  .0005516	 4.901961E-03	 9.803922E-03	
  .000552	 2.941177E-03	 1.960784E-03	
  .0005524	 4.901961E-03	 9.803922E-03	
  .0005528	 4.901961E-03	 9.803922E-03	
  .0005532	 2.941177E-03	 5.882353E-03	
  .0005536	 9.803922E-04	 1.764706E-02	
  .000554	 4.901961E-03	 9.803922E-03	
  .0005544	 2.941177E-03	 9.803922E-03	
  .0005548	 9.803922E-04	 1.372549E-02	
  .0005552	 9.803922E-04	 1.372549E-02	
  .0005556	 2.941177E-03	 9.803922E-03	
  .000556	 9.803922E-04	 9.803922E-03	
  .0005564	 2.941177E-03	 1.372549E-02	
  .0005568	 9.803922E-04	 1.764706E-02	
  .0005572	 9.803922E-04	 1.372549E-02	
  .0005576	-9.803922E-04	 1.372549E-02	
  .000558	 2.941177E-03	 1.372549E-02	
  .0005584	 9.803922E-04	 2.156863E-02	
  .0005588	-2.941177E-03	 1.372549E-02	
  .0005592	-9.803922E-04	 1.372549E-02	
  .0005596	-9.803922E-04	 1.764706E-02	
  .00056	-2.941177E-03	 2.156863E-02	
  .0005604	-2.941177E-03	 1.764706E-02	
  .0005608	-2.941177E-03	 1.372549E-02	
  .0005612	-2.941177E-03	 2.156863E-02	
  .0005616	-2.941177E-03	 2.156863E-02	
  .000562	-2.941177E-03	 1.764706E-02	
  .0005624	-2.941177E-03	 1.764706E-02	
  .0005628	-4.901961E-03	 1.764706E-02	
  .0005632	-2.941177E-03	 .0254902	
  .0005636	-4.901961E-03	 .0254902	
  .000564	-2.941177E-03	 1.764706E-02	
  .0005644	-2.941177E-03	 .0254902	
  .0005648	-6.862745E-03	 2.156863E-02	
  .0005652	-6.862745E-03	 1.764706E-02	
  .0005656	-4.901961E-03	 .0254902	
  .000566	-4.901961E-03	 .0254902	
  .0005664	-6.862745E-03	 .0254902	
  .0005668	-6.862745E-03	 .0254902	
  .0005672	-6.862745E-03	 1.764706E-02	
  .0005676	-6.862745E-03	 2.156863E-02	
  .000568	-6.862745E-03	 2.156863E-02	
  .0005684	-8.82353E-03	 2.156863E-02	
  .0005688	-6.862745E-03	 2.156863E-02	
  .0005692	-6.862745E-03	 2.941176E-02	
  .0005696	-8.82353E-03	 2.156863E-02	
  .00057	-8.82353E-03	 .0254902	
  .0005704	-8.82353E-03	 2.156863E-02	
  .0005708	-8.82353E-03	 .0254902	
  .0005712	-8.82353E-03	 .0254902	
  .0005716	-8.82353E-03	 2.156863E-02	
  .000572	-1.078431E-02	 2.941176E-02	
  .0005724	-1.078431E-02	 .0254902	
  .0005728	-8.82353E-03	 .0254902	
  .0005732	-8.82353E-03	 .0254902	
  .0005736	-1.078431E-02	 2.941176E-02	
  .000574	-1.078431E-02	 2.156863E-02	
  .0005744	-1.078431E-02	 2.941176E-02	
  .0005748	-1.078431E-02	 2.156863E-02	
  .0005752	-.0127451	 .0254902	
  .0005756	-1.078431E-02	 .0254902	
  .000576	-1.078431E-02	 .0254902	
  .0005764	-1.078431E-02	 .0254902	
  .0005768	-.0127451	 2.156863E-02	
  .0005772	-1.078431E-02	 2.941176E-02	
  .0005776	-8.82353E-03	 2.941176E-02	
  .000578	-.0127451	 .0254902	
  .0005784	-1.470588E-02	 2.156863E-02	
  .0005788	-.0127451	 .0254902	
  .0005792	-.0127451	 2.941176E-02	
  .0005796	-1.078431E-02	 .0254902	
  .00058	-.0127451	 2.941176E-02	
  .0005804	-8.82353E-03	 2.156863E-02	
  .0005808	-.0127451	 2.156863E-02	
  .0005812	-.0127451	 .0254902	
  .0005816	-.0127451	 2.156863E-02	
  .000582	-1.078431E-02	 1.764706E-02	
  .0005824	-1.078431E-02	 .0254902	
  .0005828	-1.078431E-02	 2.156863E-02	
  .0005832	-1.078431E-02	 1.764706E-02	
  .0005836	-1.470588E-02	 2.156863E-02	
  .000584	-.0127451	 2.156863E-02	
  .0005844	-1.078431E-02	 .0254902	
  .0005848	-.0127451	 2.156863E-02	
  .0005852	-.0127451	 1.764706E-02	
  .0005856	-.0127451	 2.156863E-02	
  .000586	-8.82353E-03	 .0254902	
  .0005864	-1.078431E-02	 1.764706E-02	
  .0005868	-.0127451	 1.764706E-02	
  .0005872	-1.078431E-02	 1.764706E-02	
  .0005876	-6.862745E-03	 1.764706E-02	
  .000588	-1.078431E-02	 1.372549E-02	
  .0005884	-1.078431E-02	 9.803922E-03	
  .0005888	-8.82353E-03	 1.372549E-02	
  .0005892	-8.82353E-03	 2.156863E-02	
  .0005896	-1.078431E-02	 1.372549E-02	
  .00059	-1.078431E-02	 1.764706E-02	
  .0005904	-1.078431E-02	 1.764706E-02	
  .0005908	-8.82353E-03	 9.803922E-03	
  .0005912	-.0127451	 1.764706E-02	
  .0005916	-8.82353E-03	 1.372549E-02	
  .000592	-6.862745E-03	 1.372549E-02	
  .0005924	-6.862745E-03	 1.372549E-02	
  .0005928	-6.862745E-03	 1.764706E-02	
  .0005932	-1.078431E-02	 1.372549E-02	
  .0005936	-6.862745E-03	 9.803922E-03	
  .000594	-6.862745E-03	 9.803922E-03	
  .0005944	-8.82353E-03	 1.372549E-02	
  .0005948	-8.82353E-03	 9.803922E-03	
  .0005952	-6.862745E-03	 9.803922E-03	
  .0005956	-6.862745E-03	 1.372549E-02	
  .000596	-6.862745E-03	 9.803922E-03	
  .0005964	-6.862745E-03	 5.882353E-03	
  .0005968	-4.901961E-03	 9.803922E-03	
  .0005972	-6.862745E-03	 9.803922E-03	
  .0005976	-4.901961E-03	 5.882353E-03	
  .000598	-4.901961E-03	 1.372549E-02	
  .0005984	-6.862745E-03	 5.882353E-03	
  .0005988	-4.901961E-03	 9.803922E-03	
  .0005992	-4.901961E-03	 1.960784E-03	
  .0005996	-2.941177E-03	 1.960784E-03	
  .0006	-4.901961E-03	 1.960784E-03	
  .0006004	-4.901961E-03	 5.882353E-03	
  .0006008	-4.901961E-03	 9.803922E-03	
  .0006012	-2.941177E-03	 1.960784E-03	
  .0006016	-4.901961E-03	 1.960784E-03	
  .000602	-2.941177E-03	 1.960784E-03	
  .0006024	-2.941177E-03	-1.960784E-03	
  .0006028	-4.901961E-03	 5.882353E-03	
  .0006032	-4.901961E-03	 1.960784E-03	
  .0006036	-2.941177E-03	-1.960784E-03	
  .000604	-9.803922E-04	 1.960784E-03	
  .0006044	-2.941177E-03	 1.960784E-03	
  .0006048	-9.803922E-04	-5.882353E-03	
  .0006052	-9.803922E-04	-5.882353E-03	
  .0006056	-9.803922E-04	-1.960784E-03	
  .000606	-9.803922E-04	-1.960784E-03	
  .0006064	-9.803922E-04	-5.882353E-03	
  .0006068	-9.803922E-04	-9.803922E-03	
  .0006072	-9.803922E-04	-5.882353E-03	
  .0006076	 9.803922E-04	-5.882353E-03	
  .000608	-9.803922E-04	-5.882353E-03	
  .0006084	 9.803922E-04	-5.882353E-03	
  .0006088	 2.941177E-03	-1.960784E-03	
  .0006092	 2.941177E-03	-5.882353E-03	
  .0006096	-9.803922E-04	-9.803922E-03	
  .00061	 9.803922E-04	-1.372549E-02	
  .0006104	 9.803922E-04	-9.803922E-03	
  .0006108	 9.803922E-04	-5.882353E-03	
  .0006112	 2.941177E-03	-5.882353E-03	
  .0006116	 2.941177E-03	-9.803922E-03	
  .000612	 2.941177E-03	-9.803922E-03	
  .0006124	 4.901961E-03	-9.803922E-03	
  .0006128	 6.862745E-03	-1.372549E-02	
  .0006132	 9.803922E-04	-9.803922E-03	
  .0006136	 4.901961E-03	-9.803922E-03	
  .000614	 4.901961E-03	-5.882353E-03	
  .0006144	 2.941177E-03	-1.372549E-02	
  .0006148	 2.941177E-03	-1.372549E-02	
  .0006152	 2.941177E-03	-1.372549E-02	
  .0006156	 2.941177E-03	-9.803922E-03	
  .000616	 4.901961E-03	-9.803922E-03	
  .0006164	 2.941177E-03	-1.372549E-02	
  .0006168	 6.862745E-03	-1.372549E-02	
  .0006172	 4.901961E-03	-1.372549E-02	
  .0006176	 6.862745E-03	-1.764706E-02	
  .000618	 4.901961E-03	-1.372549E-02	
  .0006184	 4.901961E-03	-1.372549E-02	
  .0006188	 8.82353E-03	-1.372549E-02	
  .0006192	 6.862745E-03	-1.372549E-02	
  .0006196	 6.862745E-03	-1.372549E-02	
  .00062	 8.82353E-03	-2.156863E-02	
  .0006204	 6.862745E-03	-1.764706E-02	
  .0006208	 8.82353E-03	-1.372549E-02	
  .0006212	 6.862745E-03	-1.764706E-02	
  .0006216	 8.82353E-03	-1.764706E-02	
  .000622	 6.862745E-03	-2.156863E-02	
  .0006224	 1.078431E-02	-2.156863E-02	
  .0006228	 8.82353E-03	-1.764706E-02	
  .0006232	 8.82353E-03	-2.156863E-02	
  .0006236	 1.078431E-02	-1.764706E-02	
  .000624	 8.82353E-03	-9.803922E-03	
  .0006244	 8.82353E-03	-2.156863E-02	
  .0006248	 1.078431E-02	-.0254902	
  .0006252	 8.82353E-03	-1.764706E-02	
  .0006256	 .0127451	-1.764706E-02	
  .000626	 1.078431E-02	-1.764706E-02	
  .0006264	 8.82353E-03	-.0254902	
  .0006268	 .0127451	-.0254902	
  .0006272	 1.470588E-02	-1.764706E-02	
  .0006276	 .0127451	-1.764706E-02	
  .000628	 1.078431E-02	-.0254902	
  .0006284	 .0127451	-2.156863E-02	
  .0006288	 .0127451	-1.764706E-02	
  .0006292	 1.078431E-02	-.0254902	
  .0006296	 .0127451	-2.156863E-02	
  .00063	 .0127451	-2.156863E-02	
  .0006304	 .0127451	-2.156863E-02	
  .0006308	 1.078431E-02	-1.764706E-02	
  .0006312	 .0127451	-.0254902	
  .0006316	 1.470588E-02	-1.764706E-02	
  .000632	 1.470588E-02	-2.156863E-02	
  .0006324	 1.470588E-02	-2.156863E-02	
  .0006328	 .0127451	-1.372549E-02	
  .0006332	 1.470588E-02	-2.156863E-02	
  .0006336	 1.470588E-02	-2.156863E-02	
  .000634	 1.470588E-02	-2.156863E-02	
  .0006344	 1.470588E-02	-.0254902	
  .0006348	 1.470588E-02	-2.156863E-02	
  .0006352	 .0127451	-1.764706E-02	
  .0006356	 1.470588E-02	-2.156863E-02	
  .000636	 1.666667E-02	-1.764706E-02	
  .0006364	 1.470588E-02	-2.156863E-02	
  .0006368	 1.470588E-02	-2.156863E-02	
  .0006372	 1.666667E-02	-2.156863E-02	
  .0006376	 1.470588E-02	-1.372549E-02	
  .000638	 1.470588E-02	-2.156863E-02	
  .0006384	 1.470588E-02	-1.764706E-02	
  .0006388	 1.470588E-02	-.0254902	
  .0006392	 1.470588E-02	-1.764706E-02	
  .0006396	 .0127451	-2.156863E-02	
  .00064	 1.470588E-02	-1.764706E-02	
  .0006404	 1.470588E-02	-1.764706E-02	
  .0006408	 1.666667E-02	-1.372549E-02	
  .0006412	 .0127451	-2.156863E-02	
  .0006416	 1.470588E-02	-1.764706E-02	
  .000642	 1.470588E-02	-1.764706E-02	
  .0006424	 1.470588E-02	-1.372549E-02	
  .0006428	 1.470588E-02	-1.764706E-02	
  .0006432	 1.470588E-02	-1.764706E-02	
  .0006436	 1.666667E-02	-2.156863E-02	
  .000644	 .0127451	-1.372549E-02	
  .0006444	 .0127451	-2.156863E-02	
  .0006448	 .0127451	-1.764706E-02	
  .0006452	 1.470588E-02	-1.372549E-02	
  .0006456	 .0127451	-1.764706E-02	
  .000646	 .0127451	-1.764706E-02	
  .0006464	 .0127451	-1.372549E-02	
  .0006468	 .0127451	-1.372549E-02	
  .0006472	 .0127451	-1.372549E-02	
  .0006476	 1.078431E-02	-1.764706E-02	
  .000648	 .0127451	-1.372549E-02	
  .0006484	 1.470588E-02	-9.803922E-03	
  .0006488	 1.470588E-02	-1.372549E-02	
  .0006492	 8.82353E-03	-1.372549E-02	
  .0006496	 .0127451	-1.764706E-02	
  .00065	 .0127451	-1.372549E-02	
  .0006504	 1.078431E-02	-1.372549E-02	
  .0006508	 1.078431E-02	-1.372549E-02	
  .0006512	 8.82353E-03	-9.803922E-03	
  .0006516	 8.82353E-03	-1.372549E-02	
  .000652	 1.078431E-02	-9.803922E-03	
  .0006524	 1.078431E-02	-1.372549E-02	
  .0006528	 8.82353E-03	-5.882353E-03	
  .0006532	 8.82353E-03	-9.803922E-03	
  .0006536	 1.078431E-02	-5.882353E-03	
  .000654	 8.82353E-03	-5.882353E-03	
  .0006544	 8.82353E-03	-9.803922E-03	
  .0006548	 1.078431E-02	-9.803922E-03	
  .0006552	 1.078431E-02	-9.803922E-03	
  .0006556	 6.862745E-03	-1.960784E-03	
  .000656	 8.82353E-03	-5.882353E-03	
  .0006564	 8.82353E-03	-9.803922E-03	
  .0006568	 8.82353E-03	-9.803922E-03	
  .0006572	 8.82353E-03	-5.882353E-03	
  .0006576	 6.862745E-03	-1.960784E-03	
  .000658	 8.82353E-03	-5.882353E-03	
  .0006584	 8.82353E-03	-1.960784E-03	
  .0006588	 6.862745E-03	-1.960784E-03	
  .0006592	 6.862745E-03	-5.882353E-03	
  .0006596	 6.862745E-03	-1.960784E-03	
  .00066	 6.862745E-03	-9.803922E-03	
  .0006604	 6.862745E-03	-1.960784E-03	
  .0006608	 4.901961E-03	-1.960784E-03	
  .0006612	 6.862745E-03	-5.882353E-03	
  .0006616	 4.901961E-03	-1.960784E-03	
  .000662	 6.862745E-03	-1.960784E-03	
  .0006624	 6.862745E-03	 5.882353E-03	
  .0006628	 4.901961E-03	 1.960784E-03	
  .0006632	 4.901961E-03	-1.960784E-03	
  .0006636	 4.901961E-03	 5.882353E-03	
  .000664	 6.862745E-03	-1.960784E-03	
  .0006644	 4.901961E-03	 1.960784E-03	
  .0006648	 4.901961E-03	 1.960784E-03	
  .0006652	 2.941177E-03	 5.882353E-03	
  .0006656	 2.941177E-03	 1.960784E-03	
  .000666	 2.941177E-03	-5.882353E-03	
  .0006664	 4.901961E-03	 1.960784E-03	
  .0006668	 6.862745E-03	 5.882353E-03	
  .0006672	 2.941177E-03	-1.960784E-03	
  .0006676	 2.941177E-03	-5.882353E-03	
  .000668	 2.941177E-03	 5.882353E-03	
  .0006684	 4.901961E-03	 5.882353E-03	
  .0006688	 2.941177E-03	 5.882353E-03	
  .0006692	 9.803922E-04	 5.882353E-03	
  .0006696	 4.901961E-03	-1.960784E-03	
  .00067	 9.803922E-04	 5.882353E-03	
  .0006704	 2.941177E-03	 1.960784E-03	
  .0006708	 9.803922E-04	 1.960784E-03	
  .0006712	 2.941177E-03	 9.803922E-03	
  .0006716	 2.941177E-03	 9.803922E-03	
  .000672	 2.941177E-03	 1.960784E-03	
  .0006724	 9.803922E-04	 1.372549E-02	
  .0006728	 9.803922E-04	 5.882353E-03	
  .0006732	 9.803922E-04	 1.960784E-03	
  .0006736	-9.803922E-04	 1.960784E-03	
  .000674	 9.803922E-04	 9.803922E-03	
  .0006744	 9.803922E-04	 9.803922E-03	
  .0006748	 9.803922E-04	 1.764706E-02	
  .0006752	-9.803922E-04	 9.803922E-03	
  .0006756	-9.803922E-04	 1.372549E-02	
  .000676	 9.803922E-04	 9.803922E-03	
  .0006764	-9.803922E-04	 9.803922E-03	
  .0006768	 9.803922E-04	 9.803922E-03	
  .0006772	-2.941177E-03	 1.372549E-02	
  .0006776	-9.803922E-04	 9.803922E-03	
  .000678	-9.803922E-04	 1.372549E-02	
  .0006784	-9.803922E-04	 9.803922E-03	
  .0006788	-9.803922E-04	 1.372549E-02	
  .0006792	-2.941177E-03	 1.960784E-03	
  .0006796	-9.803922E-04	 9.803922E-03	
  .00068	-9.803922E-04	 1.372549E-02	
  .0006804	-9.803922E-04	 1.764706E-02	
  .0006808	-2.941177E-03	 9.803922E-03	
  .0006812	-2.941177E-03	 1.372549E-02	
  .0006816	-9.803922E-04	 1.372549E-02	
  .000682	-2.941177E-03	 1.764706E-02	
  .0006824	-2.941177E-03	 1.372549E-02	
  .0006828	-2.941177E-03	 9.803922E-03	
  .0006832	-9.803922E-04	 9.803922E-03	
  .0006836	-2.941177E-03	 1.372549E-02	
  .000684	-4.901961E-03	 9.803922E-03	
  .0006844	-4.901961E-03	 9.803922E-03	
  .0006848	-2.941177E-03	 1.764706E-02	
  .0006852	-4.901961E-03	 9.803922E-03	
  .0006856	-2.941177E-03	 1.372549E-02	
  .000686	-4.901961E-03	 1.372549E-02	
  .0006864	-4.901961E-03	 1.372549E-02	
  .0006868	-2.941177E-03	 1.372549E-02	
  .0006872	-4.901961E-03	 1.764706E-02	
  .0006876	-4.901961E-03	 9.803922E-03	
  .000688	-2.941177E-03	 2.156863E-02	
  .0006884	-2.941177E-03	 1.764706E-02	
  .0006888	-6.862745E-03	 9.803922E-03	
  .0006892	-2.941177E-03	 9.803922E-03	
  .0006896	-2.941177E-03	 1.372549E-02	
  .00069	-4.901961E-03	 5.882353E-03	
  .0006904	-4.901961E-03	 1.372549E-02	
  .0006908	-4.901961E-03	 1.372549E-02	
  .0006912	-4.901961E-03	 9.803922E-03	
  .0006916	-4.901961E-03	 9.803922E-03	
  .000692	-2.941177E-03	 1.372549E-02	
  .0006924	-4.901961E-03	 1.764706E-02	
  .0006928	-6.862745E-03	 1.372549E-02	
  .0006932	-4.901961E-03	 1.372549E-02	
  .0006936	-6.862745E-03	 1.372549E-02	
  .000694	-6.862745E-03	 9.803922E-03	
  .0006944	-4.901961E-03	 9.803922E-03	
  .0006948	-6.862745E-03	 9.803922E-03	
  .0006952	-6.862745E-03	 1.372549E-02	
  .0006956	-4.901961E-03	 9.803922E-03	
  .000696	-4.901961E-03	 1.372549E-02	
  .0006964	-4.901961E-03	 1.372549E-02	
  .0006968	-6.862745E-03	 9.803922E-03	
  .0006972	-6.862745E-03	 9.803922E-03	
  .0006976	-4.901961E-03	 1.372549E-02	
  .000698	-2.941177E-03	 1.372549E-02	
  .0006984	-6.862745E-03	 1.372549E-02	
  .0006988	-6.862745E-03	 9.803922E-03	
  .0006992	-4.901961E-03	 9.803922E-03	
  .0006996	-6.862745E-03	 5.882353E-03	
  .0007	-6.862745E-03	 1.372549E-02	
  .0007004	-4.901961E-03	 1.372549E-02	
  .0007008	-2.941177E-03	 5.882353E-03	
  .0007012	-4.901961E-03	 9.803922E-03	
  .0007016	-4.901961E-03	 9.803922E-03	
  .000702	-4.901961E-03	 9.803922E-03	
  .0007024	-6.862745E-03	 9.803922E-03	
  .0007028	-4.901961E-03	 9.803922E-03	
  .0007032	-4.901961E-03	 1.372549E-02	
  .0007036	-4.901961E-03	 5.882353E-03	
  .000704	-2.941177E-03	 5.882353E-03	
  .0007044	-2.941177E-03	 5.882353E-03	
  .0007048	-4.901961E-03	 1.372549E-02	
  .0007052	-4.901961E-03	 9.803922E-03	
  .0007056	-4.901961E-03	 9.803922E-03	
  .000706	-2.941177E-03	 9.803922E-03	
  .0007064	-9.803922E-04	 9.803922E-03	
  .0007068	-6.862745E-03	 9.803922E-03	
  .0007072	-4.901961E-03	 5.882353E-03	
  .0007076	-9.803922E-04	 5.882353E-03	
  .000708	-2.941177E-03	 5.882353E-03	
  .0007084	-4.901961E-03	 1.960784E-03	
  .0007088	-4.901961E-03	 1.960784E-03	
  .0007092	-2.941177E-03	-1.960784E-03	
  .0007096	-2.941177E-03	 5.882353E-03	
  .00071	-4.901961E-03	 5.882353E-03	
  .0007104	-2.941177E-03	-1.960784E-03	
  .0007108	-2.941177E-03	 1.960784E-03	
  .0007112	-9.803922E-04	 5.882353E-03	
  .0007116	-2.941177E-03	 5.882353E-03	
  .000712	-2.941177E-03	 9.803922E-03	
  .0007124	-2.941177E-03	 1.960784E-03	
  .0007128	-9.803922E-04	-1.960784E-03	
  .0007132	-9.803922E-04	 1.960784E-03	
  .0007136	-2.941177E-03	-1.960784E-03	
  .000714	-9.803922E-04	 1.960784E-03	
  .0007144	-9.803922E-04	 1.960784E-03	
  .0007148	-9.803922E-04	 1.960784E-03	
  .0007152	-9.803922E-04	 1.960784E-03	
  .0007156	-9.803922E-04	-1.960784E-03	
  .000716	-9.803922E-04	-1.960784E-03	
  .0007164	-9.803922E-04	-1.960784E-03	
  .0007168	-9.803922E-04	 5.882353E-03	
  .0007172	-2.941177E-03	 1.960784E-03	
  .0007176	-9.803922E-04	 1.960784E-03	
  .000718	-9.803922E-04	-5.882353E-03	
  .0007184	 9.803922E-04	-1.960784E-03	
  .0007188	-9.803922E-04	-5.882353E-03	
  .0007192	 9.803922E-04	-1.960784E-03	
  .0007196	-9.803922E-04	-5.882353E-03	
  .00072	 9.803922E-04	-1.960784E-03	
  .0007204	-9.803922E-04	-1.960784E-03	
  .0007208	 9.803922E-04	-1.960784E-03	
  .0007212	 9.803922E-04	-5.882353E-03	
  .0007216	 9.803922E-04	 1.960784E-03	
  .000722	-9.803922E-04	 1.960784E-03	
  .0007224	 9.803922E-04	-5.882353E-03	
  .0007228	 9.803922E-04	-5.882353E-03	
  .0007232	-9.803922E-04	 1.960784E-03	
  .0007236	-9.803922E-04	-9.803922E-03	
  .000724	 2.941177E-03	-5.882353E-03	
  .0007244	 2.941177E-03	-5.882353E-03	
  .0007248	-9.803922E-04	-5.882353E-03	
  .0007252	 2.941177E-03	-1.960784E-03	
  .0007256	 9.803922E-04	-5.882353E-03	
  .000726	 9.803922E-04	-5.882353E-03	
  .0007264	 2.941177E-03	-5.882353E-03	
  .0007268	 2.941177E-03	-9.803922E-03	
  .0007272	 2.941177E-03	-9.803922E-03	
  .0007276	 2.941177E-03	-1.960784E-03	
  .000728	 2.941177E-03	-9.803922E-03	
  .0007284	 9.803922E-04	-5.882353E-03	
  .0007288	 2.941177E-03	-1.372549E-02	
  .0007292	 4.901961E-03	-5.882353E-03	
  .0007296	 6.862745E-03	-9.803922E-03	
  .00073	 2.941177E-03	-5.882353E-03	
  .0007304	 2.941177E-03	-9.803922E-03	
  .0007308	 2.941177E-03	-9.803922E-03	
  .0007312	 4.901961E-03	-5.882353E-03	
  .0007316	 4.901961E-03	-9.803922E-03	
  .000732	 4.901961E-03	-5.882353E-03	
  .0007324	 2.941177E-03	-9.803922E-03	
  .0007328	 4.901961E-03	-1.960784E-03	
  .0007332	 4.901961E-03	-9.803922E-03	
  .0007336	 2.941177E-03	-9.803922E-03	
  .000734	 6.862745E-03	-9.803922E-03	
  .0007344	 6.862745E-03	-9.803922E-03	
  .0007348	 6.862745E-03	-5.882353E-03	
  .0007352	 4.901961E-03	-9.803922E-03	
  .0007356	 4.901961E-03	-9.803922E-03	
  .000736	 6.862745E-03	-1.372549E-02	
  .0007364	 4.901961E-03	-1.372549E-02	
  .0007368	 4.901961E-03	-5.882353E-03	
  .0007372	 6.862745E-03	-1.372549E-02	
  .0007376	 6.862745E-03	-9.803922E-03	
  .000738	 6.862745E-03	-9.803922E-03	
  .0007384	 4.901961E-03	-9.803922E-03	
  .0007388	 8.82353E-03	-1.372549E-02	
  .0007392	 4.901961E-03	-9.803922E-03	
  .0007396	 8.82353E-03	-9.803922E-03	
  .00074	 6.862745E-03	-1.372549E-02	
  .0007404	 4.901961E-03	-1.372549E-02	
  .0007408	 6.862745E-03	-5.882353E-03	
  .0007412	 6.862745E-03	-9.803922E-03	
  .0007416	 6.862745E-03	-1.372549E-02	
  .000742	 6.862745E-03	-1.372549E-02	
  .0007424	 6.862745E-03	-9.803922E-03	
  .0007428	 6.862745E-03	-5.882353E-03	
  .0007432	 6.862745E-03	-1.372549E-02	
  .0007436	 8.82353E-03	-1.764706E-02	
  .000744	 8.82353E-03	-9.803922E-03	
  .0007444	 1.078431E-02	-9.803922E-03	
  .0007448	 6.862745E-03	-1.372549E-02	
  .0007452	 6.862745E-03	-1.764706E-02	
  .0007456	 8.82353E-03	-9.803922E-03	
  .000746	 1.078431E-02	-5.882353E-03	
  .0007464	 8.82353E-03	-9.803922E-03	
  .0007468	 6.862745E-03	-5.882353E-03	
  .0007472	 8.82353E-03	-9.803922E-03	
  .0007476	 6.862745E-03	-9.803922E-03	
  .000748	 6.862745E-03	-9.803922E-03	
  .0007484	 6.862745E-03	-9.803922E-03	
  .0007488	 8.82353E-03	-1.372549E-02	
  .0007492	 8.82353E-03	-1.372549E-02	
  .0007496	 8.82353E-03	-5.882353E-03	
  .00075	 1.078431E-02	-1.764706E-02	
  .0007504	 8.82353E-03	-9.803922E-03	
  .0007508	 8.82353E-03	-5.882353E-03	
  .0007512	 8.82353E-03	-5.882353E-03	
  .0007516	 6.862745E-03	-9.803922E-03	
  .000752	 1.078431E-02	-1.372549E-02	
  .0007524	 8.82353E-03	-9.803922E-03	
  .0007528	 8.82353E-03	-1.372549E-02	
  .0007532	 6.862745E-03	-9.803922E-03	
  .0007536	 8.82353E-03	-1.372549E-02	
  .000754	 8.82353E-03	-9.803922E-03	
  .0007544	 8.82353E-03	-1.372549E-02	
  .0007548	 1.078431E-02	-9.803922E-03	
  .0007552	 1.078431E-02	-5.882353E-03	
  .0007556	 8.82353E-03	-9.803922E-03	
  .000756	 .0127451	-9.803922E-03	
  .0007564	 1.078431E-02	-5.882353E-03	
  .0007568	 6.862745E-03	-1.372549E-02	
  .0007572	 1.078431E-02	-1.372549E-02	
  .0007576	 .0127451	-1.372549E-02	
  .000758	 1.078431E-02	-9.803922E-03	
  .0007584	 4.901961E-03	-1.372549E-02	
  .0007588	 6.862745E-03	-9.803922E-03	
  .0007592	 8.82353E-03	-9.803922E-03	
  .0007596	 8.82353E-03	-9.803922E-03	
  .00076	 6.862745E-03	-1.372549E-02	
  .0007604	 8.82353E-03	-9.803922E-03	
  .0007608	 8.82353E-03	-1.372549E-02	
  .0007612	 8.82353E-03	-5.882353E-03	
  .0007616	 8.82353E-03	-5.882353E-03	
  .000762	 8.82353E-03	-9.803922E-03	
  .0007624	 8.82353E-03	-5.882353E-03	
  .0007628	 4.901961E-03	-1.960784E-03	
  .0007632	 6.862745E-03	-9.803922E-03	
  .0007636	 8.82353E-03	-9.803922E-03	
  .000764	 8.82353E-03	-1.960784E-03	
  .0007644	 8.82353E-03	-9.803922E-03	
  .0007648	 6.862745E-03	-9.803922E-03	
  .0007652	 6.862745E-03	-9.803922E-03	
  .0007656	 6.862745E-03	-9.803922E-03	
  .000766	 8.82353E-03	-5.882353E-03	
  .0007664	 6.862745E-03	-9.803922E-03	
  .0007668	 8.82353E-03	-9.803922E-03	
  .0007672	 6.862745E-03	-5.882353E-03	
  .0007676	 8.82353E-03	-1.960784E-03	
  .000768	 4.901961E-03	-5.882353E-03	
  .0007684	 8.82353E-03	-5.882353E-03	
  .0007688	 8.82353E-03	-1.960784E-03	
  .0007692	 6.862745E-03	-5.882353E-03	
  .0007696	 4.901961E-03	-5.882353E-03	
  .00077	 6.862745E-03	-1.960784E-03	
  .0007704	 4.901961E-03	-5.882353E-03	
  .0007708	 6.862745E-03	-1.960784E-03	
  .0007712	 6.862745E-03	-1.960784E-03	
  .0007716	 6.862745E-03	 1.960784E-03	
  .000772	 4.901961E-03	-5.882353E-03	
  .0007724	 6.862745E-03	 1.960784E-03	
  .0007728	 4.901961E-03	-5.882353E-03	
  .0007732	 4.901961E-03	-5.882353E-03	
  .0007736	 4.901961E-03	-1.960784E-03	
  .000774	 4.901961E-03	-1.960784E-03	
  .0007744	 4.901961E-03	 1.960784E-03	
  .0007748	 2.941177E-03	-1.960784E-03	
  .0007752	 4.901961E-03	-1.960784E-03	
  .0007756	 2.941177E-03	 1.960784E-03	
  .000776	 4.901961E-03	-5.882353E-03	
  .0007764	 2.941177E-03	-1.960784E-03	
  .0007768	 6.862745E-03	-1.960784E-03	
  .0007772	 4.901961E-03	-1.960784E-03	
  .0007776	 2.941177E-03	-1.960784E-03	
  .000778	 2.941177E-03	 1.960784E-03	
  .0007784	 4.901961E-03	-1.960784E-03	
  .0007788	 4.901961E-03	-5.882353E-03	
  .0007792	 2.941177E-03	 5.882353E-03	
  .0007796	 2.941177E-03	 1.960784E-03	
  .00078	 4.901961E-03	-1.960784E-03	
  .0007804	 4.901961E-03	 1.960784E-03	
  .0007808	 4.901961E-03	-1.960784E-03	
  .0007812	 2.941177E-03	 1.960784E-03	
  .0007816	 2.941177E-03	 5.882353E-03	
  .000782	 2.941177E-03	 1.960784E-03	
  .0007824	 4.901961E-03	 5.882353E-03	
  .0007828	 2.941177E-03	 1.960784E-03	
  .0007832	 4.901961E-03	-1.960784E-03	
  .0007836	 2.941177E-03	 5.882353E-03	
  .000784	 9.803922E-04	 5.882353E-03	
  .0007844	 2.941177E-03	 5.882353E-03	
  .0007848	 9.803922E-04	 1.960784E-03	
  .0007852	 2.941177E-03	 5.882353E-03	
  .0007856	 4.901961E-03	 5.882353E-03	
  .000786	 2.941177E-03	 5.882353E-03	
  .0007864	 9.803922E-04	-1.960784E-03	
  .0007868	 9.803922E-04	 5.882353E-03	
  .0007872	 4.901961E-03	 5.882353E-03	
  .0007876	 9.803922E-04	 1.960784E-03	
  .000788	-9.803922E-04	 5.882353E-03	
  .0007884	 9.803922E-04	 1.960784E-03	
  .0007888	 9.803922E-04	 1.960784E-03	
  .0007892	 9.803922E-04	 9.803922E-03	
  .0007896	 9.803922E-04	 1.960784E-03	
  .00079	 2.941177E-03	 5.882353E-03	
  .0007904	 2.941177E-03	 5.882353E-03	
  .0007908	 9.803922E-04	 5.882353E-03	
  .0007912	-9.803922E-04	 9.803922E-03	
  .0007916	 9.803922E-04	 5.882353E-03	
  .000792	 9.803922E-04	 9.803922E-03	
  .0007924	 9.803922E-04	 9.803922E-03	
  .0007928	-9.803922E-04	 5.882353E-03	
  .0007932	-9.803922E-04	 5.882353E-03	
  .0007936	 9.803922E-04	 1.372549E-02	
  .000794	 9.803922E-04	 5.882353E-03	
  .0007944	 9.803922E-04	 9.803922E-03	
  .0007948	 9.803922E-04	 5.882353E-03	
  .0007952	-9.803922E-04	 5.882353E-03	
  .0007956	 9.803922E-04	 5.882353E-03	
  .000796	 9.803922E-04	 1.372549E-02	
  .0007964	-9.803922E-04	 9.803922E-03	
  .0007968	 9.803922E-04	 5.882353E-03	
  .0007972	 9.803922E-04	 1.960784E-03	
  .0007976	 9.803922E-04	 9.803922E-03	
  .000798	-2.941177E-03	 5.882353E-03	
  .0007984	 9.803922E-04	 5.882353E-03	
  .0007988	 9.803922E-04	 5.882353E-03	
  .0007992	 9.803922E-04	 5.882353E-03	
  .0007996	-2.941177E-03	 1.960784E-03	
  .0008	-9.803922E-04	 9.803922E-03	
  .0008004	-9.803922E-04	 5.882353E-03	
  .0008008	-9.803922E-04	 1.372549E-02	
  .0008012	-9.803922E-04	 5.882353E-03	
  .0008016	-9.803922E-04	 5.882353E-03	
  .000802	 9.803922E-04	 5.882353E-03	
  .0008024	-9.803922E-04	 9.803922E-03	
  .0008028	 9.803922E-04	 1.960784E-03	
  .0008032	 9.803922E-04	 1.960784E-03	
  .0008036	 2.941177E-03	-1.960784E-03	
  .000804	 2.941177E-03	 1.960784E-03	
  .0008044	 9.803922E-04	 1.960784E-03	
  .0008048	 9.803922E-04	-1.960784E-03	
  .0008052	 2.941177E-03	-1.960784E-03	
  .0008056	 2.941177E-03	-1.960784E-03	
  .000806	 9.803922E-04	-5.882353E-03	
  .0008064	 2.941177E-03	-5.882353E-03	
  .0008068	 2.941177E-03	-1.960784E-03	
  .0008072	 2.941177E-03	 1.960784E-03	
  .0008076	 9.803922E-04	-5.882353E-03	
  .000808	 2.941177E-03	-5.882353E-03	
  .0008084	 9.803922E-04	-1.960784E-03	
  .0008088	 9.803922E-04	-5.882353E-03	
  .0008092	 2.941177E-03	-1.960784E-03	
  .0008096	 9.803922E-04	-1.960784E-03	
  .00081	 9.803922E-04	-5.882353E-03	
  .0008104	 9.803922E-04	-5.882353E-03	
  .0008108	 9.803922E-04	-1.960784E-03	
  .0008112	-9.803922E-04	-5.882353E-03	
  .0008116	 2.941177E-03	-5.882353E-03	
  .000812	 2.941177E-03	 1.960784E-03	
  .0008124	-9.803922E-04	 5.882353E-03	
  .0008128	 9.803922E-04	-5.882353E-03	
  .0008132	 9.803922E-04	 1.960784E-03	
  .0008136	 9.803922E-04	 1.960784E-03	
  .000814	 9.803922E-04	-1.960784E-03	
  .0008144	 2.941177E-03	-5.882353E-03	
  .0008148	 2.941177E-03	 1.960784E-03	
  .0008152	 9.803922E-04	 5.882353E-03	
  .0008156	 9.803922E-04	-1.960784E-03	
  .000816	 9.803922E-04	-1.960784E-03	
  .0008164	 9.803922E-04	-5.882353E-03	
  .0008168	 2.941177E-03	 5.882353E-03	
  .0008172	 9.803922E-04	 1.960784E-03	
  .0008176	 2.941177E-03	 1.960784E-03	
  .000818	 4.901961E-03	-1.960784E-03	
  .0008184	 9.803922E-04	-5.882353E-03	
  .0008188	 9.803922E-04	-1.960784E-03	
  .0008192	 2.941177E-03	-1.960784E-03	
  .0008196	 9.803922E-04	-5.882353E-03	
  .00082	 2.941177E-03	-5.882353E-03	
  .0008204	 9.803922E-04	-1.960784E-03	
  .0008208	 2.941177E-03	 1.960784E-03	
  .0008212	 9.803922E-04	 1.960784E-03	
  .0008216	 2.941177E-03	 1.960784E-03	
  .000822	 2.941177E-03	 5.882353E-03	
  .0008224	 2.941177E-03	-1.960784E-03	
  .0008228	 2.941177E-03	-1.960784E-03	
  .0008232	 2.941177E-03	-1.960784E-03	
  .0008236	 2.941177E-03	-1.960784E-03	
  .000824	 2.941177E-03	-5.882353E-03	
  .0008244	 9.803922E-04	-1.960784E-03	
  .0008248	 4.901961E-03	-1.960784E-03	
  .0008252	 6.862745E-03	 1.960784E-03	
  .0008256	 9.803922E-04	 1.960784E-03	
  .000826	 9.803922E-04	-5.882353E-03	
  .0008264	 2.941177E-03	-1.960784E-03	
  .0008268	 4.901961E-03	 1.960784E-03	
  .0008272	 9.803922E-04	 1.960784E-03	
  .0008276	 9.803922E-04	-1.960784E-03	
  .000828	 2.941177E-03	-5.882353E-03	
  .0008284	 2.941177E-03	-1.960784E-03	
  .0008288	 9.803922E-04	-1.960784E-03	
  .0008292	 9.803922E-04	-5.882353E-03	
  .0008296	 2.941177E-03	 1.960784E-03	
  .00083	 9.803922E-04	-1.960784E-03	
  .0008304	 2.941177E-03	-1.960784E-03	
  .0008308	 2.941177E-03	 5.882353E-03	
  .0008312	 2.941177E-03	-1.960784E-03	
  .0008316	 6.862745E-03	-1.960784E-03	
  .000832	 9.803922E-04	-1.960784E-03	
  .0008324	 9.803922E-04	-1.960784E-03	
  .0008328	 2.941177E-03	-5.882353E-03	
  .0008332	 2.941177E-03	 5.882353E-03	
  .0008336	 2.941177E-03	-1.960784E-03	
  .000834	 2.941177E-03	-1.960784E-03	
  .0008344	 2.941177E-03	-1.960784E-03	
  .0008348	 2.941177E-03	 1.960784E-03	
  .0008352	 4.901961E-03	-5.882353E-03	
  .0008356	 2.941177E-03	 1.960784E-03	
  .000836	 9.803922E-04	-5.882353E-03	
  .0008364	 2.941177E-03	 5.882353E-03	
  .0008368	 4.901961E-03	-1.960784E-03	
  .0008372	 2.941177E-03	-1.960784E-03	
  .0008376	 9.803922E-04	-5.882353E-03	
  .000838	 2.941177E-03	 1.960784E-03	
  .0008384	 9.803922E-04	 1.960784E-03	
  .0008388	 9.803922E-04	-1.960784E-03	
  .0008392	 9.803922E-04	-5.882353E-03	
  .0008396	 2.941177E-03	-5.882353E-03	
  .00084	 2.941177E-03	-5.882353E-03	
  .0008404	 9.803922E-04	 1.960784E-03	
  .0008408	 2.941177E-03	 1.960784E-03	
  .0008412	 2.941177E-03	-5.882353E-03	
  .0008416	 2.941177E-03	-1.960784E-03	
  .000842	-9.803922E-04	 1.960784E-03	
  .0008424	 2.941177E-03	-1.960784E-03	
  .0008428	 2.941177E-03	-1.960784E-03	
  .0008432	 2.941177E-03	 1.960784E-03	
  .0008436	 2.941177E-03	-1.960784E-03	
  .000844	 9.803922E-04	-1.960784E-03	
  .0008444	 2.941177E-03	-5.882353E-03	
  .0008448	 2.941177E-03	-5.882353E-03	
  .0008452	 4.901961E-03	-1.960784E-03	
  .0008456	 9.803922E-04	-1.960784E-03	
  .000846	 2.941177E-03	-1.960784E-03	
  .0008464	 2.941177E-03	 1.960784E-03	
  .0008468	 2.941177E-03	 1.960784E-03	
  .0008472	 9.803922E-04	-1.960784E-03	
  .0008476	 2.941177E-03	-5.882353E-03	
  .000848	 2.941177E-03	 1.960784E-03	
  .0008484	 2.941177E-03	-1.960784E-03	
  .0008488	 2.941177E-03	-1.960784E-03	
  .0008492	 9.803922E-04	-1.960784E-03	
  .0008496	 4.901961E-03	-5.882353E-03	
  .00085	 2.941177E-03	-1.960784E-03	
  .0008504	 2.941177E-03	-1.960784E-03	
  .0008508	 2.941177E-03	-1.960784E-03	
  .0008512	 2.941177E-03	-1.960784E-03	
  .0008516	 9.803922E-04	-1.960784E-03	
  .000852	 9.803922E-04	-1.960784E-03	
  .0008524	 9.803922E-04	-5.882353E-03	
  .0008528	 2.941177E-03	-1.960784E-03	
  .0008532	 9.803922E-04	-1.960784E-03	
  .0008536	 9.803922E-04	-1.960784E-03	
  .000854	 9.803922E-04	-1.960784E-03	
  .0008544	 2.941177E-03	-1.960784E-03	
  .0008548	 4.901961E-03	-1.960784E-03	
  .0008552	 4.901961E-03	-1.960784E-03	
  .0008556	 9.803922E-04	-1.960784E-03	
  .000856	 9.803922E-04	-1.960784E-03	
  .0008564	 4.901961E-03	-1.960784E-03	
  .0008568	 2.941177E-03	 1.960784E-03	
  .0008572	-9.803922E-04	-5.882353E-03	
  .0008576	 2.941177E-03	-5.882353E-03	
  .000858	 8.82353E-03	-1.960784E-03	
  .0008584	 9.803922E-04	-1.960784E-03	
  .0008588	 9.803922E-04	 1.960784E-03	
  .0008592	 2.941177E-03	-1.960784E-03	
  .0008596	 2.941177E-03	-5.882353E-03	
  .00086	 9.803922E-04	 1.960784E-03	
  .0008604	 2.941177E-03	-1.960784E-03	
  .0008608	 9.803922E-04	-1.960784E-03	
  .0008612	 2.941177E-03	-5.882353E-03	
  .0008616	 9.803922E-04	 5.882353E-03	
  .000862	-9.803922E-04	-1.960784E-03	
  .0008624	 2.941177E-03	-1.960784E-03	
  .0008628	 2.941177E-03	-1.960784E-03	
  .0008632	 2.941177E-03	 5.882353E-03	
  .0008636	 9.803922E-04	-1.960784E-03	
  .000864	 9.803922E-04	-1.960784E-03	
  .0008644	 4.901961E-03	-1.960784E-03	
  .0008648	 4.901961E-03	 1.960784E-03	
  .0008652	 9.803922E-04	-1.960784E-03	
  .0008656	 2.941177E-03	-5.882353E-03	
  .000866	 9.803922E-04	 1.960784E-03	
  .0008664	 9.803922E-04	 5.882353E-03	
  .0008668	 2.941177E-03	 1.960784E-03	
  .0008672	 2.941177E-03	 1.960784E-03	
  .0008676	 2.941177E-03	-5.882353E-03	
  .000868	 9.803922E-04	-5.882353E-03	
  .0008684	 9.803922E-04	 1.960784E-03	
  .0008688	-9.803922E-04	-5.882353E-03	
  .0008692	 2.941177E-03	 1.960784E-03	
  .0008696	 2.941177E-03	 1.960784E-03	
  .00087	 2.941177E-03	-1.960784E-03	
  .0008704	-9.803922E-04	 1.960784E-03	
  .0008708	 2.941177E-03	-5.882353E-03	
  .0008712	 2.941177E-03	-1.960784E-03	
  .0008716	 9.803922E-04	-1.960784E-03	
  .000872	 9.803922E-04	-1.960784E-03	
  .0008724	 9.803922E-04	-5.882353E-03	
  .0008728	 2.941177E-03	-1.960784E-03	
  .0008732	 2.941177E-03	-1.960784E-03	
  .0008736	 4.901961E-03	-1.960784E-03	
  .000874	 2.941177E-03	-1.960784E-03	
  .0008744	 9.803922E-04	 1.960784E-03	
  .0008748	 4.901961E-03	-5.882353E-03	
  .0008752	 2.941177E-03	 1.960784E-03	
  .0008756	 9.803922E-04	-5.882353E-03	
  .000876	 9.803922E-04	-1.960784E-03	
  .0008764	 2.941177E-03	-1.960784E-03	
  .0008768	 4.901961E-03	-1.960784E-03	
  .0008772	 9.803922E-04	-1.960784E-03	
  .0008776	 2.941177E-03	-5.882353E-03	
  .000878	 9.803922E-04	-1.960784E-03	
  .0008784	 2.941177E-03	 1.960784E-03	
  .0008788	 9.803922E-04	-1.960784E-03	
  .0008792	 2.941177E-03	-1.960784E-03	
  .0008796	 2.941177E-03	-1.960784E-03	
  .00088	 2.941177E-03	-1.960784E-03	
  .0008804	 2.941177E-03	 1.960784E-03	
  .0008808	 2.941177E-03	-5.882353E-03	
  .0008812	 2.941177E-03	-1.960784E-03	
  .0008816	 2.941177E-03	 1.960784E-03	
  .000882	 9.803922E-04	-5.882353E-03	
  .0008824	 2.941177E-03	-5.882353E-03	
  .0008828	 2.941177E-03	-1.960784E-03	
  .0008832	-9.803922E-04	-1.960784E-03	
  .0008836	 9.803922E-04	-1.960784E-03	
  .000884	 9.803922E-04	 1.960784E-03	
  .0008844	 9.803922E-04	 1.960784E-03	
  .0008848	 6.862745E-03	 1.960784E-03	
  .0008852	 2.941177E-03	 1.960784E-03	
  .0008856	 4.901961E-03	-5.882353E-03	
  .000886	 4.901961E-03	 1.960784E-03	
  .0008864	 2.941177E-03	-1.960784E-03	
  .0008868	 9.803922E-04	-5.882353E-03	
  .0008872	 2.941177E-03	-9.803922E-03	
  .0008876	 2.941177E-03	-1.960784E-03	
  .000888	 2.941177E-03	-1.960784E-03	
  .0008884	-9.803922E-04	-1.960784E-03	
  .0008888	-9.803922E-04	-1.960784E-03	
  .0008892	 9.803922E-04	-1.960784E-03	
  .0008896	 9.803922E-04	 5.882353E-03	
  .00089	 2.941177E-03	 1.960784E-03	
  .0008904	-9.803922E-04	 5.882353E-03	
  .0008908	 9.803922E-04	-1.960784E-03	
  .0008912	 9.803922E-04	 1.960784E-03	
  .0008916	-9.803922E-04	 5.882353E-03	
  .000892	-9.803922E-04	-1.960784E-03	
  .0008924	 4.901961E-03	 1.960784E-03	
  .0008928	 4.901961E-03	 5.882353E-03	
  .0008932	 2.941177E-03	-1.960784E-03	
  .0008936	 2.941177E-03	-1.960784E-03	
  .000894	 4.901961E-03	-1.960784E-03	
  .0008944	 4.901961E-03	 1.960784E-03	
  .0008948	 2.941177E-03	-5.882353E-03	
  .0008952	 2.941177E-03	-9.803922E-03	
  .0008956	 4.901961E-03	-5.882353E-03	
  .000896	 4.901961E-03	-1.960784E-03	
  .0008964	 4.901961E-03	-1.960784E-03	
  .0008968	 9.803922E-04	-5.882353E-03	
  .0008972	 2.941177E-03	-5.882353E-03	
  .0008976	 2.941177E-03	-5.882353E-03	
  .000898	-9.803922E-04	-1.960784E-03	
  .0008984	 9.803922E-04	 5.882353E-03	
  .0008988	 2.941177E-03	 1.960784E-03	
  .0008992	 2.941177E-03	 5.882353E-03	
  .0008996	 9.803922E-04	 1.960784E-03	
  .0009	 9.803922E-04	 9.803922E-03	
