 -.0000996	 9.803922E-04	 5.882353E-03	
 -.0000992	 9.803922E-04	 1.960784E-03	
 -.0000988	 2.941177E-03	 1.960784E-03	
 -.0000984	 9.803922E-04	 1.960784E-03	
 -.000098	 9.803922E-04	 5.882353E-03	
 -.0000976	 2.941177E-03	 9.803922E-03	
 -.0000972	 2.941177E-03	 1.960784E-03	
 -.0000968	 9.803922E-04	 5.882353E-03	
 -.0000964	 9.803922E-04	 5.882353E-03	
 -.000096	 9.803922E-04	 5.882353E-03	
 -.0000956	-9.803922E-04	 5.882353E-03	
 -.0000952	-9.803922E-04	 1.960784E-03	
 -.0000948	 2.941177E-03	 5.882353E-03	
 -.0000944	 9.803922E-04	 5.882353E-03	
 -.000094	 9.803922E-04	 5.882353E-03	
 -.0000936	 9.803922E-04	 5.882353E-03	
 -.0000932	 2.941177E-03	 1.960784E-03	
 -.0000928	 9.803922E-04	 5.882353E-03	
 -.0000924	 9.803922E-04	 5.882353E-03	
 -.000092	 2.941177E-03	 5.882353E-03	
 -.0000916	 9.803922E-04	 5.882353E-03	
 -.0000912	 9.803922E-04	 5.882353E-03	
 -.0000908	-9.803922E-04	 9.803922E-03	
 -.0000904	 9.803922E-04	 1.960784E-03	
 -.00009	 2.941177E-03	 5.882353E-03	
 -.0000896	 2.941177E-03	 1.960784E-03	
 -.0000892	 9.803922E-04	 5.882353E-03	
 -.0000888	 2.941177E-03	 1.960784E-03	
 -.0000884	 9.803922E-04	 1.960784E-03	
 -.000088	 2.941177E-03	 5.882353E-03	
 -.0000876	 6.862745E-03	 5.882353E-03	
 -.0000872	 9.803922E-04	 1.960784E-03	
 -.0000868	-9.803922E-04	 1.960784E-03	
 -.0000864	 2.941177E-03	 5.882353E-03	
 -.000086	 9.803922E-04	 5.882353E-03	
 -.0000856	 2.941177E-03	 5.882353E-03	
 -.0000852	-9.803922E-04	 1.960784E-03	
 -.0000848	 2.941177E-03	 5.882353E-03	
 -.0000844	 2.941177E-03	 5.882353E-03	
 -.000084	 9.803922E-04	 1.960784E-03	
 -.0000836	 2.941177E-03	 1.960784E-03	
 -.0000832	 2.941177E-03	 5.882353E-03	
 -.0000828	 4.901961E-03	 5.882353E-03	
 -.0000824	 2.941177E-03	 5.882353E-03	
 -.000082	 9.803922E-04	 5.882353E-03	
 -.0000816	 9.803922E-04	 5.882353E-03	
 -.0000812	 2.941177E-03	 5.882353E-03	
 -.0000808	 2.941177E-03	 5.882353E-03	
 -.0000804	 9.803922E-04	 1.960784E-03	
 -.00008	 4.901961E-03	 5.882353E-03	
 -.0000796	 9.803922E-04	 5.882353E-03	
 -.0000792	 2.941177E-03	 5.882353E-03	
 -.0000788	 4.901961E-03	 1.960784E-03	
 -.0000784	 4.901961E-03	 5.882353E-03	
 -.000078	 9.803922E-04	 5.882353E-03	
 -.0000776	 4.901961E-03	 1.960784E-03	
 -.0000772	 2.941177E-03	 5.882353E-03	
 -.0000768	-9.803922E-04	 1.960784E-03	
 -.0000764	 2.941177E-03	 1.960784E-03	
 -.000076	 9.803922E-04	 5.882353E-03	
 -.0000756	 2.941177E-03	 1.960784E-03	
 -.0000752	 9.803922E-04	-1.960784E-03	
 -.0000748	 2.941177E-03	 5.882353E-03	
 -.0000744	 2.941177E-03	 1.960784E-03	
 -.000074	 2.941177E-03	 1.960784E-03	
 -.0000736	 9.803922E-04	 5.882353E-03	
 -.0000732	 2.941177E-03	 5.882353E-03	
 -.0000728	 2.941177E-03	 1.960784E-03	
 -.0000724	 9.803922E-04	 9.803922E-03	
 -.000072	 9.803922E-04	 5.882353E-03	
 -.0000716	 2.941177E-03	-1.960784E-03	
 -.0000712	 4.901961E-03	 5.882353E-03	
 -.0000708	 9.803922E-04	 9.803922E-03	
 -.0000704	 9.803922E-04	 1.960784E-03	
 -.00007	 2.941177E-03	 1.960784E-03	
 -.0000696	 9.803922E-04	 5.882353E-03	
 -.0000692	 9.803922E-04	 1.960784E-03	
 -.0000688	 2.941177E-03	 5.882353E-03	
 -.0000684	 9.803922E-04	 5.882353E-03	
 -.000068	 2.941177E-03	 5.882353E-03	
 -.0000676	 2.941177E-03	 5.882353E-03	
 -.0000672	 9.803922E-04	 1.960784E-03	
 -.0000668	 9.803922E-04	 1.960784E-03	
 -.0000664	 2.941177E-03	 9.803922E-03	
 -.000066	 2.941177E-03	 5.882353E-03	
 -.0000656	 9.803922E-04	 1.960784E-03	
 -.0000652	 2.941177E-03	 1.960784E-03	
 -.0000648	 9.803922E-04	 5.882353E-03	
 -.0000644	 2.941177E-03	 5.882353E-03	
 -.000064	 2.941177E-03	 5.882353E-03	
 -.0000636	 9.803922E-04	 1.960784E-03	
 -.0000632	 2.941177E-03	 5.882353E-03	
 -.0000628	 4.901961E-03	 5.882353E-03	
 -.0000624	 2.941177E-03	 1.960784E-03	
 -.000062	 9.803922E-04	 5.882353E-03	
 -.0000616	 9.803922E-04	 5.882353E-03	
 -.0000612	 2.941177E-03	 9.803922E-03	
 -.0000608	 2.941177E-03	 1.960784E-03	
 -.0000604	-9.803922E-04	 1.960784E-03	
 -.00006	 2.941177E-03	 1.960784E-03	
 -.0000596	 2.941177E-03	 1.960784E-03	
 -.0000592	 2.941177E-03	 5.882353E-03	
 -.0000588	 9.803922E-04	 5.882353E-03	
 -.0000584	 2.941177E-03	 5.882353E-03	
 -.000058	 2.941177E-03	 9.803922E-03	
 -.0000576	 2.941177E-03	-1.960784E-03	
 -.0000572	 9.803922E-04	 5.882353E-03	
 -.0000568	 2.941177E-03	 5.882353E-03	
 -.0000564	 2.941177E-03	 5.882353E-03	
 -.000056	 2.941177E-03	 1.960784E-03	
 -.0000556	-9.803922E-04	 1.960784E-03	
 -.0000552	 4.901961E-03	 5.882353E-03	
 -.0000548	 9.803922E-04	 1.960784E-03	
 -.0000544	 2.941177E-03	 5.882353E-03	
 -.000054	 2.941177E-03	 5.882353E-03	
 -.0000536	 2.941177E-03	 1.960784E-03	
 -.0000532	 4.901961E-03	 5.882353E-03	
 -.0000528	 2.941177E-03	 5.882353E-03	
 -.0000524	 2.941177E-03	 5.882353E-03	
 -.000052	 2.941177E-03	 1.960784E-03	
 -.0000516	 2.941177E-03	 5.882353E-03	
 -.0000512	 9.803922E-04	 9.803922E-03	
 -.0000508	 2.941177E-03	 1.960784E-03	
 -.0000504	 4.901961E-03	 1.960784E-03	
 -.00005	 2.941177E-03	 5.882353E-03	
 -.0000496	 2.941177E-03	 5.882353E-03	
 -.0000492	 9.803922E-04	 1.960784E-03	
 -.0000488	 9.803922E-04	 1.960784E-03	
 -.0000484	 2.941177E-03	 9.803922E-03	
 -.000048	 8.82353E-03	 9.803922E-03	
 -.0000476	 2.941177E-03	 5.882353E-03	
 -.0000472	 9.803922E-04	 5.882353E-03	
 -.0000468	 2.941177E-03	 5.882353E-03	
 -.0000464	 2.941177E-03	 9.803922E-03	
 -.000046	 9.803922E-04	 5.882353E-03	
 -.0000456	 9.803922E-04	 5.882353E-03	
 -.0000452	 2.941177E-03	 5.882353E-03	
 -.0000448	 2.941177E-03	 5.882353E-03	
 -.0000444	 2.941177E-03	 1.960784E-03	
 -.000044	 9.803922E-04	 1.960784E-03	
 -.0000436	 2.941177E-03	 5.882353E-03	
 -.0000432	 2.941177E-03	 5.882353E-03	
 -.0000428	 2.941177E-03	 5.882353E-03	
 -.0000424	 9.803922E-04	 5.882353E-03	
 -.000042	 2.941177E-03	 5.882353E-03	
 -.0000416	 2.941177E-03	 9.803922E-03	
 -.0000412	 2.941177E-03	 5.882353E-03	
 -.0000408	 9.803922E-04	 1.960784E-03	
 -.0000404	 2.941177E-03	 5.882353E-03	
 -.00004	 9.803922E-04	 9.803922E-03	
 -.0000396	 2.941177E-03	 5.882353E-03	
 -.0000392	 2.941177E-03	 5.882353E-03	
 -.0000388	 4.901961E-03	 1.960784E-03	
 -.0000384	 2.941177E-03	 5.882353E-03	
 -.000038	 4.901961E-03	 5.882353E-03	
 -.0000376	 4.901961E-03	 5.882353E-03	
 -.0000372	 2.941177E-03	 1.960784E-03	
 -.0000368	 2.941177E-03	 5.882353E-03	
 -.0000364	 4.901961E-03	 5.882353E-03	
 -.000036	 4.901961E-03	 5.882353E-03	
 -.0000356	 9.803922E-04	 1.960784E-03	
 -.0000352	 9.803922E-04	 5.882353E-03	
 -.0000348	 9.803922E-04	 5.882353E-03	
 -.0000344	 2.941177E-03	 1.960784E-03	
 -.000034	 9.803922E-04	 1.960784E-03	
 -.0000336	 9.803922E-04	 5.882353E-03	
 -.0000332	 2.941177E-03	 1.960784E-03	
 -.0000328	 2.941177E-03	 9.803922E-03	
 -.0000324	 9.803922E-04	 5.882353E-03	
 -.000032	 2.941177E-03	 5.882353E-03	
 -.0000316	 2.941177E-03	 5.882353E-03	
 -.0000312	 9.803922E-04	 1.372549E-02	
 -.0000308	 2.941177E-03	 5.882353E-03	
 -.0000304	 4.901961E-03	 5.882353E-03	
 -.00003	 9.803922E-04	 9.803922E-03	
 -.0000296	 9.803922E-04	 1.960784E-03	
 -.0000292	 9.803922E-04	 1.960784E-03	
 -.0000288	 4.901961E-03	 5.882353E-03	
 -.0000284	 2.941177E-03	 5.882353E-03	
 -.000028	 9.803922E-04	 9.803922E-03	
 -.0000276	 9.803922E-04	 1.960784E-03	
 -.0000272	 2.941177E-03	 1.960784E-03	
 -.0000268	 4.901961E-03	 5.882353E-03	
 -.0000264	 2.941177E-03	 5.882353E-03	
 -.000026	 9.803922E-04	 1.960784E-03	
 -.0000256	 2.941177E-03	 5.882353E-03	
 -.0000252	 9.803922E-04	 9.803922E-03	
 -.0000248	 9.803922E-04	 9.803922E-03	
 -.0000244	 4.901961E-03	 5.882353E-03	
 -.000024	 9.803922E-04	 9.803922E-03	
 -.0000236	 2.941177E-03	 5.882353E-03	
 -.0000232	 9.803922E-04	 5.882353E-03	
 -.0000228	 2.941177E-03	 1.960784E-03	
 -.0000224	 9.803922E-04	 5.882353E-03	
 -.000022	 9.803922E-04	 5.882353E-03	
 -.0000216	 2.941177E-03	 9.803922E-03	
 -.0000212	 9.803922E-04	 5.882353E-03	
 -.0000208	 9.803922E-04	 1.960784E-03	
 -.0000204	-9.803922E-04	 5.882353E-03	
 -.00002	 9.803922E-04	 5.882353E-03	
 -.0000196	 2.941177E-03	 1.960784E-03	
 -.0000192	 2.941177E-03	 5.882353E-03	
 -.0000188	 9.803922E-04	 9.803922E-03	
 -.0000184	 9.803922E-04	 9.803922E-03	
 -.000018	 9.803922E-04	 1.960784E-03	
 -.0000176	-9.803922E-04	 5.882353E-03	
 -.0000172	 4.901961E-03	 1.372549E-02	
 -.0000168	 2.941177E-03	 9.803922E-03	
 -.0000164	 2.941177E-03	 5.882353E-03	
 -.000016	 2.941177E-03	 5.882353E-03	
 -.0000156	 2.941177E-03	 5.882353E-03	
 -.0000152	 9.803922E-04	 5.882353E-03	
 -.0000148	 9.803922E-04	 9.803922E-03	
 -.0000144	 2.941177E-03	 5.882353E-03	
 -.000014	 9.803922E-04	 1.960784E-03	
 -.0000136	 9.803922E-04	 5.882353E-03	
 -.0000132	 2.941177E-03	 1.960784E-03	
 -.0000128	 2.941177E-03	 5.882353E-03	
 -.0000124	 2.941177E-03	 1.960784E-03	
 -.000012	 2.941177E-03	 9.803922E-03	
 -.0000116	 2.941177E-03	 1.372549E-02	
 -.0000112	 9.803922E-04	 1.960784E-03	
 -.0000108	 2.941177E-03	 5.882353E-03	
 -.0000104	 9.803922E-04	 5.882353E-03	
 -.00001	 2.941177E-03	 1.372549E-02	
 -.0000096	 2.941177E-03	 1.960784E-03	
 -.0000092	 9.803922E-04	 5.882353E-03	
 -.0000088	 2.941177E-03	 9.803922E-03	
 -.0000084	 4.901961E-03	 1.372549E-02	
 -.000008	 9.803922E-04	 5.882353E-03	
 -.0000076	 2.941177E-03	 5.882353E-03	
 -.0000072	 9.803922E-04	 5.882353E-03	
 -.0000068	 2.941177E-03	 9.803922E-03	
 -.0000064	 2.941177E-03	 5.882353E-03	
 -.000006	 9.803922E-04	 5.882353E-03	
 -.0000056	 2.941177E-03	 5.882353E-03	
 -.0000052	 2.941177E-03	 5.882353E-03	
 -.0000048	 9.803922E-04	 5.882353E-03	
 -.0000044	 4.901961E-03	 5.882353E-03	
 -.000004	 2.941177E-03	 5.882353E-03	
 -.0000036	 2.941177E-03	 9.803922E-03	
 -.0000032	 2.941177E-03	 5.882353E-03	
 -.0000028	 2.941177E-03	 9.803922E-03	
 -.0000024	 2.941177E-03	 5.882353E-03	
 -.000002	 2.941177E-03	 9.803922E-03	
 -.0000016	 9.803922E-04	 9.803922E-03	
 -.0000012	-9.803922E-04	 1.960784E-03	
 -.0000008	 2.941177E-03	 5.882353E-03	
 -.0000004	 9.803922E-04	 1.372549E-02	
  0	 9.803922E-04	 9.803922E-03	
  .0000004	 2.941177E-03	 5.882353E-03	
  .0000008	-.104902	 9.803922E-03	
  .0000012	-8.529412E-02	 .1196078	
  .0000016	-.0872549	 .1901961	
  .000002	-9.705883E-02	 .2411765	
  .0000024	-9.901961E-02	 .2764706	
  .0000028	-.1068627	 .3078431	
  .0000032	-.1088235	 .327451	
  .0000036	-.1127451	 .3431373	
  .000004	-.1166667	 .3588235	
  .0000044	-.1166667	 .3666667	
  .0000048	-.1205882	 .3745098	
  .0000052	-.1264706	 .3705882	
  .0000056	-.1245098	 .3784314	
  .000006	-.1264706	 .3823529	
  .0000064	-.1264706	 .3823529	
  .0000068	-.1284314	 .3784314	
  .0000072	-.1264706	 .3862745	
  .0000076	-.1303922	 .3784314	
  .000008	-.1284314	 .3784314	
  .0000084	-.1303922	 .3745098	
  .0000088	-.1303922	 .3784314	
  .0000092	-.1303922	 .3784314	
  .0000096	-.1303922	 .3705882	
  .00001	-.1303922	 .3666667	
  .0000104	-.1303922	 .3666667	
  .0000108	-.1303922	 .3666667	
  .0000112	-.1284314	 .3627451	
  .0000116	-.1284314	 .3588235	
  .000012	-.1303922	 .354902	
  .0000124	-.1303922	 .3588235	
  .0000128	-.1284314	 .3470588	
  .0000132	-.1264706	 .3470588	
  .0000136	-.1303922	 .3392157	
  .000014	-.1264706	 .3352941	
  .0000144	-.1284314	 .3313726	
  .0000148	-.1284314	 .327451	
  .0000152	-.1245098	 .3235294	
  .0000156	-.1264706	 .3156863	
  .000016	-.1264706	 .3156863	
  .0000164	-.1245098	 .3117647	
  .0000168	-.1245098	 .3039216	
  .0000172	-.122549	 .2960784	
  .0000176	-.1205882	 .2921569	
  .000018	-.1186275	 .2921569	
  .0000184	-.1205882	 .2803922	
  .0000188	-.1166667	 .2686275	
  .0000192	-.1166667	 .2686275	
  .0000196	-.1147059	 .2568628	
  .00002	-.1147059	 .2568628	
  .0000204	-.1127451	 .2490196	
  .0000208	-.1088235	 .245098	
  .0000212	-.1107843	 .2372549	
  .0000216	-.104902	 .2215686	
  .000022	-.104902	 .2215686	
  .0000224	-.1009804	 .2137255	
  .0000228	-.1009804	 .2098039	
  .0000232	-9.901961E-02	 .2019608	
  .0000236	-9.901961E-02	 .1901961	
  .000024	-9.313726E-02	 .1823529	
  .0000244	-9.313726E-02	 .1745098	
  .0000248	-9.117647E-02	 .1666667	
  .0000252	-.0872549	 .1509804	
  .0000256	-8.529412E-02	 .1431373	
  .000026	-8.333334E-02	 .1392157	
  .0000264	-8.137255E-02	 .1313726	
  .0000268	-8.137255E-02	 .1235294	
  .0000272	-7.941177E-02	 .1156863	
  .0000276	-.0754902	 .1117647	
  .000028	-.0754902	 .1156863	
  .0000284	-7.352941E-02	 .1	
  .0000288	-6.960785E-02	 9.607843E-02	
  .0000292	-6.960785E-02	 .0882353	
  .0000296	-6.764706E-02	 8.431373E-02	
  .00003	-6.568628E-02	 7.254902E-02	
  .0000304	-6.372549E-02	 7.254902E-02	
  .0000308	-5.980392E-02	 6.470589E-02	
  .0000312	-5.588235E-02	 5.686275E-02	
  .0000316	-5.588235E-02	 4.901961E-02	
  .000032	-5.196078E-02	 .0372549	
  .0000324	-4.803922E-02	 2.941176E-02	
  .0000328	-4.607843E-02	 2.941176E-02	
  .0000332	-4.607843E-02	 1.764706E-02	
  .0000336	-4.411765E-02	 5.882353E-03	
  .000034	-4.019608E-02	 1.960784E-03	
  .0000344	-3.627451E-02	-5.882353E-03	
  .0000348	-3.431373E-02	-1.764706E-02	
  .0000352	-3.235294E-02	-2.941176E-02	
  .0000356	-2.843137E-02	-2.941176E-02	
  .000036	-2.647059E-02	-4.117647E-02	
  .0000364	-2.254902E-02	-4.509804E-02	
  .0000368	-2.254902E-02	-5.686275E-02	
  .0000372	-1.862745E-02	-6.470589E-02	
  .0000376	-1.666667E-02	-6.862745E-02	
  .000038	-1.078431E-02	-8.039216E-02	
  .0000384	-.0127451	-9.607843E-02	
  .0000388	-8.82353E-03	-.1039216	
  .0000392	-4.901961E-03	-.1078431	
  .0000396	-2.941177E-03	-.1117647	
  .00004	 9.803922E-04	-.127451	
  .0000404	 2.941177E-03	-.1313726	
  .0000408	 6.862745E-03	-.1352941	
  .0000412	 1.078431E-02	-.1470588	
  .0000416	 .0127451	-.1588235	
  .000042	 .0127451	-.1666667	
  .0000424	 1.862745E-02	-.1666667	
  .0000428	 2.058824E-02	-.1745098	
  .0000432	 2.647059E-02	-.1901961	
  .0000436	 2.647059E-02	-.1941177	
  .000044	 3.235294E-02	-.1980392	
  .0000444	 3.235294E-02	-.2019608	
  .0000448	 3.627451E-02	-.2137255	
  .0000452	 3.627451E-02	-.2176471	
  .0000456	 4.019608E-02	-.2254902	
  .000046	 4.215686E-02	-.2294118	
  .0000464	 4.803922E-02	-.2372549	
  .0000468	 .05	-.2411765	
  .0000472	 5.392157E-02	-.245098	
  .0000476	 5.588235E-02	-.2490196	
  .000048	 5.588235E-02	-.2529412	
  .0000484	 6.176471E-02	-.2686275	
  .0000488	 6.568628E-02	-.2686275	
  .0000492	 6.764706E-02	-.2686275	
  .0000496	 7.156863E-02	-.2803922	
  .00005	 7.352941E-02	-.2803922	
  .0000504	 .0754902	-.2843137	
  .0000508	 7.745098E-02	-.2921569	
  .0000512	 8.333334E-02	-.2960784	
  .0000516	 8.529412E-02	-.3	
  .000052	 8.921569E-02	-.3039216	
  .0000524	 9.313726E-02	-.3039216	
  .0000528	 9.313726E-02	-.3117647	
  .0000532	 9.705883E-02	-.3156863	
  .0000536	 9.901961E-02	-.3196079	
  .000054	 .1029412	-.3196079	
  .0000544	 .1029412	-.327451	
  .0000548	 .1068627	-.3235294	
  .0000552	 .1068627	-.327451	
  .0000556	 .1088235	-.3313726	
  .000056	 .1127451	-.3352941	
  .0000564	 .1186275	-.3352941	
  .0000568	 .1205882	-.3392157	
  .0000572	 .122549	-.3392157	
  .0000576	 .1245098	-.3431373	
  .000058	 .1245098	-.3470588	
  .0000584	 .1264706	-.3470588	
  .0000588	 .1284314	-.3470588	
  .0000592	 .1303922	-.3509804	
  .0000596	 .1303922	-.3509804	
  .00006	 .1303922	-.354902	
  .0000604	 .1323529	-.3470588	
  .0000608	 .1343137	-.3509804	
  .0000612	 .1284314	-.3470588	
  .0000616	 .1284314	-.3431373	
  .000062	 .1284314	-.3392157	
  .0000624	 .1303922	-.3352941	
  .0000628	 .1284314	-.3392157	
  .0000632	 .1284314	-.3352941	
  .0000636	 .1323529	-.327451	
  .000064	 .1284314	-.3235294	
  .0000644	 .1264706	-.3196079	
  .0000648	 .1284314	-.3156863	
  .0000652	 .1303922	-.3156863	
  .0000656	 .1284314	-.3117647	
  .000066	 .1303922	-.3078431	
  .0000664	 .1284314	-.3117647	
  .0000668	 .1284314	-.3078431	
  .0000672	 .1284314	-.3039216	
  .0000676	 .1264706	-.3039216	
  .000068	 .1264706	-.3078431	
  .0000684	 .1303922	-.2960784	
  .0000688	 .1284314	-.2921569	
  .0000692	 .1264706	-.2921569	
  .0000696	 .1284314	-.2882353	
  .00007	 .1245098	-.2882353	
  .0000704	 .1264706	-.2764706	
  .0000708	 .1264706	-.2764706	
  .0000712	 .1245098	-.2803922	
  .0000716	 .1245098	-.272549	
  .000072	 .122549	-.2647059	
  .0000724	 .122549	-.2647059	
  .0000728	 .122549	-.2647059	
  .0000732	 .1186275	-.2607843	
  .0000736	 .1186275	-.2490196	
  .000074	 .1186275	-.2490196	
  .0000744	 .1186275	-.2490196	
  .0000748	 .1166667	-.2372549	
  .0000752	 .1147059	-.2372549	
  .0000756	 .1127451	-.2294118	
  .000076	 .1147059	-.2254902	
  .0000764	 .1127451	-.2254902	
  .0000768	 .1107843	-.2137255	
  .0000772	 .1107843	-.2058824	
  .0000776	 .1068627	-.2019608	
  .000078	 .1088235	-.1980392	
  .0000784	 .1068627	-.1941177	
  .0000788	 .104902	-.1862745	
  .0000792	 .104902	-.1823529	
  .0000796	 .1029412	-.1784314	
  .00008	 .1009804	-.1705882	
  .0000804	 9.705883E-02	-.1666667	
  .0000808	 9.901961E-02	-.1588235	
  .0000812	 9.705883E-02	-.154902	
  .0000816	 9.117647E-02	-.1509804	
  .000082	 8.921569E-02	-.1392157	
  .0000824	 .0872549	-.1352941	
  .0000828	 .0872549	-.1352941	
  .0000832	 8.333334E-02	-.127451	
  .0000836	 8.529412E-02	-.1196078	
  .000084	 8.137255E-02	-.1117647	
  .0000844	 7.941177E-02	-.1078431	
  .0000848	 7.745098E-02	-.1	
  .0000852	 7.745098E-02	-9.607843E-02	
  .0000856	 7.352941E-02	-.0882353	
  .000086	 7.352941E-02	-8.039216E-02	
  .0000864	 7.156863E-02	-7.254902E-02	
  .0000868	 6.960785E-02	-6.862745E-02	
  .0000872	 6.764706E-02	-5.686275E-02	
  .0000876	 6.568628E-02	-4.901961E-02	
  .000088	 6.176471E-02	-4.901961E-02	
  .0000884	 5.980392E-02	-.0372549	
  .0000888	 5.980392E-02	-3.333334E-02	
  .0000892	 5.980392E-02	-3.333334E-02	
  .0000896	 5.588235E-02	-.0254902	
  .00009	 5.392157E-02	-1.372549E-02	
  .0000904	 .05	-9.803922E-03	
  .0000908	 4.803922E-02	-1.960784E-03	
  .0000912	 4.607843E-02	 1.960784E-03	
  .0000916	 4.607843E-02	 9.803922E-03	
  .000092	 4.411765E-02	 1.764706E-02	
  .0000924	 4.215686E-02	 2.156863E-02	
  .0000928	 3.627451E-02	 .0254902	
  .0000932	 .0382353	 3.333334E-02	
  .0000936	 3.235294E-02	 4.117647E-02	
  .000094	 3.039216E-02	 4.901961E-02	
  .0000944	 3.039216E-02	 4.901961E-02	
  .0000948	 .0245098	 5.294118E-02	
  .0000952	 2.254902E-02	 6.078431E-02	
  .0000956	 2.254902E-02	 7.254902E-02	
  .000096	 2.254902E-02	 7.254902E-02	
  .0000964	 1.862745E-02	 8.039216E-02	
  .0000968	 1.666667E-02	 8.431373E-02	
  .0000972	 1.470588E-02	 9.215686E-02	
  .0000976	 8.82353E-03	 .1	
  .000098	 6.862745E-03	 .1	
  .0000984	 6.862745E-03	 .1078431	
  .0000988	 4.901961E-03	 .1117647	
  .0000992	 2.941177E-03	 .1196078	
  .0000996	 9.803922E-04	 .127451	
  .0001	-9.803922E-04	 .1352941	
  .0001004	-9.803922E-04	 .1392157	
  .0001008	-4.901961E-03	 .1392157	
  .0001012	-8.82353E-03	 .1470588	
  .0001016	-8.82353E-03	 .154902	
  .000102	-1.078431E-02	 .1627451	
  .0001024	-1.470588E-02	 .1627451	
  .0001028	-1.862745E-02	 .1627451	
  .0001032	-1.666667E-02	 .1705882	
  .0001036	-2.058824E-02	 .1705882	
  .000104	-.0245098	 .1823529	
  .0001044	-.0245098	 .1823529	
  .0001048	-2.647059E-02	 .1823529	
  .0001052	-2.647059E-02	 .1941177	
  .0001056	-2.843137E-02	 .1941177	
  .000106	-3.235294E-02	 .2019608	
  .0001064	-3.431373E-02	 .1980392	
  .0001068	-3.627451E-02	 .2058824	
  .0001072	-3.627451E-02	 .2098039	
  .0001076	-4.019608E-02	 .2058824	
  .000108	-4.215686E-02	 .2137255	
  .0001084	-4.411765E-02	 .2176471	
  .0001088	-4.411765E-02	 .2215686	
  .0001092	-4.803922E-02	 .2215686	
  .0001096	-4.607843E-02	 .2215686	
  .00011	-.05	 .2294118	
  .0001104	-.05	 .2294118	
  .0001108	-5.392157E-02	 .2254902	
  .0001112	-5.588235E-02	 .2254902	
  .0001116	-5.196078E-02	 .2333333	
  .000112	-5.392157E-02	 .2294118	
  .0001124	-5.980392E-02	 .2294118	
  .0001128	-5.980392E-02	 .2254902	
  .0001132	-6.176471E-02	 .2254902	
  .0001136	-6.176471E-02	 .2254902	
  .000114	-6.568628E-02	 .2215686	
  .0001144	-6.568628E-02	 .2215686	
  .0001148	-6.764706E-02	 .2254902	
  .0001152	-6.764706E-02	 .2254902	
  .0001156	-7.156863E-02	 .2294118	
  .000116	-7.156863E-02	 .2294118	
  .0001164	-7.156863E-02	 .2294118	
  .0001168	-.0754902	 .2294118	
  .0001172	-.0754902	 .2294118	
  .0001176	-7.745098E-02	 .2254902	
  .000118	-7.745098E-02	 .2294118	
  .0001184	-7.745098E-02	 .2333333	
  .0001188	-7.941177E-02	 .2294118	
  .0001192	-7.941177E-02	 .2294118	
  .0001196	-7.941177E-02	 .2294118	
  .00012	-8.333334E-02	 .2333333	
  .0001204	-8.137255E-02	 .2294118	
  .0001208	-8.529412E-02	 .2294118	
  .0001212	-8.529412E-02	 .2254902	
  .0001216	-8.529412E-02	 .2294118	
  .000122	-8.529412E-02	 .2333333	
  .0001224	-8.529412E-02	 .2254902	
  .0001228	-8.921569E-02	 .2254902	
  .0001232	-8.333334E-02	 .2294118	
  .0001236	-8.529412E-02	 .2254902	
  .000124	-.0872549	 .2254902	
  .0001244	-8.921569E-02	 .2215686	
  .0001248	-8.529412E-02	 .2215686	
  .0001252	-8.529412E-02	 .2176471	
  .0001256	-8.529412E-02	 .2215686	
  .000126	-.0872549	 .2176471	
  .0001264	-.0872549	 .2137255	
  .0001268	-8.529412E-02	 .2137255	
  .0001272	-.0872549	 .2137255	
  .0001276	-8.529412E-02	 .2019608	
  .000128	-8.333334E-02	 .2058824	
  .0001284	-8.333334E-02	 .2098039	
  .0001288	-8.529412E-02	 .2019608	
  .0001292	-8.333334E-02	 .1941177	
  .0001296	-8.137255E-02	 .1980392	
  .00013	-8.333334E-02	 .1941177	
  .0001304	-7.941177E-02	 .1980392	
  .0001308	-8.137255E-02	 .1862745	
  .0001312	-7.941177E-02	 .1862745	
  .0001316	-7.745098E-02	 .1823529	
  .000132	-7.745098E-02	 .1784314	
  .0001324	-7.745098E-02	 .1666667	
  .0001328	-7.745098E-02	 .1666667	
  .0001332	-7.352941E-02	 .1666667	
  .0001336	-.0754902	 .1666667	
  .000134	-7.745098E-02	 .1588235	
  .0001344	-7.352941E-02	 .1509804	
  .0001348	-7.352941E-02	 .1509804	
  .0001352	-7.352941E-02	 .1509804	
  .0001356	-7.156863E-02	 .1431373	
  .000136	-7.352941E-02	 .1431373	
  .0001364	-6.764706E-02	 .1392157	
  .0001368	-6.764706E-02	 .1392157	
  .0001372	-6.568628E-02	 .1313726	
  .0001376	-6.372549E-02	 .1196078	
  .000138	-6.372549E-02	 .1196078	
  .0001384	-6.372549E-02	 .1156863	
  .0001388	-5.980392E-02	 .1117647	
  .0001392	-5.784314E-02	 .1078431	
  .0001396	-5.784314E-02	 .1078431	
  .00014	-5.588235E-02	 .1039216	
  .0001404	-5.588235E-02	 9.215686E-02	
  .0001408	-5.588235E-02	 9.215686E-02	
  .0001412	-5.392157E-02	 9.215686E-02	
  .0001416	-5.196078E-02	 .0882353	
  .000142	-.05	 8.431373E-02	
  .0001424	-4.803922E-02	 7.254902E-02	
  .0001428	-4.607843E-02	 6.862745E-02	
  .0001432	-4.803922E-02	 6.470589E-02	
  .0001436	-4.607843E-02	 6.470589E-02	
  .000144	-4.411765E-02	 5.686275E-02	
  .0001444	-4.411765E-02	 4.901961E-02	
  .0001448	-4.019608E-02	 4.901961E-02	
  .0001452	-4.019608E-02	 4.509804E-02	
  .0001456	-.0382353	 3.333334E-02	
  .000146	-.0382353	 2.941176E-02	
  .0001464	-3.431373E-02	 .0254902	
  .0001468	-3.431373E-02	 3.333334E-02	
  .0001472	-3.235294E-02	 1.764706E-02	
  .0001476	-3.039216E-02	 9.803922E-03	
  .000148	-2.843137E-02	 9.803922E-03	
  .0001484	-2.647059E-02	 9.803922E-03	
  .0001488	-2.647059E-02	-1.960784E-03	
  .0001492	-2.647059E-02	-5.882353E-03	
  .0001496	-.0245098	-5.882353E-03	
  .00015	-1.862745E-02	-5.882353E-03	
  .0001504	-1.862745E-02	-1.764706E-02	
  .0001508	-1.862745E-02	-1.764706E-02	
  .0001512	-1.470588E-02	-2.156863E-02	
  .0001516	-1.666667E-02	-.0254902	
  .000152	-1.470588E-02	-2.941176E-02	
  .0001524	-1.470588E-02	-4.117647E-02	
  .0001528	-1.078431E-02	-.0372549	
  .0001532	-8.82353E-03	-4.117647E-02	
  .0001536	-6.862745E-03	-4.901961E-02	
  .000154	-6.862745E-03	-4.901961E-02	
  .0001544	-4.901961E-03	-5.294118E-02	
  .0001548	-2.941177E-03	-5.686275E-02	
  .0001552	 9.803922E-04	-6.470589E-02	
  .0001556	 9.803922E-04	-6.862745E-02	
  .000156	 2.941177E-03	-6.862745E-02	
  .0001564	 2.941177E-03	-7.254902E-02	
  .0001568	 6.862745E-03	-7.647059E-02	
  .0001572	 8.82353E-03	-8.431373E-02	
  .0001576	 8.82353E-03	-8.431373E-02	
  .000158	 1.078431E-02	-.0882353	
  .0001584	 1.470588E-02	-9.215686E-02	
  .0001588	 1.666667E-02	-.1	
  .0001592	 1.666667E-02	-.1	
  .0001596	 1.666667E-02	-.1039216	
  .00016	 2.254902E-02	-.1039216	
  .0001604	 2.254902E-02	-.1078431	
  .0001608	 .0245098	-.1156863	
  .0001612	 .0245098	-.1156863	
  .0001616	 .0245098	-.1156863	
  .000162	 2.843137E-02	-.1235294	
  .0001624	 2.647059E-02	-.127451	
  .0001628	 3.039216E-02	-.1235294	
  .0001632	 3.235294E-02	-.127451	
  .0001636	 3.627451E-02	-.1352941	
  .000164	 3.431373E-02	-.1352941	
  .0001644	 3.627451E-02	-.1392157	
  .0001648	 4.019608E-02	-.1392157	
  .0001652	 4.215686E-02	-.1392157	
  .0001656	 4.215686E-02	-.1431373	
  .000166	 4.411765E-02	-.1509804	
  .0001664	 4.803922E-02	-.1431373	
  .0001668	 4.607843E-02	-.1470588	
  .0001672	 .05	-.154902	
  .0001676	 5.196078E-02	-.154902	
  .000168	 5.392157E-02	-.154902	
  .0001684	 5.588235E-02	-.1627451	
  .0001688	 5.588235E-02	-.1588235	
  .0001692	 5.784314E-02	-.1627451	
  .0001696	 5.588235E-02	-.1588235	
  .00017	 5.980392E-02	-.1627451	
  .0001704	 6.176471E-02	-.1705882	
  .0001708	 6.372549E-02	-.1666667	
  .0001712	 6.372549E-02	-.1666667	
  .0001716	 6.568628E-02	-.1666667	
  .000172	 6.372549E-02	-.1705882	
  .0001724	 6.960785E-02	-.1745098	
  .0001728	 6.960785E-02	-.1666667	
  .0001732	 6.960785E-02	-.1705882	
  .0001736	 6.960785E-02	-.1745098	
  .000174	 7.156863E-02	-.1745098	
  .0001744	 7.156863E-02	-.1745098	
  .0001748	 7.352941E-02	-.1745098	
  .0001752	 .0754902	-.1784314	
  .0001756	 7.156863E-02	-.1745098	
  .000176	 .0754902	-.1745098	
  .0001764	 7.745098E-02	-.1745098	
  .0001768	 7.352941E-02	-.1784314	
  .0001772	 7.352941E-02	-.1784314	
  .0001776	 7.745098E-02	-.1745098	
  .000178	 .0754902	-.1745098	
  .0001784	 7.745098E-02	-.1745098	
  .0001788	 7.745098E-02	-.1745098	
  .0001792	 7.745098E-02	-.1745098	
  .0001796	 .0754902	-.1705882	
  .00018	 7.745098E-02	-.1784314	
  .0001804	 .0754902	-.1745098	
  .0001808	 .0754902	-.1666667	
  .0001812	 7.745098E-02	-.1705882	
  .0001816	 7.745098E-02	-.1705882	
  .000182	 7.745098E-02	-.1666667	
  .0001824	 7.941177E-02	-.1627451	
  .0001828	 7.745098E-02	-.1588235	
  .0001832	 .0754902	-.1627451	
  .0001836	 7.352941E-02	-.1627451	
  .000184	 .0754902	-.1627451	
  .0001844	 7.745098E-02	-.154902	
  .0001848	 .0754902	-.154902	
  .0001852	 7.352941E-02	-.1509804	
  .0001856	 7.352941E-02	-.1509804	
  .000186	 .0754902	-.1470588	
  .0001864	 7.156863E-02	-.1470588	
  .0001868	 .0754902	-.1509804	
  .0001872	 7.352941E-02	-.1392157	
  .0001876	 7.156863E-02	-.1352941	
  .000188	 7.156863E-02	-.1352941	
  .0001884	 6.960785E-02	-.1352941	
  .0001888	 6.764706E-02	-.1352941	
  .0001892	 6.960785E-02	-.127451	
  .0001896	 7.156863E-02	-.1235294	
  .00019	 6.764706E-02	-.127451	
  .0001904	 6.764706E-02	-.1235294	
  .0001908	 6.764706E-02	-.1156863	
  .0001912	 6.568628E-02	-.1156863	
  .0001916	 6.764706E-02	-.1117647	
  .000192	 6.176471E-02	-.1117647	
  .0001924	 6.176471E-02	-.1078431	
  .0001928	 6.176471E-02	-.1039216	
  .0001932	 5.980392E-02	-.1039216	
  .0001936	 5.784314E-02	-.1	
  .000194	 5.784314E-02	-9.607843E-02	
  .0001944	 5.588235E-02	-9.215686E-02	
  .0001948	 5.784314E-02	-.0882353	
  .0001952	 5.588235E-02	-.0882353	
  .0001956	 5.588235E-02	-8.431373E-02	
  .000196	 5.392157E-02	-8.039216E-02	
  .0001964	 5.196078E-02	-7.647059E-02	
  .0001968	 5.196078E-02	-7.647059E-02	
  .0001972	 .05	-6.862745E-02	
  .0001976	 .05	-6.078431E-02	
  .000198	 .05	-6.470589E-02	
  .0001984	 4.803922E-02	-6.470589E-02	
  .0001988	 .05	-6.078431E-02	
  .0001992	 4.607843E-02	-5.294118E-02	
  .0001996	 4.607843E-02	-4.901961E-02	
  .0002	 4.607843E-02	-4.509804E-02	
  .0002004	 4.215686E-02	-4.509804E-02	
  .0002008	 4.215686E-02	-4.117647E-02	
  .0002012	 4.019608E-02	-3.333334E-02	
  .0002016	 4.019608E-02	-.0372549	
  .000202	 3.627451E-02	-3.333334E-02	
  .0002024	 3.627451E-02	-.0254902	
  .0002028	 3.627451E-02	-.0254902	
  .0002032	 3.235294E-02	-2.156863E-02	
  .0002036	 3.235294E-02	-1.764706E-02	
  .000204	 3.235294E-02	-1.372549E-02	
  .0002044	 3.039216E-02	-5.882353E-03	
  .0002048	 3.039216E-02	-5.882353E-03	
  .0002052	 2.843137E-02	-1.960784E-03	
  .0002056	 2.647059E-02	-1.960784E-03	
  .000206	 2.647059E-02	 5.882353E-03	
  .0002064	 .0245098	 9.803922E-03	
  .0002068	 2.254902E-02	 9.803922E-03	
  .0002072	 .0245098	 1.764706E-02	
  .0002076	 2.254902E-02	 2.156863E-02	
  .000208	 1.862745E-02	 .0254902	
  .0002084	 1.862745E-02	 .0254902	
  .0002088	 1.666667E-02	 3.333334E-02	
  .0002092	 1.862745E-02	 .0372549	
  .0002096	 1.666667E-02	 4.117647E-02	
  .00021	 1.470588E-02	 .0372549	
  .0002104	 1.470588E-02	 4.509804E-02	
  .0002108	 .0127451	 4.901961E-02	
  .0002112	 1.078431E-02	 5.294118E-02	
  .0002116	 1.078431E-02	 5.294118E-02	
  .000212	 8.82353E-03	 5.294118E-02	
  .0002124	 6.862745E-03	 6.078431E-02	
  .0002128	 4.901961E-03	 6.862745E-02	
  .0002132	 4.901961E-03	 6.078431E-02	
  .0002136	 9.803922E-04	 6.470589E-02	
  .000214	 9.803922E-04	 6.862745E-02	
  .0002144	 9.803922E-04	 7.254902E-02	
  .0002148	 9.803922E-04	 7.254902E-02	
  .0002152	-9.803922E-04	 7.254902E-02	
  .0002156	-9.803922E-04	 8.039216E-02	
  .000216	-6.862745E-03	 8.431373E-02	
  .0002164	-4.901961E-03	 8.431373E-02	
  .0002168	-1.078431E-02	 8.431373E-02	
  .0002172	-8.82353E-03	 .0882353	
  .0002176	-1.078431E-02	 .0882353	
  .000218	-1.078431E-02	 9.215686E-02	
  .0002184	-.0127451	 9.607843E-02	
  .0002188	-1.470588E-02	 .1	
  .0002192	-1.470588E-02	 .1039216	
  .0002196	-1.666667E-02	 .1	
  .00022	-1.862745E-02	 .1039216	
  .0002204	-1.666667E-02	 .1117647	
  .0002208	-1.862745E-02	 .1117647	
  .0002212	-2.254902E-02	 .1117647	
  .0002216	-2.254902E-02	 .1117647	
  .000222	-2.254902E-02	 .1117647	
  .0002224	-.0245098	 .1156863	
  .0002228	-2.647059E-02	 .1196078	
  .0002232	-2.843137E-02	 .1196078	
  .0002236	-2.843137E-02	 .1156863	
  .000224	-3.039216E-02	 .1196078	
  .0002244	-3.039216E-02	 .1235294	
  .0002248	-3.039216E-02	 .127451	
  .0002252	-3.431373E-02	 .1235294	
  .0002256	-3.039216E-02	 .127451	
  .000226	-3.431373E-02	 .1352941	
  .0002264	-3.627451E-02	 .1313726	
  .0002268	-3.235294E-02	 .1313726	
  .0002272	-.0382353	 .1352941	
  .0002276	-.0382353	 .1392157	
  .000228	-4.019608E-02	 .1313726	
  .0002284	-4.019608E-02	 .1352941	
  .0002288	-4.019608E-02	 .1392157	
  .0002292	-4.215686E-02	 .1392157	
  .0002296	-4.411765E-02	 .1392157	
  .00023	-4.411765E-02	 .1352941	
  .0002304	-4.411765E-02	 .1431373	
  .0002308	-4.607843E-02	 .1431373	
  .0002312	-4.607843E-02	 .1431373	
  .0002316	-.05	 .1392157	
  .000232	-4.803922E-02	 .1431373	
  .0002324	-4.803922E-02	 .1392157	
  .0002328	-.05	 .1431373	
  .0002332	-5.196078E-02	 .1392157	
  .0002336	-.05	 .1431373	
  .000234	-.05	 .1431373	
  .0002344	-5.196078E-02	 .1431373	
  .0002348	-5.196078E-02	 .1431373	
  .0002352	-5.196078E-02	 .1431373	
  .0002356	-5.196078E-02	 .1392157	
  .000236	-5.196078E-02	 .1431373	
  .0002364	-5.392157E-02	 .1392157	
  .0002368	-5.392157E-02	 .1352941	
  .0002372	-5.196078E-02	 .1392157	
  .0002376	-5.392157E-02	 .1352941	
  .000238	-5.392157E-02	 .1313726	
  .0002384	-5.392157E-02	 .1352941	
  .0002388	-5.392157E-02	 .1352941	
  .0002392	-5.392157E-02	 .1313726	
  .0002396	-5.588235E-02	 .1352941	
  .00024	-5.392157E-02	 .127451	
  .0002404	-5.392157E-02	 .1313726	
  .0002408	-5.392157E-02	 .1352941	
  .0002412	-5.196078E-02	 .127451	
  .0002416	-5.588235E-02	 .1235294	
  .000242	-5.196078E-02	 .1235294	
  .0002424	-5.392157E-02	 .1196078	
  .0002428	-5.196078E-02	 .1156863	
  .0002432	-5.588235E-02	 .1156863	
  .0002436	-5.196078E-02	 .1196078	
  .000244	-5.392157E-02	 .1196078	
  .0002444	-5.196078E-02	 .1196078	
  .0002448	-.05	 .1117647	
  .0002452	-4.803922E-02	 .1117647	
  .0002456	-4.803922E-02	 .1117647	
  .000246	-.05	 .1117647	
  .0002464	-4.803922E-02	 .1	
  .0002468	-4.803922E-02	 .1039216	
  .0002472	-4.607843E-02	 .1039216	
  .0002476	-4.803922E-02	 .1	
  .000248	-4.607843E-02	 9.607843E-02	
  .0002484	-4.607843E-02	 9.607843E-02	
  .0002488	-4.607843E-02	 9.607843E-02	
  .0002492	-4.215686E-02	 9.607843E-02	
  .0002496	-4.411765E-02	 .0882353	
  .00025	-4.411765E-02	 .0882353	
  .0002504	-4.215686E-02	 8.431373E-02	
  .0002508	-4.411765E-02	 8.431373E-02	
  .0002512	-4.215686E-02	 8.039216E-02	
  .0002516	-.0382353	 7.647059E-02	
  .000252	-4.019608E-02	 7.647059E-02	
  .0002524	-4.019608E-02	 7.647059E-02	
  .0002528	-3.627451E-02	 6.862745E-02	
  .0002532	-4.019608E-02	 6.862745E-02	
  .0002536	-3.627451E-02	 6.470589E-02	
  .000254	-3.431373E-02	 6.862745E-02	
  .0002544	-3.431373E-02	 6.078431E-02	
  .0002548	-3.431373E-02	 5.686275E-02	
  .0002552	-3.235294E-02	 5.686275E-02	
  .0002556	-3.235294E-02	 6.078431E-02	
  .000256	-3.235294E-02	 5.294118E-02	
  .0002564	-3.235294E-02	 4.901961E-02	
  .0002568	-3.235294E-02	 4.509804E-02	
  .0002572	-2.843137E-02	 4.509804E-02	
  .0002576	-2.843137E-02	 4.117647E-02	
  .000258	-2.843137E-02	 4.117647E-02	
  .0002584	-2.647059E-02	 4.117647E-02	
  .0002588	-2.647059E-02	 .0372549	
  .0002592	-.0245098	 2.941176E-02	
  .0002596	-2.254902E-02	 2.941176E-02	
  .00026	-2.254902E-02	 2.941176E-02	
  .0002604	-2.254902E-02	 .0254902	
  .0002608	-2.058824E-02	 2.156863E-02	
  .0002612	-2.058824E-02	 1.372549E-02	
  .0002616	-1.666667E-02	 1.764706E-02	
  .000262	-1.862745E-02	 1.372549E-02	
  .0002624	-1.862745E-02	 1.372549E-02	
  .0002628	-1.666667E-02	 1.960784E-03	
  .0002632	-1.666667E-02	 1.960784E-03	
  .0002636	-1.470588E-02	 5.882353E-03	
  .000264	-1.470588E-02	 5.882353E-03	
  .0002644	-1.078431E-02	-5.882353E-03	
  .0002648	-.0127451	-5.882353E-03	
  .0002652	-1.078431E-02	-5.882353E-03	
  .0002656	-1.078431E-02	-5.882353E-03	
  .000266	-8.82353E-03	-1.764706E-02	
  .0002664	-8.82353E-03	-2.156863E-02	
  .0002668	-6.862745E-03	-1.764706E-02	
  .0002672	-4.901961E-03	-1.764706E-02	
  .0002676	-4.901961E-03	-2.156863E-02	
  .000268	-2.941177E-03	-2.941176E-02	
  .0002684	-2.941177E-03	-2.941176E-02	
  .0002688	 9.803922E-04	-2.941176E-02	
  .0002692	-2.941177E-03	-.0372549	
  .0002696	 9.803922E-04	-4.117647E-02	
  .00027	 9.803922E-04	-.0372549	
  .0002704	 2.941177E-03	-4.117647E-02	
  .0002708	 2.941177E-03	-4.509804E-02	
  .0002712	 2.941177E-03	-4.901961E-02	
  .0002716	 2.941177E-03	-5.294118E-02	
  .000272	 6.862745E-03	-5.294118E-02	
  .0002724	 6.862745E-03	-5.294118E-02	
  .0002728	 6.862745E-03	-5.686275E-02	
  .0002732	 6.862745E-03	-5.294118E-02	
  .0002736	 8.82353E-03	-5.686275E-02	
  .000274	 1.078431E-02	-5.686275E-02	
  .0002744	 1.078431E-02	-5.686275E-02	
  .0002748	 .0127451	-6.078431E-02	
  .0002752	 .0127451	-6.470589E-02	
  .0002756	 .0127451	-6.470589E-02	
  .000276	 1.470588E-02	-7.254902E-02	
  .0002764	 1.666667E-02	-6.862745E-02	
  .0002768	 1.666667E-02	-7.254902E-02	
  .0002772	 1.862745E-02	-7.254902E-02	
  .0002776	 2.058824E-02	-7.254902E-02	
  .000278	 2.058824E-02	-8.039216E-02	
  .0002784	 2.058824E-02	-7.647059E-02	
  .0002788	 .0245098	-7.647059E-02	
  .0002792	 2.647059E-02	-8.039216E-02	
  .0002796	 .0245098	-8.431373E-02	
  .00028	 .0245098	-8.431373E-02	
  .0002804	 2.843137E-02	-8.431373E-02	
  .0002808	 3.235294E-02	-9.215686E-02	
  .0002812	 2.647059E-02	-.0882353	
  .0002816	 3.235294E-02	-.0882353	
  .000282	 3.235294E-02	-.0882353	
  .0002824	 3.235294E-02	-9.215686E-02	
  .0002828	 3.235294E-02	-9.607843E-02	
  .0002832	 3.235294E-02	-9.607843E-02	
  .0002836	 3.431373E-02	-9.607843E-02	
  .000284	 3.627451E-02	-.0882353	
  .0002844	 .0382353	-9.607843E-02	
  .0002848	 .0382353	-9.607843E-02	
  .0002852	 4.019608E-02	-9.607843E-02	
  .0002856	 4.019608E-02	-9.607843E-02	
  .000286	 4.019608E-02	-.1039216	
  .0002864	 4.215686E-02	-.1	
  .0002868	 4.215686E-02	-.1	
  .0002872	 4.215686E-02	-.1	
  .0002876	 4.215686E-02	-.1	
  .000288	 4.411765E-02	-.1	
  .0002884	 4.607843E-02	-.1	
  .0002888	 4.607843E-02	-.1	
  .0002892	 4.411765E-02	-.1039216	
  .0002896	 4.803922E-02	-.1039216	
  .00029	 4.803922E-02	-.1	
  .0002904	 4.607843E-02	-.1	
  .0002908	 4.607843E-02	-.1039216	
  .0002912	 4.607843E-02	-.1039216	
  .0002916	 4.607843E-02	-.1	
  .000292	 4.803922E-02	-.1	
  .0002924	 .05	-.1039216	
  .0002928	 4.803922E-02	-.1039216	
  .0002932	 4.607843E-02	-.1	
  .0002936	 4.803922E-02	-.1	
  .000294	 .05	-9.607843E-02	
  .0002944	 4.803922E-02	-9.607843E-02	
  .0002948	 4.607843E-02	-9.215686E-02	
  .0002952	 .05	-.0882353	
  .0002956	 4.607843E-02	-9.607843E-02	
  .000296	 4.411765E-02	-9.607843E-02	
  .0002964	 4.411765E-02	-9.215686E-02	
  .0002968	 4.607843E-02	-9.607843E-02	
  .0002972	 4.607843E-02	-9.215686E-02	
  .0002976	 4.607843E-02	-9.607843E-02	
  .000298	 4.607843E-02	-.0882353	
  .0002984	 4.607843E-02	-8.431373E-02	
  .0002988	 4.411765E-02	-9.215686E-02	
  .0002992	 4.411765E-02	-.0882353	
  .0002996	 4.411765E-02	-8.431373E-02	
  .0003	 4.607843E-02	-8.431373E-02	
  .0003004	 4.607843E-02	-.0882353	
  .0003008	 4.411765E-02	-8.431373E-02	
  .0003012	 4.607843E-02	-8.431373E-02	
  .0003016	 4.411765E-02	-8.039216E-02	
  .000302	 4.215686E-02	-7.647059E-02	
  .0003024	 4.215686E-02	-8.039216E-02	
  .0003028	 4.215686E-02	-8.039216E-02	
  .0003032	 4.215686E-02	-7.254902E-02	
  .0003036	 4.215686E-02	-7.254902E-02	
  .000304	 4.411765E-02	-7.647059E-02	
  .0003044	 4.019608E-02	-7.254902E-02	
  .0003048	 4.215686E-02	-7.254902E-02	
  .0003052	 4.215686E-02	-6.078431E-02	
  .0003056	 4.019608E-02	-7.254902E-02	
  .000306	 .0382353	-6.470589E-02	
  .0003064	 3.627451E-02	-6.078431E-02	
  .0003068	 .0382353	-6.078431E-02	
  .0003072	 4.019608E-02	-6.078431E-02	
  .0003076	 .0382353	-6.078431E-02	
  .000308	 3.627451E-02	-5.294118E-02	
  .0003084	 .0382353	-5.294118E-02	
  .0003088	 3.627451E-02	-5.294118E-02	
  .0003092	 3.627451E-02	-5.294118E-02	
  .0003096	 3.627451E-02	-4.901961E-02	
  .00031	 3.627451E-02	-4.509804E-02	
  .0003104	 3.431373E-02	-4.509804E-02	
  .0003108	 3.235294E-02	-4.509804E-02	
  .0003112	 3.235294E-02	-4.117647E-02	
  .0003116	 3.235294E-02	-4.117647E-02	
  .000312	 3.039216E-02	-4.117647E-02	
  .0003124	 3.039216E-02	-.0372549	
  .0003128	 3.039216E-02	-.0372549	
  .0003132	 3.039216E-02	-3.333334E-02	
  .0003136	 3.039216E-02	-2.941176E-02	
  .000314	 2.843137E-02	-2.941176E-02	
  .0003144	 2.843137E-02	-.0254902	
  .0003148	 2.843137E-02	-.0254902	
  .0003152	 2.843137E-02	-2.156863E-02	
  .0003156	 2.647059E-02	-.0254902	
  .000316	 .0245098	-1.764706E-02	
  .0003164	 2.254902E-02	-1.764706E-02	
  .0003168	 .0245098	-1.764706E-02	
  .0003172	 .0245098	-1.372549E-02	
  .0003176	 2.254902E-02	-9.803922E-03	
  .000318	 2.058824E-02	-9.803922E-03	
  .0003184	 .0245098	-9.803922E-03	
  .0003188	 2.058824E-02	-1.960784E-03	
  .0003192	 1.862745E-02	-5.882353E-03	
  .0003196	 1.862745E-02	-1.960784E-03	
  .00032	 2.058824E-02	 1.960784E-03	
  .0003204	 1.862745E-02	 1.960784E-03	
  .0003208	 1.666667E-02	 5.882353E-03	
  .0003212	 1.666667E-02	 5.882353E-03	
  .0003216	 1.470588E-02	 5.882353E-03	
  .000322	 1.666667E-02	 5.882353E-03	
  .0003224	 .0127451	 9.803922E-03	
  .0003228	 .0127451	 1.764706E-02	
  .0003232	 1.078431E-02	 1.764706E-02	
  .0003236	 1.078431E-02	 2.156863E-02	
  .000324	 8.82353E-03	 2.156863E-02	
  .0003244	 1.078431E-02	 2.156863E-02	
  .0003248	 1.078431E-02	 .0254902	
  .0003252	 8.82353E-03	 2.941176E-02	
  .0003256	 4.901961E-03	 .0254902	
  .000326	 6.862745E-03	 2.941176E-02	
  .0003264	 6.862745E-03	 3.333334E-02	
  .0003268	 4.901961E-03	 2.941176E-02	
  .0003272	 4.901961E-03	 3.333334E-02	
  .0003276	 2.941177E-03	 .0372549	
  .000328	 9.803922E-04	 .0372549	
  .0003284	 2.941177E-03	 4.509804E-02	
  .0003288	-9.803922E-04	 4.117647E-02	
  .0003292	 9.803922E-04	 4.117647E-02	
  .0003296	 9.803922E-04	 4.509804E-02	
  .00033	 9.803922E-04	 4.901961E-02	
  .0003304	-2.941177E-03	 4.509804E-02	
  .0003308	-9.803922E-04	 4.901961E-02	
  .0003312	-2.941177E-03	 5.294118E-02	
  .0003316	-2.941177E-03	 5.294118E-02	
  .000332	-2.941177E-03	 4.901961E-02	
  .0003324	-4.901961E-03	 5.294118E-02	
  .0003328	-6.862745E-03	 5.294118E-02	
  .0003332	-4.901961E-03	 5.686275E-02	
  .0003336	-6.862745E-03	 5.686275E-02	
  .000334	-6.862745E-03	 5.686275E-02	
  .0003344	-8.82353E-03	 6.078431E-02	
  .0003348	-8.82353E-03	 6.470589E-02	
  .0003352	-1.078431E-02	 6.078431E-02	
  .0003356	-1.078431E-02	 6.078431E-02	
  .000336	-1.078431E-02	 6.470589E-02	
  .0003364	-.0127451	 6.078431E-02	
  .0003368	-.0127451	 6.470589E-02	
  .0003372	-1.470588E-02	 6.862745E-02	
  .0003376	-.0127451	 6.862745E-02	
  .000338	-1.666667E-02	 7.254902E-02	
  .0003384	-1.666667E-02	 6.470589E-02	
  .0003388	-1.470588E-02	 7.647059E-02	
  .0003392	-1.470588E-02	 7.254902E-02	
  .0003396	-1.666667E-02	 8.039216E-02	
  .00034	-1.666667E-02	 8.039216E-02	
  .0003404	-1.862745E-02	 7.254902E-02	
  .0003408	-1.862745E-02	 8.039216E-02	
  .0003412	-1.862745E-02	 7.647059E-02	
  .0003416	-2.058824E-02	 7.647059E-02	
  .000342	-2.058824E-02	 7.647059E-02	
  .0003424	-2.058824E-02	 7.254902E-02	
  .0003428	-2.058824E-02	 8.039216E-02	
  .0003432	-2.254902E-02	 8.039216E-02	
  .0003436	-2.254902E-02	 7.647059E-02	
  .000344	-.0245098	 8.039216E-02	
  .0003444	-.0245098	 8.039216E-02	
  .0003448	-.0245098	 .0882353	
  .0003452	-2.647059E-02	 8.039216E-02	
  .0003456	-2.254902E-02	 8.039216E-02	
  .000346	-2.647059E-02	 8.039216E-02	
  .0003464	-2.647059E-02	 8.431373E-02	
  .0003468	-.0245098	 8.039216E-02	
  .0003472	-2.843137E-02	 8.039216E-02	
  .0003476	-2.647059E-02	 .0882353	
  .000348	-2.647059E-02	 8.431373E-02	
  .0003484	-2.843137E-02	 8.431373E-02	
  .0003488	-3.039216E-02	 8.039216E-02	
  .0003492	-2.843137E-02	 8.431373E-02	
  .0003496	-2.843137E-02	 8.431373E-02	
  .00035	-3.039216E-02	 .0882353	
  .0003504	-3.039216E-02	 7.647059E-02	
  .0003508	-3.039216E-02	 8.431373E-02	
  .0003512	-2.843137E-02	 8.431373E-02	
  .0003516	-3.235294E-02	 8.039216E-02	
  .000352	-3.039216E-02	 8.039216E-02	
  .0003524	-3.039216E-02	 8.039216E-02	
  .0003528	-3.039216E-02	 7.647059E-02	
  .0003532	-2.843137E-02	 7.647059E-02	
  .0003536	-3.235294E-02	 8.431373E-02	
  .000354	-3.039216E-02	 8.039216E-02	
  .0003544	-3.235294E-02	 7.647059E-02	
  .0003548	-3.039216E-02	 8.039216E-02	
  .0003552	-3.235294E-02	 7.647059E-02	
  .0003556	-3.039216E-02	 7.647059E-02	
  .000356	-3.039216E-02	 7.647059E-02	
  .0003564	-2.843137E-02	 7.647059E-02	
  .0003568	-3.039216E-02	 7.254902E-02	
  .0003572	-3.039216E-02	 7.254902E-02	
  .0003576	-2.843137E-02	 7.254902E-02	
  .000358	-2.843137E-02	 7.254902E-02	
  .0003584	-2.843137E-02	 7.254902E-02	
  .0003588	-2.843137E-02	 6.862745E-02	
  .0003592	-3.039216E-02	 7.254902E-02	
  .0003596	-2.843137E-02	 7.254902E-02	
  .00036	-2.647059E-02	 6.862745E-02	
  .0003604	-3.235294E-02	 6.470589E-02	
  .0003608	-2.843137E-02	 6.470589E-02	
  .0003612	-2.843137E-02	 6.470589E-02	
  .0003616	-2.843137E-02	 6.078431E-02	
  .000362	-3.039216E-02	 6.078431E-02	
  .0003624	-2.843137E-02	 5.686275E-02	
  .0003628	-2.647059E-02	 6.078431E-02	
  .0003632	-2.647059E-02	 6.470589E-02	
  .0003636	-2.647059E-02	 5.686275E-02	
  .000364	-2.647059E-02	 5.686275E-02	
  .0003644	-.0245098	 5.686275E-02	
  .0003648	-2.647059E-02	 6.078431E-02	
  .0003652	-.0245098	 4.901961E-02	
  .0003656	-2.254902E-02	 5.294118E-02	
  .000366	-2.254902E-02	 5.294118E-02	
  .0003664	-.0245098	 4.509804E-02	
  .0003668	-.0245098	 4.509804E-02	
  .0003672	-2.058824E-02	 4.901961E-02	
  .0003676	-2.058824E-02	 4.509804E-02	
  .000368	-2.254902E-02	 4.901961E-02	
  .0003684	-2.254902E-02	 .0372549	
  .0003688	-2.058824E-02	 4.117647E-02	
  .0003692	-2.058824E-02	 4.117647E-02	
  .0003696	-1.862745E-02	 .0372549	
  .00037	-2.058824E-02	 .0372549	
  .0003704	-1.862745E-02	 3.333334E-02	
  .0003708	-1.862745E-02	 .0372549	
  .0003712	-1.862745E-02	 3.333334E-02	
  .0003716	-1.666667E-02	 2.941176E-02	
  .000372	-1.666667E-02	 2.941176E-02	
  .0003724	-1.666667E-02	 .0254902	
  .0003728	-1.666667E-02	 .0254902	
  .0003732	-1.470588E-02	 2.156863E-02	
  .0003736	-1.666667E-02	 2.156863E-02	
  .000374	-.0127451	 2.156863E-02	
  .0003744	-.0127451	 2.156863E-02	
  .0003748	-.0127451	 1.372549E-02	
  .0003752	-1.470588E-02	 1.372549E-02	
  .0003756	-.0127451	 1.764706E-02	
  .000376	-.0127451	 9.803922E-03	
  .0003764	-8.82353E-03	 9.803922E-03	
  .0003768	-1.078431E-02	 9.803922E-03	
  .0003772	-8.82353E-03	 9.803922E-03	
  .0003776	-8.82353E-03	 9.803922E-03	
  .000378	-8.82353E-03	 1.960784E-03	
  .0003784	-1.078431E-02	 5.882353E-03	
  .0003788	-6.862745E-03	 5.882353E-03	
  .0003792	-6.862745E-03	 5.882353E-03	
  .0003796	-6.862745E-03	-1.960784E-03	
  .00038	-4.901961E-03	-1.960784E-03	
  .0003804	-2.941177E-03	-1.960784E-03	
  .0003808	-6.862745E-03	-5.882353E-03	
  .0003812	-4.901961E-03	-1.960784E-03	
  .0003816	-4.901961E-03	-9.803922E-03	
  .000382	-9.803922E-04	-1.372549E-02	
  .0003824	-4.901961E-03	-1.372549E-02	
  .0003828	 9.803922E-04	-9.803922E-03	
  .0003832	-2.941177E-03	-1.372549E-02	
  .0003836	-9.803922E-04	-1.764706E-02	
  .000384	 9.803922E-04	-1.372549E-02	
  .0003844	 9.803922E-04	-9.803922E-03	
  .0003848	 9.803922E-04	-1.764706E-02	
  .0003852	 2.941177E-03	-2.156863E-02	
  .0003856	 2.941177E-03	-2.156863E-02	
  .000386	 9.803922E-04	-2.156863E-02	
  .0003864	 4.901961E-03	-.0254902	
  .0003868	 2.941177E-03	-.0254902	
  .0003872	 4.901961E-03	-.0254902	
  .0003876	 8.82353E-03	-.0254902	
  .000388	 4.901961E-03	-2.941176E-02	
  .0003884	 6.862745E-03	-.0372549	
  .0003888	 6.862745E-03	-2.941176E-02	
  .0003892	 4.901961E-03	-2.941176E-02	
  .0003896	 6.862745E-03	-3.333334E-02	
  .00039	 8.82353E-03	-.0372549	
  .0003904	 8.82353E-03	-3.333334E-02	
  .0003908	 8.82353E-03	-3.333334E-02	
  .0003912	 8.82353E-03	-4.117647E-02	
  .0003916	 1.078431E-02	-.0372549	
  .000392	 1.078431E-02	-.0372549	
  .0003924	 .0127451	-.0372549	
  .0003928	 .0127451	-.0372549	
  .0003932	 .0127451	-4.117647E-02	
  .0003936	 1.470588E-02	-4.117647E-02	
  .000394	 1.470588E-02	-4.509804E-02	
  .0003944	 .0127451	-4.117647E-02	
  .0003948	 1.470588E-02	-4.509804E-02	
  .0003952	 .0127451	-4.509804E-02	
  .0003956	 1.470588E-02	-4.117647E-02	
  .000396	 1.862745E-02	-4.509804E-02	
  .0003964	 1.862745E-02	-4.901961E-02	
  .0003968	 1.862745E-02	-5.294118E-02	
  .0003972	 1.862745E-02	-4.901961E-02	
  .0003976	 1.862745E-02	-4.901961E-02	
  .000398	 1.862745E-02	-4.901961E-02	
  .0003984	 2.058824E-02	-5.686275E-02	
  .0003988	 1.862745E-02	-4.901961E-02	
  .0003992	 2.254902E-02	-5.294118E-02	
  .0003996	 2.254902E-02	-5.294118E-02	
  .0004	 2.058824E-02	-5.686275E-02	
  .0004004	 2.254902E-02	-5.294118E-02	
  .0004008	 2.254902E-02	-5.686275E-02	
  .0004012	 .0245098	-5.294118E-02	
  .0004016	 2.254902E-02	-5.294118E-02	
  .000402	 2.254902E-02	-5.294118E-02	
  .0004024	 2.647059E-02	-5.686275E-02	
  .0004028	 .0245098	-5.294118E-02	
  .0004032	 .0245098	-5.686275E-02	
  .0004036	 2.647059E-02	-6.078431E-02	
  .000404	 2.647059E-02	-5.686275E-02	
  .0004044	 .0245098	-5.294118E-02	
  .0004048	 .0245098	-5.686275E-02	
  .0004052	 2.647059E-02	-5.294118E-02	
  .0004056	 .0245098	-5.294118E-02	
  .000406	 2.843137E-02	-6.078431E-02	
  .0004064	 2.647059E-02	-5.686275E-02	
  .0004068	 2.843137E-02	-5.294118E-02	
  .0004072	 2.843137E-02	-5.294118E-02	
  .0004076	 2.843137E-02	-5.294118E-02	
  .000408	 2.843137E-02	-5.686275E-02	
  .0004084	 2.843137E-02	-5.686275E-02	
  .0004088	 2.843137E-02	-5.294118E-02	
  .0004092	 2.647059E-02	-5.686275E-02	
  .0004096	 2.647059E-02	-5.686275E-02	
  .00041	 2.843137E-02	-5.686275E-02	
  .0004104	 2.647059E-02	-5.294118E-02	
  .0004108	 2.647059E-02	-5.294118E-02	
  .0004112	 3.039216E-02	-5.294118E-02	
  .0004116	 2.647059E-02	-5.294118E-02	
  .000412	 2.647059E-02	-4.901961E-02	
  .0004124	 2.843137E-02	-4.901961E-02	
  .0004128	 2.843137E-02	-4.901961E-02	
  .0004132	 2.647059E-02	-5.294118E-02	
  .0004136	 2.647059E-02	-4.901961E-02	
  .000414	 2.843137E-02	-4.901961E-02	
  .0004144	 2.647059E-02	-4.901961E-02	
  .0004148	 2.843137E-02	-4.901961E-02	
  .0004152	 .0245098	-4.509804E-02	
  .0004156	 2.647059E-02	-4.901961E-02	
  .000416	 2.843137E-02	-4.509804E-02	
  .0004164	 2.647059E-02	-4.509804E-02	
  .0004168	 2.647059E-02	-4.117647E-02	
  .0004172	 2.843137E-02	-4.117647E-02	
  .0004176	 2.843137E-02	-4.509804E-02	
  .000418	 2.647059E-02	-4.117647E-02	
  .0004184	 2.647059E-02	-.0372549	
  .0004188	 2.647059E-02	-.0372549	
  .0004192	 2.843137E-02	-4.117647E-02	
  .0004196	 .0245098	-4.117647E-02	
  .00042	 2.647059E-02	-.0372549	
  .0004204	 2.254902E-02	-.0372549	
  .0004208	 .0245098	-.0372549	
  .0004212	 .0245098	-.0372549	
  .0004216	 .0245098	-.0372549	
  .000422	 2.254902E-02	-3.333334E-02	
  .0004224	 .0245098	-2.941176E-02	
  .0004228	 2.254902E-02	-3.333334E-02	
  .0004232	 2.254902E-02	-3.333334E-02	
  .0004236	 2.058824E-02	-2.941176E-02	
  .000424	 .0245098	-2.156863E-02	
  .0004244	 2.254902E-02	-3.333334E-02	
  .0004248	 2.058824E-02	-.0254902	
  .0004252	 2.058824E-02	-2.156863E-02	
  .0004256	 2.058824E-02	-2.156863E-02	
  .000426	 2.058824E-02	-.0254902	
  .0004264	 2.058824E-02	-.0254902	
  .0004268	 2.058824E-02	-2.156863E-02	
  .0004272	 2.254902E-02	-1.372549E-02	
  .0004276	 2.058824E-02	-1.764706E-02	
  .000428	 1.862745E-02	-1.764706E-02	
  .0004284	 1.862745E-02	-1.764706E-02	
  .0004288	 1.862745E-02	-1.372549E-02	
  .0004292	 1.666667E-02	-9.803922E-03	
  .0004296	 1.666667E-02	-1.764706E-02	
  .00043	 1.862745E-02	-9.803922E-03	
  .0004304	 1.666667E-02	-9.803922E-03	
  .0004308	 1.470588E-02	-9.803922E-03	
  .0004312	 1.470588E-02	-9.803922E-03	
  .0004316	 1.470588E-02	-9.803922E-03	
  .000432	 .0127451	-1.960784E-03	
  .0004324	 1.470588E-02	-1.960784E-03	
  .0004328	 .0127451	-1.960784E-03	
  .0004332	 1.470588E-02	-1.960784E-03	
  .0004336	 .0127451	-1.960784E-03	
  .000434	 .0127451	 1.960784E-03	
  .0004344	 1.078431E-02	 1.960784E-03	
  .0004348	 1.078431E-02	 1.960784E-03	
  .0004352	 .0127451	 5.882353E-03	
  .0004356	 8.82353E-03	 1.960784E-03	
  .000436	 .0127451	 1.960784E-03	
  .0004364	 .0127451	 1.960784E-03	
  .0004368	 1.078431E-02	 9.803922E-03	
  .0004372	 1.078431E-02	 9.803922E-03	
  .0004376	 8.82353E-03	 1.372549E-02	
  .000438	 6.862745E-03	 5.882353E-03	
  .0004384	 8.82353E-03	 1.372549E-02	
  .0004388	 8.82353E-03	 1.764706E-02	
  .0004392	 8.82353E-03	 1.372549E-02	
  .0004396	 6.862745E-03	 1.372549E-02	
  .00044	 4.901961E-03	 1.764706E-02	
  .0004404	 4.901961E-03	 1.764706E-02	
  .0004408	 2.941177E-03	 1.372549E-02	
  .0004412	 4.901961E-03	 1.764706E-02	
  .0004416	 2.941177E-03	 2.156863E-02	
  .000442	 2.941177E-03	 2.156863E-02	
  .0004424	 2.941177E-03	 2.941176E-02	
  .0004428	 9.803922E-04	 2.156863E-02	
  .0004432	 9.803922E-04	 2.156863E-02	
  .0004436	 9.803922E-04	 .0254902	
  .000444	 9.803922E-04	 2.941176E-02	
  .0004444	 9.803922E-04	 2.156863E-02	
  .0004448	-9.803922E-04	 2.941176E-02	
  .0004452	-9.803922E-04	 3.333334E-02	
  .0004456	-9.803922E-04	 2.941176E-02	
  .000446	-9.803922E-04	 2.941176E-02	
  .0004464	-9.803922E-04	 3.333334E-02	
  .0004468	-9.803922E-04	 3.333334E-02	
  .0004472	-9.803922E-04	 .0372549	
  .0004476	-4.901961E-03	 3.333334E-02	
  .000448	-9.803922E-04	 .0372549	
  .0004484	-9.803922E-04	 4.117647E-02	
  .0004488	-2.941177E-03	 .0372549	
  .0004492	-2.941177E-03	 3.333334E-02	
  .0004496	-4.901961E-03	 .0372549	
  .00045	-4.901961E-03	 4.117647E-02	
  .0004504	-6.862745E-03	 4.117647E-02	
  .0004508	-4.901961E-03	 .0372549	
  .0004512	-8.82353E-03	 .0372549	
  .0004516	-4.901961E-03	 4.509804E-02	
  .000452	-6.862745E-03	 4.509804E-02	
  .0004524	-6.862745E-03	 .0372549	
  .0004528	-8.82353E-03	 4.509804E-02	
  .0004532	-6.862745E-03	 4.901961E-02	
  .0004536	-8.82353E-03	 4.901961E-02	
  .000454	-8.82353E-03	 4.117647E-02	
  .0004544	-8.82353E-03	 4.117647E-02	
  .0004548	-8.82353E-03	 4.509804E-02	
  .0004552	-1.078431E-02	 4.509804E-02	
  .0004556	-8.82353E-03	 4.509804E-02	
  .000456	-1.078431E-02	 4.901961E-02	
  .0004564	-1.078431E-02	 4.901961E-02	
  .0004568	-8.82353E-03	 5.294118E-02	
  .0004572	-1.078431E-02	 4.509804E-02	
  .0004576	-.0127451	 4.901961E-02	
  .000458	-1.078431E-02	 5.294118E-02	
  .0004584	-.0127451	 4.901961E-02	
  .0004588	-.0127451	 4.901961E-02	
  .0004592	-.0127451	 5.294118E-02	
  .0004596	-1.078431E-02	 4.901961E-02	
  .00046	-.0127451	 4.901961E-02	
  .0004604	-1.470588E-02	 4.901961E-02	
  .0004608	-1.470588E-02	 4.901961E-02	
  .0004612	-.0127451	 4.901961E-02	
  .0004616	-1.470588E-02	 5.294118E-02	
  .000462	-1.470588E-02	 5.294118E-02	
  .0004624	-1.470588E-02	 4.509804E-02	
  .0004628	-1.470588E-02	 4.901961E-02	
  .0004632	-1.470588E-02	 5.294118E-02	
  .0004636	-1.078431E-02	 5.686275E-02	
  .000464	-1.078431E-02	 .0372549	
  .0004644	-8.82353E-03	 .0372549	
  .0004648	-8.82353E-03	 3.333334E-02	
  .0004652	-8.82353E-03	 3.333334E-02	
  .0004656	-6.862745E-03	 2.941176E-02	
  .000466	-1.078431E-02	 .0254902	
  .0004664	-1.078431E-02	 2.941176E-02	
  .0004668	-4.901961E-03	 3.333334E-02	
  .0004672	-8.82353E-03	 2.941176E-02	
  .0004676	-1.078431E-02	 .0254902	
  .000468	-6.862745E-03	 2.941176E-02	
  .0004684	-6.862745E-03	 3.333334E-02	
  .0004688	-8.82353E-03	 2.941176E-02	
  .0004692	-.0127451	 .0254902	
  .0004696	-1.470588E-02	 2.941176E-02	
  .00047	-.0127451	 3.333334E-02	
  .0004704	-1.470588E-02	 .0372549	
  .0004708	-1.470588E-02	 .0372549	
  .0004712	-.0127451	 4.117647E-02	
  .0004716	-.0127451	 4.117647E-02	
  .000472	-1.078431E-02	 4.117647E-02	
  .0004724	-.0127451	 4.509804E-02	
  .0004728	-1.470588E-02	 4.509804E-02	
  .0004732	-4.901961E-03	 4.901961E-02	
  .0004736	-6.862745E-03	 .0372549	
  .000474	-6.862745E-03	 2.156863E-02	
  .0004744	-4.901961E-03	 2.156863E-02	
  .0004748	-4.901961E-03	 1.372549E-02	
  .0004752	-4.901961E-03	 9.803922E-03	
  .0004756	-9.803922E-04	 5.882353E-03	
  .000476	-2.941177E-03	 5.882353E-03	
  .0004764	-2.941177E-03	 5.882353E-03	
  .0004768	-9.803922E-04	 5.882353E-03	
  .0004772	-9.803922E-04	 5.882353E-03	
  .0004776	-9.803922E-04	-1.960784E-03	
  .000478	-2.941177E-03	 1.960784E-03	
  .0004784	 9.803922E-04	 5.882353E-03	
  .0004788	 9.803922E-04	 1.960784E-03	
  .0004792	-9.803922E-04	-1.960784E-03	
  .0004796	 9.803922E-04	 1.960784E-03	
  .00048	-9.803922E-04	-1.960784E-03	
  .0004804	-9.803922E-04	-1.960784E-03	
  .0004808	-9.803922E-04	-1.960784E-03	
  .0004812	 9.803922E-04	 1.960784E-03	
  .0004816	-9.803922E-04	 1.960784E-03	
  .000482	-9.803922E-04	 5.882353E-03	
  .0004824	-9.803922E-04	-1.960784E-03	
  .0004828	 9.803922E-04	-1.960784E-03	
  .0004832	 9.803922E-04	-1.960784E-03	
  .0004836	 9.803922E-04	 1.960784E-03	
  .000484	 9.803922E-04	-5.882353E-03	
  .0004844	 2.941177E-03	-1.960784E-03	
  .0004848	 2.941177E-03	-1.960784E-03	
  .0004852	 9.803922E-04	-9.803922E-03	
  .0004856	 2.941177E-03	-5.882353E-03	
  .000486	 4.901961E-03	-9.803922E-03	
  .0004864	 9.803922E-04	-1.960784E-03	
  .0004868	 6.862745E-03	-5.882353E-03	
  .0004872	 2.941177E-03	-9.803922E-03	
  .0004876	 4.901961E-03	-5.882353E-03	
  .000488	 4.901961E-03	-5.882353E-03	
  .0004884	 4.901961E-03	-1.960784E-03	
  .0004888	 4.901961E-03	-9.803922E-03	
  .0004892	 2.941177E-03	-9.803922E-03	
  .0004896	 4.901961E-03	-9.803922E-03	
  .00049	 2.941177E-03	-5.882353E-03	
  .0004904	 4.901961E-03	-9.803922E-03	
  .0004908	 2.941177E-03	-9.803922E-03	
  .0004912	 4.901961E-03	-9.803922E-03	
  .0004916	 2.941177E-03	-9.803922E-03	
  .000492	 6.862745E-03	-1.372549E-02	
  .0004924	 2.941177E-03	-1.372549E-02	
  .0004928	 4.901961E-03	-9.803922E-03	
  .0004932	 6.862745E-03	-5.882353E-03	
  .0004936	 2.941177E-03	-9.803922E-03	
  .000494	 4.901961E-03	-9.803922E-03	
  .0004944	 4.901961E-03	-9.803922E-03	
  .0004948	 4.901961E-03	-1.372549E-02	
  .0004952	 4.901961E-03	-9.803922E-03	
  .0004956	 2.941177E-03	-9.803922E-03	
  .000496	 4.901961E-03	-5.882353E-03	
  .0004964	 6.862745E-03	-5.882353E-03	
  .0004968	 2.941177E-03	-9.803922E-03	
  .0004972	 4.901961E-03	-9.803922E-03	
  .0004976	 6.862745E-03	-5.882353E-03	
  .000498	 2.941177E-03	-1.960784E-03	
  .0004984	 4.901961E-03	-5.882353E-03	
  .0004988	 9.803922E-04	-5.882353E-03	
  .0004992	 2.941177E-03	-1.960784E-03	
  .0004996	 9.803922E-04	 1.960784E-03	
  .0005	 2.941177E-03	 1.960784E-03	
  .0005004	 2.941177E-03	-1.960784E-03	
  .0005008	 2.941177E-03	-5.882353E-03	
  .0005012	 9.803922E-04	 1.960784E-03	
  .0005016	 4.901961E-03	 1.960784E-03	
  .000502	 2.941177E-03	-1.960784E-03	
  .0005024	 9.803922E-04	 1.960784E-03	
  .0005028	 9.803922E-04	 5.882353E-03	
  .0005032	 2.941177E-03	 9.803922E-03	
  .0005036	 2.941177E-03	 1.960784E-03	
  .000504	 2.941177E-03	 1.960784E-03	
  .0005044	 2.941177E-03	 5.882353E-03	
  .0005048	 2.941177E-03	 5.882353E-03	
  .0005052	 9.803922E-04	 5.882353E-03	
  .0005056	-9.803922E-04	 1.960784E-03	
  .000506	 4.901961E-03	 5.882353E-03	
  .0005064	 4.901961E-03	 5.882353E-03	
  .0005068	 9.803922E-04	 1.960784E-03	
  .0005072	 9.803922E-04	-1.960784E-03	
  .0005076	 2.941177E-03	 1.960784E-03	
  .000508	 2.941177E-03	 5.882353E-03	
  .0005084	 9.803922E-04	 9.803922E-03	
  .0005088	 9.803922E-04	 1.960784E-03	
  .0005092	 9.803922E-04	 1.960784E-03	
  .0005096	 2.941177E-03	 5.882353E-03	
  .00051	 9.803922E-04	 5.882353E-03	
  .0005104	 2.941177E-03	 1.960784E-03	
  .0005108	 9.803922E-04	 9.803922E-03	
  .0005112	 2.941177E-03	 5.882353E-03	
  .0005116	 2.941177E-03	 5.882353E-03	
  .000512	 9.803922E-04	 1.960784E-03	
  .0005124	 2.941177E-03	 5.882353E-03	
  .0005128	 9.803922E-04	 9.803922E-03	
  .0005132	-9.803922E-04	 5.882353E-03	
  .0005136	 2.941177E-03	 5.882353E-03	
  .000514	 2.941177E-03	 5.882353E-03	
  .0005144	 2.941177E-03	 5.882353E-03	
  .0005148	 2.941177E-03	 5.882353E-03	
  .0005152	 4.901961E-03	 1.960784E-03	
  .0005156	 2.941177E-03	 1.960784E-03	
  .000516	 9.803922E-04	 5.882353E-03	
  .0005164	 2.941177E-03	 5.882353E-03	
  .0005168	 2.941177E-03	 5.882353E-03	
  .0005172	 9.803922E-04	-1.960784E-03	
  .0005176	 2.941177E-03	 5.882353E-03	
  .000518	 2.941177E-03	 5.882353E-03	
  .0005184	 2.941177E-03	 1.960784E-03	
  .0005188	 9.803922E-04	 1.960784E-03	
  .0005192	 2.941177E-03	 5.882353E-03	
  .0005196	 9.803922E-04	 5.882353E-03	
  .00052	 2.941177E-03	 5.882353E-03	
  .0005204	 9.803922E-04	 1.960784E-03	
  .0005208	 9.803922E-04	 5.882353E-03	
  .0005212	 2.941177E-03	 5.882353E-03	
  .0005216	 9.803922E-04	 9.803922E-03	
  .000522	 9.803922E-04	 5.882353E-03	
  .0005224	 2.941177E-03	-1.960784E-03	
  .0005228	 4.901961E-03	 5.882353E-03	
  .0005232	 2.941177E-03	 5.882353E-03	
  .0005236	 9.803922E-04	 1.960784E-03	
  .000524	 2.941177E-03	 5.882353E-03	
  .0005244	 9.803922E-04	 9.803922E-03	
  .0005248	 9.803922E-04	 1.960784E-03	
  .0005252	 4.901961E-03	 1.960784E-03	
  .0005256	 2.941177E-03	 5.882353E-03	
  .000526	 2.941177E-03	 5.882353E-03	
  .0005264	 2.941177E-03	 5.882353E-03	
  .0005268	 2.941177E-03	 1.960784E-03	
  .0005272	 2.941177E-03	 1.960784E-03	
  .0005276	 2.941177E-03	 9.803922E-03	
  .000528	 2.941177E-03	 5.882353E-03	
  .0005284	 2.941177E-03	 1.960784E-03	
  .0005288	 2.941177E-03	 5.882353E-03	
  .0005292	 9.803922E-04	 5.882353E-03	
  .0005296	 2.941177E-03	 5.882353E-03	
  .00053	 9.803922E-04	 1.960784E-03	
  .0005304	 9.803922E-04	 1.960784E-03	
  .0005308	 2.941177E-03	 5.882353E-03	
  .0005312	 2.941177E-03	 5.882353E-03	
  .0005316	 2.941177E-03	 1.960784E-03	
  .000532	 9.803922E-04	 1.960784E-03	
  .0005324	 2.941177E-03	 5.882353E-03	
  .0005328	 2.941177E-03	 9.803922E-03	
  .0005332	 9.803922E-04	 5.882353E-03	
  .0005336	 9.803922E-04	-1.960784E-03	
  .000534	 4.901961E-03	 5.882353E-03	
  .0005344	 1.078431E-02	 5.882353E-03	
  .0005348	 2.941177E-03	 1.960784E-03	
  .0005352	 2.941177E-03	 1.960784E-03	
  .0005356	 2.941177E-03	 5.882353E-03	
  .000536	 9.803922E-04	 5.882353E-03	
  .0005364	 9.803922E-04	 1.960784E-03	
  .0005368	 9.803922E-04	 1.960784E-03	
  .0005372	 4.901961E-03	 5.882353E-03	
  .0005376	 2.941177E-03	 9.803922E-03	
  .000538	 9.803922E-04	 5.882353E-03	
  .0005384	 9.803922E-04	 1.960784E-03	
  .0005388	 2.941177E-03	 1.960784E-03	
  .0005392	 2.941177E-03	 1.960784E-03	
  .0005396	 2.941177E-03	 5.882353E-03	
  .00054	 9.803922E-04	 1.960784E-03	
  .0005404	 9.803922E-04	 1.960784E-03	
  .0005408	 2.941177E-03	 5.882353E-03	
  .0005412	 9.803922E-04	 5.882353E-03	
  .0005416	 2.941177E-03	 5.882353E-03	
  .000542	 2.941177E-03	 1.960784E-03	
  .0005424	 2.941177E-03	 1.960784E-03	
  .0005428	 9.803922E-04	 1.372549E-02	
  .0005432	 9.803922E-04	 1.960784E-03	
  .0005436	 2.941177E-03	 1.960784E-03	
  .000544	 4.901961E-03	 5.882353E-03	
  .0005444	 9.803922E-04	 5.882353E-03	
  .0005448	 2.941177E-03	 1.960784E-03	
  .0005452	 2.941177E-03	 5.882353E-03	
  .0005456	 4.901961E-03	 9.803922E-03	
  .000546	 4.901961E-03	 5.882353E-03	
  .0005464	 9.803922E-04	 5.882353E-03	
  .0005468	 2.941177E-03	 1.960784E-03	
  .0005472	 9.803922E-04	 5.882353E-03	
  .0005476	 9.803922E-04	 5.882353E-03	
  .000548	 9.803922E-04	 5.882353E-03	
  .0005484	 2.941177E-03	 5.882353E-03	
  .0005488	-9.803922E-04	-1.960784E-03	
  .0005492	-2.941177E-03	 5.882353E-03	
  .0005496	 9.803922E-04	 5.882353E-03	
  .00055	 2.941177E-03	 1.960784E-03	
  .0005504	 9.803922E-04	 5.882353E-03	
  .0005508	 9.803922E-04	 5.882353E-03	
  .0005512	 2.941177E-03	 5.882353E-03	
  .0005516	 9.803922E-04	 5.882353E-03	
  .000552	 9.803922E-04	 5.882353E-03	
  .0005524	 9.803922E-04	 5.882353E-03	
  .0005528	 9.803922E-04	 5.882353E-03	
  .0005532	 9.803922E-04	 1.960784E-03	
  .0005536	 9.803922E-04	 5.882353E-03	
  .000554	 2.941177E-03	 5.882353E-03	
  .0005544	 2.941177E-03	 1.960784E-03	
  .0005548	 2.941177E-03	 1.960784E-03	
  .0005552	 4.901961E-03	 1.960784E-03	
  .0005556	-9.803922E-04	 5.882353E-03	
  .000556	-2.941177E-03	 5.882353E-03	
  .0005564	-9.803922E-04	 1.372549E-02	
  .0005568	-9.803922E-04	 9.803922E-03	
  .0005572	-2.941177E-03	 1.764706E-02	
  .0005576	-9.803922E-04	 1.764706E-02	
  .000558	-9.803922E-04	 1.764706E-02	
  .0005584	-2.941177E-03	 1.372549E-02	
  .0005588	-2.941177E-03	 2.156863E-02	
  .0005592	-9.803922E-04	 1.764706E-02	
  .0005596	-2.941177E-03	 2.156863E-02	
  .00056	-4.901961E-03	 1.764706E-02	
  .0005604	-9.803922E-04	 2.156863E-02	
  .0005608	-2.941177E-03	 2.156863E-02	
  .0005612	-2.941177E-03	 2.156863E-02	
  .0005616	-2.941177E-03	 1.764706E-02	
  .000562	-9.803922E-04	 1.764706E-02	
  .0005624	-9.803922E-04	 2.156863E-02	
  .0005628	-2.941177E-03	 .0254902	
  .0005632	-4.901961E-03	 1.764706E-02	
  .0005636	-2.941177E-03	 2.156863E-02	
  .000564	-4.901961E-03	 2.156863E-02	
  .0005644	-2.941177E-03	 1.764706E-02	
  .0005648	-4.901961E-03	 1.764706E-02	
  .0005652	-2.941177E-03	 2.156863E-02	
  .0005656	-2.941177E-03	 2.156863E-02	
  .000566	-2.941177E-03	 .0254902	
  .0005664	-4.901961E-03	 2.156863E-02	
  .0005668	-2.941177E-03	 1.764706E-02	
  .0005672	-9.803922E-04	 .0254902	
  .0005676	-2.941177E-03	 2.156863E-02	
  .000568	-2.941177E-03	 1.764706E-02	
  .0005684	-4.901961E-03	 1.764706E-02	
  .0005688	-2.941177E-03	 2.156863E-02	
  .0005692	-2.941177E-03	 .0254902	
  .0005696	-2.941177E-03	 2.156863E-02	
  .00057	-6.862745E-03	 1.764706E-02	
  .0005704	-4.901961E-03	 2.156863E-02	
  .0005708	-2.941177E-03	 2.156863E-02	
  .0005712	-2.941177E-03	 1.764706E-02	
  .0005716	-4.901961E-03	 2.156863E-02	
  .000572	-2.941177E-03	 2.156863E-02	
  .0005724	-2.941177E-03	 2.156863E-02	
  .0005728	-4.901961E-03	 1.764706E-02	
  .0005732	-4.901961E-03	 1.372549E-02	
  .0005736	-2.941177E-03	 1.764706E-02	
  .000574	-4.901961E-03	 1.372549E-02	
  .0005744	-2.941177E-03	 1.764706E-02	
  .0005748	-2.941177E-03	 2.156863E-02	
  .0005752	-2.941177E-03	 1.764706E-02	
  .0005756	-2.941177E-03	 2.156863E-02	
  .000576	-2.941177E-03	 1.764706E-02	
  .0005764	-2.941177E-03	 1.372549E-02	
  .0005768	-9.803922E-04	 1.764706E-02	
  .0005772	-9.803922E-04	 2.156863E-02	
  .0005776	-2.941177E-03	 1.372549E-02	
  .000578	-9.803922E-04	 1.372549E-02	
  .0005784	-2.941177E-03	 1.372549E-02	
  .0005788	-4.901961E-03	 1.372549E-02	
  .0005792	-9.803922E-04	 1.764706E-02	
  .0005796	-9.803922E-04	 9.803922E-03	
  .00058	 9.803922E-04	 9.803922E-03	
  .0005804	-2.941177E-03	 9.803922E-03	
  .0005808	-9.803922E-04	 1.372549E-02	
  .0005812	-9.803922E-04	 9.803922E-03	
  .0005816	-4.901961E-03	 9.803922E-03	
  .000582	-9.803922E-04	 1.372549E-02	
  .0005824	-9.803922E-04	 1.764706E-02	
  .0005828	-9.803922E-04	 5.882353E-03	
  .0005832	-9.803922E-04	 9.803922E-03	
  .0005836	-9.803922E-04	 9.803922E-03	
  .000584	-9.803922E-04	 9.803922E-03	
  .0005844	-9.803922E-04	 5.882353E-03	
  .0005848	-2.941177E-03	 5.882353E-03	
  .0005852	-9.803922E-04	 9.803922E-03	
  .0005856	 2.941177E-03	 9.803922E-03	
  .000586	-2.941177E-03	 5.882353E-03	
  .0005864	 9.803922E-04	 1.960784E-03	
  .0005868	 9.803922E-04	 9.803922E-03	
  .0005872	 9.803922E-04	 9.803922E-03	
  .0005876	-9.803922E-04	 9.803922E-03	
  .000588	-9.803922E-04	 1.960784E-03	
  .0005884	-9.803922E-04	 5.882353E-03	
  .0005888	 9.803922E-04	 5.882353E-03	
  .0005892	 9.803922E-04	 1.960784E-03	
  .0005896	 9.803922E-04	 1.960784E-03	
  .00059	 9.803922E-04	 5.882353E-03	
  .0005904	 9.803922E-04	 5.882353E-03	
  .0005908	 2.941177E-03	 1.960784E-03	
  .0005912	 2.941177E-03	 1.960784E-03	
  .0005916	 2.941177E-03	 5.882353E-03	
  .000592	 2.941177E-03	 1.960784E-03	
  .0005924	 9.803922E-04	 5.882353E-03	
  .0005928	 2.941177E-03	-5.882353E-03	
  .0005932	 2.941177E-03	-1.960784E-03	
  .0005936	 9.803922E-04	 1.960784E-03	
  .000594	 4.901961E-03	-1.960784E-03	
  .0005944	 4.901961E-03	-5.882353E-03	
  .0005948	 4.901961E-03	-5.882353E-03	
  .0005952	 2.941177E-03	-1.960784E-03	
  .0005956	 2.941177E-03	-1.960784E-03	
  .000596	 4.901961E-03	-1.960784E-03	
  .0005964	 2.941177E-03	-5.882353E-03	
  .0005968	 4.901961E-03	-1.960784E-03	
  .0005972	 4.901961E-03	-1.960784E-03	
  .0005976	 2.941177E-03	-5.882353E-03	
  .000598	 2.941177E-03	-5.882353E-03	
  .0005984	 4.901961E-03	-5.882353E-03	
  .0005988	 6.862745E-03	-1.960784E-03	
  .0005992	 6.862745E-03	-9.803922E-03	
  .0005996	 2.941177E-03	-5.882353E-03	
  .0006	 2.941177E-03	-1.960784E-03	
  .0006004	 2.941177E-03	-5.882353E-03	
  .0006008	 2.941177E-03	-1.960784E-03	
  .0006012	 6.862745E-03	-1.960784E-03	
  .0006016	 6.862745E-03	-9.803922E-03	
  .000602	 4.901961E-03	-9.803922E-03	
  .0006024	 2.941177E-03	-1.960784E-03	
  .0006028	 4.901961E-03	-9.803922E-03	
  .0006032	 4.901961E-03	-5.882353E-03	
  .0006036	 4.901961E-03	-1.960784E-03	
  .000604	 6.862745E-03	-9.803922E-03	
  .0006044	 4.901961E-03	-9.803922E-03	
  .0006048	 6.862745E-03	-9.803922E-03	
  .0006052	 4.901961E-03	-5.882353E-03	
  .0006056	 6.862745E-03	-9.803922E-03	
  .000606	 6.862745E-03	-9.803922E-03	
  .0006064	 6.862745E-03	-9.803922E-03	
  .0006068	 6.862745E-03	-5.882353E-03	
  .0006072	 1.078431E-02	-5.882353E-03	
  .0006076	 2.941177E-03	-1.372549E-02	
  .000608	 6.862745E-03	-9.803922E-03	
  .0006084	 6.862745E-03	-9.803922E-03	
  .0006088	 4.901961E-03	-5.882353E-03	
  .0006092	 6.862745E-03	-1.372549E-02	
  .0006096	 6.862745E-03	-9.803922E-03	
  .00061	 6.862745E-03	-1.372549E-02	
  .0006104	 6.862745E-03	-9.803922E-03	
  .0006108	 8.82353E-03	-1.764706E-02	
  .0006112	 4.901961E-03	-1.372549E-02	
  .0006116	 6.862745E-03	-9.803922E-03	
  .000612	 1.078431E-02	-5.882353E-03	
  .0006124	 6.862745E-03	-1.372549E-02	
  .0006128	 6.862745E-03	-1.372549E-02	
  .0006132	 8.82353E-03	-9.803922E-03	
  .0006136	 6.862745E-03	-1.764706E-02	
  .000614	 8.82353E-03	-9.803922E-03	
  .0006144	 8.82353E-03	-9.803922E-03	
  .0006148	 1.078431E-02	-9.803922E-03	
  .0006152	 8.82353E-03	-9.803922E-03	
  .0006156	 6.862745E-03	-1.372549E-02	
  .000616	 6.862745E-03	-9.803922E-03	
  .0006164	 8.82353E-03	-9.803922E-03	
  .0006168	 1.078431E-02	-9.803922E-03	
  .0006172	 6.862745E-03	-1.372549E-02	
  .0006176	 8.82353E-03	-1.372549E-02	
  .000618	 1.078431E-02	-1.372549E-02	
  .0006184	 1.078431E-02	-9.803922E-03	
  .0006188	 6.862745E-03	-9.803922E-03	
  .0006192	 6.862745E-03	-1.372549E-02	
  .0006196	 6.862745E-03	-1.372549E-02	
  .00062	 8.82353E-03	-9.803922E-03	
  .0006204	 8.82353E-03	-9.803922E-03	
  .0006208	 8.82353E-03	-9.803922E-03	
  .0006212	 1.078431E-02	-1.372549E-02	
  .0006216	 6.862745E-03	-9.803922E-03	
  .000622	 8.82353E-03	-1.960784E-03	
  .0006224	 8.82353E-03	-9.803922E-03	
  .0006228	 1.078431E-02	-1.372549E-02	
  .0006232	 8.82353E-03	-9.803922E-03	
  .0006236	 1.078431E-02	-5.882353E-03	
  .000624	 1.078431E-02	-9.803922E-03	
  .0006244	 6.862745E-03	-9.803922E-03	
  .0006248	 6.862745E-03	-9.803922E-03	
  .0006252	 .0127451	-5.882353E-03	
  .0006256	 8.82353E-03	-9.803922E-03	
  .000626	 8.82353E-03	-1.372549E-02	
  .0006264	 1.078431E-02	-9.803922E-03	
  .0006268	 8.82353E-03	-9.803922E-03	
  .0006272	 8.82353E-03	-5.882353E-03	
  .0006276	 8.82353E-03	-9.803922E-03	
  .000628	 8.82353E-03	-9.803922E-03	
  .0006284	 8.82353E-03	-5.882353E-03	
  .0006288	 4.901961E-03	-9.803922E-03	
  .0006292	 8.82353E-03	-5.882353E-03	
  .0006296	 8.82353E-03	-5.882353E-03	
  .00063	 6.862745E-03	-1.960784E-03	
  .0006304	 8.82353E-03	-5.882353E-03	
  .0006308	 8.82353E-03	-1.960784E-03	
  .0006312	 8.82353E-03	-5.882353E-03	
  .0006316	 8.82353E-03	-1.960784E-03	
  .000632	 4.901961E-03	-1.960784E-03	
  .0006324	 6.862745E-03	-9.803922E-03	
  .0006328	 6.862745E-03	-5.882353E-03	
  .0006332	 8.82353E-03	-1.960784E-03	
  .0006336	 6.862745E-03	-5.882353E-03	
  .000634	 6.862745E-03	-5.882353E-03	
  .0006344	 6.862745E-03	-9.803922E-03	
  .0006348	 6.862745E-03	-1.960784E-03	
  .0006352	 8.82353E-03	-1.960784E-03	
  .0006356	 6.862745E-03	-1.960784E-03	
  .000636	 8.82353E-03	-5.882353E-03	
  .0006364	 8.82353E-03	-1.960784E-03	
  .0006368	 6.862745E-03	-1.960784E-03	
  .0006372	 8.82353E-03	-1.960784E-03	
  .0006376	 4.901961E-03	-5.882353E-03	
  .000638	 6.862745E-03	-1.960784E-03	
  .0006384	 6.862745E-03	-1.960784E-03	
  .0006388	 6.862745E-03	-1.960784E-03	
  .0006392	 4.901961E-03	-1.960784E-03	
  .0006396	 6.862745E-03	 1.960784E-03	
  .00064	 6.862745E-03	-1.960784E-03	
  .0006404	 4.901961E-03	 5.882353E-03	
  .0006408	 4.901961E-03	 1.960784E-03	
  .0006412	 4.901961E-03	 1.960784E-03	
  .0006416	 6.862745E-03	 1.960784E-03	
  .000642	 2.941177E-03	 5.882353E-03	
  .0006424	 2.941177E-03	 1.960784E-03	
  .0006428	 4.901961E-03	 5.882353E-03	
  .0006432	 4.901961E-03	 5.882353E-03	
  .0006436	 4.901961E-03	 1.960784E-03	
  .000644	 4.901961E-03	 1.960784E-03	
  .0006444	 6.862745E-03	 1.960784E-03	
  .0006448	 4.901961E-03	 5.882353E-03	
  .0006452	 4.901961E-03	 5.882353E-03	
  .0006456	 2.941177E-03	 1.960784E-03	
  .000646	 4.901961E-03	 5.882353E-03	
  .0006464	 6.862745E-03	 5.882353E-03	
  .0006468	 2.941177E-03	 5.882353E-03	
  .0006472	 4.901961E-03	 1.960784E-03	
  .0006476	 2.941177E-03	 5.882353E-03	
  .000648	 2.941177E-03	 5.882353E-03	
  .0006484	 2.941177E-03	 9.803922E-03	
  .0006488	 2.941177E-03	 1.960784E-03	
  .0006492	 2.941177E-03	 1.960784E-03	
  .0006496	 4.901961E-03	 5.882353E-03	
  .00065	 4.901961E-03	 5.882353E-03	
  .0006504	 2.941177E-03	 1.960784E-03	
  .0006508	 2.941177E-03	 5.882353E-03	
  .0006512	 2.941177E-03	 5.882353E-03	
  .0006516	 2.941177E-03	 1.372549E-02	
  .000652	 9.803922E-04	 9.803922E-03	
  .0006524	 9.803922E-04	 5.882353E-03	
  .0006528	 2.941177E-03	 9.803922E-03	
  .0006532	 2.941177E-03	 1.960784E-03	
  .0006536	 2.941177E-03	 9.803922E-03	
  .000654	 2.941177E-03	 9.803922E-03	
  .0006544	 2.941177E-03	 1.372549E-02	
  .0006548	-9.803922E-04	 1.372549E-02	
  .0006552	 2.941177E-03	 9.803922E-03	
  .0006556	 9.803922E-04	 1.372549E-02	
  .000656	 2.941177E-03	 1.372549E-02	
  .0006564	 2.941177E-03	 1.372549E-02	
  .0006568	 9.803922E-04	 9.803922E-03	
  .0006572	 9.803922E-04	 9.803922E-03	
  .0006576	 2.941177E-03	 1.372549E-02	
  .000658	 9.803922E-04	 1.372549E-02	
  .0006584	 9.803922E-04	 1.372549E-02	
  .0006588	 9.803922E-04	 9.803922E-03	
  .0006592	 9.803922E-04	 9.803922E-03	
  .0006596	 9.803922E-04	 1.372549E-02	
  .00066	 9.803922E-04	 1.372549E-02	
  .0006604	 9.803922E-04	 9.803922E-03	
  .0006608	-9.803922E-04	 1.372549E-02	
  .0006612	 9.803922E-04	 1.372549E-02	
  .0006616	 9.803922E-04	 1.764706E-02	
  .000662	-9.803922E-04	 9.803922E-03	
  .0006624	-9.803922E-04	 1.372549E-02	
  .0006628	 9.803922E-04	 1.764706E-02	
  .0006632	-9.803922E-04	 1.372549E-02	
  .0006636	 9.803922E-04	 1.372549E-02	
  .000664	-9.803922E-04	 1.372549E-02	
  .0006644	 9.803922E-04	 1.764706E-02	
  .0006648	 4.901961E-03	 2.156863E-02	
  .0006652	-9.803922E-04	 1.372549E-02	
  .0006656	-2.941177E-03	 1.372549E-02	
  .000666	-9.803922E-04	 1.764706E-02	
  .0006664	-9.803922E-04	 1.764706E-02	
  .0006668	-9.803922E-04	 1.764706E-02	
  .0006672	-2.941177E-03	 1.372549E-02	
  .0006676	-9.803922E-04	 1.764706E-02	
  .000668	-9.803922E-04	 1.764706E-02	
  .0006684	-9.803922E-04	 1.372549E-02	
  .0006688	-9.803922E-04	 1.372549E-02	
  .0006692	-9.803922E-04	 1.764706E-02	
  .0006696	-9.803922E-04	 1.372549E-02	
  .00067	-9.803922E-04	 1.764706E-02	
  .0006704	-2.941177E-03	 1.764706E-02	
  .0006708	 9.803922E-04	 1.764706E-02	
  .0006712	-2.941177E-03	 1.764706E-02	
  .0006716	-2.941177E-03	 2.156863E-02	
  .000672	-2.941177E-03	 1.372549E-02	
  .0006724	-9.803922E-04	 2.156863E-02	
  .0006728	-2.941177E-03	 1.764706E-02	
  .0006732	-9.803922E-04	 1.764706E-02	
  .0006736	-9.803922E-04	 1.764706E-02	
  .000674	-9.803922E-04	 1.372549E-02	
  .0006744	-9.803922E-04	 1.764706E-02	
  .0006748	-9.803922E-04	 1.764706E-02	
  .0006752	-9.803922E-04	 2.156863E-02	
  .0006756	-4.901961E-03	 1.372549E-02	
  .000676	-2.941177E-03	 1.764706E-02	
  .0006764	-9.803922E-04	 1.764706E-02	
  .0006768	-9.803922E-04	 1.764706E-02	
  .0006772	-2.941177E-03	 1.372549E-02	
  .0006776	-9.803922E-04	 1.764706E-02	
  .000678	-9.803922E-04	 1.764706E-02	
  .0006784	-9.803922E-04	 1.372549E-02	
  .0006788	-2.941177E-03	 1.372549E-02	
  .0006792	-9.803922E-04	 1.764706E-02	
  .0006796	-9.803922E-04	 1.764706E-02	
  .00068	-2.941177E-03	 2.156863E-02	
  .0006804	-2.941177E-03	 1.372549E-02	
  .0006808	-9.803922E-04	 1.372549E-02	
  .0006812	-9.803922E-04	 1.764706E-02	
  .0006816	-2.941177E-03	 1.764706E-02	
  .000682	-4.901961E-03	 9.803922E-03	
  .0006824	-9.803922E-04	 1.372549E-02	
  .0006828	-2.941177E-03	 1.764706E-02	
  .0006832	-2.941177E-03	 1.372549E-02	
  .0006836	-9.803922E-04	 1.372549E-02	
  .000684	-2.941177E-03	 1.764706E-02	
  .0006844	-9.803922E-04	 1.372549E-02	
  .0006848	-9.803922E-04	 1.764706E-02	
  .0006852	-9.803922E-04	 1.372549E-02	
  .0006856	 9.803922E-04	 1.372549E-02	
  .000686	-9.803922E-04	 1.764706E-02	
  .0006864	-9.803922E-04	 1.372549E-02	
  .0006868	-9.803922E-04	 1.372549E-02	
  .0006872	-9.803922E-04	 9.803922E-03	
  .0006876	-9.803922E-04	 1.372549E-02	
  .000688	-2.941177E-03	 1.372549E-02	
  .0006884	-2.941177E-03	 9.803922E-03	
  .0006888	-2.941177E-03	 9.803922E-03	
  .0006892	-2.941177E-03	 1.372549E-02	
  .0006896	-9.803922E-04	 1.372549E-02	
  .00069	-9.803922E-04	 9.803922E-03	
  .0006904	-2.941177E-03	 9.803922E-03	
  .0006908	-9.803922E-04	 1.372549E-02	
  .0006912	-9.803922E-04	 1.764706E-02	
  .0006916	-2.941177E-03	 9.803922E-03	
  .000692	-2.941177E-03	 5.882353E-03	
  .0006924	-9.803922E-04	 9.803922E-03	
  .0006928	-2.941177E-03	 5.882353E-03	
  .0006932	 9.803922E-04	 9.803922E-03	
  .0006936	-9.803922E-04	 9.803922E-03	
  .000694	 9.803922E-04	 1.372549E-02	
  .0006944	-9.803922E-04	 1.372549E-02	
  .0006948	 9.803922E-04	 1.960784E-03	
  .0006952	-2.941177E-03	 9.803922E-03	
  .0006956	 9.803922E-04	 9.803922E-03	
  .000696	 9.803922E-04	 1.372549E-02	
  .0006964	-2.941177E-03	 5.882353E-03	
  .0006968	 9.803922E-04	 5.882353E-03	
  .0006972	 9.803922E-04	 9.803922E-03	
  .0006976	-9.803922E-04	 5.882353E-03	
  .000698	-2.941177E-03	 9.803922E-03	
  .0006984	 9.803922E-04	 5.882353E-03	
  .0006988	-9.803922E-04	 5.882353E-03	
  .0006992	 9.803922E-04	 5.882353E-03	
  .0006996	-9.803922E-04	 9.803922E-03	
  .0007	-9.803922E-04	 1.960784E-03	
  .0007004	-2.941177E-03	 5.882353E-03	
  .0007008	 9.803922E-04	 5.882353E-03	
  .0007012	-9.803922E-04	 9.803922E-03	
  .0007016	-9.803922E-04	 1.960784E-03	
  .000702	 9.803922E-04	 1.960784E-03	
  .0007024	 9.803922E-04	 1.960784E-03	
  .0007028	 9.803922E-04	 5.882353E-03	
  .0007032	 9.803922E-04	 1.960784E-03	
  .0007036	 9.803922E-04	 1.960784E-03	
  .000704	 9.803922E-04	 5.882353E-03	
  .0007044	 4.901961E-03	 5.882353E-03	
  .0007048	-9.803922E-04	-1.960784E-03	
  .0007052	 9.803922E-04	 1.960784E-03	
  .0007056	 2.941177E-03	 1.960784E-03	
  .000706	 9.803922E-04	 5.882353E-03	
  .0007064	 2.941177E-03	 1.960784E-03	
  .0007068	 9.803922E-04	-1.960784E-03	
  .0007072	 9.803922E-04	 1.960784E-03	
  .0007076	 9.803922E-04	 1.960784E-03	
  .000708	 2.941177E-03	 1.960784E-03	
  .0007084	 2.941177E-03	-1.960784E-03	
  .0007088	 2.941177E-03	 1.960784E-03	
  .0007092	 2.941177E-03	-1.960784E-03	
  .0007096	 2.941177E-03	 1.960784E-03	
  .00071	 9.803922E-04	 1.960784E-03	
  .0007104	 4.901961E-03	 1.960784E-03	
  .0007108	 2.941177E-03	-1.960784E-03	
  .0007112	 9.803922E-04	 1.960784E-03	
  .0007116	 9.803922E-04	-5.882353E-03	
  .000712	 4.901961E-03	 1.960784E-03	
  .0007124	 9.803922E-04	-1.960784E-03	
  .0007128	 8.82353E-03	-1.960784E-03	
  .0007132	 8.82353E-03	-1.372549E-02	
  .0007136	 1.078431E-02	-1.372549E-02	
  .000714	 6.862745E-03	-1.372549E-02	
  .0007144	 8.82353E-03	-1.372549E-02	
  .0007148	 6.862745E-03	-1.764706E-02	
  .0007152	 8.82353E-03	-.0254902	
  .0007156	 4.901961E-03	-1.764706E-02	
  .000716	 4.901961E-03	-1.372549E-02	
  .0007164	 4.901961E-03	-9.803922E-03	
  .0007168	 2.941177E-03	-9.803922E-03	
  .0007172	 6.862745E-03	-9.803922E-03	
  .0007176	 2.941177E-03	-5.882353E-03	
  .000718	 2.941177E-03	-5.882353E-03	
  .0007184	 2.941177E-03	-5.882353E-03	
  .0007188	 4.901961E-03	-1.960784E-03	
  .0007192	 2.941177E-03	-1.960784E-03	
  .0007196	 4.901961E-03	 1.960784E-03	
  .00072	 2.941177E-03	-1.960784E-03	
  .0007204	 4.901961E-03	-1.960784E-03	
  .0007208	 4.901961E-03	-1.960784E-03	
  .0007212	 4.901961E-03	 1.960784E-03	
  .0007216	 2.941177E-03	-1.960784E-03	
  .000722	 4.901961E-03	-1.960784E-03	
  .0007224	 2.941177E-03	-1.960784E-03	
  .0007228	 2.941177E-03	-1.960784E-03	
  .0007232	 6.862745E-03	-5.882353E-03	
  .0007236	 4.901961E-03	-1.960784E-03	
  .000724	 2.941177E-03	-1.960784E-03	
  .0007244	 6.862745E-03	 1.960784E-03	
  .0007248	 4.901961E-03	-5.882353E-03	
  .0007252	 6.862745E-03	-1.960784E-03	
  .0007256	 4.901961E-03	-1.960784E-03	
  .000726	 4.901961E-03	 1.960784E-03	
  .0007264	 4.901961E-03	-1.960784E-03	
  .0007268	 4.901961E-03	-5.882353E-03	
  .0007272	 4.901961E-03	 1.960784E-03	
  .0007276	 4.901961E-03	-1.960784E-03	
  .000728	 4.901961E-03	-1.960784E-03	
  .0007284	 2.941177E-03	-5.882353E-03	
  .0007288	 2.941177E-03	-1.960784E-03	
  .0007292	 4.901961E-03	-1.960784E-03	
  .0007296	 4.901961E-03	 1.960784E-03	
  .00073	 4.901961E-03	-1.960784E-03	
  .0007304	 4.901961E-03	 1.960784E-03	
  .0007308	 4.901961E-03	 5.882353E-03	
  .0007312	 2.941177E-03	-1.960784E-03	
  .0007316	 4.901961E-03	-1.960784E-03	
  .000732	 4.901961E-03	-1.960784E-03	
  .0007324	 4.901961E-03	-1.960784E-03	
  .0007328	 4.901961E-03	-1.960784E-03	
  .0007332	 4.901961E-03	 1.960784E-03	
  .0007336	 4.901961E-03	 1.960784E-03	
  .000734	 4.901961E-03	 1.960784E-03	
  .0007344	 4.901961E-03	-1.960784E-03	
  .0007348	 2.941177E-03	-1.960784E-03	
  .0007352	 4.901961E-03	 5.882353E-03	
  .0007356	 6.862745E-03	 1.960784E-03	
  .000736	 4.901961E-03	 1.960784E-03	
  .0007364	 2.941177E-03	 1.960784E-03	
  .0007368	 4.901961E-03	-1.960784E-03	
  .0007372	 2.941177E-03	 1.960784E-03	
  .0007376	 4.901961E-03	 5.882353E-03	
  .000738	 4.901961E-03	-1.960784E-03	
  .0007384	 4.901961E-03	-1.960784E-03	
  .0007388	 2.941177E-03	 1.960784E-03	
  .0007392	 2.941177E-03	 5.882353E-03	
  .0007396	 4.901961E-03	 5.882353E-03	
  .00074	 2.941177E-03	 1.960784E-03	
  .0007404	 4.901961E-03	 1.960784E-03	
  .0007408	 2.941177E-03	 9.803922E-03	
  .0007412	 2.941177E-03	-1.960784E-03	
  .0007416	 2.941177E-03	-1.960784E-03	
  .000742	 2.941177E-03	 1.960784E-03	
  .0007424	 4.901961E-03	 5.882353E-03	
  .0007428	 2.941177E-03	-1.960784E-03	
  .0007432	 9.803922E-04	-1.960784E-03	
  .0007436	 2.941177E-03	 5.882353E-03	
  .000744	 6.862745E-03	 5.882353E-03	
  .0007444	 9.803922E-04	 1.960784E-03	
  .0007448	 2.941177E-03	 1.960784E-03	
  .0007452	-4.901961E-03	 1.960784E-03	
  .0007456	-2.941177E-03	 1.372549E-02	
  .000746	-2.941177E-03	 2.156863E-02	
  .0007464	-2.941177E-03	 1.764706E-02	
  .0007468	-2.941177E-03	 2.156863E-02	
  .0007472	-4.901961E-03	 2.941176E-02	
  .0007476	-2.941177E-03	 .0254902	
  .000748	 2.941177E-03	 2.156863E-02	
  .0007484	 2.941177E-03	 2.156863E-02	
  .0007488	 2.941177E-03	 1.764706E-02	
  .0007492	 4.901961E-03	 1.764706E-02	
  .0007496	-9.803922E-04	 1.372549E-02	
  .00075	 2.941177E-03	 1.372549E-02	
  .0007504	 2.941177E-03	 1.372549E-02	
  .0007508	 9.803922E-04	 1.372549E-02	
  .0007512	 9.803922E-04	 5.882353E-03	
  .0007516	 2.941177E-03	 5.882353E-03	
  .000752	 9.803922E-04	 9.803922E-03	
  .0007524	 2.941177E-03	 9.803922E-03	
  .0007528	 9.803922E-04	 5.882353E-03	
  .0007532	 4.901961E-03	 1.960784E-03	
  .0007536	 9.803922E-04	 9.803922E-03	
  .000754	 4.901961E-03	 5.882353E-03	
  .0007544	 4.901961E-03	 9.803922E-03	
  .0007548	 9.803922E-04	 1.960784E-03	
  .0007552	 2.941177E-03	 9.803922E-03	
  .0007556	 9.803922E-04	 5.882353E-03	
  .000756	 9.803922E-04	 5.882353E-03	
  .0007564	 9.803922E-04	 1.960784E-03	
  .0007568	 9.803922E-04	 5.882353E-03	
  .0007572	 9.803922E-04	 5.882353E-03	
  .0007576	 2.941177E-03	 1.960784E-03	
  .000758	 9.803922E-04	 5.882353E-03	
  .0007584	 9.803922E-04	 1.960784E-03	
  .0007588	 2.941177E-03	 1.960784E-03	
  .0007592	 2.941177E-03	 1.372549E-02	
  .0007596	 9.803922E-04	 5.882353E-03	
  .00076	 2.941177E-03	 5.882353E-03	
  .0007604	 2.941177E-03	 5.882353E-03	
  .0007608	-9.803922E-04	 1.372549E-02	
  .0007612	 9.803922E-04	 1.960784E-03	
  .0007616	 9.803922E-04	 9.803922E-03	
  .000762	 9.803922E-04	 5.882353E-03	
  .0007624	 9.803922E-04	 5.882353E-03	
  .0007628	 2.941177E-03	 1.960784E-03	
  .0007632	 2.941177E-03	 5.882353E-03	
  .0007636	 9.803922E-04	 5.882353E-03	
  .000764	 2.941177E-03	 5.882353E-03	
  .0007644	 9.803922E-04	 1.960784E-03	
  .0007648	 2.941177E-03	 5.882353E-03	
  .0007652	 4.901961E-03	 5.882353E-03	
  .0007656	 4.901961E-03	 5.882353E-03	
  .000766	 2.941177E-03	 1.960784E-03	
  .0007664	 9.803922E-04	 1.960784E-03	
  .0007668	 2.941177E-03	 5.882353E-03	
  .0007672	 9.803922E-04	 9.803922E-03	
  .0007676	 2.941177E-03	 5.882353E-03	
  .000768	 2.941177E-03	 1.960784E-03	
  .0007684	 9.803922E-04	 5.882353E-03	
  .0007688	 4.901961E-03	 5.882353E-03	
  .0007692	 2.941177E-03	 1.960784E-03	
  .0007696	 9.803922E-04	 5.882353E-03	
  .00077	 2.941177E-03	 9.803922E-03	
  .0007704	 2.941177E-03	 9.803922E-03	
  .0007708	 9.803922E-04	 5.882353E-03	
  .0007712	 9.803922E-04	 5.882353E-03	
  .0007716	 9.803922E-04	 5.882353E-03	
  .000772	 2.941177E-03	 5.882353E-03	
  .0007724	 2.941177E-03	 1.960784E-03	
  .0007728	 9.803922E-04	 9.803922E-03	
  .0007732	 9.803922E-04	 5.882353E-03	
  .0007736	 2.941177E-03	 5.882353E-03	
  .000774	 2.941177E-03	 5.882353E-03	
  .0007744	 9.803922E-04	 5.882353E-03	
  .0007748	 2.941177E-03	 5.882353E-03	
  .0007752	 2.941177E-03	 9.803922E-03	
  .0007756	 2.941177E-03	 5.882353E-03	
  .000776	 2.941177E-03	 5.882353E-03	
  .0007764	 4.901961E-03	 1.960784E-03	
  .0007768	 4.901961E-03	 5.882353E-03	
  .0007772	 9.803922E-04	 9.803922E-03	
  .0007776	 9.803922E-04	 5.882353E-03	
  .000778	 2.941177E-03	 1.960784E-03	
  .0007784	 2.941177E-03	 5.882353E-03	
  .0007788	 2.941177E-03	 5.882353E-03	
  .0007792	 2.941177E-03	 5.882353E-03	
  .0007796	 2.941177E-03	 1.960784E-03	
  .00078	 2.941177E-03	 5.882353E-03	
  .0007804	 2.941177E-03	 1.372549E-02	
  .0007808	 2.941177E-03	 1.960784E-03	
  .0007812	 2.941177E-03	 1.960784E-03	
  .0007816	 9.803922E-04	 1.960784E-03	
  .000782	 2.941177E-03	 5.882353E-03	
  .0007824	 2.941177E-03	 1.960784E-03	
  .0007828	 9.803922E-04	-1.960784E-03	
  .0007832	 2.941177E-03	 5.882353E-03	
  .0007836	 6.862745E-03	 9.803922E-03	
  .000784	 9.803922E-04	 1.960784E-03	
  .0007844	 2.941177E-03	 1.960784E-03	
  .0007848	 2.941177E-03	 5.882353E-03	
  .0007852	 2.941177E-03	 5.882353E-03	
  .0007856	 2.941177E-03	 5.882353E-03	
  .000786	 9.803922E-04	-1.960784E-03	
  .0007864	 2.941177E-03	 5.882353E-03	
  .0007868	 9.803922E-04	 5.882353E-03	
  .0007872	 9.803922E-04	 5.882353E-03	
  .0007876	 2.941177E-03	 5.882353E-03	
  .000788	 2.941177E-03	 5.882353E-03	
  .0007884	 2.941177E-03	 5.882353E-03	
  .0007888	 2.941177E-03	 5.882353E-03	
  .0007892	 9.803922E-04	 9.803922E-03	
  .0007896	 2.941177E-03	 5.882353E-03	
  .00079	 2.941177E-03	 9.803922E-03	
  .0007904	-9.803922E-04	 9.803922E-03	
  .0007908	 9.803922E-04	 1.960784E-03	
  .0007912	 2.941177E-03	 1.960784E-03	
  .0007916	 9.803922E-04	 9.803922E-03	
  .000792	 2.941177E-03	 1.960784E-03	
  .0007924	 2.941177E-03	 1.960784E-03	
  .0007928	 2.941177E-03	 1.960784E-03	
  .0007932	 2.941177E-03	 1.960784E-03	
  .0007936	 2.941177E-03	 5.882353E-03	
  .000794	 2.941177E-03	 9.803922E-03	
  .0007944	 9.803922E-04	 1.960784E-03	
  .0007948	 9.803922E-04	 5.882353E-03	
  .0007952	 9.803922E-04	 9.803922E-03	
  .0007956	 4.901961E-03	 5.882353E-03	
  .000796	 9.803922E-04	 5.882353E-03	
  .0007964	 2.941177E-03	 5.882353E-03	
  .0007968	 9.803922E-04	 1.960784E-03	
  .0007972	 4.901961E-03	 1.960784E-03	
  .0007976	 2.941177E-03	 1.960784E-03	
  .000798	 2.941177E-03	 5.882353E-03	
  .0007984	 2.941177E-03	 5.882353E-03	
  .0007988	 9.803922E-04	 1.372549E-02	
  .0007992	 9.803922E-04	 5.882353E-03	
  .0007996	 2.941177E-03	 5.882353E-03	
  .0008	 2.941177E-03	 5.882353E-03	
  .0008004	 9.803922E-04	 5.882353E-03	
  .0008008	 9.803922E-04	 1.960784E-03	
  .0008012	 2.941177E-03	 1.960784E-03	
  .0008016	 9.803922E-04	 9.803922E-03	
  .000802	 2.941177E-03	 5.882353E-03	
  .0008024	 9.803922E-04	-1.960784E-03	
  .0008028	 2.941177E-03	 5.882353E-03	
  .0008032	 9.803922E-04	 5.882353E-03	
  .0008036	 4.901961E-03	 1.960784E-03	
  .000804	 9.803922E-04	 1.960784E-03	
  .0008044	 2.941177E-03	 1.960784E-03	
  .0008048	 2.941177E-03	 5.882353E-03	
  .0008052	 2.941177E-03	 5.882353E-03	
  .0008056	 2.941177E-03	 1.960784E-03	
  .000806	 9.803922E-04	 1.960784E-03	
  .0008064	 2.941177E-03	 5.882353E-03	
  .0008068	 9.803922E-04	 5.882353E-03	
  .0008072	 2.941177E-03	 1.960784E-03	
  .0008076	 9.803922E-04	 5.882353E-03	
  .000808	 9.803922E-04	 5.882353E-03	
  .0008084	 4.901961E-03	 5.882353E-03	
  .0008088	 2.941177E-03	 1.960784E-03	
  .0008092	 9.803922E-04	 5.882353E-03	
  .0008096	 2.941177E-03	 5.882353E-03	
  .00081	 9.803922E-04	 5.882353E-03	
  .0008104	 9.803922E-04	 5.882353E-03	
  .0008108	 9.803922E-04	 5.882353E-03	
  .0008112	 2.941177E-03	 5.882353E-03	
  .0008116	 2.941177E-03	 1.960784E-03	
  .000812	 2.941177E-03	 5.882353E-03	
  .0008124	 9.803922E-04	 1.960784E-03	
  .0008128	 2.941177E-03	 5.882353E-03	
  .0008132	 9.803922E-04	 5.882353E-03	
  .0008136	 9.803922E-04	 1.960784E-03	
  .000814	 9.803922E-04	 5.882353E-03	
  .0008144	 4.901961E-03	 5.882353E-03	
  .0008148	 4.901961E-03	 9.803922E-03	
  .0008152	 9.803922E-04	 5.882353E-03	
  .0008156	 9.803922E-04	 1.960784E-03	
  .000816	 4.901961E-03	 5.882353E-03	
  .0008164	 9.803922E-04	 5.882353E-03	
  .0008168	 9.803922E-04	 9.803922E-03	
  .0008172	 9.803922E-04	 5.882353E-03	
  .0008176	 2.941177E-03	 1.960784E-03	
  .000818	 9.803922E-04	 1.960784E-03	
  .0008184	 2.941177E-03	 5.882353E-03	
  .0008188	 2.941177E-03	 5.882353E-03	
  .0008192	 9.803922E-04	 1.960784E-03	
  .0008196	 2.941177E-03	 1.960784E-03	
  .00082	 9.803922E-04	 9.803922E-03	
  .0008204	 2.941177E-03	 1.960784E-03	
  .0008208	 2.941177E-03	 1.960784E-03	
  .0008212	 9.803922E-04	 1.960784E-03	
  .0008216	 9.803922E-04	 5.882353E-03	
  .000822	 4.901961E-03	 1.960784E-03	
  .0008224	 2.941177E-03	-1.960784E-03	
  .0008228	 2.941177E-03	 5.882353E-03	
  .0008232	 2.941177E-03	 9.803922E-03	
  .0008236	 2.941177E-03	 5.882353E-03	
  .000824	 9.803922E-04	 1.960784E-03	
  .0008244	 4.901961E-03	 5.882353E-03	
  .0008248	 2.941177E-03	 9.803922E-03	
  .0008252	 9.803922E-04	 5.882353E-03	
  .0008256	 2.941177E-03	 5.882353E-03	
  .000826	 9.803922E-04	 5.882353E-03	
  .0008264	 9.803922E-04	 5.882353E-03	
  .0008268	 9.803922E-04	 5.882353E-03	
  .0008272	 9.803922E-04	 5.882353E-03	
  .0008276	 9.803922E-04	 5.882353E-03	
  .000828	 9.803922E-04	 5.882353E-03	
  .0008284	 2.941177E-03	 5.882353E-03	
  .0008288	 2.941177E-03	 5.882353E-03	
  .0008292	 9.803922E-04	 5.882353E-03	
  .0008296	 9.803922E-04	 5.882353E-03	
  .00083	 2.941177E-03	 9.803922E-03	
  .0008304	 9.803922E-04	 1.960784E-03	
  .0008308	 2.941177E-03	 5.882353E-03	
  .0008312	 9.803922E-04	 5.882353E-03	
  .0008316	 4.901961E-03	 1.960784E-03	
  .000832	 4.901961E-03	 1.960784E-03	
  .0008324	 4.901961E-03	 5.882353E-03	
  .0008328	 9.803922E-04	 1.960784E-03	
  .0008332	 2.941177E-03	 1.960784E-03	
  .0008336	 9.803922E-04	 5.882353E-03	
  .000834	 2.941177E-03	 1.960784E-03	
  .0008344	 2.941177E-03	 5.882353E-03	
  .0008348	 2.941177E-03	 5.882353E-03	
  .0008352	 2.941177E-03	 5.882353E-03	
  .0008356	 9.803922E-04	 1.960784E-03	
  .000836	 2.941177E-03	 5.882353E-03	
  .0008364	 9.803922E-04	 5.882353E-03	
  .0008368	 9.803922E-04	 1.960784E-03	
  .0008372	 9.803922E-04	 5.882353E-03	
  .0008376	 9.803922E-04	 5.882353E-03	
  .000838	 9.803922E-04	 1.960784E-03	
  .0008384	 9.803922E-04	 5.882353E-03	
  .0008388	 9.803922E-04	 5.882353E-03	
  .0008392	 2.941177E-03	 1.960784E-03	
  .0008396	 4.901961E-03	 5.882353E-03	
  .00084	 9.803922E-04	 5.882353E-03	
  .0008404	 9.803922E-04	-1.960784E-03	
  .0008408	 2.941177E-03	 5.882353E-03	
  .0008412	 9.803922E-04	 5.882353E-03	
  .0008416	 9.803922E-04	 5.882353E-03	
  .000842	 9.803922E-04	 1.960784E-03	
  .0008424	 2.941177E-03	 5.882353E-03	
  .0008428	 9.803922E-04	 5.882353E-03	
  .0008432	 2.941177E-03	 5.882353E-03	
  .0008436	 2.941177E-03	 1.960784E-03	
  .000844	 2.941177E-03	 9.803922E-03	
  .0008444	 2.941177E-03	 5.882353E-03	
  .0008448	 2.941177E-03	 9.803922E-03	
  .0008452	 9.803922E-04	 1.960784E-03	
  .0008456	 9.803922E-04	 1.960784E-03	
  .000846	 9.803922E-04	 5.882353E-03	
  .0008464	 9.803922E-04	 5.882353E-03	
  .0008468	 9.803922E-04	 1.960784E-03	
  .0008472	 9.803922E-04	 1.960784E-03	
  .0008476	 9.803922E-04	 1.960784E-03	
  .000848	 2.941177E-03	 5.882353E-03	
  .0008484	 9.803922E-04	 1.960784E-03	
  .0008488	 9.803922E-04	 5.882353E-03	
  .0008492	 9.803922E-04	 5.882353E-03	
  .0008496	 4.901961E-03	 9.803922E-03	
  .00085	 2.941177E-03	 1.960784E-03	
  .0008504	 9.803922E-04	 1.960784E-03	
  .0008508	 2.941177E-03	 5.882353E-03	
  .0008512	 9.803922E-04	 1.960784E-03	
  .0008516	 9.803922E-04	 1.960784E-03	
  .000852	 2.941177E-03	 5.882353E-03	
  .0008524	 9.803922E-04	 5.882353E-03	
  .0008528	 9.803922E-04	 5.882353E-03	
  .0008532	 9.803922E-04	 1.960784E-03	
  .0008536	 9.803922E-04	 1.960784E-03	
  .000854	 9.803922E-04	 5.882353E-03	
  .0008544	 2.941177E-03	 5.882353E-03	
  .0008548	 9.803922E-04	 5.882353E-03	
  .0008552	 9.803922E-04	 1.960784E-03	
  .0008556	 2.941177E-03	 5.882353E-03	
  .000856	 9.803922E-04	 5.882353E-03	
  .0008564	 2.941177E-03	 9.803922E-03	
  .0008568	 9.803922E-04	 1.960784E-03	
  .0008572	 9.803922E-04	 1.960784E-03	
  .0008576	 9.803922E-04	 5.882353E-03	
  .000858	 9.803922E-04	 5.882353E-03	
  .0008584	 9.803922E-04	 5.882353E-03	
  .0008588	 9.803922E-04	 1.960784E-03	
  .0008592	 2.941177E-03	 5.882353E-03	
  .0008596	 2.941177E-03	 9.803922E-03	
  .00086	 2.941177E-03	-1.960784E-03	
  .0008604	 9.803922E-04	 5.882353E-03	
  .0008608	 2.941177E-03	 1.960784E-03	
  .0008612	 9.803922E-04	 5.882353E-03	
  .0008616	 9.803922E-04	 1.960784E-03	
  .000862	 9.803922E-04	 1.960784E-03	
  .0008624	 2.941177E-03	 5.882353E-03	
  .0008628	 4.901961E-03	 5.882353E-03	
  .0008632	 2.941177E-03	 5.882353E-03	
  .0008636	 9.803922E-04	 1.960784E-03	
  .000864	 2.941177E-03	 5.882353E-03	
  .0008644	 2.941177E-03	 9.803922E-03	
  .0008648	 9.803922E-04	 5.882353E-03	
  .0008652	 9.803922E-04	 5.882353E-03	
  .0008656	 9.803922E-04	 5.882353E-03	
  .000866	 2.941177E-03	 5.882353E-03	
  .0008664	 2.941177E-03	 1.960784E-03	
  .0008668	 9.803922E-04	 5.882353E-03	
  .0008672	 9.803922E-04	 1.960784E-03	
  .0008676	 9.803922E-04	 5.882353E-03	
  .000868	 2.941177E-03	 5.882353E-03	
  .0008684	 9.803922E-04	 5.882353E-03	
  .0008688	 2.941177E-03	 5.882353E-03	
  .0008692	 2.941177E-03	 5.882353E-03	
  .0008696	-9.803922E-04	 5.882353E-03	
  .00087	 9.803922E-04	 1.960784E-03	
  .0008704	 2.941177E-03	 5.882353E-03	
  .0008708	 9.803922E-04	 5.882353E-03	
  .0008712	 2.941177E-03	 1.960784E-03	
  .0008716	 2.941177E-03	 1.960784E-03	
  .000872	 2.941177E-03	 5.882353E-03	
  .0008724	 9.803922E-04	 5.882353E-03	
  .0008728	 4.901961E-03	 5.882353E-03	
  .0008732	 9.803922E-04	 5.882353E-03	
  .0008736	 9.803922E-04	 1.960784E-03	
  .000874	 9.803922E-04	 5.882353E-03	
  .0008744	 2.941177E-03	 5.882353E-03	
  .0008748	 2.941177E-03	 5.882353E-03	
  .0008752	 9.803922E-04	 5.882353E-03	
  .0008756	 2.941177E-03	 5.882353E-03	
  .000876	 9.803922E-04	 5.882353E-03	
  .0008764	 2.941177E-03	 1.960784E-03	
  .0008768	 9.803922E-04	 5.882353E-03	
  .0008772	 9.803922E-04	 5.882353E-03	
  .0008776	 9.803922E-04	 5.882353E-03	
  .000878	 2.941177E-03	 9.803922E-03	
  .0008784	 9.803922E-04	 5.882353E-03	
  .0008788	 4.901961E-03	 1.960784E-03	
  .0008792	 2.941177E-03	 9.803922E-03	
  .0008796	 2.941177E-03	 9.803922E-03	
  .00088	 9.803922E-04	-1.960784E-03	
  .0008804	 2.941177E-03	 5.882353E-03	
  .0008808	 9.803922E-04	 9.803922E-03	
  .0008812	 2.941177E-03	 1.960784E-03	
  .0008816	 2.941177E-03	 5.882353E-03	
  .000882	 4.901961E-03	 1.960784E-03	
  .0008824	 9.803922E-04	 5.882353E-03	
  .0008828	 2.941177E-03	 5.882353E-03	
  .0008832	 9.803922E-04	 1.960784E-03	
  .0008836	 2.941177E-03	 5.882353E-03	
  .000884	 4.901961E-03	 9.803922E-03	
  .0008844	 2.941177E-03	 5.882353E-03	
  .0008848	 9.803922E-04	 5.882353E-03	
  .0008852	 2.941177E-03	 5.882353E-03	
  .0008856	 2.941177E-03	 5.882353E-03	
  .000886	 2.941177E-03	 5.882353E-03	
  .0008864	 2.941177E-03	 1.960784E-03	
  .0008868	 9.803922E-04	 1.960784E-03	
  .0008872	 9.803922E-04	 5.882353E-03	
  .0008876	 9.803922E-04	 5.882353E-03	
  .000888	 2.941177E-03	 1.960784E-03	
  .0008884	 9.803922E-04	 5.882353E-03	
  .0008888	 2.941177E-03	 5.882353E-03	
  .0008892	 9.803922E-04	 9.803922E-03	
  .0008896	 9.803922E-04	 1.960784E-03	
  .00089	 9.803922E-04	 5.882353E-03	
  .0008904	 2.941177E-03	 5.882353E-03	
  .0008908	 9.803922E-04	 1.960784E-03	
  .0008912	 2.941177E-03	 1.960784E-03	
  .0008916	 2.941177E-03	 1.960784E-03	
  .000892	 9.803922E-04	 9.803922E-03	
  .0008924	 9.803922E-04	 5.882353E-03	
  .0008928	 2.941177E-03	 1.960784E-03	
  .0008932	-9.803922E-04	 5.882353E-03	
  .0008936	 9.803922E-04	 5.882353E-03	
  .000894	 9.803922E-04	 5.882353E-03	
  .0008944	 9.803922E-04	 5.882353E-03	
  .0008948	 2.941177E-03	 5.882353E-03	
  .0008952	 2.941177E-03	 1.960784E-03	
  .0008956	 2.941177E-03	 5.882353E-03	
  .000896	 9.803922E-04	 5.882353E-03	
  .0008964	 2.941177E-03	 1.960784E-03	
  .0008968	 2.941177E-03	 1.960784E-03	
  .0008972	 2.941177E-03	 5.882353E-03	
  .0008976	 9.803922E-04	 5.882353E-03	
  .000898	 2.941177E-03	 1.960784E-03	
  .0008984	 9.803922E-04	 5.882353E-03	
  .0008988	 9.803922E-04	 9.803922E-03	
  .0008992	 2.941177E-03	 9.803922E-03	
  .0008996	 2.941177E-03	 1.960784E-03	
  .0009	 2.941177E-03	 1.960784E-03	
