 -.0000996	 9.803922E-04	 1.960784E-03	
 -.0000992	-9.803922E-04	-1.960784E-03	
 -.0000988	-9.803922E-04	 5.882353E-03	
 -.0000984	 9.803922E-04	-1.960784E-03	
 -.000098	 2.941177E-03	 1.960784E-03	
 -.0000976	 9.803922E-04	 5.882353E-03	
 -.0000972	 9.803922E-04	-1.960784E-03	
 -.0000968	-9.803922E-04	-1.960784E-03	
 -.0000964	 9.803922E-04	-1.960784E-03	
 -.000096	-9.803922E-04	 1.960784E-03	
 -.0000956	-9.803922E-04	 1.960784E-03	
 -.0000952	 2.941177E-03	 5.882353E-03	
 -.0000948	-9.803922E-04	 1.960784E-03	
 -.0000944	-9.803922E-04	-1.960784E-03	
 -.000094	 9.803922E-04	-1.960784E-03	
 -.0000936	 9.803922E-04	-1.960784E-03	
 -.0000932	-9.803922E-04	 1.960784E-03	
 -.0000928	 9.803922E-04	 1.960784E-03	
 -.0000924	-9.803922E-04	-1.960784E-03	
 -.000092	-9.803922E-04	 1.960784E-03	
 -.0000916	 9.803922E-04	-1.960784E-03	
 -.0000912	 2.941177E-03	 1.960784E-03	
 -.0000908	 9.803922E-04	 1.960784E-03	
 -.0000904	 9.803922E-04	-1.960784E-03	
 -.00009	-9.803922E-04	 9.803922E-03	
 -.0000896	-9.803922E-04	 1.960784E-03	
 -.0000892	-9.803922E-04	-1.960784E-03	
 -.0000888	-9.803922E-04	 1.960784E-03	
 -.0000884	 9.803922E-04	 1.960784E-03	
 -.000088	 4.901961E-03	 1.960784E-03	
 -.0000876	 2.941177E-03	-1.960784E-03	
 -.0000872	 9.803922E-04	 1.960784E-03	
 -.0000868	 2.941177E-03	 5.882353E-03	
 -.0000864	 9.803922E-04	 1.960784E-03	
 -.000086	 9.803922E-04	-1.960784E-03	
 -.0000856	 9.803922E-04	 1.960784E-03	
 -.0000852	 2.941177E-03	 1.960784E-03	
 -.0000848	 9.803922E-04	 1.960784E-03	
 -.0000844	 9.803922E-04	-1.960784E-03	
 -.000084	 9.803922E-04	-1.960784E-03	
 -.0000836	 9.803922E-04	-1.960784E-03	
 -.0000832	-9.803922E-04	 5.882353E-03	
 -.0000828	 2.941177E-03	-1.960784E-03	
 -.0000824	-9.803922E-04	 1.960784E-03	
 -.000082	 2.941177E-03	 1.960784E-03	
 -.0000816	 9.803922E-04	-1.960784E-03	
 -.0000812	-9.803922E-04	 5.882353E-03	
 -.0000808	 9.803922E-04	 1.960784E-03	
 -.0000804	 2.941177E-03	 1.960784E-03	
 -.00008	 2.941177E-03	 1.960784E-03	
 -.0000796	 9.803922E-04	-1.960784E-03	
 -.0000792	-9.803922E-04	 1.960784E-03	
 -.0000788	-9.803922E-04	 1.960784E-03	
 -.0000784	 9.803922E-04	-1.960784E-03	
 -.000078	 4.901961E-03	 1.960784E-03	
 -.0000776	 2.941177E-03	 1.960784E-03	
 -.0000772	-9.803922E-04	 1.960784E-03	
 -.0000768	-9.803922E-04	-1.960784E-03	
 -.0000764	-9.803922E-04	 5.882353E-03	
 -.000076	 2.941177E-03	-1.960784E-03	
 -.0000756	 9.803922E-04	 1.960784E-03	
 -.0000752	 9.803922E-04	 5.882353E-03	
 -.0000748	 2.941177E-03	 1.960784E-03	
 -.0000744	 2.941177E-03	 1.960784E-03	
 -.000074	 2.941177E-03	 1.960784E-03	
 -.0000736	-9.803922E-04	-1.960784E-03	
 -.0000732	 9.803922E-04	 1.960784E-03	
 -.0000728	 9.803922E-04	 1.960784E-03	
 -.0000724	 9.803922E-04	 1.960784E-03	
 -.000072	 2.941177E-03	-1.960784E-03	
 -.0000716	 9.803922E-04	 5.882353E-03	
 -.0000712	-9.803922E-04	 1.960784E-03	
 -.0000708	 9.803922E-04	 1.960784E-03	
 -.0000704	 2.941177E-03	 1.960784E-03	
 -.00007	 2.941177E-03	 1.960784E-03	
 -.0000696	 9.803922E-04	 1.960784E-03	
 -.0000692	 2.941177E-03	-1.960784E-03	
 -.0000688	 2.941177E-03	 1.960784E-03	
 -.0000684	 9.803922E-04	 1.960784E-03	
 -.000068	 2.941177E-03	 1.960784E-03	
 -.0000676	-9.803922E-04	-1.960784E-03	
 -.0000672	-9.803922E-04	 1.960784E-03	
 -.0000668	 9.803922E-04	 1.960784E-03	
 -.0000664	 9.803922E-04	-1.960784E-03	
 -.000066	 4.901961E-03	 1.960784E-03	
 -.0000656	 4.901961E-03	 5.882353E-03	
 -.0000652	-9.803922E-04	 1.960784E-03	
 -.0000648	-9.803922E-04	-1.960784E-03	
 -.0000644	-9.803922E-04	 1.960784E-03	
 -.000064	 9.803922E-04	 1.960784E-03	
 -.0000636	 9.803922E-04	 1.960784E-03	
 -.0000632	 9.803922E-04	-1.960784E-03	
 -.0000628	 9.803922E-04	 1.960784E-03	
 -.0000624	-9.803922E-04	-1.960784E-03	
 -.000062	 9.803922E-04	-1.960784E-03	
 -.0000616	 2.941177E-03	 1.960784E-03	
 -.0000612	 9.803922E-04	 5.882353E-03	
 -.0000608	-9.803922E-04	 1.960784E-03	
 -.0000604	 9.803922E-04	 5.882353E-03	
 -.00006	 9.803922E-04	 1.960784E-03	
 -.0000596	 9.803922E-04	 1.960784E-03	
 -.0000592	-9.803922E-04	 5.882353E-03	
 -.0000588	 9.803922E-04	 1.960784E-03	
 -.0000584	-9.803922E-04	 5.882353E-03	
 -.000058	 2.941177E-03	 5.882353E-03	
 -.0000576	-9.803922E-04	 1.960784E-03	
 -.0000572	-9.803922E-04	 1.960784E-03	
 -.0000568	 9.803922E-04	 1.960784E-03	
 -.0000564	 2.941177E-03	 1.960784E-03	
 -.000056	-9.803922E-04	 1.960784E-03	
 -.0000556	 2.941177E-03	 1.960784E-03	
 -.0000552	-9.803922E-04	 5.882353E-03	
 -.0000548	-9.803922E-04	-1.960784E-03	
 -.0000544	 2.941177E-03	-1.960784E-03	
 -.000054	 9.803922E-04	-1.960784E-03	
 -.0000536	-9.803922E-04	 5.882353E-03	
 -.0000532	 9.803922E-04	-1.960784E-03	
 -.0000528	-2.941177E-03	-1.960784E-03	
 -.0000524	-9.803922E-04	 1.960784E-03	
 -.000052	-9.803922E-04	 1.960784E-03	
 -.0000516	 2.941177E-03	-1.960784E-03	
 -.0000512	 2.941177E-03	 1.960784E-03	
 -.0000508	 9.803922E-04	 5.882353E-03	
 -.0000504	 2.941177E-03	 5.882353E-03	
 -.00005	 9.803922E-04	-1.960784E-03	
 -.0000496	-9.803922E-04	 5.882353E-03	
 -.0000492	 9.803922E-04	 1.960784E-03	
 -.0000488	 9.803922E-04	 1.960784E-03	
 -.0000484	-9.803922E-04	 1.960784E-03	
 -.000048	-9.803922E-04	 1.960784E-03	
 -.0000476	-9.803922E-04	 1.960784E-03	
 -.0000472	 2.941177E-03	 1.960784E-03	
 -.0000468	 9.803922E-04	 1.960784E-03	
 -.0000464	-9.803922E-04	 1.960784E-03	
 -.000046	 9.803922E-04	 5.882353E-03	
 -.0000456	 2.941177E-03	 1.960784E-03	
 -.0000452	-2.941177E-03	 1.960784E-03	
 -.0000448	 9.803922E-04	 1.960784E-03	
 -.0000444	-9.803922E-04	 1.960784E-03	
 -.000044	 9.803922E-04	 1.960784E-03	
 -.0000436	 9.803922E-04	 1.960784E-03	
 -.0000432	 9.803922E-04	 1.960784E-03	
 -.0000428	-9.803922E-04	 1.960784E-03	
 -.0000424	 9.803922E-04	 5.882353E-03	
 -.000042	 9.803922E-04	 1.960784E-03	
 -.0000416	-9.803922E-04	 5.882353E-03	
 -.0000412	 9.803922E-04	 1.960784E-03	
 -.0000408	 9.803922E-04	-1.960784E-03	
 -.0000404	-9.803922E-04	 1.960784E-03	
 -.00004	 9.803922E-04	-1.960784E-03	
 -.0000396	 9.803922E-04	-1.960784E-03	
 -.0000392	-9.803922E-04	 1.960784E-03	
 -.0000388	-9.803922E-04	 1.960784E-03	
 -.0000384	 9.803922E-04	 1.960784E-03	
 -.000038	 9.803922E-04	-1.960784E-03	
 -.0000376	 9.803922E-04	 1.960784E-03	
 -.0000372	 2.941177E-03	 1.960784E-03	
 -.0000368	 9.803922E-04	 5.882353E-03	
 -.0000364	 9.803922E-04	-1.960784E-03	
 -.000036	-9.803922E-04	-1.960784E-03	
 -.0000356	 9.803922E-04	 5.882353E-03	
 -.0000352	 9.803922E-04	 1.960784E-03	
 -.0000348	 9.803922E-04	-1.960784E-03	
 -.0000344	 9.803922E-04	-1.960784E-03	
 -.000034	 9.803922E-04	-1.960784E-03	
 -.0000336	 2.941177E-03	 1.960784E-03	
 -.0000332	 9.803922E-04	 1.960784E-03	
 -.0000328	-9.803922E-04	 1.960784E-03	
 -.0000324	 9.803922E-04	-1.960784E-03	
 -.000032	 9.803922E-04	 1.960784E-03	
 -.0000316	 9.803922E-04	 1.960784E-03	
 -.0000312	 2.941177E-03	-1.960784E-03	
 -.0000308	 2.941177E-03	 1.960784E-03	
 -.0000304	 2.941177E-03	 5.882353E-03	
 -.00003	-9.803922E-04	-1.960784E-03	
 -.0000296	 9.803922E-04	 1.960784E-03	
 -.0000292	 2.941177E-03	 1.960784E-03	
 -.0000288	 2.941177E-03	 1.960784E-03	
 -.0000284	 2.941177E-03	 1.960784E-03	
 -.000028	 9.803922E-04	-1.960784E-03	
 -.0000276	 9.803922E-04	 1.960784E-03	
 -.0000272	 2.941177E-03	 1.960784E-03	
 -.0000268	 9.803922E-04	-1.960784E-03	
 -.0000264	 9.803922E-04	-1.960784E-03	
 -.000026	 9.803922E-04	 5.882353E-03	
 -.0000256	 9.803922E-04	 1.960784E-03	
 -.0000252	 2.941177E-03	-1.960784E-03	
 -.0000248	 9.803922E-04	 5.882353E-03	
 -.0000244	 2.941177E-03	 1.960784E-03	
 -.000024	 2.941177E-03	 5.882353E-03	
 -.0000236	 2.941177E-03	-1.960784E-03	
 -.0000232	 2.941177E-03	 1.960784E-03	
 -.0000228	 9.803922E-04	 1.960784E-03	
 -.0000224	-9.803922E-04	 5.882353E-03	
 -.000022	 2.941177E-03	 1.960784E-03	
 -.0000216	 2.941177E-03	 1.960784E-03	
 -.0000212	 9.803922E-04	 5.882353E-03	
 -.0000208	-9.803922E-04	 9.803922E-03	
 -.0000204	-9.803922E-04	 1.960784E-03	
 -.00002	 9.803922E-04	 1.960784E-03	
 -.0000196	-9.803922E-04	 5.882353E-03	
 -.0000192	 2.941177E-03	 5.882353E-03	
 -.0000188	 9.803922E-04	 1.960784E-03	
 -.0000184	 2.941177E-03	 5.882353E-03	
 -.000018	 9.803922E-04	 5.882353E-03	
 -.0000176	 9.803922E-04	 5.882353E-03	
 -.0000172	-9.803922E-04	-1.960784E-03	
 -.0000168	-9.803922E-04	 5.882353E-03	
 -.0000164	-9.803922E-04	 1.960784E-03	
 -.000016	 2.941177E-03	 5.882353E-03	
 -.0000156	-9.803922E-04	 5.882353E-03	
 -.0000152	 2.941177E-03	 5.882353E-03	
 -.0000148	 9.803922E-04	-1.960784E-03	
 -.0000144	 2.941177E-03	-1.960784E-03	
 -.000014	-9.803922E-04	 1.960784E-03	
 -.0000136	 9.803922E-04	 1.960784E-03	
 -.0000132	 9.803922E-04	-1.960784E-03	
 -.0000128	 2.941177E-03	 5.882353E-03	
 -.0000124	 9.803922E-04	 5.882353E-03	
 -.000012	 2.941177E-03	 1.960784E-03	
 -.0000116	-9.803922E-04	 1.960784E-03	
 -.0000112	-2.941177E-03	 5.882353E-03	
 -.0000108	 9.803922E-04	 5.882353E-03	
 -.0000104	 9.803922E-04	 1.960784E-03	
 -.00001	-9.803922E-04	 1.960784E-03	
 -.0000096	-9.803922E-04	 5.882353E-03	
 -.0000092	 9.803922E-04	 5.882353E-03	
 -.0000088	 2.941177E-03	 1.960784E-03	
 -.0000084	 9.803922E-04	 1.960784E-03	
 -.000008	 2.941177E-03	 1.960784E-03	
 -.0000076	 4.901961E-03	 5.882353E-03	
 -.0000072	 9.803922E-04	 1.960784E-03	
 -.0000068	 9.803922E-04	 5.882353E-03	
 -.0000064	 9.803922E-04	 5.882353E-03	
 -.000006	 9.803922E-04	 5.882353E-03	
 -.0000056	-9.803922E-04	-1.960784E-03	
 -.0000052	 9.803922E-04	 5.882353E-03	
 -.0000048	 9.803922E-04	-1.960784E-03	
 -.0000044	 9.803922E-04	 1.960784E-03	
 -.000004	-9.803922E-04	 1.960784E-03	
 -.0000036	 2.941177E-03	 1.960784E-03	
 -.0000032	 9.803922E-04	 5.882353E-03	
 -.0000028	 9.803922E-04	 5.882353E-03	
 -.0000024	 9.803922E-04	 5.882353E-03	
 -.000002	 9.803922E-04	 5.882353E-03	
 -.0000016	 9.803922E-04	 1.960784E-03	
 -.0000012	 9.803922E-04	 1.960784E-03	
 -.0000008	-9.803922E-04	 5.882353E-03	
 -.0000004	 9.803922E-04	 1.960784E-03	
  0	-9.803922E-04	-1.960784E-03	
  .0000004	-9.803922E-04	 5.882353E-03	
  .0000008	-.0754902	 1.960784E-03	
  .0000012	-7.352941E-02	 8.431373E-02	
  .0000016	-7.352941E-02	 .1470588	
  .000002	-8.137255E-02	 .1980392	
  .0000024	-8.137255E-02	 .2294118	
  .0000028	-.0872549	 .2529412	
  .0000032	-.0872549	 .2686275	
  .0000036	-.0872549	 .2882353	
  .000004	-.0872549	 .3	
  .0000044	-8.921569E-02	 .3	
  .0000048	-9.313726E-02	 .3117647	
  .0000052	-9.313726E-02	 .3156863	
  .0000056	-9.117647E-02	 .3196079	
  .000006	-9.313726E-02	 .3156863	
  .0000064	-9.509804E-02	 .3196079	
  .0000068	-9.705883E-02	 .3156863	
  .0000072	-9.509804E-02	 .3156863	
  .0000076	-9.705883E-02	 .3156863	
  .000008	-9.705883E-02	 .3156863	
  .0000084	-9.705883E-02	 .3117647	
  .0000088	-9.313726E-02	 .3156863	
  .0000092	-9.509804E-02	 .3117647	
  .0000096	-9.509804E-02	 .3117647	
  .00001	-9.705883E-02	 .3078431	
  .0000104	-9.705883E-02	 .3078431	
  .0000108	-9.901961E-02	 .3039216	
  .0000112	-9.705883E-02	 .3	
  .0000116	-9.901961E-02	 .3	
  .000012	-9.705883E-02	 .2960784	
  .0000124	-9.705883E-02	 .2921569	
  .0000128	-9.705883E-02	 .2921569	
  .0000132	-9.509804E-02	 .2843137	
  .0000136	-9.509804E-02	 .2882353	
  .000014	-9.313726E-02	 .2843137	
  .0000144	-9.705883E-02	 .272549	
  .0000148	-9.705883E-02	 .2647059	
  .0000152	-9.509804E-02	 .2647059	
  .0000156	-9.509804E-02	 .2607843	
  .000016	-9.313726E-02	 .2568628	
  .0000164	-9.117647E-02	 .2529412	
  .0000168	-9.117647E-02	 .2490196	
  .0000172	-9.117647E-02	 .2411765	
  .0000176	-9.313726E-02	 .2411765	
  .000018	-8.921569E-02	 .2294118	
  .0000184	-9.117647E-02	 .2254902	
  .0000188	-8.921569E-02	 .2215686	
  .0000192	-.0872549	 .2176471	
  .0000196	-.0872549	 .2098039	
  .00002	-8.529412E-02	 .2058824	
  .0000204	-8.137255E-02	 .1980392	
  .0000208	-7.745098E-02	 .1980392	
  .0000212	-7.941177E-02	 .1823529	
  .0000216	-7.745098E-02	 .1784314	
  .000022	-.0754902	 .1705882	
  .0000224	-7.156863E-02	 .1627451	
  .0000228	-7.156863E-02	 .154902	
  .0000232	-6.764706E-02	 .1509804	
  .0000236	-6.764706E-02	 .1431373	
  .000024	-6.568628E-02	 .1352941	
  .0000244	-6.568628E-02	 .127451	
  .0000248	-6.176471E-02	 .1156863	
  .0000252	-5.980392E-02	 .1117647	
  .0000256	-5.980392E-02	 .1078431	
  .000026	-5.588235E-02	 .1	
  .0000264	-5.784314E-02	 9.215686E-02	
  .0000268	-5.588235E-02	 8.431373E-02	
  .0000272	-5.196078E-02	 7.647059E-02	
  .0000276	-4.803922E-02	 6.862745E-02	
  .000028	-.05	 6.470589E-02	
  .0000284	-4.607843E-02	 5.686275E-02	
  .0000288	-4.411765E-02	 5.294118E-02	
  .0000292	-4.215686E-02	 4.117647E-02	
  .0000296	-4.019608E-02	 .0372549	
  .00003	-4.019608E-02	 3.333334E-02	
  .0000304	-.0382353	 2.156863E-02	
  .0000308	-3.431373E-02	 1.764706E-02	
  .0000312	-3.431373E-02	 9.803922E-03	
  .0000316	-2.843137E-02	 5.882353E-03	
  .000032	-2.647059E-02	-1.960784E-03	
  .0000324	-2.843137E-02	-9.803922E-03	
  .0000328	-.0245098	-1.372549E-02	
  .0000332	-2.254902E-02	-2.156863E-02	
  .0000336	-2.058824E-02	-.0254902	
  .000034	-2.058824E-02	-.0372549	
  .0000344	-1.470588E-02	-4.117647E-02	
  .0000348	-1.666667E-02	-4.901961E-02	
  .0000352	-.0127451	-5.686275E-02	
  .0000356	-1.078431E-02	-6.078431E-02	
  .000036	-6.862745E-03	-6.862745E-02	
  .0000364	-6.862745E-03	-7.254902E-02	
  .0000368	-2.941177E-03	-8.431373E-02	
  .0000372	 9.803922E-04	-.0882353	
  .0000376	-9.803922E-04	-9.215686E-02	
  .000038	 2.941177E-03	-.1039216	
  .0000384	 6.862745E-03	-.1039216	
  .0000388	 8.82353E-03	-.1117647	
  .0000392	 8.82353E-03	-.1235294	
  .0000396	 1.078431E-02	-.127451	
  .00004	 .0127451	-.1313726	
  .0000404	 1.666667E-02	-.1392157	
  .0000408	 2.058824E-02	-.1509804	
  .0000412	 2.058824E-02	-.1509804	
  .0000416	 2.254902E-02	-.1588235	
  .000042	 2.843137E-02	-.1627451	
  .0000424	 2.843137E-02	-.1705882	
  .0000428	 3.039216E-02	-.1745098	
  .0000432	 3.039216E-02	-.1784314	
  .0000436	 3.627451E-02	-.1901961	
  .000044	 .0382353	-.1901961	
  .0000444	 4.019608E-02	-.1980392	
  .0000448	 .0382353	-.2019608	
  .0000452	 4.019608E-02	-.2058824	
  .0000456	 4.803922E-02	-.2137255	
  .000046	 4.607843E-02	-.2137255	
  .0000464	 4.803922E-02	-.2215686	
  .0000468	 .05	-.2294118	
  .0000472	 5.392157E-02	-.2254902	
  .0000476	 5.588235E-02	-.2333333	
  .000048	 5.588235E-02	-.2333333	
  .0000484	 6.372549E-02	-.2411765	
  .0000488	 6.568628E-02	-.2372549	
  .0000492	 6.176471E-02	-.2411765	
  .0000496	 6.372549E-02	-.245098	
  .00005	 6.764706E-02	-.2529412	
  .0000504	 6.960785E-02	-.2529412	
  .0000508	 6.568628E-02	-.2568628	
  .0000512	 6.960785E-02	-.2607843	
  .0000516	 7.352941E-02	-.2607843	
  .000052	 7.352941E-02	-.2686275	
  .0000524	 .0754902	-.2686275	
  .0000528	 7.941177E-02	-.2686275	
  .0000532	 8.137255E-02	-.272549	
  .0000536	 8.333334E-02	-.2764706	
  .000054	 8.137255E-02	-.2803922	
  .0000544	 8.529412E-02	-.2803922	
  .0000548	 8.529412E-02	-.2764706	
  .0000552	 .0872549	-.2764706	
  .0000556	 9.117647E-02	-.2764706	
  .000056	 9.117647E-02	-.2843137	
  .0000564	 9.117647E-02	-.2843137	
  .0000568	 .0872549	-.2843137	
  .0000572	 9.117647E-02	-.2803922	
  .0000576	 9.117647E-02	-.2803922	
  .000058	 8.921569E-02	-.2764706	
  .0000584	 9.117647E-02	-.2764706	
  .0000588	 9.313726E-02	-.2764706	
  .0000592	 9.117647E-02	-.2764706	
  .0000596	 9.509804E-02	-.272549	
  .00006	 9.509804E-02	-.272549	
  .0000604	 9.509804E-02	-.2686275	
  .0000608	 9.705883E-02	-.2647059	
  .0000612	 9.313726E-02	-.2686275	
  .0000616	 9.705883E-02	-.2686275	
  .000062	 9.509804E-02	-.2647059	
  .0000624	 9.509804E-02	-.2607843	
  .0000628	 9.509804E-02	-.2647059	
  .0000632	 9.901961E-02	-.2647059	
  .0000636	 9.705883E-02	-.2607843	
  .000064	 9.901961E-02	-.2647059	
  .0000644	 9.705883E-02	-.2568628	
  .0000648	 9.705883E-02	-.2568628	
  .0000652	 9.509804E-02	-.2568628	
  .0000656	 9.705883E-02	-.2529412	
  .000066	 9.509804E-02	-.2490196	
  .0000664	 9.705883E-02	-.245098	
  .0000668	 9.509804E-02	-.245098	
  .0000672	 9.705883E-02	-.245098	
  .0000676	 9.509804E-02	-.2411765	
  .000068	 9.117647E-02	-.2372549	
  .0000684	 9.509804E-02	-.2372549	
  .0000688	 9.313726E-02	-.2372549	
  .0000692	 9.117647E-02	-.2333333	
  .0000696	 9.117647E-02	-.2215686	
  .00007	 9.117647E-02	-.2215686	
  .0000704	 8.921569E-02	-.2215686	
  .0000708	 8.921569E-02	-.2215686	
  .0000712	 .0872549	-.2137255	
  .0000716	 9.117647E-02	-.2137255	
  .000072	 8.921569E-02	-.2098039	
  .0000724	 .0872549	-.2058824	
  .0000728	 8.529412E-02	-.1980392	
  .0000732	 .0872549	-.1941177	
  .0000736	 .0872549	-.1941177	
  .000074	 8.137255E-02	-.1862745	
  .0000744	 8.333334E-02	-.1862745	
  .0000748	 8.333334E-02	-.1784314	
  .0000752	 8.137255E-02	-.1745098	
  .0000756	 8.137255E-02	-.1705882	
  .000076	 7.745098E-02	-.1588235	
  .0000764	 7.941177E-02	-.154902	
  .0000768	 7.745098E-02	-.1588235	
  .0000772	 .0754902	-.1509804	
  .0000776	 6.960785E-02	-.1470588	
  .000078	 7.352941E-02	-.1470588	
  .0000784	 6.764706E-02	-.1352941	
  .0000788	 6.960785E-02	-.1313726	
  .0000792	 6.764706E-02	-.127451	
  .0000796	 6.568628E-02	-.1196078	
  .00008	 6.372549E-02	-.1196078	
  .0000804	 6.568628E-02	-.1117647	
  .0000808	 6.372549E-02	-.1078431	
  .0000812	 5.980392E-02	-.1	
  .0000816	 5.980392E-02	-9.607843E-02	
  .000082	 5.784314E-02	-.0882353	
  .0000824	 5.980392E-02	-.0882353	
  .0000828	 5.784314E-02	-8.039216E-02	
  .0000832	 5.588235E-02	-7.647059E-02	
  .0000836	 5.392157E-02	-7.647059E-02	
  .000084	 5.196078E-02	-6.862745E-02	
  .0000844	 .05	-6.078431E-02	
  .0000848	 5.196078E-02	-5.294118E-02	
  .0000852	 .05	-4.509804E-02	
  .0000856	 4.411765E-02	-4.509804E-02	
  .000086	 4.411765E-02	-3.333334E-02	
  .0000864	 4.215686E-02	-2.941176E-02	
  .0000868	 4.019608E-02	-2.156863E-02	
  .0000872	 .0382353	-1.764706E-02	
  .0000876	 3.627451E-02	-1.764706E-02	
  .000088	 .0382353	-9.803922E-03	
  .0000884	 3.627451E-02	-1.960784E-03	
  .0000888	 3.431373E-02	 1.960784E-03	
  .0000892	 2.843137E-02	 1.960784E-03	
  .0000896	 2.843137E-02	 1.372549E-02	
  .00009	 2.843137E-02	 1.764706E-02	
  .0000904	 2.843137E-02	 2.156863E-02	
  .0000908	 2.254902E-02	 .0254902	
  .0000912	 2.254902E-02	 3.333334E-02	
  .0000916	 2.058824E-02	 .0372549	
  .000092	 1.862745E-02	 4.117647E-02	
  .0000924	 2.058824E-02	 4.117647E-02	
  .0000928	 1.666667E-02	 5.294118E-02	
  .0000932	 .0127451	 5.686275E-02	
  .0000936	 .0127451	 5.686275E-02	
  .000094	 .0127451	 6.470589E-02	
  .0000944	 1.078431E-02	 7.254902E-02	
  .0000948	 8.82353E-03	 7.254902E-02	
  .0000952	 4.901961E-03	 8.039216E-02	
  .0000956	 4.901961E-03	 8.039216E-02	
  .000096	 9.803922E-04	 .0882353	
  .0000964	-9.803922E-04	 9.215686E-02	
  .0000968	-9.803922E-04	 9.607843E-02	
  .0000972	-4.901961E-03	 .1039216	
  .0000976	-6.862745E-03	 .1078431	
  .000098	-6.862745E-03	 .1117647	
  .0000984	-1.078431E-02	 .1156863	
  .0000988	-.0127451	 .1196078	
  .0000992	-1.470588E-02	 .1235294	
  .0000996	-1.470588E-02	 .127451	
  .0001	-1.470588E-02	 .127451	
  .0001004	-.0127451	 .1352941	
  .0001008	-1.862745E-02	 .1392157	
  .0001012	-2.058824E-02	 .1470588	
  .0001016	-2.058824E-02	 .1431373	
  .000102	-2.254902E-02	 .1509804	
  .0001024	-2.647059E-02	 .154902	
  .0001028	-.0245098	 .154902	
  .0001032	-2.843137E-02	 .1588235	
  .0001036	-3.039216E-02	 .1666667	
  .000104	-3.235294E-02	 .1627451	
  .0001044	-3.039216E-02	 .1627451	
  .0001048	-3.431373E-02	 .1705882	
  .0001052	-3.431373E-02	 .1745098	
  .0001056	-3.627451E-02	 .1745098	
  .000106	-4.019608E-02	 .1784314	
  .0001064	-.0382353	 .1823529	
  .0001068	-.0382353	 .1823529	
  .0001072	-4.411765E-02	 .1862745	
  .0001076	-4.411765E-02	 .1823529	
  .000108	-4.607843E-02	 .1941177	
  .0001084	-4.607843E-02	 .1941177	
  .0001088	-.05	 .1980392	
  .0001092	-.05	 .1980392	
  .0001096	-.05	 .2019608	
  .00011	-5.196078E-02	 .1980392	
  .0001104	-5.392157E-02	 .2019608	
  .0001108	-5.392157E-02	 .2019608	
  .0001112	-5.392157E-02	 .2058824	
  .0001116	-5.980392E-02	 .2058824	
  .000112	-5.980392E-02	 .2058824	
  .0001124	-6.176471E-02	 .2098039	
  .0001128	-6.176471E-02	 .2098039	
  .0001132	-6.372549E-02	 .2058824	
  .0001136	-6.568628E-02	 .2058824	
  .000114	-6.372549E-02	 .2058824	
  .0001144	-6.568628E-02	 .2098039	
  .0001148	-6.764706E-02	 .2058824	
  .0001152	-6.568628E-02	 .2058824	
  .0001156	-6.764706E-02	 .2098039	
  .000116	-6.568628E-02	 .2098039	
  .0001164	-6.764706E-02	 .2058824	
  .0001168	-7.156863E-02	 .2058824	
  .0001172	-7.352941E-02	 .2058824	
  .0001176	-7.156863E-02	 .2019608	
  .000118	-7.156863E-02	 .2058824	
  .0001184	-7.156863E-02	 .2019608	
  .0001188	-7.156863E-02	 .2019608	
  .0001192	-7.352941E-02	 .2058824	
  .0001196	-6.960785E-02	 .2019608	
  .00012	-7.156863E-02	 .2019608	
  .0001204	-6.960785E-02	 .1980392	
  .0001208	-7.352941E-02	 .2019608	
  .0001212	-6.960785E-02	 .1941177	
  .0001216	-6.960785E-02	 .2019608	
  .000122	-7.156863E-02	 .1941177	
  .0001224	-7.156863E-02	 .1941177	
  .0001228	-7.156863E-02	 .1941177	
  .0001232	-6.960785E-02	 .1941177	
  .0001236	-7.156863E-02	 .1862745	
  .000124	-6.960785E-02	 .1901961	
  .0001244	-6.764706E-02	 .1823529	
  .0001248	-6.960785E-02	 .1862745	
  .0001252	-7.156863E-02	 .1823529	
  .0001256	-6.960785E-02	 .1784314	
  .000126	-6.764706E-02	 .1745098	
  .0001264	-6.764706E-02	 .1823529	
  .0001268	-6.960785E-02	 .1745098	
  .0001272	-6.960785E-02	 .1666667	
  .0001276	-6.568628E-02	 .1666667	
  .000128	-6.764706E-02	 .1705882	
  .0001284	-6.764706E-02	 .1588235	
  .0001288	-6.568628E-02	 .1509804	
  .0001292	-6.568628E-02	 .1509804	
  .0001296	-6.568628E-02	 .1509804	
  .00013	-6.372549E-02	 .1431373	
  .0001304	-6.568628E-02	 .1431373	
  .0001308	-6.176471E-02	 .1392157	
  .0001312	-6.176471E-02	 .1392157	
  .0001316	-5.784314E-02	 .1352941	
  .000132	-5.784314E-02	 .127451	
  .0001324	-5.784314E-02	 .1313726	
  .0001328	-5.980392E-02	 .1235294	
  .0001332	-5.588235E-02	 .1196078	
  .0001336	-5.588235E-02	 .1156863	
  .000134	-5.588235E-02	 .1156863	
  .0001344	-.05	 .1117647	
  .0001348	-.05	 .1078431	
  .0001352	-.05	 .1039216	
  .0001356	-.05	 .1	
  .000136	-4.803922E-02	 9.607843E-02	
  .0001364	-4.803922E-02	 9.215686E-02	
  .0001368	-4.411765E-02	 9.215686E-02	
  .0001372	-4.607843E-02	 8.431373E-02	
  .0001376	-4.607843E-02	 .0882353	
  .000138	-4.411765E-02	 7.647059E-02	
  .0001384	-4.607843E-02	 7.254902E-02	
  .0001388	-4.215686E-02	 6.862745E-02	
  .0001392	-.0382353	 6.470589E-02	
  .0001396	-.0382353	 6.078431E-02	
  .00014	-3.627451E-02	 6.078431E-02	
  .0001404	-3.627451E-02	 5.294118E-02	
  .0001408	-3.627451E-02	 5.294118E-02	
  .0001412	-3.431373E-02	 4.117647E-02	
  .0001416	-3.431373E-02	 4.509804E-02	
  .000142	-3.431373E-02	 4.117647E-02	
  .0001424	-3.039216E-02	 3.333334E-02	
  .0001428	-2.843137E-02	 3.333334E-02	
  .0001432	-2.843137E-02	 .0254902	
  .0001436	-3.039216E-02	 1.764706E-02	
  .000144	-2.843137E-02	 1.372549E-02	
  .0001444	-.0245098	 1.372549E-02	
  .0001448	-2.254902E-02	 5.882353E-03	
  .0001452	-.0245098	-1.960784E-03	
  .0001456	-2.058824E-02	-1.960784E-03	
  .000146	-2.058824E-02	-5.882353E-03	
  .0001464	-1.862745E-02	-1.372549E-02	
  .0001468	-1.862745E-02	-1.372549E-02	
  .0001472	-1.470588E-02	-1.372549E-02	
  .0001476	-1.470588E-02	-1.764706E-02	
  .000148	-1.470588E-02	-.0254902	
  .0001484	-.0127451	-2.941176E-02	
  .0001488	-1.078431E-02	-2.941176E-02	
  .0001492	-1.078431E-02	-3.333334E-02	
  .0001496	-1.078431E-02	-4.117647E-02	
  .00015	-8.82353E-03	-4.509804E-02	
  .0001504	-6.862745E-03	-4.901961E-02	
  .0001508	-9.803922E-04	-4.901961E-02	
  .0001512	-4.901961E-03	-5.686275E-02	
  .0001516	-9.803922E-04	-5.686275E-02	
  .000152	-9.803922E-04	-6.078431E-02	
  .0001524	 9.803922E-04	-6.470589E-02	
  .0001528	 9.803922E-04	-6.862745E-02	
  .0001532	 2.941177E-03	-7.254902E-02	
  .0001536	 2.941177E-03	-7.647059E-02	
  .000154	 4.901961E-03	-7.647059E-02	
  .0001544	 6.862745E-03	-8.431373E-02	
  .0001548	 1.078431E-02	-.0882353	
  .0001552	 8.82353E-03	-8.431373E-02	
  .0001556	 1.078431E-02	-.0882353	
  .000156	 1.078431E-02	-9.215686E-02	
  .0001564	 1.666667E-02	-9.607843E-02	
  .0001568	 1.666667E-02	-.1039216	
  .0001572	 2.058824E-02	-.1039216	
  .0001576	 1.862745E-02	-.1078431	
  .000158	 2.254902E-02	-.1117647	
  .0001584	 2.254902E-02	-.1117647	
  .0001588	 .0245098	-.1078431	
  .0001592	 .0245098	-.1196078	
  .0001596	 2.843137E-02	-.1196078	
  .00016	 2.843137E-02	-.1196078	
  .0001604	 2.647059E-02	-.1235294	
  .0001608	 3.235294E-02	-.1235294	
  .0001612	 3.431373E-02	-.1235294	
  .0001616	 3.235294E-02	-.1352941	
  .000162	 3.431373E-02	-.1313726	
  .0001624	 3.627451E-02	-.1352941	
  .0001628	 .0382353	-.1352941	
  .0001632	 .0382353	-.1392157	
  .0001636	 .0382353	-.1392157	
  .000164	 4.019608E-02	-.1431373	
  .0001644	 4.411765E-02	-.1470588	
  .0001648	 4.411765E-02	-.1470588	
  .0001652	 4.215686E-02	-.1470588	
  .0001656	 4.607843E-02	-.1509804	
  .000166	 4.803922E-02	-.154902	
  .0001664	 4.803922E-02	-.1470588	
  .0001668	 5.196078E-02	-.1509804	
  .0001672	 5.196078E-02	-.1509804	
  .0001676	 5.392157E-02	-.154902	
  .000168	 5.588235E-02	-.1588235	
  .0001684	 5.588235E-02	-.1588235	
  .0001688	 5.588235E-02	-.154902	
  .0001692	 5.588235E-02	-.1588235	
  .0001696	 5.392157E-02	-.1588235	
  .00017	 5.784314E-02	-.1627451	
  .0001704	 5.784314E-02	-.1588235	
  .0001708	 5.784314E-02	-.1666667	
  .0001712	 5.980392E-02	-.1627451	
  .0001716	 6.176471E-02	-.1627451	
  .000172	 6.176471E-02	-.1588235	
  .0001724	 5.784314E-02	-.1588235	
  .0001728	 5.980392E-02	-.1627451	
  .0001732	 5.784314E-02	-.1588235	
  .0001736	 5.980392E-02	-.154902	
  .000174	 5.980392E-02	-.1588235	
  .0001744	 6.176471E-02	-.154902	
  .0001748	 6.372549E-02	-.154902	
  .0001752	 5.784314E-02	-.1588235	
  .0001756	 5.784314E-02	-.154902	
  .000176	 6.372549E-02	-.1588235	
  .0001764	 6.176471E-02	-.154902	
  .0001768	 5.784314E-02	-.154902	
  .0001772	 5.980392E-02	-.154902	
  .0001776	 6.176471E-02	-.1588235	
  .000178	 5.980392E-02	-.154902	
  .0001784	 5.980392E-02	-.1470588	
  .0001788	 6.176471E-02	-.1509804	
  .0001792	 6.176471E-02	-.1509804	
  .0001796	 5.980392E-02	-.1470588	
  .00018	 5.980392E-02	-.1509804	
  .0001804	 5.784314E-02	-.1470588	
  .0001808	 6.176471E-02	-.1470588	
  .0001812	 6.176471E-02	-.1431373	
  .0001816	 5.980392E-02	-.1392157	
  .000182	 5.980392E-02	-.1392157	
  .0001824	 5.980392E-02	-.1392157	
  .0001828	 6.176471E-02	-.1313726	
  .0001832	 5.980392E-02	-.1313726	
  .0001836	 5.784314E-02	-.1313726	
  .000184	 5.784314E-02	-.127451	
  .0001844	 5.588235E-02	-.1235294	
  .0001848	 5.196078E-02	-.127451	
  .0001852	 5.588235E-02	-.1196078	
  .0001856	 5.392157E-02	-.1196078	
  .000186	 5.588235E-02	-.1156863	
  .0001864	 5.196078E-02	-.1156863	
  .0001868	 5.392157E-02	-.1078431	
  .0001872	 5.588235E-02	-.1078431	
  .0001876	 5.196078E-02	-.1078431	
  .000188	 4.607843E-02	-.1039216	
  .0001884	 .05	-.1	
  .0001888	 .05	-.1	
  .0001892	 5.196078E-02	-.1	
  .0001896	 4.803922E-02	-9.607843E-02	
  .00019	 4.803922E-02	-9.215686E-02	
  .0001904	 4.803922E-02	-.0882353	
  .0001908	 4.607843E-02	-8.431373E-02	
  .0001912	 4.607843E-02	-8.039216E-02	
  .0001916	 4.411765E-02	-7.647059E-02	
  .000192	 4.411765E-02	-7.647059E-02	
  .0001924	 4.411765E-02	-8.039216E-02	
  .0001928	 4.215686E-02	-7.254902E-02	
  .0001932	 4.215686E-02	-6.862745E-02	
  .0001936	 4.019608E-02	-6.862745E-02	
  .000194	 4.019608E-02	-6.078431E-02	
  .0001944	 .0382353	-5.686275E-02	
  .0001948	 3.627451E-02	-5.686275E-02	
  .0001952	 .0382353	-4.901961E-02	
  .0001956	 .0382353	-5.294118E-02	
  .000196	 3.627451E-02	-4.509804E-02	
  .0001964	 3.627451E-02	-4.509804E-02	
  .0001968	 3.235294E-02	-4.117647E-02	
  .0001972	 3.235294E-02	-4.117647E-02	
  .0001976	 3.235294E-02	-3.333334E-02	
  .000198	 2.843137E-02	-.0372549	
  .0001984	 3.039216E-02	-.0254902	
  .0001988	 2.843137E-02	-.0254902	
  .0001992	 3.039216E-02	-.0254902	
  .0001996	 2.647059E-02	-1.764706E-02	
  .0002	 .0245098	-1.372549E-02	
  .0002004	 2.647059E-02	-1.372549E-02	
  .0002008	 .0245098	-1.960784E-03	
  .0002012	 .0245098	-9.803922E-03	
  .0002016	 .0245098	-1.960784E-03	
  .000202	 .0245098	-1.960784E-03	
  .0002024	 2.254902E-02	 5.882353E-03	
  .0002028	 2.254902E-02	 5.882353E-03	
  .0002032	 2.058824E-02	 9.803922E-03	
  .0002036	 1.862745E-02	 1.372549E-02	
  .000204	 1.666667E-02	 1.764706E-02	
  .0002044	 .0127451	 1.764706E-02	
  .0002048	 1.078431E-02	 .0254902	
  .0002052	 1.470588E-02	 .0254902	
  .0002056	 .0127451	 3.333334E-02	
  .000206	 1.078431E-02	 3.333334E-02	
  .0002064	 8.82353E-03	 .0372549	
  .0002068	 1.078431E-02	 4.117647E-02	
  .0002072	 8.82353E-03	 4.509804E-02	
  .0002076	 4.901961E-03	 4.117647E-02	
  .000208	 2.941177E-03	 4.509804E-02	
  .0002084	 2.941177E-03	 5.294118E-02	
  .0002088	 4.901961E-03	 5.686275E-02	
  .0002092	 9.803922E-04	 5.686275E-02	
  .0002096	-2.941177E-03	 5.686275E-02	
  .00021	 9.803922E-04	 6.078431E-02	
  .0002104	-2.941177E-03	 6.470589E-02	
  .0002108	-2.941177E-03	 6.470589E-02	
  .0002112	-9.803922E-04	 6.862745E-02	
  .0002116	-2.941177E-03	 7.254902E-02	
  .000212	-2.941177E-03	 7.647059E-02	
  .0002124	-4.901961E-03	 7.647059E-02	
  .0002128	-4.901961E-03	 8.039216E-02	
  .0002132	-8.82353E-03	 8.039216E-02	
  .0002136	-8.82353E-03	 8.039216E-02	
  .000214	-8.82353E-03	 8.431373E-02	
  .0002144	-1.078431E-02	 8.431373E-02	
  .0002148	-1.470588E-02	 .0882353	
  .0002152	-.0127451	 9.215686E-02	
  .0002156	-1.470588E-02	 9.215686E-02	
  .000216	-1.470588E-02	 9.215686E-02	
  .0002164	-1.862745E-02	 9.607843E-02	
  .0002168	-1.862745E-02	 .1039216	
  .0002172	-2.254902E-02	 .1039216	
  .0002176	-2.254902E-02	 .1039216	
  .000218	-1.862745E-02	 .1039216	
  .0002184	-2.254902E-02	 .1039216	
  .0002188	-2.647059E-02	 .1078431	
  .0002192	-2.254902E-02	 .1078431	
  .0002196	-.0245098	 .1117647	
  .00022	-2.843137E-02	 .1117647	
  .0002204	-2.843137E-02	 .1117647	
  .0002208	-2.843137E-02	 .1196078	
  .0002212	-3.235294E-02	 .1156863	
  .0002216	-2.843137E-02	 .1235294	
  .000222	-3.235294E-02	 .1235294	
  .0002224	-3.235294E-02	 .1196078	
  .0002228	-3.235294E-02	 .1196078	
  .0002232	-3.627451E-02	 .1156863	
  .0002236	-3.431373E-02	 .1235294	
  .000224	-3.627451E-02	 .1196078	
  .0002244	-.0382353	 .1235294	
  .0002248	-.0382353	 .1235294	
  .0002252	-.0382353	 .127451	
  .0002256	-3.627451E-02	 .127451	
  .000226	-4.215686E-02	 .1313726	
  .0002264	-4.019608E-02	 .1313726	
  .0002268	-.0382353	 .1352941	
  .0002272	-4.215686E-02	 .1313726	
  .0002276	-4.411765E-02	 .1313726	
  .000228	-4.607843E-02	 .127451	
  .0002284	-4.607843E-02	 .1313726	
  .0002288	-4.607843E-02	 .127451	
  .0002292	-4.607843E-02	 .1313726	
  .0002296	-4.411765E-02	 .1313726	
  .00023	-4.411765E-02	 .1313726	
  .0002304	-4.803922E-02	 .1313726	
  .0002308	-4.607843E-02	 .127451	
  .0002312	-4.607843E-02	 .1313726	
  .0002316	-4.411765E-02	 .1313726	
  .000232	-4.607843E-02	 .1313726	
  .0002324	-4.607843E-02	 .127451	
  .0002328	-4.803922E-02	 .1235294	
  .0002332	-4.803922E-02	 .127451	
  .0002336	-4.803922E-02	 .1313726	
  .000234	-4.411765E-02	 .127451	
  .0002344	-.05	 .1313726	
  .0002348	-4.803922E-02	 .127451	
  .0002352	-4.803922E-02	 .1235294	
  .0002356	-4.803922E-02	 .127451	
  .000236	-4.803922E-02	 .1196078	
  .0002364	-4.607843E-02	 .1235294	
  .0002368	-4.411765E-02	 .1235294	
  .0002372	-4.607843E-02	 .1117647	
  .0002376	-4.607843E-02	 .1117647	
  .000238	-4.411765E-02	 .1196078	
  .0002384	-4.607843E-02	 .1117647	
  .0002388	-4.411765E-02	 .1078431	
  .0002392	-4.607843E-02	 .1078431	
  .0002396	-4.607843E-02	 .1117647	
  .00024	-4.411765E-02	 .1039216	
  .0002404	-4.607843E-02	 .1078431	
  .0002408	-4.411765E-02	 .1	
  .0002412	-4.215686E-02	 .1039216	
  .0002416	-4.215686E-02	 .1078431	
  .000242	-4.019608E-02	 9.607843E-02	
  .0002424	-4.215686E-02	 9.607843E-02	
  .0002428	-4.019608E-02	 9.607843E-02	
  .0002432	-4.019608E-02	 9.215686E-02	
  .0002436	-4.019608E-02	 9.215686E-02	
  .000244	-4.215686E-02	 .0882353	
  .0002444	-4.019608E-02	 .0882353	
  .0002448	-3.627451E-02	 8.039216E-02	
  .0002452	-3.627451E-02	 .0882353	
  .0002456	-.0382353	 8.039216E-02	
  .000246	-.0382353	 8.039216E-02	
  .0002464	-.0382353	 7.647059E-02	
  .0002468	-3.627451E-02	 8.039216E-02	
  .0002472	-3.627451E-02	 7.254902E-02	
  .0002476	-3.431373E-02	 6.862745E-02	
  .000248	-3.431373E-02	 7.254902E-02	
  .0002484	-3.235294E-02	 6.470589E-02	
  .0002488	-3.431373E-02	 6.470589E-02	
  .0002492	-3.235294E-02	 5.686275E-02	
  .0002496	-3.235294E-02	 6.078431E-02	
  .00025	-3.235294E-02	 5.686275E-02	
  .0002504	-3.039216E-02	 4.901961E-02	
  .0002508	-2.843137E-02	 4.509804E-02	
  .0002512	-2.843137E-02	 5.294118E-02	
  .0002516	-3.039216E-02	 5.294118E-02	
  .000252	-2.843137E-02	 4.117647E-02	
  .0002524	-2.647059E-02	 4.117647E-02	
  .0002528	-2.843137E-02	 4.509804E-02	
  .0002532	-.0245098	 .0372549	
  .0002536	-.0245098	 .0372549	
  .000254	-.0245098	 3.333334E-02	
  .0002544	-2.058824E-02	 2.941176E-02	
  .0002548	-.0245098	 .0254902	
  .0002552	-2.254902E-02	 2.156863E-02	
  .0002556	-2.058824E-02	 .0254902	
  .000256	-2.058824E-02	 1.764706E-02	
  .0002564	-2.254902E-02	 2.156863E-02	
  .0002568	-1.862745E-02	 1.764706E-02	
  .0002572	-2.058824E-02	 9.803922E-03	
  .0002576	-1.666667E-02	 9.803922E-03	
  .000258	-1.470588E-02	 5.882353E-03	
  .0002584	-1.470588E-02	 5.882353E-03	
  .0002588	-1.470588E-02	 1.960784E-03	
  .0002592	-1.470588E-02	-1.960784E-03	
  .0002596	-.0127451	-1.960784E-03	
  .00026	-.0127451	-5.882353E-03	
  .0002604	-.0127451	-5.882353E-03	
  .0002608	-1.078431E-02	-1.372549E-02	
  .0002612	-8.82353E-03	-9.803922E-03	
  .0002616	-8.82353E-03	-1.764706E-02	
  .000262	-6.862745E-03	-1.764706E-02	
  .0002624	-6.862745E-03	-2.156863E-02	
  .0002628	-4.901961E-03	-2.156863E-02	
  .0002632	-6.862745E-03	-.0254902	
  .0002636	-4.901961E-03	-.0254902	
  .000264	-2.941177E-03	-2.941176E-02	
  .0002644	-2.941177E-03	-2.941176E-02	
  .0002648	-2.941177E-03	-.0372549	
  .0002652	 9.803922E-04	-4.117647E-02	
  .0002656	-9.803922E-04	-4.117647E-02	
  .000266	-9.803922E-04	-4.509804E-02	
  .0002664	-9.803922E-04	-.0372549	
  .0002668	 2.941177E-03	-4.901961E-02	
  .0002672	 2.941177E-03	-4.901961E-02	
  .0002676	 2.941177E-03	-4.901961E-02	
  .000268	 4.901961E-03	-5.294118E-02	
  .0002684	 8.82353E-03	-5.294118E-02	
  .0002688	 6.862745E-03	-5.686275E-02	
  .0002692	 4.901961E-03	-5.686275E-02	
  .0002696	 1.078431E-02	-5.686275E-02	
  .00027	 6.862745E-03	-6.078431E-02	
  .0002704	 .0127451	-6.078431E-02	
  .0002708	 1.078431E-02	-6.470589E-02	
  .0002712	 .0127451	-6.470589E-02	
  .0002716	 1.078431E-02	-6.862745E-02	
  .000272	 .0127451	-7.254902E-02	
  .0002724	 .0127451	-7.647059E-02	
  .0002728	 1.470588E-02	-7.647059E-02	
  .0002732	 1.666667E-02	-7.647059E-02	
  .0002736	 1.862745E-02	-7.254902E-02	
  .000274	 1.470588E-02	-7.647059E-02	
  .0002744	 1.862745E-02	-7.647059E-02	
  .0002748	 1.862745E-02	-7.647059E-02	
  .0002752	 1.862745E-02	-8.039216E-02	
  .0002756	 1.666667E-02	-8.431373E-02	
  .000276	 2.254902E-02	-.0882353	
  .0002764	 2.058824E-02	-8.431373E-02	
  .0002768	 .0245098	-.0882353	
  .0002772	 2.254902E-02	-9.215686E-02	
  .0002776	 .0245098	-.0882353	
  .000278	 2.647059E-02	-.0882353	
  .0002784	 3.039216E-02	-9.215686E-02	
  .0002788	 2.843137E-02	-9.215686E-02	
  .0002792	 2.843137E-02	-9.215686E-02	
  .0002796	 3.431373E-02	-9.607843E-02	
  .00028	 3.039216E-02	-9.215686E-02	
  .0002804	 3.235294E-02	-9.607843E-02	
  .0002808	 3.235294E-02	-9.215686E-02	
  .0002812	 3.235294E-02	-9.607843E-02	
  .0002816	 3.431373E-02	-9.607843E-02	
  .000282	 3.627451E-02	-.1	
  .0002824	 3.431373E-02	-.1	
  .0002828	 3.627451E-02	-.1	
  .0002832	 3.431373E-02	-.1	
  .0002836	 3.235294E-02	-.1	
  .000284	 3.627451E-02	-9.607843E-02	
  .0002844	 .0382353	-.1	
  .0002848	 .0382353	-.1	
  .0002852	 .0382353	-.1	
  .0002856	 .0382353	-.1039216	
  .000286	 .0382353	-.1	
  .0002864	 4.019608E-02	-.1	
  .0002868	 .0382353	-.1	
  .0002872	 .0382353	-.1039216	
  .0002876	 4.019608E-02	-.1039216	
  .000288	 4.019608E-02	-.1	
  .0002884	 4.019608E-02	-.1039216	
  .0002888	 .0382353	-.1	
  .0002892	 4.019608E-02	-9.607843E-02	
  .0002896	 .0382353	-9.607843E-02	
  .00029	 3.627451E-02	-9.607843E-02	
  .0002904	 4.215686E-02	-9.607843E-02	
  .0002908	 4.019608E-02	-9.215686E-02	
  .0002912	 4.019608E-02	-9.215686E-02	
  .0002916	 4.019608E-02	-9.215686E-02	
  .000292	 4.019608E-02	-9.215686E-02	
  .0002924	 3.627451E-02	-.0882353	
  .0002928	 4.019608E-02	-.0882353	
  .0002932	 4.019608E-02	-.0882353	
  .0002936	 .0382353	-.0882353	
  .000294	 .0382353	-.0882353	
  .0002944	 .0382353	-8.431373E-02	
  .0002948	 4.019608E-02	-.0882353	
  .0002952	 .0382353	-8.431373E-02	
  .0002956	 .0382353	-8.431373E-02	
  .000296	 3.627451E-02	-8.039216E-02	
  .0002964	 3.431373E-02	-8.039216E-02	
  .0002968	 3.431373E-02	-8.039216E-02	
  .0002972	 3.431373E-02	-8.039216E-02	
  .0002976	 .0382353	-8.039216E-02	
  .000298	 .0382353	-7.647059E-02	
  .0002984	 .0382353	-7.254902E-02	
  .0002988	 3.627451E-02	-7.647059E-02	
  .0002992	 3.431373E-02	-7.647059E-02	
  .0002996	 3.627451E-02	-7.647059E-02	
  .0003	 3.627451E-02	-7.254902E-02	
  .0003004	 3.627451E-02	-6.470589E-02	
  .0003008	 3.627451E-02	-6.470589E-02	
  .0003012	 3.431373E-02	-6.078431E-02	
  .0003016	 3.431373E-02	-6.470589E-02	
  .000302	 3.431373E-02	-6.470589E-02	
  .0003024	 3.431373E-02	-6.470589E-02	
  .0003028	 3.235294E-02	-5.686275E-02	
  .0003032	 3.235294E-02	-5.686275E-02	
  .0003036	 2.843137E-02	-5.294118E-02	
  .000304	 3.039216E-02	-5.294118E-02	
  .0003044	 3.235294E-02	-4.901961E-02	
  .0003048	 3.431373E-02	-4.901961E-02	
  .0003052	 2.843137E-02	-4.901961E-02	
  .0003056	 3.039216E-02	-4.509804E-02	
  .000306	 3.235294E-02	-4.509804E-02	
  .0003064	 2.843137E-02	-4.509804E-02	
  .0003068	 2.647059E-02	-4.117647E-02	
  .0003072	 2.647059E-02	-.0372549	
  .0003076	 2.843137E-02	-.0372549	
  .000308	 2.843137E-02	-.0372549	
  .0003084	 .0245098	-.0372549	
  .0003088	 2.647059E-02	-3.333334E-02	
  .0003092	 2.843137E-02	-2.941176E-02	
  .0003096	 2.254902E-02	-3.333334E-02	
  .00031	 2.254902E-02	-2.941176E-02	
  .0003104	 2.254902E-02	-2.156863E-02	
  .0003108	 .0245098	-2.156863E-02	
  .0003112	 1.862745E-02	-.0254902	
  .0003116	 2.058824E-02	-2.156863E-02	
  .000312	 1.862745E-02	-2.156863E-02	
  .0003124	 2.058824E-02	-1.764706E-02	
  .0003128	 2.058824E-02	-1.372549E-02	
  .0003132	 1.862745E-02	-9.803922E-03	
  .0003136	 1.666667E-02	-5.882353E-03	
  .000314	 1.666667E-02	-5.882353E-03	
  .0003144	 1.862745E-02	-5.882353E-03	
  .0003148	 1.470588E-02	-1.960784E-03	
  .0003152	 1.470588E-02	-1.960784E-03	
  .0003156	 1.470588E-02	-1.960784E-03	
  .000316	 1.470588E-02	 1.960784E-03	
  .0003164	 .0127451	 5.882353E-03	
  .0003168	 1.078431E-02	 1.960784E-03	
  .0003172	 .0127451	 9.803922E-03	
  .0003176	 1.078431E-02	 9.803922E-03	
  .000318	 .0127451	 1.372549E-02	
  .0003184	 .0127451	 9.803922E-03	
  .0003188	 6.862745E-03	 1.764706E-02	
  .0003192	 1.078431E-02	 1.764706E-02	
  .0003196	 8.82353E-03	 .0254902	
  .00032	 1.078431E-02	 1.764706E-02	
  .0003204	 6.862745E-03	 2.156863E-02	
  .0003208	 6.862745E-03	 .0254902	
  .0003212	 6.862745E-03	 .0254902	
  .0003216	 2.941177E-03	 2.941176E-02	
  .000322	 4.901961E-03	 2.941176E-02	
  .0003224	 9.803922E-04	 3.333334E-02	
  .0003228	 4.901961E-03	 2.941176E-02	
  .0003232	-9.803922E-04	 .0372549	
  .0003236	 9.803922E-04	 .0372549	
  .000324	 9.803922E-04	 .0372549	
  .0003244	 9.803922E-04	 4.117647E-02	
  .0003248	-9.803922E-04	 4.117647E-02	
  .0003252	-9.803922E-04	 4.117647E-02	
  .0003256	-9.803922E-04	 4.509804E-02	
  .000326	-2.941177E-03	 4.509804E-02	
  .0003264	-2.941177E-03	 4.509804E-02	
  .0003268	-4.901961E-03	 4.509804E-02	
  .0003272	-2.941177E-03	 5.294118E-02	
  .0003276	-4.901961E-03	 5.294118E-02	
  .000328	-4.901961E-03	 4.901961E-02	
  .0003284	-1.078431E-02	 5.294118E-02	
  .0003288	-6.862745E-03	 5.294118E-02	
  .0003292	-6.862745E-03	 5.686275E-02	
  .0003296	-1.078431E-02	 5.294118E-02	
  .00033	-6.862745E-03	 5.686275E-02	
  .0003304	-1.078431E-02	 6.470589E-02	
  .0003308	-1.078431E-02	 6.078431E-02	
  .0003312	-.0127451	 5.686275E-02	
  .0003316	-.0127451	 6.470589E-02	
  .000332	-1.078431E-02	 6.470589E-02	
  .0003324	-.0127451	 6.862745E-02	
  .0003328	-.0127451	 6.470589E-02	
  .0003332	-1.470588E-02	 6.470589E-02	
  .0003336	-1.666667E-02	 6.862745E-02	
  .000334	-1.666667E-02	 6.862745E-02	
  .0003344	-1.666667E-02	 6.470589E-02	
  .0003348	-1.666667E-02	 7.254902E-02	
  .0003352	-1.862745E-02	 7.254902E-02	
  .0003356	-1.862745E-02	 7.647059E-02	
  .000336	-2.058824E-02	 7.254902E-02	
  .0003364	-2.254902E-02	 7.254902E-02	
  .0003368	-2.058824E-02	 6.862745E-02	
  .0003372	-1.862745E-02	 7.647059E-02	
  .0003376	-2.058824E-02	 7.647059E-02	
  .000338	-1.862745E-02	 7.647059E-02	
  .0003384	-.0245098	 7.647059E-02	
  .0003388	-2.254902E-02	 8.039216E-02	
  .0003392	-2.254902E-02	 6.862745E-02	
  .0003396	-2.647059E-02	 7.647059E-02	
  .00034	-2.647059E-02	 8.039216E-02	
  .0003404	-2.254902E-02	 7.647059E-02	
  .0003408	-2.254902E-02	 8.039216E-02	
  .0003412	-.0245098	 8.039216E-02	
  .0003416	-.0245098	 7.254902E-02	
  .000342	-2.647059E-02	 7.254902E-02	
  .0003424	-2.647059E-02	 8.039216E-02	
  .0003428	-2.647059E-02	 7.647059E-02	
  .0003432	-2.843137E-02	 7.647059E-02	
  .0003436	-2.843137E-02	 7.647059E-02	
  .000344	-2.647059E-02	 7.647059E-02	
  .0003444	-.0245098	 8.039216E-02	
  .0003448	-2.843137E-02	 7.647059E-02	
  .0003452	-2.843137E-02	 8.039216E-02	
  .0003456	-2.843137E-02	 .0882353	
  .000346	-2.647059E-02	 8.039216E-02	
  .0003464	-3.039216E-02	 7.647059E-02	
  .0003468	-3.039216E-02	 7.647059E-02	
  .0003472	-2.843137E-02	 8.039216E-02	
  .0003476	-2.843137E-02	 7.254902E-02	
  .000348	-3.039216E-02	 7.647059E-02	
  .0003484	-3.039216E-02	 7.647059E-02	
  .0003488	-2.843137E-02	 8.039216E-02	
  .0003492	-2.647059E-02	 7.647059E-02	
  .0003496	-3.039216E-02	 7.647059E-02	
  .00035	-2.843137E-02	 7.647059E-02	
  .0003504	-3.039216E-02	 7.647059E-02	
  .0003508	-3.039216E-02	 7.254902E-02	
  .0003512	-2.843137E-02	 6.862745E-02	
  .0003516	-2.843137E-02	 6.862745E-02	
  .000352	-2.843137E-02	 7.254902E-02	
  .0003524	-3.039216E-02	 7.254902E-02	
  .0003528	-2.843137E-02	 6.470589E-02	
  .0003532	-2.843137E-02	 6.862745E-02	
  .0003536	-2.647059E-02	 6.862745E-02	
  .000354	-2.843137E-02	 6.862745E-02	
  .0003544	-2.843137E-02	 6.862745E-02	
  .0003548	-2.647059E-02	 6.470589E-02	
  .0003552	-2.843137E-02	 6.078431E-02	
  .0003556	-2.843137E-02	 6.470589E-02	
  .000356	-2.843137E-02	 6.078431E-02	
  .0003564	-2.843137E-02	 5.686275E-02	
  .0003568	-3.039216E-02	 6.470589E-02	
  .0003572	-2.647059E-02	 5.686275E-02	
  .0003576	-.0245098	 5.294118E-02	
  .000358	-2.843137E-02	 5.686275E-02	
  .0003584	-2.843137E-02	 5.294118E-02	
  .0003588	-2.254902E-02	 5.294118E-02	
  .0003592	-2.254902E-02	 5.686275E-02	
  .0003596	-.0245098	 4.901961E-02	
  .00036	-2.254902E-02	 5.294118E-02	
  .0003604	-2.254902E-02	 4.901961E-02	
  .0003608	-2.254902E-02	 5.294118E-02	
  .0003612	-2.254902E-02	 4.509804E-02	
  .0003616	-2.254902E-02	 4.509804E-02	
  .000362	-2.254902E-02	 4.117647E-02	
  .0003624	-2.254902E-02	 4.509804E-02	
  .0003628	-2.254902E-02	 .0372549	
  .0003632	-2.058824E-02	 4.117647E-02	
  .0003636	-1.666667E-02	 3.333334E-02	
  .000364	-2.058824E-02	 4.117647E-02	
  .0003644	-2.058824E-02	 .0372549	
  .0003648	-1.862745E-02	 3.333334E-02	
  .0003652	-1.862745E-02	 3.333334E-02	
  .0003656	-2.058824E-02	 .0372549	
  .000366	-1.666667E-02	 2.156863E-02	
  .0003664	-2.058824E-02	 2.156863E-02	
  .0003668	-1.470588E-02	 2.941176E-02	
  .0003672	-1.862745E-02	 2.156863E-02	
  .0003676	-1.470588E-02	 2.156863E-02	
  .000368	-1.666667E-02	 2.156863E-02	
  .0003684	-1.862745E-02	 2.156863E-02	
  .0003688	-1.666667E-02	 2.156863E-02	
  .0003692	-.0127451	 1.372549E-02	
  .0003696	-.0127451	 1.372549E-02	
  .00037	-.0127451	 1.764706E-02	
  .0003704	-.0127451	 1.372549E-02	
  .0003708	-1.078431E-02	 9.803922E-03	
  .0003712	-.0127451	 5.882353E-03	
  .0003716	-1.470588E-02	 5.882353E-03	
  .000372	-8.82353E-03	 5.882353E-03	
  .0003724	-1.078431E-02	 1.960784E-03	
  .0003728	-8.82353E-03	-1.960784E-03	
  .0003732	-6.862745E-03	 1.960784E-03	
  .0003736	-6.862745E-03	-1.960784E-03	
  .000374	-8.82353E-03	-1.960784E-03	
  .0003744	-6.862745E-03	-1.960784E-03	
  .0003748	-6.862745E-03	-5.882353E-03	
  .0003752	-6.862745E-03	-5.882353E-03	
  .0003756	-6.862745E-03	-5.882353E-03	
  .000376	-8.82353E-03	-9.803922E-03	
  .0003764	-4.901961E-03	-5.882353E-03	
  .0003768	-4.901961E-03	-9.803922E-03	
  .0003772	-2.941177E-03	-9.803922E-03	
  .0003776	-2.941177E-03	-1.372549E-02	
  .000378	-2.941177E-03	-1.764706E-02	
  .0003784	-4.901961E-03	-1.372549E-02	
  .0003788	-9.803922E-04	-2.156863E-02	
  .0003792	-9.803922E-04	-2.156863E-02	
  .0003796	 9.803922E-04	-2.156863E-02	
  .00038	 2.941177E-03	-.0254902	
  .0003804	 9.803922E-04	-.0254902	
  .0003808	 2.941177E-03	-.0254902	
  .0003812	 4.901961E-03	-2.941176E-02	
  .0003816	 2.941177E-03	-2.941176E-02	
  .000382	 9.803922E-04	-3.333334E-02	
  .0003824	 2.941177E-03	-2.941176E-02	
  .0003828	 9.803922E-04	-3.333334E-02	
  .0003832	 4.901961E-03	-3.333334E-02	
  .0003836	 4.901961E-03	-.0372549	
  .000384	 8.82353E-03	-.0372549	
  .0003844	 6.862745E-03	-.0372549	
  .0003848	 8.82353E-03	-.0372549	
  .0003852	 8.82353E-03	-.0372549	
  .0003856	 8.82353E-03	-4.117647E-02	
  .000386	 1.078431E-02	-.0372549	
  .0003864	 8.82353E-03	-4.117647E-02	
  .0003868	 1.078431E-02	-4.509804E-02	
  .0003872	 8.82353E-03	-4.509804E-02	
  .0003876	 1.078431E-02	-4.901961E-02	
  .000388	 1.078431E-02	-4.509804E-02	
  .0003884	 1.470588E-02	-4.509804E-02	
  .0003888	 .0127451	-4.901961E-02	
  .0003892	 1.470588E-02	-4.901961E-02	
  .0003896	 .0127451	-4.901961E-02	
  .00039	 1.666667E-02	-4.901961E-02	
  .0003904	 1.470588E-02	-4.901961E-02	
  .0003908	 1.666667E-02	-5.294118E-02	
  .0003912	 1.666667E-02	-5.686275E-02	
  .0003916	 1.666667E-02	-5.294118E-02	
  .000392	 1.666667E-02	-4.901961E-02	
  .0003924	 1.862745E-02	-5.686275E-02	
  .0003928	 1.666667E-02	-5.294118E-02	
  .0003932	 1.862745E-02	-5.294118E-02	
  .0003936	 2.058824E-02	-5.686275E-02	
  .000394	 2.058824E-02	-5.294118E-02	
  .0003944	 2.058824E-02	-6.078431E-02	
  .0003948	 2.254902E-02	-5.686275E-02	
  .0003952	 2.058824E-02	-6.078431E-02	
  .0003956	 2.254902E-02	-6.078431E-02	
  .000396	 2.254902E-02	-5.686275E-02	
  .0003964	 2.058824E-02	-5.294118E-02	
  .0003968	 .0245098	-6.078431E-02	
  .0003972	 2.647059E-02	-6.078431E-02	
  .0003976	 .0245098	-6.078431E-02	
  .000398	 2.058824E-02	-5.686275E-02	
  .0003984	 2.843137E-02	-5.686275E-02	
  .0003988	 2.647059E-02	-5.686275E-02	
  .0003992	 2.647059E-02	-6.078431E-02	
  .0003996	 2.647059E-02	-5.686275E-02	
  .0004	 2.647059E-02	-5.686275E-02	
  .0004004	 2.647059E-02	-6.078431E-02	
  .0004008	 .0245098	-6.078431E-02	
  .0004012	 2.647059E-02	-5.686275E-02	
  .0004016	 .0245098	-5.686275E-02	
  .000402	 2.647059E-02	-6.078431E-02	
  .0004024	 2.254902E-02	-6.078431E-02	
  .0004028	 2.647059E-02	-6.078431E-02	
  .0004032	 2.647059E-02	-6.078431E-02	
  .0004036	 2.647059E-02	-5.686275E-02	
  .000404	 2.843137E-02	-6.078431E-02	
  .0004044	 .0245098	-5.686275E-02	
  .0004048	 2.647059E-02	-5.686275E-02	
  .0004052	 2.843137E-02	-5.686275E-02	
  .0004056	 2.843137E-02	-5.686275E-02	
  .000406	 2.647059E-02	-5.686275E-02	
  .0004064	 2.647059E-02	-5.686275E-02	
  .0004068	 2.647059E-02	-5.686275E-02	
  .0004072	 2.843137E-02	-5.686275E-02	
  .0004076	 .0245098	-5.294118E-02	
  .000408	 2.647059E-02	-5.294118E-02	
  .0004084	 2.647059E-02	-5.294118E-02	
  .0004088	 2.647059E-02	-5.294118E-02	
  .0004092	 2.843137E-02	-5.686275E-02	
  .0004096	 2.647059E-02	-4.901961E-02	
  .00041	 2.647059E-02	-4.901961E-02	
  .0004104	 2.647059E-02	-5.294118E-02	
  .0004108	 .0245098	-5.294118E-02	
  .0004112	 .0245098	-4.509804E-02	
  .0004116	 2.843137E-02	-4.509804E-02	
  .000412	 2.254902E-02	-4.509804E-02	
  .0004124	 .0245098	-4.509804E-02	
  .0004128	 .0245098	-4.117647E-02	
  .0004132	 2.254902E-02	-4.509804E-02	
  .0004136	 .0245098	-4.509804E-02	
  .000414	 .0245098	-4.509804E-02	
  .0004144	 2.058824E-02	-4.117647E-02	
  .0004148	 2.058824E-02	-4.117647E-02	
  .0004152	 1.862745E-02	-4.117647E-02	
  .0004156	 2.254902E-02	-4.117647E-02	
  .000416	 2.254902E-02	-.0372549	
  .0004164	 2.254902E-02	-4.117647E-02	
  .0004168	 2.254902E-02	-4.117647E-02	
  .0004172	 2.254902E-02	-3.333334E-02	
  .0004176	 2.058824E-02	-.0372549	
  .000418	 1.862745E-02	-3.333334E-02	
  .0004184	 2.058824E-02	-3.333334E-02	
  .0004188	 1.862745E-02	-3.333334E-02	
  .0004192	 2.058824E-02	-2.941176E-02	
  .0004196	 2.254902E-02	-2.941176E-02	
  .00042	 1.862745E-02	-2.941176E-02	
  .0004204	 2.058824E-02	-2.941176E-02	
  .0004208	 1.862745E-02	-2.941176E-02	
  .0004212	 1.862745E-02	-2.941176E-02	
  .0004216	 1.666667E-02	-2.156863E-02	
  .000422	 1.862745E-02	-2.156863E-02	
  .0004224	 1.666667E-02	-.0254902	
  .0004228	 1.666667E-02	-2.156863E-02	
  .0004232	 1.470588E-02	-1.764706E-02	
  .0004236	 1.862745E-02	-1.764706E-02	
  .000424	 1.470588E-02	-1.764706E-02	
  .0004244	 1.470588E-02	-1.372549E-02	
  .0004248	 1.470588E-02	-5.882353E-03	
  .0004252	 1.470588E-02	-1.372549E-02	
  .0004256	 1.470588E-02	-1.764706E-02	
  .000426	 .0127451	-9.803922E-03	
  .0004264	 1.078431E-02	-5.882353E-03	
  .0004268	 1.470588E-02	-9.803922E-03	
  .0004272	 .0127451	-1.372549E-02	
  .0004276	 .0127451	-9.803922E-03	
  .000428	 .0127451	 1.960784E-03	
  .0004284	 .0127451	-1.960784E-03	
  .0004288	 1.078431E-02	-1.960784E-03	
  .0004292	 8.82353E-03	-1.960784E-03	
  .0004296	 1.078431E-02	-1.960784E-03	
  .00043	 8.82353E-03	 1.960784E-03	
  .0004304	 8.82353E-03	-1.960784E-03	
  .0004308	 8.82353E-03	-1.960784E-03	
  .0004312	 8.82353E-03	 1.960784E-03	
  .0004316	 6.862745E-03	 9.803922E-03	
  .000432	 1.078431E-02	 5.882353E-03	
  .0004324	 4.901961E-03	 9.803922E-03	
  .0004328	 6.862745E-03	 9.803922E-03	
  .0004332	 2.941177E-03	 9.803922E-03	
  .0004336	 4.901961E-03	 1.372549E-02	
  .000434	 4.901961E-03	 9.803922E-03	
  .0004344	 6.862745E-03	 9.803922E-03	
  .0004348	 2.941177E-03	 1.372549E-02	
  .0004352	 4.901961E-03	 1.372549E-02	
  .0004356	 2.941177E-03	 1.372549E-02	
  .000436	 2.941177E-03	 1.764706E-02	
  .0004364	 9.803922E-04	 1.372549E-02	
  .0004368	 2.941177E-03	 1.764706E-02	
  .0004372	 9.803922E-04	 1.764706E-02	
  .0004376	-9.803922E-04	 2.156863E-02	
  .000438	 2.941177E-03	 1.764706E-02	
  .0004384	-2.941177E-03	 .0254902	
  .0004388	 9.803922E-04	 2.156863E-02	
  .0004392	-9.803922E-04	 .0254902	
  .0004396	-9.803922E-04	 .0254902	
  .00044	 9.803922E-04	 .0254902	
  .0004404	-9.803922E-04	 .0254902	
  .0004408	-9.803922E-04	 2.941176E-02	
  .0004412	-2.941177E-03	 2.941176E-02	
  .0004416	-9.803922E-04	 2.941176E-02	
  .000442	-2.941177E-03	 2.941176E-02	
  .0004424	-2.941177E-03	 .0372549	
  .0004428	-2.941177E-03	 2.941176E-02	
  .0004432	-2.941177E-03	 .0372549	
  .0004436	-4.901961E-03	 3.333334E-02	
  .000444	-4.901961E-03	 3.333334E-02	
  .0004444	-4.901961E-03	 3.333334E-02	
  .0004448	-4.901961E-03	 .0372549	
  .0004452	-4.901961E-03	 3.333334E-02	
  .0004456	-8.82353E-03	 3.333334E-02	
  .000446	-6.862745E-03	 .0372549	
  .0004464	-4.901961E-03	 4.117647E-02	
  .0004468	-6.862745E-03	 .0372549	
  .0004472	-1.078431E-02	 4.117647E-02	
  .0004476	-8.82353E-03	 4.117647E-02	
  .000448	-8.82353E-03	 4.117647E-02	
  .0004484	-1.078431E-02	 4.117647E-02	
  .0004488	-1.078431E-02	 4.117647E-02	
  .0004492	-1.078431E-02	 4.509804E-02	
  .0004496	-1.078431E-02	 4.509804E-02	
  .00045	-.0127451	 4.117647E-02	
  .0004504	-1.078431E-02	 4.509804E-02	
  .0004508	-.0127451	 4.901961E-02	
  .0004512	-.0127451	 4.901961E-02	
  .0004516	-8.82353E-03	 4.117647E-02	
  .000452	-1.470588E-02	 4.509804E-02	
  .0004524	-1.470588E-02	 4.509804E-02	
  .0004528	-1.470588E-02	 4.901961E-02	
  .0004532	-1.470588E-02	 4.901961E-02	
  .0004536	-.0127451	 4.901961E-02	
  .000454	-1.470588E-02	 4.509804E-02	
  .0004544	-1.470588E-02	 4.509804E-02	
  .0004548	-1.470588E-02	 4.901961E-02	
  .0004552	-1.470588E-02	 4.901961E-02	
  .0004556	-1.862745E-02	 4.509804E-02	
  .000456	-1.470588E-02	 4.901961E-02	
  .0004564	-1.862745E-02	 4.901961E-02	
  .0004568	-1.666667E-02	 4.901961E-02	
  .0004572	-1.666667E-02	 4.901961E-02	
  .0004576	-1.666667E-02	 5.294118E-02	
  .000458	-1.666667E-02	 4.509804E-02	
  .0004584	-1.666667E-02	 5.294118E-02	
  .0004588	-1.666667E-02	 5.294118E-02	
  .0004592	-1.470588E-02	 4.509804E-02	
  .0004596	-1.666667E-02	 4.901961E-02	
  .00046	-1.862745E-02	 4.901961E-02	
  .0004604	-2.058824E-02	 4.509804E-02	
  .0004608	-1.666667E-02	 4.509804E-02	
  .0004612	-1.862745E-02	 4.901961E-02	
  .0004616	-1.862745E-02	 4.509804E-02	
  .000462	-2.058824E-02	 4.509804E-02	
  .0004624	-1.862745E-02	 4.901961E-02	
  .0004628	-1.862745E-02	 4.509804E-02	
  .0004632	-1.862745E-02	 4.509804E-02	
  .0004636	-1.862745E-02	 4.509804E-02	
  .000464	-1.862745E-02	 4.509804E-02	
  .0004644	-1.666667E-02	 4.901961E-02	
  .0004648	-2.254902E-02	 4.509804E-02	
  .0004652	-2.058824E-02	 4.509804E-02	
  .0004656	-1.862745E-02	 4.117647E-02	
  .000466	-1.666667E-02	 4.901961E-02	
  .0004664	-1.862745E-02	 4.117647E-02	
  .0004668	-2.058824E-02	 4.509804E-02	
  .0004672	-1.862745E-02	 4.117647E-02	
  .0004676	-1.666667E-02	 4.509804E-02	
  .000468	-1.862745E-02	 4.117647E-02	
  .0004684	-1.666667E-02	 .0372549	
  .0004688	-1.862745E-02	 4.117647E-02	
  .0004692	-1.666667E-02	 4.117647E-02	
  .0004696	-1.862745E-02	 .0372549	
  .00047	-1.470588E-02	 .0372549	
  .0004704	-1.666667E-02	 3.333334E-02	
  .0004708	-1.470588E-02	 .0372549	
  .0004712	-1.470588E-02	 4.117647E-02	
  .0004716	-1.470588E-02	 3.333334E-02	
  .000472	-1.666667E-02	 .0372549	
  .0004724	-1.666667E-02	 .0372549	
  .0004728	-1.470588E-02	 3.333334E-02	
  .0004732	-1.470588E-02	 3.333334E-02	
  .0004736	-1.666667E-02	 2.941176E-02	
  .000474	-1.666667E-02	 2.941176E-02	
  .0004744	-1.666667E-02	 3.333334E-02	
  .0004748	-1.470588E-02	 .0254902	
  .0004752	-1.666667E-02	 .0254902	
  .0004756	-1.470588E-02	 2.941176E-02	
  .000476	-1.470588E-02	 .0254902	
  .0004764	-.0127451	 2.941176E-02	
  .0004768	-.0127451	 .0254902	
  .0004772	-1.470588E-02	 2.941176E-02	
  .0004776	-1.078431E-02	 2.156863E-02	
  .000478	-1.078431E-02	 2.941176E-02	
  .0004784	-8.82353E-03	 2.156863E-02	
  .0004788	-1.078431E-02	 .0254902	
  .0004792	-1.078431E-02	 .0254902	
  .0004796	-8.82353E-03	 1.764706E-02	
  .00048	-.0127451	 1.764706E-02	
  .0004804	-8.82353E-03	 1.764706E-02	
  .0004808	-1.078431E-02	 1.764706E-02	
  .0004812	-1.078431E-02	 1.764706E-02	
  .0004816	-1.078431E-02	 1.764706E-02	
  .000482	-1.078431E-02	 1.764706E-02	
  .0004824	-8.82353E-03	 9.803922E-03	
  .0004828	-8.82353E-03	 1.764706E-02	
  .0004832	-8.82353E-03	 9.803922E-03	
  .0004836	-6.862745E-03	 9.803922E-03	
  .000484	-4.901961E-03	 9.803922E-03	
  .0004844	-6.862745E-03	 1.372549E-02	
  .0004848	-8.82353E-03	 5.882353E-03	
  .0004852	-6.862745E-03	 9.803922E-03	
  .0004856	-4.901961E-03	 9.803922E-03	
  .000486	-6.862745E-03	 5.882353E-03	
  .0004864	-2.941177E-03	 1.960784E-03	
  .0004868	-4.901961E-03	 1.960784E-03	
  .0004872	-4.901961E-03	 1.960784E-03	
  .0004876	-6.862745E-03	-1.960784E-03	
  .000488	-4.901961E-03	 1.960784E-03	
  .0004884	-2.941177E-03	-1.960784E-03	
  .0004888	-2.941177E-03	 1.960784E-03	
  .0004892	-4.901961E-03	 1.960784E-03	
  .0004896	-2.941177E-03	-5.882353E-03	
  .00049	-4.901961E-03	-1.960784E-03	
  .0004904	-4.901961E-03	-1.960784E-03	
  .0004908	-9.803922E-04	-1.960784E-03	
  .0004912	-9.803922E-04	-9.803922E-03	
  .0004916	-9.803922E-04	-9.803922E-03	
  .000492	-2.941177E-03	-5.882353E-03	
  .0004924	-2.941177E-03	-9.803922E-03	
  .0004928	-9.803922E-04	-9.803922E-03	
  .0004932	-9.803922E-04	-5.882353E-03	
  .0004936	-9.803922E-04	-1.372549E-02	
  .000494	 9.803922E-04	-5.882353E-03	
  .0004944	 9.803922E-04	-9.803922E-03	
  .0004948	-9.803922E-04	-1.372549E-02	
  .0004952	 9.803922E-04	-1.372549E-02	
  .0004956	 9.803922E-04	-1.764706E-02	
  .000496	 2.941177E-03	-1.764706E-02	
  .0004964	 2.941177E-03	-1.764706E-02	
  .0004968	 2.941177E-03	-1.764706E-02	
  .0004972	 9.803922E-04	-1.764706E-02	
  .0004976	 2.941177E-03	-2.156863E-02	
  .000498	 2.941177E-03	-1.764706E-02	
  .0004984	 9.803922E-04	-2.156863E-02	
  .0004988	 4.901961E-03	-2.156863E-02	
  .0004992	 2.941177E-03	-2.156863E-02	
  .0004996	 6.862745E-03	-2.156863E-02	
  .0005	 6.862745E-03	-2.941176E-02	
  .0005004	 4.901961E-03	-.0254902	
  .0005008	 4.901961E-03	-2.156863E-02	
  .0005012	 8.82353E-03	-.0254902	
  .0005016	 6.862745E-03	-.0254902	
  .000502	 4.901961E-03	-2.156863E-02	
  .0005024	 6.862745E-03	-.0254902	
  .0005028	 .0127451	-2.941176E-02	
  .0005032	 6.862745E-03	-.0254902	
  .0005036	 8.82353E-03	-.0254902	
  .000504	 .0127451	-2.156863E-02	
  .0005044	 8.82353E-03	-2.941176E-02	
  .0005048	 8.82353E-03	-2.941176E-02	
  .0005052	 8.82353E-03	-2.941176E-02	
  .0005056	 1.078431E-02	-.0254902	
  .000506	 .0127451	-3.333334E-02	
  .0005064	 1.078431E-02	-3.333334E-02	
  .0005068	 1.078431E-02	-2.941176E-02	
  .0005072	 1.470588E-02	-2.941176E-02	
  .0005076	 .0127451	-2.941176E-02	
  .000508	 .0127451	-2.941176E-02	
  .0005084	 .0127451	-3.333334E-02	
  .0005088	 1.470588E-02	-2.941176E-02	
  .0005092	 .0127451	-3.333334E-02	
  .0005096	 1.470588E-02	-2.941176E-02	
  .00051	 .0127451	-.0372549	
  .0005104	 1.470588E-02	-3.333334E-02	
  .0005108	 .0127451	-3.333334E-02	
  .0005112	 1.470588E-02	-3.333334E-02	
  .0005116	 1.470588E-02	-3.333334E-02	
  .000512	 1.470588E-02	-3.333334E-02	
  .0005124	 1.470588E-02	-2.941176E-02	
  .0005128	 1.470588E-02	-3.333334E-02	
  .0005132	 1.470588E-02	-3.333334E-02	
  .0005136	 1.666667E-02	-3.333334E-02	
  .000514	 .0127451	-2.941176E-02	
  .0005144	 1.666667E-02	-.0372549	
  .0005148	 1.470588E-02	-.0372549	
  .0005152	 1.666667E-02	-.0372549	
  .0005156	 1.666667E-02	-.0372549	
  .000516	 1.470588E-02	-3.333334E-02	
  .0005164	 1.470588E-02	-.0372549	
  .0005168	 .0127451	-3.333334E-02	
  .0005172	 2.058824E-02	-.0372549	
  .0005176	 1.666667E-02	-2.941176E-02	
  .000518	 1.862745E-02	-.0372549	
  .0005184	 1.470588E-02	-3.333334E-02	
  .0005188	 1.862745E-02	-3.333334E-02	
  .0005192	 2.058824E-02	-3.333334E-02	
  .0005196	 1.666667E-02	-.0372549	
  .00052	 1.862745E-02	-3.333334E-02	
  .0005204	 1.862745E-02	-3.333334E-02	
  .0005208	 1.666667E-02	-3.333334E-02	
  .0005212	 .0127451	-3.333334E-02	
  .0005216	 .0127451	-2.941176E-02	
  .000522	 1.666667E-02	-3.333334E-02	
  .0005224	 1.666667E-02	-2.941176E-02	
  .0005228	 1.666667E-02	-3.333334E-02	
  .0005232	 1.666667E-02	-2.941176E-02	
  .0005236	 1.666667E-02	-2.941176E-02	
  .000524	 1.666667E-02	-2.941176E-02	
  .0005244	 1.666667E-02	-3.333334E-02	
  .0005248	 1.470588E-02	-3.333334E-02	
  .0005252	 1.666667E-02	-2.941176E-02	
  .0005256	 1.470588E-02	-2.941176E-02	
  .000526	 1.666667E-02	-2.941176E-02	
  .0005264	 1.470588E-02	-2.941176E-02	
  .0005268	 1.470588E-02	-2.941176E-02	
  .0005272	 1.666667E-02	-.0254902	
  .0005276	 1.470588E-02	-.0254902	
  .000528	 1.666667E-02	-2.941176E-02	
  .0005284	 1.666667E-02	-2.156863E-02	
  .0005288	 .0127451	-.0254902	
  .0005292	 1.666667E-02	-.0254902	
  .0005296	 1.470588E-02	-2.156863E-02	
  .00053	 1.078431E-02	-.0254902	
  .0005304	 1.666667E-02	-2.156863E-02	
  .0005308	 1.470588E-02	-2.156863E-02	
  .0005312	 1.470588E-02	-2.156863E-02	
  .0005316	 .0127451	-2.156863E-02	
  .000532	 1.470588E-02	-2.156863E-02	
  .0005324	 1.470588E-02	-2.156863E-02	
  .0005328	 1.666667E-02	-1.764706E-02	
  .0005332	 .0127451	-2.156863E-02	
  .0005336	 1.078431E-02	-1.764706E-02	
  .000534	 1.078431E-02	-2.156863E-02	
  .0005344	 1.078431E-02	-1.764706E-02	
  .0005348	 1.078431E-02	-1.764706E-02	
  .0005352	 .0127451	-1.372549E-02	
  .0005356	 1.078431E-02	-1.372549E-02	
  .000536	 1.078431E-02	-1.764706E-02	
  .0005364	 1.078431E-02	-1.372549E-02	
  .0005368	 .0127451	-1.372549E-02	
  .0005372	 1.078431E-02	-1.372549E-02	
  .0005376	 1.078431E-02	-9.803922E-03	
  .000538	 1.078431E-02	-1.372549E-02	
  .0005384	 1.078431E-02	-1.372549E-02	
  .0005388	 1.078431E-02	-9.803922E-03	
  .0005392	 .0127451	-5.882353E-03	
  .0005396	 .0127451	-9.803922E-03	
  .00054	 1.078431E-02	-5.882353E-03	
  .0005404	 8.82353E-03	-5.882353E-03	
  .0005408	 8.82353E-03	-5.882353E-03	
  .0005412	 6.862745E-03	-9.803922E-03	
  .0005416	 8.82353E-03	-5.882353E-03	
  .000542	 8.82353E-03	-1.960784E-03	
  .0005424	 1.078431E-02	-1.960784E-03	
  .0005428	 4.901961E-03	-1.960784E-03	
  .0005432	 6.862745E-03	-5.882353E-03	
  .0005436	 6.862745E-03	 5.882353E-03	
  .000544	 6.862745E-03	-5.882353E-03	
  .0005444	 4.901961E-03	-1.960784E-03	
  .0005448	 6.862745E-03	 1.960784E-03	
  .0005452	 4.901961E-03	 1.960784E-03	
  .0005456	 6.862745E-03	-1.960784E-03	
  .000546	 4.901961E-03	 5.882353E-03	
  .0005464	 4.901961E-03	 5.882353E-03	
  .0005468	 8.82353E-03	 1.960784E-03	
  .0005472	 2.941177E-03	 5.882353E-03	
  .0005476	 2.941177E-03	 1.960784E-03	
  .000548	 4.901961E-03	 5.882353E-03	
  .0005484	 2.941177E-03	 5.882353E-03	
  .0005488	 9.803922E-04	 5.882353E-03	
  .0005492	 2.941177E-03	 5.882353E-03	
  .0005496	 9.803922E-04	 9.803922E-03	
  .00055	 9.803922E-04	 1.372549E-02	
  .0005504	 9.803922E-04	 9.803922E-03	
  .0005508	 2.941177E-03	 9.803922E-03	
  .0005512	 9.803922E-04	 9.803922E-03	
  .0005516	-9.803922E-04	 9.803922E-03	
  .000552	 2.941177E-03	 9.803922E-03	
  .0005524	-9.803922E-04	 1.764706E-02	
  .0005528	 9.803922E-04	 1.764706E-02	
  .0005532	 9.803922E-04	 1.372549E-02	
  .0005536	-9.803922E-04	 1.764706E-02	
  .000554	 9.803922E-04	 1.372549E-02	
  .0005544	 9.803922E-04	 9.803922E-03	
  .0005548	-9.803922E-04	 1.764706E-02	
  .0005552	-9.803922E-04	 1.764706E-02	
  .0005556	 2.941177E-03	 1.764706E-02	
  .000556	 9.803922E-04	 2.156863E-02	
  .0005564	-9.803922E-04	 1.764706E-02	
  .0005568	 9.803922E-04	 1.372549E-02	
  .0005572	 9.803922E-04	 2.156863E-02	
  .0005576	-9.803922E-04	 1.764706E-02	
  .000558	-9.803922E-04	 2.156863E-02	
  .0005584	-2.941177E-03	 2.156863E-02	
  .0005588	-2.941177E-03	 .0254902	
  .0005592	-2.941177E-03	 2.156863E-02	
  .0005596	-2.941177E-03	 2.156863E-02	
  .00056	-2.941177E-03	 2.156863E-02	
  .0005604	-2.941177E-03	 2.156863E-02	
  .0005608	-4.901961E-03	 2.156863E-02	
  .0005612	-6.862745E-03	 2.156863E-02	
  .0005616	-6.862745E-03	 2.156863E-02	
  .000562	-4.901961E-03	 .0254902	
  .0005624	-6.862745E-03	 .0254902	
  .0005628	-6.862745E-03	 2.941176E-02	
  .0005632	-4.901961E-03	 .0254902	
  .0005636	-6.862745E-03	 3.333334E-02	
  .000564	-4.901961E-03	 .0254902	
  .0005644	-6.862745E-03	 .0254902	
  .0005648	-4.901961E-03	 2.941176E-02	
  .0005652	-4.901961E-03	 .0254902	
  .0005656	-6.862745E-03	 2.941176E-02	
  .000566	-6.862745E-03	 2.156863E-02	
  .0005664	-6.862745E-03	 .0254902	
  .0005668	-8.82353E-03	 2.941176E-02	
  .0005672	-8.82353E-03	 .0254902	
  .0005676	-8.82353E-03	 .0254902	
  .000568	-8.82353E-03	 3.333334E-02	
  .0005684	-8.82353E-03	 .0254902	
  .0005688	-6.862745E-03	 .0254902	
  .0005692	-1.078431E-02	 .0254902	
  .0005696	-1.078431E-02	 2.941176E-02	
  .00057	-8.82353E-03	 3.333334E-02	
  .0005704	-6.862745E-03	 3.333334E-02	
  .0005708	-1.078431E-02	 .0254902	
  .0005712	-6.862745E-03	 2.941176E-02	
  .0005716	-1.078431E-02	 .0254902	
  .000572	-8.82353E-03	 .0254902	
  .0005724	-1.078431E-02	 .0254902	
  .0005728	-1.078431E-02	 .0254902	
  .0005732	-1.078431E-02	 2.941176E-02	
  .0005736	-.0127451	 2.941176E-02	
  .000574	-1.078431E-02	 .0254902	
  .0005744	-.0127451	 2.941176E-02	
  .0005748	-.0127451	 2.941176E-02	
  .0005752	-8.82353E-03	 .0254902	
  .0005756	-.0127451	 2.941176E-02	
  .000576	-.0127451	 .0254902	
  .0005764	-1.078431E-02	 2.941176E-02	
  .0005768	-8.82353E-03	 2.156863E-02	
  .0005772	-.0127451	 .0254902	
  .0005776	-.0127451	 2.941176E-02	
  .000578	-8.82353E-03	 2.941176E-02	
  .0005784	-1.078431E-02	 .0254902	
  .0005788	-1.078431E-02	 2.941176E-02	
  .0005792	-8.82353E-03	 .0254902	
  .0005796	-1.078431E-02	 2.156863E-02	
  .00058	-.0127451	 2.941176E-02	
  .0005804	-.0127451	 .0254902	
  .0005808	-.0127451	 2.156863E-02	
  .0005812	-.0127451	 2.156863E-02	
  .0005816	-8.82353E-03	 .0254902	
  .000582	-8.82353E-03	 .0254902	
  .0005824	-1.078431E-02	 .0254902	
  .0005828	-1.078431E-02	 .0254902	
  .0005832	-.0127451	 2.941176E-02	
  .0005836	-.0127451	 .0254902	
  .000584	-.0127451	 .0254902	
  .0005844	-1.078431E-02	 .0254902	
  .0005848	-8.82353E-03	 2.941176E-02	
  .0005852	-1.078431E-02	 .0254902	
  .0005856	-1.078431E-02	 2.156863E-02	
  .000586	-1.078431E-02	 .0254902	
  .0005864	-6.862745E-03	 2.156863E-02	
  .0005868	-1.078431E-02	 2.156863E-02	
  .0005872	-1.078431E-02	 1.764706E-02	
  .0005876	-1.078431E-02	 2.156863E-02	
  .000588	-8.82353E-03	 2.156863E-02	
  .0005884	-8.82353E-03	 1.764706E-02	
  .0005888	-8.82353E-03	 1.372549E-02	
  .0005892	-8.82353E-03	 1.372549E-02	
  .0005896	-1.078431E-02	 1.764706E-02	
  .00059	-1.078431E-02	 2.156863E-02	
  .0005904	-8.82353E-03	 1.764706E-02	
  .0005908	-6.862745E-03	 1.764706E-02	
  .0005912	-6.862745E-03	 1.764706E-02	
  .0005916	-8.82353E-03	 1.372549E-02	
  .000592	-1.078431E-02	 2.156863E-02	
  .0005924	-1.078431E-02	 1.764706E-02	
  .0005928	-6.862745E-03	 9.803922E-03	
  .0005932	-8.82353E-03	 1.764706E-02	
  .0005936	-6.862745E-03	 1.372549E-02	
  .000594	-1.078431E-02	 9.803922E-03	
  .0005944	-1.078431E-02	 1.372549E-02	
  .0005948	-6.862745E-03	 1.372549E-02	
  .0005952	-2.941177E-03	 9.803922E-03	
  .0005956	-6.862745E-03	 9.803922E-03	
  .000596	-6.862745E-03	 9.803922E-03	
  .0005964	-6.862745E-03	 9.803922E-03	
  .0005968	-4.901961E-03	 1.372549E-02	
  .0005972	-4.901961E-03	 9.803922E-03	
  .0005976	-4.901961E-03	 1.372549E-02	
  .000598	-4.901961E-03	 9.803922E-03	
  .0005984	-4.901961E-03	 1.372549E-02	
  .0005988	-4.901961E-03	 1.960784E-03	
  .0005992	-4.901961E-03	 5.882353E-03	
  .0005996	-4.901961E-03	 1.960784E-03	
  .0006	-2.941177E-03	 1.960784E-03	
  .0006004	-6.862745E-03	 1.960784E-03	
  .0006008	-4.901961E-03	 5.882353E-03	
  .0006012	-2.941177E-03	-1.960784E-03	
  .0006016	-4.901961E-03	 5.882353E-03	
  .000602	-9.803922E-04	 1.960784E-03	
  .0006024	-9.803922E-04	-1.960784E-03	
  .0006028	 9.803922E-04	 1.960784E-03	
  .0006032	-2.941177E-03	 1.960784E-03	
  .0006036	-2.941177E-03	-1.960784E-03	
  .000604	-2.941177E-03	-1.960784E-03	
  .0006044	-2.941177E-03	 1.960784E-03	
  .0006048	-9.803922E-04	 1.960784E-03	
  .0006052	-9.803922E-04	-1.960784E-03	
  .0006056	-9.803922E-04	-1.960784E-03	
  .000606	-9.803922E-04	-1.960784E-03	
  .0006064	 9.803922E-04	-1.960784E-03	
  .0006068	-9.803922E-04	-5.882353E-03	
  .0006072	-9.803922E-04	-5.882353E-03	
  .0006076	-9.803922E-04	-1.960784E-03	
  .000608	-2.941177E-03	-5.882353E-03	
  .0006084	-9.803922E-04	-5.882353E-03	
  .0006088	 9.803922E-04	-5.882353E-03	
  .0006092	-9.803922E-04	-5.882353E-03	
  .0006096	 2.941177E-03	-5.882353E-03	
  .00061	 9.803922E-04	-5.882353E-03	
  .0006104	-9.803922E-04	-5.882353E-03	
  .0006108	 9.803922E-04	-5.882353E-03	
  .0006112	 9.803922E-04	-9.803922E-03	
  .0006116	 2.941177E-03	-9.803922E-03	
  .000612	 9.803922E-04	-9.803922E-03	
  .0006124	-9.803922E-04	-9.803922E-03	
  .0006128	 9.803922E-04	-5.882353E-03	
  .0006132	 2.941177E-03	-9.803922E-03	
  .0006136	 9.803922E-04	-9.803922E-03	
  .000614	 9.803922E-04	-9.803922E-03	
  .0006144	 4.901961E-03	-1.372549E-02	
  .0006148	 4.901961E-03	-9.803922E-03	
  .0006152	 4.901961E-03	-9.803922E-03	
  .0006156	 2.941177E-03	-5.882353E-03	
  .000616	 4.901961E-03	-9.803922E-03	
  .0006164	 4.901961E-03	-1.372549E-02	
  .0006168	 4.901961E-03	-1.372549E-02	
  .0006172	 4.901961E-03	-1.372549E-02	
  .0006176	 6.862745E-03	-1.372549E-02	
  .000618	 4.901961E-03	-1.372549E-02	
  .0006184	 4.901961E-03	-1.764706E-02	
  .0006188	 6.862745E-03	-1.764706E-02	
  .0006192	 4.901961E-03	-1.764706E-02	
  .0006196	 4.901961E-03	-1.372549E-02	
  .00062	 4.901961E-03	-2.156863E-02	
  .0006204	 2.941177E-03	-1.764706E-02	
  .0006208	 6.862745E-03	-1.372549E-02	
  .0006212	 6.862745E-03	-1.764706E-02	
  .0006216	 8.82353E-03	-1.764706E-02	
  .000622	 4.901961E-03	-1.764706E-02	
  .0006224	 4.901961E-03	-1.764706E-02	
  .0006228	 8.82353E-03	-5.882353E-03	
  .0006232	 6.862745E-03	-2.156863E-02	
  .0006236	 4.901961E-03	-1.764706E-02	
  .000624	 6.862745E-03	-1.764706E-02	
  .0006244	 1.078431E-02	-1.372549E-02	
  .0006248	 8.82353E-03	-1.764706E-02	
  .0006252	 8.82353E-03	-2.156863E-02	
  .0006256	 8.82353E-03	-1.764706E-02	
  .000626	 1.078431E-02	-1.764706E-02	
  .0006264	 1.078431E-02	-1.764706E-02	
  .0006268	 1.078431E-02	-2.156863E-02	
  .0006272	 6.862745E-03	-1.372549E-02	
  .0006276	 .0127451	-1.764706E-02	
  .000628	 8.82353E-03	-1.764706E-02	
  .0006284	 8.82353E-03	-2.156863E-02	
  .0006288	 8.82353E-03	-2.156863E-02	
  .0006292	 8.82353E-03	-2.156863E-02	
  .0006296	 8.82353E-03	-1.764706E-02	
  .00063	 1.078431E-02	-1.764706E-02	
  .0006304	 .0127451	-1.764706E-02	
  .0006308	 8.82353E-03	-1.764706E-02	
  .0006312	 8.82353E-03	-1.372549E-02	
  .0006316	 8.82353E-03	-1.372549E-02	
  .000632	 8.82353E-03	-2.156863E-02	
  .0006324	 1.078431E-02	-1.764706E-02	
  .0006328	 1.078431E-02	-2.156863E-02	
  .0006332	 .0127451	-1.764706E-02	
  .0006336	 8.82353E-03	-.0254902	
  .000634	 1.078431E-02	-1.372549E-02	
  .0006344	 1.078431E-02	-1.764706E-02	
  .0006348	 1.470588E-02	-1.764706E-02	
  .0006352	 1.078431E-02	-2.156863E-02	
  .0006356	 1.078431E-02	-1.372549E-02	
  .000636	 1.470588E-02	-2.156863E-02	
  .0006364	 .0127451	-9.803922E-03	
  .0006368	 1.078431E-02	-1.764706E-02	
  .0006372	 .0127451	-2.156863E-02	
  .0006376	 .0127451	-1.372549E-02	
  .000638	 .0127451	-1.764706E-02	
  .0006384	 1.078431E-02	-1.764706E-02	
  .0006388	 8.82353E-03	-1.764706E-02	
  .0006392	 .0127451	-1.764706E-02	
  .0006396	 1.078431E-02	-.0254902	
  .00064	 8.82353E-03	-1.764706E-02	
  .0006404	 8.82353E-03	-1.372549E-02	
  .0006408	 .0127451	-1.764706E-02	
  .0006412	 1.078431E-02	-1.372549E-02	
  .0006416	 1.078431E-02	-1.372549E-02	
  .000642	 1.078431E-02	-2.156863E-02	
  .0006424	 1.078431E-02	-1.764706E-02	
  .0006428	 .0127451	-1.372549E-02	
  .0006432	 1.078431E-02	-2.156863E-02	
  .0006436	 6.862745E-03	-1.764706E-02	
  .000644	 1.078431E-02	-1.372549E-02	
  .0006444	 8.82353E-03	-1.372549E-02	
  .0006448	 8.82353E-03	-1.372549E-02	
  .0006452	 8.82353E-03	-1.764706E-02	
  .0006456	 8.82353E-03	-9.803922E-03	
  .000646	 8.82353E-03	-1.372549E-02	
  .0006464	 6.862745E-03	-9.803922E-03	
  .0006468	 .0127451	-1.372549E-02	
  .0006472	 8.82353E-03	-5.882353E-03	
  .0006476	 8.82353E-03	-9.803922E-03	
  .000648	 1.078431E-02	-1.372549E-02	
  .0006484	 6.862745E-03	-1.372549E-02	
  .0006488	 6.862745E-03	-9.803922E-03	
  .0006492	 8.82353E-03	-5.882353E-03	
  .0006496	 8.82353E-03	-9.803922E-03	
  .00065	 8.82353E-03	-9.803922E-03	
  .0006504	 8.82353E-03	-5.882353E-03	
  .0006508	 6.862745E-03	-5.882353E-03	
  .0006512	 1.078431E-02	-9.803922E-03	
  .0006516	 6.862745E-03	-5.882353E-03	
  .000652	 4.901961E-03	-9.803922E-03	
  .0006524	 6.862745E-03	-5.882353E-03	
  .0006528	 6.862745E-03	-9.803922E-03	
  .0006532	 4.901961E-03	-5.882353E-03	
  .0006536	 4.901961E-03	-5.882353E-03	
  .000654	 6.862745E-03	-1.960784E-03	
  .0006544	 6.862745E-03	-5.882353E-03	
  .0006548	 6.862745E-03	 1.960784E-03	
  .0006552	 6.862745E-03	-5.882353E-03	
  .0006556	 6.862745E-03	-1.960784E-03	
  .000656	 6.862745E-03	-5.882353E-03	
  .0006564	 6.862745E-03	-1.960784E-03	
  .0006568	 4.901961E-03	-1.960784E-03	
  .0006572	 8.82353E-03	-1.960784E-03	
  .0006576	 6.862745E-03	 1.960784E-03	
  .000658	 2.941177E-03	 1.960784E-03	
  .0006584	 6.862745E-03	-1.960784E-03	
  .0006588	 2.941177E-03	-1.960784E-03	
  .0006592	 4.901961E-03	-1.960784E-03	
  .0006596	 4.901961E-03	-1.960784E-03	
  .00066	 9.803922E-04	-1.960784E-03	
  .0006604	 2.941177E-03	 1.960784E-03	
  .0006608	 2.941177E-03	 1.960784E-03	
  .0006612	 6.862745E-03	-1.960784E-03	
  .0006616	 9.803922E-04	 1.960784E-03	
  .000662	 9.803922E-04	 5.882353E-03	
  .0006624	 2.941177E-03	 9.803922E-03	
  .0006628	 2.941177E-03	 1.960784E-03	
  .0006632	 9.803922E-04	 5.882353E-03	
  .0006636	 2.941177E-03	 5.882353E-03	
  .000664	 2.941177E-03	 5.882353E-03	
  .0006644	 2.941177E-03	 1.960784E-03	
  .0006648	-9.803922E-04	 1.960784E-03	
  .0006652	 9.803922E-04	 1.960784E-03	
  .0006656	 4.901961E-03	 9.803922E-03	
  .000666	 9.803922E-04	 9.803922E-03	
  .0006664	 2.941177E-03	 1.960784E-03	
  .0006668	 9.803922E-04	 9.803922E-03	
  .0006672	 2.941177E-03	 9.803922E-03	
  .0006676	 2.941177E-03	 9.803922E-03	
  .000668	 2.941177E-03	 5.882353E-03	
  .0006684	-9.803922E-04	 5.882353E-03	
  .0006688	 9.803922E-04	 9.803922E-03	
  .0006692	 9.803922E-04	 9.803922E-03	
  .0006696	 9.803922E-04	 9.803922E-03	
  .00067	 9.803922E-04	 9.803922E-03	
  .0006704	 9.803922E-04	 9.803922E-03	
  .0006708	 9.803922E-04	 1.372549E-02	
  .0006712	-9.803922E-04	 1.372549E-02	
  .0006716	-9.803922E-04	 9.803922E-03	
  .000672	 9.803922E-04	 1.372549E-02	
  .0006724	-2.941177E-03	 1.372549E-02	
  .0006728	 9.803922E-04	 9.803922E-03	
  .0006732	-2.941177E-03	 9.803922E-03	
  .0006736	-9.803922E-04	 1.372549E-02	
  .000674	-2.941177E-03	 1.372549E-02	
  .0006744	-9.803922E-04	 1.372549E-02	
  .0006748	-9.803922E-04	 9.803922E-03	
  .0006752	-9.803922E-04	 1.764706E-02	
  .0006756	 9.803922E-04	 1.372549E-02	
  .000676	-9.803922E-04	 1.764706E-02	
  .0006764	-9.803922E-04	 1.372549E-02	
  .0006768	-9.803922E-04	 1.372549E-02	
  .0006772	-9.803922E-04	 1.764706E-02	
  .0006776	 9.803922E-04	 2.156863E-02	
  .000678	-2.941177E-03	 1.372549E-02	
  .0006784	-9.803922E-04	 1.372549E-02	
  .0006788	-2.941177E-03	 9.803922E-03	
  .0006792	-2.941177E-03	 1.372549E-02	
  .0006796	-2.941177E-03	 1.764706E-02	
  .00068	-4.901961E-03	 1.764706E-02	
  .0006804	-9.803922E-04	 1.764706E-02	
  .0006808	-4.901961E-03	 2.156863E-02	
  .0006812	-2.941177E-03	 1.764706E-02	
  .0006816	-2.941177E-03	 1.764706E-02	
  .000682	-2.941177E-03	 1.764706E-02	
  .0006824	-2.941177E-03	 2.156863E-02	
  .0006828	-2.941177E-03	 1.372549E-02	
  .0006832	-6.862745E-03	 1.372549E-02	
  .0006836	-6.862745E-03	 2.156863E-02	
  .000684	-4.901961E-03	 1.764706E-02	
  .0006844	-2.941177E-03	 1.764706E-02	
  .0006848	-4.901961E-03	 1.372549E-02	
  .0006852	-6.862745E-03	 2.156863E-02	
  .0006856	-4.901961E-03	 1.372549E-02	
  .000686	-4.901961E-03	 1.372549E-02	
  .0006864	-4.901961E-03	 1.372549E-02	
  .0006868	-2.941177E-03	 2.156863E-02	
  .0006872	-2.941177E-03	 1.764706E-02	
  .0006876	-2.941177E-03	 1.764706E-02	
  .000688	-6.862745E-03	 1.764706E-02	
  .0006884	-6.862745E-03	 1.764706E-02	
  .0006888	-4.901961E-03	 2.156863E-02	
  .0006892	-4.901961E-03	 1.372549E-02	
  .0006896	-4.901961E-03	 1.764706E-02	
  .00069	-6.862745E-03	 1.372549E-02	
  .0006904	-6.862745E-03	 1.372549E-02	
  .0006908	-4.901961E-03	 1.372549E-02	
  .0006912	-4.901961E-03	 1.764706E-02	
  .0006916	-6.862745E-03	 1.372549E-02	
  .000692	-6.862745E-03	 2.156863E-02	
  .0006924	-8.82353E-03	 1.372549E-02	
  .0006928	-6.862745E-03	 1.764706E-02	
  .0006932	-8.82353E-03	 1.764706E-02	
  .0006936	-4.901961E-03	 1.372549E-02	
  .000694	-4.901961E-03	 1.764706E-02	
  .0006944	-4.901961E-03	 1.764706E-02	
  .0006948	-8.82353E-03	 1.764706E-02	
  .0006952	-6.862745E-03	 1.764706E-02	
  .0006956	-6.862745E-03	 1.372549E-02	
  .000696	-6.862745E-03	 1.764706E-02	
  .0006964	-4.901961E-03	 1.764706E-02	
  .0006968	-4.901961E-03	 1.372549E-02	
  .0006972	-6.862745E-03	 1.764706E-02	
  .0006976	-4.901961E-03	 9.803922E-03	
  .000698	-4.901961E-03	 9.803922E-03	
  .0006984	-6.862745E-03	 9.803922E-03	
  .0006988	-6.862745E-03	 1.764706E-02	
  .0006992	-6.862745E-03	 1.372549E-02	
  .0006996	-6.862745E-03	 9.803922E-03	
  .0007	-6.862745E-03	 9.803922E-03	
  .0007004	-6.862745E-03	 9.803922E-03	
  .0007008	-4.901961E-03	 1.372549E-02	
  .0007012	-4.901961E-03	 1.372549E-02	
  .0007016	-8.82353E-03	 1.372549E-02	
  .000702	-2.941177E-03	 2.156863E-02	
  .0007024	-4.901961E-03	 9.803922E-03	
  .0007028	-4.901961E-03	 1.372549E-02	
  .0007032	-6.862745E-03	 1.372549E-02	
  .0007036	-4.901961E-03	 1.372549E-02	
  .000704	-4.901961E-03	 1.372549E-02	
  .0007044	-8.82353E-03	 1.372549E-02	
  .0007048	-4.901961E-03	 1.372549E-02	
  .0007052	-2.941177E-03	 1.372549E-02	
  .0007056	-4.901961E-03	 1.372549E-02	
  .000706	-2.941177E-03	 1.372549E-02	
  .0007064	-4.901961E-03	 1.372549E-02	
  .0007068	-2.941177E-03	 9.803922E-03	
  .0007072	-6.862745E-03	 1.372549E-02	
  .0007076	-2.941177E-03	 9.803922E-03	
  .000708	-6.862745E-03	 5.882353E-03	
  .0007084	-4.901961E-03	 5.882353E-03	
  .0007088	-2.941177E-03	 9.803922E-03	
  .0007092	-2.941177E-03	 9.803922E-03	
  .0007096	-2.941177E-03	 9.803922E-03	
  .00071	-2.941177E-03	 9.803922E-03	
  .0007104	-4.901961E-03	 5.882353E-03	
  .0007108	-6.862745E-03	 5.882353E-03	
  .0007112	-4.901961E-03	 5.882353E-03	
  .0007116	-4.901961E-03	 5.882353E-03	
  .000712	-8.82353E-03	 5.882353E-03	
  .0007124	-2.941177E-03	 5.882353E-03	
  .0007128	-4.901961E-03	 1.960784E-03	
  .0007132	-2.941177E-03	 9.803922E-03	
  .0007136	-4.901961E-03	 1.960784E-03	
  .000714	-9.803922E-04	 5.882353E-03	
  .0007144	-4.901961E-03	 1.960784E-03	
  .0007148	-2.941177E-03	 5.882353E-03	
  .0007152	 9.803922E-04	 5.882353E-03	
  .0007156	-2.941177E-03	 9.803922E-03	
  .000716	-2.941177E-03	 1.960784E-03	
  .0007164	-2.941177E-03	-1.960784E-03	
  .0007168	-9.803922E-04	 5.882353E-03	
  .0007172	-9.803922E-04	 1.960784E-03	
  .0007176	-2.941177E-03	-1.960784E-03	
  .000718	-2.941177E-03	 1.960784E-03	
  .0007184	-2.941177E-03	-1.960784E-03	
  .0007188	-9.803922E-04	 1.960784E-03	
  .0007192	-4.901961E-03	-1.960784E-03	
  .0007196	-2.941177E-03	 1.960784E-03	
  .00072	 9.803922E-04	 1.960784E-03	
  .0007204	-9.803922E-04	 1.960784E-03	
  .0007208	 9.803922E-04	-1.960784E-03	
  .0007212	 9.803922E-04	-1.960784E-03	
  .0007216	 2.941177E-03	-1.960784E-03	
  .000722	-9.803922E-04	-1.960784E-03	
  .0007224	 9.803922E-04	-1.960784E-03	
  .0007228	-9.803922E-04	-1.960784E-03	
  .0007232	-9.803922E-04	-1.960784E-03	
  .0007236	 9.803922E-04	-1.960784E-03	
  .000724	 9.803922E-04	-1.960784E-03	
  .0007244	-9.803922E-04	-5.882353E-03	
  .0007248	-9.803922E-04	-5.882353E-03	
  .0007252	-9.803922E-04	-1.960784E-03	
  .0007256	-9.803922E-04	-5.882353E-03	
  .000726	 9.803922E-04	-9.803922E-03	
  .0007264	 9.803922E-04	-1.960784E-03	
  .0007268	 9.803922E-04	-5.882353E-03	
  .0007272	 9.803922E-04	-5.882353E-03	
  .0007276	 9.803922E-04	-5.882353E-03	
  .000728	-9.803922E-04	-5.882353E-03	
  .0007284	 2.941177E-03	-5.882353E-03	
  .0007288	 2.941177E-03	-5.882353E-03	
  .0007292	 9.803922E-04	-5.882353E-03	
  .0007296	 2.941177E-03	-5.882353E-03	
  .00073	-9.803922E-04	-5.882353E-03	
  .0007304	 9.803922E-04	-5.882353E-03	
  .0007308	 9.803922E-04	-5.882353E-03	
  .0007312	 9.803922E-04	-9.803922E-03	
  .0007316	 2.941177E-03	-1.960784E-03	
  .000732	 9.803922E-04	-5.882353E-03	
  .0007324	 9.803922E-04	-9.803922E-03	
  .0007328	 2.941177E-03	-1.960784E-03	
  .0007332	 4.901961E-03	-9.803922E-03	
  .0007336	 4.901961E-03	-5.882353E-03	
  .000734	 2.941177E-03	-5.882353E-03	
  .0007344	 9.803922E-04	-9.803922E-03	
  .0007348	 9.803922E-04	-5.882353E-03	
  .0007352	 2.941177E-03	-9.803922E-03	
  .0007356	 2.941177E-03	-9.803922E-03	
  .000736	 4.901961E-03	-9.803922E-03	
  .0007364	 6.862745E-03	-5.882353E-03	
  .0007368	 2.941177E-03	-5.882353E-03	
  .0007372	 4.901961E-03	-9.803922E-03	
  .0007376	 4.901961E-03	-1.372549E-02	
  .000738	 2.941177E-03	-1.372549E-02	
  .0007384	 4.901961E-03	-9.803922E-03	
  .0007388	 4.901961E-03	-1.372549E-02	
  .0007392	 9.803922E-04	-1.372549E-02	
  .0007396	 4.901961E-03	-9.803922E-03	
  .00074	 6.862745E-03	-9.803922E-03	
  .0007404	 6.862745E-03	-9.803922E-03	
  .0007408	 2.941177E-03	-9.803922E-03	
  .0007412	 4.901961E-03	-1.372549E-02	
  .0007416	 4.901961E-03	-1.960784E-03	
  .000742	 6.862745E-03	-9.803922E-03	
  .0007424	 4.901961E-03	-1.372549E-02	
  .0007428	 4.901961E-03	-9.803922E-03	
  .0007432	 4.901961E-03	-9.803922E-03	
  .0007436	 6.862745E-03	-9.803922E-03	
  .000744	 4.901961E-03	-9.803922E-03	
  .0007444	 4.901961E-03	-1.372549E-02	
  .0007448	 8.82353E-03	-9.803922E-03	
  .0007452	 8.82353E-03	-1.372549E-02	
  .0007456	 4.901961E-03	-1.372549E-02	
  .000746	 4.901961E-03	-9.803922E-03	
  .0007464	 6.862745E-03	-9.803922E-03	
  .0007468	 2.941177E-03	-1.372549E-02	
  .0007472	 8.82353E-03	-1.372549E-02	
  .0007476	 4.901961E-03	-1.372549E-02	
  .000748	 4.901961E-03	-1.372549E-02	
  .0007484	 2.941177E-03	-9.803922E-03	
  .0007488	 8.82353E-03	-1.372549E-02	
  .0007492	 4.901961E-03	-9.803922E-03	
  .0007496	 8.82353E-03	-9.803922E-03	
  .00075	 6.862745E-03	-9.803922E-03	
  .0007504	 2.941177E-03	-5.882353E-03	
  .0007508	 4.901961E-03	-9.803922E-03	
  .0007512	 6.862745E-03	-9.803922E-03	
  .0007516	 4.901961E-03	-9.803922E-03	
  .000752	 6.862745E-03	-9.803922E-03	
  .0007524	 4.901961E-03	-1.372549E-02	
  .0007528	 6.862745E-03	-5.882353E-03	
  .0007532	 2.941177E-03	-1.372549E-02	
  .0007536	 8.82353E-03	-9.803922E-03	
  .000754	 6.862745E-03	-9.803922E-03	
  .0007544	 4.901961E-03	-5.882353E-03	
  .0007548	 8.82353E-03	-1.372549E-02	
  .0007552	 6.862745E-03	-5.882353E-03	
  .0007556	 8.82353E-03	-1.372549E-02	
  .000756	 6.862745E-03	-9.803922E-03	
  .0007564	 6.862745E-03	-9.803922E-03	
  .0007568	 6.862745E-03	-5.882353E-03	
  .0007572	 6.862745E-03	-9.803922E-03	
  .0007576	 4.901961E-03	-9.803922E-03	
  .000758	 6.862745E-03	-9.803922E-03	
  .0007584	 4.901961E-03	-5.882353E-03	
  .0007588	 2.941177E-03	-9.803922E-03	
  .0007592	 4.901961E-03	-5.882353E-03	
  .0007596	 4.901961E-03	-9.803922E-03	
  .00076	 6.862745E-03	-5.882353E-03	
  .0007604	 6.862745E-03	-5.882353E-03	
  .0007608	 4.901961E-03	-9.803922E-03	
  .0007612	 8.82353E-03	-5.882353E-03	
  .0007616	 4.901961E-03	-5.882353E-03	
  .000762	 4.901961E-03	-5.882353E-03	
  .0007624	 2.941177E-03	-9.803922E-03	
  .0007628	 4.901961E-03	-5.882353E-03	
  .0007632	 6.862745E-03	-5.882353E-03	
  .0007636	 4.901961E-03	-5.882353E-03	
  .000764	 4.901961E-03	-5.882353E-03	
  .0007644	 4.901961E-03	-1.960784E-03	
  .0007648	 4.901961E-03	-1.960784E-03	
  .0007652	 2.941177E-03	-1.960784E-03	
  .0007656	 4.901961E-03	-5.882353E-03	
  .000766	 4.901961E-03	-1.960784E-03	
  .0007664	 6.862745E-03	-5.882353E-03	
  .0007668	 6.862745E-03	-5.882353E-03	
  .0007672	 2.941177E-03	-1.960784E-03	
  .0007676	 2.941177E-03	-1.960784E-03	
  .000768	 4.901961E-03	-1.960784E-03	
  .0007684	 4.901961E-03	-1.960784E-03	
  .0007688	 2.941177E-03	-1.960784E-03	
  .0007692	 2.941177E-03	-1.960784E-03	
  .0007696	 2.941177E-03	-1.960784E-03	
  .00077	 2.941177E-03	-9.803922E-03	
  .0007704	 4.901961E-03	-1.960784E-03	
  .0007708	 2.941177E-03	-1.960784E-03	
  .0007712	 2.941177E-03	 1.960784E-03	
  .0007716	 2.941177E-03	-1.960784E-03	
  .000772	 2.941177E-03	-1.960784E-03	
  .0007724	 2.941177E-03	 1.960784E-03	
  .0007728	 6.862745E-03	-1.960784E-03	
  .0007732	 4.901961E-03	 1.960784E-03	
  .0007736	 4.901961E-03	 1.960784E-03	
  .000774	 2.941177E-03	 1.960784E-03	
  .0007744	 2.941177E-03	 1.960784E-03	
  .0007748	 4.901961E-03	-1.960784E-03	
  .0007752	 9.803922E-04	 5.882353E-03	
  .0007756	 9.803922E-04	-1.960784E-03	
  .000776	 6.862745E-03	 1.960784E-03	
  .0007764	 9.803922E-04	 5.882353E-03	
  .0007768	 2.941177E-03	 1.960784E-03	
  .0007772	 2.941177E-03	-1.960784E-03	
  .0007776	 9.803922E-04	-1.960784E-03	
  .000778	 2.941177E-03	 1.960784E-03	
  .0007784	 2.941177E-03	 1.960784E-03	
  .0007788	 9.803922E-04	-1.960784E-03	
  .0007792	 2.941177E-03	 1.960784E-03	
  .0007796	 2.941177E-03	 1.960784E-03	
  .00078	 2.941177E-03	 1.960784E-03	
  .0007804	 9.803922E-04	 5.882353E-03	
  .0007808	 9.803922E-04	 5.882353E-03	
  .0007812	 2.941177E-03	 9.803922E-03	
  .0007816	 2.941177E-03	 1.960784E-03	
  .000782	 9.803922E-04	 5.882353E-03	
  .0007824	-9.803922E-04	 5.882353E-03	
  .0007828	 9.803922E-04	 9.803922E-03	
  .0007832	 9.803922E-04	 5.882353E-03	
  .0007836	 9.803922E-04	 5.882353E-03	
  .000784	 2.941177E-03	 5.882353E-03	
  .0007844	 2.941177E-03	 5.882353E-03	
  .0007848	-9.803922E-04	 1.960784E-03	
  .0007852	 2.941177E-03	 1.960784E-03	
  .0007856	-9.803922E-04	 9.803922E-03	
  .000786	 2.941177E-03	 9.803922E-03	
  .0007864	-9.803922E-04	 5.882353E-03	
  .0007868	-9.803922E-04	 9.803922E-03	
  .0007872	 9.803922E-04	 5.882353E-03	
  .0007876	 9.803922E-04	 9.803922E-03	
  .000788	 9.803922E-04	 5.882353E-03	
  .0007884	-9.803922E-04	 5.882353E-03	
  .0007888	-9.803922E-04	 9.803922E-03	
  .0007892	 9.803922E-04	 9.803922E-03	
  .0007896	 2.941177E-03	 5.882353E-03	
  .00079	 9.803922E-04	 9.803922E-03	
  .0007904	-9.803922E-04	 5.882353E-03	
  .0007908	-9.803922E-04	 9.803922E-03	
  .0007912	-9.803922E-04	 9.803922E-03	
  .0007916	 9.803922E-04	 5.882353E-03	
  .000792	-9.803922E-04	 5.882353E-03	
  .0007924	-2.941177E-03	 9.803922E-03	
  .0007928	 9.803922E-04	 9.803922E-03	
  .0007932	 9.803922E-04	 1.960784E-03	
  .0007936	-2.941177E-03	 5.882353E-03	
  .000794	-2.941177E-03	 9.803922E-03	
  .0007944	 9.803922E-04	 5.882353E-03	
  .0007948	 9.803922E-04	 1.372549E-02	
  .0007952	-9.803922E-04	 9.803922E-03	
  .0007956	-2.941177E-03	 1.372549E-02	
  .000796	-9.803922E-04	 9.803922E-03	
  .0007964	 9.803922E-04	 1.372549E-02	
  .0007968	-9.803922E-04	 5.882353E-03	
  .0007972	-9.803922E-04	 9.803922E-03	
  .0007976	 9.803922E-04	 9.803922E-03	
  .000798	-9.803922E-04	 9.803922E-03	
  .0007984	-9.803922E-04	 9.803922E-03	
  .0007988	-2.941177E-03	 1.372549E-02	
  .0007992	-9.803922E-04	 5.882353E-03	
  .0007996	-2.941177E-03	 1.372549E-02	
  .0008	-9.803922E-04	 9.803922E-03	
  .0008004	-9.803922E-04	 9.803922E-03	
  .0008008	-9.803922E-04	 9.803922E-03	
  .0008012	-9.803922E-04	 1.372549E-02	
  .0008016	-9.803922E-04	 9.803922E-03	
  .000802	-2.941177E-03	 9.803922E-03	
  .0008024	-9.803922E-04	 1.372549E-02	
  .0008028	-9.803922E-04	 9.803922E-03	
  .0008032	-9.803922E-04	 9.803922E-03	
  .0008036	-4.901961E-03	 5.882353E-03	
  .000804	-2.941177E-03	 9.803922E-03	
  .0008044	-2.941177E-03	 9.803922E-03	
  .0008048	-2.941177E-03	 9.803922E-03	
  .0008052	-9.803922E-04	 9.803922E-03	
  .0008056	-2.941177E-03	 1.372549E-02	
  .000806	-9.803922E-04	 9.803922E-03	
  .0008064	-4.901961E-03	 9.803922E-03	
  .0008068	-2.941177E-03	 9.803922E-03	
  .0008072	-2.941177E-03	 1.372549E-02	
  .0008076	-2.941177E-03	 1.372549E-02	
  .000808	-2.941177E-03	 5.882353E-03	
  .0008084	-2.941177E-03	 1.372549E-02	
  .0008088	-2.941177E-03	 9.803922E-03	
  .0008092	-2.941177E-03	 9.803922E-03	
  .0008096	-2.941177E-03	 1.960784E-03	
  .00081	-2.941177E-03	 9.803922E-03	
  .0008104	-4.901961E-03	 5.882353E-03	
  .0008108	-4.901961E-03	 1.372549E-02	
  .0008112	-4.901961E-03	 9.803922E-03	
  .0008116	-4.901961E-03	 9.803922E-03	
  .000812	-4.901961E-03	 1.372549E-02	
  .0008124	-9.803922E-04	 9.803922E-03	
  .0008128	-9.803922E-04	 9.803922E-03	
  .0008132	-9.803922E-04	 1.372549E-02	
  .0008136	-9.803922E-04	 5.882353E-03	
  .000814	-2.941177E-03	 1.372549E-02	
  .0008144	-2.941177E-03	 5.882353E-03	
  .0008148	-2.941177E-03	 9.803922E-03	
  .0008152	-4.901961E-03	 9.803922E-03	
  .0008156	 9.803922E-04	 9.803922E-03	
  .000816	-2.941177E-03	 9.803922E-03	
  .0008164	-9.803922E-04	 5.882353E-03	
  .0008168	-9.803922E-04	 9.803922E-03	
  .0008172	-9.803922E-04	 5.882353E-03	
  .0008176	-2.941177E-03	 1.372549E-02	
  .000818	-2.941177E-03	 9.803922E-03	
  .0008184	-2.941177E-03	 1.960784E-03	
  .0008188	-2.941177E-03	 9.803922E-03	
  .0008192	-9.803922E-04	 9.803922E-03	
  .0008196	-9.803922E-04	 5.882353E-03	
  .00082	-2.941177E-03	 5.882353E-03	
  .0008204	-2.941177E-03	 9.803922E-03	
  .0008208	-9.803922E-04	 9.803922E-03	
  .0008212	-9.803922E-04	 5.882353E-03	
  .0008216	-2.941177E-03	 5.882353E-03	
  .000822	-2.941177E-03	 5.882353E-03	
  .0008224	-9.803922E-04	 9.803922E-03	
  .0008228	-9.803922E-04	 5.882353E-03	
  .0008232	-4.901961E-03	 9.803922E-03	
  .0008236	-2.941177E-03	 5.882353E-03	
  .000824	 2.941177E-03	 1.372549E-02	
  .0008244	-2.941177E-03	 5.882353E-03	
  .0008248	-2.941177E-03	 1.960784E-03	
  .0008252	-9.803922E-04	 5.882353E-03	
  .0008256	-9.803922E-04	 5.882353E-03	
  .000826	-9.803922E-04	 5.882353E-03	
  .0008264	-9.803922E-04	 1.960784E-03	
  .0008268	-2.941177E-03	 5.882353E-03	
  .0008272	 9.803922E-04	 5.882353E-03	
  .0008276	-2.941177E-03	 9.803922E-03	
  .000828	-2.941177E-03	 5.882353E-03	
  .0008284	-9.803922E-04	 5.882353E-03	
  .0008288	-9.803922E-04	 1.960784E-03	
  .0008292	-2.941177E-03	 1.960784E-03	
  .0008296	-9.803922E-04	 9.803922E-03	
  .00083	-9.803922E-04	 1.960784E-03	
  .0008304	-9.803922E-04	 5.882353E-03	
  .0008308	-4.901961E-03	 5.882353E-03	
  .0008312	 9.803922E-04	 1.960784E-03	
  .0008316	-9.803922E-04	-1.960784E-03	
  .000832	-9.803922E-04	 5.882353E-03	
  .0008324	 9.803922E-04	-1.960784E-03	
  .0008328	 2.941177E-03	 1.960784E-03	
  .0008332	-2.941177E-03	-1.960784E-03	
  .0008336	-2.941177E-03	 1.960784E-03	
  .000834	 9.803922E-04	-1.960784E-03	
  .0008344	 9.803922E-04	 9.803922E-03	
  .0008348	 2.941177E-03	 1.960784E-03	
  .0008352	-9.803922E-04	 1.960784E-03	
  .0008356	 2.941177E-03	 1.960784E-03	
  .000836	 9.803922E-04	 1.960784E-03	
  .0008364	 2.941177E-03	-1.960784E-03	
  .0008368	 9.803922E-04	 1.960784E-03	
  .0008372	-9.803922E-04	-1.960784E-03	
  .0008376	 2.941177E-03	-1.960784E-03	
  .000838	-9.803922E-04	 1.960784E-03	
  .0008384	 9.803922E-04	 1.960784E-03	
  .0008388	 9.803922E-04	-1.960784E-03	
  .0008392	 9.803922E-04	 1.960784E-03	
  .0008396	 9.803922E-04	-1.960784E-03	
  .00084	 2.941177E-03	 1.960784E-03	
  .0008404	 4.901961E-03	-1.960784E-03	
  .0008408	 9.803922E-04	 1.960784E-03	
  .0008412	 9.803922E-04	-1.960784E-03	
  .0008416	 9.803922E-04	-1.960784E-03	
  .000842	 9.803922E-04	-1.960784E-03	
  .0008424	 9.803922E-04	-1.960784E-03	
  .0008428	 4.901961E-03	-1.960784E-03	
  .0008432	 9.803922E-04	-5.882353E-03	
  .0008436	 9.803922E-04	 1.960784E-03	
  .000844	 9.803922E-04	-1.960784E-03	
  .0008444	 9.803922E-04	-5.882353E-03	
  .0008448	 2.941177E-03	-1.960784E-03	
  .0008452	 4.901961E-03	 1.960784E-03	
  .0008456	 9.803922E-04	-1.960784E-03	
  .000846	 2.941177E-03	-5.882353E-03	
  .0008464	-9.803922E-04	-1.960784E-03	
  .0008468	-9.803922E-04	-5.882353E-03	
  .0008472	 2.941177E-03	-1.960784E-03	
  .0008476	 2.941177E-03	-5.882353E-03	
  .000848	 2.941177E-03	-5.882353E-03	
  .0008484	 2.941177E-03	-5.882353E-03	
  .0008488	 2.941177E-03	-5.882353E-03	
  .0008492	 2.941177E-03	-1.960784E-03	
  .0008496	 4.901961E-03	-1.960784E-03	
  .00085	 2.941177E-03	-5.882353E-03	
  .0008504	 9.803922E-04	-1.960784E-03	
  .0008508	 2.941177E-03	-1.960784E-03	
  .0008512	 9.803922E-04	-1.960784E-03	
  .0008516	 9.803922E-04	-1.960784E-03	
  .000852	 2.941177E-03	-5.882353E-03	
  .0008524	 2.941177E-03	-1.960784E-03	
  .0008528	 4.901961E-03	-1.960784E-03	
  .0008532	 9.803922E-04	-5.882353E-03	
  .0008536	 9.803922E-04	-5.882353E-03	
  .000854	 4.901961E-03	-5.882353E-03	
  .0008544	 2.941177E-03	-1.960784E-03	
  .0008548	 2.941177E-03	-1.960784E-03	
  .0008552	 4.901961E-03	-1.960784E-03	
  .0008556	 9.803922E-04	-1.960784E-03	
  .000856	 4.901961E-03	-5.882353E-03	
  .0008564	 4.901961E-03	-5.882353E-03	
  .0008568	 2.941177E-03	-9.803922E-03	
  .0008572	 9.803922E-04	-5.882353E-03	
  .0008576	 9.803922E-04	-9.803922E-03	
  .000858	 2.941177E-03	-5.882353E-03	
  .0008584	 2.941177E-03	-5.882353E-03	
  .0008588	 2.941177E-03	-5.882353E-03	
  .0008592	 6.862745E-03	-5.882353E-03	
  .0008596	 2.941177E-03	-5.882353E-03	
  .00086	 2.941177E-03	-1.960784E-03	
  .0008604	 4.901961E-03	 1.960784E-03	
  .0008608	 2.941177E-03	-5.882353E-03	
  .0008612	 2.941177E-03	-9.803922E-03	
  .0008616	 2.941177E-03	-1.960784E-03	
  .000862	 2.941177E-03	-1.960784E-03	
  .0008624	 2.941177E-03	-5.882353E-03	
  .0008628	 2.941177E-03	-5.882353E-03	
  .0008632	 2.941177E-03	-5.882353E-03	
  .0008636	 6.862745E-03	 1.960784E-03	
  .000864	 4.901961E-03	-1.960784E-03	
  .0008644	 4.901961E-03	-5.882353E-03	
  .0008648	 2.941177E-03	-1.960784E-03	
  .0008652	 4.901961E-03	-5.882353E-03	
  .0008656	 9.803922E-04	-5.882353E-03	
  .000866	 4.901961E-03	-9.803922E-03	
  .0008664	 2.941177E-03	-5.882353E-03	
  .0008668	 9.803922E-04	-9.803922E-03	
  .0008672	 2.941177E-03	-5.882353E-03	
  .0008676	 2.941177E-03	-1.960784E-03	
  .000868	 9.803922E-04	-1.960784E-03	
  .0008684	 4.901961E-03	-1.960784E-03	
  .0008688	 4.901961E-03	-9.803922E-03	
  .0008692	 2.941177E-03	-1.960784E-03	
  .0008696	 4.901961E-03	-5.882353E-03	
  .00087	 4.901961E-03	-5.882353E-03	
  .0008704	 2.941177E-03	-1.960784E-03	
  .0008708	 4.901961E-03	-5.882353E-03	
  .0008712	 4.901961E-03	-1.960784E-03	
  .0008716	 2.941177E-03	-1.960784E-03	
  .000872	 4.901961E-03	-1.960784E-03	
  .0008724	 4.901961E-03	-5.882353E-03	
  .0008728	 2.941177E-03	-5.882353E-03	
  .0008732	 9.803922E-04	-1.960784E-03	
  .0008736	 6.862745E-03	-5.882353E-03	
  .000874	 6.862745E-03	 1.960784E-03	
  .0008744	 2.941177E-03	-5.882353E-03	
  .0008748	 4.901961E-03	-1.960784E-03	
  .0008752	 6.862745E-03	-1.960784E-03	
  .0008756	 4.901961E-03	 1.960784E-03	
  .000876	 2.941177E-03	-5.882353E-03	
  .0008764	 2.941177E-03	-5.882353E-03	
  .0008768	 4.901961E-03	-1.960784E-03	
  .0008772	 4.901961E-03	-5.882353E-03	
  .0008776	 9.803922E-04	-1.960784E-03	
  .000878	 2.941177E-03	-1.960784E-03	
  .0008784	 4.901961E-03	-1.960784E-03	
  .0008788	 2.941177E-03	 1.960784E-03	
  .0008792	 4.901961E-03	 1.960784E-03	
  .0008796	 2.941177E-03	-9.803922E-03	
  .00088	 4.901961E-03	-5.882353E-03	
  .0008804	 2.941177E-03	 1.960784E-03	
  .0008808	 9.803922E-04	-1.960784E-03	
  .0008812	 2.941177E-03	-5.882353E-03	
  .0008816	 4.901961E-03	-1.960784E-03	
  .000882	 2.941177E-03	 1.960784E-03	
  .0008824	 4.901961E-03	-1.960784E-03	
  .0008828	 9.803922E-04	-5.882353E-03	
  .0008832	 2.941177E-03	-1.960784E-03	
  .0008836	 2.941177E-03	 1.960784E-03	
  .000884	 2.941177E-03	-1.960784E-03	
  .0008844	 2.941177E-03	-1.960784E-03	
  .0008848	 2.941177E-03	 1.960784E-03	
  .0008852	 2.941177E-03	-1.960784E-03	
  .0008856	 2.941177E-03	-1.960784E-03	
  .000886	 9.803922E-04	-1.960784E-03	
  .0008864	 2.941177E-03	-1.960784E-03	
  .0008868	 2.941177E-03	 1.960784E-03	
  .0008872	 2.941177E-03	-1.960784E-03	
  .0008876	 9.803922E-04	 1.960784E-03	
  .000888	 2.941177E-03	-1.960784E-03	
  .0008884	 2.941177E-03	 1.960784E-03	
  .0008888	 2.941177E-03	-1.960784E-03	
  .0008892	 9.803922E-04	 1.960784E-03	
  .0008896	 9.803922E-04	-1.960784E-03	
  .00089	 9.803922E-04	 1.960784E-03	
  .0008904	 9.803922E-04	 1.960784E-03	
  .0008908	-9.803922E-04	 1.960784E-03	
  .0008912	 2.941177E-03	-1.960784E-03	
  .0008916	 9.803922E-04	-1.960784E-03	
  .000892	 4.901961E-03	 1.960784E-03	
  .0008924	 2.941177E-03	 1.960784E-03	
  .0008928	 2.941177E-03	 1.960784E-03	
  .0008932	 9.803922E-04	-1.960784E-03	
  .0008936	 2.941177E-03	-1.960784E-03	
  .000894	 9.803922E-04	 1.960784E-03	
  .0008944	 9.803922E-04	-1.960784E-03	
  .0008948	 9.803922E-04	 1.960784E-03	
  .0008952	-9.803922E-04	 1.960784E-03	
  .0008956	 9.803922E-04	 1.960784E-03	
  .000896	 9.803922E-04	 1.960784E-03	
  .0008964	 9.803922E-04	-1.960784E-03	
  .0008968	-9.803922E-04	 1.960784E-03	
  .0008972	 2.941177E-03	 1.960784E-03	
  .0008976	-9.803922E-04	 1.960784E-03	
  .000898	-9.803922E-04	 1.960784E-03	
  .0008984	 9.803922E-04	 5.882353E-03	
  .0008988	 2.941177E-03	-1.960784E-03	
  .0008992	-9.803922E-04	 5.882353E-03	
  .0008996	 9.803922E-04	 5.882353E-03	
  .0009	 9.803922E-04	 9.803922E-03	
